0.000000 0.000000
0.041523 0.05
0.096000 2.66
0.161002 2.66
0.230999 2.66
0.289872 2.66
0.364272 2.66
0.433263 2.66
0.507152 2.66
0.581274 2.66
0.655149 2.66
0.702539 2.66
0.757011 2.66
0.822038 2.66
0.883154 2.66
0.953637 4.34
1.004007 4.34
1.062880 4.34
1.126879 4.34
1.195753 4.34
1.241520 4.34
1.310130 4.34
1.368551 4.34
1.423043 4.34
1.488012 4.68
1.552527 4.68
1.618285 4.34
1.687133 4.34
1.761158 4.68
1.825272 4.68
1.893884 4.68
1.962525 4.68
2.031401 4.68
2.100277 4.34
2.164277 4.68
2.238137 4.68
2.312137 4.34
2.386403 4.34
2.450139 4.34
2.524139 4.34
2.598292 4.34
2.667291 4.34
2.737657 4.34
2.796291 4.34
2.861642 4.34
2.920023 4.34
2.978408 4.34
3.042026 4.34
3.102170 4.34
3.166027 4.34
3.226410 4.34
3.290028 4.34
3.350410 4.34
3.419296 4.34
3.483025 4.34
3.545025 4.34
3.605539 4.34
3.669175 4.34
3.738028 4.34
3.798540 4.34
3.862031 4.68
3.931038 4.68
4.000030 4.34
4.069177 4.34
4.138179 4.34
4.207031 4.34
4.276542 4.68
4.340032 4.34
4.409032 4.34
4.478032 4.34
4.547033 4.34
4.616181 4.34
4.685033 4.34
4.754034 4.34
4.812408 4.34
4.881034 4.34
4.939408 4.34
5.008033 4.34
5.066409 4.34
5.135035 4.34
5.193409 4.34
5.262036 4.34
5.320410 4.34
5.389036 4.34
5.449038 4.34
5.509038 4.34
5.569038 4.34
5.629039 4.34
5.689040 4.34
5.749040 4.34
5.809040 4.34
5.869042 4.34
5.929041 4.34
5.982291 4.34
6.050916 4.34
6.109292 4.34
6.177917 4.34
6.232918 4.34
6.284044 4.34
6.347544 4.34
6.405919 4.34
6.460920 4.34
6.508170 4.34
6.558795 4.34
6.622295 4.34
6.685921 4.34
6.733172 4.34
6.783797 4.34
6.847298 4.34
6.915923 4.34
6.974299 4.34
7.042924 4.34
7.101300 4.34
7.169925 4.34
7.228301 4.34
7.296926 4.34
7.355303 4.34
7.423928 4.34
7.482303 4.34
7.550928 4.34
7.609303 4.34
7.672929 4.34
7.731305 4.34
7.799930 4.34
7.858306 4.34
7.926931 4.34
7.985307 4.34
8.053932 4.34
8.112308 4.34
8.180933 4.34
8.241060 4.34
8.295935 4.34
8.354311 4.34
8.422935 4.34
8.482936 4.34
8.542937 4.34
8.602938 4.34
8.662938 4.34
8.722939 4.34
8.782939 4.34
8.842940 4.34
8.901439 4.34
8.964939 4.34
9.024566 4.34
9.075942 4.34
9.129191 4.34
9.197816 4.34
9.245068 4.34
9.303443 4.34
9.361817 4.34
9.416818 4.34
9.464069 4.34
9.514694 4.34
9.578195 4.34
9.646820 4.34
9.705196 4.34
9.773821 4.34
9.832198 4.34
9.900822 4.34
9.959200 4.34
10.027824 4.34
10.091449 4.34
10.149825 4.34
10.208200 4.34
10.276825 4.34
10.335201 4.34
10.403826 4.34
10.462202 4.34
10.530827 4.34
10.589204 4.34
10.657828 4.34
10.721453 4.34
10.779830 4.34
10.838204 4.34
10.906830 4.34
10.965205 4.34
11.033831 4.34
11.093958 4.34
11.148833 4.34
11.207208 4.34
11.275834 4.34
11.335835 4.34
11.395835 4.34
11.455836 4.34
11.510836 4.34
11.570837 4.34
11.630837 4.34
11.685838 4.34
11.745838 4.34
11.809338 4.34
11.867713 4.34
11.918838 4.34
11.982339 4.34
12.040714 4.34
12.091840 4.34
12.146340 4.34
12.204716 4.34
12.251966 4.34
12.302591 4.34
12.366093 4.34
12.434718 4.34
12.493094 4.34
12.561718 4.34
12.620095 4.34
12.688720 4.34
12.747096 4.34
12.815721 4.34
12.871596 4.34
12.935098 4.34
13.003722 4.34
13.062098 4.34
13.130724 4.34
13.199474 4.34
13.268100 4.34
13.336725 4.34
13.395101 4.34
13.463726 4.34
13.522102 4.34
13.590727 4.34
13.649103 4.34
13.717728 4.34
13.776104 4.34
13.844729 4.34
13.913480 4.34
13.983731 4.34
14.043731 4.34
14.103733 4.34
14.163732 4.34
14.223733 4.34
14.283734 4.34
14.343734 4.34
14.403735 4.34
14.463735 4.34
14.523735 4.34
14.583736 4.34
14.636985 4.34
14.705611 4.34
14.760611 4.34
14.815612 4.34
14.862862 4.34
14.921237 4.34
14.979613 4.34
15.026864 4.34
15.077489 4.34
15.140989 4.34
15.209615 4.34
15.267990 4.34
15.336616 4.34
15.394991 4.34
15.463617 4.34
15.519492 4.34
15.582993 4.34
15.651618 4.34
15.707494 4.34
15.770995 4.34
15.839620 4.34
15.897996 4.34
15.966621 4.34
16.024996 4.34
16.093622 4.34
16.162373 4.34
16.230998 4.34
16.299623 4.34
16.357999 4.34
16.426625 4.34
16.485000 4.34
16.553626 4.34
16.612001 4.34
16.680627 4.34
16.740628 4.34
16.799002 4.34
16.867628 4.34
16.927630 4.34
16.986004 4.34
17.054630 4.34
17.114632 4.34
17.174633 4.34
17.234633 4.34
17.287882 4.34
17.356507 4.34
17.411508 4.34
17.466509 4.34
17.521509 4.34
17.576509 4.34
17.631509 4.34
17.686509 4.34
17.741510 4.34
17.799886 4.34
17.868511 4.34
17.915761 4.34
17.965137 4.34
18.023512 4.34
18.070763 4.34
18.121388 4.34
18.184889 4.34
18.253514 4.34
18.311889 4.34
18.380515 4.34
18.438891 4.34
18.507517 4.34
18.565892 4.34
18.634518 4.34
18.716644 4.34
18.788769 4.34
18.857646 4.34
18.931646 4.34
19.000537 4.34
19.069538 4.34
19.133647 4.34
19.197539 4.34
19.261648 4.34
19.325541 4.34
19.403176 4.34
19.473677 4.34
19.532540 4.34
19.596541 4.34
19.660542 4.34
19.724653 4.34
19.783543 4.34
19.847541 4.34
19.911544 4.34
19.975655 4.34
20.039404 4.34
20.094404 4.34
20.154532 4.34
20.218657 4.34
20.277422 4.34
20.324657 4.34
20.383032 4.34
20.441407 4.34
20.492533 4.34
20.556036 4.34
20.624783 4.34
20.693410 4.34
20.744535 4.34
20.800285 4.34
20.863785 4.34
20.927411 4.34
20.985786 4.34
21.054413 4.34
21.112787 4.34
21.181413 4.34
21.239788 4.34
21.308414 4.34
21.366789 4.34
21.435415 4.34
21.504041 4.34
21.562541 4.34
21.618291 4.34
21.681792 4.34
21.750418 4.34
21.808793 4.34
21.872419 4.34
21.930793 4.34
21.999420 4.34
22.057795 4.34
22.126420 4.34
22.184796 4.34
22.253421 4.34
22.311797 4.34
22.380422 4.34
22.440424 4.34
22.504049 4.34
22.555425 4.34
22.615425 4.34
22.679050 4.34
22.730426 4.34
22.790426 4.34
22.848927 4.34
22.912426 4.34
22.972428 4.34
23.036054 4.34
23.104678 4.34
23.173304 4.34
23.224429 4.34
23.287929 4.34
23.346306 4.34
23.401306 4.34
23.459681 4.34
23.528306 4.34
23.575557 4.34
23.626184 4.34
23.689683 4.34
23.758308 4.34
23.816684 4.34
23.885309 4.34
23.943685 4.34
24.012310 4.34
24.070686 4.34
24.139311 4.34
24.197687 4.34
24.266312 4.34
24.324688 4.34
24.393314 4.34
24.451689 4.34
24.520315 4.34
24.578690 4.34
24.647316 4.34
24.705690 4.34
24.774317 4.34
24.832692 4.34
24.901318 4.34
24.959693 4.34
25.028318 4.34
25.088446 4.34
25.141695 4.34
25.210320 4.34
25.270322 4.34
25.330324 4.34
25.390323 4.68
25.450323 4.68
25.510324 4.34
25.570326 4.34
25.633824 4.34
25.697324 4.34
25.756950 4.34
25.825575 4.34
25.894201 4.34
25.949201 4.34
26.004202 4.68
26.059202 4.34
26.106453 4.34
26.164828 4.34
26.223204 4.34
26.274329 4.34
26.337829 4.34
26.396205 4.34
26.443455 4.34
26.494081 4.34
26.557581 4.34
26.626206 4.34
26.684583 4.34
26.753207 4.34
26.800458 4.34
26.863958 4.34
26.932584 4.34
27.001210 4.34
27.059586 4.34
27.128210 4.34
27.186586 4.34
27.255212 4.34
27.313588 4.34
27.382212 4.34
27.440588 4.34
27.509214 4.34
27.567589 4.34
27.636215 4.34
27.694590 4.34
27.763216 4.34
27.823342 4.34
27.878342 4.34
27.931592 4.34
28.000218 4.34
28.060219 4.34
28.118594 4.34
28.187219 4.34
28.247220 4.34
28.307220 4.34
28.367222 4.34
28.427222 4.34
28.487222 4.34
28.547224 4.34
28.600473 4.34
28.669099 4.34
28.724099 4.34
28.775223 4.34
28.835226 4.34
28.888475 4.34
28.957102 4.34
29.008226 4.68
29.063976 4.34
29.127477 4.34
29.196103 4.34
29.243353 4.34
29.293978 4.34
29.357479 4.34
29.426106 4.68
29.484479 4.34
29.553106 4.34
29.611481 4.34
29.680107 4.34
29.738482 4.34
29.807108 4.34
29.865483 4.34
29.934110 4.34
29.992483 4.34
30.061110 4.34
30.119485 4.34
30.188112 4.34
30.248237 4.34
30.301486 4.34
30.370113 4.34
30.428488 4.34
30.497114 4.34
30.557239 4.34
30.610490 4.34
30.679119 4.34
30.739242 4.34
30.794116 4.34
30.854117 4.34
30.914119 4.34
30.974119 4.34
31.034121 4.34
31.094121 4.34
31.154121 4.34
31.214122 4.34
31.267369 4.34
31.335995 4.34
31.396122 4.34
31.450620 4.34
31.508996 4.34
31.569123 4.34
31.623622 4.34
31.681997 4.34
31.733124 4.34
31.788873 4.34
31.852374 4.34
31.920999 4.34
31.972126 4.34
32.027875 4.34
32.091376 4.34
32.160001 4.34
32.207251 4.34
32.257877 4.34
32.321377 4.34
32.390003 4.34
32.448378 4.34
32.517004 4.34
32.575379 4.34
32.644005 4.34
32.702380 4.34
32.771005 4.34
32.829382 4.34
32.898006 4.34
32.956382 4.34
33.020008 4.34
33.078383 4.34
33.147008 4.34
33.216136 4.34
33.285136 4.34
33.359012 4.34
33.428012 4.34
33.502138 4.34
33.571013 4.34
33.645014 4.34
33.719022 4.34
33.788023 4.34
33.862141 4.34
33.936141 4.34
34.005023 4.34
34.079024 4.34
34.147893 4.34
34.203026 4.34
34.271894 4.34
34.319144 4.34
34.382895 4.34
34.430145 4.34
34.480771 4.34
34.544772 4.34
34.608772 4.34
34.672773 4.34
34.731537 4.34
34.790172 4.34
34.862649 4.34
34.921299 4.34
34.988650 4.34
35.047302 4.34
35.114651 4.34
35.173302 4.34
35.232031 4.34
35.296032 4.34
35.360177 4.34
35.424033 4.34
35.488032 4.34
35.552033 4.34
35.616032 4.34
35.680032 4.34
35.744180 4.34
35.808032 4.34
35.872033 4.34
35.936034 4.34
36.000183 4.34
36.064034 4.34
36.128185 4.34
36.192035 4.34
36.255910 4.34
36.324911 4.34
36.402188 4.34
36.465912 4.34
36.535038 4.34
36.604188 4.34
36.668039 4.34
36.728040 4.34
36.791914 4.34
36.866428 4.34
36.919916 4.34
36.983915 4.34
37.047916 4.34
37.111917 4.34
37.175917 4.34
37.239918 4.34
37.304046 4.34
37.362919 4.34
37.426919 4.34
37.495920 4.34
37.559920 4.34
37.623920 4.34
37.687922 4.34
37.746922 4.34
37.805922 4.34
37.869923 4.34
37.934050 4.34
37.992924 4.34
38.051924 4.34
38.116050 4.34
38.174925 4.34
38.238926 4.34
38.302926 4.34
38.366927 4.34
38.431053 4.34
38.489927 4.34
38.553929 4.34
38.617929 4.34
38.681930 4.34
38.746055 4.34
38.804930 4.34
38.868931 4.34
38.932931 4.34
38.996932 4.34
39.061059 4.34
39.119933 4.34
39.183933 4.34
39.247934 4.34
39.311935 4.34
39.376062 4.34
39.434935 4.34
39.498936 4.34
39.562937 4.34
39.626937 4.34
39.691064 4.34
39.749813 4.34
39.808578 4.34
39.872065 4.34
39.935689 4.34
39.982940 4.34
40.033566 4.34
40.092068 4.34
40.150691 4.34
40.197941 4.34
40.248567 4.34
40.307070 4.34
40.365693 4.34
40.412943 4.34
40.471819 4.34
40.527569 4.34
40.586070 4.34
40.649696 4.34
40.708338 4.34
40.762072 4.34
40.825696 4.34
40.884337 4.34
40.937947 4.34
40.988573 4.34
41.047075 4.34
41.110699 4.34
41.169339 4.34
41.222949 4.34
41.291701 4.34
41.360951 4.34
41.429702 4.34
41.498952 4.34
41.562578 4.34
41.626079 4.34
41.689703 4.34
41.748346 4.34
41.813705 4.34
41.872344 4.34
41.931107 4.34
41.984706 4.34
42.053707 4.34
42.112349 4.34
42.162346 4.34
42.212349 4.34
42.262348 4.34
42.312348 4.34
42.362348 4.34
42.417584 4.34
42.472960 4.34
42.536586 4.34
42.591960 4.34
42.655586 4.34
42.710961 4.34
42.774588 4.34
42.829963 4.34
42.893588 4.34
42.940964 4.34
43.009589 4.34
43.056965 4.34
43.120840 4.34
43.171606 4.34
43.227608 4.34
43.283607 4.34
43.339605 4.34
43.395607 4.34
43.460843 4.34
43.524718 4.34
43.593843 4.34
43.644610 4.34
43.718595 4.34
43.792596 4.34
43.861596 4.34
43.930847 4.34
43.999847 4.34
44.068597 4.34
44.137723 4.34
44.211849 4.34
44.275599 4.34
44.349849 4.34
44.413726 4.34
44.482601 4.34
44.551601 4.34
44.620602 4.34
44.694603 4.34
44.768603 4.34
44.837604 4.34
44.901604 4.34
44.970605 4.34
45.039623 4.34
45.103606 4.34
45.167621 4.34
45.231624 4.34
45.295624 4.34
45.359608 4.34
45.423608 4.34
45.487625 4.34
45.551610 4.34
45.615610 4.34
45.679627 4.34
45.743627 4.34
45.807611 4.34
45.871862 4.34
45.930629 4.34
45.994613 4.34
46.058614 4.34
46.122740 4.34
46.186615 4.34
46.250616 4.34
46.314616 4.34
46.378617 4.34
46.442617 4.34
46.506617 4.34
46.570618 4.34
46.644493 4.34
46.702867 4.34
46.771493 4.34
46.829868 4.34
46.898494 4.34
46.956870 4.34
47.025495 4.34
47.083871 4.34
47.152497 4.34
47.210872 4.34
47.279498 4.34
47.337872 4.34
47.401498 4.34
47.459874 4.34
47.528499 4.34
47.588627 4.34
47.643627 6.01
47.698502 0.05
47.756876 6.36
47.825502 6.36
47.885504 6.36
47.939409 6.36
48.000759 6.36
48.059758 6.36
48.113757 6.36
48.172631 6.68
48.231525 6.68
48.295759 6.68
48.354524 6.68
48.423523 6.68
48.487633 6.68
48.548311 7.02
48.607011 7.02
48.652885 7.02
48.711528 7.02
48.780527 7.02
48.846026 7.02
48.891764 7.02
48.955530 7.02
49.011290 7.37
49.069763 7.37
49.128892 7.37
49.174891 7.37
49.228406 7.37
49.293406 7.37
49.358531 7.69
49.428190 7.69
49.497408 7.69
49.571410 7.69
49.645533 7.69
49.710194 7.69
49.780027 7.69
49.849539 7.69
49.918770 8.03
49.983211 8.03
50.042031 8.03
50.106027 8.03
50.175538 8.03
50.239648 8.35
50.298542 8.35
50.362649 8.35
50.421650 8.35
50.480650 8.35
50.539650 8.35
50.594204 8.35
50.664037 8.70
50.733653 8.70
50.792652 8.70
50.851659 8.70
50.921034 8.70
50.985032 8.70
51.044031 8.70
51.108031 9.04
51.168665 8.70
51.228304 9.04
51.288784 9.04
51.342783 9.04
51.396547 9.04
51.460662 9.04
51.519785 9.04
51.569785 9.36
51.633313 9.36
51.698552 9.36
51.773041 9.36
51.838555 9.36
51.902550 9.36
51.961662 9.71
52.022301 9.71
52.087061 9.71
52.153052 9.71
52.218915 9.71
52.264556 9.71
52.323677 9.71
52.387915 10.03
52.454313 10.03
52.520930 10.03
52.591218 9.71
52.652676 10.03
52.707338 10.03
52.773796 10.03
52.828173 10.03
52.887679 10.03
52.942226 10.03
53.003684 10.03
53.058094 10.03
53.117677 10.03
53.177301 10.03
53.247197 10.03
53.313444 10.03
53.373675 10.03
53.428091 10.03
53.487677 10.03
53.552109 10.03
53.617105 10.03
53.681437 10.03
53.739928 10.03
53.805176 10.03
53.860571 10.03
53.910554 10.03
53.965555 10.03
54.026095 10.03
54.085808 10.03
54.140806 10.03
54.199179 10.03
54.246570 10.03
54.305572 10.03
54.365935 10.03
54.426314 10.03
54.482087 10.03
54.533058 10.03
54.591557 10.03
54.646557 10.03
54.710559 10.03
54.769313 10.03
54.833565 10.03
54.888578 10.03
54.957187 10.03
55.025937 10.03
55.095562 10.03
55.159452 10.03
55.228335 10.03
55.297563 9.71
55.361564 10.03
55.425439 10.03
55.489333 10.03
55.563190 10.03
55.623317 10.03
55.688823 10.03
55.757816 10.03
55.817942 10.03
55.886568 10.03
55.955194 10.03
56.024098 10.03
56.089445 10.03
56.154570 10.03
56.223195 10.03
56.288571 10.03
56.357197 10.03
56.421451 10.03
56.490109 10.37
56.559328 10.03
56.624700 10.03
56.683076 10.03
56.734467 10.03
56.793091 10.03
56.840328 10.03
56.904508 10.03
56.968478 10.03
57.033330 10.03
57.097105 10.03
57.166083 10.03
57.222595 9.71
57.294713 9.36
57.340580 9.36
57.399476 9.71
57.463082 9.04
57.532581 8.35
57.596083 8.03
57.651957 8.03
57.720833 8.35
57.789584 8.35
57.848086 8.35
57.913475 8.35
57.974359 7.69
58.033089 7.37
58.091462 7.37
58.155090 7.37
58.213465 7.37
58.282091 7.02
58.340465 7.02
58.404379 7.02
58.468357 6.68
58.532214 6.68
58.606357 6.36
58.675092 6.68
58.744232 6.36
58.818093 6.36
58.892093 6.68
58.966234 6.36
59.030095 6.36
59.104095 6.36
59.178236 6.36
59.242727 6.36
59.307235 6.36
59.370970 6.36
59.425971 6.36
59.486488 6.36
59.545122 6.36
59.605490 6.36
59.664253 6.36
59.719368 6.36
59.774364 6.36
59.838255 6.36
59.893368 6.36
59.952375 6.36
60.005976 6.36
60.071353 6.36
60.135104 6.36
60.204104 6.36
60.268244 6.36
60.337988 6.36
60.413358 6.36
60.468373 6.36
60.527107 6.36
60.591122 6.36
60.665871 6.36
60.725517 6.36
60.784359 6.36
60.852985 6.36
60.911362 6.36
60.979986 6.36
61.038362 6.36
61.101988 6.36
61.170735 6.36
61.234610 6.36
61.293113 6.36
61.357253 6.36
61.426863 6.36
61.504114 6.36
61.568239 6.36
61.632115 6.36
61.701145 6.36
61.765117 6.36
61.834258 6.36
61.897991 6.36
61.961992 6.36
62.030992 6.36
62.094493 6.36
62.153120 6.36
62.216869 6.36
62.272009 6.36
62.331622 6.36
62.382998 6.36
62.437997 6.36
62.496621 6.36
62.560261 6.36
62.623872 6.36
62.671148 6.36
62.729873 6.36
62.777124 6.36
62.827748 6.36
62.891749 6.36
62.955624 6.36
63.014640 6.36
63.080001 6.36
63.135751 6.36
63.194642 6.36
63.258628 6.36
63.322643 6.36
63.392158 6.36
63.451004 6.36
63.515004 6.36
63.579005 6.36
63.647881 6.36
63.716881 6.36
63.775256 6.36
63.844006 6.36
63.916007 6.36
63.980008 6.36
64.044008 6.36
64.104259 6.36
64.162884 6.36
64.223040 6.36
64.287010 6.36
64.355886 6.36
64.430012 6.36
64.494292 6.36
64.558012 6.36
64.632013 6.36
64.700889 6.36
64.770024 6.36
64.833766 6.36
64.881022 6.36
64.944766 6.36
65.008534 6.36
65.077535 6.36
65.128643 6.36
65.187143 6.36
65.250893 6.36
65.306644 6.36
65.365144 6.36
65.428894 6.36
65.497895 6.36
65.553647 6.36
65.617150 6.36
65.685774 6.36
65.733027 6.36
65.783649 6.36
65.847150 6.36
65.911217 6.36
65.964899 6.36
66.038775 6.36
66.102541 6.36
66.174901 6.36
66.248776 6.36
66.307182 6.36
66.360902 6.36
66.424903 6.36
66.488903 6.36
66.552904 6.36
66.616911 6.36
66.681186 6.36
66.739905 6.36
66.810304 6.36
66.868907 6.36
66.933032 6.36
66.993911 6.36
67.050327 6.36
67.103908 6.36
67.174284 6.36
67.232784 6.36
67.296549 6.36
67.356788 6.36
67.425912 6.36
67.496162 6.36
67.564786 6.36
67.624788 6.36
67.684789 6.36
67.748288 6.36
67.811788 6.36
67.871790 6.36
67.930290 6.36
67.993789 6.36
68.053793 6.36
68.104541 6.36
68.168043 6.36
68.236666 6.36
68.291666 6.36
68.338917 6.36
68.388293 6.36
68.446668 6.36
68.497793 6.36
68.553544 6.36
68.617046 6.36
68.685670 6.36
68.732921 6.36
68.796797 6.36
68.860924 6.36
68.924797 6.36
68.980678 6.36
69.039317 6.36
69.092924 6.36
69.161675 6.36
69.225799 6.36
69.299675 6.36
69.358053 6.36
69.426677 6.36
69.485302 6.36
69.543677 6.36
69.602061 6.36
69.670681 6.36
69.730806 6.36
69.785805 6.36
69.839055 6.36
69.907681 6.36
69.971813 6.36
70.045559 6.36
70.109058 6.36
70.177683 6.36
70.251684 6.36
70.315683 6.36
70.389684 6.36
70.463560 6.36
70.516935 6.36
70.580686 6.36
70.640577 6.36
70.711578 6.36
70.758936 6.36
70.822563 6.36
70.869938 6.36
70.928813 6.36
70.979581 6.36
71.026820 6.36
71.096694 6.36
71.151333 6.36
71.214941 6.36
71.288817 6.36
71.339584 6.36
71.403192 6.36
71.461568 6.36
71.535569 6.36
71.591569 6.36
71.649944 6.36
71.713570 6.36
71.788202 6.36
71.846695 6.36
71.911446 6.36
71.974946 6.36
72.043572 6.36
72.101947 6.36
72.160579 6.36
72.218951 6.36
72.282573 6.36
72.340949 6.36
72.409575 6.36
72.467951 6.36
72.536579 6.36
72.623576 6.36
72.681952 6.36
72.750577 6.36
72.808953 6.36
72.877578 6.36
72.935956 6.36
72.999705 6.36
73.069956 6.36
73.138707 6.36
73.207583 6.36
73.271582 6.36
73.335583 6.36
73.399724 6.36
73.463584 6.36
73.527585 6.36
73.601585 6.36
73.656226 6.36
73.703478 6.36
73.754711 6.36
73.813586 6.36
73.877588 6.36
73.941588 6.36
73.996089 6.36
74.054589 6.36
74.118599 6.36
74.182716 6.36
74.246607 6.36
74.315590 6.36
74.379605 6.36
74.435483 6.36
74.495224 6.36
74.555843 6.36
74.619483 6.36
74.675486 6.36
74.744595 6.36
74.808595 6.36
74.879670 6.36
74.938850 6.36
74.997597 6.36
75.066597 6.36
75.130598 6.36
75.194598 6.36
75.269382 6.36
75.325249 6.36
75.389136 6.36
75.453130 6.36
75.517130 6.36
75.575851 6.36
75.634602 6.36
75.698865 6.36
75.753362 6.36
75.814863 6.36
75.870536 6.36
75.929119 6.36
75.984135 6.36
76.034264 6.36
76.093140 6.36
76.153523 6.36
76.212731 6.36
76.271607 6.36
76.330624 6.36
76.399626 6.36
76.463608 6.36
76.527483 6.36
76.591114 6.36
76.654734 6.36
76.723360 6.36
76.778379 6.36
76.842114 6.36
76.906113 6.36
76.974737 6.36
77.033487 6.36
77.102614 6.36
77.171864 6.36
77.230493 6.36
77.304615 6.36
77.379373 6.36
77.439619 6.36
77.503621 6.36
77.562617 6.36
77.626742 6.36
77.685618 6.36
77.750869 6.36
77.814386 6.36
77.877994 6.36
77.931745 6.36
77.995622 6.36
78.054626 6.36
78.114126 6.36
78.183387 6.36
78.252374 6.36
78.320998 6.36
78.381624 6.36
78.445374 6.36
78.505500 6.36
78.559000 6.36
78.624876 6.36
78.678516 6.36
78.737629 6.36
78.801627 6.36
78.860627 6.36
78.919395 6.36
78.978003 6.36
79.038519 6.36
79.107521 6.36
79.176633 6.36
79.240631 6.36
79.304381 6.36
79.359006 6.36
79.422882 6.36
79.481275 6.36
79.532508 6.36
79.591400 6.36
79.660274 6.36
79.716764 6.36
79.775640 6.36
79.834404 6.36
79.908404 6.36
79.977404 6.36
80.033138 6.36
80.101888 6.36
80.160390 6.36
80.216139 6.36
80.282888 6.36
80.336406 6.36
80.405391 6.36
80.474266 6.36
80.543390 6.36
80.612391 6.36
80.677267 6.36
80.735642 6.36
80.804295 6.36
80.873396 6.36
80.947409 6.36
81.021269 6.36
81.081397 6.36
81.136413 6.36
81.200300 6.36
81.269147 6.36
81.329399 6.36
81.382897 6.36
81.443177 6.36
81.510309 6.36
81.569291 6.36
81.633301 6.36
81.702152 6.36
81.767651 6.36
81.821169 6.36
81.886527 6.36
81.955308 6.36
82.024278 6.36
82.098280 6.36
82.163279 6.36
82.237210 6.36
82.311183 6.36
82.358548 6.36
82.427781 6.36
82.481281 6.36
82.537185 6.36
82.611186 6.36
82.680663 6.36
82.744431 6.36
82.813784 6.36
82.867552 6.36
82.931188 6.36
82.989539 6.36
83.058303 6.36
83.132302 6.36
83.201787 6.36
83.260288 6.36
83.328913 6.36
83.398669 6.36
83.457180 6.36
83.526541 6.36
83.585415 6.36
83.650667 6.36
83.709181 6.36
83.783185 6.36
83.852542 6.36
83.921173 6.36
83.985310 6.36
84.059295 6.36
84.133199 6.36
84.207200 6.36
84.276314 6.36
84.346675 6.36
84.400078 6.36
84.455439 6.36
84.519177 6.36
84.588320 6.36
84.659215 6.36
84.714097 6.36
84.778572 6.36
84.832300 6.36
84.896081 6.36
84.950676 6.36
85.020453 6.36
85.079677 6.36
85.138178 6.36
85.202201 6.36
85.266216 6.68
85.321556 