0.000000 0.000000
0.079550 0.89
0.141154 0.89
0.191760 0.90
0.246256 0.89
0.309755 0.90
0.371130 0.91
0.421756 0.89
0.476255 0.88
0.539756 0.88
0.608381 0.89
0.666757 0.89
0.738041 0.87
0.802905 0.89
0.867908 0.87
0.932946 0.79
0.997766 0.78
1.058905 0.79
1.128138 0.80
1.192137 0.78
1.256137 0.79
1.320137 0.78
1.384402 0.79
1.455043 0.78
1.515769 0.78
1.574780 0.77
1.633780 0.79
1.702667 0.78
1.773141 0.79
1.831909 0.78
1.895907 0.79
1.959667 0.78
2.030143 0.80
2.088785 0.79
2.145020 0.78
2.198785 0.79
2.267661 0.78
2.329021 0.79
2.383912 0.77
2.447647 0.77
2.516648 0.77
2.587148 0.79
2.645649 0.78
2.707025 0.78
2.761791 0.79
2.827275 0.78
2.880650 0.78
2.954652 0.80
3.011151 0.79
3.085152 0.78
3.145028 0.79
3.199795 0.77
3.268654 0.79
3.339279 0.80
3.392655 0.79
3.466655 0.78
3.540656 0.77
3.614657 0.78
3.688657 0.79
3.757658 0.79
3.826534 0.77
3.900659 0.80
3.974659 0.78
4.043801 0.79
4.112660 0.76
4.186803 0.79
4.255800 0.77
4.324662 0.79
4.398677 0.78
4.472679 0.80
4.546680 0.77
4.620688 0.77
4.694681 0.77
4.768679 0.78
4.842683 0.78
4.906931 0.78
4.970682 0.78
5.039932 0.77
5.094808 0.80
5.155294 0.77
5.217294 0.78
5.279170 0.79
5.332572 0.79
5.398170 0.77
5.456548 0.79
5.517921 0.80
5.577548 0.77
5.625671 0.78
5.689172 0.79
5.747550 0.79
5.808923 0.78
5.859550 0.80
5.914175 0.77
5.972551 0.80
6.033925 0.78
6.084553 0.80
6.139051 0.77
6.202552 0.79
6.271176 0.79
6.329553 0.78
6.398178 0.79
6.456556 0.78
6.520179 0.78
6.578555 0.78
6.647179 0.77
6.705556 0.78
6.774181 0.80
6.832557 0.78
6.901182 0.78
6.959558 0.79
7.028183 0.78
7.086562 0.78
7.150184 0.76
7.208561 0.78
7.277184 0.77
7.335562 0.77
7.404186 0.79
7.459062 0.79
7.522563 0.77
7.591187 0.78
7.646063 0.76
7.706063 0.77
7.779939 0.78
7.843440 0.80
7.908690 0.79
7.972190 0.78
8.027065 0.78
8.087066 0.79
8.150570 0.78
8.205692 0.79
8.258943 0.78
8.322443 0.78
8.387694 0.77
8.438819 0.80
8.489446 0.78
8.543945 0.76
8.607445 0.77
8.668821 0.79
8.719448 0.79
8.767573 0.79
8.831073 0.78
8.889448 0.79
8.958074 0.78
9.016449 0.80
9.077824 0.79
9.128452 0.79
9.182950 0.77
9.246451 0.77
9.315076 0.78
9.373452 0.79
9.442077 0.79
9.500579 0.79
9.564079 0.80
9.622453 0.79
9.691079 0.80
9.749455 0.78
9.818080 0.78
9.876456 0.78
9.945081 0.77
10.003457 0.79
10.072082 0.79
10.130584 0.77
10.194083 0.79
10.249084 0.78
10.303960 0.78
10.367460 0.76
10.436085 0.77
10.491086 0.77
10.545962 0.77
10.606087 0.78
10.660962 0.78
10.720963 0.79
10.781088 0.79
10.835964 0.77
10.899464 0.79
10.973466 0.79
11.042466 0.79
11.111467 0.77
11.180467 0.79
11.249467 0.77
11.318343 0.80
11.392468 0.77
11.461469 0.79
11.522984 0.79
11.581470 0.78
11.648345 0.79
11.711986 0.79
11.770478 0.79
11.837480 0.79
11.906480 0.78
11.975481 0.79
12.038990 0.80
12.097482 0.78
12.166350 0.79
12.240483 0.78
12.309479 0.78
12.371482 0.79
12.435482 0.78
12.512994 0.79
12.576993 0.79
12.645995 0.79
12.709995 0.77
12.778871 0.77
12.842484 0.78
12.906485 0.79
12.970487 0.78
13.034495 0.79
13.098488 0.78
13.170997 0.76
13.234998 0.80
13.303875 0.77
13.365262 0.77
13.420001 0.79
13.483761 0.79
13.552763 0.78
13.611237 0.79
13.672638 0.79
13.722238 0.78
13.783637 0.78
13.833238 0.78
13.894640 0.78
13.944364 0.79
14.013365 0.78
14.077365 0.80
14.136366 0.79
14.200367 0.77
14.251642 0.79
14.301368 0.77
14.360009 0.79
14.423769 0.80
14.492760 0.78
14.551369 0.79
14.615008 0.78
14.673759 0.80
14.732371 0.79
14.801371 0.79
14.870247 0.79
14.934010 0.80
14.987499 0.79
15.046248 0.78
15.120374 0.79
15.184374 0.77
15.248125 0.79
15.311766 0.79
15.370251 0.79
15.439017 0.77
15.492503 0.78
15.546377 0.78
15.610025 0.80
15.674017 0.80
15.727505 0.78
15.786254 0.79
15.855018 0.81
15.929130 0.78
15.992771 0.77
16.058381 0.78
16.116882 0.76
16.175257 0.80
16.243883 0.79
16.298759 0.79
16.358759 0.78
16.417134 0.78
16.482385 0.79
16.545885 0.77
16.604260 0.78
16.669164 0.78
16.716528 0.79
16.771137 0.80
16.832530 0.79
16.887139 0.80
16.961263 0.77
17.017515 0.80
17.072139 0.78
17.137141 0.79
17.193141 0.79
17.249142 0.80
17.305143 0.79
17.361143 0.80
17.417143 0.78
17.486268 0.80
17.555143 0.78
17.625144 0.79
17.685270 0.78
17.754146 0.77
17.824146 0.79
17.893146 0.78
17.967147 0.79
18.041148 0.79
18.115148 0.78
18.189274 0.78
18.258149 0.78
18.332275 0.78
18.401151 0.79
18.470276 0.78
18.539151 0.79
18.613401 0.78
18.677278 0.78
18.741278 0.77
18.805154 0.78
18.869279 0.80
18.933155 0.78
18.997155 0.78
19.061405 0.79
19.120156 0.79
19.184156 0.78
19.248157 0.79
19.312158 0.80
19.376408 0.78
19.435284 0.77
19.499159 0.79
19.563284 0.77
19.627160 0.80
19.691411 0.79
19.746161 0.77
19.810286 0.79
19.874162 0.78
19.938162 0.77
20.002288 0.79
20.066164 0.77
20.130164 0.79
20.194165 0.80
20.258290 0.78
20.322291 0.78
20.386166 0.77
20.450167 0.78
20.514167 0.79
20.578293 0.79
20.642168 0.78
20.706294 0.79
20.770170 0.77
20.834169 0.78
20.898170 0.78
20.962171 0.79
21.026297 0.78
21.090172 0.79
21.154422 0.77
21.223574 0.79
21.282573 0.78
21.346699 0.79
21.410576 0.77
21.474700 0.78
21.538575 0.80
21.597579 0.78
21.661579 0.78
21.725578 0.79
21.775697 0.78
21.839570 0.78
21.898570 0.77
21.962571 0.77
22.026571 0.78
22.080179 0.77
22.144180 0.79
22.208181 0.78
22.267073 0.78
22.331182 0.80
22.390307 0.77
22.440950 0.78
22.489183 0.79
22.553183 0.79
22.617309 0.79
22.667952 0.78
22.717574 0.77
22.781576 0.78
22.841577 0.78
22.906939 0.78
22.961562 0.78
23.030563 0.78
23.090564 0.79
23.155941 0.78
23.210565 0.79
23.274565 0.79
23.338953 0.79
23.413190 0.78
23.477191 0.79
23.535957 0.79
23.610192 0.80
23.674443 0.79
23.743569 0.78
23.802570 0.77
23.876960 0.78
23.940570 0.78
23.995960 0.79
24.059571 0.78
24.114962 0.79
24.178573 0.79
24.233963 0.79
24.297575 0.79
24.347574 0.79
24.397574 0.79
24.471966 0.79
24.535601 0.78
24.594602 0.79
24.660200 0.77
24.719201 0.79
24.778201 0.77
24.832202 0.78
24.891203 0.78
24.946203 0.78
25.001203 0.79
25.056203 0.79
25.115204 0.77
25.170204 0.78
25.225206 0.79
25.280205 0.77
25.335206 0.80
25.390206 0.80
25.445207 0.78
25.500207 0.78
25.555208 0.78
25.610208 0.79
25.665209 0.77
25.720209 0.80
25.775209 0.78
25.829975 0.79
25.893976 0.77
25.958853 0.78
26.018976 0.78
26.083857 0.79
26.139101 0.78
26.202977 0.79
26.266978 0.77
26.335731 0.80
26.404741 0.77
26.473465 0.76
26.532090 0.80
26.595981 0.79
26.664732 0.78
26.724981 0.79
26.783467 0.79
26.843733 0.78
26.912745 0.80
26.981984 0.77
27.040469 0.78
27.109346 0.79
27.164470 0.79
27.219479 0.79
27.283346 0.77
27.352222 0.78
27.415750 0.79
27.481098 0.78
27.544749 0.79
27.618749 0.78
27.684116 0.78
27.738752 0.79
27.808727 0.79
27.869102 0.78
27.923753 0.79
27.997753 0.79
28.071994 0.79
28.135752 0.80
28.209755 0.78
28.283756 0.79
28.353736 0.77
28.418736 0.80
28.483737 0.80
28.552758 0.78
28.626759 0.78
28.700759 0.80
28.774759 0.79
28.848759 0.78
28.913740 0.78
28.982634 0.79
29.056761 0.79
29.130761 0.78
29.204762 0.78
29.278763 0.78
29.352763 0.79
29.426638 0.78
29.500638 0.77
29.561005 0.78
29.624642 0.79
29.685007 0.77
29.748642 0.78
29.822768 0.79
29.896766 0.78
29.965644 0.79
30.029368 0.78
30.098369 0.77
30.157120 0.79
30.221120 0.77
30.284762 0.78
30.353762 0.77
30.419246 0.78
30.472649 0.78
30.543123 0.78
30.601764 0.78
30.667248 0.77
30.720649 0.79
30.786250 0.80
30.839651 0.77
30.913651 0.77
30.987650 0.77
31.061768 0.77
31.130651 0.78
31.204653 0.78
31.278655 0.77
31.349130 0.78
31.407656 0.79
31.481656 0.77
31.555654 0.80
31.629658 0.79
31.698656 0.79
31.772658 0.79
31.846785 0.78
31.915660 0.78
31.989661 0.77
32.063658 0.79
32.137658 0.79
32.211778 0.78
32.280778 0.78
32.349776 0.78
32.418663 0.78
32.492663 0.80
32.566665 0.79
32.640665 0.79
32.704906 0.80
32.768664 0.78
32.842668 0.79
32.916667 0.78
32.990668 0.79
33.064668 0.79
33.138670 0.78
33.207785 0.80
33.266671 0.79
33.327395 0.80
33.401661 0.78
33.465523 0.79
33.529523 0.78
33.595273 0.79
33.657148 0.79
33.715790 0.79
33.776149 0.79
33.834789 0.79
33.898526 0.78
33.964400 0.79
34.033528 0.79
34.099152 0.78
34.157794 0.78
34.221528 0.79
34.290530 0.77
34.359533 0.78
34.428654 0.79
34.492533 0.78
34.556655 0.78
34.620532 0.79
34.689532 0.79
34.758536 0.79
34.822533 0.79
34.886534 0.78
34.955535 0.77
35.024537 0.79
35.093660 0.79
35.157538 0.80
35.223536 0.79
35.287537 0.78
35.356537 0.78
35.425802 0.79
35.489538 0.78
35.558679 0.78
35.622539 0.78
35.691540 0.79
35.760540 0.79
35.829544 0.77
35.893565 0.79
35.962682 0.79
36.026543 0.77
36.090543 0.78
36.154543 0.79
36.218544 0.78
36.282545 0.79
36.341545 0.78
36.405546 0.78
36.469546 0.77
36.533546 0.79
36.597421 0.79
36.666548 0.78
36.730548 0.78
36.789549 0.79
36.853550 0.79
36.917550 0.77
36.981551 0.78
37.040553 0.78
37.104551 0.79
37.168552 0.79
37.232553 0.78
37.296553 0.78
37.360553 0.77
37.419554 0.79
37.483555 0.77
37.547555 0.78
37.611556 0.78
37.675555 0.79
37.734556 0.78
37.798557 0.79
37.862558 0.79
37.926558 0.79
37.990558 0.79
38.049559 0.79
38.113559 0.79
38.177560 0.78
38.241561 0.79
38.305560 0.77
38.364562 0.77
38.428562 0.79
38.492562 0.78
38.556563 0.79
38.620563 0.78
38.679564 0.77
38.743565 0.79
38.807565 0.79
38.866315 0.79
38.925078 0.78
38.978567 0.79
39.033317 0.79
39.087955 0.80
39.141316 0.79
39.197716 0.79
39.248318 0.79
39.302957 0.79
39.356318 0.79
39.412721 0.79
39.463321 0.77
39.517960 0.78
39.571321 0.77
39.635070 0.77
39.688572 0.78
39.747196 0.78
39.810964 0.80
39.864322 0.79
39.928073 0.77
39.987962 0.80
40.041323 0.77
40.110325 0.78
40.174075 0.79
40.227576 0.79
40.286326 0.79
40.355326 0.79
40.419077 0.78
40.472578 0.78
40.531328 0.78
40.600453 0.79
40.664328 0.79
40.733329 0.78
40.797080 0.79
40.855969 0.78
40.919972 0.80
40.983970 0.78
41.047972 0.79
41.108333 0.78
41.173360 0.77
41.228459 0.79
41.292459 0.78
41.356335 0.79
41.414973 0.78
41.478976 0.78
41.542976 0.79
41.611851 0.79
41.680726 0.79
41.739213 0.78
41.804590 0.78
41.863213 0.79
41.928614 0.78
41.983215 0.78
42.044590 0.78
42.104234 0.79
42.158732 0.76
42.222341 0.78
42.278592 0.79
42.329234 0.78
42.383732 0.80
42.442343 0.77
42.508869 0.79
42.567219 0.78
42.632236 0.79
42.686744 0.77
42.745346 0.78
42.805238 0.78
42.859987 0.80
42.918347 0.78
42.982098 0.79
43.050986 0.79
43.136349 0.79
43.200099 0.78
43.268865 0.79
43.327350 0.79
43.409752 0.79
43.468485 0.78
43.526869 0.78
43.580228 0.78
43.648994 0.79
43.702483 0.77
43.761104 0.79
43.843484 0.78
43.912230 0.78
43.980997 0.79
44.030996 0.78
44.103231 0.77
44.171998 0.78
44.221998 0.79
44.271998 0.77
44.321997 0.77
44.385633 0.79
44.449109 0.79
44.514493 0.78
44.573111 0.79
44.647236 0.78
44.707139 0.78
44.765637 0.79
44.829238 0.78
44.885494 0.79
44.940114 0.77
45.001495 0.78
45.056239 0.77
45.125115 0.78
45.195141 0.77
45.259241 0.78
45.319143 0.80
45.379242 0.77
45.443117 0.76
45.517118 0.78
45.586244 0.78
45.650244 0.77
45.714120 0.77
45.788245 0.79
45.857121 0.78
45.931247 0.77
46.000247 0.77
46.069248 0.79
46.138247 0.78
46.202124 0.77
46.276124 0.78
46.350125 0.79
46.424125 0.79
46.493125 0.78
46.567252 0.79
46.631127 0.80
46.700127 0.79
46.774128 0.77
46.848129 0.78
46.922379 0.80
46.986129 0.79
47.050255 0.79
47.114256 0.78
47.178132 0.78
47.242131 0.78
47.306133 0.78
47.370258 0.78
47.434134 0.78
47.498135 0.77
47.562134 0.79
47.626134 0.78
47.690261 0.79
47.754135 0.77
47.818386 0.78
47.877137 0.79
47.941589 0.78
48.002055 0.80
48.062266 0.78
48.116389 0.78
48.171390 0.79
48.226403 0.78
48.286146 0.79
48.356144 0.77
48.425267 0.79
48.485047 0.78
48.545396 0.78
48.609554 0.78
48.673672 0.76
48.737672 0.77
48.812587 0.78
48.872152 0.80
48.931274 0.81
48.995148 0.78
49.059272 0.76
49.118406 0.79
49.183153 0.79
49.237275 0.76
49.301274 0.77
49.365275 0.77
49.424587 0.79
49.489280 0.78
49.550153 0.79
49.614277 0.79
49.678277 0.78
49.748408 0.79
49.807780 0.78
49.866654 0.78
49.930404 0.78
50.000175 0.79
50.054410 0.79
50.118657 0.79
50.177563 0.77
50.241656 0.79
50.302166 0.78
50.362952 0.78
50.427285 0.79
50.487659 0.80
50.551562 0.79
50.612288 0.77
50.673946 0.78
50.738053 0.79
50.802286 0.79
50.862861 0.78
50.918420 0.79
50.983166 0.78
51.042289 0.79
51.097164 0.78
51.161419 0.78
51.220574 0.78
51.286291 0.77
51.350166 0.76
51.414165 0.79
51.473420 0.80
51.542825 0.77
51.607168 0.78
51.666058 0.79
51.730293 0.78
51.795425 0.77
51.851597 0.78
51.915581 0.77
51.986936 0.79
52.051300 0.78
52.120423 0.79
52.179578 0.80
52.238578 0.79
52.313173 0.79
52.367177 0.79
52.421180 0.78
52.475716 0.80
52.535432 0.78
52.602178 0.79
52.656444 0.78
52.717311 0.79
52.777068 0.79
52.842067 0.78
52.903328 0.79
52.962958 0.78
53.038318 0.77
53.108193 0.77
53.163309 0.78
53.222434 0.79
53.279318 0.77
53.344438 0.78
53.398307 0.78
53.462182 0.78
53.516933 0.77
53.580813 0.77
53.655063 0.79
53.709846 0.78
53.774076 0.79
53.833185 0.79
53.888186 0.77
53.953810 0.79
54.028187 0.80
54.092187 0.77
54.156188 0.78
54.220443 0.78
54.284441 0.77
54.354189 0.78
54.413846 0.79
54.478190 0.78
54.542065 0.78
54.605960 0.76
54.675197 0.77
54.738945 0.76
54.805074 0.78
54.868695 0.77
54.943203 0.79
55.007839 0.79
55.083072 0.77
55.143829 0.78
55.207698 0.78
55.267823 0.78
55.336446 0.78
55.391322 0.77
55.451453 0.78
55.501450 0.79
55.567074 0.77
55.620952 0.78
55.680203 0.78
55.745727 0.79
55.815078 0.78
55.865705 0.78
55.920453 0.77
55.985828 0.79
56.054733 0.79
56.118703 0.78
56.188704 0.77
56.237329 0.79
56.290994 0.79
56.350205 0.80
56.408971 0.77
56.468737 0.79
56.537873 0.77
56.606707 0.77
56.676709 0.79
56.736959 0.77
56.800975 0.78
56.864738 0.78
56.933334 0.79
56.992335 0.79
57.045732 0.79
57.114336 0.77
57.172711 0.76
57.241341 0.79
57.299713 0.78
57.368341 0.78
57.432341 0.78
57.497224 0.78
57.560967 0.78
57.620222 0.79
57.689760 0.76
57.753966 0.79
57.817592 0.80
57.877731 0.77
57.951593 0.77
58.025594 0.78
58.099595 0.78
58.173595 0.77
58.247750 0.78
58.302737 0.78
58.371597 0.77
58.442353 0.79
58.511992 0.79
58.566753 0.78
58.632224 0.78
58.690627 0.78
58.747103 0.77
58.805751 0.78
58.862100 0.79
58.925600 0.79
58.999602 0.78
59.065227 0.79
59.123630 0.78
59.193013 0.78
59.252231 0.79
59.311230 0.79
59.366104 0.77
59.430230 0.79
59.483634 0.77
59.547995 0.79
59.607616 0.78
59.662111 0.78
59.725610 0.79
59.794235 0.79
59.852612 0.79
59.922121 0.79
59.980741 0.79
60.040004 0.78
60.104238 0.79
60.168111 0.79
60.226637 0.76
60.300751 0.77
60.369638 0.78
60.443763 0.80
60.507882 0.79
60.572005 0.78
60.646240 0.77
60.710365 0.78
60.779241 0.79
60.839763 0.78
60.901125 0.79
60.961502 0.79
61.030758 0.80
61.099760 0.78
61.168759 0.77
61.232244 0.78
61.287243 0.77
61.342120 0.77
61.405622 0.77
61.465747 0.78
61.520755 0.79
61.581249 0.78
61.643248 0.79
61.695888 0.79
61.746515 0.77
61.800998 0.78
61.859629 0.78
61.923642 0.77
61.987638 0.79
62.051131 0.79
62.109508 0.79
62.170879 0.80
62.221508 0.78
62.276005 0.78
62.341514 0.77
62.400532 0.78
62.469896 0.77
62.544132 0.77
62.597534 0.77
62.666773 0.79
62.730649 0.79
62.799775 0.78
62.863537 0.79
62.937649 0.78
63.006650 0.78
63.065634 0.77
63.134635 0.77
63.198541 0.80
63.272761 0.78
63.336637 0.77
63.405914 0.80
63.465392 0.79
63.534546 0.78
63.603655 0.80
63.672655 0.77
63.741539 0.79
63.810786 0.78
63.865892 0.78
63.937141 0.78
64.006392 0.78
64.075796 0.79
64.130924 0.78
64.195555 0.80
64.259645 0.78
64.315037 0.79
64.373548 0.77
64.437645 0.79
64.498675 0.78
64.563152 0.80
64.620149 0.78
64.682149 0.79
64.740914 0.77
64.805023 0.78
64.869554 0.78
64.928400 0.77
64.997650 0.77
65.058150 0.79
65.117026 0.79
65.186152 0.79
65.250277 0.78
65.319653 0.79
65.378028 0.78
65.436404 0.78
65.505654 0.78
65.564558 0.78
65.628655 0.79
65.687561 0.78
65.751656 0.78
65.810032 0.78
65.874032 0.78
65.933079 0.79
65.997537 0.80
66.061659 0.78
66.125283 0.79
66.185559 0.79
66.249409 0.78
66.313537 0.78
66.372571 0.79
66.436679 0.78
66.495038 0.78
66.559162 0.79
66.619566 0.79
66.679316 0.78
66.733584 0.79
66.797417 0.77
66.861544 0.77
66.925570 0.78
66.989291 0.78
67.050825 0.79
67.102316 0.77
67.160792 0.77
67.224417 0.78
67.280681 0.79
67.335418 0.78
67.395322 0.79
67.442687 0.77
67.497420 0.76
67.561421 0.78
67.621324 0.79
67.670938 0.78
67.729575 0.79
67.788304 0.78
67.849677 0.79
67.900303 0.79
67.954800 0.78
68.018300 0.79
68.086926 0.78
68.145750 0.78
68.215305 0.78
68.279428 0.78
68.338427 0.78
68.402302 0.78
68.471053 0.79
68.535604 0.78
68.589432 0.79
68.653587 0.80
68.712430 0.77
68.776430 0.77
68.840306 0.79
68.904597 0.80
68.961308 0.79
69.030433 0.77
69.094308 0.77
69.163058 0.79
69.221951 0.79
69.281439 0.78
69.350312 0.79
69.413936 0.78
69.482825 0.79
69.543076 0.79
69.597986 0.77
69.657742 0.78
69.717315 0.78
69.777220 0.80
69.824591 0.78
69.874314 0.78
69.925595 0.79
69.975858 0.79
70.042071 0.78
70.106319 0.78
70.166204 0.78
70.213568 0.77
70.263317 0.78
70.323223 0.79
70.377615 0.78
70.436447 0.78
70.500320 0.79
70.560224 0.79
70.629320 0.80
70.698335 0.78
70.773847 0.78
70.837968 0.79
70.896971 0.79
70.960716 0.79
71.024448 0.79
71.083760 0.78
71.143330 0.78
71.212720 0.79
71.271450 0.79
71.330201 0.79
71.404326 0.77
71.470461 0.77
71.524458 0.79
71.578205 0.79
71.652329 0.78
71.716204 0.79
71.790329 0.79
71.854456 0.79
71.919336 0.78
71.983208 0.78
72.047208 0.76
72.111207 0.78
72.185333 0.78
72.254208 0.77
72.317833 0.79
72.371093 0.78
72.436334 0.80
72.499834 0.79
72.556086 0.77
72.605835 0.79
72.660711 0.78
72.724211 0.79
72.792837 0.78
72.847712 0.78
72.906087 0.79
72.967463 0.78
73.025839 0.80
73.082132 0.78
73.136592 0.78
73.200092 0.78
73.261467 0.79
73.312116 0.79
73.366732 0.79
73.425108 0.79
73.489218 0.77
73.554123 0.80
73.608594 0.79
73.672220 0.78
73.737126 0.79
73.791749 0.79
73.855596 0.78
73.919221 0.79
73.982749 0.79
74.041353 0.78
74.105348 0.78
74.169099 0.79
74.243224 0.78
74.312099 0.78
74.380743 0.78
74.449630 0.78
74.523642 0.79
74.592632 0.78
74.651619 0.78
74.712228 0.77
74.776103 0.79
74.845104 0.79
74.919230 0.78
74.988230 0.78
75.057105 0.78
75.131231 0.78
75.190232 0.79
75.254363 0.78
75.313359 0.78
75.377609 0.79
75.437610 0.77
75.495984 0.78
75.565234 0.77
75.630014 0.79
75.690236 0.78
75.754112 0.78
75.809236 0.79
75.873490 0.77
75.942613 0.77
76.006651 0.79
76.070637 0.77
76.134494 0.79
76.193119 0.78
76.262115 0.77
76.331116 0.79
76.400116 0.78
76.464522 0.77
76.528635 0.79
76.597996 0.79
76.665024 0.78
76.725244 0.79
76.789249 0.79
76.852994 0.78
76.922250 0.79
76.986254 0.79
77.050125 0.77
77.115997 0.79
77.179638 0.79
77.237998 0.78
77.307373 0.78
77.371387 0.77
77.441129 0.79
77.500006 0.77
77.569376 0.79
77.630130 0.78
77.689128 0.79
77.750002 0.79
77.819018 0.79
77.883130 0.77
77.947256 0.79
78.001004 0.80
78.061255 0.79
78.126929 0.77
78.182257 0.78
78.243006 0.78
78.307007 0.78
78.371257 0.79
78.426008 0.78
78.489886 0.77
78.549010 0.78
78.603012 0.78
78.672139 0.79
78.736263 0.78
78.796543 0.79
78.860386 0.78
78.924386 0.78
78.993542 0.79
79.053544 0.78
79.112138 0.78
79.176013 0.80
79.240139 0.77
79.304030 0.80
79.368015 0.78
79.432392 0.78
79.491393 0.79
79.560560 0.77
79.624392 0.79
79.693911 0.80
79.763035 0.77
79.827270 0.79
79.901897 0.79
79.971149 0.78
80.035146 0.78
80.099020 0.79
80.163021 0.78
80.222039 0.77
80.286027 0.77
80.354914 0.77
80.419149 0.78
80.483041 0.78
80.542150 0.77
80.606150 0.79
80.665151 0.79
80.719281 0.77
80.784776 0.78
80.851167 0.78
80.906563 0.78
80.967154 0.78
81.031028 0.77
81.090280 0.78
81.153908 0.80
81.209281 0.79
81.273032 0.78
81.327814 0.79
81.384282 0.79
81.443031 0.76
81.502032 0.79
81.560909 0.77
81.617289 0.78
81.676159 0.78
81.731159 0.77
81.786160 0.78
81.841164 0.77
81.891786 0.77
81.946286 0.78
82.010053 0.77
82.064814 0.78
82.134164 0.79
82.195820 0.79
82.265039 0.79
82.329039 0.78
82.387917 0.80
82.457166 0.78
82.520666 0.79
82.584417 0.78
82.653812 0.78
82.718303 0.78
82.788059 0.79
82.846685 0.78
82.912419 0.79
82.973044 0.80
83.026810 0.79
83.090420 0.77
83.150948 0.79
83.204814 0.78
83.260047 0.79
83.314297 0.79
83.369424 0.78
83.429687 0.79
83.493299 0.79
83.548423 0.78
83.617962 0.79
83.672180 0.78
83.731177 0.78
83.791679 0.80
83.865951 0.79
83.924948 0.79
83.975182 0.79
84.025430 0.78
84.100054 0.78
84.154708 0.79
84.223822 0.79
84.284180 0.80
84.347858 0.79
84.404181 0.79
84.467699 0.79
84.531307 0.78
84.595307 0.77
84.653822 0.78
84.718064 0.80
84.774933 0.79
84.829190 0.77
84.884713 0.79
84.944938 0.78
85.009188 0.77
85.084083 0.80
85.148314 0.80
85.212313 0.80
85.270982 0.79
85.326829 0.78
85.386192 0.78
85.461189 0.78
85.525321 0.77
85.589319 0.77
85.649844 0.78
85.718958 0.79
85.773200 0.78
85.837719 0.80
85.903960 0.78
85.967708 0.77
86.042194 0.79
86.107721 0.77
86.176837 0.78
86.245835 0.77
86.314838 0.78
86.384088 0.78
86.458725 0.79
86.519089 0.79
86.588198 0.78
86.657199 0.78
86.715964 