0.000000 0.000000
0.091916 0.86
0.148398 0.88
0.218627 0.87
0.281126 0.87
0.339902 0.87
0.398901 0.87
0.457902 0.87
0.517001 0.86
0.575903 0.88
0.634904 0.87
0.693905 0.87
0.748402 0.87
0.808150 0.87
0.878546 0.87
0.943765 0.88
0.999405 0.87
1.069039 0.87
1.128164 0.86
1.202147 0.87
1.255757 0.87
1.311661 0.87
1.365274 0.87
1.430421 0.79
1.490167 0.78
1.554276 0.79
1.623282 0.79
1.681760 0.78
1.737661 0.79
1.791137 0.78
1.854636 0.79
1.918137 0.78
1.981637 0.78
2.045138 0.79
2.108638 0.78
2.172139 0.79
2.235639 0.78
2.299140 0.79
2.362640 0.79
2.426140 0.78
2.489641 0.79
2.550643 0.79
2.614143 0.79
2.677643 0.79
2.741143 0.79
2.804644 0.79
2.878520 0.78
2.947145 0.79
3.010647 0.78
3.074146 0.78
3.137646 0.79
3.201147 0.79
3.264647 0.79
3.328148 0.79
3.391648 0.78
3.455149 0.79
3.518649 0.79
3.592525 0.79
3.657650 0.79
3.721152 0.78
3.781152 0.79
3.841152 0.79
3.901153 0.78
3.956028 0.79
4.019528 0.78
4.079654 0.79
4.143155 0.79
4.203155 0.79
4.266655 0.79
4.321656 0.79
4.376656 0.79
4.427781 0.79
4.483534 0.79
4.547033 0.79
4.610534 0.79
4.662910 0.79
4.726534 0.78
4.790035 0.78
4.853535 0.78
4.905912 0.79
4.956537 0.79
5.020037 0.78
5.083537 0.79
5.147038 0.79
5.210538 0.79
5.274039 0.79
5.337539 0.79
5.401040 0.79
5.464540 0.79
5.528040 0.78
5.591541 0.79
5.655042 0.79
5.718542 0.78
5.792418 0.78
5.861043 0.79
5.924544 0.79
5.988045 0.78
6.051545 0.78
6.115045 0.79
6.178545 0.78
6.242047 0.79
6.297047 0.79
6.357047 0.79
6.420548 0.78
6.484048 0.79
6.544049 0.79
6.604049 0.79
6.664050 0.78
6.724050 0.79
6.778927 0.79
6.842427 0.79
6.902552 0.78
6.962177 0.78
7.035930 0.79
7.094429 0.79
7.154554 0.78
7.209559 0.78
7.256805 0.78
7.307432 0.79
7.370933 0.79
7.434431 0.79
7.486806 0.79
7.536182 0.78
7.589432 0.79
7.650434 0.78
7.713935 0.78
7.777434 0.79
7.840936 0.78
7.899435 0.78
7.962936 0.78
8.026435 0.78
8.089937 0.78
8.153436 0.78
8.216938 0.79
8.280438 0.80
8.343939 0.78
8.407439 0.79
8.470941 0.79
8.529440 0.79
8.592942 0.79
8.656440 0.78
8.719942 0.79
8.783442 0.79
8.846943 0.79
8.910443 0.79
8.973944 0.79
9.032445 0.78
9.095945 0.79
9.151096 0.79
9.205946 0.79
9.265948 0.79
9.334948 0.79
9.393463 0.78
9.470449 0.78
9.525699 0.79
9.578949 0.79
9.637465 0.78
9.700951 0.79
9.759464 0.78
9.820351 0.79
9.878834 0.79
9.950953 0.79
10.020356 0.78
10.078836 0.79
10.142453 0.79
10.200954 0.78
10.259455 0.79
10.320359 0.78
10.380358 0.79
10.433981 0.78
10.519982 0.79
10.583835 0.79
10.649359 0.78
10.713708 0.79
10.772709 0.79
10.831584 0.78
10.895584 0.79
10.967984 0.78
11.031842 0.79
11.095986 0.79
11.159989 0.79
11.237712 0.79
11.296589 0.78
11.374229 0.79
11.429464 0.78
11.501990 0.79
11.565992 0.79
11.629993 0.79
11.693991 0.78
11.758356 0.78
11.832717 0.79
11.891593 0.79
11.950468 0.79
12.014594 0.79
12.078594 0.79
12.131994 0.78
12.185595 0.79
12.244595 0.79
12.297997 0.79
12.351471 0.78
12.420722 0.78
12.474472 0.79
12.538473 0.79
12.602599 0.78
12.653226 0.79
12.711850 0.79
12.775851 0.78
12.836003 0.79
12.885600 0.79
12.936229 0.79
12.994852 0.79
13.056230 0.79
13.116230 0.79
13.176231 0.79
13.234855 0.79
13.298855 0.78
13.362855 0.78
13.426856 0.79
13.497233 0.79
13.555857 0.79
13.614857 0.79
13.678858 0.79
13.742858 0.79
13.817483 0.78
13.881609 0.79
13.945125 0.78
14.005610 0.79
14.069125 0.78
14.124611 0.79
14.188250 0.79
14.257487 0.79
14.321737 0.79
14.376879 0.79
14.435738 0.78
14.490879 0.79
14.551377 0.79
14.609881 0.79
14.670379 0.79
14.734382 0.78
14.792883 0.80
14.858617 0.79
14.922130 0.78
14.992618 0.79
15.056135 0.78
15.116619 0.78
15.180133 0.79
15.245620 0.79
15.309135 0.78
15.374621 0.79
15.438137 0.79
15.499622 0.79
15.563138 0.78
15.637139 0.79
15.696874 0.78
15.765624 0.78
15.829138 0.79
15.890131 0.79
15.943750 0.79
16.002392 0.78
16.071391 0.78
16.127133 0.79
16.183133 0.78
16.236752 0.78
16.295393 0.78
16.360135 0.79
16.413754 0.78
16.472393 0.79
16.541505 0.79
16.600396 0.79
16.665137 0.79
16.718757 0.79
16.777398 0.79
16.846148 0.79
16.920148 0.79
16.994149 0.79
17.068009 0.78
17.123402 0.79
17.192011 0.79
17.247402 0.78
17.316150 0.79
17.390153 0.79
17.464152 0.79
17.538013 0.78
17.593403 0.79
17.662014 0.79
17.727154 0.78
17.801155 0.79
17.875154 0.79
17.949168 0.79
18.023159 0.79
18.074409 0.78
18.138033 0.79
18.196644 0.78
18.260519 0.79
18.324036 0.79
18.398036 0.79
18.467036 0.79
18.537646 0.79
18.606647 0.78
18.657397 0.79
18.721286 0.79
18.790040 0.79
18.864040 0.79
18.933289 0.79
19.002292 0.79
19.066292 0.79
19.135291 0.79
19.204293 0.79
19.268292 0.79
19.332292 0.79
19.401291 0.79
19.470044 0.79
19.544046 0.79
19.613168 0.78
19.677294 0.79
19.746420 0.79
19.810048 0.78
19.884297 0.79
19.948299 0.79
20.017297 0.79
20.086299 0.79
20.150300 0.79
20.219301 0.79
20.283299 0.79
20.352051 0.79
20.426301 0.78
20.490051 0.79
20.559304 0.79
20.628177 0.79
20.692303 0.79
20.756055 0.79
20.825306 0.79
20.889181 0.79
20.952917 0.79
21.017056 0.79
21.078919 0.78
21.139417 0.79
21.194418 0.79
21.253057 0.78
21.313419 0.79
21.371920 0.78
21.441068 0.79
21.506922 0.78
21.572421 0.79
21.636436 0.79
21.700437 0.79
21.758924 0.79
21.822924 0.79
21.886949 0.79
21.950926 0.78
22.014925 0.78
22.084314 0.78
22.148315 0.79
22.207067 0.78
22.276551 0.79
22.345551 0.79
22.409427 0.79
22.468079 0.79
22.536929 0.79
22.606442 0.79
22.670443 0.79
22.728931 0.79
22.798446 0.78
22.864079 0.79
22.933322 0.79
22.997323 0.79
23.061083 0.79
23.130086 0.79
23.199324 0.79
23.263083 0.79
23.332085 0.79
23.401087 0.79
23.470202 0.79
23.534078 0.79
23.603327 0.79
23.662077 0.78
23.720939 0.79
23.784942 0.79
23.843940 0.79
23.907941 0.79
23.971941 0.79
24.035943 0.79
24.099944 0.79
24.158943 0.78
24.222944 0.79
24.286944 0.79
24.351083 0.78
24.414946 0.79
24.478944 0.78
24.547947 0.78
24.611820 0.78
24.680820 0.79
24.758338 0.79
24.816947 0.78
24.885948 0.79
24.954948 0.79
25.027098 0.78
25.090949 0.79
25.159950 0.78
25.228950 0.79
25.306575 0.79
25.359832 0.78
25.428834 0.79
25.497834 0.79
25.571953 0.78
25.649342 0.79
25.736703 0.79
25.798954 0.78
25.867955 0.79
25.926456 0.79
25.990348 0.79
26.045457 0.79
26.098108 0.78
26.162109 0.78
26.226112 0.79
26.290108 0.79
26.353985 0.79
26.417843 0.79
26.477460 0.79
26.536352 0.78
26.604842 0.79
26.673842 0.79
26.737841 0.79
26.806842 0.79
26.870842 0.79
26.939714 0.79
27.008849 0.79
27.072842 0.78
27.136848 0.78
27.200848 0.79
27.264849 0.78
27.323849 0.79
27.387848 0.79
27.451846 0.79
27.515846 0.79
27.588485 0.79
27.647469 0.78
27.706220 0.79
27.764721 0.79
27.838882 0.79
27.902722 0.79
27.971866 0.79
28.030867 0.79
28.089864 0.79
28.153866 0.79
28.212869 0.79
28.271867 0.79
28.335867 0.78
28.394867 0.79
28.458999 0.78
28.517872 0.78
28.576852 0.78
28.640853 0.78
28.704854 0.79
28.773729 0.79
28.837369 0.78
28.901479 0.79
28.960371 0.79
29.024369 0.79
29.088371 0.79
29.152372 0.79
29.216482 0.79
29.275373 0.79
29.328859 0.79
29.379609 0.78
29.443125 0.79
29.501609 0.79
29.554011 0.79
29.604611 0.79
29.668124 0.79
29.726611 0.78
29.779012 0.79
29.829613 0.78
29.893128 0.79
29.951612 0.79
30.004012 0.80
30.054616 0.79
30.118253 0.78
30.192131 0.79
30.250866 0.79
30.309740 0.78
30.378616 0.79
30.447742 0.78
30.516742 0.79
30.580743 0.79
30.644743 0.78
30.708744 0.79
30.777744 0.79
30.841745 0.79
30.910621 0.78
30.979747 0.78
31.043747 0.79
31.107747 0.79
31.171747 0.78
31.236623 0.78
31.305749 0.79
31.369749 0.79
31.433750 0.79
31.497626 0.79
31.571501 0.79
31.631751 0.79
31.691517 0.79
31.755142 0.79
31.810391 0.78
31.860393 0.78
31.910395 0.79
31.979145 0.79
32.034395 0.78
32.098006 0.78
32.156506 0.78
32.208895 0.79
32.267506 0.78
32.328156 0.79
32.386508 0.79
32.438898 0.78
32.497509 0.79
32.549885 0.79
32.613634 0.79
32.660886 0.79
32.724635 0.79
32.793761 0.78
32.849536 0.79
32.913012 0.78
32.971512 0.79
33.045387 0.79
33.114013 0.78
33.172514 0.80
33.241639 0.79
33.310639 0.79
33.374640 0.79
33.448516 0.78
33.522642 0.79
33.591517 0.78
33.665517 0.79
33.739768 0.79
33.808768 0.78
33.877519 0.79
33.951520 0.79
34.025646 0.79
34.094646 0.79
34.158647 0.78
34.217038 0.78
34.277648 0.79
34.346648 0.78
34.410774 0.79
34.474650 0.79
34.538650 0.79
34.602525 0.78
34.666526 0.78
34.730527 0.79
34.794528 0.79
34.858527 0.79
34.922778 0.78
34.981529 0.79
35.045653 0.79
35.109654 0.79
35.173655 0.78
35.237656 0.78
35.301531 0.78
35.365531 0.79
35.429532 0.79
35.493658 0.79
35.557657 0.79
35.617783 0.78
35.676658 0.79
35.740660 0.79
35.804660 0.80
35.868660 0.79
35.932536 0.79
35.996536 0.78
36.060537 0.78
36.124662 0.79
36.193928 0.78
36.258065 0.78
36.322052 0.79
36.385929 0.79
36.449931 0.79
36.513938 0.79
36.578065 0.79
36.642066 0.78
36.706067 0.79
36.770069 0.79
36.833919 0.78
36.897919 0.79
36.962069 0.79
37.026069 0.78
37.090072 0.79
37.153921 0.78
37.213071 0.79
37.276923 0.79
37.340923 0.78
37.415548 0.79
37.479548 0.79
37.543549 0.79
37.607675 0.79
37.660925 0.79
37.724926 0.79
37.785077 0.78
37.843927 0.79
37.905305 0.79
37.963928 0.79
38.038678 0.78
38.093678 0.79
38.144306 0.79
38.203077 0.78
38.256555 0.79
38.316680 0.79
38.367309 0.79
38.425932 0.79
38.500557 0.79
38.560682 0.79
38.611310 0.78
38.675448 0.79
38.740683 0.79
38.799684 0.79
38.858559 0.78
38.927810 0.78
38.991811 0.78
39.045310 0.78
39.108811 0.79
39.172311 0.79
39.235811 0.79
39.299312 0.79
39.362812 0.78
39.426313 0.78
39.489814 0.79
39.553315 0.79
39.616815 0.78
39.680316 0.79
39.743815 0.79
39.807316 0.78
39.870816 0.78
39.934317 0.78
39.997818 0.79
40.061318 0.79
40.124944 0.78
40.193820 0.79
40.252462 0.78
40.310947 0.79
40.379821 0.78
40.438463 0.79
40.507464 0.79
40.576464 0.79
40.634823 0.79
40.693466 0.79
40.753200 0.79
40.825341 0.79
40.884951 0.78
40.938466 0.78
40.998202 0.79
41.070343 0.79
41.131204 0.79
41.203468 0.78
41.259204 0.79
41.317837 0.79
41.376470 0.79
41.432212 0.79
41.485838 0.79
41.540581 0.79
41.612836 0.78
41.700233 0.79
41.764349 0.79
41.838708 0.79
41.893584 0.78
41.957584 0.79
42.008216 0.79
42.072110 0.79
42.132586 0.79
42.196586 0.78
42.260586 0.78
42.324713 0.78
42.390111 0.79
42.450589 0.78
42.504230 0.79
42.568115 0.78
42.626715 0.79
42.687115 0.79
42.757715 0.79
42.823118 0.79
42.887357 0.79
42.956116 0.79
43.030357 0.79
43.088848 0.78
43.138848 0.78
43.202594 0.79
43.261470 0.79
43.320471 0.79
43.379596 0.79
43.438596 0.78
43.497472 0.78
43.556472 0.79
43.611472 0.79
43.666473 0.78
43.721474 0.78
43.776474 0.78
43.840126 0.79
43.914475 0.78
43.978366 0.79
44.047367 0.78
44.107118 0.79
44.168121 0.79
44.219122 0.78
44.270121 0.79
44.321124 0.78
44.376124 0.79
44.436124 0.79
44.491123 0.78
44.546111 0.79
44.599730 0.79
44.658372 0.78
44.727008 0.78
44.785113 0.78
44.848609 0.79
44.912109 0.78
44.975609 0.79
45.039110 0.78
45.102610 0.79
45.166111 0.79
45.229612 0.79
45.284612 0.79
45.348114 0.79
45.411613 0.79
45.466614 0.79
45.521614 0.79
45.585113 0.78
45.648615 0.79
45.703615 0.79
45.763615 0.79
45.823615 0.79
45.883617 0.79
45.943618 0.78
46.003618 0.78
46.067118 0.79
46.130619 0.79
46.185494 0.79
46.248996 0.78
46.309120 0.79
46.360246 0.79
46.414745 0.79
46.467996 0.78
46.528122 0.79
46.583122 0.79
46.630373 0.78
46.681001 0.78
46.744499 0.79
46.808000 0.79
46.871499 0.78
46.935002 0.79
46.998500 0.79
47.062001 0.78
47.114377 0.79
47.165003 0.79
47.228502 0.79
47.292003 0.79
47.355504 0.78
47.419005 0.79
47.482505 0.79
47.546006 0.78
47.609506 0.79
47.673007 0.79
47.736506 0.79
47.800007 0.79
47.863507 0.78
47.927007 0.79
47.990507 0.79
48.054008 0.79
48.117508 0.79
48.181011 0.79
48.245645 0.79
48.305283 0.79
48.364178 0.78
48.423155 0.79
48.487012 0.79
48.556641 0.80
48.620640 0.79
48.684514 0.78
48.748514 0.79
48.818174 0.79
48.877771 0.79
48.932930 0.79
48.997046 0.79
49.065892 0.79
49.125901 0.78
49.186021 0.79
49.237145 0.80
49.292895 0.79
49.356393 0.79
49.419903 0.79
49.476149 0.79
49.531898 0.80
49.595396 0.79
49.658896 0.78
49.711279 0.78
49.761903 0.79
49.825399 0.79
49.888899 0.78
49.941273 0.78
49.991903 0.79
50.055401 0.79
50.118901 0.79
50.182400 0.79
50.245901 0.78
50.309408 0.78
50.372906 0.79
50.436404 0.78
50.499904 0.79
50.563407 0.79
50.626907 0.78
50.690405 0.78
50.753905 0.79
50.817405 0.79
50.880911 0.78
50.944408 0.78
51.007907 0.79
51.071407 0.78
51.134908 0.79
51.198411 0.78
51.253410 0.78
51.308410 0.79
51.371910 0.79
51.435409 0.79
51.495413 0.78
51.555412 0.79
51.615411 0.79
51.675412 0.79
51.735417 0.79
51.790290 0.78
51.853789 0.78
51.913788 0.78
51.973915 0.78
52.025052 0.79
52.080798 0.79
52.144294 0.78
52.207792 0.79
52.260167 0.78
52.310793 0.79
52.375548 0.79
52.440204 0.79
52.494550 0.78
52.559684 0.79
52.629962 0.79
52.694445 0.78
52.759332 0.78
52.824320 0.78
52.889328 0.79
52.954326 0.78
53.024688 0.79
53.091576 0.79
53.151335 0.79
53.221445 0.78
53.285312 0.79
53.349929 0.78
53.419448 0.78
53.485303 0.79
53.549211 0.78
53.604427 0.79
53.668429 0.78
53.733679 0.78
53.792304 0.78
53.851096 0.79
53.910074 0.78
53.973948 0.79
54.037807 0.79
54.101307 0.79
54.156307 0.78
54.211307 0.79
54.271448 0.79
54.326737 0.78
54.386317 0.78
54.447083 0.78
54.507751 0.78
54.576817 0.79
54.635686 0.79
54.694453 0.79
54.748204 0.79
54.801688 0.79
54.862213 0.78
54.912081 0.78
54.970814 0.79
55.018093 0.78
55.071968 0.78
55.136317 0.79
55.205324 0.79
55.266691 0.78
55.330191 0.79
55.393692 0.79
55.446068 0.79
55.496697 0.79
55.560193 0.78
55.613694 0.78
55.677210 0.78
55.751195 0.78
55.814695 0.79
55.888697 0.79
55.952206 0.78
56.015697 0.78
56.079197 0.79
56.137824 0.79
56.196198 0.79
56.259824 0.79
56.328701 0.78
56.392199 0.79
56.455700 0.79
56.519225 0.79
56.577701 0.78
56.641836 0.78
56.700343 0.78
56.769203 0.78
56.832954 0.79
56.901998 0.79
56.955705 0.78
57.019205 0.78
57.074346 0.79
57.125331 0.78
57.184109 0.79
57.242836 0.79
57.311582 0.79
57.362987 0.78
57.421839 0.78
57.485710 0.78
57.540840 0.78
57.591621 0.79
57.650086 0.78
57.703842 0.79
57.754618 0.78
57.818104 0.79
57.892228 0.78
57.961359 0.78
58.030589 0.79
58.094357 0.79
58.147840 0.78
58.211591 0.78
58.272995 0.78
58.336718 0.78
58.410592 0.78
58.481108 0.78
58.544593 0.79
58.608111 0.78
58.666594 0.79
58.735719 0.79
58.804720 0.78
58.863359 0.78
58.916880 0.79
58.985471 0.79
59.044096 0.78
59.098352 0.79
59.157114 0.78
59.221367 0.79
59.290116 0.79
59.343599 0.78
59.417600 0.79
59.487111 0.79
59.551355 0.79
59.615118 0.78
59.689116 0.79
59.747602 0.79
59.821478 0.78
59.886250 0.78
59.939732 0.78
59.998731 0.78
60.062480 0.78
60.117731 0.79
60.186605 0.79
60.246260 0.78
60.305735 0.79
60.364609 0.78
60.433483 0.79
60.494513 0.78
60.541889 0.78
60.596264 0.78
60.655908 0.78
60.709738 0.79
60.768486 0.79
60.842486 0.79
60.894892 0.79
60.953621 0.79
61.012992 0.78
61.076489 0.79
61.139988 0.78
61.203488 0.79
61.266989 0.79
61.330492 0.79
61.393994 0.79
61.457492 0.78
61.520995 0.78
61.584496 0.78
61.647996 0.79
61.701896 0.78
61.760493 0.79
61.824135 0.79
61.889387 0.79
61.949495 0.79
62.023760 0.79
62.078127 0.79
62.152748 0.79
62.221498 0.79
62.295498 0.79
62.369499 0.79
62.434130 0.79
62.493270 0.79
62.559000 0.79
62.624501 0.79
62.693376 0.78
62.757269 0.78
62.807271 0.79
62.857003 0.78
62.912271 0.79
62.962270 0.79
63.012273 0.79
63.070880 0.79
63.134505 0.79
63.189630 0.78
63.253506 0.79
63.300756 0.78
63.359631 0.79
63.414274 0.79
63.473043 0.78
63.544407 0.79
63.608759 0.78
63.662510 0.79
63.726509 0.79
63.790385 0.78
63.859760 0.79
63.910386 0.79
63.968913 0.79
64.027512 0.78
64.101512 0.78
64.157414 0.78
64.226937 0.79
64.291016 0.79
64.355014 0.79
64.418920 0.78
64.482918 0.79
64.541641 0.79
64.605777 0.78
64.670940 0.79
64.735051 0.78
64.804519 0.78
64.878394 0.79
64.952659 0.79
65.006524 0.79
65.070522 0.79
65.134646 0.79
65.193396 0.78
65.262522 0.79
65.321054 0.79
65.384900 0.79
65.444899 0.79
65.504899 0.79
65.568398 0.79
65.631905 0.79
65.692191 0.79
65.748029 0.79
65.807072 0.79
65.865930 0.79
65.935527 0.79
65.999653 0.79
66.058664 0.78
66.112529 0.79
66.176654 0.78
66.235530 0.78
66.295655 0.78
66.354656 0.79
66.413412 0.79
66.460659 0.78
66.511284 0.79
66.574782 0.78
66.638282 0.78
66.701782 0.79
66.765283 0.78
66.834286 0.78
66.897788 0.78
66.961287 0.79
67.024788 0.79
67.088288 0.78
67.157540 0.79
67.226662 0.78
67.285663 0.79
67.344539 0.79
67.404664 0.78
67.463540 0.78
67.533425 0.78
67.594670 0.79
67.653670 0.79
67.712417 0.79
67.776417 0.79
67.840543 0.78
67.900110 0.79
67.953919 0.78
68.023419 0.79
68.087545 0.79
68.146670 0.78
68.205546 0.79
68.269672 0.79
68.328672 0.78
68.387422 0.79
68.451548 0.79
68.510548 0.78
68.569424 0.79
68.624932 0.78
68.694320 0.79
68.763551 0.79
68.827551 0.78
68.886426 0.78
68.950551 0.78
69.000684 0.78
69.059319 0.79
69.133553 0.79
69.192553 0.78
69.247554 0.78
69.298207 0.78
69.353442 0.78
69.403687 0.78
69.453558 0.79
69.508682 0.79
69.567556 0.79
69.618205 0.79
69.669207 0.79
69.733697 0.78
69.792685 0.78
69.851451 0.79
69.911684 0.79
69.961560 0.78
70.025560 0.78
70.084561 0.79
70.138945 0.79
70.203456 0.79
70.267562 0.78
70.331563 0.78
70.390563 0.79
70.454564 0.79
70.518209 0.79
70.592565 0.78
70.646207 0.78
70.720084 0.78
70.775316 0.79
70.839578 0.79
70.905566 0.79
70.969067 0.79
71.029208 0.78
71.103083 0.79
71.161694 0.79
71.227337 0.78
71.291339 0.78
71.360338 0.78
71.424214 0.79
71.484572 0.79
71.543088 0.79
71.598579 0.78
71.662836 0.79
71.716215 0.79
71.770824 0.79
71.824102 0.79
71.893090 0.78
71.952824 0.79
72.006216 0.79
72.057576 0.78
72.121093 0.79
72.186103 0.78
72.247086 0.79
72.305581 0.78
72.369082 0.79
72.432581 0.79
72.496083 0.79
72.559583 0.78
72.623084 0.79
72.687349 0.79
72.756582 0.79
72.820707 0.78
72.879583 0.78
72.938114 0.78
73.001849 0.79
73.066088 0.78
73.140712 0.79
73.199711 0.79
73.273586 0.78
73.339104 0.78
73.403720 0.79
73.463235 0.79
73.532109 0.79
73.606118 0.79
73.675104 0.79
73.744476 0.78
73.803218 0.78
73.872341 0.78
73.940997 0.79
74.014993 0.78
74.078593 0.79
74.144482 0.79
74.205482 0.79
74.268997 0.79
74.337970 0.78
74.398110 0.79
74.445363 0.78
74.503971 0.78
74.564125 0.79
74.630010 0.78
74.694117 0.79
74.749240 0.78
74.817990 0.78
74.892349 0.79
74.951733 0.79
75.011526 0.79
75.076253 0.78
75.140732 0.79
75.205481 0.78
75.270483 0.78
75.330994 0.79
75.399996 0.78
75.473979 0.78
75.547996 0.78
75.621997 0.78
75.696494 0.78
75.755494 0.79
75.820238 0.78
75.889252 0.78
75.953738 0.79
76.023257 0.79
76.092609 0.78
76.158001 0.79
76.232015 0.79
76.306236 0.78
76.365002 0.79
76.439112 0.78
76.498113 0.79
76.566865 0.79
76.621991 0.78
76.690989 0.78
76.765114 0.78
76.834131 0.78
76.897990 0.79
76.972491 0.79
77.046492 0.79
77.110621 0.79
77.165492 0.78
77.216243 0.78
77.280260 0.79
77.338926 0.78
77.408629 0.79
77.463913 0.78
77.522997 0.79
77.579749 0.78
77.633496 0.79
77.702372 0.78
77.765897 0.79
77.835001 0.79
77.898902 0.79
77.968015 0.79
78.032377 0.79
78.096756 0.79
78.166764 0.79
78.227376 0.79
78.291268 0.79
78.349902 0.79
78.419380 0.78
78.478504 0.78
78.547765 0.79
78.608509 0.78
78.677950 0.78
78.744008 0.80
78.813511 0.79
78.877634 0.79
78.937009 0.79
79.006148 0.79
79.070151 0.78
79.139008 0.79
79.207913 0.79
79.277037 0.79
79.346010 0.79
79.415274 0.79
79.481512 0.79
79.545637 0.79
79.606028 0.78
79.664920 0.79
79.729392 0.78
79.789919 0.78
79.850850 0.78
79.915651 0.78
79.981767 0.79
80.042292 0.79
80.100765 0.79
80.164922 0.79
80.228929 0.78
80.287772 0.79
80.352026 0.78
80.421522 0.78
80.491270 0.79
80.550043 0.79
80.603769 0.78
80.673520 0.79
80.726770 0.78
80.790289 0.79
80.848772 0.78
80.917927 0.78
80.976926 0.79
81.041041 0.79
81.110169 0.79
81.163775 0.78
81.237776 0.79
81.301776 0.79
81.366059 0.79
81.424903 0.78
81.483403 0.79
81.547420 0.78
81.616418 0.79
81.680279 0.78
81.738933 0.78
81.807950 0.78
81.872172 0.78
81.925784 0.78
81.985420 0.78
82.049284 0.79
82.104410 0.80
82.168283 0.79
82.233784 0.78
82.298784 0.79
82.368051 0.79
82.426787 0.79
82.500660 0.79
82.560939 0.79
82.629786 0.78
82.698942 0.79
82.754064 0.78
82.807787 0.79
82.863692 0.79
82.917305 0.79
82.981289 0.79
83.055182 0.79
83.118791 0.79
83.182922 0.79
83.237416 0.78
83.301183 0.79
83.354797 0.79
83.423667 0.79
83.484696 0.80
83.548794 0.79
83.617669 0.78
83.670192 0.79
83.734547 0.78
83.788316 0.79
83.852315 0.78
83.910797 0.79
83.969948 0.78
84.029547 0.78
84.093317 0.79
84.151799 0.79
84.220674 0.78
84.294800 0.78
84.353801 0.79
84.412180 0.78
84.465801 0.79
84.534551 0.79
84.603301 0.78
84.667320 0.78
84.731321 0.78
84.795429 0.79
84.859944 0.78
84.918809 0.79
84.982806 0.78
85.041306 0.79
85.105308 0.78
85.174807 0.78
85.229323 0.78
85.293323 0.78
85.340601 0.79
85.402592 0.79
85.461687 0.78
85.530560 0.79
85.594310 0.79
85.647811 0.78
85.706185 0.79
85.761329 0.79
85.814812 0.78
85.883812 0.79
85.939591 0.79
85.995593 0.7