0.000000 0.000000
0.041518 5.00
0.096144 2.66
0.162748 2.66
0.227496 2.66
0.287744 2.66
0.342900 2.66
0.403017 2.66
0.461899 2.66
0.525900 2.66
0.582019 2.66
0.646260 2.66
0.710637 2.66
0.775629 2.66
0.840634 2.66
0.895149 2.66
0.954893 4.34
1.019915 4.34
1.084389 4.34
1.158750 4.34
1.217750 4.34
1.287268 4.34
1.351392 4.34
1.411153 4.34
1.470921 4.34
1.535396 4.34
1.594505 4.34
1.648378 4.34
1.707396 4.34
1.766393 4.34
1.825394 4.34
1.884396 4.34
1.943396 4.34
2.002396 4.34
2.061397 4.34
2.120147 4.34
2.178757 4.34
2.243909 4.34
2.297758 4.34
2.366384 4.34
2.435009 4.34
2.482260 4.34
2.540634 4.34
2.599011 4.34
2.654010 4.34
2.701260 4.34
2.751887 4.34
2.815387 4.34
2.884012 4.34
2.931263 4.34
2.981889 4.34
3.045388 4.34
3.114014 4.34
3.161264 4.34
3.211891 4.34
3.275391 4.34
3.344041 4.34
3.418044 4.34
3.486768 4.34
3.550643 4.34
3.604161 4.34
3.678045 4.34
3.746770 4.34
3.815646 4.34
3.869163 4.34
3.937772 4.34
4.001397 4.34
4.070022 4.34
4.138773 4.34
4.209149 4.34
4.274524 4.34
4.328165 4.34
4.402025 4.34
4.476026 4.34
4.549904 4.34
4.615029 4.34
4.673652 4.34
4.728653 4.34
4.779778 4.34
4.853654 4.34
4.917405 4.34
4.975906 4.34
5.027420 4.34
5.090907 4.34
5.156421 4.34
5.214908 4.34
5.275407 4.34
5.338909 4.34
5.404408 4.34
5.462910 4.34
5.531936 4.34
5.605937 4.34
5.674938 4.34
5.743938 4.34
5.818036 4.34
5.887037 4.34
5.956053 4.34
6.029914 4.34
6.103915 4.34
6.177916 4.34
6.251916 4.34
6.326182 4.34
6.390057 4.34
6.463918 4.34
6.537918 4.34
6.611919 4.34
6.685919 4.34
6.755058 4.34
6.819061 4.34
6.882921 4.34
6.956921 4.34
7.021059 4.34
7.094922 4.34
7.169064 4.34
7.243062 4.34
7.312064 4.34
7.385925 4.34
7.459953 4.34
7.534067 4.34
7.598067 4.34
7.666943 4.34
7.730942 4.34
7.794946 4.34
7.855318 4.34
7.913945 4.34
7.977931 4.34
8.038196 4.34
8.093196 4.34
8.151805 4.34
8.212197 4.34
8.270806 4.34
8.331198 4.34
8.389808 4.34
8.455557 4.34
8.524559 4.34
8.583200 4.34
8.646936 4.34
8.710937 4.34
8.779937 4.34
8.843810 4.34
8.913203 4.34
8.971812 4.34
9.040813 4.34
9.110078 4.34
9.174204 4.34
9.238206 4.34
9.301941 4.34
9.370942 4.34
9.434816 4.34
9.504083 4.34
9.572815 4.34
9.631191 4.34
9.699943 4.34
9.769068 4.34
9.834320 4.34
9.892819 4.34
9.951194 4.34
10.019819 4.34
10.078195 4.34
10.146820 4.34
10.206822 4.34
10.266822 4.34
10.326825 4.34
10.386825 4.34
10.446824 4.34
10.501825 4.34
10.555075 4.34
10.623699 4.34
10.683826 4.34
10.743827 4.34
10.797076 4.34
10.865701 4.34
10.924077 4.34
10.992702 4.34
11.047827 4.34
11.102328 4.34
11.160703 4.34
11.219079 4.34
11.287704 4.34
11.346080 4.34
11.414705 4.34
11.461957 4.34
11.512581 4.34
11.576082 4.34
11.644707 4.34
11.703083 4.34
11.771708 4.34
11.835334 4.34
11.893709 4.34
11.952085 4.34
12.020710 4.34
12.079086 4.34
12.147712 4.34
12.206087 4.34
12.274713 4.34
12.333089 4.34
12.401714 4.34
12.465339 4.34
12.523714 4.34
12.582089 4.34
12.650716 4.34
12.709091 4.34
12.777717 4.34
12.837719 4.34
12.896092 4.34
12.964718 4.34
13.024720 4.34
13.079721 4.34
13.138095 4.34
13.206720 4.34
13.270345 4.34
13.321723 4.34
13.381724 4.34
13.431222 4.34
13.489597 4.34
13.536853 4.34
13.586223 4.34
13.652858 4.34
13.703475 4.34
13.784366 4.34
13.848365 4.34
13.912365 4.34
13.981366 4.34
14.045368 4.34
14.119369 4.34
14.183368 4.34
14.247371 4.34
14.311371 4.34
14.375371 4.34
14.447731 4.34
14.511731 4.34
14.589371 4.34
14.653372 4.34
14.717374 4.34
14.786375 4.34
14.850373 4.34
14.919008 4.34
14.977735 4.34
15.046609 4.34
15.104985 4.34
15.173611 4.34
15.237237 4.34
15.295611 4.34
15.353988 4.34
15.422613 4.34
15.482739 4.34
15.537740 4.34
15.592741 4.34
15.645990 4.34
15.714615 4.34
15.772991 4.34
15.841616 4.34
15.901618 4.34
15.956619 4.34
16.016620 4.34
16.076620 4.34
16.131620 4.34
16.191621 4.34
16.244871 4.34
16.313495 4.34
16.368496 4.34
16.419620 4.34
16.479372 4.34
16.542874 4.34
16.611498 4.34
16.662622 4.34
16.717124 4.34
16.775498 4.34
16.822749 4.34
16.872125 4.34
16.930500 4.34
16.977750 4.34
17.028376 4.34
17.091877 4.34
17.160502 4.34
17.218878 4.34
17.287503 4.34
17.345880 4.34
17.414503 4.34
17.472881 4.34
17.541505 4.34
17.610255 4.34
17.678883 4.34
17.747506 4.34
17.805883 4.34
17.874507 4.34
17.932884 4.34
18.001508 4.34
18.059885 4.34
18.128510 4.34
18.186885 4.34
18.255510 4.34
18.326012 4.34
18.389511 4.34
18.447888 4.34
18.516512 4.34
18.574888 4.34
18.643513 4.34
18.703515 4.34
18.761890 4.34
18.830515 4.34
18.890140 4.34
18.958766 4.34
19.027391 4.34
19.092519 4.34
19.156018 4.34
19.214393 4.34
19.269394 4.34
19.320520 4.34
19.375020 4.34
19.433395 4.34
19.488395 4.34
19.535646 4.34
19.586272 4.34
19.649771 4.34
19.718397 4.34
19.776773 4.34
19.845399 4.34
19.892650 4.34
19.943274 4.34
20.006775 4.34
20.075400 4.34
20.133776 4.34
20.202401 4.34
20.260777 4.34
20.329403 4.34
20.398153 4.34
20.466778 4.34
20.535404 4.34
20.593779 4.34
20.662405 4.34
20.720780 4.34
20.789406 4.34
20.847781 4.34
20.916407 4.34
20.974782 4.34
21.043407 4.34
21.112159 4.34
21.182536 4.34
21.237536 4.34
21.292412 4.34
21.350785 4.34
21.419411 4.34
21.479413 4.34
21.539414 4.34
21.597788 4.34
21.666413 4.34
21.740289 4.34
21.800414 4.34
21.860416 4.34
21.920417 4.34
21.973665 4.34
22.038791 4.34
22.097292 4.34
22.152292 4.34
22.203418 4.34
22.266919 4.34
22.325293 4.34
22.376418 4.34
22.432169 4.34
22.495669 4.34
22.559295 4.34
22.610420 4.34
22.666171 4.34
22.729671 4.34
22.798298 4.34
22.856672 4.34
22.925299 4.34
22.983673 4.34
23.052299 4.34
23.110674 4.34
23.179300 4.34
23.237676 4.34
23.301301 4.34
23.359676 4.34
23.428302 4.34
23.486677 4.34
23.555304 4.34
23.613678 4.34
23.682305 4.34
23.740679 4.34
23.809306 4.34
23.867680 4.34
23.931306 4.34
23.989681 4.34
24.058308 4.34
24.118310 4.34
24.178311 4.34
24.238311 4.34
24.296685 4.34
24.365310 4.34
24.425312 4.34
24.485312 4.34
24.548937 4.34
24.600314 4.34
24.660313 4.34
24.718813 4.34
24.773687 4.34
24.837189 4.34
24.892190 4.34
24.947190 4.34
24.998315 4.34
25.058317 4.34
25.111566 4.34
25.180193 4.34
25.231318 4.34
25.287068 4.34
25.350568 4.34
25.419193 4.34
25.466444 4.34
25.517070 4.34
25.580570 4.34
25.649194 4.34
25.707570 4.34
25.776196 4.34
25.834572 4.34
25.903197 4.34
25.961572 4.34
26.030198 4.34
26.088574 4.34
26.157199 4.34
26.215574 4.34
26.284201 4.34
26.342575 4.34
26.411201 4.34
26.469576 4.34
26.538202 4.34
26.596578 4.34
26.665203 4.34
26.725330 4.34
26.780330 4.34
26.835330 4.34
26.888580 4.34
26.957206 4.34
27.017207 4.34
27.077207 4.34
27.137208 4.34
27.197208 4.34
27.257209 4.34
27.317209 4.34
27.377210 4.34
27.437210 4.34
27.497210 4.34
27.560711 4.34
27.619086 4.34
27.674087 4.34
27.729087 4.34
27.776337 4.34
27.825713 4.34
27.884089 4.34
27.939088 4.34
27.990214 4.34
28.045966 4.34
28.109465 4.34
28.178091 4.34
28.236466 4.34
28.305109 4.34
28.368718 4.34
28.422234 4.34
28.477969 4.34
28.541720 4.34
28.595235 4.34
28.663853 4.34
28.732721 4.34
28.786238 4.34
28.860238 4.34
28.930598 4.34
28.994241 4.34
29.063239 4.34
29.140724 4.34
29.202600 4.34
29.261475 4.34
29.327250 4.34
29.396001 4.34
29.461367 4.34
29.530001 4.02
29.597256 4.34
29.661002 4.34
29.726604 4.34
29.785369 4.34
29.849130 4.34
29.926606 4.34
29.980133 4.34
30.039005 4.34
30.099371 4.34
30.168008 4.34
30.228374 4.34
30.296986 4.34
30.351985 4.34
30.399234 4.34
30.448609 4.34
30.506984 4.34
30.554235 4.34
30.603610 4.34
30.661986 4.34
30.709236 4.34
30.758611 4.34
30.816987 4.34
30.864237 4.34
30.913612 4.34
30.971989 4.34
31.019239 4.34
31.069865 4.34
31.133365 4.34
31.201991 4.34
31.260366 4.34
31.328992 4.34
31.387368 4.34
31.455992 4.34
31.514367 4.34
31.582993 4.34
31.641368 4.34
31.709995 4.34
31.768369 4.34
31.836995 4.34
31.895370 4.34
31.963996 4.34
32.022371 4.34
32.090997 4.34
32.149372 4.34
32.217998 4.34
32.278125 4.34
32.331374 4.34
32.400000 4.34
32.458375 4.34
32.527000 4.34
32.587002 4.34
32.645377 4.34
32.714002 4.34
32.774004 4.34
32.834004 4.34
32.894005 4.34
32.954006 4.34
33.017504 4.34
33.075881 4.34
33.130881 4.34
33.185881 4.34
33.240883 4.34
33.295883 4.34
33.350883 4.34
33.405884 4.34
33.460884 4.34
33.508134 4.34
33.557508 4.34
33.615885 4.34
33.667010 4.34
33.722760 4.34
33.786260 4.34
33.854888 4.34
33.913261 4.34
33.981888 4.34
34.040263 4.34
34.108890 4.34
34.167263 4.34
34.235891 4.34
34.294265 4.34
34.362891 4.34
34.421266 4.34
34.489893 4.34
34.548267 4.34
34.616894 4.34
34.675268 4.34
34.743894 4.34
34.802269 4.34
34.870896 4.34
34.929270 4.34
34.997897 4.34
35.058023 4.34
35.113023 4.34
35.168023 4.34
35.221272 4.34
35.289898 4.34
35.349899 4.34
35.408273 4.34
35.476900 4.34
35.536900 4.34
35.596902 4.34
35.656903 4.34
35.720401 4.34
35.783903 4.34
35.843903 4.34
35.907402 4.34
35.965904 4.34
36.029404 4.34
36.087779 4.34
36.135029 4.34
36.184405 4.34
36.242781 4.34
36.297781 4.34
36.345032 4.34
36.394406 4.34
36.452782 4.34
36.500032 4.34
36.550657 4.34
36.614159 4.34
36.682784 4.34
36.741160 4.34
36.809785 4.34
36.857035 4.34
36.907660 4.34
36.971161 4.34
37.039786 4.34
37.108412 4.34
37.166787 4.34
37.225164 4.34
37.293789 4.34
37.352165 4.34
37.420790 4.34
37.479165 4.34
37.542791 4.34
37.601167 4.34
37.669791 4.34
37.728168 4.34
37.796792 4.34
37.855169 4.34
37.923794 4.34
37.982170 4.34
38.050794 4.34
38.109170 4.34
38.172795 4.34
38.232798 4.34
38.292798 4.34
38.356422 4.34
38.407798 4.34
38.467799 4.34
38.531424 4.34
38.582800 4.34
38.642800 4.34
38.706425 4.34
38.761301 4.34
38.824800 4.34
38.884427 4.34
38.953052 4.34
39.021678 4.34
39.076677 4.34
39.135054 4.34
39.203679 4.34
39.250930 4.34
39.309305 4.34
39.367680 4.34
39.414931 4.34
39.464306 4.34
39.522681 4.34
39.569933 4.34
39.620557 4.34
39.684058 4.34
39.752683 4.34
39.811059 4.34
39.879684 4.34
39.938060 4.34
40.006685 4.34
40.053936 4.34
40.117436 4.34
40.186062 4.34
40.254688 4.34
40.318313 4.34
40.376688 4.34
40.435064 4.34
40.503689 4.34
40.562065 4.34
40.630691 4.34
40.689066 4.34
40.757691 4.34
40.816067 4.34
40.884693 4.34
40.948318 4.34
40.999695 4.34
41.058069 4.34
41.126695 4.34
41.186696 4.34
41.246697 4.34
41.306698 4.34
41.366698 4.34
41.426699 4.34
41.479949 4.34
41.545073 4.34
41.613699 4.34
41.673700 4.34
41.726951 4.34
41.795575 4.34
41.850575 4.34
41.901825 4.34
41.952451 4.34
42.015953 4.34
42.084577 4.34
42.131828 4.34
42.182453 4.34
42.245956 4.34
42.314579 4.34
42.361830 4.34
42.412455 4.34
42.475957 4.34
42.544580 4.34
42.602957 4.34
42.671581 4.34
42.718832 4.34
42.778458 4.34
42.841959 4.34
42.910584 4.34
42.968960 4.34
43.037585 4.34
43.095961 4.34
43.164586 4.34
43.222962 4.34
43.291587 4.34
43.349964 4.34
43.418588 4.34
43.476965 4.34
43.545588 4.34
43.603965 4.34
43.672589 4.34
43.743091 4.34
43.806590 4.34
43.864967 4.34
43.933592 4.34
43.993595 4.34
44.057359 4.34
44.143120 4.34
44.194596 4.34
44.247852 4.34
44.325245 4.34
44.376599 4.34
44.429854 4.34
44.507363 4.34
44.562626 4.34
44.615853 4.34
44.674600 4.34
44.743725 4.34
44.807601 4.34
44.863476 4.34
44.919857 4.34
44.978727 4.34
45.047727 4.34
45.107603 4.34
45.176478 4.34
45.235129 4.34
45.288729 4.34
45.357480 4.34
45.429861 4.34
45.493481 4.34
45.552133 4.34
45.605732 4.34
45.669483 4.34
45.738733 4.34
45.807484 4.34
45.893501 4.34
45.962735 4.34
46.031735 4.34
46.100486 4.34
46.174611 4.34
46.248487 4.34
46.317737 4.34
46.382987 4.34
46.446487 4.34
46.504865 4.34
46.573488 4.34
46.631865 4.34
46.700490 4.34
46.760491 4.34
46.820492 4.34
46.880492 4.34
46.940492 4.34
47.000493 4.34
47.060494 4.34
47.120494 4.34
47.183993 4.34
47.247494 4.34
47.307496 4.34
47.370995 4.34
47.429370 4.34
47.484370 4.34
47.535496 4.34
47.591247 4.34
47.660277 6.01
47.725041 6.36
47.784062 6.36
47.843016 6.36
47.896625 6.36
47.961142 6.36
48.025628 6.36
48.084627 6.36
48.153626 6.68
48.217378 6.68
48.281757 6.68
48.340630 6.68
48.399755 6.68
48.458629 6.68
48.527531 6.68
48.594044 7.02
48.669037 7.02
48.727757 7.02
48.796383 7.02
48.866513 7.02
48.925636 7.02
48.989510 7.02
49.053635 7.02
49.112775 7.37
49.167288 7.37
49.228765 7.37
49.288014 7.37
49.343544 7.37
49.402637 7.37
49.462291 7.69
49.518285 7.69
49.574284 7.69
49.633640 7.69
49.692515 7.69
49.751771 7.69
49.805519 7.69
49.866419 8.03
49.920043 8.03
49.983919 8.03
50.042943 8.03
50.106927 8.03
50.170923 8.03
50.217049 8.03
50.280922 8.03
50.345778 8.35
50.395942 8.35
50.459931 8.35
50.523927 8.35
50.588069 8.35
50.648292 8.35
50.704289 8.70
50.768398 8.70
50.832413 8.70
50.902185 8.70
50.961780 8.70
51.011936 8.70
51.075933 8.70
51.139931 9.04
51.199079 8.70
51.263404 9.04
51.327403 9.04
51.391420 9.04
51.455404 9.04
51.525533 9.04
51.599938 9.36
51.663935 9.36
51.727934 9.36
51.792412 9.36
51.853443 9.36
51.912533 9.36
51.971426 9.36
52.035409 9.36
52.104949 9.71
52.168944 9.71
52.232940 9.71
52.296940 9.71
52.355957 9.71
52.425790 10.03
52.484957 10.03
52.547301 10.03
52.606434 9.71
52.671948 9.71
52.736415 9.71
52.797088 10.03
52.862116 10.03
52.922098 10.03
52.986958 10.03
53.052966 9.71
53.117432 10.03
53.173071 10.03
53.228549 9.71
53.284302 9.71
53.348548 9.71
53.407420 10.03
53.466548 9.71
53.525923 10.03
53.594949 9.71
53.658954 10.03
53.728315 9.71
53.792552 9.71
53.851426 10.03
53.915954 10.03
53.985174 10.03
54.049442 10.03
54.113180 10.03
54.176957 9.71
54.246319 9.71
54.310554 9.71
54.374319 9.71
54.438445 10.03
54.502446 10.03
54.571323 10.03
54.645804 9.71
54.704806 9.71
54.768806 9.71
54.832806 9.71
54.898682 9.71
54.952182 10.03
55.010980 9.71
55.070309 10.03
55.144446 10.03
55.203558 10.03
55.267059 10.03
55.330811 9.71
55.399686 10.03
55.458435 9.71
55.522437 9.71
55.583085 9.71
55.644939 10.03
55.708440 9.71
55.767195 10.03
55.841081 10.03
55.888314 9.71
55.947456 10.03
55.997440 10.03
56.052440 10.03
56.121817 10.03
56.181946 9.71
56.245450 10.03
56.300332 10.03
56.364444 10.03
56.419444 10.03
56.483336 10.03
56.552070 10.03
56.607976 10.03
56.676821 10.03
56.732974 10.03
56.788226 10.03
56.844099 10.03
56.913344 9.71
56.972101 10.03
57.041126 10.03
57.110343 10.03
57.184091 9.71
57.254575 9.71
57.308343 9.71
57.367469 9.04
57.433577 8.70
57.492452 8.35
57.561078 7.69
57.626578 7.02
57.685095 7.02
57.755579 7.02
57.814080 6.68
57.884456 7.02
57.943097 7.02
58.017081 7.02
58.085987 6.68
58.146473 6.68
58.204987 6.68
58.267114 7.02
58.331084 6.68
58.395357 7.02
58.459838 6.68
58.523585 6.68
58.581961 6.68
58.636962 7.02
58.691963 6.68
58.757361 6.68
58.821358 6.68
58.889964 6.68
58.937232 7.02
58.987966 6.68
59.035229 6.68
59.085966 6.68
59.150238 6.68
59.208967 6.68
59.264341 6.36
59.327968 6.68
59.389970 6.68
59.454843 6.68
59.513344 6.68
59.576969 6.68
59.645719 6.68
59.714721 6.68
59.778972 6.68
59.843972 6.68
59.907596 6.68
59.961127 6.68
60.035002 6.68
60.108990 6.36
60.178003 6.36
60.247002 6.68
60.321004 6.68
60.391601 6.68
60.453603 6.68
60.522351 6.68
60.586004 6.68
60.660007 6.68
60.733979 6.68
60.798133 6.68
60.866980 6.68
60.935980 6.68
60.999981 6.68
61.059982 6.36
61.113231 6.36
61.173492 6.68
61.232733 6.68
61.296232 6.36
61.360009 6.36
61.433984 6.68
61.502868 6.68
61.554743 6.68
61.619256 6.68
61.672865 6.68
61.734613 6.68
61.803253 6.68
61.858142 6.68
61.917368 6.68
61.970869 6.68
62.018115 6.68
62.081873 6.68
62.150872 6.68
62.224873 6.68
62.299366 6.68
62.357868 6.68
62.421492 6.68
62.485257 6.68
62.548993 6.68
62.622906 6.68
62.692753 6.68
62.756873 6.68
62.815246 6.68
62.878995 6.68
62.947620 6.68
63.016260 6.36
63.084873 6.68
63.144999 6.68
63.199999 6.68
63.255000 6.68
63.310000 6.68
63.365000 6.68
63.423499 6.68
63.488877 6.68
63.548877 6.68
63.608878 6.68
63.668878 6.68
63.728907 6.68
63.788879 6.68
63.848752 6.68
63.908879 6.68
63.968881 6.68
64.032380 6.68
64.095907 6.68
64.165019 6.68
64.228909 6.68
64.297756 6.68
64.363757 6.68
64.424273 6.68
64.483056 6.68
64.546760 6.68
64.612385 6.68
64.672635 6.68
64.731277 6.68
64.794761 6.68
64.859011 6.36
64.927762 6.36
64.996763 6.36
65.065918 6.36
65.134919 6.36
65.204155 6.36
65.268640 6.36
65.332516 6.36
65.401281 6.36
65.460047 6.36
65.523920 6.36
65.592922 6.36
65.661768 6.36
65.731036 6.36
65.800645 6.36
65.859284 6.36
65.922943 6.36
65.983947 6.36
66.047771 6.36
66.116771 6.36
66.185929 6.36
66.249773 6.36
66.318900 6.36
66.389148 6.36
66.447775 6.36
66.522025 6.36
66.590925 6.36
66.660192 6.36
66.724944 6.36
66.783903 6.36
66.842934 6.36
66.901653 6.36
66.967404 6.36
67.031543 6.36
67.101536 6.36
67.170944 6.36
67.234656 6.36
67.291031 6.36
67.359657 6.36
67.420034 6.36
67.478658 6.36
67.544408 6.36
67.608409 6.36
67.667034 6.36
67.725660 6.36
67.797542 6.36
67.851056 6.36
67.914944 6.36
67.973786 6.36
68.038941 6.36
68.102788 6.36
68.161787 6.36
68.230414 6.36
68.289039 6.36
68.347790 6.36
68.411790 6.36
68.475983 6.36
68.544186 6.36
68.602794 6.36
68.676949 6.36
68.740793 6.36
68.809793 6.36
68.873795 6.36
68.937669 6.36
69.008311 6.36
69.068671 6.36
69.139311 6.36
69.190699 6.36
69.245699 6.36
69.300702 6.36
69.359423 6.36
69.423441 6.36
69.487424 6.36
69.547704 6.36
69.602701 6.36
69.657702 6.36
69.707316 6.36
69.776316 6.36
69.839952 6.36
69.893677 6.36
69.949433 6.36
70.013303 6.36
70.081929 6.36
70.140679 6.36
70.196430 6.36
70.255197 6.36
70.308681 6.36
70.372805 6.36
70.423432 6.36
70.482181 6.36
70.540556 6.36
70.600322 6.36
70.674198 6.36
70.727683 6.36
70.791684 6.36
70.865560 6.36
70.929203 6.36
70.987686 6.36
71.056452 6.36
71.115203 6.36
71.168827 6.36
71.233693 6.36
71.297691 6.36
71.361690 6.36
71.435564 6.36
71.499206 6.36
71.554726 6.36
71.618691 6.36
71.692692 6.36
71.766567 6.36
71.825211 6.36
71.889342 6.36
71.959723 6.36
72.028569 6.36
72.092195 6.36
72.143320 6.36
72.207196 6.36
72.258608 6.36
72.309447 6.36
72.368212 6.36
72.423197 6.36
72.473087 6.36
72.526699 6.36
72.577449 6.36
72.632574 6.36
72.706450 6.36
72.753825 6.36
72.817451 6.36
72.864826 6.36
72.928451 6.36
72.975827 6.36
73.039453 6.36
73.086828 6.36
73.150453 6.36
73.206829 6.36
73.265579 6.36
73.339881 6.36
73.398454 6.36
73.456830 6.36
73.525455 6.36
73.583831 6.36
73.652456 6.36
73.711373 6.36
73.768589 6.36
73.837585 6.36
73.906585 6.36
73.971460 6.36
74.035099 6.36
74.088600 6.36
74.147837 6.36
74.216461 6.36
74.274837 6.36
74.343462 6.36
74.401838 6.36
74.470464 6.36
74.536661 6.36
74.591624 6.36
74.650120 6.36
74.720621 6.36
74.779109 6.36
74.830496 6.36
74.890497 6.36
74.949093 6.36
75.000548 6.36
75.055598 6.36
75.110594 6.36
75.164042 6.36
75.219600 6.36
75.283722 6.36
75.347472 6.36
75.410999 6.36
75.464365 6.36
75.519364 6.36
75.570598 6.36
75.634728 6.36
75.698725 6.36
75.757725 6.36
75.821365 6.36
75.885350 6.36
75.946021 6.36
76.015122 6.36
76.075368 6.36
76.131369 6.36
76.187369 6.36
76.243370 6.36
76.299370 6.36
76.368873 6.36
76.424008 6.36
76.477604 6.36
76.537232 6.36
76.596252 6.36
76.655114 6.36
76.713731 6.36
76.777732 6.36
76.846358 6.36
76.910138 0.05
76.973988 6.36
77.038748 6.36
77.097612 6.36
77.158515 6.36
77.219517 6.36
77.278362 6.36
77.342991 6.36
77.398490 6.36
77.464525 6.36
77.523395 6.36
77.587363 6.36
77.647400 6.36
77.706492 6.36
77.772395 6.36
77.827394 6.36
77.887370 6.36
77.946025 6.36
78.015368 6.36
78.078884 12.32
78.137386 6.36
78.201371 6.36
78.259871 6.36
78.318262 6.36
78.365495 6.36
78.423872 0.05
78.482634 6.36
78.536372 0.05
78.592134 6.36
78.655636 6.36
78.719249 6.36
78.766505 6.36
78.817123 12.32
78.880631 6.36
78.949251 6.36
78.996499 6.36
79.051377 6.36
79.126133 6.36
79.177389 6.36
79.247045 6.36
79.313409 6.36
79.377407 6.36
79.436642 6.36
79.495918 6.36
79.560636 6.36
79.625088 6.36
79.684176 6.36
79.745167 6.36
79.805448 6.36
79.864513 6.36
79.934181 6.36
79.996413 6.36
80.061758 6.36
80.125395 6.36
80.184260 6.36
80.248513 6.36
80.302889 6.36
80.358273 6.36
80.427400 6.36
80.486263 6.36
80.546264 6.36
80.606264 6.36
80.665406 6.36
80.729520 6.36
80.788645 6.36
80.847766 6.36
80.908266 6.36
80.977769 6.36
81.042404 6.36
81.098190 6.36
81.168408 6.36
81.228936 6.36
81.304059 6.36
81.369179 6.36
81.429656 6.36
81.480194 6.36
81.550109 6.36
81.617030 6.36
81.682180 6.36
81.748174 6.36
81.818539 6.36
81.878188 6.36
81.948221 6.36
82.018076 6.36
82.083052 6.36
82.142415 6.36
82.202048 6.36
82.261416 6.36
82.312403 6.36
82.376979 6.36
82.431029 6.36
82.500156 6.36
82.564420 6.36
82.633161 6.36
82.703659 6.36
82.762793 6.36
82.824657 6.36
82.888421 6.36
82.942285 6.36
83.001290 6.36
83.071298 6.36
83.140964 6.36
83.199784 6.36
83.263785 6.36
83.334164 6.36
83.403416 6.36
83.472037 6.36
83.529171 6.36
83.587791 6.36
83.639164 6.36
83.692423 6.36
83.746949 6.36
83.807040 6.36
83.867171 6.36
83.930665 6.36
83.989040 6.36
84.040165 6.36
84.104294 6.36
84.153668 6.36
84.212045 6.36
84.259292 6.36
84.308802 6.36
84.377418 6.36
84.446060 6.36
84.515094 6.36
84.589795 6.36
84.658798 6.36
84.719066 6.36
84.783422 6.36
84.8