0.000000 0.000000
0.052392 42.78
0.119405 42.78
0.169258 42.78
0.219881 42.78
0.283381 42.22
0.353756 42.22
0.399255 42.22
0.449880 42.22
0.513380 42.22
0.587131 42.22
0.640381 42.22
0.714705 42.22
0.775907 42.22
0.840943 42.22
0.905911 41.67
0.970909 42.22
1.035672 42.22
1.101388 42.22
1.165387 42.22
1.229387 42.22
1.293388 42.22
1.357388 42.22
1.422841 42.22
1.488913 42.22
1.553393 42.22
1.612391 42.22
1.676141 42.22
1.746791 42.22
1.810392 42.22
1.869142 42.22
1.933268 42.22
2.003669 42.22
2.067394 41.67
2.127671 42.22
2.177395 42.22
2.241145 42.22
2.311674 42.22
2.357271 42.22
2.421146 42.22
2.490147 41.67
2.560649 42.22
2.624398 41.67
2.689650 41.67
2.735149 41.67
2.800651 41.67
2.859401 41.67
2.928151 41.67
2.993677 41.67
3.053652 41.67
3.127555 41.67
3.173278 41.67
3.242153 41.67
3.312655 41.67
3.371404 41.67
3.440155 41.67
3.514156 41.67
3.588281 41.67
3.662282 41.67
3.731157 41.67
3.800048 41.67
3.874283 41.67
3.948158 41.67
4.017160 41.67
4.086160 41.67
4.160286 41.67
4.229161 41.67
4.298287 41.67
4.372163 41.67
4.446288 41.67
4.520164 41.67
4.594165 41.67
4.668165 41.67
4.742165 41.67
4.816290 41.67
4.880166 41.67
4.944167 41.67
5.013167 41.67
5.068168 41.67
5.128547 41.67
5.190547 41.67
5.252546 41.67
5.311294 41.67
5.371571 41.67
5.430170 41.67
5.500549 41.67
5.555046 41.67
5.604422 41.67
5.667922 41.67
5.721172 41.67
5.791551 41.67
5.837049 41.67
5.887674 41.67
5.946174 41.67
6.016552 41.67
6.062051 41.67
6.112676 41.67
6.176176 41.67
6.249927 41.67
6.303177 41.67
6.376928 41.67
6.430178 41.67
6.498929 41.67
6.552178 41.67
6.625930 41.67
6.679180 41.67
6.752930 41.67
6.806181 41.67
6.879932 41.67
6.933182 41.67
7.006933 41.67
7.060183 41.67
7.128934 41.67
7.182184 41.67
7.255936 41.67
7.309185 41.67
7.382935 41.67
7.437812 41.67
7.496186 41.67
7.569938 41.67
7.624813 41.67
7.684813 41.67
7.748438 41.67
7.817065 41.67
7.887441 41.67
7.950940 41.67
8.005817 41.67
8.065817 41.67
8.129316 41.67
8.184443 41.67
8.237693 41.67
8.296068 41.67
8.366445 41.67
8.421446 41.67
8.466945 41.67
8.517571 41.67
8.581071 41.67
8.651448 41.67
8.696946 41.67
8.746322 41.67
8.809822 41.67
8.863073 41.67
8.936823 41.67
8.990073 41.67
9.060451 41.67
9.105950 41.67
9.156577 41.67
9.220076 41.67
9.293826 41.67
9.347076 41.67
9.420827 41.67
9.479327 41.67
9.542828 41.67
9.596078 41.67
9.669829 41.67
9.723080 41.67
9.796830 41.67
9.850080 41.67
9.923831 41.67
9.977082 41.67
10.050832 41.67
10.109332 41.67
10.172833 41.67
10.227709 41.67
10.282709 41.67
10.341084 41.67
10.414836 41.67
10.473335 41.67
10.524711 41.67
10.584712 41.67
10.639712 41.67
10.699712 41.67
10.759713 41.67
10.814713 41.67
10.878214 41.67
10.946988 41.67
11.015980 41.67
11.084980 41.67
11.153982 41.67
11.222982 41.67
11.291981 41.67
11.365983 41.67
11.434982 41.67
11.501745 41.67
11.554983 41.67
11.621987 41.67
11.690746 41.67
11.743987 41.67
11.810987 41.67
11.879988 41.67
11.948986 41.67
12.017749 41.67
12.070990 41.67
12.139992 41.67
12.213991 41.67
12.282992 41.67
12.350101 41.67
12.408992 41.67
12.481353 41.67
12.550353 41.67
12.614353 41.67
12.683354 41.67
12.747354 41.67
12.815994 41.67
12.879995 41.67
12.943998 41.67
13.007997 41.67
13.071998 41.67
13.144358 41.67
13.208359 41.67
13.272359 41.67
13.342635 41.67
13.393360 41.67
13.457360 41.67
13.526361 41.67
13.590003 41.67
13.655265 41.67
13.701002 41.67
13.766263 41.67
13.812004 41.67
13.877258 41.67
13.923005 41.67
13.986881 41.67
14.050879 41.67
14.115005 41.67
14.173882 41.67
14.234263 41.67
14.280008 41.67
14.338643 41.67
14.392242 41.67
14.466243 41.67
14.530008 41.67
14.593643 41.67
14.647245 41.67
14.711009 41.67
14.774887 41.67
14.843760 41.67
14.912648 41.67
14.966122 41.67
15.019762 41.67
15.093650 41.67
15.157765 41.67
15.221766 41.67
15.285375 41.67
15.349000 41.67
15.417652 41.67
15.471127 41.67
15.525017 41.67
15.588652 41.67
15.652654 41.67
15.706128 41.67
15.759769 41.67
15.833655 41.67
15.902657 41.67
15.971381 41.67
16.031507 41.67
16.095632 41.67
16.154007 41.67
16.222632 41.67
16.277509 41.67
16.337509 41.67
16.390759 41.67
16.461135 41.67
16.524635 41.67
16.583011 41.67
16.646536 41.67
16.699153 41.67
16.744777 41.67
16.815155 41.67
16.860779 41.67
16.934664 41.67
17.000140 41.67
17.045781 41.67
17.114665 41.67
17.170516 41.67
17.226517 41.67
17.282517 41.67
17.338518 41.67
17.394518 41.67
17.459518 41.67
17.528519 41.67
17.602519 41.67
17.658520 41.67
17.727668 41.67
17.801521 41.67
17.866522 41.67
17.940522 41.67
18.014526 41.67
18.088523 41.67
18.162524 41.67
18.231527 41.67
18.305525 41.67
18.374526 41.67
18.443527 41.67
18.512553 41.67
18.586553 41.67
18.650529 41.67
18.714532 41.67
18.778529 41.67
18.842530 41.67
18.906531 41.67
18.970531 41.67
19.034531 41.67
19.093532 41.67
19.157533 41.67
19.221533 41.67
19.285534 41.67
19.349534 41.67
19.408658 41.67
19.472535 41.67
19.536536 41.67
19.600536 41.67
19.664537 41.67
19.719537 41.67
19.783538 41.67
19.847538 41.67
19.911541 41.67
19.975563 41.67
20.039567 41.67
20.103540 41.67
20.167540 41.67
20.231540 41.67
20.295541 41.67
20.359544 41.67
20.423542 41.67
20.487543 41.67
20.551570 41.67
20.615571 41.67
20.679570 41.67
20.743571 41.67
20.807572 41.67
20.871572 41.11
20.935573 41.67
20.999574 41.67
21.063573 41.67
21.127573 41.67
21.197065 41.67
21.261173 41.67
21.320062 41.67
21.384062 41.67
21.448066 41.67
21.512067 41.67
21.576176 41.11
21.635067 41.67
21.699067 41.67
21.757941 41.67
21.813068 41.67
21.877179 41.11
21.936069 41.67
22.000070 41.67
22.058818 41.67
22.117572 41.67
22.181573 41.67
22.240431 41.67
22.304573 41.11
22.368577 41.67
22.418433 41.11
22.467824 41.11
22.526573 41.11
22.590575 41.67
22.645433 41.67
22.696059 41.11
22.755075 41.67
22.815060 41.67
22.879075 41.11
22.935061 41.11
23.009312 41.11
23.064062 41.67
23.128079 41.11
23.184064 41.11
23.248080 41.11
23.312189 41.11
23.386566 41.11
23.450567 41.11
23.509441 41.11
23.583568 41.11
23.647568 41.11
23.717084 41.11
23.781193 41.11
23.850319 41.11
23.919319 41.11
23.972835 41.11
24.038320 41.11
24.091837 41.11
24.157322 41.11
24.210837 41.11
24.276323 41.11
24.329838 41.11
24.379837 41.11
24.445324 41.11
24.514324 41.11
24.567963 41.11
24.638852 41.11
24.692450 41.11
24.751450 41.11
24.810605 41.11
24.864452 41.11
24.919453 41.11
24.974453 41.11
25.029454 41.11
25.088453 41.11
25.143454 41.11
25.198455 41.11
25.253455 41.11
25.308455 41.11
25.363456 41.11
25.418456 41.11
25.473457 41.11
25.528457 41.11
25.583457 41.11
25.638458 41.11
25.693459 41.11
25.748459 41.11
25.803460 41.11
25.867459 41.11
25.936336 41.11
25.992211 41.11
26.061336 41.11
26.117602 41.11
26.176338 41.11
26.240462 41.11
26.309339 41.11
26.372981 41.11
26.441857 41.11
26.510728 41.11
26.569341 41.11
26.638341 41.11
26.703592 41.11
26.762217 41.11
26.820734 41.11
26.886344 41.11
26.955343 41.11
27.019219 41.11
27.077744 41.11
27.143095 41.11
27.201747 41.11
27.256745 41.11
27.320748 41.11
27.389347 41.11
27.459724 41.11
27.518348 41.11
27.592224 41.11
27.662725 41.11
27.712350 41.11
27.786225 41.11
27.847727 41.11
27.897351 41.11
27.971102 41.11
28.045352 41.11
28.109104 41.11
28.183354 41.11
28.257104 41.11
28.331230 41.11
28.396230 41.11
28.461231 41.11
28.526232 41.11
28.600107 41.11
28.674108 41.11
28.748108 41.11
28.822234 41.11
28.891234 41.11
28.956235 41.11
29.030236 41.11
29.104111 41.11
29.178362 41.11
29.252113 41.11
29.326238 41.11
29.400113 41.11
29.474114 41.11
29.539490 41.11
29.598240 41.11
29.663492 41.11
29.722241 41.11
29.796117 41.11
29.870117 41.11
29.939243 41.11
30.008009 41.11
30.066770 41.11
30.130644 41.11
30.194370 41.11
30.258370 41.11
30.327246 41.11
30.392622 41.11
30.451372 41.11
30.516624 41.11
30.580373 41.11
30.640624 41.11
30.699374 41.11
30.759626 41.11
30.818375 41.11
30.887125 41.11
30.961126 41.11
31.035126 41.11
31.104127 41.11
31.178128 41.11
31.252128 41.11
31.322630 41.11
31.386380 41.11
31.455130 41.11
31.529131 41.11
31.603131 41.11
31.672256 41.11
31.746132 41.11
31.820132 41.11
31.889134 41.11
31.963134 41.11
32.037134 41.11
32.111135 41.11
32.185136 41.11
32.254136 41.11
32.323262 41.11
32.392262 41.11
32.466138 41.11
32.540139 41.11
32.614264 41.11
32.683390 41.11
32.742141 41.11
32.816141 41.11
32.890141 41.11
32.964142 41.11
33.038143 41.11
33.112268 41.11
33.181143 41.11
33.240020 41.11
33.300522 41.11
33.375145 41.11
33.444270 41.11
33.508271 41.11
33.568525 41.11
33.630526 41.11
33.689148 41.11
33.749527 41.11
33.808148 41.11
33.872038 41.11
33.937528 41.11
34.012275 41.11
34.072530 41.11
34.131151 41.11
34.195043 41.11
34.264042 41.11
34.333044 41.11
34.402154 41.11
34.466030 41.11
34.530155 41.11
34.594030 41.11
34.663047 41.11
34.732046 41.11
34.801282 41.11
34.865282 41.11
34.929046 41.11
34.998050 41.11
35.067159 41.11
35.136284 41.11
35.197051 41.11
35.266286 41.11
35.330051 41.11
35.399162 41.11
35.463050 41.11
35.532163 41.11
35.596038 41.11
35.665053 41.11
35.734055 41.11
35.803053 41.11
35.867040 41.11
35.936166 41.11
36.000057 41.11
36.064056 41.11
36.128058 41.11
36.192058 41.11
36.256059 41.11
36.315059 41.11
36.379061 41.11
36.443060 41.11
36.507062 41.11
36.570937 41.11
36.640062 41.11
36.704063 41.11
36.763064 41.11
36.827064 41.11
36.891065 41.11
36.955063 41.11
37.019175 41.11
37.078066 41.11
37.142064 41.11
37.206066 41.11
37.270068 41.11
37.334068 41.11
37.393068 41.11
37.457066 41.11
37.521067 41.11
37.585068 41.11
37.649068 41.11
37.708068 41.11
37.772071 41.11
37.836072 41.11
37.900070 41.11
37.964073 41.11
38.023072 41.11
38.087074 41.11
38.151075 41.11
38.215073 41.11
38.279073 41.11
38.338076 41.11
38.402077 41.11
38.466076 41.11
38.530077 41.11
38.594084 41.11
38.653078 41.11
38.717078 41.11
38.781080 41.11
38.845079 41.11
38.903565 41.11
38.957190 41.11
39.010832 41.11
39.061441 41.11
39.120067 41.11
39.180323 41.11
39.225830 41.11
39.276443 41.11
39.335069 41.11
39.395325 41.11
39.440835 41.11
39.491444 41.11
39.550070 41.11
39.613709 41.11
39.667196 41.11
39.720837 41.11
39.784447 41.11
39.843072 41.11
39.906712 41.11
39.961449 41.11
40.020074 41.11
40.083716 41.11
40.152715 41.11
40.206200 41.11
40.259841 41.11
40.328715 41.11
40.397717 41.11
40.451202 41.11
40.504842 41.11
40.573717 41.11
40.637967 41.11
40.706718 41.11
40.775722 41.11
40.829331 41.11
40.893331 41.11
40.957331 41.11
41.021331 41.11
41.085208 41.11
41.150724 41.11
41.207098 41.11
41.265974 41.11
41.329724 41.11
41.393460 41.11
41.452335 41.11
41.516335 41.11
41.580336 41.11
41.654337 41.11
41.717977 41.11
41.783240 41.11
41.836855 41.11
41.907215 41.11
41.956855 41.11
42.027230 41.11
42.081730 41.11
42.132340 41.11
42.201091 41.11
42.261217 41.11
42.306747 41.11
42.357342 41.11
42.421093 41.11
42.484593 41.11
42.540859 41.11
42.609733 41.11
42.660344 41.11
42.724095 41.11
42.782747 41.11
42.833346 41.11
42.897097 41.11
42.955748 41.11
43.019223 41.11
43.101599 41.11
43.173748 41.11
43.247599 41.11
43.300863 41.11
43.378225 41.11
43.447101 41.11
43.505632 41.11
43.558993 41.11
43.627630 41.11
43.681103 41.11
43.734752 41.11
43.808628 41.11
43.889105 41.11
43.959634 41.11
44.013106 41.11
44.076758 41.11
44.150632 41.11
44.204108 41.11
44.254108 41.11
44.304108 41.11
44.359234 41.11
44.422758 41.11
44.493123 41.11
44.546761 41.11
44.620638 41.11
44.684637 41.11
44.734112 41.11
44.802762 41.11
44.868140 41.11
44.913754 41.11
44.984140 41.11
45.029753 41.11
45.098527 41.11
45.172528 41.11
45.232642 41.11
45.296643 41.11
45.352525 41.11
45.416646 41.11
45.490525 41.11
45.564884 41.11
45.623645 41.11
45.687642 41.11
45.761526 41.11
45.830515 41.11
45.904645 41.11
45.973516 41.11
46.042647 41.11
46.111514 41.11
46.175649 41.11
46.249649 41.11
46.323518 41.11
46.397518 41.11
46.466517 41.11
46.540520 41.11
46.604518 41.11
46.673519 41.11
46.747519 41.11
46.821654 41.11
46.895520 41.11
46.959657 41.11
47.023508 41.11
47.087506 41.11
47.151507 41.11
47.215508 41.11
47.279508 41.11
47.343508 41.11
47.407510 41.11
47.471511 41.11
47.535510 41.11
47.599510 41.11
47.663511 41.11
47.727512 41.11
47.791513 41.11
47.850512 41.11
47.914513 41.11
47.974143 41.11
48.035549 41.11
48.094907 41.11
48.144667 41.67
48.199669 41.67
48.259274 41.67
48.329270 41.67
48.398547 41.67
48.462557 41.67
48.518687 41.67
48.583035 41.67
48.647037 41.67
48.711035 41.67
48.785549 41.67
48.845154 41.67
48.904689 41.67
48.968555 41.67
49.032554 41.67
49.096723 41.67
49.161703 41.67
49.215686 41.67
49.274555 41.67
49.338554 41.67
49.402816 41.67
49.457031 41.67
49.523404 41.67
49.587560 41.67
49.651556 41.67
49.721587 41.67
49.786156 41.67
49.840030 41.67
49.903920 42.22
49.968044 42.22
50.032713 42.22
50.092052 42.22
50.150925 42.22
50.215048 42.22
50.275174 42.22
50.340162 42.22
50.400569 42.22
50.461051 42.22
50.525034 42.22
50.590704 42.22
50.646054 42.22
50.711411 42.22
50.775565 42.22
50.835928 42.22
50.900816 42.22
50.951042 42.22
51.015575 42.22
51.070414 42.22
51.134568 42.22
51.199168 42.22
51.259573 42.22
51.323415 42.22
51.387569 42.22
51.446586 42.22
51.511061 42.22
51.580418 42.22
51.639418 42.22
51.703573 42.78
51.768428 42.22
51.829965 42.78
51.889047 42.78
51.954938 42.78
52.029718 42.78
52.093942 42.78
52.152938 42.78
52.211940 42.78
52.286423 42.78
52.345590 42.78
52.399584 42.78
52.454073 42.78
52.513747 42.78
52.569828 42.78
52.634759 42.78
52.695615 42.78
52.750077 42.78
52.815060 42.78
52.885741 42.78
52.936086 42.78
53.011435 42.78
53.075951 42.78
53.136432 42.78
53.195933 42.78
53.261744 42.78
53.317443 42.78
53.377060 43.33
53.435432 43.33
53.490432 43.33
53.554307 43.33
53.628434 43.33
53.687309 43.33
53.752585 43.33
53.806435 43.33
53.861436 43.33
53.921955 43.33
54.001436 43.33
54.065443 43.33
54.129439 43.33
54.193438 43.33
54.257953 43.33
54.327439 43.33
54.391315 43.33
54.451441 43.33
54.515442 43.33
54.579193 43.33
54.648441 43.33
54.712319 43.33
54.778321 43.33
54.842320 43.33
54.916319 43.33
54.980967 43.33
55.050865 43.33
55.120713 43.33
55.181323 43.33
55.246573 43.33
55.315196 43.33
55.370087 43.33
55.430073 43.33
55.483697 43.33
55.545730 43.33
55.599449 43.33
55.653326 43.33
55.719201 43.33
55.793456 43.33
55.843200 43.33
55.899202 43.33
55.959331 43.33
56.028203 43.33
56.092328 43.33
56.166203 43.33
56.215973 43.33
56.269454 43.33
56.323329 43.33
56.387456 43.33
56.446081 43.33
56.511207 43.33
56.580207 43.33
56.654207 43.33
56.710335 43.33
56.774334 43.33
56.838099 43.33
56.912084 43.33
56.970863 43.33
57.024461 43.33
57.093086 43.33
57.146336 43.33
57.220092 43.33
57.273337 43.33
57.347088 43.33
57.411092 43.33
57.475493 43.33
57.534344 43.33
57.598506 43.33
57.663230 43.33
57.727218 43.33
57.791217 43.33
57.856467 43.33
57.925217 43.33
57.999093 43.33
58.073095 43.33
58.147095 43.33
58.221345 43.33
58.281479 43.33
58.345221 43.33
58.415627 42.78
58.485225 42.78
58.540224 42.78
58.605626 42.78
58.664224 42.78
58.729630 42.78
58.784482 42.78
58.844627 42.78
58.899225 42.78
58.973101 42.78
59.038630 42.78
59.097227 42.78
59.166249 42.78
59.230763 42.78
59.289786 42.78
59.348483 42.78
59.403635 42.78
59.462355 42.78
59.526374 42.78
59.585114 42.78
59.635738 42.78
59.699236 42.78
59.772985 42.78
59.826236 42.78
59.900370 42.78
59.959495 42.78
60.018365 42.78
60.082781 42.78
60.141736 42.78
60.205361 42.78
60.274236 42.78
60.343114 42.78
60.417113 42.78
60.481242 42.78
60.545239 42.78
60.614644 42.78
60.683758 42.78
60.747644 42.78
60.813116 42.78
60.874126 42.78
60.938504 42.78
61.004117 42.78
61.073243 42.78
61.142244 42.78
61.210994 42.78
61.269495 42.78
61.320869 42.78
61.384371 42.78
61.444498 42.78
61.499501 42.78
61.554524 42.78
61.616531 42.78
61.678529 42.78
61.724013 42.78
61.774639 42.78
61.838249 42.78
61.897125 42.78
61.961137 42.78
62.029884 42.78
62.083132 42.78
62.153507 42.78
62.199005 42.78
62.249631 42.78
62.318630 42.78
62.379255 42.78
62.443129 42.78
62.512533 42.78
62.576255 42.78
62.640131 42.22
62.704131 42.22
62.773132 42.22
62.837133 42.78
62.911008 42.78
62.980134 42.78
63.044259 42.22
63.108135 42.22
63.172135 42.78
63.246135 42.22
63.310136 42.78
63.378886 42.22
63.438676 42.78
63.508015 42.22
63.577014 42.78
63.646138 42.78
63.715014 42.22
63.784144 42.22
63.839142 42.22
63.910423 42.78
63.974548 42.22
64.049142 42.78
64.104034 42.78
64.163570 42.78
64.233039 42.22
64.293425 42.78
64.347020 42.22
64.411020 42.22
64.471425 42.78
64.536402 42.22
64.598451 42.78
64.655432 42.22
64.719552 42.78
64.778398 42.78
64.842606 42.22
64.907149 42.22
64.971043 42.22
65.031428 42.22
65.095555 42.22
65.159554 42.22
65.223570 42.22
65.293028 42.78
65.356778 42.22
65.410029 42.22
65.479028 42.22
65.543155 42.22
65.602030 42.22
65.666155 42.22
65.725046 42.78
65.788796 42.22
65.847406 42.22
65.911563 42.22
65.976161 42.22
66.035034 42.78
66.098908 42.78
66.164284 42.78
66.228159 42.22
66.292160 42.22
66.351162 42.22
66.410036 42.22
66.473787 42.22
66.532412 42.22
66.598315 42.22
66.656804 42.22
66.712045 42.22
66.770934 42.22
66.840166 42.78
66.899040 42.22
66.962932 42.22
67.033321 42.22
67.083291 42.22
67.129292 42.22
67.197932 42.22
67.263318 42.78
67.308932 42.78
67.372807 42.22
67.425330 42.22
67.470935 42.22
67.534937 42.22
67.598813 42.22
67.649421 42.22
67.708171 42.22
67.761940 42.22
67.832303 42.22
67.877800 42.22
67.928425 42.22
67.991927 42.22
68.065677 42.22
68.118928 42.22
68.188949 42.22
68.252945 42.22
68.317052 42.22
68.375942 42.22
68.449678 42.22
68.503442 42.22
68.568057 42.22
68.626949 42.22
68.685947 42.22
68.749930 42.22
68.813945 42.22
68.883067 42.22
68.934715 42.22
69.003949 42.22
69.067933 42.22
69.141700 42.22
69.195308 42.22
69.259959 42.22
69.323826 42.22
69.392686 42.22
69.451310 42.22
69.525186 42.22
69.576437 42.22
69.635967 42.22
69.690440 42.22
69.754690 42.22
69.807217 42.22
69.852957 42.22
69.908220 42.22
69.953957 42.22
70.015073 42.22
70.079836 42.22
70.143710 42.22
70.196223 42.22
70.241959 42.22
70.300719 42.22
70.355975 42.22
70.415072 42.22
70.473713 42.22
70.537713 42.22
70.602599 42.22
70.671601 42.22
70.746849 42.22
70.811200 42.22
70.870199 42.22
70.929198 42.22
71.003073 42.22
71.056715 42.22
71.116458 42.22
71.186203 42.22
71.250075 42.22
71.303716 42.22
71.377607 42.22
71.447088 42.22
71.503084 42.22
71.556972 42.22
71.625614 42.22
71.689719 42.22
71.763608 42.22
71.832989 42.22
71.892489 42.22
71.956726 42.22
72.020727 42.22
72.084725 42.22
72.158613 42.22
72.227612 42.22
72.296613 42.22
72.349846 42.22
72.415089 42.22
72.478585 42.22
72.533460 42.22
72.588085 42.22
72.639460 42.22
72.702961 42.22
72.771587 42.22
72.826462 42.22
72.879712 42.22
72.950089 42.22
73.004589 42.22
73.059463 42.22
73.110219 42.22
73.173718 42.22
73.244095 42.22
73.289592 42.22
73.340217 42.22
73.398731 42.22
73.462768 42.22
73.531594 42.22
73.582219 42.22
73.645734 42.22
73.714595 42.22
73.765220 42.22
73.829221 42.22
73.892751 42.22
73.961480 42.22
74.019972 42.22
74.078751 42.22
74.142598 42.22
74.216632 42.22
74.285628 42.22
74.359482 42.22
74.418118 42.22
74.492101 42.22
74.561102 42.22
74.625102 42.22
74.688978 42.22
74.749479 42.22
74.818630 42.22
74.892482 42.22
74.961483 42.22
75.030634 42.22
75.104606 42.22
75.163635 42.22
75.227637 42.22
75.286646 42.22
75.351001 42.22
75.416358 42.22
75.469639 42.22
75.538487 42.22
75.607494 42.22
75.663489 42.22
75.727492 42.22
75.788018 42.22
75.846487 42.22
75.916003 42.22
75.980117 42.22
76.044016 42.22
76.108114 42.22
76.171864 42.22
76.235491 42.22
76.304500 42.22
76.373644 42.22
76.437635 42.22
76.502118 42.22
76.571506 42.22
76.645891 42.22
76.698368 42.22
76.762534 42.22
76.826545 42.22
76.895521 42.22
76.959539 42.22
77.023545 42.22
77.089379 42.22
77.158375 42.22
77.211640 42.22
77.280653 42.22
77.349873 42.22
77.409020 42.22
77.473533 42.22
77.542540 42.22
77.603377 42.22
77.662646 42.22
77.723377 42.22
77.792504 42.22
77.856555 42.22
77.925658 42.22
77.979677 42.22
78.043771 42.22
78.098895 42.22
78.160910 42.22
78.216256 42.22
78.280381 42.22
78.344536 42.22
78.399548 42.22
78.463383 42.22
78.527654 42.22
78.581700 42.22
78.645384 42.22
78.709539 42.22
78.769902 42.22
78.833901 42.22
78.897885 42.22
78.961886 42.22
79.027012 42.22
79.090779 42.22
79.149542 42.22
79.213545 42.22
79.277390 42.22
79.341390 42.22
79.405543 42.22
79.464910 42.22
79.533909 42.22
79.597909 42.22
79.662018 42.22
79.736393 42.22
79.800394 42.22
79.869930 42.22
79.949559 42.22
80.008396 42.22
80.072396 42.22
80.136396 42.22
80.195396 42.22
80.259527 42.22
80.328272 42.22
80.392400 42.22
80.456399 42.22
80.515399 42.22
80.579401 42.22
80.638400 42.22
80.697549 42.22
80.758282 42.22
80.824280 42.22
80.885277 42.22
80.945652 42.22
81.004408 42.22
81.063409 42.22
81.127404 42.22
81.187834 42.22
81.246405 42.22
81.305281 42.22
81.357817 42.