0.000000 0.000000
0.106457 0.88
0.161794 0.87
0.215043 0.87
0.271291 0.87
0.327041 0.87
0.390540 0.87
0.454041 0.87
0.506415 0.88
0.555791 0.88
0.609042 0.87
0.661416 0.87
0.720683 0.87
0.796245 0.87
0.871683 0.88
0.947572 0.87
1.017675 0.88
1.076672 0.87
1.135672 0.87
1.204672 0.87
1.273672 0.87
1.342797 0.87
1.407595 0.79
1.472446 0.78
1.531678 0.78
1.590676 0.79
1.649550 0.79
1.708675 0.79
1.777676 0.79
1.846677 0.79
1.915677 0.79
1.984927 0.78
2.043553 0.78
2.104192 0.79
2.168078 0.79
2.237206 0.78
2.301083 0.78
2.370081 0.80
2.434081 0.79
2.503447 0.79
2.562084 0.79
2.631682 0.79
2.696932 0.78
2.771684 0.79
2.835809 0.80
2.894575 0.79
2.960061 0.79
3.024064 0.79
3.083062 0.79
3.147062 0.78
3.211087 0.78
3.275089 0.79
3.339067 0.79
3.403211 0.79
3.462065 0.79
3.526065 0.79
3.585089 0.79
3.649204 0.79
3.712940 0.78
3.782065 0.78
3.851067 0.79
3.920069 0.78
3.983942 0.79
4.052942 0.79
4.130457 0.79
4.188944 0.78
4.258070 0.78
4.327070 0.78
4.399070 0.79
4.468070 0.79
4.545588 0.78
4.614587 0.79
4.683586 0.79
4.747463 0.78
4.805956 0.80
4.875074 0.80
4.944074 0.79
5.021588 0.79
5.090589 0.78
5.159589 0.79
5.223466 0.78
5.283577 0.79
5.342606 0.78
5.392466 0.79
5.447469 0.79
5.507704 0.78
5.554855 0.79
5.610855 0.80
5.666855 0.79
5.734107 0.78
5.792960 0.79
5.856960 0.79
5.920962 0.78
5.984963 0.79
6.048969 0.78
6.116474 0.79
6.193963 0.78
6.262834 0.79
6.331963 0.79
6.395963 0.79
6.459963 0.79
6.523963 0.79
6.587966 0.79
6.646963 0.79
6.710963 0.78
6.774964 0.79
6.838969 0.79
6.902999 0.79
6.961969 0.78
7.025970 0.78
7.089966 0.78
7.158968 0.78
7.222967 0.79
7.282118 0.79
7.341118 0.79
7.400004 0.79
7.459120 0.79
7.517999 0.79
7.577119 0.78
7.635997 0.78
7.695000 0.79
7.754002 0.79
7.813000 0.79
7.868361 0.79
7.934122 0.79
7.993002 0.79
8.051999 0.78
8.110997 0.79
8.169991 0.79
8.228975 0.79
8.292975 0.79
8.356975 0.78
8.420976 0.78
8.484978 0.79
8.538851 0.78
8.607726 0.79
8.660126 0.78
8.710728 0.79
8.774241 0.78
8.832727 0.79
8.885130 0.80
8.943854 0.79
9.007855 0.79
9.076854 0.78
9.135855 0.79
9.204731 0.78
9.266133 0.78
9.325733 0.79
9.389247 0.80
9.447732 0.78
9.511500 0.79
9.575250 0.79
9.633734 0.79
9.697500 0.78
9.750986 0.79
9.814735 0.78
9.879611 0.79
9.933377 0.79
10.007262 0.79
10.065862 0.79
10.129737 0.79
10.203738 0.78
10.267503 0.79
10.326255 0.79
10.384739 0.79
10.448505 0.79
10.501991 0.78
10.565616 0.79
10.625741 0.78
10.689508 0.79
10.749617 0.79
10.809868 0.78
10.868508 0.79
10.918508 0.79
10.973868 0.79
11.028508 0.79
11.092261 0.79
11.147509 0.79
11.206387 0.78
11.259870 0.79
11.323622 0.79
11.378871 0.79
11.437748 0.78
11.493650 0.78
11.541023 0.79
11.599623 0.79
11.652023 0.80
11.710624 0.78
11.763024 0.79
11.821750 0.79
11.886626 0.79
11.939028 0.79
12.002627 0.78
12.055029 0.78
12.113752 0.79
12.187753 0.79
12.244129 0.78
12.307628 0.78
12.371129 0.79
12.434629 0.78
12.504630 0.78
12.568130 0.79
12.631630 0.78
12.695131 0.78
12.758631 0.79
12.822132 0.78
12.885632 0.79
12.959634 0.79
13.033759 0.79
13.102634 0.79
13.171760 0.79
13.240636 0.79
13.314636 0.80
13.383637 0.79
13.452636 0.79
13.526638 0.79
13.595763 0.79
13.664639 0.79
13.733764 0.78
13.797640 0.79
13.866765 0.79
13.930641 0.80
13.994766 0.79
14.058642 0.79
14.122642 0.79
14.186643 0.79
14.250767 0.79
14.314893 0.79
14.373644 0.79
14.437644 0.78
14.501645 0.79
14.565645 0.78
14.629771 0.79
14.693647 0.78
14.757647 0.79
14.821773 0.79
14.885648 0.80
14.954773 0.79
15.018649 0.79
15.082649 0.79
15.146650 0.79
15.216026 0.79
15.280027 0.79
15.344028 0.79
15.408168 0.78
15.472029 0.78
15.537531 0.78
15.591029 0.79
15.655169 0.79
15.719030 0.78
15.793654 0.78
15.857780 0.79
15.921781 0.79
15.985656 0.79
16.049656 0.78
16.113657 0.79
16.177658 0.79
16.236783 0.80
16.301035 0.79
16.365184 0.79
16.424036 0.78
16.488035 0.79
16.552036 0.79
16.616054 0.78
16.680054 0.79
16.739053 0.79
16.803188 0.79
16.862039 0.79
16.917179 0.78
16.970664 0.78
17.034663 0.79
17.098664 0.79
17.162664 0.79
17.232041 0.78
17.300915 0.78
17.364416 0.78
17.416791 0.79
17.467418 0.78
17.530917 0.79
17.594417 0.79
17.650667 0.80
17.706420 0.79
17.769918 0.79
17.833419 0.79
17.885794 0.79
17.936421 0.79
17.999920 0.79
18.063421 0.79
18.126921 0.79
18.190422 0.79
18.253922 0.79
18.317424 0.78
18.380923 0.79
18.444424 0.78
18.507924 0.78
18.571424 0.78
18.634925 0.79
18.698425 0.79
18.761926 0.79
18.825426 0.78
18.888927 0.78
18.952427 0.79
19.015928 0.78
19.079428 0.79
19.142928 0.79
19.206429 0.79
19.269929 0.79
19.333430 0.79
19.396930 0.79
19.456931 0.79
19.516931 0.79
19.576932 0.78
19.640432 0.79
19.703932 0.79
19.763933 0.78
19.827433 0.79
19.890934 0.78
19.950934 0.79
20.022936 0.79
20.077686 0.78
20.141577 0.78
20.205454 0.79
20.279576 0.78
20.335320 0.79
20.386320 0.79
20.437321 0.79
20.492455 0.79
20.566456 0.79
20.622316 0.79
20.680941 0.79
20.739579 0.79
20.795317 0.79
20.853942 0.79
20.912583 0.79
20.977319 0.79
21.035943 0.79
21.094584 0.79
21.163219 0.79
21.223584 0.78
21.288321 0.79
21.346954 0.79
21.412467 0.79
21.486221 0.79
21.546588 0.79
21.615222 0.78
21.675589 0.79
21.744225 0.78
21.802823 0.79
21.857956 0.79
21.923224 0.78
21.986825 0.79
22.041958 0.79
22.114340 0.79
22.179827 0.78
22.245467 0.79
22.314230 0.79
22.388230 0.79
22.457231 0.80
22.522705 0.79
22.586229 0.79
22.649829 0.78
22.704704 0.79
22.768205 0.79
22.828331 0.79
22.887960 0.79
22.946332 0.79
23.001332 0.79
23.056332 0.79
23.111333 0.79
23.166333 0.79
23.213584 0.79
23.266834 0.78
23.325210 0.79
23.377585 0.79
23.428211 0.79
23.491710 0.79
23.555211 0.79
23.618711 0.79
23.682212 0.80
23.745712 0.79
23.809213 0.79
23.872713 0.79
23.936214 0.79
23.999715 0.78
24.063215 0.79
24.126715 0.79
24.190216 0.79
24.253716 0.79
24.317217 0.78
24.380717 0.79
24.444218 0.79
24.507718 0.79
24.571219 0.78
24.634719 0.78
24.698220 0.79
24.761720 0.79
24.825221 0.78
24.888721 0.79
24.943722 0.79
25.007222 0.79
25.070722 0.79
25.134222 0.79
25.197723 0.78
25.257724 0.79
25.317724 0.79
25.377724 0.79
25.437725 0.78
25.497726 0.79
25.557725 0.79
25.617726 0.79
25.676101 0.79
25.736228 0.79
25.791228 0.78
25.838478 0.79
25.891728 0.79
25.950104 0.79
26.002480 0.78
26.053105 0.79
26.116605 0.79
26.180105 0.79
26.243606 0.80
26.307107 0.79
26.359482 0.79
26.410109 0.79
26.473608 0.79
26.537108 0.79
26.600609 0.79
26.664109 0.79
26.727610 0.78
26.791110 0.79
26.854611 0.79
26.918111 0.79
26.981611 0.78
27.045112 0.79
27.108613 0.78
27.172114 0.80
27.235613 0.79
27.299114 0.79
27.362614 0.79
27.417615 0.79
27.481116 0.78
27.544615 0.79
27.608116 0.79
27.671617 0.78
27.726617 0.79
27.781618 0.79
27.836618 0.78
27.896618 0.80
27.956618 0.78
28.016619 0.79
28.076620 0.79
28.136620 0.79
28.196621 0.79
28.256621 0.78
28.316621 0.78
28.376622 0.79
28.436622 0.79
28.496622 0.79
28.560124 0.79
28.623624 0.79
28.682000 0.79
28.742125 0.79
28.793250 0.78
28.851626 0.78
28.910002 0.78
28.962376 0.79
29.011752 0.79
29.065005 0.79
29.126003 0.78
29.189503 0.79
29.253004 0.79
29.316505 0.78
29.380129 0.79
29.438505 0.79
29.502006 0.79
29.565506 0.78
29.629007 0.79
29.692507 0.79
29.756008 0.78
29.819508 0.79
29.883009 0.78
29.946508 0.79
30.010135 0.79
30.068510 0.79
30.132010 0.79
30.195510 0.79
30.259011 0.79
30.322511 0.78
30.386013 0.79
30.449512 0.79
30.504513 0.79
30.568014 0.79
30.631514 0.79
30.691515 0.79
30.751515 0.79
30.811640 0.79
30.866515 0.80
30.930017 0.78
30.993516 0.78
31.053517 0.79
31.113517 0.79
31.168393 0.78
31.231893 0.78
31.297019 0.79
31.360519 0.79
31.415519 0.79
31.470395 0.78
31.533895 0.79
31.590146 0.78
31.644646 0.79
31.697896 0.79
31.761397 0.78
31.824898 0.79
31.877273 0.78
31.926648 0.79
31.979899 0.78
32.032275 0.79
32.082901 0.79
32.146400 0.79
32.209901 0.79
32.273401 0.79
32.336902 0.79
32.400402 0.78
32.463902 0.79
32.527402 0.79
32.590903 0.79
32.654529 0.79
32.712905 0.78
32.776404 0.79
32.839905 0.79
32.903406 0.79
32.966906 0.79
33.030406 0.79
33.093908 0.78
33.157407 0.79
33.220909 0.80
33.284534 0.79
33.349784 0.79
33.409910 0.79
33.473535 0.78
33.525819 0.78
33.584551 0.79
33.644813 0.79
33.703554 0.78
33.763813 0.79
33.822552 0.78
33.882817 0.78
33.937539 0.79
33.984817 0.79
34.043431 0.79
34.107430 0.79
34.171430 0.78
34.226557 0.78
34.285433 0.78
34.344070 0.79
34.402918 0.79
34.466918 0.79
34.522818 0.79
34.576436 0.79
34.640435 0.78
34.709436 0.79
34.773309 0.79
34.826921 0.79
34.890921 0.79
34.949562 0.78
35.008437 0.79
35.072439 0.79
35.136439 0.79
35.200440 0.79
35.264439 0.78
35.328438 0.79
35.397442 0.79
35.466443 0.78
35.540314 0.79
35.598926 0.78
35.662927 0.79
35.731928 0.79
35.795803 0.78
35.859554 0.79
35.913442 0.78
35.977443 0.79
36.051445 0.78
36.120446 0.79
36.189447 0.78
36.258446 0.79
36.327445 0.79
36.396447 0.79
36.465450 0.78
36.529449 0.78
36.593457 0.79
36.651934 0.79
36.710560 0.79
36.779326 0.79
36.835687 0.79
36.883077 0.79
36.946686 0.79
36.999086 0.79
37.057937 0.78
37.113715 0.79
37.161088 0.79
37.224939 0.79
37.293689 0.79
37.349940 0.79
37.405705 0.80
37.453065 0.78
37.503704 0.79
37.567206 0.79
37.630691 0.79
37.694209 0.78
37.757692 0.79
37.821207 0.79
37.884694 0.80
37.951334 0.78
38.009820 0.79
38.078820 0.79
38.148724 0.79
38.207334 0.78
38.265697 0.79
38.339572 0.78
38.408221 0.78
38.471698 0.79
38.535224 0.78
38.598699 0.80
38.662224 0.79
38.717226 0.79
38.780700 0.79
38.844341 0.79
38.909701 0.79
38.983702 0.79
39.057702 0.79
39.121466 0.79
39.171467 0.78
39.235105 0.79
39.290470 0.79
39.353830 0.79
39.425962 0.78
39.494959 0.78
39.558964 0.78
39.631232 0.79
39.687583 0.78
39.738961 0.79
39.802708 0.78
39.866474 0.80
39.935109 0.79
39.998585 0.79
40.050968 0.78
40.109710 0.79
40.181711 0.79
40.245711 0.79
40.301588 0.79
40.357589 0.78
40.413589 0.79
40.469588 0.79
40.525604 0.78
40.581589 0.78
40.637590 0.80
40.706715 0.79
40.775715 0.79
40.836592 0.79
40.905591 0.79
40.979717 0.79
41.048717 0.79
41.117593 0.79
41.191593 0.79
41.265594 0.79
41.339595 0.79
41.413845 0.79
41.482720 0.78
41.546596 0.79
41.615846 0.79
41.684722 0.79
41.748722 0.78
41.817599 0.79
41.886598 0.79
41.960599 0.78
42.029725 0.79
42.093600 0.79
42.157601 0.80
42.221601 0.79
42.285726 0.79
42.349727 0.79
42.413728 0.79
42.477728 0.79
42.541603 0.79
42.605604 0.79
42.669604 0.79
42.733729 0.79
42.797605 0.79
42.861606 0.79
42.925731 0.79
42.989606 0.79
43.053733 0.79
43.117732 0.78
43.181733 0.79
43.245733 0.78
43.309609 0.79
43.373734 0.79
43.437610 0.78
43.501610 0.79
43.565736 0.79
43.629737 0.79
43.693612 0.78
43.757738 0.78
43.821737 0.79
43.885613 0.79
43.949739 0.78
44.013739 0.79
44.077614 0.79
44.141615 0.79
44.205741 0.79
44.269741 0.79
44.333617 0.79
44.397617 0.79
44.461742 0.79
44.525618 0.79
44.589743 0.80
44.653618 0.78
44.717745 0.79
44.776620 0.79
44.840621 0.78
44.904621 0.78
44.968621 0.78
45.032621 0.78
45.091747 0.78
45.145122 0.79
45.203748 0.79
45.267623 0.79
45.331624 0.79
45.401000 0.79
45.465001 0.79
45.524002 0.78
45.593266 0.79
45.652002 0.79
45.726627 0.79
45.786752 0.79
45.837379 0.79
45.897379 0.79
45.957379 0.80
46.017380 0.79
46.071005 0.80
46.132380 0.79
46.191006 0.78
46.265630 0.79
46.329631 0.79
46.393632 0.79
46.457758 0.79
46.521272 0.78
46.580009 0.78
46.644010 0.79
46.713274 0.79
46.773635 0.79
46.843011 0.78
46.917277 0.79
46.977636 0.79
47.046762 0.79
47.110276 0.79
47.174279 0.78
47.229528 0.78
47.298277 0.78
47.358527 0.79
47.417015 0.79
47.477530 0.79
47.536016 0.79
47.596531 0.79
47.655017 0.79
47.705017 0.79
47.755018 0.78
47.805018 0.78
47.855019 0.79
47.919018 0.79
47.969019 0.79
48.024410 0.78
48.088020 0.79
48.151895 0.79
48.210535 0.79
48.279537 0.79
48.334045 0.80
48.394278 0.79
48.447897 0.79
48.506538 0.79
48.570538 0.79
48.625024 0.79
48.693899 0.79
48.752541 0.79
48.816538 0.79
48.872281 0.79
48.935776 0.79
48.990652 0.79
49.045777 0.78
49.100652 0.79
49.164778 0.79
49.234550 0.79
49.284655 0.79
49.348904 0.80
49.418184 0.79
49.469786 0.79
49.535784 0.78
49.596424 0.78
49.660657 0.79
49.724782 0.78
49.785914 0.78
49.850429 0.78
49.919910 0.79
49.984189 0.78
50.053551 0.78
50.108085 0.78
50.172789 0.79
50.233662 0.79
50.287179 0.79
50.357080 0.79
50.410789 0.79
50.471664 0.79
50.525181 0.79
50.594663 0.79
50.644677 0.79
50.709671 0.78
50.779668 0.78
50.833434 0.78
50.897307 0.78
50.957666 0.78
51.011435 0.79
51.075309 0.78
51.139185 0.79
51.208185 0.79
51.272439 0.79
51.336311 0.79
51.395437 0.79
51.464438 0.79
51.524683 0.78
51.589677 0.79
51.648799 0.78
51.712798 0.79
51.776672 0.78
51.830934 0.78
51.890679 0.79
51.951197 0.78
52.020925 0.79
52.090443 0.78
52.149446 0.79
52.218927 0.78
52.293676 0.79
52.347193 0.79
52.416448 0.79
52.475446 0.79
52.539445 0.78
52.608679 0.79
52.669447 0.79
52.728452 0.79
52.792448 0.78
52.856321 0.79
52.925931 0.79
52.986687 0.79
53.047809 0.79
53.111808 0.79
53.175808 0.78
53.249809 0.78
53.319564 0.80
53.378455 0.78
53.443335 0.79
53.508342 0.79
53.558818 0.79
53.618573 0.79
53.683315 0.79
53.742461 0.78
53.792576 0.78
53.853575 0.79
53.918576 0.79
53.983442 0.78
54.042066 0.79
54.107693 0.79
54.176570 0.78
54.235691 0.79
54.294067 0.79
54.363567 0.78
54.422692 0.78
54.486822 0.78
54.545572 0.78
54.609694 0.79
54.673696 0.79
54.742570 0.79
54.806213 0.79
54.870071 0.79
54.944700 0.78
55.019580 0.78
55.073700 0.79
55.137698 0.78
55.207453 0.78
55.268589 0.78
55.322578 0.78
55.402459 0.78
55.468200 0.79
55.526576 0.78
55.590079 0.79
55.653577 0.79
55.707232 0.79
55.775957 0.79
55.831078 0.79
55.894577 0.79
55.958203 0.79
56.016703 0.79
56.075079 0.78
56.144080 0.79
56.207579 0.79
56.267705 0.78
56.322580 0.78
56.382584 0.79
56.442581 0.78
56.502707 0.79
56.566583 0.78
56.641208 0.78
56.705085 0.78
56.752336 0.79
56.802964 0.79
56.866471 0.79
56.919974 0.79
56.990371 0.78
57.049719 0.78
57.119360 0.79
57.173230 0.78
57.232716 0.78
57.288228 0.78
57.343339 0.79
57.397089 0.78
57.467352 0.79
57.522472 0.78
57.591473 0.79
57.655223 0.79
57.724102 0.79
57.783973 0.79
57.844972 0.78
57.908470 0.78
57.967595 0.79
58.031593 0.79
58.100471 0.78
58.159250 0.78
58.212978 0.79
58.282721 0.78
58.341471 0.79
58.405597 0.78
58.480252 0.78
58.544097 0.79
58.607851 0.78
58.665246 0.79
58.724126 0.78
58.782600 0.79
58.846600 0.79
58.910601 0.79
58.970977 0.79
59.035117 0.79
59.098978 0.79
59.162603 0.79
59.223102 0.79
59.292245 0.79
59.355980 0.79
59.419854 0.79
59.490863 0.79
59.550234 0.79
59.608984 0.78
59.673014 0.78
59.736857 0.80
59.805983 0.78
59.857252 0.79
59.915857 0.79
59.968250 0.79
60.018860 0.78
60.072484 0.79
60.136485 0.79
60.205610 0.79
60.258861 0.78
60.311236 0.79
60.370862 0.78
60.429486 0.79
60.493487 0.80
60.557488 0.79
60.616489 0.78
60.674864 0.79
60.738489 0.79
60.802491 0.78
60.866505 0.79
60.930380 0.79
60.988992 0.79
61.057741 0.79
61.113017 0.79
61.177276 0.79
61.235995 0.79
61.304743 0.79
61.359995 0.79
61.423999 0.79
61.482996 0.79
61.546997 0.79
61.615997 0.79
61.679997 0.78
61.743998 0.79
61.812872 0.78
61.886999 0.79
61.951000 0.78
62.009390 0.78
62.067749 0.80
62.126500 0.79
62.190392 0.79
62.251170 0.79
62.309878 0.79
62.365752 0.79
62.429266 0.79
62.492752 0.79
62.545127 0.79
62.608752 0.78
62.661128 0.79
62.724754 0.78
62.784878 0.78
62.840758 0.78
62.894392 0.79
62.953050 0.78
63.016756 0.78
63.069131 0.79
63.127757 0.80
63.180133 0.78
63.238882 0.79
63.294785 0.79
63.348401 0.79
63.412275 0.79
63.475759 0.78
63.539260 0.80
63.602760 0.79
63.666265 0.79
63.729763 0.79
63.794638 0.79
63.854767 0.79
63.918265 0.79
63.981764 0.78
64.051015 0.79
64.114638 0.79
64.169764 0.78
64.243640 0.79
64.298765 0.79
64.362391 0.79
64.431409 0.79
64.505284 0.78
64.560393 0.79
64.629285 0.78
64.684284 0.79
64.739286 0.78
64.794538 0.78
64.844537 0.79
64.899770 0.79
64.960673 0.78
65.008037 0.78
65.066771 0.79
65.121522 0.79
65.185165 0.78
65.243773 0.79
65.302523 0.79
65.361166 0.78
65.419774 0.79
65.474541 0.78
65.543416 0.78
65.596775 0.79
65.652651 0.78
65.708652 0.79
65.764652 0.79
65.820658 0.78
65.879297 0.78
65.938297 0.78
66.002170 0.79
66.060778 0.79
66.124779 0.79
66.184793 0.79
66.255037 0.79
66.313908 0.79
66.377907 0.78
66.441915 0.79
66.516656 0.79
66.590782 0.79
66.659660 0.79
66.723424 0.79
66.776909 0.79
66.840659 0.78
66.904425 0.78
66.957785 0.79
67.021786 0.79
67.090911 0.79
67.149787 0.78
67.213912 0.79
67.277912 0.79
67.341663 0.78
67.415789 0.79
67.479664 0.79
67.553664 0.78
67.622665 0.78
67.686666 0.79
67.755791 0.79
67.819791 0.79
67.883917 0.78
67.942917 0.79
68.002234 0.79
68.062052 0.78
68.113314 0.79
68.172080 0.78
68.236186 0.79
68.300186 0.79
68.364309 0.79
68.424090 0.78
68.493078 0.79
68.556673 0.79
68.603923 0.79
68.667672 0.79
68.737268 0.78
68.797055 0.79
68.858557 0.78
68.912189 0.78
68.977555 0.78
69.031051 0.79
69.089926 0.79
69.156451 0.78
69.211680 0.79
69.275804 0.78
69.344553 0.78
69.418678 0.79
69.482819 0.79
69.541560 0.79
69.605060 0.78
69.668683 0.78
69.727060 0.78
69.785559 0.79
69.854942 0.79
69.919937 0.78
69.992810 0.78
70.051934 0.78
70.115684 0.79
70.174077 0.79
70.234686 0.79
70.293686 0.79
70.362811 0.79
70.431451 0.78
70.491562 0.79
70.546561 0.78
70.610063 0.79
70.668563 0.79
70.723563 0.78
70.777064 0.78
70.831939 0.79
70.890440 0.79
70.950189 0.78
71.003440 0.79
71.055816 0.79
71.119566 0.79
71.193567 0.78
71.240817 0.79
71.291443 0.79
71.350067 0.78
71.408568 0.78
71.469459 0.78
71.527944 0.79
71.591570 0.79
71.647449 0.79
71.711071 0.79
71.769571 0.79
71.830450 0.79
71.889072 0.78
71.947697 0.79
72.016965 0.79
72.075956 0.78
72.139448 0.79
72.202955 0.78
72.266828 0.78
72.330467 0.79
72.404581 0.78
72.478339 0.79
72.538577 0.78
72.602592 0.79
72.666702 0.78
72.730703 0.79
72.794973 0.79
72.864349 0.79
72.928966 0.79
72.989456 0.78
73.052966 0.78
73.108106 0.80
73.171960 0.79
73.236115 0.79
73.305584 0.78
73.364112 0.79
73.424342 0.78
73.478113 0.79
73.531709 0.79
73.599125 0.79
73.658116 0.79
73.717112 0.78
73.770586 0.79
73.834711 0.79
73.893352 0.78
73.958717 0.79
74.009343 0.79
74.072841 0.79
74.136341 0.78
74.199970 0.79
74.258342 0.79
74.323603 0.79
74.373716 0.79
74.433360 0.79
74.493466 0.79
74.567717 0.78
74.631361 0.79
74.700366 0.79
74.774719 0.78
74.838360 0.79
74.907237 0.79
74.970971 0.78
75.053733 0.79
75.117236 0.78
75.185846 0.79
75.246236 0.79
75.306472 0.79
75.364973 0.78
75.425859 0.78
75.500602 0.78
75.559599 0.79
75.623242 0.79
75.681976 0.79
75.742366 0.79
75.811617 0.79
75.875226 0.78
75.940352 0.78
76.003852 0.79
76.058980 0.79
76.112478 0.79
76.176244 0.78
76.234854 0.78
76.293605 0.79
76.357248 0.78
76.417606 0.78
76.486250 0.79
76.546356 0.79
76.615360 0.79
76.666484 0.79
76.730736 0.79
76.789252 0.79
76.859734 0.79
76.918359 0.79
76.976860 0.78
77.051502 0.79
77.106739 0.79
77.165738 0.79
77.229258 0.79
77.294241 0.78
77.363737 0.79
77.418613 0.78
77.478005 0.78
77.537874 0.79
77.597639 0.79
77.654754 0.79
77.729618 0.79
77.793368 0.78
77.862630 0.79
77.926374 0.79
77.985629 0.79
78.044751 0.80
78.114752 0.78
78.173750 0.78
78.243627 0.79
78.304627 0.79
78.358871 0.78
78.419248 0.78
78.478745 0.78
78.553415 0.79
78.611748 0.78
78.666747 0.80
78.721750 0.79
78.781752 0.79
78.847248 0.79
78.910748 0.79
78.965748 0.79
79.020625 0.79
79.079250 0.78
79.128876 0.79
79.183876 0.79
79.237251 0.79
79.296876 0.79
79.350280 0.79
79.414632 0.79
79.478628 0.79
79.533757 0.79
79.592130 0.78
79.666129 0.79
79.735157 0.79
79.800131 0.78
79.852505 0.79
79.911131 0.79
79.971632 0.78
80.035160 0.79
80.104133 0.78
80.169134 0.78
80.243134 0.78
80.317134 0.79
80.391152 0.79
80.465636 0.78
80.524276 0.79
80.593163 0.78
80.656636 0.79
80.720140 0.79
80.783642 0.79
80.847266 0.79
80.913269 0.80
80.982154 0.79
81.051407 0.78
81.120157 0.78
81.184521 0.80
81.240149 0.79
81.310417 0.79
81.364772 0.79
81.430412 0.79
81.494283 0.79
81.563523 0.79
81.627649 0.78
81.688145 0.79
81.748523 0.79
81.807147 0.79
81.881286 0.78
81.950288 0.79
82.014165 0.79
82.069414 0.79
82.128024 0.79
82.188055 0.79
82.248524 0.78
82.312026 0.79
82.376029 0.79
82.450293 0.79
82.514054 0.78
82.578029 0.79
82.647028 0.79
82.716403 0.79
82.780196 0.79
82.844153 0.79
82.913421 0.79
82.968533 0.79
83.032780 0.79
83.086032 0.79
83.155296 0.79
83.219408 0.79
83.283665 0.79
83.353792 0.79
83.407039 0.79
83.471175 0.79
83.535070 0.79
83.604661 0.79
83.673911 0.79
83.734671 0.79
83.809794 0.79
83.874542 0.78
83.933180 0.79
83.992676 0.79
84.046539 0.79
84.105551 0.79
84.159312 0.79
84.216549 0.79
84.280669 0.78
84.350073 0.79
84.409324 0.78
84.459433 0.79
84.522916 0.79
84.579309 0.78
84.643042 0.78
84.712043 0.78
84.786044 0.79
84.855071 0.79
84.906185 0.78
84.965074 0.79
85.016187 0.79
85.071960 0.79
85.125420 0.79
85.184047 0.79
85.239171 0.79
85.294957 0.79
85.355550 0.78
85.424678 0.79
85.488550 0.79
85.547549 0.79
85.612989 0.79
85.677199 0.79
85.735928 0.79
85.805570 0.79
85.869676 0.79
85.928555 0.79
85.987569 0.79
86.046053 0.79
86.104429 0.79
86.168083 0.79
86.226932 0.78
86.301200 0.79
86.360056 0.79
86.418447 0.78
86.473999 0.78
86.538085 0.78
86.597451 0.78
86.656090 0.79
86.715259 0.78
86.776087 0.79
86.835088 0.79
86.899200 0.78
86.958089 0.78
87.022089 0.79
87.081090 0.79
87.145214 0.79
87.205215 0.78
87.264091 0.78
87.328090 0.79
87.391937 0.79
87.456063 0.79
87.524813 0.78
87.581206 0.79
87.639939 0.79
87.691216 0.79
87.749940 0.79
87.797206 0.79
87.847845 0.79
87.895209 0.78
87.953817 0.79
88.006207 0.79
88.056845 0.79
88.115335 0.79
88.173818 0.79
88.247944 0.79
88.295211 0.79
88.354851 0.79
88.413335 0.78
88.471820 0.78
88.545955 0.78
88.614954 0.78
88.683954 0.79
88.752955 0.79
88.821954 0.79
88.890698 0.79
88.954342 0.79
89.023341 0.79
89.081958 0.78
89.151104 0.79
89.209958 0.80
89.279105 0.79
89.347827 0.79
89.411577 0.79
89.470467 0.78
89.544345 0.79
89.602955 0.79
89.671829 0.79
89.735579 0.79
89.794470 0.79
89.868348 0.78
89.932471 0.78
90.006360 0.78
90.070473 0.79
90.134475 0.79
90.198459 0.79
90.262476 0.78
90.314737 0.79
90.362111 0.78
90.420962 0.79
90.484835 0.79
90.553962 0.79
90.612962 0.79
90.663742 0.79
90.717480 0.79
90.764740 0.79
90.812117 0.79
90.870838 0.79
90.931741 0.78
90.988244 0.79
91.046974 0.78
91.110974 0.78
91.161745 0.78
91.227244 0.79
91.280841 0.79
91.339482 0.79
91.392975 0.79
91.456974 0.79
91.520842 0.78
91.579485 0.78
91.632974 0.78
91.691844 0.79
91.761005 0.79
91.819845 0.78
91.883845 0.79
91.948010 0.78
92.006846 0.78
92.070847 0.79
92.134847 0.79
92.198848 0.78
92.267848 0.78
92.331849 0.78
92.395849 0.78
92.459850 0.78
92.523850 0.78
92.582850 0.79
92.646851 0.79
92.715852 0.79
92.780005 0.79
92.843728 0.79
92.908633 0.79
92.960009 0.79
93.018854 0.78
93.082855 0.78
93.146730 0.79
93.215855 0.79
93.274855 0.78
93.330009 0.79
93.388857 0.78
93.442372 0.78
93.489635 0.79
93.537011 0.79
93.587012 0.79
93.645858 0.79
93.709609 0.78
93.783860 0.78
93.847611 0.79
93.913378 0.79
93.972379 0.78
94.028379 0.78
94.087378 0.78
94.140862 0.78
94.204613 0.79
94.266268 0.79
94.324738 0.79
94.394017 0.78
94.447740 0.78
94.521740 0.79
94.590616 0.79
94.664866 0.78
94.728742 0.79
94.792742 0.78
94.866868 0.78
94.930743 0.79
94.999869 0.79
95.058869 0.79
95.122745 0.78
95.191745 0.79
95.250120 0.78
95.313620 0.79
95.377121 0.79
95.440621 0.79
95.504123 0.78
95.567621 0.78
95.631123 0.79
95.694623 0.78
95.758125 0.78
95.821624 0.79
95.885125 0.79
95.945125 0.79
96.005125 0.79
96.065126 0.79
96.125127 0.79
96.185127 0.78
96.240003 0.79
96.303502 0.78
96.363628 0.79
96.427129 0.78
96.482005 0.79
96.545504 0.78
96.597880 0.78
96.656631 0.79
96.720770 0.78
96.774634 0.79
96.833634 0.79
96.897758 0.79
96.961758 0.79
97.025634 0.79
97.089759 0.78
97.153635 0.79
97.217635 0.79
97.281761 0.79
97.345761 0.79
97.409637 0.80
97.473762 0.79
97.537763 0.79
97.601638 0.79
97.665764 0.79
97.735044 0.78
97.804765 0.80
97.873894 0.79
97.934644 0.79
98.003645 0.79
98.067646 0.80
98.126767 0.79
98.186188 0.78
98.245020 0.78
98.298644 0.79
98.362769 0.79
98.426769 0.78
98.490769 0.79
98.554770 0.78
98.618896 0.79
98.679771 0.78
98.738772 0.78
98.797897 0.79
98.862177 0.79
98.921176 0.79
98.985649 0.79
99.049649 0.79
99.113774 0.79
99.168900 0.78
99.233055 0.79
99.298431 0.79
99.352056 0.79
99.413432 0.79
99.477652 0.79
99.537778 0.79
99.592778 0.79
99.651778 0.79
99.710779 0.79
99.769655 0.79
99.829780 0.78
99.888780 0.80
99.943781 0.78
100.002781 0.79
100.061782 0.78
100.120657 0.78
100.189907 0.79
100.259426 0.79
100.328783 0.79
100.387784 0.79
100.446659 0.78
100.515911 0.79
100.585425 0.78
100.654661 0.79
100.723786 0.78
100.782662 0.79
100.846788 0.79
100.910913 0.79
100.975069 0.79
101.039428 0.79
101.108789 0.79
101.162789 0.78
101.216790 0.79
101.270790 0.78
101.329666 0.79
101.388791 0.78
101.442667 0.79
101.501792 0.79
101.560668 0.80
101.619668 0.78
101.678794 0.79
101.732794 0.78
101.791670 0.79
101.850795 0.78
101.905795 0.79
101.959795 0.78
102.013671 0.78
102.068797 0.79
102.122797 0.79
102.177672 0.78
102.232798 0.79
102.287797 0.79
102.342798 0.78
102.397799 0.79
102.452800 0.78
102.506441 0.79
102.575317 0.79
102.636331 0.79
102.692332 0.79
102.756318 0.79
102.830677 0.79
102.889677 0.78
102.944678 0.78
102.999679 0.79
103.063679 0.79
103.122679 0.78
103.177805 0.79
103.241930 0.79
103.292680 0.78
103.347681 0.78
103.411681 0.78
103.470308 0.79
103.544323 0.78
103.618683 0.79
103.677683 0.78
103.741809 0.79
103.807934 0.79
103.873327 0.78
103.937202 0.79
104.006202 0.79
104.075686 0.79
104.134326 0.79
104.194687 0.79
104.253202 0.78
104.327564 0.79
104.386453 0.78
104.450331 0.79
104.503690 0.79
104.562207 0.79
104.631458 0.79
104.690332 0.79
104.750816 0.79
104.814817 0.79
104.880221 0.78
104.940222 0.79
105.014585 0.79
105.078461 0.79
105.138694 0.79
105.202586 0.79
105.261336 0.79
105.321820 0.79
105.380821 0.79
105.454822 0.78
105.513462 0.79
105.582464 0.79
105.651698 0.78
105.710463 0.79
105.774464 0.78
105.838342 0.79
105.907354 0.78
105.976354 0.80
106.045354 0.79
106.114955 0.78
106.173702 0.79
106.232229 0.79
106.296470 0.78
106.360343 0.79
106.424232 0.79
106.498829 0.78
106.562829 0.79
106.628233 0.79
106.702706 0.79
106.768706 0.80
106.834347 0.79
106.893474 0.78
106.962476 0.79
107.026350 0.79
107.095351 0.79
107.159239 0.79
107.212585 0.79
107.271710 0.79
107.340836 0.79
107.409711 0.79
107.469837 0.78
107.530115 0.79
107.590588 0.78
107.649240 0.79
107.714588 0.79
107.768240 0.79
107.828839 0.79
107.889117 0.79
107.949591 0.79
108.003245 0.79
108.065119 0.78
108.125607 0.79
108.179119 0.79
108.243121 0.80
108.312245 0.79
108.373365 0.79
108.437364 0.72
108.496235 0.70
108.565845 0.72
108.629595 0.72
108.693095 0.70
108.756595 0.70
108.820096 0.68
108.883596 0.72
108.947097 0.69
109.010597 0.71
109.074098 0.73
109.137598 0.68
109.201099 0.71
109.264599 0.70
109.328099 0.74
109.391600 0.72
109.455100 0.70
109.518601 0.70
109.582102 0.67
109.645602 0.72
109.709102 0.71
109.772603 0.71
109.827603 0.72
109.887604 0.71
109.947604 0.71
110.007604 0.71
110.067605 0.72
110.127605 0.70
110.187605 0.72
110.251106 0.69
110.314606 0.72
110.374607 0.72
110.432983 0.72
110.485358 0.68
110.553984 0.73
110.614109 0.71
110.665234 0.72
110.720986 0.68
110.784485 0.67
110.847987 0.69
110.900361 0.72
110.949736 0.72
111.002988 0.72
111.055362 0.71
111.105989 0.70
111.169489 0.69
111.232989 0.71
111.296489 0.71
111.359990 0.72
111.423490 0.75
111.486991 0.72
111.550491 0.69
111.613992 0.73
111.677492 0.67
111.740993 0.67
111.804493 0.73
111.867994 0.69
111.931494 0.73
111.994995 0.73
112.058495 0.74
112.121996 0.71
112.185496 0.71
112.248997 0.74
112.312497 0.70
112.375998 0.70
112.439498 0.74
112.502999 0.68
112.566498 0.72
112.630000 0.70
112.693499 0.72
112.753500 0.73
112.817001 0.72
112.880501 0.72
112.940501 0.73
113.000502 0.71
113.060502 0.70
113.120503 0.74
113.180503 0.75
113.240504 0.70
113.300504 0.71
113.360505 0.67
113.420505 0.67
113.478880 0.73
113.535132 0.73
113.594035 0.69
113.653039 0.82
113.717036 0.82
113.776038 0.82
113.840040 0.83
113.899038 0.83
113.963040 0.84
114.021885 0.83
114.086136 0.83
114.145041 0.83
114.209041 0.84
114.267529 0.83
114.326042 0.81
114.385042 0.84
114.449155 0.82
114.508043 0.85
114.572042 0.83
114.641155 0.83
114.700046 0.82
114.764045 0.85
114.833157 0.84
114.892047 0.83
114.956159 0.81
115.019767 0.84
115.075646 0.69
115.134519 0.69
115.194976 0.69
115.254020 0.69
115.318155 0.68
115.377050 0.68
115.441163 0.68
115.499896 0.69
115.564173 0.68
115.623150 0.68
115.687049 0.69
115.750773 0.68
115.809524 0.68
115.871803 0.68
115.931092 0.69
115.990182 0.69
116.040419 0.68
116.104430 0.68
116.157314 0.69
116.212284 0.69
116.281780 0.68
116.342809 0.68
116.390168 0.68
116.448903 0.69
116.512917 0.68
116.571904 0.68
116.635905 0.69
116.704780 0.68
116.768548 0.68
116.827423 0.68
116.896549 0.69
116.955548 0.69
117.024658 0.68
117.078425 0.68
117.153187 0.68
117.207063 0.69
117.265909 0.68
117.330062 0.69
117.388911 0.69
117.458425 0.68
117.522546 0.68
117.591302 0.69
117.644912 0.68
117.713663 0.68
117.769191 0.68
117.822913 0.69
117.891664 0.68
117.955664 0.68
118.011067 0.68
118.074791 0.68
118.138557 0.68
118.197433 0.69
118.271308 0.68
118.326542 0.69
118.385435 0.69
118.436559 0.68
118.500311 0.68
118.551436 0.68
118.615438 0.69
118.674437 0.68
118.739795 0.68
118.795701 0.69
118.851438 0.68
118.904921 0.68
118.955702 0.68
119.006923 0.68
119.070672 0.69
119.123372 0.69
119.177200 0.69
119.246442 0.69
119.310191 0.68
119.368925 0.69
119.432675 0.69
119.493704 0.69
119.562801 0.68
119.623194 0.68
119.681678 0.68
119.755803 0.68
119.814444 0.68
119.873179 0.69
119.947429 0.69
120.000679 0.68
120.074680 0.69
120.138199 0.68
120.201681 0.68
120.275932 0.68
120.339932 0.68
120.403808 0.68
120.472933 0.69
120.541934 0.69
120.611060 0.69
120.669809 0.69
120.733935 0.68
120.797936 0.69
120.866686 0.68
120.940811 0.69
120.999204 0.68
121.068202 0.68
121.123469 0.69
121.187217 0.69
121.242331 0.68
121.295689 0.68
121.359455 0.68
121.423220 0.69
121.483206 0.69
121.552067 0.69
121.615817 0.68
121.674210 0.68
121.732693 0.68
121.793571 0.69
121.852069 0.68
121.915694 0.69
121.975320 0.68
122.028695 0.68
122.079820 0.69
122.148820 0.68
122.208954 0.68
122.267822 0.69
122.336822 0.68
122.392590 0.68
122.451212 0.70
122.505955 0.68
122.564699 0.68
122.625643 0.69
122.684228 0.69
122.748104 0.68
122.806700 0.68
122.870701 0.69
122.939826 0.68
123.008702 0.69
123.072956 0.68
123.131828 0.69
123.200704 0.69
123.269828 0.68
123.342231 0.68
123.411705 0.69
123.475597 0.68
123.544708 0.69
123.603235 0.68
123.661707 0.69
123.739235 0.68
123.804583 0.69
123.873585 0.68
123.942709 0.68
124.011835 0.68
124.080585 0.68
124.149711 0.69
124.208711 0.69
124.272837 0.68
124.331712 0.69
124.395712 0.69
124.459588 0.69
124.518242 0.68
124.572118 0.69
124.636232 0.68
124.695119 0.69
124.759117 0.68
124.823091 0.69
124.883231 0.68
124.942120 0.69
125.006121 0.69
125.070122 0.68
125.134123 0.68
125.199469 0.68
125.257970 0.68
125.322095 0.68
125.390971 0.68
125.449720 0.68
125.513596 0.69
125.578472 0.69
125.631973 0.69
125.702473 0.69
125.753475 0.68
125.811974 0.68
125.875975 0.69
125.934848 0.68
125.998473 0.69
126.072977 0.69
126.142106 0.69
126.216851 0.69
126.275616 0.69
126.344980 0.69
126.414494 0.69
126.488352 0.68
126.548477 0.68
126.612131 0.68
126.681499 0.69
126.750731 0.69
126.809982 0.69
126.873982 0.68
126.938856 0.69
127.003245 0.68
127.057110 0.68
127.110744 0.68
127.174733 0.68
127.238984 0.69
127.303139 0.69
127.362139 0.69
127.426127 0.68
127.480990 0.68
127.546364 0.69
127.606862 0.68
127.670737 0.68
127.725737 0.68
127.789615 0.69
127.853613 0.69
127.913876 0.69
127.978005 0.69
128.048021 0.68
128.113370 0.68
128.177257 0.69
128.228370 0.68
128.283384 0.68
128.343370 0.68
128.402617 0.69
128.466632 0.69
128.521868 0.68
128.586061 0.69
128.655745 0.69
128.714996 0.68
128.778996 0.69
128.848387 0.69
128.917511 0.68
128.981263 0.68
129.036885 0.68
129.101025 0.68
129.170623 0.69
129.229498 0.68
129.294000 0.68
129.349517 0.68
129.413750 0.68
129.477250 0.68
129.532625 0.68
129.591629 0.69
129.650519 0.69
129.714269 0.69
129.769502 0.68
129.838878 0.69
129.897521 0.68
129.966629 0.68
130.035270 0.69
130.109505 0.69
130.178880 0.69
130.247756 0.69
130.311756 0.69
130.375271 0.69
130.449273 0.69
130.520398 0.68
130.594273 0.69
130.658527 0.69
130.718276 0.69
130.787401 0.69
130.834638 0.69
130.898261 0.68
130.967761 0.68
131.031278 0.68
131.100762 0.69
131.164277 0.69
131.228533 0.69
131.297654 0.69
131.361281 0.68
131.435765 0.68
131.496405 0.69
131.570530 0.68
131.639767 0.69
131.705408 0.68
131.779534 0.68
131.843534 0.69
131.912893 0.68
131.976893 0.68
132.046535 0.68
132.115538 0.68
132.174410 0.68
132.233413 0.68
132.297414 0.68
132.356411 0.68
132.420285 0.68
132.489173 0.69
132.563904 0.69
132.629416 0.68
132.689649 0.68
132.743416 0.68
132.807416 0.69
132.871534 0.68
132.930417 0.69
132.994656 0.68
133.048419 0.68
133.117902 0.68
133.167544 0.68
133.231420 0.69
133.295420 0.68
133.359169 0.69
133.428418 0.69
133.478656 0.69
133.532422 0.68
133.591158 0.69
133.643531 0.69
133.702782 0.68
133.761782 0.69
133.825908 0.69
133.879922 0.69
133.933783 0.69
134.002784 0.69
134.066784 0.68
134.126910 0.69
134.172660 0.69
134.231548 0.69
134.290786 0.68
134.349789 0.69
134.423787 0.68
134.498663 0.68
134.552429 0.68
134.616303 0.68
134.680430 0.68
134.749193 0.69
134.818917 0.69
134.883042 0.68
134.954433 0.68
135.018308 0.70
135.082182 0.68
135.156792 0.69
135.222433 0.69
135.291793 0.69
135.360927 0.69
135.424794 0.69
135.493795 0.68
135.562795 0.68
135.628046 0.68
135.691797 0.68
135.745189 0.68
135.807048 0.68
135.873049 0.69
135.942441 0.69
136.002549 0.68
136.056192 0.68
136.120550 0.69
136.175566 0.68
136.234442 0.69
136.289551 0.69
136.348193 0.68
136.412551 0.69
136.467552 0.68
136.526332 0.68
136.590678 0.69
136.654678 0.69
136.729055 0.68
136.798319 0.69
136.857110 0.69
136.921195 0.68
136.985198 0.69
137.049060 0.68
137.118449 0.68
137.177557 0.68
137.236450 0.69
137.300933 0.68
137.356059 0.68
137.425810 0.68
137.495074 0.68
137.559450 0.68
137.623453 0.69
137.687451 0.68
137.751577 0.68
137.817330 0.68
137.881205 0.69
137.950215 0.69
138.014215 0.68
138.078205 0.68
138.137227 0.69
138.196208 0.69
138.260205 0.69
138.324197 0.69
138.384333 0.69
138.453208 0.69
138.517567 0.68
138.583068 0.68
138.638465 0.69
138.697071 0.69
138.772981 0.69
138.836958 0.69
138.901572 0.68
138.965697 0.69
139.038825 0.68
139.111365 0.69
139.176241 0.68
139.235223 0.69
139.299828 0.68
139.355575 0.69
139.431123 0.69
139.495713 0.68
139.565834 0.68
139.630707 0.69
139.695583 0.68
139.754706 0.68
139.813704 0.68
139.872578 0.68
139.942222 0.68
140.001234 0.68
140.060832 0.69
140.116222 0.69
140.181133 0.68
140.250963 0.68
140.310718 0.68
140.375588 0.68
140.451139 0.69
140.521481 0.68
140.586365 0.68
140.647714 0.69
140.707366 0.68
140.768716 0.69
140.829481 0.69
140.892237 0.69
140.946597 0.68
141.006374 0.69
141.071224 0.69
141.125597 0.69
141.185226 0.68
141.239599 0.69
141.299260 0.69
141.356385 0.69
141.421363 0.68
141.477875 0.69
141.533358 0.69
141.587125 0.69
141.647846 0.68
141.709856 0.68
141.769600 0.69
141.829240 0.68
141.883599 0.69
141.937472 0.68
141.998151 0.68
142.056972 0.68
142.117377 0.68
142.181723 0.69
142.236859 0.68
142.296603 0.69
142.366610 0.68
142.426374 0.69
142.501498 0.69
142.576993 0.69
142.636116 0.69
142.694976 0.68
142.763849 0.69
142.837725 0.68
142.896491 0.69
142.960475 0.69
143.030229 0.68
143.089120 0.68
143.139388 0.69
143.200375 0.69
143.269992 0.68
143.328982 0.68
143.393273 0.68
143.452481 0.68
143.511484 0.68
143.576857 0.68
143.635637 0.69
143.695860 0.68
143.754607 0.68
143.813498 0.68
143.877482 0.68
143.941486 0.68
143.988735 0.68
144.042485 0.69
144.101253 0.68
144.157995 0.69
144.217614 0.68
144.271377 0.69
144.333995 0.68
144.393508 0.68
144.454117 0.68
144.512865 0.68
144.572506 0.69
144.636505 0.69
144.695254 0.68
144.753864 0.68
144.807000 0.68
144.860866 0.69
144.925183 0.68
144.994745 0.68
145.064522 0.68
145.118386 0.68
145.193008 0.68
145.246742 0.69
145.320868 0.69
145.389868 0.68
145.458744 0.68
145.532995 0.69
145.596996 0.69
145.660745 0.68
145.724499 0.69
145.788264 0.68
145.842002 0.69
145.900874 0.68
145.970632 0.68
146.036751 0.68
146.101424 0.69
146.161176 0.69
146.215535 0.69
146.277007 0.68
146.331005 0.68
146.390508 0.68
146.444270 0.68
146.505529 0.69
146.565276 0.68
146.626531 0.69
146.682526 0.68
146.747184 0.69
146.808294 0.69
146.869514 0.69
146.930888 0.68
146.985413 0.68
147.050515 0.69
147.106526 0.68
147.165132 0.68
147.228757 0.68
147.280012 0.69
147.333759 0.69
147.385406 0.69
147.450173 0.69
147.515893 0.68
147.579760 0.69
147.631423 0.69
147.690888 0.69
147.749896 0.68
147.800026 0.69
147.858887 0.69
147.914013 0.68
147.977638 0.68
148.052766 0.69
148.111640 0.69
148.176417 0.69
148.236017 0.69
148.291427 0.68
148.345160 0.68
148.404204 0.69
148.463161 0.68
148.527436 0.69
148.587060 0.69
148.653213 0.68
148.717896 0.68
148.776897 0.69
148.835895 0.68
148.905342 0.69
148.961172 0.69
149.020022 0.68
149.080898 0.69
149.139772 0.69
149.199418 0.68
149.258292 0.68
149.323292 0.68
149.382292 0.68
149.451296 0.68
149.515309 0.69
149.579150 0.69
149.634169 0.69
149.703901 0.69
149.757149 0.69
149.818039 0.69
149.878779 0.69
149.947529 0.69
150.008172 0.68
150.072172 0.69
150.141907 0.69
150.196907 0.69
150.251179 0.68
150.316792 0.68
150.371308 0.68
150.421286 0.68
150.474534 0.69
150.535538 0.69
150.590793 0.68
150.644909 0.69
150.703661 0.69
150.767912 0.68
150.826920 0.69
150.906545 0.68
150.971049 0.68
151.041310 0.68
151.097544 0.68
151.148542 0.68
151.199541 0.68
151.253038 0.69
151.322555 0.68
151.391913 0.68
151.458041 0.68
151.527790 0.69
151.591665 0.69
151.656060 0.68
151.730665 0.68
151.805043 0.68
151.869195 0.69
151.933197 0.69
151.997182 0.68
152.061543 0.69
152.125919 0.69
152.179668 0.68
152.238184 0.69
152.297798 0.68
152.356921 0.68
152.415796 0.68
152.469047 0.69
152.533566 0.68
152.603049 0.68
152.672550 0.68
152.741924 0.69
152.795924 0.68
152.854674 0.69
152.915054 0.68
152.980570 0.68
153.040926 0.68
153.090801 0.68
153.155555 0.68
153.219810 0.69
153.284058 0.69
153.340431 0.69
153.395687 0.69
153.450805 0.68
153.510067 0.69
153.579808 0.69
153.639244 0.68
153.698939 0.69
153.748809 0.68
153.808588 0.68
153.878687 0.69
153.956686 0.68
154.020818 0.69
154.076941 0.68
154.138258 0.69
154.202943 0.69
154.256708 0.69
154.311089 0.68
154.380328 0.69
154.435810 0.68
154.499329 0.68
154.554940 0.68
154.627062 0.69
154.687562 0.68
154.746064 0.69
154.810064 0.69
154.875564 0.68
154.939690 0.68
155.008565 0.68
155.072568 0.69
155.136691 0.69
155.200819 0.68
155.259460 0.68
155.325586 0.68
155.384570 0.68
155.449076 0.68
155.503074 0.69
155.563977 0.68
155.630577 0.68
155.690141 0.69
155.760579 0.69
155.815143 0.69
155.874832 0.68
155.939703 0.68
155.998833 0.68
156.068575 0.69
156.127832 0.69
156.186960 0.68
156.256576 0.69
156.325575 0.69
156.389704 0.69
156.448702 0.68
156.503833 0.68
156.564471 0.69
156.652708 0.68
156.716956 0.69
156.794828 0.68
156.858830 0.69
156.908832 0.68
156.958830 0.68
157.017959 0.69
157.092472 0.69
157.166967 0.68
157.249966 0.69
157.324476 0.68
157.407479 0.68
157.466477 0.68
157.530977 0.69
157.584837 0.68
157.645588 0.68
157.704477 0.69
157.763478 0.68
157.827481 0.69
157.896995 0.68
157.956718 0.68
158.015841 0.68
158.080725 0.68
158.141970 0.68
158.201727 0.68
158.267721 0.69
158.326841 0.68
158.385842 0.68
158.454976 0.68
158.524593 0.69
158.579724 0.69
158.642252 0.68
158.706730 0.69
158.772727 0.69
158.842731 0.68
158.908728 0.68
158.978599 0.69
159.038850 0.68
159.098987 0.69
159.163489 0.69
159.227238 0.69
159.301240 0.68
159.375849 0.69
159.450976 0.69
159.509851 0.68
159.584258 0.69
159.649156 0.68
159.715495 0.69
159.785513 0.68
159.860984 0.68
159.925992 0.68
159.985734 0.68
160.055741 0.69
160.130988 0.69
160.190733 0.68
160.251481 0.68
160.315606 0.68
160.374499 0.69
160.443144 0.69
160.512607 0.69
160.576987 0.69
160.635734 0.69
160.696866 0.68
160.756113 0.68
160.827143 0.69
160.886866 0.69
160.951622 0.68
161.015863 0.69
161.069613 0.68
161.123237 0.69
161.183611 0.68
161.233866 0.68
161.294255 0.68
161.354113 0.68
161.414863 0.68
161.468117 0.68
161.528616 0.69
161.587277 0.68
161.646259 0.69
161.705133 0.69
161.769243 0.68
161.834616 0.68
161.893616 0.68
161.948492 0.69
162.007147 0.68
162.076118 0.69
162.150263 0.69
162.214387 0.68
162.278517 0.69
162.337121 0.69
162.412168 0.68
162.481874 0.68
162.546517 0.68
162.605498 0.68
162.664873 0.68
162.723747 0.68
162.788273 0.68
162.857393 0.68
162.921756 0.68
162.996878 0.69
163.061764 0.68
163.126756 0.69
163.191632 0.68
163.256254 0.68
163.315760 0.68
163.375405 0.68
163.429641 0.68
163.492407 0.69
163.546758 0.68
163.607539 0.68
163.657636 0.69
163.718515 0.68
163.779178 0.69
163.839509 0.68
163.893166 0.69
163.962274 0.68
164.026132 0.69
164.086766 0.68
164.145508 0.68
164.204133 0.68
164.266039 0.69
164.326510 0.69
164.385530 0.69
164.444277 0.69
164.508277 0.68
164.572276 0.68
164.636153 0.68
164.700152 0.68
164.769638 0.69
164.833762 0.69
164.887282 0.69
164.947534 0.68
165.006898 0.69
165.076016 0.68
165.140765 0.68
165.194518 0.69
165.248422 0.68
165.313416 0.68
165.372532 0.68
165.437402 0.69
165.496771 0.69
165.561655 0.68
165.637025 0.68
165.699523 0.69
165.764414 0.69
165.818657 0.68
165.894189 0.68
165.966212 0.69
166.020779 0.68
166.074651 0.69
166.139027 0.69
166.208545 0.69
166.274525 0.69
166.335167 0.69
166.399525 0.69
166.459778 0.68
166.529029 0.68
166.582665 0.68
166.642409 0.69
166.708190 0.68
166.762665 0.68
166.822427 0.69
166.887567 0.68
166.954205 0.69
167.009916 0.68
167.069663 0.69
167.129569 0.69
167.194790 0.68
167.255911 0.68
167.315668 0.68
167.380537 0.69
167.450306 0.68
167.509039 0.68
167.568217 0.69
167.632555 0.68
167.707545 0.68
167.782790 0.69
167.853225 0.68
167.918310 0.68
167.972667 0.68
168.031539 0.68
168.090555 0.69
168.154538 0.69
168.218667 0.68
168.277541 0.69
168.341668 0.68
168.411561 0.68
168.475542 0.69
168.545306 0.69
168.599045 0.68
168.663317 0.68
168.722045 0.68
168.781442 0.68
168.840420 0.69
168.894186 0.69
168.948049 0.68
169.007319 0.69
169.068047 0.69
169.132189 0.68
169.191046 0.69
169.260244 0.68
169.321051 0.68
169.379924 0.68
169.439554 0.68
169.509570 0.68
169.574319 0.68
169.640207 0.68
169.698925 0.69
169.762800 0.68
169.837930 0.69
169.901928 0.69
169.966237 0.68
170.030572 0.69
170.089322 0.68
170.153320 0.68
170.211929 0.68
170.270931 0.69
170.318212 0.69
170.372579 0.69
170.436807 0.69
170.503070 0.69
170.568062 0.68
170.628816 0.69
170.698937 0.68
170.777457 0.68
170.847579 0.69
170.912474 0.69
170.982457 0.69
171.057945 0.68
171.128065 0.68
171.189066 0.69
171.252938 0.68
171.317247 0.69
171.387066 0.68
171.446577 0.69
171.506336 0.69
171.576270 0.68
171.641339 0.68
171.715315 0.68
171.770354 0.69
171.828815 0.69
171.897942 0.68
171.961818 0.68
172.025817 0.68
172.091252 0.68
172.146336 0.68
172.201336 0.69
172.261944 0.69
172.323336 0.69
172.387958 0.68
172.451955 0.68
172.522117 0.68
172.585698 0.68
172.651831 0.68
172.715958 0.69
172.775474 0.69
172.835243 0.69
172.900825 0.69
172.973341 0.68
173.048115 0.68
173.106962 0.69
173.175829 0.68
173.239956 0.68
173.298958 0.68
173.363473 0.68
173.416957 0.68
173.475959 0.68
173.534713 0.69
173.594461 0.69
173.658832 0.69
173.718486 0.69
173.782962 0.68
173.851963 0.69
173.915705 0.69
173.990477 0.68
174.049458 0.68
174.114236 0.68
174.183711 0.68
174.259154 0.69
174.323968 0.69
174.388978 0.68
174.443481 0.68
174.503218 0.69
174.569971 0.69
174.624508 0.69
174.681974 0.69
174.736485 0.68
174.796257 0.68
174.860231 0.68
174.929846 0.68
174.993841 0.68
175.053367 0.69
175.112972 0.68
175.168154 0.68
175.238474 0.69
175.299994 0.69
175.350370 0.68
175.409973 0.68
175.460367 0.69
175.519470 0.68
175.592377 0.69
175.651975 0.68
175.711380 0.68
175.772148 0.68
175.832858 0.68
175.888606 0.69
175.948977 0.69
175.999379 0.69
176.059147 0.69
176.123856 0.69
176.178376 0.69
176.237863 0.68
176.292247 0.68
176.357605 0.69
176.417378 0.69
176.473604 0.68
176.537854 0.69
176.606726 0.68
176.676137 0.69
176.745728 0.69
176.810377 0.69
176.869404 0.69
176.933867 0.68
176.988379 0.68
177.047984 0.68
177.114248 0.69
177.183858 0.68
177.248376 0.69
177.312735 0.68
177.377276 0.69
177.441738 0.69
177.506384 0.69
177.566181 0.68
177.630870 0.69
177.685380 0.68
177.741392 0.68
177.802742 0.70
177.862246 0.69
177.927159 0.69
177.988132 0.69
178.049153 0.69
178.104114 0.69
178.166498 0.69
178.221867 0.69
178.280740 0.68
178.344739 0.68
178.408864 0.69
178.467865 0.68
178.521865 0.69
178.580740 0.68
178.645118 0.69
178.714246 0.68
178.774746 0.68
178.833744 0.68
178.898010 0.69
178.957246 0.69
179.021746 0.68
179.085745 0.68
179.141001 0.69
179.215748 0.68
179.288759 0.69
179.353626 0.68
179.413193 0.69
179.472879 0.68
179.527194 0.69
179.586882 0.69
179.637253 0.69
179.705295 0.69
179.764880 0.69
179.831638 0.69
179.886174 0.69
179.951199 0.68
180.011014 0.69
180.075887 0.68
180.137278 0.69
180.196640 0.69
180.251193 0.68
180.310883 0.69
180.371891 0.69
180.436883 0.68
180.491192 0.69
180.552638 0.69
180.607197 0.69
180.666766 0.69
180.721156 0.69
180.788761 0.69
180.847759 0.68
180.906892 0.68
180.976760 0.68
181.041286 0.68
181.097014 0.70
181.157646 0.68
181.212201 0.68
181.259765 0.68
181.309900 0.69
181.374893 0.69
181.439900 0.69
181.510020 0.69
181.580211 0.68
181.645019 0.69
181.719899 0.68
181.785892 0.68
181.840197 0.69
181.901647 0.68
181.961204 0.69
182.021894 0.68
182.086301 0.69
182.152898 0.69
182.217530 0.68
182.278903 0.68
182.345658 0.68
182.400217 0.69
182.455900 0.68
182.520900 0.68
182.585414 0.68
182.649897 0.69
182.720029 0.69
182.789444 0.68
182.855899 0.69
182.916906 0.69
182.987204 0.69
183.046565 0.69
183.101030 0.68
183.160657 0.68
183.215220 0.68
183.279904 0.68
183.345039 0.68
183.404782 0.69
183.464199 0.68
183.524905 0.68
183.584041 0.68
183.643785 0.68
183.715540 0.68
183.770039 0.69
183.829531 0.69
183.898547 0.68
183.962422 0.68
184.031532 0.68
184.100794 0.68
184.159910 0.69
184.224049 0.68
184.283789 0.69
184.337536 0.69
184.397107 0.68
184.463293 0.69
184.529294 0.68
184.593664 0.69
184.653049 0.68
184.712793 0.68
184.773549 0.68
184.828049 0.68
184.887793 0.69
184.943677 0.69
185.004917 0.69
185.070802 0.69
185.146213 0.69
185.212554 0.69
185.266558 0.69
185.335561 0.68
185.404558 0.68
185.469048 0.68
185.527919 0.69
185.591918 0.68
185.650917 0.69
185.724795 0.69
185.785435 0.68
185.849681 0.69
185.916317 0.69
185.985682 0.68
186.050803 0.69
186.112060 0.68
186.171806 0.68
186.233109 0.68
186.292685 0.69
186.356440 0.69
186.420440 0.68
186.489193 0.69
186.553442 0.68
186.617315 0.68
186.681440 0.68
186.740441 0.69
186.804443 0.69
186.868302 0.68
186.933678 0.69
186.992194 0.68
187.057679 0.69
187.116444 0.68
187.185195 0.68
187.246680 0.69
187.300448 0.69
187.364321 0.68
187.424681 0.69
187.483208 0.68
187.552450 0.69
187.616325 0.68
187.680449 0.68
187.744200 0.69
187.818576 0.69
187.877450 0.69
187.941453 0.69
188.005564 0.69
188.064454 0.69
188.133940 0.68
188.192813 0.68
188.257697 0.68
188.327567 0.69
188.381980 0.68
188.443465 0.68
188.502827 0.68
188.562573 0.68
188.618696 0.68
188.679341 0.68
188.743458 0.68
188.799201 0.68
188.858336 0.69
188.924200 0.69
189.007958 0.68
189.086578 0.69
189.152982 0.68
189.210349 0.68
189.264701 0.68
189.325833 0.69
189.404594 0.69
189.458835 0.68
189.525079 0.69
189.584827 0.69
189.644580 0.68
189.714710 0.68
189.781124 0.68
189.841980 0.69
189.912241 0.68
189.967839 0.69
190.027586 0.69
190.092581 0.68
190.146347 0.69
190.201578 0.68
190.260468 0.68
190.315581 0.68
190.369349 0.68
190.438706 0.68
190.497719 0.69
190.562354 0.69
190.616227 0.69
190.675590 0.69
190.734706 0.68
190.809234 0.68
190.868108 0.68
190.937110 0.69
191.006112 0.69
191.075474 0.69
191.139113 0.69
191.213709 0.69
191.282585 0.69
191.336372 0.69
191.395244 0.68
191.454482 0.68
191.513117 0.69
191.584099 0.68
191.653714 0.69
191.718370 0.68
191.772718 0.69
191.837238 0.68
191.892722 0.68
191.962484 0.69
192.026717 0.69
192.087244 0.69
192.151244 0.68
192.215245 0.68
192.279243 0.69
192.343246 0.69
192.402245 0.69
192.461379 0.69
192.516722 0.68
192.581363 0.69
192.645239 0.68
192.700490 0.69
192.754240 0.68
192.813135 0.68
192.872376 0.68
192.926256 0.69
192.985732 0.68
193.050497 0.68
193.109485 0.68
193.179606 0.68
193.254860 0.68
193.325152 0.68
193.384247 0.69
193.443731 0.68
193.502729 0.69
193.567166 0.68
193.631244 0.69
193.695505 0.68
193.754606 0.68
193.813738 0.69
193.882997 0.69
193.952385 0.69
194.005997 0.69
194.070377 0.69
194.134614 0.68
194.209494 0.68
194.274240 0.69
194.338737 0.68
194.398521 0.68
194.468379 0.69
194.527487 0.68
194.583614 0.69
194.642611 0.69
194.707114 0.68
194.776495 0.69
194.843154 0.68
194.901991 0.68
194.962392 0.68
195.020991 0.69
195.080623 0.68
195.145513 0.67
195.202262 0.68
195.261619 0.68
195.314993 0.69
195.370626 0.69
195.430246 0.68
195.489622 0.68
195.549393 0.69
195.608631 0.69
195.668505 0.69
195.738623 0.68
195.803541 0.68
195.879001 0.68
195.938633 0.68
196.003520 0.69
196.079274 0.69
196.138754 0.68
196.194191 0.69
196.254012 0.68
196.319877 0.68
196.389379 0.69
196.448501 0.68
196.512509 0.69
196.582033 0.69
196.651876 0.68
196.716754 0.69
196.772003 0.69
196.841267 0.69
196.904876 0.69
196.974005 0.69
197.038006 0.69
197.107505 0.69
197.171527 0.68
197.235756 0.68
197.296506 0.68
197.360509 0.68
197.420882 0.69
197.490523 0.69
197.556304 0.69
197.611509 0.69
197.662762 0.69
197.716634 0.69
197.766510 0.68
197.826886 0.68
197.896150 0.69
197.954887 0.69
198.023762 0.69
198.093279 0.68
198.162514 0.68
198.232014 0.69
198.287168 0.69
198.340891 0.69
198.404888 0.69
198.460785 0.69
198.508159 0.69
198.561765 0.68
198.637189 0.68
198.696644 0.69
198.761301 0.68
198.820516 0.68
198.873766 0.69
198.942893 0.68
199.001286 0.69
199.065284 0.68
199.118768 0.68
199.187895 0.68
199.256768 0.69
199.325898 0.68
199.389771 0.68
199.453537 0.68
199.512289 0.68
199.565773 0.69
199.634774 0.68
199.708900 0.68
199.773545 0.68
199.832285 0.69
199.898197 0.68
199.951902 0.68
200.015902 0.68
200.075299 0.68
200.144908 0.68
200.199428 0.69
200.258905 0.69
200.327314 0.68
200.382527 0.68
200.446417 0.69
200.501420 0.69
200.570178 0.68
200.635904 0.69
200.685422 0.69
200.749298 0.68
200.805657 0.68
200.857034 0.69
200.915783 0.69
200.980203 0.69
201.049911 0.69
201.119048 0.70
201.169441 0.68
201.229202 0.69
201.295231 0.68
201.366668 0.68
201.432671 0.68
201.492438 0.68
201.552105 0.69
201.618224 0.68
201.683245 0.68
201.753546 0.68
201.814044 0.69
201.873054 0.68
201.937799 0.68
202.002443 0.69
202.062190 0.68
202.132065 0.68
202.193446 0.69
202.253049 0.68
202.328924 0.69
202.406921 0.68
202.466188 0.68
202.530186 0.68
202.586230 0.69
202.646052 0.68
202.700456 0.68
202.760220 0.69
202.826444 0.69
202.882240 0.69
202.947055 0.68
203.012068 0.69
203.078928 0.69
203.134073 0.68
203.195326 0.68
203.255055 0.68
203.316323 0.69
203.376088 0.68
203.433061 0.69
203.498061 0.69
203.567804 0.68
203.632332 0.68
203.697067 0.68
203.762064 0.69
203.835068 0.68
203.910688 0.69
203.974808 0.68
204.034211 0.69
204.098201 0.68
204.173592 0.69
204.249062 0.69
204.308328 0.69
204.374563 0.69
204.439243 0.68
204.499067 0.69
204.569083 0.69
204.633943 0.69
204.689458 0.69
204.759698 0.69
204.829692 0.69
204.889332 0.69
204.946572 0.69
205.010565 0.68
205.074690 0.68
205.148940 0.68
205.202814 0.69
205.271814 0.69
205.340942 0.68
205.406829 0.68
205.461341 0.69
205.527569 0.69
205.602374 0.68
205.656068 0.70
205.715259 0.69
205.769071 0.69
205.830271 0.68
205.895343 0.69
205.965073 0.69
206.031707 0.69
206.086077 0.68
206.141982 0.68
206.206828 0.68
206.261363 0.69
206.321210 0.69
206.386120 0.69
206.450970 0.68
206.515975 0.68
206.566263 0.69
206.625979 0.69
206.676113 0.69
206.745593 0.68
206.814700 0.69
206.892103 0.68
206.951105 0.68
207.015106 0.68
207.080457 0.69
207.140113 0.69
207.209839 0.68
207.271121 0.69
207.331717 0.69
207.391213 0.69
207.460834 0.69
207.520144 0.68
207.575480 0.68
207.635138 0.69
207.705231 0.69
207.764842 0.69
207.839972 0.69
207.909844 0.69
207.974973 0.68
208.039848 0.68
208.101241 0.68
208.171130 0.68
208.235598 0.68
208.299966 0.68
208.366725 0.69
208.420969 0.69
208.499604 0.68
208.559241 0.69
208.624133 0.68
208.688975 0.68
208.753603 0.68
208.807851 0.68
208.872720 0.68
208.927162 0.68
208.986849 0.68
209.047843 0.69
209.101718 0.69
209.165846 0.68
209.235483 0.68
209.299726 0.69
209.353974 0.68
209.413113 0.70
209.467152 0.69
209.526725 0.69
209.581853 0.69
209.647854 0.69
209.708491 0.69
209.768167 0.69
209.827853 0.68
209.893858 0.69
209.960605 0.69
210.020174 0.68
210.085232 0.69
210.144751 0.68
210.199162 0.68
210.260607 0.69
210.330507 0.68
210.395148 0.68
210.465242 0.69
210.531859 0.68
210.596859 0.69
210.667234 0.69
210.733863 0.68
210.800612 0.69
210.855172 0.68
210.916614 0.69
210.970998 0.68
211.041009 0.68
211.105503 0.68
211.170497 0.68
211.224991 0.69
211.284495 0.68
211.338995 0.68
211.403868 0.69
211.473864 0.69
211.539513 0.69
211.598995 0.69
211.652864 0.68
211.718514 0.69
211.772490 0.69
211.836870 0.69
211.901868 0.69
211.960867 0.69
212.026494 0.69
212.090494 0.68
212.150749 0.69
212.209868 0.69
212.284001 0.68
212.337868 0.68
212.396514 0.69
212.455370 0.68
212.529870 0.69
212.599622 0.69
212.658756 0.68
212.724750 0.68
212.784013 0.68
212.843758 0.68
212.908752 0.69
212.973511 0.68
213.027750 0.68
213.097880 0.68
213.169287 0.69
213.239173 0.69
213.305627 0.69
213.364885 0.68
213.424759 0.68
213.489762 0.69
213.554759 0.68
213.619640 0.69
213.681016 0.69
213.740757 0.68
213.810766 0.68
213.875507 0.68
213.934889 0.69
213.994511 0.69
214.053883 0.68
214.131882 0.68
214.200880 0.68
214.266522 0.68
214.325632 0.68
214.384274 0.69
214.458427 0.68
214.522760 0.68
214.583134 0.68
214.652649 0.68
214.706276 0.68
214.759885 0.69
214.827137 0.68
214.885764 0.68
214.944763 0.69
215.003775 0.69
215.079037 0.69
215.132765 0.69
215.208419 0.68
215.262893 0.68
215.323653 0.69
215.388416 0.69
215.442900 0.68
215.502648 0.69
215.567656 0.69
215.632653 0.69
215.697646 0.69
215.762655 0.68
215.823416 0.68
215.888299 0.69
215.958525 0.68
216.017896 0.69
216.087898 0.68
216.157531 0.69
216.222527 0.69
216.281897 0.69
216.345646 0.69
216.404525 0.69
216.468775 0.69
216.532649 0.68
216.586419 0.68
216.650415 0.69
216.719543 0.68
216.778417 0.69
216.847542 0.69
216.911777 0.68
216.986028 0.68
217.048419 0.68
217.117778 0.68
217.192170 0.69
217.266173 0.68
217.330421 0.69
217.399657 0.69
217.465171 0.69
217.529786 0.68
217.590422 0.68
217.654668 0.69
217.717042 0.68
217.783315 0.68
217.837790 0.69
217.893200 0.69
217.958317 0.68
218.017790 0.68
218.082545 0.68
218.160542 0.69
218.225545 0.68
218.290543 0.68
218.351072 0.68
218.411538 0.68
218.465178 0.68
218.529791 0.68
218.590041 0.68
218.659920 0.68
218.713667 0.69
218.783671 0.69
218.859189 0.69
218.918800 0.68
218.978442 0.68
219.034055 0.68
219.093678 0.69
219.163681 0.68
219.233678 0.69
219.308683 0.69
219.378929 0.68
219.445434 0.68
219.505318 0.69
219.559801 0.69
219.624556 0.68
219.689447 0.69
219.752060 0.69
219.811680 0.69
219.867244 0.68
219.923237 0.69
219.977804 0.69
220.033058 0.68
220.088683 0.69
220.153196 0.69
220.212677 0.68
220.266553 0.68
220.323454 0.68
220.373683 0.69
220.428680 0.68
220.483928 0.69
220.548053 0.68
220.612061 0.69
220.671195 0.68
220.730689 0.68
220.789557 0.69
220.853558 0.69
220.923328 0.69
220.982221 0.68
221.041198 0.68
221.100057 0.69
221.164058 0.69
221.223200 0.69
221.287060 0.68
221.351060 0.69
221.415060 0.68
221.479061 0.69
221.543064 0.68
221.607562 0.68
221.671690 0.68
221.735565 0.68
221.799690 0.69
221.853349 0.69
221.912690 0.68
221.966064 0.68
222.035970 0.69
222.105336 0.68
222.159360 0.69
222.225692 0.69
222.290068 0.69
222.350694 0.68
222.404462 0.68
222.470450 0.69
222.539582 0.69
222.599211 0.68
222.653575 0.69
222.714342 0.68
222.770216 0.68
222.829230 0.69
222.883585 0.68
222.943347 0.69
223.004581 0.69
223.064477 0.68
223.129222 0.69
223.179576 0.68
223.239350 0.68
223.300354 0.68
223.365353 0.68
223.435486 0.68
223.495369 0.68
223.556347 0.68
223.617131 0.68
223.671589 0.70
223.731357 0.69
223.792352 0.69
223.862476 0.68
223.933904 0.69
223.989585 0.69
224.058963 0.68
224.114242 0.68
224.167960 0.69
224.232357 0.69
224.304960 0.69
224.378359 0.68
224.448353 0.69
224.513493 0.68
224.583588 0.69
224.648364 0.69
224.713382 0.69
224.774148 0.68
224.835362 0.68
224.905496 0.69
224.980975 0.69
225.040600 0.68
225.096509 0.69
225.161345 0.69
225.222126 0.68
225.284482 0.68
225.359135 0.68
225.413470 0.68
225.483160 0.68
225.549979 0.68
225.610848 0.68
225.667851 0.68
225.722493 0.69
225.786976 0.68
225.850972 0.68
225.914972 0.69
225.973972 0.69
226.032845 0.69
226.088720 0.69
226.147469 0.68
226.216985 0.69
226.271473 0.69
226.335365 0.69
226.404855 0.69
226.475139 0.68
226.529501 0.68
226.589232 0.68
226.659261 0.68
226.724238 0.68
226.785249 0.68
226.850239 0.68
226.925500 0.69
226.989732 0.68
227.054483 0.69
227.114237 0.68
227.189610 0.69
227.254402 0.68
227.314239 0.68
227.384125 0.68
227.454391 0.69
227.518250 0.69
227.588613 0.68
227.644501 0.69
227.708992 0.68
227.763490 0.68
227.828264 0.69
227.893271 0.69
227.958239 0.68
228.012390 0.69
228.072275 0.68
228.142240 0.69
228.202998 0.68
228.257491 0.69
228.317178 0.69
228.378245 0.69
228.448271 0.68
228.513247 0.69
228.579876 0.68
228.634407 0.69
228.695870 0.68
228.755404 0.68
228.815402 0.69
228.875159 0.69
228.940314 0.69
229.000164 0.69
229.057179 0.68
229.128640 0.69
229.188414 0.68
229.248196 0.69
229.313164 0.68
229.379190 0.69
229.450627 0.68
229.511185 0.69
229.576180 0.68
229.632641 0.69
229.689637 0.68
229.758871 0.68
229.818407 0.69
229.869628 0.68
229.917000 0.68
229.971398 0.69
230.022628 0.68
230.082886 0.69
230.142881 0.68
230.197007 0.69
230.250756 0.69
230.320507 0.69
230.376281 0.69
230.441284 0.68
230.511254 0.69
230.580886 0.68
230.644754 0.68
230.708885 0.68
230.767881 0.68
230.836755 0.68
230.901276 0.69
230.971418 0.69
231.032886 0.69
231.087021 0.69
231.148422 0.69
231.209888 0.68
231.264157 0.68
231.328766 0.69
231.383281 0.68
231.437297 0.68
231.501761 0.68
231.561191 0.68
231.626015 0.68
231.687295 0.69
231.747022 0.68
231.808184 0.69
231.879527 0.68
231.939307 0.68
231.989282 0.68
232.045024 0.69
232.109767 0.68
232.164296 0.69
232.219770 0.68
232.279027 0.68
232.340025 0.69
232.396530 0.68
232.456311 0.69
232.516024 0.68
232.580777 0.69
232.636530 0.68
232.696315 0.68
232.756217 0.69
232.816029 0.69
232.899781 0.69
232.954296 0.68
233.024183 0.68
233.088900 0.69
233.147649 0.68
233.212206 0.69
233.276183 0.68
233.341216 0.68
233.401033 0.68
233.474206 0.69
233.539302 0.69
233.598662 0.69
233.653219 0.69
233.714782 0.68
233.774305 0.68
233.839303 0.68
233.900664 0.68
233.955196 0.69
234.016783 0.69
234.076035 0.69
234.131031 0.68
234.191915 0.69
234.251175 0.69
234.315555 0.68
234.375036 0.69
234.435783 0.68
234.491435 0.68
234.551206 0.68
234.610920 0.68
234.675916 0.69
234.740784 0.68
234.795909 0.68
234.854908 0.68
234.913784 0.68
234.972785 0.68
235.023412 0.68
235.078555 0.69
235.143786 0.68
235.203042 0.68
235.268540 0.68
235.333920 0.69
235.399792 0.68
235.463791 0.68
235.523222 0.69
235.587042 0.69
235.662546 0.68
235.722793 0.69
235.787058 0.69
235.851794 0.69
235.910928 0.69
235.977677 0.69
236.037457 0.68
236.097233 0.68
236.157052 0.68
236.223678 0.69
236.278051 0.68
236.338797 0.68
236.397921 0.68
236.461921 0.68
236.527671 0.68
236.591921 0.69
236.652797 0.68
236.706797 0.68
236.760564 0.69
236.820238 0.69
236.880063 0.69
236.939812 0.69
237.001197 0.68
237.062559 0.68
237.117064 0.69
237.176681 0.68
237.230691 0.69
237.290058 0.68
237.345814 0.69
237.410811 0.68
237.471447 0.69
237.540554 0.69
237.609569 0.68
237.678558 0.68
237.742557 0.68
237.811328 0.68
237.876933 0.68
237.945932 0.68
238.009933 0.69
238.069933 0.68
238.147560 0.69
238.207811 0.68
238.266686 0.69
238.330685 0.69
238.394576 0.68
238.450314 0.69
238.508935 0.68
238.568936 0.68
238.632939 0.68
238.702566 0.69
238.766689 0.68
238.821068 0.69
238.885568 0.68
238.949973 0.69
239.020239 0.69
239.095575 0.69
239.150077 0.68
239.209572 0.68
239.269078 0.69
239.330591 0.69
239.389569 0.68
239.453569 0.69
239.517569 0.68
239.576477 0.69
239.640461 0.69
239.704571 0.68
239.763464 0.68
239.827697 0.69
239.886825 0.68
239.945823 0.68
240.011591 0.69
240.065574 0.68
240.124574 0.69
240.184700 0.69
240.248825 0.68
240.314230 0.69
240.388201 0.69
240.448701 0.68
240.503954 0.69
240.567957 0.69
240.637706 0.69
240.691471 0.68
240.750370 0.69
240.809471 0.69
240.873471 0.69
240.928707 0.68
240.992970 0.68
241.052713 0.68
241.125354 0.69
241.184985 0.68
241.256255 0.68
241.325964 0.69
241.395707 0.68
241.459711 0.68
241.509710 0.68
241.570475 0.69
241.634355 0.68
241.693476 0.69
241.753229 0.69
241.822483 0.69
241.886600 0.69
241.962136 0.68
242.032162 0.68
242.091978 0.69
242.151596 0.68
242.205975 0.68
242.265723 0.69
242.330604 0.68
242.395727 0.69
242.460488 0.68
242.515984 0.69
242.575725 0.69
242.640600 0.69
242.701605 0.68
242.766599 0.69
242.820993 0.69
242.882373 0.68
242.936484 0.69
242.992134 0.68
243.051851 0.69
243.116367 0.69
243.175848 0.68
243.245608 0.69
243.310604 0.69
243.380852 0.69
243.436137 0.68
243.496726 0.69
243.566608 0.68
243.631498 0.68
243.686603 0.69
243.740388 0.68
243.799242 0.68
243.860384 0.68
243.925485 0.68
243.975857 0.68
244.035617 0.69
244.101108 0.68
244.157106 0.68
244.226731 0.69
244.285733 0.69
244.355609 0.69
244.414744 0.69
244.479617 0.69
244.544381 0.69
244.608861 0.68
244.668486 0.68
244.727745 0.68
244.792617 0.69
244.857520 0.69
244.924258 0.68
244.983865 0.69
245.044383 0.69
245.094864 0.69
245.150112 0.69
245.205873 0.68
245.265509 0.69
245.319625 0.68
245.386407 0.68
245.441616 0.69
245.502383 0.69
245.561383 0.68
245.621999 0.69
245.677516 0.68
245.738243 0.68
245.798993 0.68
245.857994 0.68
245.922144 0.69
245.982617 0.68
246.037617 0.68
246.101618 0.69
246.165618 0.68
246.229743 0.68
246.288494 0.68
246.342012 0.69
246.406013 0.69
246.475262 0.69
246.529996 0.69
246.599387 0.68
246.654512 0.68
246.713390 0.68
246.771999 0.68
246.841266 0.69
246.905123 0.69
246.974249 0.68
247.038516 0.68
247.097125 0.68
247.166265 0.68
247.230126 0.69
247.299268 0.69
247.363269 0.68
247.422254 0.68
247.481255 0.68
247.545395 0.68
247.609271 0.69
247.673524 0.69
247.732274 0.69
247.796395 0.69
247.860399 0.68
247.924272 0.69
247.988132 0.69
248.057274 0.69
248.121286 0.68
248.185276 0.68
248.245524 0.68
248.306010 0.68
248.375134 0.69
248.444153 0.68
248.513290 0.69
248.577276 0.68
248.641165 0.68
248.700013 0.69
248.764017 0.69
248.823014 0.68
248.887014 0.69
248.951015 0.68
249.015016 0.68
249.079222 0.68
249.144021 0.69
249.203021 0.68
249.262018 0.69
249.326157 0.69
249.385433 0.68
249.455422 0.68
249.509176 0.68
249.563649 0.69
249.628029 0.68
249.687439 0.69
249.752436 0.68
249.811526 0.68
249.887033 0.69
249.946290 0.68
250.000656 0.69
250.060167 0.69
250.119660 0.68
250.175533 0.69
250.250777 0.69
250.318935 0.68
250.378655 0.69
250.443656 0.69
250.513780 0.69
250.570914 0.68
250.631912 0.69
250.691426 0.68
250.752578 0.68
250.812301 0.68
250.874916 0.69
250.936040 0.69
250.986430 0.68
251.053046 0.69
251.107537 0.69
251.163223 0.69
251.224540 0.70
251.284305 0.68
251.345559 0.68
251.405306 0.69
251.466221 0.68
251.527539 0.68
251.591911 0.68
251.655910 0.68
251.711785 0.68
251.765301 0.68
251.817786 0.68
251.865177 0.69
251.918785 0.69
251.971190 0.69
252.029912 0.69
252.077180 0.68
252.136539 0.68
252.195431 0.68
252.259542 0.69
252.318540 0.69
252.388671 0.68
252.449184 0.68
252.509855 0.69
252.580215 0.69
252.644456 0.69
252.704466 0.68
252.779922 0.68
252.839552 0.69
252.899318 0.68
252.957794 0.68
253.027053 0.69
253.085795 0.69
253.154921 0.69
253.213923 0.68
253.278328 0.69
253.348678 0.68
253.414929 0.68
253.486320 0.68
253.546924 0.69
253.606452 0.69
253.666052 0.69
253.730238 0.68
253.795326 0.69
253.856198 0.69
253.917560 0.69
253.978932 0.68
254.038056 0.68
254.093245 0.69
254.150057 0.68
254.213802 0.69
254.274931 0.68
254.344062 0.69
254.399743 0.69
254.455094 0.69
254.509460 0.68
254.565254 0.69
254.631935 0.69
254.686459 0.69
254.746235 0.68
254.812937 0.68
254.872465 0.68
254.931937 0.69
254.987459 0.68
255.053694 0.69
255.118571 0.69
255.185070 0.69
255.255082 0.69
255.333821 0.68
255.389461 0.68
255.454236 0.69
255.520073 0.68
255.566261 0.68
255.631210 0.68
255.696234 0.69
255.761244 0.68
255.826467 0.68
255.894335 0.68
255.958941 0.69
256.022694 0.68
256.086821 0.69
256.152942 0.69
256.217337 0.68
256.281945 0.68
256.351241 0.69
256.421073 0.68
256.476229 0.69
256.542980 0.69
256.597473 0.69
256.662210 0.69
256.724981 0.69
256.780619 0.69
256.840358 0.69
256.900122 0.68
256.957141 0.68
257.023978 0.68
257.074350 0.69
257.134133 0.68
257.200834 0.69
257.255247 0.68
257.316359 0.68
257.375960 0.68
257.431145 0.68
257.502585 0.68
257.557831 0.69
257.617357 0.68
257.677138 0.68
257.737841 0.69
257.792368 0.68
257.852139 0.68
257.927484 0.68
258.006124 0.68
258.072139 0.69
258.142358 0.69
258.197845 0.69
258.252375 0.69
258.312130 0.68
258.387481 0.69
258.459356 0.69
258.518845 0.69
258.573217 0.68
258.631588 0.68
258.695094 0.68
258.754361 0.68
258.813363 0.69
258.873223 0.68
258.939844 0.68
259.008599 0.68
259.077845 0.69
259.132129 0.68
259.204844 0.68
259.263854 0.68
259.318504 0.68
259.383366 0.68
259.448148 0.68
259.513246 0.68
259.572847 0.68
259.632168 0.69
259.686365 0.69
259.736104 0.69
259.790981 0.68
259.851724 0.68
259.915998 0.68
259.985723 0.68
260.049476 0.68
260.109602 0.69
260.165135 0.69
260.225730 0.68
260.286482 0.69
260.345988 0.68
260.406737 0.68
260.467486 0.68
260.522482 0.68
260.573482 0.69
260.624484 0.69
260.683860 0.69
260.734236 0.68
260.794856 0.68
260.849855 0.68
260.910486 0.69
260.969614 0.69
261.039861 0.68
261.085858 0.68
261.140162 0.68
261.205160 0.68
261.276491 0.68
261.335867 0.69
261.400501 0.68
261.460165 0.68
261.519863 0.69
261.576860 0.69
261.636274 0.69
261.700860 0.69
261.759987 0.69
261.824737 0.68
261.889171 0.69
261.948867 0.68
262.009992 0.68
262.074869 0.68
262.136244 0.69
262.201040 0.69
262.267746 0.69
262.321743 0.69
262.376181 0.69
262.437622 0.68
262.491878 0.68
262.558628 0.69
262.613163 0.69
262.672872 0.68
262.733510 0.69
262.802742 0.68
262.861869 0.68
262.915868 0.68
262.969745 0.68
263.033746 0.69
263.097747 0.68
263.152512 0.69
263.217870 0.68
263.272872 0.69
263.327748 0.69
263.391746 0.68
263.455749 0.69
263.519749 0.68
263.583748 0.68
263.656000 0.69
263.717375 0.69
263.773376 0.68
263.843003 0.68
263.908516 0.68
263.973751 0.69
264.028517 0.69
264.097877 0.68
264.156878 0.68
264.210756 0.69
264.265267 0.68
264.320881 0.69
264.374881 0.69
264.435768 0.69
264.500763 0.69
264.562170 0.68
264.623638 0.68
264.678190 0.68
264.744520 0.69
264.813756 0.68
264.877274 0.68
264.935883 0.68
265.001273 0.68
265.058523 0.68
265.122525 0.68
265.186528 0.69
265.255276 0.69
265.307012 0.68
265.362279 0.68
265.436276 0.68
265.507175 0.69
265.566405 0.68
265.626763 0.69
265.690406 0.68
265.741764 0.68
265.800529 0.69
265.869530 0.68
265.938282 0.69
265.992267 0.68
266.052891 0.69
266.116891 0.68
266.187297 0.68
266.237050 0.68
266.292036 0.68
266.352284 0.68
266.415769 0.68
266.470644 0.69
266.525784 0.68
266.590775 0.69
266.649895 0.68
266.708537 0.68
266.777537 0.69
266.846775 0.69
266.905522 0.68
266.974289 0.68
267.048538 0.68
267.117541 0.68
267.181542 0.68
267.245524 0.68
267.314543 0.68
267.383542 0.68
267.452541 0.68
267.521545 0.68
267.585545 0.69
267.654544 0.69
267.718171 0.68
267.773546 0.68
267.837545 0.69
267.901545 0.68
267.965420 0.69
268.024297 0.68
268.077908 0.68
268.143162 0.69
268.212658 0.69
268.267089 0.68
268.328413 0.69
268.388661 0.68
268.442547 0.68
268.496552 0.69
268.555428 0.69
268.619788 0.69
268.694442 0.68
268.748920 0.68
268.808666 0.68
268.862182 0.68
268.936917 0.68
268.991788 0.69
269.066048 0.68
269.130290 0.68
269.191444 0.68
269.245921 0.68
269.315680 0.68
269.386051 0.69
269.456208 0.69
269.515924 0.69
269.575675 0.68
269.640679 0.68
269.705680 0.69
269.770442 0.68
269.835683 0.69
269.900194 0.68
269.964930 0.69
270.024678 0.69
270.094549 0.69
270.153444 0.68
270.222547 0.69
270.281437 0.68
270.345439 0.69
270.409316 0.68
270.473439 0.69
270.537192 0.69
270.606442 0.68
270.675318 0.68
270.739444 0.68
270.803192 0.69
270.872443 0.69
270.936195 0.68
271.005443 0.69
271.074194 0.68
271.148804 0.68
271.209059 0.69
271.278448 0.68
271.342208 0.69
271.402556 0.68
271.456199 0.69
271.520198 0.70
271.582058 0.68
271.644059 0.68
271.710059 0.68
271.770559 0.69
271.825559 0.69
271.880559 0.69
271.939450 0.68
272.003450 0.69
272.062062 0.68
272.131576 0.68
272.186561 0.68
272.240063 0.69
272.304205 0.68
272.368203 0.68
272.437215 0.69
272.501064 0.69
272.570209 0.68
272.639692 0.69
272.703691 0.68
272.767690 0.69
272.831691 0.69
272.906588 0.69
272.960070 0.69
273.029828 0.68
273.089574 0.68
273.148983 0.68
273.215707 0.69
273.291074 0.68
273.355834 0.68
273.420826 0.69
273.479823 0.69
273.544469 0.68
273.616830 0.68
273.676350 0.69
273.730593 0.68
273.787476 0.69
273.852348 0.69
273.906702 0.69
273.967833 0.68
274.029250 0.69
274.084968 0.68
274.144840 0.68
274.206249 0.69
274.260718 0.68
274.320979 0.69
274.376475 0.68
274.430349 0.69
274.489834 0.68
274.548706 0.69
274.610133 0.69
274.671007 0.68
274.730121 0.69
274.789368 0.68
274.844709 0.69
274.898718 0.69
274.968841 0.68
275.030154 0.69
275.105596 0.68
275.175588 0.68
275.245593 0.69
275.321129 0.68
275.391366 0.68
275.451218 0.69
275.505356 0.68
275.559122 0.68
275.617966 0.68
275.682245 0.68
275.746714 0.68
275.805715 0.69
275.864589 0.68
275.928839 0.68
275.993225 0.69
276.057718 0.69
276.127500 0.68
276.192369 0.68
276.253596 0.68
276.314726 0.69
276.374367 0.67
276.433599 0.68
276.492733 0.68
276.546469 0.69
276.606719 0.68
276.662846 0.69
276.721720 0.68
276.771721 0.68
276.830721 0.69
276.889722 0.68
276.948473 0.68
277.012472 0.69
277.071131 0.69
277.130117 0.68
277.188975 0.69
277.249855 0.69
277.305247 0.68
277.358979 0.69
277.414609 0.69
277.474231 0.68
277.533140 0.68
277.592265 0.68
277.651490 0.68
277.721383 0.68
277.786381 0.68
277.851172 0.69
277.906868 0.68
277.966611 0.69
278.031509 0.69
278.107000 0.68
278.171391 0.69
278.236398 0.69
278.301380 0.68
278.360499 0.68
278.424610 0.69
278.483484 0.68
278.558740 0.69
278.614113 0.68
278.686996 0.68
278.748513 0.68
278.813380 0.68
278.878407 0.69
278.943512 0.68
279.004393 0.68
279.071246 0.69
279.126508 0.68
279.196001 0.69
279.255000 0.68
279.318996 0.68
279.386993 0.68
279.446001 0.68
279.505625 0.69
279.566496 0.69
279.622248 0.68
279.683517 0.68
279.742632 0.68
279.804011 0.69
279.858521 0.68
279.918263 0.69
279.983272 0.69
280.048001 0.69
280.102505 0.68
280.162170 0.69
280.216002 0.68
280.275013 0.68
280.325251 0.68
280.384284 0.69
280.449276 0.69
280.514166 0.69
280.579177 0.68
280.629527 0.68
280.689276 0.68
280.764400 0.69
280.834005 0.68
280.893885 0.69
280.964180 0.68
281.029008 0.69
281.093639 0.68
281.163200 0.68
281.233297 0.69
281.298176 0.68
281.357007 0.68
281.416509 0.68
281.469882 0.68
281.539016 0.68
281.593280 0.69
281.662893 0.69
281.724291 0.69
281.789282 0.69
281.850284 0.68
281.915188 0.69
281.976405 0.68
282.051022 0.69
282.105517 0.69
282.165288 0.68
282.230289 0.68
282.297024 0.68
282.356899 0.69
282.411411 0.68
282.476196 0.69
282.537413 0.69
282.587268 0.69
282.642145 0.68
282.700646 0.69
282.765309 0.68
282.825149 0.68
282.890023 0.69
282.940421 0.68
283.000198 0.68
283.069769 0.68
283.124771 0.69
283.172036 0.69
283.225900 0.68
283.276065 0.68
283.330163 0.68
283.389025 0.68
283.448426 0.68
283.512900 0.68
283.576898 0.69
283.635772 0.69
283.699896 0.68
283.758772 0.68
283.827898 0.68
283.891773 0.68
283.960898 0.69
284.019649 0.68
284.088900 0.69
284.157901 0.68
284.216651 0.69
284.291785 0.69
284.361037 0.68
284.428041 0.69
284.489428 0.69
284.549216 0.68
284.614433 0.69
284.674036 0.69
284.728301 0.68
284.789910 0.68
284.854219 0.69
284.914225 0.69
284.974038 0.69
285.035313 0.68
285.095049 0.69
285.156432 0.68
285.216043 0.69
285.281043 0.68
285.338048 0.68
285.403106 0.69
285.469791 0.68
285.539920 0.68
285.590439 0.68
285.650916 0.68
285.705305 0.68
285.765917 0.68
285.816545 0.69
285.876316 0.69
285.940666 0.69
286.009917 0.69
286.065048 0.68
286.126550 0.68
286.196673 0.68
286.267094 0.69
286.327801 0.68
286.382323 0.68
286.441923 0.68
286.502552 0.68
286.558322 0.68
286.622925 0.68
286.681924 0.68
286.751799 0.69
286.821679 0.68
286.883057 0.69
286.947926 0.68
287.006799 0.68
287.073211 0.68
287.137932 0.68
287.204682 0.69
287.265803 0.68
287.320330 0.69
287.381686 0.68
287.448393 0.69
287.508254 0.69
287.564054 0.69
287.625063 0.69
287.691810 0.69
287.750929 0.68
287.814427 0.68
287.869803 0.68
287.928807 0.69
287.987933 0.69
288.041807 0.68
288.110555 0.69
288.174091 0.69
288.243693 0.68
288.298226 0.69
288.357060 0.69
288.415557 0.69
288.473933 0.68
288.532683 0.69
288.591812 0.68
288.647223 0.68
288.707437 0.68
288.767239 0.69
288.831438 0.69
288.883969 0.68
288.948943 0.68
289.017073 0.68
289.087238 0.68
289.146943 0.68
289.206940 0.69
289.281977 0.69
289.346944 0.68
289.401251 0.69
289.461072 0.69
289.536228 0.69
289.601073 0.69
289.676571 0.69
289.746577 0.69
289.816825 0.68
289.883138 0.68
289.953075 0.68
290.023957 0.68
290.088826 0.69
290.153575 0.69
290.218131 0.68
290.283135 0.68
290.336961 0.69
290.398249 0.68
290.459707 0.69
290.513712 0.68
290.567966 0.68
290.634579 0.69
290.693834 0.68
290.758967 0.68
290.813960 0.68
290.873081 0.69
290.937830 0.68
291.002215 0.68
291.061839 0.68
291.126834 0.68
291.196838 0.68
291.261836 0.68
291.327843 0.68
291.392843 0.68
291.457836 0.69
291.518347 0.69
291.589353 0.69
291.658838 0.68
291.723589 0.69
291.774836 0.69
291.840842 0.69
291.905838 0.69
291.966495 0.69
292.026158 0.68
292.087592 0.69
292.142841 0.68
292.207846 0.68
292.277715 0.69
292.327838 0.69
292.383841 0.68
292.444484 0.68
292.499839 0.68
292.553970 0.68
292.628723 0.68
292.683096 0.69
292.736843 0.69
292.796257 0.68
292.865973 0.68
292.937508 0.69
292.992163 0.68
293.057136 0.68
293.116603 0.68
293.170977 0.68
293.235345 0.69
293.296851 0.68
293.367142 0.69
293.421170 0.69
293.486169 0.69
293.543725 0.68
293.597724 0.68
293.651859 0.69
293.716600 0.69
293.780976 0.69
293.845474 0.69
293.904735 0.68
293.974729 0.69
294.028495 0.69
294.087985 0.69
294.147732 0.69
294.197854 0.69
294.277739 0.69
294.342733 0.68
294.401368 0.68
294.465853 0.69
294.526243 0.68
294.590986 0.68
294.660497 0.69
294.721736 0.68
294.787735 0.69
294.863163 0.69
294.922994 0.69
294.982737 0.69
295.037046 0.69
295.103249 0.68
295.163736 0.68
295.223860 0.68
295.288738 0.68
295.352867 0.68
295.422993 0.69
295.487491 0.68
295.541995 0.69
295.601743 0.68
295.666623 0.69
295.736869 0.68
295.807003 0.68
295.868503 0.68
295.922996 0.68
295.977002 0.68
296.038501 0.68
296.097869 0.68
296.157384 0.69
296.211870 0.69
296.276399 0.68
296.330877 0.69
296.390517 0.69
296.449877 0.68
296.509624 0.68
296.574623 0.68
296.639626 0.68
296.704501 0.69
296.763633 0.68
296.828635 0.68
296.893393 0.69
296.952518 0.68
297.016875 0.68
297.086633 0.68
297.151634 0.68
297.221503 0.68
297.280882 0.69
297.340633 0.68
297.405504 0.69
297.464522 0.69
297.514752 0.68
297.589126 0.69
297.658126 0.69
297.727129 0.68
297.791400 0.68
297.855127 0.68
297.926153 0.68
297.990755 0.69
298.060292 0.69
298.130511 0.68
298.180883 0.68
298.240638 0.69
298.305638 0.69
298.370415 0.69
298.430280 0.69
298.500405 0.68
298.570640 0.68
298.635402 0.69
298.699771 0.68
298.764767 0.69
298.829406 0.69
298.879894 0.69
298.939643 0.69
299.009648 0.68
299.070650 0.69
299.137287 0.69
299.206765 0.69
299.281531 0.69
299.340773 0.68
299.400411 0.68
299.454162 0.68
299.513773 0.68
299.569293 0.69
299.624519 0.68
299.678160 0.69
299.742409 0.68
299.801523 0.68
299.855292 0.68
299.914161 0.69
299.969530 0.68
300.044901 0.69
300.102025 0.68
300.161288 0.68
300.220899 0.68
300.276041 0.69
300.340022 0.68
300.400521 0.68
300.459163 0.68
300.523540 0.68
300.582053 0.68
300.651413 0.68
300.715649 0.69
300.784898 0.68
300.854025 0.68
300.923415 0.68
300.987415 0.69
301.051543 0.68
301.115527 0.69
301.179426 0.70
301.243782 0.69
301.302904 0.68
301.369538 0.68
301.439784 0.69
301.509666 0.68
301.585218 0.68
301.639659 0.69
301.703656 0.69
301.762657 0.68
301.831907 0.68
301.894549 0.68
301.960425 0.68
302.024427 0.69
302.088554 0.69
302.154037 0.68
302.218177 0.68
302.282037 0.69
302.351037 0.68
302.420487 0.68
302.475426 0.68
302.534038 0.68
302.598066 0.69
302.662068 0.69
302.721044 0.68
302.785182 0.68
302.849041 0.69
302.913042 0.68
302.977042 0.68
303.041042 0.68
303.104916 0.68
303.174044 0.68
303.243667 0.69
303.302680 0.68
303.361543 0.69
303.425669 0.69
303.484546 0.68
303.548548 0.68
303.612671 0.69
303.671562 0.68
303.746049 0.68
303.810052 0.68
303.869051 0.68
303.933049 0.68
303.997049 0.69
304.061193 0.68
304.120195 0.69
304.179071 0.69
304.243056 0.69
304.302196 0.69
304.361053 0.68
304.426927 0.69
304.496559 0.69
304.551931 0.68
304.621212 0.68
304.680198 0.68
304.744931 0.68
304.828330 0.69
304.889687 0.68
304.954336 0.69
305.029065 0.69
305.083455 0.68
305.150064 0.69
305.209331 0.68
305.274936 0.69
305.334567 0.69
305.394226 0.68
305.452934 0.68
305.516934 0.68
305.580935 0.69
305.628214 0.69
305.686937 0.69
305.755812 0.68
305.808216 0.68
305.861941 0.68
305.920939 0.69
305.980568 0.68
306.045069 0.68
306.108941 0.68
306.181575 0.69
306.240330 0.68
306.304459 0.68
306.379464 0.69
306.446591 0.69
306.505944 0.69
306.578336 0.69
306.636943 0.69
306.701342 0.68
306.773337 0.68
306.832071 0.68
306.900945 0.68
306.970703 0.68
307.042238 0.68
307.106468 0.68
307.165338 0.68
307.224360 0.69
307.290134 0.69
307.340577 0.68
307.395961 0.68
307.460487 0.69
307.520209 0.68
307.581118 0.69
307.641765 0.69
307.702963 0.68
307.767466 0.69
307.831468 0.68
307.895470 0.68
307.959469 0.68
308.036956 0.69
308.100957 0.68
308.159960 0.68
308.218961 0.68
308.277958 0.68
308.333735 0.69
308.387472 0.69
308.440960 0.68
308.499961 0.69
308.550734 0.69
308.607332 0.68
308.665707 0.68
308.718083 0.68
308.768708 0.68
308.832210 0.68
308.895710 0.69
308.948087 0.68
308.998712 0.68
309.062212 0.68
309.125719 0.68
309.178093 0.68
309.228714 0.69
309.292211 0.68
309.355713 0.68
309.419212 0.68
309.482719 0.69
309.556591 0.69
309.625221 0.68
309.688719 0.69
309.752218 0.69
309.815717 0.68
309.879217 0.68
309.942727 0.68
310.006228 0.69
310.064722 0.68
310.128227 0.68
310.183353 0.68
310.248597 0.68
310.308727 0.68
310.372226 0.69
310.435732 0.68
310.499358 0.68
310.554226 0.68
310.609108 0.69
310.667609 0.69
310.736227 0.68
310.796230 0.68
310.851359 0.68
310.904603 0.69
310.960857 0.68
311.016610 0.68
311.080104 0.68
311.130384 0.68
311.190153 0.68
311.249498 0.68
311.308248 0.68
311.377983 0.68
311.436739 0.68
311.492378 0.68
311.552151 0.69
311.617858 0.69
311.681997 0.68
311.732378 0.69
311.786388 0.69
311.846170 0.68
311.911151 0.69
311.986511 0.68
312.053162 0.69
312.117988 0.68
312.177006 0.69
312.246862 0.68
312.301989 0.68
312.361383 0.68
312.420254 0.69
312.484254 0.69
312.550864 0.68
312.615117 0.69
312.674002 0.68
312.735390 0.68
312.800156 0.69
312.864385 0.69
312.918256 0.69
312.983172 0.68
313.047996 0.69
313.106746 0.69
313.170867 0.69
313.230390 0.68
313.284008 0.69
313.348874 0.68
313.403162 0.68
313.467753 0.69
313.532748 0.69
313.587997 0.69
313.657876 0.69
313.707875 0.69
313.771885 0.68
313.822254 0.69
313.887252 0.68
313.938514 0.68
313.994006 0.69
314.059878 0.69
314.114015 0.68
314.178881 0.69
314.245880 0.69
314.296013 0.69
314.361013 0.68
314.417512 0.68
314.472888 0.69
314.523290 0.68
314.588008 0.69
314.649510 0.69
314.708883 0.68
314.762756 0.69
314.817260 0.68
314.882033 0.68
314.935884 0.69
314.989758 0.69
315.054008 0.69
315.112758 0.69
315.185132 0.69
315.249134 0.69
315.315763 0.68
315.376888 0.69
315.436027 0.68
315.501209 0.68
315.562765 0.68
315.622198 0.68
315.683893 0.68
315.750179 0.68
315.809893 0.69
315.876643 0.68
315.941301 0.68
316.002775 0.68
316.057159 0.68
316.121898 0.69
316.186897 0.68
316.251778 0.69
316.306292 0.68
316.367520 0.69
316.437027 0.68
316.503654 0.68
316.562770 0.69
316.623411 0.68
316.683177 0.69
316.738419 0.69
316.803199 0.69
316.862901 0.69
316.937906 0.69
317.002909 0.68
317.067901 0.69
317.138200 0.69
317.197908 0.69
317.258546 0.69
317.318204 0.68
317.377905 0.69
317.434408 0.69
317.499302 0.69
317.565906 0.69
317.626662 0.68
317.681200 0.68
317.732439 0.69
317.783437 0.69
317.838542 0.68
317.903901 0.69
317.968028 0.68
318.042544 0.68
318.111903 0.68
318.177545 0.69
318.246904 0.68
318.307655 0.68
318.376905 0.68
318.437781 0.69
318.491908 0.69
318.552795 0.69
318.614207 0.69
318.675429 0.68
318.739782 0.69
318.803551 0.68
318.867301 0.69
318.936554 0.69
319.005911 0.69
319.066552 0.68
319.135554 0.68
319.204536 0.68
319.273304 0.68
319.338788 0.69
319.392788 0.68
319.447043 0.68
319.507433 0.68
319.576554 0.68
319.627049 0.69
319.686798 0.69
319.752804 0.68
319.817797 0.69
319.882797 0.68
319.947553 0.69
320.002050 0.69
320.061798 0.69
320.115805 0.68
320.187318 0.68
320.252215 0.69
320.299797 0.68
320.363920 0.69
320.433560 0.68
320.503218 0.68
320.578443 0.68
320.647684 0.69
320.708928 0.69
320.778551 0.68
320.848236 0.69
320.909805 0.68
320.974448 0.69
321.049932 0.69
321.120222 0.68
321.189930 0.68
321.259464 0.68
321.318554 0.69
321.382556 0.68
321.446803 0.69
321.507442 0.69
321.561936 0.68
321.621200 0.69
321.685444 0.68
321.754328 0.68
321.807805 0.69
321.868199 0.68
321.939210 0.68
322.003449 0.68
322.067450 0.69
322.131451 0.69
322.200201 0.68
322.267213 0.68
322.325684 0.69
322.384327 0.68
322.444815 0.69
322.503328 0.68
322.572453 0.68
322.636329 0.68
322.700452 0.69
322.759940 0.69
322.824566 0.69
322.888205 0.68
322.962579 0.69
323.021332 0.68
323.081206 0.68
323.133565 0.68
323.197566 0.68
323.252269 0.68
323.321697 0.68
323.385693 0.69
323.444964 0.69
323.504700 0.69
323.574572 0.69
323.634130 0.68
323.704347 0.69
323.768985 0.69
323.852833 0.68
323.928342 0.68
323.998596 0.69
324.068828 0.69
324.144477 0.69
324.200211 0.68
324.259703 0.68
324.324582 0.69
324.389585 0.69
324.454580 0.68
324.513576 0.69
324.577701 0.69
324.643591 0.68
324.708582 0.68
324.762112 0.69
324.826838 0.68
324.886588 0.68
324.956708 0.69
325.021588 0.68
325.086585 0.68
325.140116 0.68
325.195840 0.69
325.255589 0.69
325.320494 0.69
325.370840 0.69
325.430588 0.69
325.484472 0.69
325.549486 0.69
325.614358 0.68
325.668597 0.69
325.733495 0.69
325.783842 0.68
325.853368 0.69
325.913223 0.69
325.996968 0.68
326.050714 0.68
326.109589 0.68
326.168599 0.68
326.233501 0.68
326.283844 0.69
326.348600 0.69
326.413604 0.68
326.478596 0.69
326.537850 0.68
326.597604 0.69
326.662596 0.68
326.718097 0.68
326.777853 0.68
326.837489 0.68
326.889103 0.69
326.950108 0.68
327.014472 0.69
327.073238 0.68
327.137723 0.68
327.201721 0.68
327.276241 0.68
327.340724 0.69
327.401110 0.68
327.465859 0.69
327.530102 0.68
327.588975 0.68
327.668242 0.69
327.737729 0.69
327.798602 0.68
327.857729 0.68
327.922238 0.68
327.982985 0.69
328.038483 0.69
328.092144 0.69
328.151136 0.68
328.206487 0.69
328.267259 0.68
328.326861 0.69
328.388236 0.69
328.452617 0.69
328.528178 0.69
328.603610 0.68
328.679170 0.68
328.754385 0.69
328.819283 0.68
328.883872 0.68
328.955487 0.69
329.014867 0.68
329.079746 0.68
329.149864 0.68
329.208737 0.68
329.273490 0.68
329.337490 0.69
329.390990 0.69
329.461166 0.69
329.520248 0.68
329.585165 0.69
329.656509 0.68
329.717002 0.69
329.781877 0.69
329.841246 0.70
329.902003 0.68
329.961754 0.69
330.021008 0.68
330.083003 0.68
330.142755 0.68
330.201745 0.69
330.257399 0.69
330.318630 0.69
330.383395 0.69
330.437628 0.69
330.497411 0.69
330.562394 0.68
330.616631 0.68
330.676408 0.69
330.746518 0.68
330.807756 0.68
330.867504 0.68
330.928627 0.69
330.989411 0.69
331.054401 0.68
331.119256 0.68
331.170884 0.69
331.230637 0.68
331.281885 0.69
331.352278 0.68
331.406639 0.69
331.471507 0.69
331.536405 0.68
331.601014 0.68
331.665643 0.68
331.725404 0.68
331.790407 0.68
331.860517 0.68
331.936197 0.69
332.001405 0.68
332.060762 0.69
332.120170 0.69
332.174152 0.68
332.239019 0.68
332.305644 0.69
332.365014 0.69
332.432893 0.68
332.493767 0.68
332.554417 0.68
332.619537 0.69
332.679291 0.68
332.740420 0.68
332.803188 0.69
332.854897 0.68
332.915422 0.69
332.978190 0.68
333.043187 0.69
333.097543 0.68
333.157184 0.69
333.211537 0.68
333.265537 0.69
333.325294 0.68
333.391648 0.69
333.451216 0.69
333.516295 0.68
333.577295 0.69
333.643312 0.69
333.708302 0.68
333.768774 0.68
333.825906 0.69
333.896211 0.69
333.961032 0.68
334.020532 0.68
334.080313 0.68
334.155901 0.68
334.226196 0.69
334.291176 0.68
334.350538 0.68
334.410301 0.68
334.479902 0.69
334.549913 0.69
334.619537 0.69
334.684425 0.68
334.754032 0.68
334.818533 0.68
334.872031 0.69
334.926537 0.68
334.986437 0.68
335.061918 0.69
335.126910 0.69
335.193536 0.69
335.258217 0.69
335.323312 0.69
335.388307 0.69
335.457911 0.69
335.522544 0.68
335.576302 0.68
335.641215 0.68
335.700915 0.68
335.759912 0.68
335.821313 0.68
335.887914 0.68
335.952109 0.68
336.013438 0.68
336.073042 0.68
336.131914 0.68
336.190788 0.68
336.259913 0.68
336.323913 0.68
336.382553 0.69
336.441179 0.68
336.499789 0.69
336.563915 0.68
336.623667 0.68
336.675042 0.68
336.738791 0.69
336.794669 0.68
336.842044 0.68
336.900917 0.69
336.964668 0.69
337.017242 0.68
337.086922 0.69
337.146344 0.69
337.221922 0.69
337.277082 0.68
337.335923 0.69
337.400233 0.68
337.459315 0.68
337.529054 0.68
337.590234 0.68
337.649320 0.69
337.713808 0.68
337.783935 0.69
337.849925 0.69
337.918675 0.68
337.992926 0.69
338.061930 0.68
338.129322 0.68
338.188196 0.68
338.252456 0.68
338.316932 0.68
338.371323 0.68
338.430337 0.68
338.490062 0.69
338.544451 0.68
338.605557 0.68
338.660805 0.68
338.724931 0.68
338.788932 0.69
338.852933 0.69
338.911935 0.68
338.970809 0.69
339.034810 0.69
339.098936 0.69
339.157810 0.69
339.221938 0.68
339.271936 0.69
339.331206 0.68
339.396819 0.68
339.446941 0.69
339.492942 0.68
339.551941 0.68
339.635582 0.69
339.710693 0.68
339.774816 0.68
339.830570 0.69
339.894690 0.69
339.955570 0.68
340.014209 0.68
340.073067 0.69
340.132070 0.69
340.204585 0.69
340.279254 0.68
340.348945 0.68
340.416355 0.69
340.470214 0.69
340.544955 0.69
340.600135 0.68
340.678072 0.68
340.733957 0.68
340.793267 0.69
340.862956 0.69
340.922235 0.68
340.991959 0.68
341.064961 0.68
341.123959 0.69
341.182959 0.68
341.236955 0.69
341.298119 0.68
341.367708 0.68
341.426828 0.68
341.481157 0.69
341.545838 0.68
341.600242 0.69
341.660709 0.68
341.714960 0.68
341.785134 0.69
341.846362 0.68
341.911355 0.68
341.971230 0.68
342.025242 0.69
342.089708 0.69
342.144977 0.69
342.210483 0.68
342.265972 0.69
342.330838 0.69
342.385836 0.69
342.435974 0.68
342.496723 0.69
342.557483 0.69
342.612722 0.68
342.677716 0.68
342.738475 0.69
342.793973 0.68
342.858840 0.68
342.919471 0.68
342.970480 0.68
343.030139 0.68
343.095148 0.69
343.164981 0.68
343.229847 0.68
343.291223 0.68
343.355867 0.69
343.417224 0.68
343.481723 0.69
343.535846 0.68
343.597245 0.68
343.656848 0.69
343.718131 0.69
343.792721 0.68
343.862599 0.69
343.932226 0.68
343.991492 0.68
344.055977 0.68
344.125608 0.68
344.179992 0.68
344.244857 0.69
344.310735 0.69
344.365148 0.68
344.424856 0.69
344.485853 0.68
344.544852 0.68
344.610614 0.68
344.674727 0.69
344.729144 0.68
344.798987 0.70
344.857981 0.69
344.918496 0.69
344.983864 0.69
345.047980 0.68
345.112498 0.69
345.182020 0.68
345.247371 0.69
345.302860 0.68
345.352863 0.68
345.413611 0.68
345.468859 0.68
345.534621 0.68
345.598985 0.69
345.668865 0.68
345.738988 0.69
345.814182 0.68
345.880368 0.69
345.945242 0.68
346.016865 0.69
346.076990 0.69
346.146739 0.69
346.211246 0.69
346.276012 0.69
346.340742 0.69
346.399616 0.68
346.468865 0.69
346.527866 0.69
346.602748 0.68
346.657159 0.68
346.718512 0.69
346.777753 0.68
346.842621 0.68
346.897000 0.68
346.956009 0.69
347.015750 0.69
347.077003 0.69
347.136498 0.68
347.195514 0.68
347.259871 0.69
347.329389 0.69
347.385003 0.68
347.444504 0.69
347.503516 0.68
347.564266 0.69
347.630271 0.68
347.690750 0.68
347.747758 0.69
347.812763 0.68
347.877629 0.69
347.936518 0.69
348.000536 0.68
348.059754 0.69
348.114753 0.69
348.173520 0.69
348.232752 0.69
348.296256 0.68
348.359754 0.68
348.423255 0.68
348.492507 0.69
348.556521 0.69
348.617382 0.68
348.681761 0.68
348.751516 0.68
348.805887 0.69
348.870518 0.68
348.925015 0.69
348.989762 0.69
349.050513 0.69
349.109524 0.68
349.179136 0.69
349.237768 0.68
349.301264 0.68
349.370516 0.68
349.424899 0.68
349.495181 0.68
349.554768 0.68
349.614019 0.69
349.672890 0.69
349.742897 0.68
349.807652 0.68
349.872646 0.68
349.937774 0.68
350.007777 0.69
350.074417 0.69
350.128772 0.68
350.189271 0.69
350.252768 0.69
350.307775 0.68
350.368648 0.68
350.433651 0.69
350.498654 0.69
350.563399 0.69
350.617903 0.68
350.677658 0.68
350.742652 0.68
350.803656 0.68
350.874035 0.69
350.943650 0.68
351.008655 0.69
351.073658 0.68
351.143781 0.69
351.209653 0.69
351.274422 0.68
351.343559 0.68
351.408657 0.68
351.478291 0.69
351.542421 0.68
351.606420 0.68
351.670547 0.69
351.729423 0.69
351.798788 0.68
351.864658 0.68
351.923421 0.68
351.987429 0.69
352.051297 0.68
352.115427 0.68
352.179429 0.68
352.243159 0.69
352.317785 0.68
352.387416 0.68
352.441288 0.68
352.500793 0.68
352.560549 0.68
352.623171 0.68
352.682920 0.68
352.742666 0.68
352.809313 0.69
352.868798 0.68
352.928543 0.69
352.984547 0.69
353.050543 0.68
353.104184 0.68
353.164919 0.68
353.223678 0.69
353.288797 0.69
353.348323 0.69
353.402671 0.69
353.467549 0.68
353.528331 0.68
353.582795 0.68
353.647551 0.69
353.712556 0.68
353.778548 0.69
353.837564 0.69
353.891457 0.68
353.941547 0.69
354.008447 0.69
354.063925 0.69
354.128929 0.68
354.199244 0.69
354.269444 0.68
354.334445 0.69
354.393559 0.69
354.458554 0.68
354.523057 0.68
354.597929 0.68
354.658426 0.68
354.722425 0.68
354.781808 0.68
354.846575 0.68
354.900055 0.68
354.964811 0.68
355.029688 0.68
355.099808 0.69
355.153813 0.68
355.213326 0.68
355.269204 0.68
355.329566 0.69
355.394330 0.68
355.453686 0.69
355.528568 0.68
355.595206 0.69
355.649689 0.69
355.700937 0.69
355.765575 0.69
355.822330 0.69
355.881102 0.68
355.936692 0.69
355.992239 0.69
356.042327 0.68
356.101243 0.69
356.160062 0.68
356.219063 0.68
356.283066 0.69
356.347092 0.68
356.411204 0.68
356.475063 0.68
356.549067 0.68
356.613216 0.68
356.677065 0.68
356.724330 0.68
356.788066 0.68
356.839698 0.68
356.903942 0.68
356.964695 0.68
357.023697 0.68
357.076945 0.69
357.152343 0.69
357.217475 0.69
357.287206 0.69
357.346825 0.68
357.413473 0.69
357.478207 0.69
357.543077 0.69
357.613240 0.68
357.672584 0.68
357.748130 0.68
357.812698 0.69
357.871698 0.68
357.925101 0.68
357.993824 0.69
358.052465 0.68
358.105960 0.68
358.169954 0.68
358.239704 0.69
358.299959 0.68
358.364236 0.68
358.419471 0.69
358.480227 0.68
358.539234 0.68
358.598235 0.69
358.657354 0.69
358.708582 0.68
358.764359 0.68
358.830716 0.69
358.892252 0.69
358.946717 0.69
359.008220 0.68
359.062588 0.68
359.118145 0.68
359.172590 0.69
359.232230 0.68
359.299365 0.68
359.364359 0.68
359.434356 0.69
359.509719 0.68
359.576487 0.68
359.651473 0.69
359.722851 0.69
359.782606 0.69
359.843150 0.68
359.908161 0.68
359.962109 0.68
360.026725 0.69
360.093226 0.69
360.147596 0.68
360.211845 0.68
360.281231 0.68
360.340970 0.69
360.405726 0.68
360.477497 0.69
360.552129 0.68
360.603854 0.68
360.664859 0.68
360.734724 0.69
360.795491 0.68
360.864984 0.68
360.933847 0.68
360.997489 0.69
361.061487 0.69
361.125473 0.69
361.189492 0.69
361.253489 0.69
361.317490 0.69
361.382730 0.68
361.436493 0.68
361.486134 0.69
361.544978 0.68
361.598853 0.68
361.654731 0.68
361.708497 0.69
361.755732 0.69
361.809494 0.69
361.868482 0.69
361.932858 0.68
361.996860 0.69
362.060856 0.69
362.121143 0.68
362.171134 0.68
362.224858 0.69
362.294610 0.68
362.348376 0.68
362.412250 0.69
362.487110 0.69
362.545736 0.69
362.606737 0.68
362.676256 0.69
362.745863 0.70
362.810173 0.69
362.869254 0.68
362.939244 0.69
363.009391 0.68
363.068508 0.69
363.128271 0.69
363.193247 0.68
363.257614 0.68
363.316265 0.68
363.369740 0.68
363.433490 0.69
363.486992 0.68
363.550992 0.68
363.614866 0.68
363.683993 0.69
363.742742 0.68
363.816743 0.68
363.880494 0.68
363.949260 0.68
364.002744 0.69
364.076870 0.68
364.140872 0.68
364.204871 0.69
364.263873 0.68
364.322881 0.68
364.377396 0.69
364.433178 0.69
364.494077 0.68
364.555399 0.69
364.616880 0.69
364.667036 0.68
364.720754 0.69
364.781004 0.68
364.850271 0.69
364.907253 0.68
364.976878 0.69
365.046190 0.68
365.116026 0.69
365.175304 0.69
365.240183 0.68
365.300890 0.69
365.359881 0.69
365.415631 0.68
365.485286 0.68
365.554131 0.68
365.612881 0.68
365.676883 0.68
365.745759 0.68
365.801634 0.68
365.870885 0.69
365.939509 0.68
366.008134 0.69
366.071759 0.70
366.130135 0.68
366.193636 0.68
366.267636 0.69
366.331135 0.68
366.394640 0.69
366.468763 0.69
366.532641 0.68
366.596138 0.69
366.659638 0.69
366.728893 0.69
366.792765 0.69
366.851406 0.68
366.904890 0.69
366.968766 0.69
367.032767 0.68
367.096769 0.68
367.155267 0.69
367.220184 0.69
367.279146 0.68
367.337771 0.69
367.401770 0.69
367.466409 0.69
367.518195 0.68
367.578413 0.68
367.639777 0.68
367.703647 0.69
367.772772 0.69
367.836522 0.68
367.896776 0.68
367.946900 0.69
368.000774 0.68
368.064904 0.68
368.115302 0.68
368.179904 0.69
368.238651 0.69
368.302901 0.69
368.348905 0.68
368.407791 0.68
368.462311 0.69
368.522084 0.69
368.591908 0.69
368.645781 0.68
368.705223 0.68
368.774917 0.68
368.838410 0.69
368.894179 0.68
368.969072 0.69
369.038681 0.69
369.093078 0.69
369.151540 0.68
369.215043 0.68
369.276205 0.68
369.340793 0.68
369.395458 0.68
369.455310 0.68
369.514921 0.68
369.577619 0.69
369.632188 0.69
369.691923 0.69
369.758802 0.69
369.813311 0.69
369.874799 0.68
369.929313 0.68
369.989217 0.68
370.048921 0.69
370.102919 0.69
370.172417 0.69
370.243478 0.68
370.303226 0.68
370.362920 0.69
370.416792 0.68
370.475931 0.69
370.536197 0.69
370.596451 0.68
370.651460 0.69
370.702451 0.68
370.756077 0.68
370.821448 0.68
370.872448 0.69
370.927457 0.68
370.982453 0.68
371.033465 0.69
371.084456 0.69
371.139458 0.68
371.194680 0.68
371.249800 0.69
371.304930 0.68
371.369808 0.69
371.430469 0.69
371.495237 0.68
371.556688 0.68
371.615804 0.68
371.675074 0.69
371.740066 0.68
371.814431 0.69
371.883678 0.69
371.947678 0.69
372.016804 0.68
372.075804 0.69
372.139805 0.69
372.198680 0.69
372.257808 0.69
372.311682 0.69
372.370577 0.69
372.434811 0.68
372.493810 0.68
372.547811 0.69
372.601809 0.68
372.655687 0.68
372.714442 0.69
372.773938 0.69
372.843562 0.68
372.903821 0.68
372.968566 0.69
373.028232 0.68
373.0