0.000000 0.000000
0.074166 0.89
0.139167 0.88
0.204157 0.88
0.257886 0.90
0.331759 0.90
0.400384 0.89
0.463885 0.89
0.532510 0.90
0.587511 0.90
0.645885 0.91
0.720331 0.88
0.780029 0.90
0.850398 0.88
0.906341 0.77
0.962540 0.77
1.022155 0.79
1.072018 0.77
1.131017 0.79
1.189892 0.78
1.249794 0.77
1.297180 0.79
1.347018 0.79
1.407794 0.77
1.462314 0.78
1.522023 0.78
1.576022 0.79
1.635020 0.78
1.693895 0.78
1.753797 0.79
1.813897 0.78
1.873773 0.78
1.933897 0.77
1.999539 0.78
2.053024 0.79
2.116898 0.78
2.181802 0.78
2.250775 0.78
2.324776 0.77
2.398776 0.78
2.472777 0.77
2.546778 0.78
2.620777 0.79
2.695028 0.78
2.758779 0.79
2.832780 0.79
2.906780 0.78
2.975781 0.78
3.049782 0.78
3.123782 0.78
3.192782 0.78
3.266783 0.79
3.340784 0.78
3.414785 0.77
3.488785 0.78
3.562785 0.78
3.631786 0.78
3.695912 0.78
3.759911 0.79
3.823787 0.79
3.887913 0.78
3.951913 0.77
4.015914 0.80
4.079915 0.77
4.144040 0.78
4.207916 0.78
4.271916 0.78
4.335793 0.79
4.392042 0.77
4.442674 0.78
4.490792 0.78
4.547043 0.78
4.597670 0.78
4.645793 0.77
4.709419 0.78
4.767794 0.79
4.831295 0.79
4.889671 0.78
4.951046 0.79
5.001673 0.78
5.056173 0.80
5.119672 0.78
5.188298 0.79
5.246673 0.79
5.315299 0.80
5.373674 0.78
5.442300 0.77
5.500675 0.77
5.569301 0.79
5.627801 0.78
5.691302 0.77
5.749678 0.79
5.818303 0.77
5.876678 0.79
5.945304 0.79
6.003680 0.79
6.072304 0.79
6.130681 0.79
6.199306 0.77
6.254306 0.78
6.312682 0.79
6.381308 0.79
6.439807 0.78
6.503309 0.78
6.558185 0.79
6.618184 0.79
6.678310 0.79
6.733186 0.78
6.793187 0.79
6.851686 0.79
6.920312 0.77
6.975187 0.78
7.033562 0.78
7.098813 0.79
7.153813 0.78
7.208814 0.80
7.259940 0.79
7.319566 0.79
7.367690 0.79
7.427815 0.78
7.478941 0.77
7.529568 0.78
7.584067 0.78
7.647568 0.78
7.716194 0.78
7.774569 0.79
7.843196 0.79
7.901569 0.78
7.970196 0.78
8.028570 0.77
8.097197 0.79
8.155572 0.79
8.224199 0.78
8.282573 0.79
8.351200 0.78
8.409574 0.78
8.478200 0.79
8.536574 0.78
8.605201 0.79
8.663576 0.79
8.732203 0.79
8.790577 0.78
8.859204 0.79
8.917578 0.77
8.986205 0.79
9.044578 0.77
9.113205 0.79
9.168206 0.79
9.223080 0.78
9.286581 0.79
9.355207 0.79
9.410081 0.79
9.470083 0.78
9.530083 0.79
9.590083 0.78
9.648459 0.79
9.708460 0.78
9.769834 0.78
9.819211 0.78
9.874086 0.79
9.932461 0.80
9.993836 0.79
10.044464 0.79
10.092587 0.78
10.152713 0.78
10.207713 0.76
10.266088 0.79
10.324464 0.78
10.385840 0.79
10.436467 0.78
10.490965 0.79
10.554466 0.78
10.623091 0.79
10.681467 0.79
10.750092 0.78
10.808468 0.77
10.877093 0.79
10.935469 0.79
11.004094 0.78
11.062470 0.77
11.131095 0.80
11.189470 0.77
11.258096 0.79
11.316472 0.79
11.385097 0.79
11.443473 0.79
11.512099 0.79
11.570474 0.78
11.639100 0.79
11.694100 0.79
11.752476 0.78
11.821100 0.79
11.879476 0.78
11.948102 0.79
12.002978 0.78
12.062978 0.79
12.126479 0.76
12.195104 0.78
12.249979 0.77
12.309979 0.79
12.369980 0.78
12.429981 0.79
12.488357 0.77
12.551856 0.79
12.615357 0.78
12.680608 0.79
12.735608 0.79
12.786734 0.78
12.845109 0.79
12.903485 0.79
12.959735 0.79
13.018110 0.79
13.076487 0.78
13.132737 0.78
13.183363 0.77
13.231487 0.78
13.294987 0.79
13.353363 0.78
13.421989 0.78
13.480364 0.80
13.548990 0.79
13.607365 0.76
13.675991 0.79
13.734367 0.78
13.802992 0.78
13.861368 0.80
13.929993 0.79
13.988369 0.78
14.056994 0.78
14.115370 0.78
14.189397 0.79
14.263247 0.78
14.323398 0.78
14.397398 0.76
14.466248 0.78
14.540399 0.79
14.604250 0.79
14.664400 0.77
14.738401 0.79
14.807251 0.79
14.867401 0.79
14.941519 0.78
14.999877 0.79
15.059876 0.77
15.119877 0.78
15.179878 0.79
15.239878 0.77
15.298256 0.79
15.367004 0.79
15.421880 0.79
15.481880 0.78
15.540256 0.79
15.605507 0.80
15.660507 0.78
15.715507 0.78
15.766633 0.78
15.817260 0.78
15.871758 0.78
15.935261 0.78
15.998884 0.79
16.057260 0.79
16.125885 0.79
16.184261 0.79
16.252887 0.76
16.311263 0.79
16.379888 0.79
16.438263 0.79
16.506888 0.78
16.565265 0.79
16.633889 0.78
16.692266 0.79
16.760891 0.78
16.819266 0.79
16.887891 0.79
16.946267 0.77
17.014893 0.79
17.073268 0.79
17.141893 0.78
17.200269 0.79
17.268895 0.79
17.323895 0.79
17.378895 0.79
17.433896 0.78
17.492271 0.78
17.560896 0.78
17.615773 0.78
17.675773 0.79
17.735773 0.79
17.795774 0.78
17.855774 0.78
17.915775 0.79
17.975775 0.78
18.035775 0.78
18.095776 0.78
18.159277 0.78
18.227902 0.78
18.286278 0.78
18.346404 0.79
18.401404 0.79
18.452529 0.79
18.512156 0.79
18.560280 0.79
18.620405 0.78
18.675406 0.79
18.726531 0.78
18.777158 0.78
18.825282 0.79
18.881533 0.79
18.932158 0.78
18.986659 0.79
19.050162 0.79
19.113784 0.79
19.172161 0.78
19.240785 0.79
19.299162 0.78
19.367787 0.78
19.426163 0.77
19.494788 0.77
19.553163 0.77
19.621789 0.79
19.680167 0.79
19.743789 0.78
19.802166 0.79
19.870790 0.79
19.929168 0.78
19.997791 0.78
20.056168 0.77
20.124792 0.78
20.183169 0.79
20.251793 0.79
20.310172 0.79
20.373794 0.78
20.432172 0.78
20.500795 0.79
20.555670 0.79
20.619173 0.78
20.687797 0.78
20.742673 0.79
20.802673 0.79
20.862673 0.78
20.922674 0.78
20.977675 0.78
21.036050 0.79
21.096050 0.78
21.157426 0.78
21.208052 0.79
21.256178 0.79
21.312427 0.78
21.370802 0.78
21.429180 0.77
21.485429 0.79
21.536056 0.79
21.590554 0.79
21.654055 0.79
21.715431 0.79
21.766058 0.78
21.820556 0.79
21.884056 0.79
21.952682 0.79
22.011058 0.79
22.079683 0.80
22.138058 0.79
22.206684 0.80
22.265059 0.78
22.333685 0.78
22.392060 0.78
22.460686 0.78
22.519061 0.78
22.587688 0.79
22.646062 0.79
22.714689 0.78
22.773190 0.80
22.836690 0.80
22.895064 0.78
22.963691 0.78
23.022065 0.78
23.095817 0.78
23.154192 0.77
23.217692 0.79
23.276068 0.77
23.344693 0.79
23.399693 0.78
23.454570 0.78
23.514696 0.80
23.569570 0.78
23.629571 0.80
23.689696 0.79
23.744572 0.79
23.804572 0.79
23.864697 0.78
23.919573 0.78
23.977948 0.79
24.043200 0.80
24.098200 0.78
24.149325 0.77
24.198701 0.79
24.258451 0.80
24.321951 0.79
24.383327 0.77
24.433953 0.80
24.482078 0.80
24.538328 0.79
24.588955 0.80
24.643454 0.80
24.706953 0.79
24.775580 0.79
24.833955 0.78
24.902581 0.78
24.960956 0.78
25.029582 0.78
25.087957 0.78
25.156584 0.78
25.214958 0.79
25.283584 0.77
25.341959 0.79
25.410585 0.79
25.468960 0.80
25.542836 0.78
25.611462 0.79
25.674962 0.77
25.743588 0.79
25.801963 0.79
25.870589 0.79
25.925589 0.79
25.983965 0.77
26.052590 0.79
26.110965 0.77
26.179591 0.79
26.234466 0.77
26.297967 0.79
26.366593 0.77
26.421468 0.79
26.481469 0.77
26.541469 0.79
26.604969 0.78
26.674846 0.79
26.729346 0.79
26.792846 0.77
26.854223 0.80
26.904848 0.79
26.959347 0.78
27.022848 0.78
27.084224 0.78
27.138849 0.79
27.200225 0.78
27.250850 0.78
27.298975 0.78
27.355226 0.80
27.405852 0.79
27.460351 0.79
27.523852 0.78
27.592477 0.77
27.650853 0.77
27.719478 0.78
27.777854 0.78
27.846479 0.79
27.904854 0.80
27.973481 0.77
28.031855 0.78
28.100481 0.80
28.158856 0.78
28.232733 0.79
28.301358 0.77
28.364858 0.80
28.433484 0.79
28.491859 0.77
28.560486 0.78
28.618860 0.79
28.687487 0.78
28.745861 0.79
28.814488 0.78
28.872863 0.78
28.946738 0.78
29.011864 0.78
29.080489 0.78
29.135365 0.79
29.195366 0.78
29.255366 0.78
29.315366 0.79
29.375367 0.79
29.433742 0.77
29.498992 0.79
29.553993 0.78
29.608994 0.78
29.663995 0.76
29.715119 0.78
29.764495 0.78
29.819370 0.79
29.877747 0.77
29.939127 0.77
29.998749 0.78
30.053249 0.78
30.116748 0.78
30.178129 0.77
30.240874 0.79
30.304374 0.79
30.362750 0.80
30.431375 0.78
30.489751 0.79
30.571752 0.79
30.640377 0.78
30.698751 0.77
30.767378 0.78
30.825753 0.78
30.907754 0.79
30.976380 0.79
31.034755 0.78
31.103381 0.79
31.161756 0.79
31.243757 0.79
31.312383 0.78
31.370758 0.78
31.439383 0.79
31.497759 0.80
31.579760 0.79
31.648386 0.78
31.703261 0.78
31.763262 0.78
31.823262 0.78
31.883262 0.79
31.943264 0.80
32.003263 0.79
32.063263 0.79
32.137140 0.79
32.200639 0.79
32.265890 0.78
32.347765 0.78
32.402640 0.79
32.462892 0.79
32.517892 0.79
32.569017 0.78
32.627393 0.77
32.685768 0.77
32.742018 0.77
32.792646 0.77
32.840769 0.78
32.906020 0.78
32.955396 0.80
33.024148 0.78
33.087646 0.77
33.156272 0.77
33.214772 0.78
33.278273 0.78
33.336649 0.78
33.405274 0.79
33.463649 0.77
33.532275 0.78
33.590650 0.79
33.659277 0.77
33.717651 0.77
33.786277 0.78
33.844778 0.79
33.908278 0.78
33.966654 0.79
34.035279 0.79
34.093655 0.78
34.162280 0.80
34.220655 0.79
34.289281 0.80
34.344282 0.78
34.399282 0.77
34.457657 0.80
34.526283 0.79
34.584658 0.78
34.653284 0.79
34.708160 0.79
34.771660 0.79
34.840286 0.77
34.895162 0.79
34.955163 0.78
35.013537 0.77
35.073538 0.78
35.138788 0.79
35.202289 0.77
35.260664 0.79
35.320789 0.79
35.375790 0.78
35.426915 0.78
35.486542 0.78
35.534666 0.80
35.590916 0.78
35.641544 0.79
35.689667 0.79
35.745917 0.80
35.796545 0.79
35.851044 0.77
35.914544 0.78
35.983171 0.77
36.041545 0.77
36.110172 0.79
36.168546 0.78
36.237174 0.79
36.295547 0.78
36.364174 0.79
36.422548 0.77
36.491176 0.79
36.549549 0.79
36.618176 0.78
36.676550 0.79
36.745177 0.78
36.803551 0.78
36.872178 0.78
36.930552 0.78
36.999179 0.79
37.057553 0.77
37.126181 0.78
37.184555 0.78
37.253181 0.78
37.308182 0.79
37.366555 0.78
37.435182 0.79
37.490056 0.80
37.553557 0.79
37.622184 0.77
37.677057 0.78
37.737058 0.79
37.797059 0.78
37.857059 0.79
37.917060 0.80
37.977060 0.78
38.035436 0.78
38.100687 0.78
38.151812 0.77
38.210189 0.79
38.265062 0.79
38.323439 0.80
38.384813 0.79
38.444441 0.79
38.498939 0.79
38.562441 0.77
38.631065 0.78
38.689441 0.78
38.750816 0.79
38.801444 0.78
38.855943 0.79
38.919443 0.78
38.980819 0.78
39.031446 0.80
39.085944 0.78
39.149446 0.78
39.218070 0.80
39.276446 0.79
39.345072 0.79
39.403447 0.80
39.472073 0.79
39.530448 0.79
39.599074 0.78
39.657450 0.78
39.726074 0.79
39.784451 0.78
39.853076 0.78
39.911451 0.78
39.980077 0.78
40.035076 0.77
40.093453 0.79
40.162078 0.79
40.216953 0.78
40.280454 0.78
40.349079 0.79
40.403955 0.79
40.463956 0.78
40.529081 0.79
40.583957 0.77
40.643957 0.78
40.703957 0.78
40.763958 0.78
40.822334 0.78
40.887584 0.80
40.942585 0.79
40.997585 0.80
41.048710 0.78
41.099336 0.80
41.153836 0.79
41.217337 0.78
41.278712 0.80
41.338340 0.78
41.392838 0.80
41.456339 0.79
41.517714 0.79
41.568341 0.79
41.622840 0.76
41.686340 0.77
41.754966 0.79
41.813341 0.77
41.881967 0.78
41.940342 0.78
42.008967 0.79
42.067344 0.79
42.135968 0.79
42.194345 0.80
42.262970 0.79
42.321346 0.78
42.389971 0.79
42.448346 0.79
42.516972 0.79
42.575347 0.78
42.643973 0.78
42.702348 0.78
42.770974 0.77
42.825975 0.79
42.880974 0.80
42.935975 0.78
42.990851 0.79
43.050851 0.78
43.110851 0.79
43.170853 0.78
43.230853 0.78
43.292230 0.79
43.355728 0.79
43.419230 0.78
43.484355 0.79
43.552980 0.78
43.611356 0.79
43.679982 0.80
43.738357 0.80
43.798482 0.80
43.849608 0.77
43.909234 0.78
43.957359 0.79
44.013609 0.79
44.073236 0.78
44.127859 0.79
44.186237 0.79
44.254861 0.79
44.313240 0.78
44.369612 0.77
44.424112 0.79
44.483738 0.78
44.547240 0.79
44.615863 0.77
44.674240 0.80
44.748241 0.78
44.817245 0.79
44.886242 0.79
44.960392 0.80
45.029243 0.80
45.103244 0.78
45.177245 0.77
45.251247 0.79
45.320246 0.78
45.389246 0.78
45.458247 0.78
45.527247 0.79
45.601249 0.79
45.670249 0.78
45.739249 0.78
45.813398 0.79
45.882250 0.78
45.951253 0.77
46.020251 0.79
46.089402 0.80
46.153402 0.77
46.222132 0.79
46.300753 0.79
46.364255 0.79
46.429134 0.77
46.477254 0.80
46.537380 0.79
46.597135 0.78
46.645255 0.78
46.705380 0.79
46.765136 0.79
46.821883 0.78
46.894143 0.79
46.958138 0.79
47.022140 0.79
47.094759 0.79
47.148141 0.78
47.220761 0.78
47.279410 0.78
47.337777 0.80
47.401887 0.78
47.465887 0.78
47.529763 0.77
47.588140 0.77
47.657140 0.77
47.726014 0.78
47.789765 0.78
47.848291 0.77
47.917523 0.78
47.985182 0.79
48.044538 0.79
48.105150 0.79
48.174018 0.79
48.239899 0.78
48.300427 0.79
48.359301 0.79
48.423300 0.79
48.487301 0.78
48.552336 0.77
48.622026 0.78
48.686303 0.78
48.750302 0.78
48.814542 0.79
48.878650 0.79
48.942775 0.79
49.003025 0.79
49.072305 0.78
49.125778 0.79
49.180653 0.79
49.244153 0.79
49.314028 0.78
49.362153 0.79
49.427036 0.78
49.475158 0.79
49.531406 0.77
49.580780 0.78
49.639155 0.80
49.702664 0.78
49.761034 0.78
49.822408 0.79
49.873034 0.79
49.927532 0.79
49.991041 0.78
50.059662 0.78
50.118035 0.78
50.186659 0.79
50.245034 0.79
50.313663 0.79
50.372036 0.79
50.440661 0.79
50.499036 0.79
50.567667 0.78
50.626040 0.78
50.694663 0.78
50.753038 0.80
50.821664 0.77
50.880043 0.79
50.948666 0.79
51.003666 0.78
51.062041 0.79
51.130666 0.79
51.185670 0.79
51.240669 0.77
51.295668 0.78
51.354043 0.79
51.422674 0.78
51.477547 0.79
51.537546 0.78
51.597545 0.79
51.657546 0.77
51.717558 0.78
51.775928 0.78
51.841177 0.78
51.905925 0.78
51.956924 0.78
52.005048 0.79
52.065178 0.79
52.116301 0.79
52.166926 0.78
52.215050 0.78
52.271300 0.78
52.321940 0.78
52.391313 0.79
52.441055 0.79
52.495506 0.79
52.551711 0.77
52.615929 0.78
52.685807 0.78
52.746453 0.77
52.806066 0.78
52.876471 0.79
52.936056 0.77
52.999682 0.79
53.058683 0.78
53.118309 0.78
53.173394 0.77
53.232451 0.79
53.297257 0.78
53.353069 0.77
53.412454 0.77
53.471690 0.79
53.530608 0.79
53.596812 0.79
53.655579 0.78
53.708937 0.78
53.782814 0.78
53.843064 0.78
53.902065 0.79
53.966217 0.77
54.020066 0.79
54.083816 0.77
54.144067 0.77
54.208358 0.77
54.263708 0.79
54.328943 0.78
54.392818 0.78
54.467390 0.78
54.523894 0.78
54.588246 0.78
54.645077 0.78
54.699471 0.79
54.760358 0.79
54.820084 0.78
54.881601 0.79
54.951597 0.79
55.021345 0.78
55.074959 0.78
55.138824 0.78
55.195365 0.78
55.254953 0.78
55.318951 0.78
55.377953 0.78
55.441954 0.80
55.500827 0.79
55.571619 0.78
55.636372 0.79
55.690598 0.78
55.755491 0.77
55.820594 0.78
55.880491 0.78
55.944837 0.78
56.014338 0.78
56.078091 0.79
56.131841 0.78
56.200460 0.78
56.259211 0.79
56.327959 0.78
56.396834 0.79
56.467835 0.79
56.536964 0.79
56.591224 0.79
56.650339 0.79
56.715837 0.78
56.789964 0.80
56.853713 0.78
56.913838 0.78
56.982465 0.79
57.037591 0.78
57.096466 0.77
57.151341 0.79
57.211340 0.79
57.276842 0.79
57.340842 0.78
57.404968 0.78
57.458607 0.79
57.527347 0.79
57.591969 0.78
57.655970 0.77
57.714849 0.77
57.784251 0.78
57.853251 0.78
57.917249 0.77
57.981347 0.77
58.039721 0.79
58.096098 0.79
58.142099 0.78
58.196849 0.79
58.260974 0.78
58.324725 0.79
58.386101 0.78
58.440976 0.77
58.500102 0.78
58.554852 0.79
58.618977 0.78
58.682853 0.79
58.746603 0.79
58.801258 0.79
58.866766 0.77
58.926862 0.79
58.995856 0.79
59.059981 0.79
59.123732 0.79
59.197857 0.78
59.259512 0.79
59.328983 0.79
59.392734 0.79
59.461734 0.78
59.530735 0.79
59.599736 0.79
59.668736 0.78
59.737861 0.77
59.801987 0.79
59.860362 0.78
59.915238 0.77
59.970630 0.77
60.025118 0.79
60.088617 0.78
60.157243 0.77
60.217243 0.79
60.275618 0.79
60.345142 0.77
60.409532 0.77
60.465142 0.79
60.535135 0.79
60.604245 0.79
60.662744 0.79
60.726386 0.78
60.784744 0.79
60.853622 0.79
60.914996 0.79
60.969746 0.77
61.038747 0.79
61.094997 0.78
61.145653 0.78
61.201139 0.79
61.259640 0.78
61.328277 0.77
61.386875 0.78
61.441653 0.79
61.505280 0.77
61.574888 0.78
61.635674 0.79
61.690630 0.78
61.759753 0.79
61.823753 0.78
61.887881 0.79
61.951879 0.77
62.015879 0.78
62.079755 0.79
62.148880 0.79
62.212756 0.79
62.276401 0.78
62.340139 0.80
62.412274 0.78
62.476285 0.77
62.562138 0.78
62.626138 0.78
62.685138 0.78
62.740136 0.79
62.800137 0.79
62.853761 0.78
62.912637 0.78
62.976529 0.78
63.037015 0.78
63.100638 0.78
63.169515 0.78
63.230889 0.78
63.289639 0.77
63.358896 0.78
63.408270 0.79
63.466644 0.79
63.522894 0.78
63.582521 0.79
63.637020 0.77
63.700520 0.80
63.775775 0.78
63.834897 0.79
63.889647 0.79
63.953770 0.78
64.012771 0.80
64.076771 0.80
64.131033 0.78
64.195902 0.79
64.250772 0.79
64.314648 0.79
64.378774 0.78
64.437650 0.79
64.501774 0.79
64.565650 0.78
64.629775 0.79
64.693776 0.79
64.757776 0.78
64.821777 0.79
64.886424 0.78
64.955779 0.79
65.019654 0.78
65.078779 0.78
65.137780 0.79
65.196794 0.79
65.261788 0.80
65.320785 0.79
65.374783 0.78
65.433658 0.79
65.492783 0.77
65.556673 0.79
65.611042 0.79
65.675788 0.79
65.734785 0.77
65.793410 0.79
65.858786 0.78
65.917661 0.78
65.971661 0.79
66.030787 0.78
66.089787 0.78
66.144788 0.78
66.199788 0.78
66.254789 0.77
66.313792 0.79
66.368682 0.78
66.432665 0.78
66.491666 0.78
66.555791 0.79
66.610666 0.77
66.669685 0.78
66.728793 0.78
66.779448 0.78
66.835448 0.79
66.904418 0.79
66.973043 0.79
67.031419 0.79
67.100045 0.79
67.158420 0.79
67.227045 0.78
67.285421 0.78
67.354047 0.79
67.412422 0.80
67.481048 0.77
67.539423 0.78
67.608048 0.78
67.666424 0.79
67.735050 0.77
67.804301 0.77
67.864801 0.79
67.923442 0.79
67.997444 0.78
68.071444 0.78
68.140053 0.78
68.195053 0.78
68.250054 0.79
68.304929 0.79
68.364930 0.77
68.424930 0.78
68.484930 0.78
68.544932 0.78
68.604931 0.78
68.664932 0.78
68.724933 0.78
68.788433 0.79
68.848566 0.78
68.903563 0.78
68.954687 0.79
69.005315 0.79
69.059813 0.78
69.123314 0.78
69.188938 0.78
69.247813 0.78
69.306455 0.79
69.375329 0.78
69.449314 0.79
69.519315 0.77
69.574221 0.79
69.648332 0.79
69.717582 0.77
69.776459 0.77
69.840584 0.79
69.904495 0.78
69.970588 0.77
70.034586 0.79
70.098225 0.78
70.172570 0.78
70.236463 0.78
70.300953 0.78
70.365339 0.78
70.429336 0.79
70.503335 0.79
70.577339 0.77
70.651348 0.78
70.726596 0.78
70.785593 0.77
70.849591 0.78
70.913342 0.79
70.977468 0.79
71.031710 0.80
71.096379 0.78
71.151235 0.78
71.220346 0.79
71.294357 0.79
71.358844 0.78
71.415962 0.79
71.485600 0.78
71.544349 0.79
71.608457 0.79
71.668957 0.78
71.727838 0.79
71.790086 0.78
71.855833 0.79
71.909240 0.78
71.974960 0.78
72.038836 0.77
72.092240 0.78
72.151722 0.78
72.211253 0.78
72.275354 0.79
72.335837 0.79
72.399713 0.78
72.463838 0.79
72.517603 0.78
72.581714 0.79
72.650718 0.78
72.704242 0.79
72.773357 0.78
72.837357 0.77
72.901218 0.79
72.970219 0.78
73.039219 0.78
73.108344 0.79
73.172344 0.78
73.241095 0.79
73.310345 0.78
73.379359 0.79
73.438255 0.79
73.507362 0.78
73.571253 0.79
73.640375 0.78
73.709375 0.78
73.779394 0.78
73.835369 0.78
73.894394 0.77
73.958377 0.78
74.027366 0.79
74.091251 0.79
74.157858 0.78
74.218267 0.79
74.277263 0.78
74.330729 0.78
74.387133 0.78
74.435382 0.79
74.494741 0.79
74.555628 0.78
74.609234 0.79
74.673107 0.78
74.737106 0.79
74.801262 0.79
74.856643 0.78
74.921268 0.78
74.975639 0.79
75.039861 0.77
75.098860 0.79
75.162860 0.78
75.221736 0.79
75.280736 0.78
75.350111 0.79
75.419112 0.78
75.488112 0.79
75.551738 0.78
75.620738 0.78
75.679613 0.77
75.743628 0.79
75.802240 0.79
75.866390 0.79
75.930116 0.79
75.999532 0.79
76.063119 0.79
76.137117 0.78
76.200747 0.78
76.269869 0.79
76.330119 0.79
76.393874 0.79
76.468247 0.77
76.537246 0.77
76.606254 0.78
76.670251 0.78
76.733998 0.79
76.794433 0.79
76.854879 0.78
76.915750 0.77
76.988251 0.77
77.051749 0.78
77.104376 0.79
77.168134 0.78
77.232293 0.79
77.291418 0.78
77.352048 0.79
77.402132 0.78
77.466138 0.79
77.525135 0.79
77.589524 0.79
77.664397 0.79
77.714137 0.80
77.768137 0.79
77.832541 0.78
77.891524 0.78
77.961311 0.80
78.018414 0.79
78.088291 0.78
78.147145 0.77
78.206392 0.78
78.265639 0.78
78.335138 0.79
78.399516 0.79
78.469142 0.79
78.528398 0.79
78.592765 0.78
78.651768 0.79
78.715533 0.78
78.779141 0.77
78.842764 0.79
78.911530 0.78
78.975016 0.79
79.049149 0.79
79.113017 0.79
79.177144 0.78
79.241019 0.79
79.300417 0.79
79.370345 0.78
79.432518 0.79
79.489552 0.78
79.546559 0.78
79.602680 0.78
79.658293 0.78
79.712406 0.78
79.772200 0.78
79.841399 0.76
79.905550 0.80
79.960930 0.78
80.020788 0.78
80.076405 0.78
80.141201 0.80
80.200667 0.79
80.270789 0.78
80.335700 0.78
80.395034 0.78
80.449352 0.78
80.508550 0.78
80.568042 0.79
80.643556 0.78
80.708416 0.78
80.763985 0.77
80.823806 0.79
80.888553 0.79
80.958043 0.78
81.027552 0.78
81.091549 0.78
81.155658 0.80
81.219909 0.78
81.293910 0.79
81.368200 0.79
81.427444 0.78
81.497420 0.77
81.569044 0.79
81.644287 0.78
81.703333 0.78
81.769444 0.79
81.823039 0.80
81.882191 0.79
81.932420 0.78
81.993043 0.77
82.052802 0.78
82.112347 0.80
82.172051 0.79
82.233338 0.77
82.292923 0.79
82.359207 0.78
82.420579 0.79
82.480211 0.78
82.530448 0.79
82.586051 0.78
82.644920 0.78
82.703563 0.77
82.759801 0.78
82.813568 0.78
82.867046 0.78
82.920550 0.79
82.976815 0.78
83.030300 0.79
83.099301 0.79
83.169831 0.80
83.221565 0.78
83.279925 0.79
83.336194 0.77
83.390800 0.77
83.464807 0.78
83.538679 0.79
83.598927 0.78
83.663832 0.79
83.727804 0.78
83.797806 0.78
83.857931 0.78
83.922807 0.78
83.982380 0.78
84.051306 0.77
84.115056 0.78
84.182057 0.78
84.236836 0.78
84.305934 0.77
84.374934 0.77
84.434309 0.78
84.492809 0.78
84.561810 0.78
84.630936 0.78
84.699937 0.78
84.768941 0.77
84.828074 0.80
84.892067 0.77
84.950945 0.7