0.000000 0.000000
0.057889 62.00
0.117765 62.00
0.182128 62.00
0.247377 62.00
0.300627 61.00
0.374375 61.00
0.427626 62.00
0.501377 62.00
0.556377 61.00
0.611378 61.00
0.664627 61.00
0.730518 61.00
0.795452 61.00
0.855307 61.00
0.916297 62.00
0.977513 62.00
1.043541 61.00
1.102652 61.00
1.161646 61.00
1.220649 61.00
1.279650 62.00
1.334649 62.00
1.399300 62.00
1.465429 61.00
1.531296 61.00
1.586653 61.00
1.641651 61.00
1.700652 62.00
1.755654 62.00
1.810654 61.00
1.865653 61.00
1.920656 61.00
1.975532 61.00
2.039655 62.00
2.094656 62.00
2.149655 61.00
2.213408 61.00
2.264141 61.00
2.322767 61.00
2.386268 61.00
2.437143 61.00
2.495768 61.00
2.554394 61.00
2.614144 61.00
2.674785 61.00
2.733547 61.00
2.802395 61.00
2.871021 61.00
2.934663 61.00
2.998661 61.00
3.062538 61.00
3.126537 61.00
3.200399 62.00
3.269024 62.00
3.332540 61.00
3.406277 61.00
3.480278 61.00
3.554401 61.00
3.628295 61.00
3.693544 61.00
3.767279 61.00
3.841306 61.00
3.915280 61.00
3.985796 61.00
4.049781 61.00
4.099406 61.00
4.169907 61.00
4.233673 61.00
4.297407 61.00
4.371301 61.00
4.441798 61.00
4.487423 61.00
4.561285 61.00
4.631801 61.00
4.677677 61.00
4.736303 61.00
4.805428 61.00
4.869438 61.00
4.943427 61.00
5.012289 61.00
5.062913 61.00
5.126413 61.00
5.200164 62.00
5.253415 62.00
5.327166 61.00
5.380416 61.00
5.454166 61.00
5.507417 61.00
5.581167 61.00
5.634418 61.00
5.708168 61.00
5.761419 62.00
5.835169 62.00
5.888420 62.00
5.962170 62.00
6.015420 61.00
6.089171 61.00
6.144171 62.00
6.197422 62.00
6.271173 61.00
6.326173 61.00
6.379424 61.00
6.453175 61.00
6.506425 61.00
6.580175 61.00
6.635051 61.00
6.695051 61.00
6.755051 61.00
6.815052 61.00
6.875052 61.00
6.935052 61.00
6.995054 61.00
7.048305 62.00
7.116929 62.00
7.175307 61.00
7.245680 61.00
7.300681 61.00
7.346181 61.00
7.395558 62.00
7.459057 62.00
7.512309 61.00
7.582683 61.00
7.628184 61.00
7.686559 61.00
7.746684 61.00
7.792185 61.00
7.842810 61.00
7.906312 61.00
7.976687 61.00
8.022186 61.00
8.072812 61.00
8.131313 61.00
8.205063 61.00
8.258314 61.00
8.327064 61.00
8.380315 61.00
8.454066 61.00
8.507316 61.00
8.581067 61.00
8.634317 61.00
8.708067 61.00
8.761318 61.00
8.835068 61.00
8.888320 61.00
8.957069 61.00
9.010321 61.00
9.084070 61.00
9.139071 61.00
9.192322 61.00
9.266072 61.00
9.320947 61.00
9.380947 61.00
9.440947 61.00
9.500949 61.00
9.560949 61.00
9.620949 61.00
9.680950 61.00
9.746202 61.00
9.799451 61.00
9.859577 61.00
9.914076 61.00
9.963453 61.00
10.023578 61.00
10.069078 61.00
10.118455 61.00
10.173579 61.00
10.219080 61.00
10.277455 61.00
10.340956 61.00
10.394206 61.00
10.464582 61.00
10.510082 61.00
10.560708 61.00
10.624207 61.00
10.701083 61.00
10.760708 61.00
10.824209 61.00
10.897960 62.00
10.951210 62.00
11.024960 61.00
11.083461 61.00
11.146962 62.00
11.200212 62.00
11.273963 61.00
11.327213 61.00
11.400964 62.00
11.454214 62.00
11.527964 61.00
11.581222 61.00
11.654965 62.00
11.713466 62.00
11.776967 61.00
11.830223 61.00
11.903968 61.00
11.958969 61.00
12.013843 61.00
12.067222 61.00
12.140969 61.00
12.195845 61.00
12.250846 62.00
12.310846 62.00
12.370846 62.00
12.425846 62.00
12.485847 61.00
12.545848 61.00
12.600848 61.00
12.664349 62.00
12.732975 61.00
12.786350 61.00
12.846475 61.00
12.891976 61.00
12.941351 61.00
13.001477 61.00
13.046977 61.00
13.105352 61.00
13.168853 61.00
13.219603 61.00
13.283104 61.00
13.353479 61.00
13.398980 61.00
13.449605 61.00
13.513106 61.00
13.586856 61.00
13.658607 61.00
13.722107 61.00
13.795858 61.00
13.849108 62.00
13.922859 62.00
13.981360 61.00
14.044860 61.00
14.098111 62.00
14.171861 62.00
14.225111 62.00
14.298861 62.00
14.352112 62.00
14.425863 62.00
14.479114 61.00
14.552864 61.00
14.611365 61.00
14.674865 61.00
14.728116 62.00
14.801866 62.00
14.855116 61.00
14.928867 61.00
14.983742 62.00
15.043743 62.00
15.103744 61.00
15.163743 61.00
15.218887 61.00
15.269761 61.00
15.325024 61.00
15.370637 62.00
15.434638 62.00
15.489747 61.00
15.553623 61.00
15.612277 62.00
15.670998 62.00
15.734999 61.00
15.799000 61.00
15.863001 61.00
15.927001 61.00
15.991001 61.00
16.054877 61.00
16.129002 61.00
16.193003 61.00
16.266754 62.00
16.325644 62.00
16.384256 61.00
16.437880 61.00
16.511755 61.00
16.565257 61.00
16.614881 61.00
16.678649 61.00
16.742534 62.00
16.806133 62.00
16.874759 61.00
16.933649 61.00
16.997650 62.00
17.056135 62.00
17.119761 61.00
17.173261 61.00
17.226887 61.00
17.300887 61.00
17.374763 61.00
17.433654 61.00
17.492264 62.00
17.545889 62.00
17.619764 61.00
17.678655 61.00
17.733779 62.00
17.788897 62.00
17.838898 62.00
17.888919 62.00
17.934898 62.00
17.984898 61.00
18.030898 61.00
18.080899 61.00
18.134393 61.00
18.197894 61.00
18.263271 61.00
18.316895 61.00
18.387272 62.00
18.436896 62.00
18.507272 61.00
18.552897 61.00
18.626772 61.00
18.682787 61.00
18.738788 61.00
18.794790 61.00
18.850790 62.00
18.906791 62.00
18.971775 61.00
19.040776 61.00
19.096792 61.00
19.170902 61.00
19.244778 61.00
19.308778 61.00
19.382778 61.00
19.447779 62.00
19.521780 62.00
19.586794 61.00
19.651781 61.00
19.720781 62.00
19.784906 62.00
19.858783 62.00
19.932908 62.00
20.001798 61.00
20.075784 62.00
20.149910 62.00
20.223785 62.00
20.287786 62.00
20.351786 61.00
20.425787 61.00
20.499912 62.00
20.563413 62.00
20.628663 61.00
20.683817 61.00
20.733817 62.00
20.783818 62.00
20.833790 61.00
20.883555 61.00
20.938557 61.00
20.993557 61.00
21.057318 61.00
21.121306 61.00
21.185294 61.00
21.249294 61.00
21.313297 61.00
21.368295 62.00
21.432323 62.00
21.487296 61.00
21.551299 61.00
21.615298 61.00
21.679448 61.00
21.743324 62.00
21.807313 62.00
21.871300 61.00
21.935299 61.00
21.999330 61.00
22.050301 61.00
22.114302 62.00
22.178301 62.00
22.242302 61.00
22.306302 61.00
22.370306 61.00
22.421303 61.00
22.485304 61.00
22.549305 61.00
22.613305 61.00
22.677306 61.00
22.741334 61.00
22.810807 62.00
22.874820 62.00
22.938822 62.00
23.002822 62.00
23.066808 61.00
23.130824 61.00
23.199828 61.00
23.274311 61.00
23.333311 61.00
23.397312 61.00
23.461312 61.00
23.525315 61.00
23.583937 62.00
23.637577 62.00
23.701314 61.00
23.760315 61.00
23.824314 62.00
23.877940 62.00
23.936940 62.00
23.995831 62.00
24.054579 61.00
24.105191 61.00
24.165191 61.00
24.225192 61.00
24.285193 61.00
24.354320 61.00
24.418319 61.00
24.482320 62.00
24.546321 62.00
24.610323 61.00
24.679836 62.00
24.734586 62.00
24.785196 62.00
24.859711 61.00
24.928838 61.00
25.003324 61.00
25.077949 62.00
25.136840 62.00
25.200840 62.00
25.259590 62.00
25.333826 61.00
25.397842 61.00
25.472328 62.00
25.546952 62.00
25.605579 62.00
25.670829 62.00
25.729579 62.00
25.794830 62.00
25.853482 62.00
25.922482 62.00
25.977708 62.00
26.041482 62.00
26.096583 61.00
26.146348 61.00
26.201584 62.00
26.251334 62.00
26.309834 62.00
26.368598 62.00
26.437474 61.00
26.495835 61.00
26.554476 62.00
26.612836 62.00
26.671475 62.00
26.729838 62.00
26.788488 62.00
26.857488 61.00
26.915838 61.00
26.974491 61.00
27.025090 61.00
27.107489 62.00
27.158090 62.00
27.240493 62.00
27.291092 62.00
27.369342 62.00
27.420093 62.00
27.483843 62.00
27.542496 61.00
27.616497 61.00
27.693845 62.00
27.752737 62.00
27.816738 62.00
27.880495 62.00
27.968097 61.00
28.033740 61.00
28.092739 61.00
28.170228 62.00
28.244738 62.00
28.308499 62.00
28.372739 62.00
28.463742 62.00
28.518977 62.00
28.582501 62.00
28.651379 62.00
28.721978 62.00
28.785505 61.00
28.849379 61.00
28.914854 61.00
28.973506 61.00
29.043855 62.00
29.102508 62.00
29.172857 61.00
29.231496 61.00
29.301857 62.00
29.360500 62.00
29.424382 61.00
29.482984 61.00
29.546502 61.00
29.620511 61.00
29.694385 61.00
29.749112 61.00
29.814388 62.00
29.883386 62.00
29.934113 62.00
29.992504 62.00
30.066388 62.00
30.122388 62.00
30.173115 62.00
30.236991 62.00
30.300507 61.00
30.374395 61.00
30.448390 61.00
30.522244 61.00
30.573118 62.00
30.631744 62.00
30.690392 61.00
30.756269 61.00
30.807120 61.00
30.863758 61.00
30.922635 61.00
30.986646 61.00
31.052273 61.00
31.117761 61.00
31.176637 61.00
31.242400 61.00
31.311274 62.00
31.381874 62.00
31.445641 61.00
31.504275 61.00
31.574876 62.00
31.638767 62.00
31.697402 61.00
31.766127 61.00
31.826004 61.00
31.894769 61.00
31.948644 61.00
32.007280 61.00
32.072880 62.00
32.136644 62.00
32.195284 61.00
32.265772 61.00
32.315523 62.00
32.380774 62.00
32.430521 62.00
32.499259 62.00
32.568260 61.00
32.638773 61.00
32.688261 61.00
32.758774 61.00
32.808262 61.00
32.878778 61.00
32.924290 62.00
32.998264 62.00
33.062287 61.00
33.126290 61.00
33.190279 62.00
33.264266 61.00
33.333265 61.00
33.407267 62.00
33.481268 62.00
33.555268 62.00
33.629268 62.00
33.703268 62.00
33.772270 62.00
33.846270 62.00
33.920297 62.00
33.989270 62.00
34.063271 62.00
34.137273 61.00
34.211273 61.00
34.285274 62.00
34.359274 62.00
34.433399 61.00
34.507275 62.00
34.581400 62.00
34.644901 62.00
34.703542 62.00
34.756901 62.00
34.817152 62.00
34.882793 62.00
34.948296 62.00
35.012280 62.00
35.081280 62.00
35.150405 61.00
35.209307 61.00
35.269795 62.00
35.328299 62.00
35.388782 62.00
35.447406 62.00
35.506157 62.00
35.571783 62.00
35.630299 62.00
35.699300 62.00
35.763160 62.00
35.832160 62.00
35.901161 62.00
35.965304 62.00
36.034304 61.00
36.103304 61.00
36.172304 62.00
36.236164 62.00
36.305163 62.00
36.374290 61.00
36.443291 61.00
36.512291 62.00
36.581291 62.00
36.645167 62.00
36.714167 62.00
36.778168 62.00
36.847168 62.00
36.916169 62.00
36.980295 62.00
37.049296 62.00
37.113170 62.00
37.182171 62.00
37.246172 62.00
37.310172 62.00
37.374173 62.00
37.438173 62.00
37.507173 62.00
37.576174 62.00
37.640175 61.00
37.704175 61.00
37.773442 61.00
37.827176 61.00
37.891177 62.00
37.955177 62.00
38.019177 62.00
38.083178 62.00
38.142178 62.00
38.206179 62.00
38.270180 62.00
38.334180 62.00
38.398180 62.00
38.457181 62.00
38.521181 61.00
38.585182 61.00
38.649183 62.00
38.713183 62.00
38.772183 62.00
38.836184 62.00
38.900184 62.00
38.964185 62.00
39.028186 62.00
39.087186 62.00
39.151186 62.00
39.215313 62.00
39.269187 62.00
39.333188 62.00
39.397189 62.00
39.461189 62.00
39.530190 62.00
39.594190 62.00
39.658191 62.00
39.717191 62.00
39.781192 62.00
39.845191 62.00
39.909193 62.00
39.973194 62.00
40.032194 61.00
40.096194 61.00
40.160194 62.00
40.224196 62.00
40.288195 62.00
40.347196 62.00
40.411196 62.00
40.475197 62.00
40.539198 62.00
40.603073 62.00
40.672074 62.00
40.732200 62.00
40.792477 62.00
40.837951 62.00
40.888602 62.00
40.947201 62.00
41.007477 62.00
41.052952 62.00
41.103591 62.00
41.162203 62.00
41.225828 62.00
41.279329 62.00
41.332955 62.00
41.383596 62.00
41.442206 62.00
41.505831 62.00
41.559332 62.00
41.612956 62.00
41.672598 62.00
41.731207 62.00
41.794833 62.00
41.848083 62.00
41.921834 62.00
41.985723 62.00
42.054599 62.00
42.118086 62.00
42.187086 62.00
42.258837 62.00
42.312086 62.00
42.381088 62.00
42.449839 62.00
42.503088 61.00
42.575089 61.00
42.644090 61.00
42.726728 62.00
42.785091 62.00
42.854091 62.00
42.936732 62.00
42.996732 62.00
43.065733 62.00
43.134608 62.00
43.199735 62.00
43.268733 62.00
43.340846 62.00
43.406223 62.00
43.459847 62.00
43.525226 62.00
43.578847 62.00
43.644372 62.00
43.690097 62.00
43.753849 62.00
43.824376 62.00
43.870099 62.00
43.938849 62.00
44.009374 62.00
44.055101 62.00
44.123741 61.00
44.177238 61.00
44.230852 62.00
44.301380 62.00
44.365103 62.00
44.433745 62.00
44.487237 62.00
44.540855 62.00
44.604507 62.00
44.668106 62.00
44.736748 62.00
44.790236 62.00
44.843857 62.00
44.907499 62.00
44.976625 62.00
45.045624 62.00
45.109624 61.00
45.178509 61.00
45.242110 62.00
45.305986 62.00
45.369753 62.00
45.423254 62.00
45.476987 62.00
45.550738 62.00
45.619739 62.00
45.673241 62.00
45.733865 62.00
45.807739 62.00
45.862871 62.00
45.912872 62.00
45.966507 62.00
46.031757 62.00
46.086874 62.00
46.136874 62.00
46.195743 62.00
46.254393 62.00
46.312869 62.00
46.383246 62.00
46.436870 62.00
46.510746 62.00
46.565397 62.00
46.628872 62.00
46.699248 62.00
46.744873 62.00
46.815249 62.00
46.860874 62.00
46.931250 62.00
46.976874 62.00
47.047250 62.00
47.092875 62.00
47.166766 62.00
47.222767 62.00
47.296766 62.00
47.370765 62.00
47.439754 62.00
47.513767 62.00
47.582754 61.00
47.651771 61.00
47.725772 62.00
47.789756 62.00
47.858756 62.00
47.932772 62.00
47.996756 62.00
48.065382 62.00
48.128882 62.00
48.202633 62.00
48.255884 62.00
48.324891 62.00
48.383764 62.00
48.447778 62.00
48.511887 62.00
48.575763 62.00
48.645896 62.00
48.707143 62.00
48.762659 62.00
48.817797 62.00
48.871390 62.00
48.930519 62.00
48.985657 62.00
49.040296 62.00
49.099392 62.00
49.154659 62.00
49.206322 62.00
49.260396 62.00
49.324299 62.00
49.379661 62.00
49.435659 62.00
49.491900 62.00
49.547023 62.00
49.600664 62.00
49.656788 62.00
49.720789 62.00
49.785152 62.00
49.840310 62.00
49.904303 62.00
49.968301 62.00
50.032303 62.00
50.097157 62.00
50.162154 62.00
50.207778 62.00
50.271793 62.00
50.335777 62.00
50.400554 62.00
50.461828 62.00
50.520779 62.00
50.584794 62.00
50.649042 62.00
50.703554 62.00
50.773424 62.00
50.837907 61.00
50.912312 61.00
50.971322 62.00
51.035799 62.00
51.096674 62.00
51.155799 62.00
51.219801 62.00
51.280678 62.00
51.339805 62.00
51.398786 62.00
51.462786 62.00
51.521786 62.00
51.586326 62.00
51.641696 62.00
51.700681 62.00
51.764803 62.00
51.825706 62.00
51.885464 62.00
51.944793 62.00
52.003809 62.00
52.069321 62.00
52.129927 62.00
52.184466 61.00
52.243794 61.00
52.307810 62.00
52.373169 62.00
52.434053 62.00
52.489567 62.00
52.544815 62.00
52.603812 62.00
52.669170 62.00
52.729819 62.00
52.794818 62.00
52.859832 61.00
52.916180 61.00
52.975932 62.00
53.036062 62.00
53.095829 62.00
53.166365 62.00
53.227710 62.00
53.292940 62.00
53.347455 61.00
53.417478 61.00
53.481679 61.00
53.555806 62.00
53.615179 62.00
53.671065 62.00
53.732059 62.00
53.786468 62.00
53.852722 62.00
53.906702 62.00
53.965940 62.00
54.024699 62.00
54.088700 62.00
54.147697 62.00
54.206824 62.00
54.266184 62.00
54.325319 62.00
54.394701 62.00
54.453701 62.00
54.522685 62.00
54.581710 62.00
54.645826 62.00
54.699702 62.00
54.754688 62.00
54.818689 62.00
54.882688 62.00
54.951692 62.00
55.010706 62.00
55.065814 62.00
55.124707 62.00
55.179711 62.00
55.243710 62.00
55.298441 62.00
55.349331 62.00
55.409942 62.00
55.455458 62.00
55.506067 62.00
55.569568 62.00
55.643445 62.00
55.698709 62.00
55.762834 62.00
55.827455 62.00
55.891446 62.00
55.956712 62.00
56.020575 62.00
56.094352 62.00
56.163074 62.00
56.228510 62.00
56.292481 62.00
56.354477 62.00
56.415473 62.00
56.484472 62.00
56.553582 62.00
56.622966 62.00
56.676599 62.00
56.745328 62.00
56.809720 62.00
56.863081 62.00
56.923331 61.00
56.997360 61.00
57.066361 61.00
57.130473 61.00
57.199086 62.00
57.254464 62.00
57.318474 62.00
57.377486 62.00
57.436510 61.00
57.510335 61.00
57.563724 62.00
57.627714 62.00
57.686337 62.00
57.751478 62.00
57.821837 62.00
57.876730 62.00
57.935213 62.00
57.988480 62.00
58.048839 62.00
58.109089 62.00
58.167729 62.00
58.222840 62.00
58.288090 62.00
58.346966 62.00
58.410495 62.00
58.474342 62.00
58.543342 62.00
58.612226 62.00
58.677611 62.00
58.741469 62.00
58.805229 62.00
58.868969 62.00
58.932472 62.00
59.006227 62.00
59.059472 62.00
59.133226 62.00
59.192226 62.00
59.266739 62.00
59.325227 62.00
59.399377 62.00
59.473378 62.00
59.547380 62.00
59.621381 62.00
59.695381 62.00
59.769507 62.00
59.838383 62.00
59.909383 62.00
59.963978 62.00
60.037979 62.00
60.106746 62.00
60.170231 62.00
60.244239 62.00
60.309124 62.00
60.369483 62.00
60.419357 62.00
60.489858 62.00
60.548388 62.00
60.612236 62.00
60.677749 62.00
60.742985 62.00
60.803402 62.00
60.867738 62.00
60.922505 62.00
60.987736 62.00
61.033243 62.00
61.102275 62.00
61.166613 62.00
61.225278 62.00
61.289278 62.00
61.358115 62.00
61.432241 62.00
61.506371 62.00
61.580385 62.00
61.644634 62.00
61.703396 62.00
61.777277 62.00
61.846118 62.00
61.920998 62.00
61.979996 62.00
62.048870 62.00
62.122871 62.00
62.188121 62.00
62.257657 62.00
62.318403 62.00
62.387383 62.00
62.461286 62.00
62.535124 62.00
62.599391 62.00
62.673125 62.00
62.747278 62.00
62.821280 62.00
62.890002 62.00
62.953879 62.00
63.018003 62.00
63.071391 62.00
63.145280 62.00
63.214129 62.00
63.279629 62.00
63.334772 62.00
63.404760 62.00
63.475758 62.00
63.534649 62.00
63.594651 62.00
63.649650 62.00
63.695413 62.00
63.754764 62.00
63.820760 62.00
63.879415 62.00
63.938292 62.00
64.002261 62.00
64.076020 62.00
64.129268 62.00
64.203015 62.00
64.256267 62.00
64.330016 62.00
64.383269 62.00
64.457405 62.00
64.521294 62.00
64.595015 62.00
64.648266 62.00
64.722016 62.00
64.775267 62.00
64.849019 62.00
64.902393 62.00
64.966017 62.00
65.019269 62.00
65.088295 62.00
65.157598 62.00
65.214526 62.00
65.266149 62.00
65.340022 62.00
65.395147 62.00
65.464398 62.00
65.528594 62.00
65.593550 62.00
65.652527 62.00
65.711307 62.00
65.775305 62.00
65.844151 62.00
65.908401 62.00
65.968670 62.00
66.027152 62.00
66.091153 62.00
66.151669 62.00
66.215779 62.00
66.279797 62.00
66.338779 62.00
66.397405 62.00
66.457530 62.00
66.503030 62.00
66.552406 62.00
66.612537 62.00
66.658033 62.00
66.717909 62.00
66.771158 62.00
66.835159 62.00
66.899315 62.00
66.963035 62.00
67.028164 62.00
67.087162 62.00
67.150911 62.00
67.204162 62.00
67.263037 62.00
67.331913 62.00
67.395913 62.00
67.449164 62.00
67.513164 62.00
67.577039 62.00
67.642291 62.00
67.710915 62.00
67.764165 62.00
67.837915 62.00
67.891166 62.00
67.964917 62.00
68.018167 62.00
68.091918 62.00
68.150669 62.00
68.219920 62.00
68.278810 62.00
68.333796 62.00
68.394437 62.00
68.453323 62.00
68.512171 62.00
68.576047 62.00
68.645173 62.00
68.709048 62.00
68.774174 62.00
68.833048 62.00
68.888359 62.00
68.942053 62.00
69.011051 61.00
69.076176 61.00
69.135052 62.00
69.205458 62.00
69.255809 62.00
69.310571 62.00
69.374054 62.00
69.438055 62.00
69.508445 62.00
69.554181 62.00
69.608443 62.00
69.662934 62.00
69.713560 62.00
69.777060 62.00
69.850810 62.00
69.904061 62.00
69.968184 62.00
70.026934 62.00
70.090702 62.00
70.149340 62.00
70.208061 62.00
70.272061 62.00
70.345810 62.00
70.399061 62.00
70.472812 62.00
70.526062 62.00
70.599812 62.00
70.653063 62.00
70.722065 62.00
70.786065 62.00
70.859816 62.00
70.918707 62.00
70.982584 62.00
71.046717 62.00
71.107070 62.00
71.171069 62.00
71.244819 62.00
71.304973 62.00
71.358712 62.00
71.413983 62.00
71.459979 62.00
71.509461 62.00
71.573463 62.00
71.632072 62.00
71.692352 62.00
71.738073 62.00
71.801824 62.00
71.858325 62.00
71.916825 62.00
71.967450 62.00
72.026200 62.00
72.084826 62.00
72.139950 62.00
72.209202 62.00
72.267843 62.00
72.328331 62.00
72.373829 62.00
72.433828 62.00
72.502829 62.00
72.571955 62.00
72.645831 62.00
72.714831 62.00
72.769471 62.00
72.833474 62.00
72.897082 62.00
72.965726 62.00
73.019208 62.00
73.077715 62.00
73.130963 62.00
73.199711 62.00
73.252964 62.00
73.326712 62.00
73.379964 62.00
73.443963 62.00
73.507729 62.00
73.562729 62.00
73.616088 62.00
73.684731 62.00
73.737964 62.00
73.811839 62.00
73.885729 62.00
73.940590 62.00
74.000606 62.00
74.053840 62.00
74.118966 62.00
74.177843 62.00
74.241968 62.00
74.302226 62.00
74.360735 62.00
74.415614 62.00
74.479374 62.00
74.539973 62.00
74.608721 62.00
74.668739 62.00
74.723377 61.00
74.786972 61.00
74.855723 62.00
74.911852 62.00
74.971102 62.00
75.020850 62.00
75.090635 62.00
75.145850 62.00
75.219740 62.00
75.270379 62.00
75.334102 62.00
75.392727 62.00
75.457856 62.00
75.531729 62.00
75.594729 62.00
75.651105 62.00
75.720509 62.00
75.789855 62.00
75.858856 62.00
75.927981 62.00
75.996733 62.00
76.065733 62.00
76.134858 62.00
76.203993 62.00
76.262744 62.00
76.332361 62.00
76.396360 62.00
76.455860 62.00
76.514986 62.00
76.573998 62.00
76.634899 62.00
76.698739 62.00
76.767738 62.00
76.831390 62.00
76.896631 62.00
76.950516 62.00
77.014617 62.00
77.069889 62.00
77.130634 62.00
77.194634 62.00
77.253385 62.00
77.308633 62.00
77.363773 62.00
77.417503 62.00
77.481618 62.00
77.537122 62.00
77.606498 62.00
77.665015 62.00
77.724506 62.00
77.783751 62.00
77.850121 62.00
77.895636 62.00
77.951790 62.00
78.022819 62.00
78.081766 62.00
78.146010 62.00
78.204749 62.00
78.273757 62.00
78.332751 62.00
78.391750 62.00
78.465751 62.00
78.529752 62.00
78.598644 62.00
78.658758 62.00
78.727771 62.00
78.802299 62.00
78.856426 62.00
78.917662 62.00
78.987317 62.00
79.051767 62.00
79.115890 62.00
79.175291 62.00
79.234304 62.00
79.293885 62.00
79.354649 62.00
79.429761 62.00
79.496295 62.00
79.551899 62.00
79.606302 62.00
79.665894 62.00
79.720762 62.00
79.781661 62.00
79.840813 62.00
79.910520 62.00
79.965894 62.00
80.030642 62.00
80.094772 62.00
80.160293 62.00
80.215141 62.00
80.279267 62.00
80.343302 62.00
80.407143 62.00
