0.000000 0.000000
0.074262 0.92
0.134424 0.88
0.192988 0.91
0.249236 0.88
0.299863 0.89
0.354362 0.89
0.417861 0.89
0.479236 0.88
0.529863 0.90
0.584363 0.88
0.647987 0.90
0.717435 0.90
0.777123 0.88
0.833670 0.89
0.895130 0.89
0.955124 0.79
1.019995 0.77
1.079243 0.78
1.148392 0.80
1.212394 0.77
1.276394 0.78
1.340518 0.78
1.405270 0.78
1.461656 0.79
1.526248 0.78
1.585545 0.78
1.650121 0.79
1.713996 0.77
1.777997 0.78
1.842122 0.78
1.905998 0.77
1.965123 0.80
2.028998 0.78
2.092999 0.78
2.157249 0.78
2.221391 0.78
2.285376 0.78
2.349524 0.79
2.403001 0.79
2.462002 0.80
2.526002 0.77
2.585003 0.78
2.644129 0.79
2.694757 0.78
2.749380 0.78
2.804254 0.77
2.867755 0.78
2.929133 0.78
2.979756 0.78
3.027880 0.77
3.084131 0.80
3.134757 0.79
3.189257 0.78
3.252757 0.77
3.321383 0.78
3.379758 0.77
3.448383 0.79
3.506758 0.80
3.575384 0.78
3.633760 0.78
3.702386 0.76
3.760761 0.79
3.829386 0.79
3.887762 0.79
3.956387 0.80
4.014762 0.79
4.083388 0.78
4.141763 0.79
4.210390 0.81
4.268764 0.80
4.337390 0.78
4.395765 0.78
4.464391 0.79
4.522766 0.78
4.591392 0.76
4.646394 0.80
4.704768 0.78
4.773394 0.80
4.828268 0.79
4.888269 0.79
4.948268 0.80
5.011770 0.78
5.080395 0.81
5.135270 0.79
5.212272 0.79
5.270914 0.79
5.329398 0.79
5.398399 0.78
5.462274 0.78
5.520917 0.78
5.584664 0.80
5.654656 0.77
5.713151 0.77
5.776792 0.79
5.845791 0.78
5.914794 0.80
5.979653 0.78
6.034279 0.80
6.092903 0.79
6.152655 0.77
6.203655 0.79
6.258280 0.78
6.316905 0.77
6.380557 0.78
6.440796 0.80
6.512796 0.76
6.581556 0.78
6.650289 0.79
6.710560 0.78
6.770908 0.76
6.834799 0.78
6.903799 0.76
6.972802 0.79
7.046560 0.80
7.110160 0.77
7.165293 0.78
7.225562 0.78
7.299802 0.78
7.363438 0.80
7.432564 0.80
7.503038 0.79
7.566804 0.79
7.625294 0.80
7.689040 0.79
7.752567 0.78
7.818041 0.78
7.881568 0.78
7.947042 0.77
8.010569 0.76
8.079569 0.78
8.144793 0.80
8.209544 0.77
8.257669 0.80
8.313919 0.80
8.364548 0.78
8.419045 0.79
8.482547 0.78
8.543922 0.78
8.594547 0.80
8.642672 0.77
8.698922 0.80
8.749548 0.80
8.804048 0.78
8.867548 0.78
8.936173 0.78
8.994549 0.77
9.063174 0.79
9.121551 0.78
9.190175 0.77
9.248551 0.77
9.317177 0.78
9.375552 0.79
9.444177 0.78
9.502553 0.79
9.571178 0.78
9.629554 0.79
9.698179 0.79
9.756554 0.80
9.825180 0.78
9.880181 0.78
9.938556 0.78
10.007181 0.78
10.065557 0.79
10.134182 0.79
10.192558 0.79
10.261183 0.79
10.316184 0.78
10.371058 0.77
10.434560 0.79
10.503184 0.79
10.563185 0.77
10.618061 0.78
10.678061 0.79
10.738062 0.78
10.801562 0.78
10.870188 0.78
10.925063 0.79
10.983439 0.80
11.044814 0.78
11.103189 0.78
11.161565 0.78
11.221691 0.79
11.276691 0.81
11.335066 0.78
11.393442 0.78
11.454817 0.78
11.514443 0.79
11.568943 0.80
11.632443 0.79
11.701069 0.78
11.759444 0.78
11.828070 0.79
11.886445 0.80
11.955071 0.78
12.013447 0.76
12.082071 0.81
12.140448 0.79
12.209073 0.81
12.267449 0.79
12.336073 0.77
12.394449 0.77
12.463075 0.78
12.521450 0.78
12.590075 0.78
12.648451 0.77
12.717076 0.79
12.775452 0.79
12.844078 0.78
12.902454 0.78
12.971079 0.78
13.026078 0.78
13.081079 0.79
13.136079 0.76
13.190954 0.77
13.250955 0.79
13.310956 0.80
13.370956 0.78
13.430957 0.79
13.490957 0.78
13.550957 0.78
13.610958 0.80
13.670959 0.78
13.734460 0.79
13.803084 0.78
13.861460 0.79
13.921585 0.77
13.972710 0.80
14.032338 0.79
14.080462 0.78
14.136712 0.78
14.187339 0.77
14.235463 0.78
14.291713 0.78
14.342340 0.78
14.390465 0.78
14.446714 0.80
14.497341 0.80
14.551841 0.77
14.615342 0.78
14.683967 0.78
14.742343 0.80
14.803717 0.79
14.854344 0.79
14.908843 0.78
14.972344 0.80
15.040969 0.80
15.099346 0.78
15.167969 0.78
15.226346 0.77
15.294971 0.76
15.353347 0.80
15.421972 0.79
15.480349 0.80
15.548971 0.79
15.607352 0.79
15.670973 0.78
15.729350 0.80
15.797974 0.79
15.856350 0.78
15.924975 0.81
15.979976 0.78
16.038352 0.78
16.106976 0.78
16.165353 0.77
16.233977 0.78
16.288853 0.78
16.348853 0.78
16.408853 0.79
16.468979 0.78
16.523855 0.79
16.583855 0.79
16.638856 0.78
16.698855 0.79
16.757231 0.81
16.818607 0.78
16.869233 0.79
16.923732 0.78
16.987233 0.80
17.048608 0.80
17.099235 0.79
17.147363 0.78
17.198609 0.77
17.258237 0.80
17.312736 0.79
17.376236 0.78
17.444861 0.79
17.503364 0.79
17.559612 0.80
17.610239 0.78
17.664739 0.80
17.728239 0.80
17.796864 0.78
17.855239 0.79
17.923864 0.79
17.982240 0.77
18.050865 0.77
18.109241 0.77
18.177867 0.78
18.236241 0.77
18.304868 0.76
18.363243 0.79
18.431869 0.78
18.492119 0.78
18.560745 0.79
18.624246 0.76
18.692871 0.79
18.751246 0.79
18.819871 0.77
18.874872 0.78
18.929748 0.79
18.989748 0.78
19.049873 0.78
19.104749 0.78
19.164749 0.78
19.224874 0.77
19.279750 0.78
19.338126 0.76
19.403376 0.80
19.466876 0.78
19.521753 0.81
19.580127 0.80
19.641502 0.77
19.699879 0.80
19.754753 0.76
19.813129 0.77
19.874504 0.77
19.925131 0.81
19.973254 0.78
20.029505 0.78
20.080131 0.79
20.128256 0.78
20.184506 0.78
20.235132 0.80
20.289633 0.77
20.353132 0.79
20.423134 0.78
20.477634 0.79
20.541134 0.79
20.609759 0.78
20.668135 0.77
20.742010 0.80
20.810637 0.78
20.874136 0.77
20.942763 0.77
21.001137 0.78
21.069764 0.78
21.128138 0.79
21.196765 0.77
21.255139 0.78
21.323765 0.78
21.382141 0.80
21.456016 0.78
21.524642 0.77
21.588142 0.78
21.656768 0.78
21.711643 0.80
21.775143 0.80
21.843769 0.80
21.898644 0.80
21.958644 0.79
22.018645 0.79
22.078646 0.78
22.138646 0.78
22.198647 0.77
22.258647 0.77
22.322148 0.79
22.382272 0.80
22.433399 0.80
22.484025 0.77
22.532149 0.79
22.588401 0.79
22.648026 0.77
22.702525 0.79
22.766025 0.79
22.827403 0.80
22.878027 0.78
22.932527 0.78
22.996027 0.78
23.064653 0.79
23.123028 0.76
23.191654 0.78
23.250029 0.78
23.318671 0.76
23.377281 0.78
23.444289 0.79
23.502657 0.79
23.561032 0.77
23.635033 0.79
23.700659 0.79
23.759035 0.77
23.827658 0.78
23.886033 0.78
23.954660 0.79
24.009661 0.77
24.068035 0.77
24.136661 0.76
24.195036 0.78
24.263662 0.77
24.322037 0.78
24.404038 0.79
24.472805 0.79
24.541805 0.78
24.591805 0.80
24.669166 0.78
24.724295 0.79
24.782916 0.80
24.848296 0.77
24.903042 0.78
24.963298 0.77
25.022044 0.78
25.082305 0.80
25.141045 0.78
25.224169 0.78
25.283046 0.78
25.346812 0.80
25.399305 0.79
25.454172 0.81
25.518171 0.80
25.582172 0.79
25.645923 0.81
25.715941 0.80
25.771926 0.79
25.827926 0.78
25.883927 0.78
25.939926 0.76
25.995927 0.79
26.055925 0.80
26.125928 0.80
26.195052 0.80
26.264052 0.79
26.333053 0.79
26.402054 0.78
26.471054 0.77
26.545582 0.80
26.614582 0.80
26.675055 0.77
26.743931 0.77
26.812931 0.78
26.886932 0.79
26.956058 0.77
27.025058 0.77
27.093933 0.78
27.168184 0.79
27.232059 0.78
27.295935 0.76
27.369935 0.79
27.438936 0.77
27.497588 0.77
27.556460 0.79
27.611463 0.77
27.666465 0.78
27.725314 0.80
27.780462 0.79
27.844466 0.78
27.903316 0.78
27.967316 0.77
28.031317 0.79
28.095317 0.78
28.159318 0.76
28.223465 0.78
28.287318 0.77
28.351319 0.79
28.415320 0.80
28.479470 0.78
28.543321 0.79
28.601944 0.75
28.665445 0.78
28.723820 0.80
28.785195 0.78
28.835824 0.78
28.890322 0.78
28.953821 0.78
29.022447 0.78
29.080823 0.79
29.149448 0.77
29.207824 0.78
29.276449 0.80
29.334824 0.80
29.403450 0.78
29.461825 0.79
29.530451 0.79
29.588826 0.78
29.657452 0.78
29.715952 0.80
29.779452 0.80
29.837829 0.79
29.906453 0.77
29.961454 0.79
30.019829 0.79
30.088455 0.80
30.146830 0.78
30.215456 0.78
30.270333 0.79
30.330333 0.78
30.390333 0.76
30.450334 0.78
30.510334 0.76
30.584209 0.80
30.647709 0.79
30.712959 0.79
30.777712 0.78
30.825835 0.77
30.885960 0.78
30.940961 0.77
30.995962 0.78
31.050962 0.76
31.105962 0.79
31.157087 0.77
31.207715 0.79
31.255839 0.80
31.312089 0.80
31.371716 0.80
31.426215 0.78
31.489715 0.78
31.551090 0.78
31.601717 0.78
31.656216 0.78
31.719717 0.78
31.788343 0.78
31.846718 0.79
31.915344 0.77
31.973719 0.78
32.042345 0.78
32.100720 0.79
32.169346 0.76
32.227721 0.77
32.296347 0.79
32.354722 0.79
32.423348 0.78
32.481722 0.79
32.550348 0.79
32.608723 0.79
32.677350 0.79
32.735724 0.78
32.804350 0.78
32.859351 0.79
32.914351 0.80
32.972727 0.79
33.041353 0.78
33.096226 0.78
33.156228 0.80
33.216227 0.78
33.276228 0.79
33.336228 0.80
33.396229 0.79
33.456229 0.79
33.516230 0.78
33.576230 0.77
33.639732 0.78
33.695982 0.79
33.754359 0.78
33.809232 0.76
33.867609 0.81
33.928984 0.79
33.979611 0.78
34.027734 0.79
34.083984 0.78
34.143612 0.80
34.198111 0.79
34.261611 0.81
34.330236 0.78
34.388612 0.80
34.457237 0.79
34.515613 0.79
34.584238 0.77
34.642614 0.79
34.711239 0.79
34.769614 0.78
34.838240 0.78
34.896615 0.78
34.965241 0.79
35.023617 0.78
35.092242 0.78
35.150617 0.78
35.219243 0.78
35.277619 0.79
35.346243 0.80
35.404620 0.78
35.473244 0.79
35.531620 0.78
35.600245 0.78
35.658621 0.76
35.727247 0.77
35.785622 0.80
35.854247 0.77
35.909122 0.77
35.972624 0.80
36.041248 0.77
36.096123 0.78
36.156125 0.80
36.216124 0.78
36.276125 0.77
36.336126 0.78
36.396127 0.78
36.456127 0.78
36.514503 0.80
36.579753 0.80
36.634754 0.79
36.685879 0.78
36.744253 0.78
36.802629 0.79
36.858880 0.79
36.909506 0.78
36.957631 0.80
37.013881 0.79
37.064508 0.78
37.112631 0.78
37.176132 0.77
37.234508 0.79
37.303133 0.78
37.361509 0.78
37.430134 0.79
37.488510 0.79
37.557134 0.77
37.615511 0.78
37.684136 0.79
37.742511 0.76
37.811136 0.77
37.869512 0.77
37.938138 0.79
37.996513 0.77
38.065139 0.78
38.123514 0.79
38.192140 0.80
38.250515 0.78
38.319140 0.79
38.377517 0.78
38.446141 0.78
38.501142 0.80
38.556142 0.79
38.611017 0.79
38.671018 0.78
38.731019 0.78
38.791019 0.78
38.851019 0.80
38.911019 0.78
38.979646 0.79
39.043145 0.76
39.098021 0.80
39.158022 0.79
39.221523 0.78
39.290148 0.78
39.345023 0.78
39.403400 0.78
39.468649 0.78
39.523650 0.78
39.574775 0.80
39.625402 0.78
39.673526 0.78
39.729776 0.80
39.780402 0.78
39.834902 0.79
39.898402 0.80
39.959777 0.80
40.010404 0.78
40.064903 0.77
40.128406 0.79
40.192029 0.77
40.250405 0.77
40.319030 0.78
40.377406 0.80
40.446031 0.77
40.504407 0.80
40.573032 0.79
40.631408 0.78
40.700033 0.81
40.758410 0.79
40.822034 0.76
40.880409 0.79
40.949035 0.77
41.007410 0.78
41.076036 0.78
41.134412 0.79
41.203036 0.78
41.258037 0.77
41.313037 0.79
41.368038 0.77
41.423039 0.78
41.477914 0.79
41.537914 0.79
41.597915 0.78
41.657915 0.79
41.718040 0.79
41.772916 0.80
41.832916 0.79
41.906792 0.79
41.970298 0.79
42.035543 0.77
42.099044 0.77
42.153918 0.78
42.212297 0.77
42.273670 0.76
42.323045 0.77
42.381420 0.78
42.441546 0.76
42.492672 0.77
42.543299 0.79
42.591422 0.81
42.647673 0.79
42.698300 0.77
42.752798 0.79
42.816300 0.76
42.889301 0.79
42.943800 0.79
43.007301 0.78
43.068675 0.78
43.123176 0.77
43.182801 0.80
43.246303 0.77
43.314927 0.79
43.373305 0.78
43.441929 0.78
43.500313 0.79
43.568930 0.77
43.627306 0.78
43.695930 0.78
43.754309 0.78
43.817931 0.77
43.876308 0.77
43.944931 0.78
44.003308 0.79
44.071933 0.78
44.126934 0.78
44.181934 0.80
44.240310 0.78
44.308935 0.80
44.363810 0.77
44.423811 0.78
44.487312 0.78
44.555936 0.80
44.610812 0.79
44.670813 0.78
44.730813 0.78
44.790938 0.80
44.845813 0.78
44.905814 0.78
44.964315 0.79
45.024441 0.79
45.079441 0.78
45.134441 0.80
45.185566 0.79
45.236193 0.78
45.284318 0.79
45.340567 0.78
45.400193 0.78
45.454693 0.80
45.518194 0.77
45.586819 0.80
45.645194 0.80
45.713820 0.78
45.772195 0.77
45.840821 0.80
45.899196 0.78
45.967822 0.79
46.026197 0.80
46.094823 0.79
46.153198 0.78
46.221824 0.80
46.280326 0.79
46.343825 0.78
46.402200 0.77
46.470825 0.80
46.529201 0.77
46.597827 0.78
46.656201 0.79
46.724827 0.79
46.783203 0.81
46.851829 0.77
46.910330 0.81
46.973830 0.78
47.032205 0.80
47.100830 0.79
47.155706 0.79
47.219206 0.79
47.287831 0.80
47.342707 0.77
47.402708 0.77
47.462833 0.81
47.517709 0.78
47.577708 0.78
47.637834 0.78
47.692709 0.80
47.752710 0.78
47.812836 0.79
47.867711 0.76
47.926086 0.81
47.987462 0.78
48.042089 0.79
48.090213 0.78
48.146464 0.78
48.202588 0.78
48.266089 0.79
48.327465 0.77
48.378092 0.78
48.432590 0.79
48.496091 0.76
48.564717 0.80
48.623091 0.78
48.691717 0.80
48.750093 0.78
48.818718 0.80
48.877220 0.78
48.952760 0.79
49.024098 0.80
49.093222 0.79
49.157097 0.78
49.216768 0.80
49.282225 0.78
49.341505 0.78
49.402379 0.80
49.461099 0.79
49.520389 0.79
49.570384 0.80
49.631101 0.78
49.700101 0.78
49.774398 0.78
49.834744 0.80
49.900010 0.78
49.958619 0.80
50.020008 0.80
50.079612 0.78
50.139608 0.79
50.199606 0.77
50.259605 0.77
50.323105 0.79
50.391734 0.78
50.446607 0.76
50.504981 0.76
50.570231 0.79
50.625231 0.78
50.680234 0.77
50.739233 0.78
50.798234 0.81
50.856984 0.77
50.922514 0.79
50.986755 0.78
51.042020 0.78
51.102111 0.78
51.165987 0.78
51.235242 0.76
51.289116 0.79
51.353239 0.78
51.411988 0.77
51.481239 0.78
51.535551 0.78
51.595245 0.79
51.659508 0.78
51.723760 0.77
51.782509 0.80
51.846514 0.77
51.910760 0.80
51.985117 0.78
52.049118 0.76
52.113435 0.77
52.178416 0.79
52.242515 0.78
52.306764 0.79
52.365400 0.79
52.424768 0.78
52.494123 0.77
52.553122 0.78
52.622123 0.78
52.681125 0.79
52.740249 0.79
52.799249 0.79
52.857999 0.78
52.922000 0.78
52.986255 0.79
53.047128 0.79
53.111252 0.79
53.170127 0.79
53.225252 0.80
53.284528 0.79
53.345257 0.78
53.400954 0.78
53.460133 0.78
53.514134 0.77
53.568256 0.76
53.623005 0.79
53.678663 0.80
53.748577 0.78
53.805392 0.78
53.865159 0.76
53.930143 0.79
53.999383 0.77
54.062882 0.79
54.132885 0.78
54.187384 0.79
54.250884 0.79
54.320910 0.79
54.375510 0.77
54.433885 0.79
54.497511 0.78
54.555886 0.79
54.624538 0.78
54.682887 0.77
54.747914 0.79
54.811513 0.78
54.870014 0.76
54.934015 0.78
55.002890 0.80
55.077015 0.79
55.146016 0.78
55.205017 0.78
55.268891 0.79
55.333018 0.77
55.396893 0.79
55.466018 0.81
55.529784 0.78
55.603770 0.78
55.673020 0.78
55.737021 0.77
55.801145 0.78
55.865146 0.76
55.919773 0.78
55.983272 0.78
56.047278 0.80
56.111023 0.80
56.174899 0.78
56.244025 0.79
56.302775 0.79
56.359278 0.80
56.423279 0.77
56.492401 0.76
56.546027 0.79
56.609902 0.79
56.674807 0.78
56.731152 0.76
56.781030 0.78
56.840812 0.78
56.895908 0.78
56.959905 0.77
57.028905 0.78
57.097922 0.76
57.157782 0.76
57.212407 0.78
57.270912 0.78
57.334907 0.78
57.400911 0.78
57.455033 0.77
57.518784 0.78
57.578034 0.78
57.650165 0.77
57.713677 0.79
57.787911 0.77
57.865411 0.77
57.934298 0.79
57.988290 0.78
58.052441 0.80
58.124917 0.77
58.189043 0.79
58.248039 0.79
58.301917 0.77
58.356041 0.78
58.414917 0.78
58.478668 0.77
58.548042 0.77
58.612042 0.80
58.675808 0.79
58.745043 0.78
58.794447 0.80
58.848170 0.78
58.917419 0.78
58.987045 0.80
59.051050 0.80
59.101700 0.77
59.156298 0.78
59.209921 0.76
59.263421 0.80
59.327171 0.79
59.390672 0.77
59.464812 0.80
59.533691 0.79
59.603733 0.76
59.672925 0.76
59.732702 0.78
59.788705 0.77
59.858051 0.79
59.912802 0.77
59.981938 0.78
60.042690 0.80
60.107180 0.78
60.176583 0.76
60.240694 0.77
60.309305 0.78
60.368183 0.79
60.427573 0.76
60.502056 0.78
60.565556 0.79
60.626057 0.79
60.689932 0.78
60.762475 0.78
60.836577 0.79
60.896934 0.79
60.950934 0.79
61.009934 0.79
61.068574 0.77
61.138192 0.79
61.207581 0.76
61.277062 0.78
61.340937 0.78
61.399705 0.80
61.473826 0.76
61.543943 0.76
61.597941 0.76
61.647940 0.77
61.706582 0.80
61.771940 0.78
61.826582 0.79
61.891069 0.81
61.949818 0.77
62.013582 0.79
62.087585 0.78
62.152817 0.80
62.217074 0.78
62.281196 0.80
62.339695 0.77
62.405070 0.78
62.463587 0.78
62.532570 0.76
62.607075 0.79
62.670823 0.81
62.729823 0.78
62.793592 0.79
62.858582 0.80
62.923588 0.78
62.977831 0.77
63.041595 0.80
63.115592 0.78
63.184200 0.80
63.239076 0.77
63.297709 0.78
63.361206 0.78
63.419581 0.77
63.488205 0.77
63.546581 0.79
63.615205 0.78
63.668967 0.78
63.738207 0.78
63.812705 0.79
63.881471 0.78
63.950957 0.78
64.016755 0.79
64.070601 0.79
64.125722 0.80
64.194725 0.80
64.258458 0.80
64.323849 0.78
64.378601 0.78
64.442585 0.81
64.501210 0.78
64.571961 0.80
64.635461 0.80
64.704461 0.78
64.769962 0.78
64.828463 0.80
64.889838 0.78
64.944464 0.78
65.014494 0.78
65.079495 0.80
65.128965 0.77
65.192465 0.78
65.253841 0.79
65.304467 0.78
65.353966 0.78
65.412467 0.80
65.486592 0.76
65.555592 0.80
65.620496 0.79
65.669968 0.79
65.733469 0.80
65.807371 0.78
65.870970 0.77
65.929596 0.79
65.998612 0.78
66.067472 0.80
66.141597 0.78
66.210619 0.78
66.274974 0.80
66.340491 0.77
66.409490 0.77
66.483617 0.79
66.552490 0.77
66.616491 0.78
66.690618 0.80
66.759476 0.78
66.833742 0.77
66.897618 0.80
66.966507 0.80
67.030497 0.79
67.100104 0.76
67.158623 0.78
67.227623 0.80
67.296510 0.78
67.360499 0.79
67.424498 0.78
67.488608 0.81
67.548857 0.77
67.607388 0.77
67.671359 0.80
67.740501 0.77
67.800876 0.79
67.864378 0.78
67.932985 0.79
67.991378 0.77
68.065237 0.77
68.124987 0.78
68.183987 0.79
68.237503 0.78
68.301629 0.80
68.365756 0.76
68.430643 0.79
68.489366 0.79
68.558492 0.78
68.622491 0.79
68.685990 0.78
68.739387 0.80
68.802993 0.79
68.861371 0.80
68.929993 0.80
68.988372 0.79
69.056996 0.78
69.115397 0.76
69.189495 0.78
69.258638 0.79
69.322746 0.77
69.392121 0.78
69.455872 0.79
69.514876 0.76
69.578998 0.78
69.639403 0.79
69.703514 0.77
69.767528 0.79
69.836643 0.78
69.900251 0.78
69.969516 0.78
70.033530 0.77
70.097768 0.80
70.162002 0.80
70.231503 0.79
70.290407 0.78
70.354531 0.80
70.413410 0.78
70.477522 0.78
70.536410 0.78
70.600520 0.78
70.651648 0.80
70.706523 0.80
70.757632 0.79
70.808293 0.79
70.862882 0.79
70.927261 0.78
70.992262 0.77
71.046760 0.79
71.110260 0.77
71.178886 0.78
71.237261 0.79
71.311260 0.77
71.375415 0.77
71.439416 0.79
71.497886 0.76
71.556416 0.79
71.615418 0.79
71.674265 0.76
71.743139 0.78
71.806907 0.79
71.870890 0.80
71.929420 0.78
71.987891 0.80
72.047141 0.80
72.116532 0.78
72.180535 0.79
72.244142 0.78
72.306143 0.78
72.369894 0.78
72.428783 0.77
72.493020 0.78
72.551787 0.80
72.611787 0.76
72.673537 0.78
72.737271 0.77
72.801397 0.79
72.865398 0.77
72.929272 0.77
72.984273 0.78
73.037774 0.77
73.106653 0.78
73.170275 0.76
73.230400 0.76
73.281525 0.78
73.345150 0.78
73.406541 0.79
73.457157 0.76
73.517406 0.79
73.581028 0.78
73.640653 0.78
73.704153 0.80
73.774528 0.80
73.829490 0.77
73.884155 0.77
73.954183 0.79
74.008672 0.78
74.072281 0.79
74.135798 0.78
74.194174 0.77
74.263036 0.78
74.331660 0.77
74.395160 0.76
74.463785 0.78
74.522162 0.76
74.591160 0.80
74.654785 0.77
74.708161 0.79
74.771787 0.79
74.825161 0.78
74.893803 0.79
74.953311 0.79
75.019296 0.77
75.074914 0.78
75.128290 0.78
75.191788 0.79
75.245163 0.79
75.313789 0.78
75.372165 0.79
75.446296 0.80
75.510166 0.78
75.584296 0.80
75.648297 0.77
75.712299 0.79
75.776185 0.77
75.846045 0.76
75.920453 0.80
75.975546 0.79
76.039555 0.79
76.108562 0.80
76.177551 0.80
76.236173 0.77
76.292451 0.79
76.347047 0.77
76.412298 0.77
76.467078 0.78
76.516812 0.77
76.591179 0.80
76.655049 0.76
76.720057 0.79
76.774568 0.77
76.843579 0.76
76.913188 0.77
76.973053 0.79
77.027579 0.79
77.086053 0.80
77.154804 0.77
77.218569 0.78
77.277180 0.78
77.331180 0.80
77.394823 0.78
77.448323 0.80
77.507181 0.77
77.566057 0.78
77.634682 0.77
77.693061 0.80
77.762062 0.77
77.830808 0.79
77.889561 0.79
77.949684 0.77
78.018577 0.80
78.084189 0.80
78.145064 0.78
78.204187 0.78
78.268191 0.80
78.331937 0.79
78.401940 0.79
78.452967 0.77
78.506705 0.80
78.570455 0.78
78.634066 0.79
78.688356 0.80
78.757471 0.80
78.811711 0.80
78.866710 0.78
78.930442 0.78
78.989198 0.79
79.043971 0.77
79.100709 0.79
79.154193 0.78
79.207943 0.78
79.281820 0.81
79.346944 0.77
79.415710 0.78
79.479463 0.79
79.533200 0.79
79.587198 0.78
79.641203 0.78
79.699952 0.80
79.770077 0.80
79.838949 0.81
79.907714 0.79
79.961075 0.78
80.029950 0.76
80.103952 0.78
80.178081 0.78
80.242077 0.78
80.306202 0.78
80.364955 0.78
80.433955 0.78
80.498079 0.81
80.559080 0.78
80.623208 0.79
80.681954 0.78
80.755955 0.76
80.824597 0.78
80.883206 0.80
80.942086 0.78
80.996128 0.79
81.060373 0.78
81.120727 0.81
81.170725 0.77
81.225726 0.78
81.290087 0.80
81.348964 0.81
81.413092 0.81
81.467088 0.76
81.531088 0.81
81.594836 0.80
81.664866 0.78
81.712212 0.81
81.767091 0.79
81.817390 0.80
81.877096 0.80
81.936466 0.79
82.000592 0.80
82.055408 0.76
82.119390 0.78
82.183598 0.79
82.240215 0.77
82.294841 0.79
82.363467 0.77
82.421842 0.78
82.495973 0.78
82.560094 0.77
82.619873 0.78
82.674973 0.79
82.738969 0.78
82.807844 0.79
82.876471 0.79
82.945972 0.81
83.014976 0.77
83.074236 0.79
83.144224 0.79
83.213473 0.78
83.282349 0.80
83.346474 0.76
83.415850 0.76
83.480108 0.80
83.538856 0.79
83.603102 0.77
83.664106 0.79
83.728108 0.79
83.791979 0.77
83.855978 0.80
83.914854 0.77
83.979228 0.80
84.038497 0.78
84.107355 0.78
84.181987 0.78
84.235858 0.78
84.295421 0.81
84.349528 0.77
84.413873 0.80
84.479991 0.80
84.539530 0.80
84.595798 0.78
84.645361 0.77
84.709388 0.77
84.769234 0.77
84.838235 0.79
84.896860 0.80
84.960987 0.80
85.019992 0.78
85.078988 0.78
85.137988 0.78
85.202113 0.79
85.252739 0.79
85.302365 0.79
85.366396 0.78
85.435544 0.80
85.499990 0.79
85.555366 0.78
85.615991 0.78
85.675769 0.78
85.730242 0.81
85.799761 0.78
85.868868 0.78
85.932627 0.78
85.996399 0.78
86.070870 0.77
86.134890 0.80
86.193999 0.80
86.252996 0.80
86.312400 0.80
86.386896 0.78
86.446251 0.77
86.505409 0.78
86.576247 0.78
86.636375 0.76
86.696010 0.77
86.766129 0.78
86.830422 0.80
86.904891 0.80
86.964001 0.77
87.023001 0.80
87.077002 0.78
87.131002 0.80
87.185003 0.77
87.240003 0.76
87.295004 0.79
87.350004 0.79
87.404004 0.78
87.459005 0.78
87.514005 0.78
87.564005 0.80
87.623006 0.79
87.673006 0.81
87.728007 0.77
87.783007 0.80
87.838008 0.79
87.893008 0.79
87.948009 0.76
88.003009 0.80
88.058009 0.79
88.113009 0.78
88.168010 0.78
88.223010 0.79
88.278011 0.78
88.333011 0.77
88.388012 0.80
88.444654 0.79
88.519013 0.78
88.574013 0.79
88.637905 0.80
88.697014 0.77
88.756015 0.78
88.830782 0.77
88.895015 0.79
88.958907 0.78
89.018017 0.79
89.076783 0.79
89.140533 0.78
89.202784 0.78
89.258143 0.79
89.318545 0.78
89.382269 0.78
89.451662 0.77
89.515787 0.81
89.579538 0.81
89.643662 0.78
89.707787 0.78
89.771789 0.78
89.830549 0.78
89.895023 0.77
89.964023 0.78
90.028149 0.78
90.092149 0.77
90.150667 0.77
90.214790 0.77
90.273276 0.77
90.326791 0.76
90.386527 0.80
90.450542 0.78
90.521277 0.79
90.586556 0.79
90.655797 0.77
90.715558 0.77
90.784558 0.80
90.848657 0.80
90.913560 0.80
90.982672 0.80
91.051798 0.79
91.115561 0.79
91.184800 0.78
91.243561 0.78
91.307562 0.78
91.376800 0.79
91.440801 0.78
91.499800 0.77
91.563803 0.79
91.627678 0.77
91.686565 0.78
91.755566 0.79
91.824929 0.78
91.889162 0.81
91.958565 0.77
92.022804 0.77
92.086572 0.80
92.152444 0.81
92.216039 0.80
92.290571 0.79
92.356570 0.81
92.431571 0.79
92.495569 0.76
92.559685 0.78
92.618573 0.77
92.679169 0.81
92.739447 0.77
92.803810 0.77
92.853448 0.80
92.922685 0.80
92.981574 0.80
93.040438 0.78
93.114573 0.81
93.178451 0.77
93.242453 0.78
93.308048 0.79
93.372173 0.78
93.432454 0.81
93.501816 0.77
93.551579 0.79
93.615690 0.80
93.676176 0.77
93.735051 0.76
93.799052 0.79
93.852580 0.79
93.916583 0.78
93.980818 0.79
94.050178 0.76
94.114054 0.79
94.167584 0.79
94.231582 0.78
94.300584 0.77
94.359697 0.78
94.423586 0.81
94.487698 0.77
94.546826 0.78
94.612343 0.76
94.686933 0.78
94.746058 0.79
94.814934 0.77
94.880343 0.78
94.949935 0.77
95.009061 0.78
95.069704 0.78
95.128588 0.77
95.197829 0.78
95.272465 0.76
95.336938 0.80
95.405814 0.80
95.476939 0.80
95.545940 0.77
95.610065 0.80
95.668940 0.78
95.722469 0.77
95.786594 0.77
95.847067 0.79
95.909067 0.79
95.971068 0.78
96.033068 0.78
96.095068 0.78
96.157070 0.80
96.219070 0.78
96.284710 0.80
96.334473 0.77
96.398598 0.81
96.457352 0.80
96.521474 0.77
96.580475 0.78
96.645209 0.79
96.714718 0.78
96.778949 0.78
96.837949 0.77
96.901949 0.78
96.955478 0.76
97.019604 0.77
97.083343 0.78
97.151950 0.78
97.210481 0.79
97.274604 0.78
97.338721 0.79
97.402829 0.78
97.472359 0.80
97.541606 0.76
97.605722 0.81
97.671407 0.81
97.725584 0.79
97.784205 0.78
97.844338 0.78
97.910978 0.78
97.974958 0.79
98.039208 0.78
98.114208 0.78
98.183458 0.79
98.247591 0.79
98.308963 0.78
98.364372 0.78
98.423364 0.78
98.487461 0.78
98.546364 0.79
98.610462 0.77
98.669367 0.78
98.733463 0.79
98.792368 0.78
98.856464 0.77
98.915370 0.78
98.979465 0.79
99.038371 0.78
99.102466 0.77
99.161369 0.78
99.225467 0.81
99.284372 0.79
99.348468 0.77
99.407373 0.79
99.471468 0.80
99.530374 0.79
99.594470 0.79
99.653374 0.79
99.717470 0.80
99.776375 0.79
99.840471 0.80
99.899376 0.78
99.963502 0.77
100.022377 0.78
100.086500 0.79
100.145379 0.79
100.209500 0.78
100.267974 0.78
100.331849 0.79
100.390865 0.80
100.454851 0.79
100.513868 0.79
100.577852 0.77
100.636869 0.78
100.700978 0.79
100.756228 0.79
100.820495 0.80
100.879383 0.78
100.937979 0.77
100.999135 0.79
101.054134 0.77
101.103873 0.77
101.169136 0.78
101.224136 0.81
101.268857 0.80
101.327750 0.78
101.384136 0.79
101.431510 0.79
101.481233 0.76
101.545109 0.78
101.606501 0.80
101.656235 0.79
101.716138 0.80
101.765751 0.79
101.824390 0.78
101.883236 0.78
101.942236 0.78
102.006112 0.78
102.075238 0.77
102.139113 0.76
102.208114 0.78
102.277115 0.80
102.346115 0.77
102.415115 0.80
102.484116 0.78
102.553116 0.79
102.622117 0.81
102.691242 0.78
102.755243 0.79
102.819118 0.81
102.887885 0.81
102.946762 0.81
103.015637 0.78
103.084635 0.76
103.143245 0.79
103.207121 0.79
103.276246 0.80
103.340247 0.77
103.404247 0.78
103.468123 0.80
103.537124 0.77
103.606124 0.80
103.675124 0.78
103.744125 0.77
103.813126 0.78
103.882251 0.78
103.946252 0.78
104.010127 0.79
104.070033 0.78
104.117408 0.79
104.167128 0.79
104.223408 0.78
104.273253 0.79
104.328032 0.80
104.375409 0.79
104.425255 0.78
104.484130 0.79
104.544036 0.80
104.591411 0.76
104.641132 0.78
104.706037 0.78
104.766133 0.77
104.835133 0.78
104.891413 0.79
104.960776 0.79
105.019776 0.78
105.083525 0.79
105.137135 0.78
105.201136 0.80
105.265136 0.80
105.329136 0.79
105.398137 0.79
105.467013 0.80
105.541138 0.80
105.610138 0.78
105.674264 0.77
105.738140 0.81
105.802140 0.77
105.866141 0.80
105.935141 0.79
106.004141 0.79
106.073142 0.78
106.137143 0.76
106.201018 0.80
106.275019 0.78
106.349144 0.78
106.408020 0.79
106.482145 0.79
106.546021 0.79
106.620271 0.80
106.679272 0.78
106.738022 0.77
106.802272 0.79
106.861148 0.77
106.920148 0.80
106.975149 0.79
107.026274 0.76
107.080930 0.80
107.139555 0.76
107.203540 0.80
107.272542 0.78
107.331026 0.80
107.395933 0.80
107.450558 0.80
107.519545 0.77
107.588557 0.81
107.657557 0.78
107.726557 0.78
107.786557 0.80
107.846406 0.81
107.910156 0.78
107.974281 0.77
108.038032 0.79
108.102290 0.80
108.152935 0.77
108.207563 0.76
108.277297 0.78
108.341034 0.80
108.410035 0.79
108.479035 0.77
108.548161 0.78
108.606927 0.78
108.676162 0.79
108.740161 0.79
108.799037 0.80
108.868163 0.76
108.929039 0.77
108.993039 0.78
109.062040 0.80
109.125915 0.79
109.190165 0.76
109.251041 0.77
109.310041 0.80
109.374041 0.78
109.438167 0.80
109.497043 0.80
109.561043 0.78
109.624919 0.80
109.689169 0.80
109.753298 0.76
109.817448 0.78
109.876298 0.79
109.941826 0.78
110.006046 0.78
110.069921 0.78
110.134048 0.78
110.192923 0.78
110.257048 0.77
110.315924 0.78
110.380049 0.79
110.438924 0.80
110.503050 0.78
110.561926 0.79
110.626051 0.80
110.684927 0.77
110.749176 0.76
110.804052 0.77
110.862927 0.80
110.927053 0.78
110.991054 0.79
111.054929 0.78
111.119055 0.80
111.177930 0.80
111.242055 0.78
111.296056 0.80
111.360057 0.76
111.423932 0.78
111.487697 0.78
111.547307 0.76
111.610808 0.76
111.679433 0.77
111.737809 0.81
111.806433 0.78
111.864809 0.79
111.933435 0.78
111.991810 0.78
112.060436 0.80
112.118811 0.80
112.187437 0.81
112.242313 0.79
112.302313 0.78
112.362314 0.78
112.422314 0.77
112.482314 0.77
112.542315 0.78
112.602315 0.81
112.662316 0.79
112.722316 0.80
112.780691 0.79
112.845941 0.80
112.897067 0.79
112.955442 0.78
113.013818 0.79
113.070068 0.78
113.120694 0.77
113.175194 0.79
113.238694 0.77
113.300069 0.79
113.350696 0.79
113.398820 0.79
113.455071 0.80
113.505697 0.79
113.560196 0.79
113.623697 0.79
113.692324 0.77
113.750698 0.78
113.819324 0.77
113.877699 0.77
113.946325 0.76
114.004700 0.81
114.073326 0.78
114.131701 0.77
114.200327 0.79
114.258702 0.79
114.327328 0.80
114.385703 0.81
114.454329 0.78
114.512704 0.77
114.581330 0.76
114.639704 0.80
114.708331 0.80
114.766705 0.78
114.835332 0.79
114.890332 0.79
114.945333 0.79
115.003710 0.80
115.072335 0.80
115.141962 0.78
115.200959 0.77
115.265732 0.79
115.329963 0.76
115.383374 0.79
115.438366 0.78
115.512604 0.80
115.572964 0.78
115.631962 0.79
115.686963 0.77
115.737619 0.79
115.801971 0.78
115.856964 0.79
115.907590 0.78
115.962090 0.79
116.025965 0.78
116.080841 0.77
116.139971 0.78
116.194967 0.79
116.249968 0.79
116.300621 0.77
116.355218 0.77
116.410218 0.76
116.475624 0.76
116.530219 0.77
116.595614 0.79
116.669846 0.78
116.728500 0.78
116.802500 0.79
116.871972 0.77
116.935973 0.78
117.010503 0.78
117.079865 0.77
117.133741 0.81
117.202866 0.79
117.261504 0.78
117.330497 0.78
117.394618 0.78
117.449619 0.80
117.504852 0.77
117.558620 0.78
117.622489 0.77
117.691978 0.77
117.752507 0.79
117.811747 0.77
117.875979 0.80
117.939497 0.78
118.008873 0.77
118.062623 0.78
118.118874 0.77
118.172230 0.81
118.230624 0.79
118.290732 0.78
118.355511 0.77
118.411984 0.80
118.486234 0.78
118.560874 0.76
118.615628 0.78
118.674752 0.81
118.738628 0.78
118.807627 0.77
118.871991 0.79
118.937515 0.77
118.987112 0.80
119.051113 0.79
119.104755 0.78
119.163628 0.78
119.232865 0.78
119.287632 0.81
119.356490 0.78
119.430616 0.78
119.499508 0.78
119.568759 0.77
119.632758 0.78
119.692512 0.80
119.747636 0.77
119.816646 0.77
119.885523 0.80
119.949995 0.81
120.013995 0.77
120.076401 0.81
120.145637 0.78
120.209513 0.79
120.278748 0.80
120.337122 0.78
120.397525 0.77
120.471767 0.77
120.535874 0.81
120.610124 0.78
120.669124 0.76
120.738000 0.78
120.798000 0.79
120.867001 0.81
120.936127 0.81
120.999879 0.79
121.054878 0.80
121.123879 0.77
121.187879 0.77
121.252130 0.79
121.310880 0.76
121.365771 0.78
121.415412 0.77
121.481143 0.76
121.543131 0.79
121.603132 0.77
121.665007 0.78
121.718411 0.80
121.792525 0.80
121.861650 0.81
121.922009 0.76
121.985885 0.80
122.049885 0.78
122.119011 0.81
122.188011 0.77
122.241417 0.79
122.310513 0.78
122.374012 0.77
122.427389 0.79
122.496417 0.80
122.560405 0.78
122.629514 0.78
122.693532 0.78
122.762766 0.81
122.826516 0.78
122.890532 0.80
122.954422 0.80
123.028517 0.78
123.097423 0.79
123.161543 0.76
123.225424 0.79
123.289019 0.79
123.349425 0.77
123.418423 0.78
123.487521 0.76
123.551548 0.76
123.615021 0.76
123.679022 0.77
123.734036 0.78
123.794427 0.78
123.863774 0.78
123.925789 0.78
123.984400 0.78
124.053401 0.78
124.122275 0.81
124.186276 0.78
124.260402 0.80
124.329277 0.78
124.389527 0.77
124.449903 0.79
124.503278 0.77
124.572278 0.77
124.637928 0.81
124.701796 0.76
124.765406 0.78
124.834457 0.77
124.898281 0.77
124.972408 0.79
125.035910 0.78
125.094408 0.76
125.163301 0.80
125.237159 0.78
125.300799 0.78
125.369910 0.80
125.423439 0.79
125.478315 0.78
125.547160 0.80
125.615912 0.77
125.669295 0.78
125.733442 0.78
125.792554 0.80
125.856163 0.80
125.920290 0.76
125.994164 0.78
126.054444 0.80
126.118443 0.78
126.176915 0.78
126.241594 0.80
126.298582 0.78
126.359299 0.77
126.423299 0.78
126.482304 0.76
126.540924 0.80
126.595920 0.80
126.660048 0.77
126.720298 0.77
126.778925 0.77
126.833811 0.80
126.903298 0.80
126.967172 0.77
127.031298 0.78
127.095171 0.78
127.156576 0.79
127.207202 0.78
127.266302 0.80
127.330469 0.78
127.384302 0.80
127.448316 0.78
127.512310 0.78
127.576310 0.78
127.640311 0.76
127.709177 0.78
127.777821 0.79
127.836311 0.79
127.894803 0.78
127.953311 0.81
128.011944 0.76
128.081180 0.77
128.149930 0.78
128.208311 0.78
128.272448 0.78
128.331458 0.76
128.390348 0.80
128.454462 0.79
128.513344 0.78
128.572463 0.78
128.631346 0.78
128.690358 0.77
128.754449 0.77
128.813569 0.78
128.872828 0.78
128.942186 0.79
129.006186 0.79
129.070353 0.80
129.129346 0.80
129.184938 0.78
129.245456 0.79
129.304832 0.76
129.363831 0.79
129.418830 0.78
129.487835 0.79
129.541190 0.79
129.597578 0.79
129.649094 0.81
129.702857 0.81
129.762192 0.80
129.816192 0.78
129.880193 0.78
129.945100 0.79
129.992472 0.78
130.042194 0.81
130.106710 0.77
130.170715 0.78
130.229349 0.77
130.288571 0.78
130.352349 0.80
130.411197 0.79
130.471102 0.77
130.520839 0.78
130.584591 0.79
130.648842 0.79
130.707714 0.78
130.776591 0.78
130.847146 0.77
130.911356 0.80
130.970451 0.80
131.034330 0.80
131.092702 0.77
131.151078 0.78
131.219704 0.78
131.278078 0.78
131.346704 0.81
131.405079 0.77
131.473705 0.81
131.532080 0.78
131.600706 0.78
131.655706 0.79
131.710707 0.78
131.765708 0.77
131.820707 0.80
131.875708 0.78
131.930584 0.76
131.990584 0.79
132.051989 0.78
132.101728 0.80
132.157991 0.78
132.205506 0.76
132.260727 0.76
132.324461 0.76
132.385990 0.78
132.442366 0.78
132.491962 0.80
132.566088 0.78
132.630993 0.78
132.686993 0.80
132.734356 0.77
132.789214 0.77
132.843995 0.76
132.895733 0.81
132.948360 0.77
132.998409 0.78
133.062091 0.78
133.131607 0.77
133.190093 0.76
133.254969 0.78
133.309610 0.78
133.378611 0.77
133.444219 0.79
133.507970 0.77
133.582220 0.78
133.645971 0.78
133.720097 0.78
133.789099 0.78
133.857973 0.77
133.927974 0.78
133.988223 0.79
134.047098 0.77
134.116113 0.78
134.177100 0.81
134.246361 0.77
134.310618 0.79
134.369618 0.77
134.428227 0.79
134.487227 0.77
134.550977 0.76
134.615103 0.76
134.679118 0.76
134.738229 0.77
134.801980 0.78
134.870980 0.77
134.945105 0.77
135.014231 0.81
135.078107 0.76
135.147108 0.80
135.210982 0.76
135.275108 0.79
135.339108 0.78
135.397984 0.76
135.461985 0.81
135.521110 0.79
135.580110 0.78
135.639110 0.78
135.693864 0.78
135.758112 0.78
135.822368 0.77
135.877364 0.78
135.941630 0.78
136.005505 0.79
136.064114 0.78
136.128114 0.78
136.184872 0.76
136.239866 0.76
136.309241 0.76
136.364116 0.77
136.427991 0.78
136.491996 0.77
136.555993 0.78
136.625243 0.76
136.694369 0.78
136.763994 0.81
136.827995 0.78
136.892120 0.79
136.956123 0.79
137.011495 0.78
137.080890 0.81
137.149997 0.77
137.209122 0.78
137.267998 0.79
137.322122 0.79
137.380998 0.81
137.440249 0.78
137.505875 0.78
137.575515 0.77
137.639533 0.78
137.709001 0.76
137.768253 0.78
137.837530 0.80
137.907127 0.78
137.961127 0.81
138.014894 0.79
138.073504 0.80
138.142879 0.80
138.207259 0.77
138.276383 0.78
138.336761 0.81
138.405881 0.77
138.475256 0.80
138.544533 0.81
138.614258 0.79
138.679769 0.77
138.744009 0.78
138.802902 0.81
138.867010 0.78
138.926135 0.79
138.976010 0.78
139.035137 0.78
139.084886 0.78
139.153782 0.79
139.227904 0.80
139.293902 0.81
139.357888 0.80
139.423655 0.77
139.483392 0.80
139.552781 0.78
139.617141 0.81
139.676015 0.79
139.735029 0.82
139.790419 0.79
139.865415 0.78
139.939783 0.76
140.003910 0.80
140.067786 0.78
140.136787 0.78
140.201033 0.81
140.273396 0.79
140.342913 0.77
140.407020 0.78
140.465896 0.76
140.529789 0.78
140.589022 0.77
140.647898 0.78
140.706914 0.80
140.765399 0.81
140.824789 0.78
140.888399 0.78
140.947400 0.80
141.007275 0.78
141.065900 0.77
141.119401 0.79
141.179793 0.76
141.243793 0.77
141.302902 0.79
141.362653 0.77
141.417793 0.79
141.482654 0.77
141.537797 0.77
141.602655 0.78
141.657280 0.78
141.715906 0.78
141.769906 0.80
141.833797 0.79
141.902680 0.77
141.972663 0.77
142.036798 0.81
142.106303 0.79
142.175291 0.78
142.244802 0.80
142.313801 0.78
142.391661 0.78
142.466161 0.80
142.535162 0.77
142.609553 0.79
142.670038 0.78
142.744555 0.81
142.813809 0.80
142.877569 0.81
142.946806 0.77
143.010805 0.80
143.064808 0.81
143.128807 0.77
143.187809 0.79
143.243167 0.78
143.303570 0.76
143.369043 0.79
143.439043 0.76
143.504794 0.78
143.558812 0.79
143.614044 0.81
143.678574 0.77
143.747932 0.79
143.807046 0.77
143.876299 0.76
143.947299 0.77
144.016563 0.78
144.090698 0.79
144.155174 0.77
144.213925 0.81
144.268577 0.78
144.327807 0.77
144.386566 0.79
144.461064 0.76
144.530579 0.77
144.599817 0.79
144.659580 0.78
144.720320 0.81
144.789818 0.77
144.853571 0.78
144.917568 0.79
144.986805 0.78
145.050577 0.78
145.119585 0.78
145.188573 0.80
145.257573 0.79
145.316825 0.79
145.380698 0.78
145.439823 0.76
145.503825 0.80
145.564463 0.79
145.633828 0.77
145.698061 0.78
145.772589 0.81
145.842061 0.81
145.906579 0.80
145.986063 0.81
146.044827 0.78
146.108584 0.79
146.178064 0.78
146.247468 0.78
146.311581 0.78
146.380833 0.78
146.444707 0.79
146.498471 0.78
146.562581 0.78
146.621595 0.78
146.672942 0.78
146.737067 0.76
146.796068 0.79
146.855069 0.77
146.914069 0.80
146.972944 0.79
147.041959 0.78
147.111202 0.77
147.163958 0.79
147.228071 0.77
147.281586 0.79
147.345946 0.80
147.410210 0.79
147.484838 0.78
147.539716 0.78
147.598592 0.79
147.662840 0.80
147.722827 0.79
147.772593 0.76
147.836592 0.78
147.900844 0.78
147.970077 0.78
148.033952 0.79
148.108091 0.78
148.182595 0.76
148.246954 0.79
148.311079 0.79
148.380331 0.80
148.449597 0.79
148.503456 0.77
148.577877 0.80
148.638456 0.77
148.707969 0.78
148.768722 0.79
148.827846 0.78
148.888363 0.78
148.957459 0.78
149.031601 0.80
149.095602 0.78
149.159603 0.77
149.223961 0.79
149.282338 0.78
149.346338 0.81
149.415462 0.76
149.479339 0.78
149.543339 0.78
149.607466 0.78
149.663089 0.78
149.716465 0.77
149.780965 0.76
149.830841 0.78
149.890094 0.78
149.952093 0.79
150.005735 0.76
150.069609 0.79
150.129968 0.78
150.188610 0.79
150.249094 0.77
150.308348 0.79
150.372375 0.78
150.436346 0.77
150.500616 0.78
150.559737 0.78
150.634222 0.77
150.698379 0.78
150.762488 0.78
150.826349 0.76
150.890352 0.77
150.954743 0.78
151.013524 0.78
151.072351 0.80
151.136353 0.77
151.205352 0.78
151.264758 0.78
151.323851 0.78
151.384360 0.80
151.443513 0.76
151.502767 0.76
151.567232 0.78
151.636497 0.79
151.690626 0.78
151.746003 0.78
151.810633 0.79
151.867630 0.78
151.924522 0.77
151.978360 0.80
152.044635 0.80
152.094526 0.77
152.153868 0.77
152.212751 0.79
152.287544 0.78
152.346234 0.80
152.410632 0.81
152.460363 0.80
152.529764 0.79
152.590258 0.79
152.654768 0.79
152.713864 0.77
152.777990 0.80
152.836866 0.78
152.900992 0.79
152.960243 0.78
153.024775 0.77
153.084374 0.80
153.148996 0.77
153.224253 0.78
153.283511 0.78
153.337773 0.80
153.397536 0.79
153.451650 0.76
153.515871 0.78
153.575131 0.81
153.634771 0.78
153.694559 0.80
153.755549 0.77
153.816556 0.77
153.875999 0.77
153.929783 0.78
153.990407 0.75
154.049785 0.78
154.110517 0.78
154.174380 0.78
154.239381 0.78
154.303252 0.78
154.373530 0.79
154.429004 0.78
154.488382 0.80
154.552253 0.77
154.613003 0.77
154.667877 0.78
154.727380 0.80
154.786771 0.79
154.842005 0.81
154.906380 0.78
154.970532 0.76
155.021881 0.77
155.081892 0.80
155.141549 0.79
155.205660 0.78
155.265390 0.78
155.319550 0.80
155.380888 0.79
155.440547 0.78
155.501905 0.78
155.560652 0.78
155.625265 0.78
155.700137 0.78
155.770574 0.78
155.842274 0.78
155.917691 0.80
155.977401 0.79
156.042395 0.77
156.107269 0.78
156.182663 0.77
156.247581 0.78
156.307397 0.78
156.366790 0.78
156.433399 0.77
156.492905 0.78
156.552672 0.81
156.612269 0.78
156.676660 0.78
156.730662 0.78
156.795399 0.78
156.861146 0.80
156.927145 0.78
156.996143 0.78
157.062269 0.79
157.120894 0.78
157.190147 0.77
157.259556 0.79
157.318668 0.78
157.382808 0.77
157.451898 0.80
157.511805 0.78
157.571275 0.77
157.630149 0.81
157.694821 0.77
157.753274 0.80
157.807274 0.80
157.871150 0.78
157.926404 0.80
157.985151 0.78
158.044026 0.79
158.113163 0.78
158.177155 0.80
158.241278 0.79
158.300157 0.78
158.359280 0.77
158.423930 0.76
158.488292 0.80
158.547281 0.77
158.601291 0.81
158.660468 0.79
158.732291 0.76
158.795032 0.78
158.855157 0.78
158.924158 0.77
158.993158 0.81
159.057581 0.79
159.127294 0.76
159.191928 0.79
159.261440 0.80
159.327805 0.80
159.386663 0.78
159.456293 0.78
159.520807 0.77
159.592163 0.78
159.651292 0.79
159.717807 0.77
159.776571 0.78
159.844458 0.78
159.903576 0.78
159.962809 0.79
160.021810 0.78
160.106455 0.77
160.184481 0.76
160.239810 0.77
160.289810 0.78
160.349938 0.78
160.403579 0.79
160.468172 0.77
160.527300 0.80
160.588570 0.79
160.642564 0.78
160.707303 0.78
160.762300 0.77
160.816494 0.80
160.869299 0.80
160.924328 0.77
160.979452 0.79
161.043566 0.81
161.113175 0.77
161.177332 0.80
161.227471 0.80
161.281571 0.78
161.346937 0.77
161.411176 0.79
161.470302 0.77
161.525052 0.78
161.589967 0.77
161.645929 0.79
161.706181 0.78
161.759929 0.78
161.828553 0.79
161.886929 0.78
161.955554 0.78
162.013931 0.78
162.082555 0.77
162.140931 0.80
162.214806 0.78
162.283433 0.78
162.346934 0.81
162.415558 0.79
162.473934 0.80
162.542558 0.78
162.597559 0.79
162.655934 0.79
162.724562 0.78
162.779562 0.77
162.837938 0.77
162.906563 0.80
162.961571 0.78
163.016568 0.78
163.071440 0.76
163.131439 0.78
163.191439 0.78
163.254938 0.78
163.323564 0.77
163.378450 0.76
163.436941 0.80
163.497071 0.78
163.552069 0.80
163.607070 0.78
163.662075 0.78
163.717071 0.80
163.768204 0.78
163.826575 0.77
163.895331 0.77
163.958950 0.77
164.022457 0.78
164.091327 0.77
164.154826 0.79
164.224824 0.78
164.279330 0.81
164.342947 0.77
164.406452 0.80
164.464825 0.78
164.533450 0.78
164.591826 0.78
164.656837 0.78
164.720456 0.80
164.778835 0.79
164.847453 0.78
164.905956 0.79
164.969456 0.78
165.027835 0.77
165.096460 0.79
165.154831 0.79
165.223463 0.78
165.281958 0.80
165.345464 0.77
165.403833 0.79
165.472718 0.81
165.532836 0.78
165.601460 0.79
165.656464 0.80
165.711592 0.78
165.771716 0.78
165.840470 0.77
165.895337 0.76
165.955337 0.78
166.013716 0.77
166.082464 0.80
166.137348 0.78
166.197339 0.77
166.255844 0.80
166.315967 0.79
166.371097 0.79
166.429720 0.78
166.494975 0.78
166.546098 0.76
166.600721 0.77
166.655223 0.78
166.718722 0.80
166.783721 0.79
166.831850 0.76
166.888094 0.78
166.947731 0.79
167.002221 0.77
167.065728 0.78
167.130724 0.77
167.185356 0.78
167.244226 0.79
167.307724 0.79
167.381603 0.78
167.450221 0.81
167.513722 0.80
167.582350 0.78
167.640722 0.79
167.709360 0.76
167.767730 0.78
167.836350 0.79
167.894729 0.79
167.963352 0.79
168.021735 0.79
168.090353 0.78
168.148734 0.78
168.217354 0.80
168.275727 0.77
168.344356 0.79
168.399358 0.79
168.454357 0.78
168.509355 0.80
168.564359 0.76
168.622731 0.80
168.691363 0.78
168.746233 0.78
168.806233 0.79
168.869734 0.78
168.938379 0.80
168.993239 0.78
169.051611 0.77
169.115113 0.79
169.178611 0.79
169.239993 0.77
169.290616 0.79
169.345118 0.78
169.408742 0.81
169.468871 0.80
169.519995 0.78
169.569367 0.78
169.627745 0.78
169.683994 0.80
169.743624 0.78
169.798122 0.77
169.861617 0.78
169.930243 0.80
169.988616 0.76
170.057248 0.78
170.115620 0.78
170.184252 0.80
170.242622 0.79
170.311244 0.76
170.369624 0.77
170.438251 0.79
170.496626 0.77
170.565245 0.79
170.623621 0.78
170.692248 0.79
170.750623 0.79
170.819256 0.80
170.878129 0.79
170.941625 0.78
171.010251 0.77
171.065249 0.77
171.125509 0.77
171.185628 0.77
171.259881 0.80
171.320894 0.78
171.380136 0.78
171.440008 0.79
171.504794 0.78
171.569781 0.78
171.639782 0.79
171.704780 0.79
171.769800 0.78
171.829257 0.80
171.884256 0.78
171.945015 0.80
171.999260 0.78
172.063788 0.78
172.124530 0.79
172.184017 0.78
172.244511 0.79
172.309019 0.76
172.368783 0.78
172.428146 0.80
172.497664 0.77
172.562136 0.77
172.628136 0.77
172.693903 0.80
172.763666 0.78
172.828137 0.76
172.887531 0.78
172.956779 0.77
173.007016 0.76
173.076394 0.80
173.141396 0.78
173.205907 0.77
173.275892 0.77
173.325784 0.80
173.390149 0.78
173.459910 0.80
173.524143 0.80
173.583533 0.78
173.652786 0.78
173.711896 0.77
173.786905 0.76
173.856897 0.78
173.935148 0.79
173.999020 0.78
174.057538 0.78
174.123791 0.80
174.187537 0.79
174.251524 0.78
174.325541 0.77
174.389561 0.80
174.453537 0.79
174.517789 0.80
174.572898 0.78
174.628441 0.80
174.687540 0.79
174.758033 0.80
174.818673 0.79
174.868909 0.80
174.929926 0.79
174.994810 0.78
175.055688 0.79
175.105917 0.80
175.165295 0.79
175.234535 0.78
175.294312 0.80
175.359294 0.79
175.442688 0.80
175.507411 0.78
175.577685 0.79
175.642553 0.78
175.717917 0.77
175.777575 0.80
175.853043 0.78
175.917923 0.79
175.977677 0.78
176.042684 0.78
176.107693 0.78
176.166414 0.78
176.231306 0.78
176.304684 0.79
176.369551 0.78
176.423920 0.76
176.488696 0.79
176.548167 0.77
176.609050 0.79
176.668715 0.78
176.729437 0.77
176.799692 0.80
176.860686 0.77
176.919810 0.80
176.988916 0.78
177.062040 0.79
177.117041 0.78
177.171916 0.78
177.232050 0.79
177.286923 0.78
177.346928 0.78
177.401923 0.79
177.465429 0.76
177.525551 0.77
177.589048 0.78
177.647428 0.79
177.719310 0.78
177.784549 0.80
177.839549 0.78
177.894554 0.79
177.945676 0.76
178.009313 0.81
178.074554 0.79
178.134310 0.76
178.188807 0.78
178.252313 0.77
178.320933 0.79
178.379306 0.78
178.453186 0.78
178.512806 0.78
178.576316 0.78
178.644932 0.78
178.703328 0.80
178.771930 0.79
178.830312 0.79
178.898933 0.80
178.957316 0.80
179.025933 0.81
179.084320 0.79
179.158325 0.80
179.226934 0.78
179.285317 0.80
179.359185 0.78
179.427813 0.76
179.491311 0.78
179.565187 0.77
179.633823 0.77
179.692319 0.79
179.760939 0.78
179.815947 0.80
179.870942 0.81
179.925946 0.78
179.980822 0.79
180.040817 0.78
180.106198 0.77
180.171444 0.79
180.236203 0.80
180.284322 0.78
180.354201 0.76
180.402324 0.77
180.462445 0.80
180.522203 0.78
180.568200 0.80
180.616332 0.80
180.676453 0.80
180.727573 0.78
180.782326 0.80
180.845824 0.76
180.904204 0.80
180.965577 0.79
181.020198 0.78
181.085208 0.78
181.139701 0.78
181.203199 0.80
181.271825 0.79
181.330835 0.81
181.405827 0.77
181.475515 0.79
181.529725 0.79
181.594599 0.76
181.666584 0.78
181.734216 0.76
181.788731 0.78
181.849725 0.76
181.914523 0.78
181.975459 0.80
182.029735 0.78
182.089339 0.79
182.164840 0.77
182.236730 0.78
182.297607 0.78
182.365611 0.79
182.425410 0.78
182.490362 0.80
182.555501 0.77
182.610751 0.80
182.676082 0.77
182.739834 0.80
182.799504 0.78
182.854212 0.77
182.920213 0.80
182.978835 0.81
183.033710 0.79
183.093727 0.79
183.154215 0.76
183.218088 0.80
183.288606 0.81
183.345608 0.76
183.415348 0.78
183.477844 0.78
183.537353 0.77
183.602221 0.79
183.666538 0.80
183.727884 0.78
183.803346 0.78
183.868411 0.78
183.927847 0.78
183.997981 0.80
184.068351 0.81
184.138618 0.80
184.203616 0.76
184.263361 0.79
184.333519 0.78
184.408985 0.80
184.479227 0.80
184.554538 0.79
184.624620 0.78
184.684364 0.77
184.749357 0.78
184.819546 0.78
184.879358 0.80
184.933880 0.79
184.993540 0.79
185.063764 0.78
185.130364 0.80
185.195360 0.77
185.249368 0.80
185.310230 0.79
185.369635 0.78
185.429362 0.77
185.488876 0.78
185.553629 0.78
185.618233 0.78
185.679368 0.77
185.744234 0.77
185.798644 0.77
185.859236 0.77
185.918233 0.78
185.987232 0.79
186.051531 0.78
186.101754 0.77
186.160504 0.79
186.224759 0.76
186.289113 0.78
186.344377 0.80
186.404243 0.81
186.463782 0.77
186.528871 0.77
186.593875 0.80
186.669639 0.78
186.734252 0.77
186.804644 0.78
186.869440 0.79
186.929248 0.76
186.994245 0.80
187.064431 0.79
187.128510 0.81
187.192765 0.77
187.257536 0.78
187.322650 0.79
187.403249 0.79
187.457652 0.79
187.527876 0.79
187.597768 0.79
187.668249 0.79
187.722559 0.77
187.782430 0.79
187.852693 0.79
187.912528 0.80
187.972003 0.81
188.038778 0.78
188.098419 0.78
188.154778 0.78
188.220131 0.78
188.281002 0.80
188.340251 0.79
188.399125 0.77
188.460771 0.77
188.530252 0.77
188.586655 0.79
188.651256 0.79
188.705131 0.79
188.759552 0.80
188.815702 0.80
188.875392 0.80
188.935135 0.77
188.985391 0.79
189.050554 0.80
189.115017 0.76
189.185434 0.77
189.244776 0.80
189.305428 0.78
189.364545 0.79
189.423794 0.78
189.488135 0.80
189.542395 0.78
189.602141 0.81
189.672145 0.80
189.737142 0.78
189.801535 0.78
189.871556 0.76
189.937149 0.78
190.002145 0.77
190.061787 0.78
190.121579 0.79
190.188145 0.76
190.242395 0.78
190.302147 0.80
190.358019 0.79
190.417396 0.80
190.487020 0.77
190.546278 0.80
190.616019 0.81
190.682686 0.78
190.742399 0.77
190.803557 0.77
190.866023 0.80
190.925541 0.78
190.985277 0.80
191.050157 0.79
191.110027 0.79
191.171024 0.78
191.234898 0.81
191.304022 0.79
191.367911 0.79
191.437147 0.80
191.496023 0.79
191.554916 0.78
191.624401 0.79
191.694030 0.77
191.763403 0.77
191.833035 0.79
191.906281 0.78
191.976031 0.80
192.036791 0.77
192.101042 0.77
192.165915 0.78
192.216297 0.80
192.276791 0.78
192.336416 0.81
192.406034 0.77
192.465316 0.76
192.524408 0.78
192.579292 0.78
192.633409 0.76
192.697915 0.78
192.748312 0.80
192.812930 0.80
192.877923 0.79
192.928311 0.78
192.993169 0.79
193.052918 0.77
193.108914 0.79
193.175549 0.79
193.240298 0.80
193.309803 0.77
193.374450 0.76
193.449040 0.78
193.510041 0.77
193.569305 0.78
193.625588 0.79
193.685043 0.78
193.746055 0.77
193.800042 0.79
193.854175 0.76
193.910564 0.77
193.975044 0.79
194.039931 0.78
194.104924 0.80
194.169925 0.78
194.224177 0.79
194.278581 0.80
194.338183 0.78
194.397927 0.79
194.452305 0.76
194.511927 0.78
194.571060 0.78
194.635934 0.80
194.700928 0.78
194.755052 0.76
194.833049 0.76
194.883184 0.78
194.942931 0.78
194.997053 0.80
195.047052 0.77
195.112682 0.78
195.173186 0.79
195.228688 0.80
195.293054 0.80
195.343054 0.78
195.400477 0.79
195.469821 0.77
195.529053 0.77
195.578818 0.78
195.648823 0.81
195.708056 0.78
195.769070 0.76
195.840701 0.78
195.905059 0.78
195.966474 0.77
196.040571 0.78
196.104573 0.80
196.179058 0.77
196.244573 0.78
196.310185 0.77
196.384827 0.80
196.449067 0.80
196.508481 0.77
196.578188 0.80
196.632062 0.77
196.696579 0.78
196.760830 0.80
196.820064 0.80
196.886075 0.78
196.945821 0.80
197.000068 0.78
197.064843 0.80
197.119204 0.78
197.173331 0.78
197.233078 0.79
197.292823 0.79
197.348826 0.78
197.409948 0.76
197.466833 0.78
197.531825 0.79
197.596840 0.78
197.647077 0.77
197.706846 0.78
197.757075 0.80
197.826845 0.76
197.886073 0.77
197.951084 0.78
198.010846 0.81
198.064842 0.79
198.124083 0.78
198.193837 0.78
198.264206 0.78
198.335828 0.76
198.395088 0.78
198.464844 0.81
198.528839 0.77
198.593202 0.77
198.662972 0.78
198.732847 0.78
198.791724 0.79
198.851082 0.80
198.920355 0.79
198.980091 0.80
199.039727 0.77
199.123344 0.77
199.187833 0.80
199.241966 0.79
199.301734 0.78
199.366734 0.78
199.420970 0.77
199.485586 0.79
199.546842 0.78
199.611840 0.77
199.681587 0.79
199.751732 0.77
199.811097 0.77
199.871967 0.78
199.926341 0.80
199.981969 0.79
200.041738 0.77
200.106746 0.79
200.171743 0.78
200.236595 0.77
200.306757 0.80
200.367497 0.78
200.422973 0.79
200.482720 0.76
200.543484 0.80
200.597976 0.80
200.657739 0.80
200.707974 0.79
200.764226 0.78
200.828980 0.78
200.888751 0.79
200.953616 0.78
201.023760 0.79
201.088475 0.78
201.158749 0.78
201.223748 0.78
201.277606 0.77
201.346629 0.78
201.410759 0.78
201.475619 0.80
201.545099 0.78
201.615108 0.78
201.675979 0.80
201.735753 0.78
201.800752 0.78
201.865626 0.77
201.930754 0.79
201.990239 0.78
202.049988 0.79
202.109750 0.77
202.170987 0.79
202.230862 0.77
202.295756 0.78
202.360740 0.78
202.422234 0.78
202.481993 0.79
202.538237 0.81
202.597763 0.77
202.654868 0.79
202.709235 0.78
202.769397 0.79
202.823758 0.80
202.878493 0.80
202.936866 0.80
202.996634 0.79
203.055520 0.77
203.127112 0.78
203.192993 0.79
203.253868 0.80
203.309379 0.77
203.368898 0.78
203.423114 0.79
203.485242 0.78
203.544761 0.78
203.599758 0.77
203.664751 0.77
203.729534 0.81
203.788510 0.80
203.838874 0.80
203.908876 0.78
203.968371 0.78
204.032757 0.80
204.091370 0.77
204.155509 0.78
204.214509 0.78
204.273513 0.80
204.332788 0.78
204.397875 0.79
204.458515 0.80
204.522775 0.77
204.592764 0.80
204.656870 0.78
204.717513 0.78
204.781373 0.77
204.847375 0.77
204.911658 0.78
204.972648 0.78
205.026514 0.79
205.090769 0.76
205.160251 0.79
205.229514 0.79
205.283880 0.78
205.343129 0.78
205.399781 0.76
205.455260 0.78
205.509784 0.81
205.569559 0.76
205.630386 0.80
205.695536 0.80
205.756777 0.77
205.816546 0.78
205.877265 0.79
205.931264 0.79
205.997015 0.77
206.057654 0.80
206.118561 0.80
206.178011 0.79
206.230652 0.79
206.280388 0.77
206.339384 0.80
206.403385 0.78
206.467385 0.79
206.526386 0.81
206.590925 0.78
206.655765 0.78
206.710015 0.78
206.770665 0.76
206.833277 0.77
206.893273 0.81
206.963267 0.78
207.033421 0.77
207.097893 0.77
207.167906 0.78
207.227790 0.80
207.292670 0.79
207.364565 0.81
207.418684 0.79
207.483671 0.77
207.546401 0.80
207.621903 0.80
207.686271 0.77
207.755813 0.78
207.819909 0.78
207.879399 0.76
207.943271 0.77
208.002674 0.80
208.067275 0.78
208.131589 0.78
208.196552 0.79
208.257402 0.80
208.318310 0.78
208.388278 0.77
208.452794 0.76
208.513541 0.79
208.563278 0.76
208.620409 0.76
208.681530 0.80
208.740683 0.80
208.800414 0.81
208.861156 0.80
208.925798 0.77
208.985280 0.79
209.039424 0.79
209.100483 0.76
209.161608 0.78
209.229684 0.79
209.289462 0.79
209.354293 0.78
209.418543 0.76
209.482800 0.78
209.556039 0.78
209.626298 0.79
209.685408 0.81
209.749805 0.78
209.808674 0.78
209.868464 0.78
209.922572 0.81
209.995472 0.80
210.060466 0.80
210.124926 0.78
210.184701 0.79
210.249294 0.78
210.308686 0.78
210.373594 0.81
210.439928 0.78
210.499608 0.77
210.569685 0.78
210.639461 0.78
210.695454 0.78
210.754460 0.77
210.816241 0.76
210.877298 0.78
210.931552 0.81
210.991312 0.78
211.052586 0.78
211.112308 0.77
211.173569 0.79
211.227796 0.79
211.279049 0.78
211.338171 0.78
211.397460 0.79
211.452045 0.80
211.508450 0.80
211.563930 0.78
211.623174 0.78
211.692174 0.78
211.751308 0.76
211.812305 0.79
211.871302 0.80
211.925572 0.80
211.994574 0.77
212.062308 0.79
212.116178 0.77
212.185705 0.78
212.255935 0.78
212.320565 0.79
212.380318 0.78
212.445182 0.79
212.510313 0.79
212.580477 0.78
212.644589 0.79
212.703816 0.77
212.773184 0.79
212.832182 0.79
212.886322 0.78
212.945569 0.80
213.005321 0.80
213.075188 0.78
213.139183 0.78
213.197698 0.79
213.251061 0.76
213.320186 0.79
213.383935 0.76
213.458187 0.80
213.522061 0.79
213.596061 0.78
213.660188 0.79
213.724062 0.77
213.793189 0.80
213.857066 0.78
213.921191 0.78
213.985190 0.78
214.044190 0.78
214.103190 0.76
214.161830 0.80
214.217494 0.79
214.281583 0.78
214.342505 0.77
214.402199 0.79
214.463071 0.80
214.527195 0.77
214.581606 0.79
214.647197 0.78
214.706584 0.80
214.776198 0.79
214.826504 0.77
214.886205 0.80
214.951209 0.78
215.016337 0.79
215.071722 0.79
215.131509 0.80
215.196080 0.80
215.265338 0.78
215.337514 0.77
215.402205 0.79
215.472089 0.79
215.536724 0.77
215.602607 0.77
215.667587 0.77
215.721582 0.79
215.786592 0.77
215.846210 0.78
215.905334 0.81
215.975083 0.78
216.039082 0.79
216.103217 0.76
216.168084 0.77
216.236837 0.77
216.296960 0.78
216.363622 0.78
216.438524 0.78
216.494730 0.78
216.554519 0.77
216.610733 0.80
216.670349 0.80
216.724737 0.79
216.784513 0.76
216.849214 0.78
216.903222 0.80
216.958606 0.78
217.012590 0.78
217.077220 0.80
217.136977 0.79
217.212533 0.78
217.272592 0.78
217.342516 0.78
217.403221 0.80
217.473092 0.78
217.537533 0.80
217.592467 0.79
217.652849 0.79
217.713093 0.79
217.777537 0.80
217.838352 0.78
217.892613 0.79
217.947596 0.78
218.008354 0.79
218.067597 0.78
218.127103 0.78
218.192226 0.80
218.249984 0.78
218.304539 0.80
218.365354 0.77
218.430231 0.77
218.500499 0.77
218.572387 0.80
218.639107 0.78
218.703989 0.78
218.769238 0.78
218.825627 0.78
218.890103 0.77
218.951106 0.79
219.010228 0.77
219.071631 0.80
219.131233 0.78
219.196113 0.78
219.261239 0.78
219.320984 0.78
219.375238 0.78
219.431631 0.78
219.496244 0.80
219.552554 0.78
219.612237 0.77
219.676991 0.78
219.738240 0.79
219.797987 0.80
219.857235 0.77
219.913382 0.80
219.973803 0.78
220.028246 0.79
220.087991 0.79
220.152995 0.78
220.218119 0.78
220.278989 0.80
220.338125 0.78
220.388114 0.77
220.438115 0.80
220.488122 0.80
220.548367 0.78
220.609247 0.77
220.668998 0.79
220.729749 0.79
220.784248 0.77
220.844248 0.78
220.904750 0.80
220.969253 0.80
221.029762 0.80
221.080780 0.78
221.136001 0.78
221.195120 0.79
221.260125 0.78
221.315756 0.80
221.375257 0.79
221.435132 0.78
221.494251 0.80
221.559130 0.78
221.624003 0.77
221.683387 0.80
221.743135 0.77
221.806627 0.76
221.866756 0.80
221.935379 0.79
221.993760 0.78
222.067629 0.80
222.127752 0.78
222.196376 0.79
222.254750 0.78
222.323376 0.78
222.378377 0.78
222.436750 0.78
222.505377 0.79
222.560263 0.77
222.618629 0.79
222.687255 0.76
222.750756 0.80
222.810880 0.78
222.874386 0.78
222.932757 0.78
222.989014 0.80
223.048638 0.78
223.103140 0.78
223.166640 0.80
223.228020 0.81
223.278647 0.78
223.333139 0.78
223.396639 0.76
223.465264 0.77
223.523647 0.77
223.592266 0.79
223.650639 0.79
223.719271 0.78
223.777642 0.80
223.846263 0.80
223.904641 0.79
223.973272 0.80
224.031648 0.77
224.100281 0.78
224.158649 0.78
224.227267 0.80
224.285641 0.78
224.354267 0.79
224.412649 0.80
224.481272 0.78
224.539654 0.79
224.608272 0.78
224.666646 0.79
224.735279 0.77
224.793773 0.79
224.857277 0.78
224.926151 0.80
224.986272 0.78
225.041279 0.80
225.099647 0.79
225.168277 0.77
225.223149 0.78
225.283151 0.76
225.343276 0.77
225.398159 0.78
225.467028 0.77
225.530528 0.78
225.604537 0.79
225.669780 0.80
225.724784 0.78
225.775909 0.79
225.835532 0.79
225.890034 0.78
225.953533 0.77
226.018781 0.78
226.069905 0.77
226.129533 0.80
226.184160 0.80
226.248034 0.78
226.311790 0.78
226.370663 0.78
226.426910 0.78
226.477540 0.78
226.532163 0.77
226.590545 0.77
226.660545 0.78
226.715037 0.81
226.789044 0.76
226.852538 0.76
226.926421 0.77
226.990038 0.78
227.053543 0.77
227.127416 0.78
227.196162 0.80
227.254540 0.79
227.323168 0.79
227.381543 0.80
227.450164 0.78
227.505170 0.78
227.563541 0.77
227.632173 0.79
227.690545 0.79
227.759177 0.79
227.814177 0.78
227.869422 0.79
227.929545 0.77
227.998168 0.77
228.053044 0.77
228.113044 0.78
228.173043 0.80
228.231550 0.76
228.291672 0.79
228.356433 0.79
228.404581 0.79
228.464675 0.79
228.519676 0.78
228.570802 0.77
228.620174 0.78
228.675049 0.77
228.733426 0.76
228.794807 0.77
228.854433 0.80
228.908927 0.79
228.972439 0.78
229.028802 0.79
229.079438 0.80
229.133933 0.78
229.197430 0.80
229.266063 0.79
229.324430 0.80
229.393060 0.78
229.451559 0.78
229.515065 0.78
229.573440 0.78
229.642058 0.79
229.700561 0.77
229.764061 0.78
229.822444 0.78
229.891315 0.77
229.959944 0.77
230.023442 0.80
230.092060 0.80
230.150436 0.79
230.219058 0.76
230.277435 0.79
230.346061 0.77
230.404436 0.80
230.473062 0.80
230.531440 0.78
230.600065 0.79
230.655062 0.78
230.715320 0.77
230.775441 0.77
230.844063 0.76
230.898941 0.79
230.958940 0.78
231.018945 0.78
231.078942 0.77
231.138941 0.79
231.198941 0.79
231.262442 0.80
231.320817 0.77
231.384318 0.80
231.449571 0.77
231.504569 0.78
231.555835 0.79
231.621321 0.78
231.685589 0.78
231.744713 0.78
231.794479 0.79
231.853477 0.78
231.914073 0.80
231.974325 0.79
232.038719 0.79
232.088450 0.77
232.158503 0.79
232.222968 0.77
232.293207 0.77
232.358205 0.76
232.422452 0.78
232.486593 0.78
232.545478 0.80
232.609597 0.79
232.668337 0.78
232.732592 0.78
232.791329 0.78
232.860614 0.77
232.919723 0.78
232.983588 0.76
233.039586 0.78
233.098959 0.77
233.163517 0.76
233.219606 0.78
233.278335 0.79
233.342334 0.79
233.406334 0.78
233.470336 0.77
233.534340 0.79
233.603336 0.79
233.667336 0.80
233.731337 0.78
233.804086 0.79
233.862962 0.78
233.923340 0.80
233.987339 0.77
234.056340 0.78
234.125339 0.79
234.194339 0.79
234.263344 0.79
234.327342 0.81
234.391342 0.76
234.442609 0.79
234.497343 0.79
234.561625 0.76
234.631344 0.80
234.690361 0.79
234.740748 0.79
234.801240 0.79
234.860615 0.76
234.910526 0.80
234.964597 0.78
235.019349 0.77
235.078514 0.78
235.142758 0.79
235.202359 0.78
235.277743 0.78
235.338884 0.78
235.409103 0.79
235.479106 0.80
235.549521 0.79
235.603353 0.77
235.667351 0.78
235.731351 0.78
235.795354 0.80
235.854352 0.78
235.918353 0.78
235.982353 0.79
236.046355 0.77
236.110358 0.80
236.169228 0.77
236.238521 0.80
236.293357 0.79
236.352633 0.81
236.412362 0.79
236.471360 0.79
236.532638 0.78
236.592365 0.78
236.646632 0.78
236.711370 0.78
236.768111 0.78
236.837555 0.79
236.893235 0.78
236.957236 0.78
237.016986 0.79
237.069651 0.78
237.129368 0.77
237.193630 0.77
237.257629 0.78
237.314114 0.78
237.361516 0.78
237.411112 0.78
237.476114 0.78
237.532878 0.77
237.591630 0.79
237.645114 0.81
237.709369 0.78
237.768119 0.77
237.832533 0.78
237.896650 0.78
237.950242 0.78
238.009372 0.76
238.068255 0.77
238.143648 0.79
238.208122 0.78
238.278443 0.81
238.339249 0.79
238.398775 0.80
238.458381 0.80
238.518000 0.78
238.588564 0.80
238.652876 0.78
238.717541 0.78
238.776640 0.76
238.830557 0.78
238.900534 0.79
238.964641 0.79
239.028885 0.77
239.093378 0.77
239.152650 0.78
239.212255 0.78
239.271381 0.77
239.330661 0.78
239.394879 0.80
239.454606 0.79
239.510781 0.81
239.575384 0.76
239.636392 0.78
239.686901 0.80
239.742786 0.79
239.798567 0.78
239.858261 0.76
239.922580 0.80
239.976777 0.78
240.035777 0.76
240.100262 0.78
240.160011 0.79
240.219135 0.76
240.274385 0.80
240.329138 0.78
240.388137 0.78
240.439405 0.78
240.485570 0.79
240.541018 0.76
240.614147 0.78
240.684271 0.78
240.749267 0.78
240.814303 0.80
240.879269 0.80
240.944272 0.80
241.009272 0.79
241.079275 0.78
241.149679 0.77
241.214415 0.77
241.279580 0.79
241.344279 0.79
241.405817 0.78
241.475272 0.80
241.529585 0.79
241.590526 0.79
241.655020 0.77
241.721147 0.76
241.785148 0.80
241.854582 0.77
241.915401 0.79
241.984687 0.78
242.044573 0.79
242.109280 0.78
242.170674 0.77
242.230413 0.79
242.290161 0.77
242.360568 0.78
242.425153 0.79
242.490281 0.78
242.555171 0.79
242.620160 0.78
242.681156 0.79
242.740475 0.78
242.800158 0.80
242.859821 0.78
242.930299 0.78
242.980477 0.78
243.040178 0.78
243.105310 0.80
243.155913 0.78
243.216411 0.78
243.280700 0.78
243.340478 0.78
243.400162 0.77
243.465167 0.76
243.535560 0.77
243.601540 0.79
243.668167 0.80
243.733300 0.80
243.794174 0.78
243.848560 0.79
243.913171 0.80
243.978170 0.80
244.048301 0.76
244.120173 0.81
244.190418 0.77
244.250177 0.78
244.315300 0.78
244.385476 0.79
244.441697 0.78
244.501302 0.79
244.555697 0.79
244.617172 0.79
244.682052 0.80
244.743477 0.79
244.804302 0.80
244.864554 0.78
244.919694 0.79
244.979181 0.79
245.033693 0.80
245.093469 0.78
245.149575 0.79
245.214475 0.78
245.270461 0.78
245.324843 0.77
245.403050 0.78
245.462174 0.78
245.521568 0.77
245.580570 0.79
245.640864 0.77
245.708303 0.80
245.772303 0.77
245.836451 0.80
245.900453 0.80
245.960809 0.77
246.010455 0.80
246.074453 0.80
246.138455 0.78
246.194811 0.78
246.245806 0.80
246.296809 0.78
246.347809 0.78
246.398812 0.77
246.448458 0.78
246.514057 0.80
246.573057 0.80
246.632191 0.79
246.692832 0.80
246.752059 0.80
246.813333 0.78
246.877936 0.79
246.937192 0.80
247.002321 0.78
247.056455 0.76
247.126314 0.80
247.190831 0.77
247.250195 0.79
247.315321 0.80
247.374833 0.78
247.444950 0.79
247.506192 0.77
247.567572 0.78
247.627195 0.81
247.686577 0.78
247.746202 0.79
247.805946 0.80
247.876074 0.79
247.930195 0.80
247.999954 0.76
248.064953 0.80
248.129821 0.81
248.199957 0.77
248.264949 0.76
248.329949 0.78
248.394954 0.80
248.449211 0.79
248.508959 0.76
248.573951 0.79
248.628206 0.79
248.693332 0.78
248.754202 0.79
248.824084 0.79
248.880718 0.78
248.940207 0.80
248.996504 0.77
249.056203 0.77
249.115963 0.78
249.180956 0.78
249.235210 0.79
249.294961 0.80
249.365207 0.79
249.424966 0.78
249.486500 0.76
249.546088 0.77
249.620960 0.77
249.685856 0.79
249.750840 0.77
249.820707 0.79
249.885844 0.77
249.947212 0.77
250.012091 0.79
250.071841 0.80
250.141836 0.78
250.207961 0.79
250.269339 0.78
250.338874 0.79
250.400211 0.77
250.455970 0.77
250.526217 0.77
250.590745 0.78
250.666217 0.77
250.722363 0.79
250.787214 0.80
250.847375 0.79
250.912099 0.78
250.971865 0.78
251.036862 0.79
251.087097 0.78
251.146848 0.79
251.211852 0.79
251.276851 0.78
251.341845 0.78
251.396099 0.79
251.455847 0.77
251.521602 0.78
251.586355 0.80
251.651604 0.78
251.706102 0.79
251.761600 0.78
251.826107 0.79
251.885856 0.80
251.950745 0.79
252.015747 0.79
252.086228 0.78
252.151231 0.80
252.212105 0.76
252.268437 0.79
252.338761 0.80
252.400104 0.78
252.469508 0.80
252.530745 0.77
252.605512 0.80
252.671865 0.78
252.730862 0.79
252.797518 0.77
252.861746 0.79
252.925868 0.78
252.984977 0.78
253.043745 0.77
253.102618 0.79
253.157870 0.76
253.211620 0.79
253.266870 0.76
253.320621 0.78
253.375872 0.77
253.430116 0.78
253.489108 0.80
253.554119 0.78
253.610989 0.80
253.670119 0.78
253.726996 0.78
253.782544 0.80
253.837989 0.80
253.897778 0.79
253.968115 0.80
254.030777 0.76
254.095763 0.78
254.160775 0.78
254.225765 0.77
254.295778 0.77
254.360777 0.77
254.425761 0.78
254.475995 0.79
254.540996 0.78
254.600529 0.78
254.670900 0.78
254.735637 0.78
254.799490 0.80
254.873520 0.77
254.942634 0.77
255.011884 0.80
255.070510 0.78
255.139510 0.77
255.213511 0.79
255.282760 0.79
255.346510 0.79
255.410637 0.78
255.474996 0.78
255.540524 0.78
255.606513 0.78
255.670771 0.79
255.729769 0.78
255.793642 0.79
255.862888 0.78
255.928516 0.79
256.003001 0.79
256.067536 0.78
256.132013 0.79
256.187884 0.78
256.247129 0.79
256.311002 0.80
256.382128 0.80
256.451784 0.80
256.507131 0.80
256.578145 0.78
256.637889 0.78
256.702652 0.76
256.762015 0.80
256.822891 0.78
256.877010 0.78
256.936008 0.78
257.000007 0.79
257.053652 0.78
257.117760 0.80
257.172777 0.79
257.228268 0.77
257.283891 0.79
257.344429 0.78
257.403654 0.79
257.457418 0.77
257.521897 0.77
257.576016 0.80
257.635014 0.80
257.699897 0.78
257.759438 0.80
257.818671 0.78
257.883584 0.80
257.959018 0.79
258.029403 0.78
258.099664 0.77
258.169663 0.78
258.223534 0.77
258.287786 0.78
258.357541 0.78
258.418550 0.78
258.479907 0.78
258.544792 0.78
258.611154 0.81
258.672673 0.79
258.737401 0.76
258.801805 0.80
258.861024 0.79
258.922155 0.78
258.992577 0.80
259.053559 0.80
259.117942 0.79
259.182672 0.81
259.247532 0.77
259.317404 0.79
259.381278 0.78
259.445804 0.78
259.505278 0.77
259.575538 0.77
259.640407 0.79
259.695815 0.80
259.755585 0.78
259.820476 0.80
259.895917 0.80
259.956804 0.79
260.021538 0.77
260.086299 0.80
260.150291 0.77
260.219802 0.77
260.273673 0.78
260.319802 0.78
260.384572 0.78
260.438296 0.78
260.497698 0.78
260.561909 0.77
260.621165 0.76
260.685556 0.78
260.744449 0.78
260.808706 0.78
260.874681 0.80
260.949917 0.77
261.019914 0.78
261.084461 0.80
261.154295 0.77
261.218295 0.80
261.292474 0.77
261.358489 0.77
261.423551 0.76
261.488462 0.78
261.542697 0.77
261.602470 0.78
261.663425 0.78
261.732556 0.78
261.801918 0.79
261.867204 0.77
261.922204 0.79
261.970935 0.79
262.030704 0.76
262.086220 0.80
262.145699 0.77
262.205422 0.80
262.265199 0.79
262.312576 0.80
262.367452 0.79
262.426173 0.77
262.500299 0.79
262.560203 0.77
262.609801 0.77
262.673817 0.80
262.732308 0.79
262.786463 0.77
262.845306 0.79
262.909711 0.80
262.969480 0.79
263.028931 0.77
263.089706 0.78
263.149469 0.78
263.208701 0.80
263.268565 0.77
263.338324 0.78
263.408503 0.78
263.469231 0.78
263.533470 0.79
263.592811 0.77
263.651829 0.77
263.711486 0.79
263.767481 0.78
263.826707 0.78
263.882236 0.78
263.941702 0.78
264.006478 0.79
264.056707 0.79
264.115812 0.79
264.169940 0.80
264.234710 0.78
264.298939 0.76
264.363192 0.77
264.427316 0.76
264.485823 0.80
264.544498 0.79
264.601853 0.78
264.661574 0.80
264.721368 0.77
264.771573 0.78
264.831340 0.78
264.892196 0.78
264.957359 0.78
265.018363 0.78
265.072578 0.79
265.132344 0.76
265.191697 0.81
265.250200 0.78
265.310827 0.78
265.370617 0.79
265.430346 0.78
265.495201 0.79
265.554574 0.78
265.614380 0.80
265.673725 0.77
265.743959 0.78
265.815079 0.78
265.869580 0.78
265.933207 0.80
266.008621 0.78
266.068594 0.79
266.128205 0.80
266.203848 0.78
266.268957 0.81
266.333083 0.81
266.407083 0.80
266.471581 0.78
266.536399 0.79
266.597208 0.78
266.656337 0.80
266.715707 0.79
266.774615 0.78
266.840733 0.79
266.910720 0.78
266.972406 0.79
267.033379 0.79
267.083654 0.80
267.139531 0.79
267.196589 0.81
267.253627 0.79
267.310593 0.78
267.371589 0.78
267.432086 0.77
267.498210 0.79
267.558525 0.78
267.618218 0.77
267.679215 0.77
267.737712 0.78
267.792585 0.79
267.858408 0.79
267.915377 0.80
267.965093 0.79
268.025537 0.78
268.085219 0.78
268.149638 0.78
268.219852 0.78
268.295220 0.78
268.349094 0.76
268.403221 0.78
268.457419 0.79
268.517229 0.76
268.582098 0.78
268.651470 0.78
268.716220 0.79
268.775548 0.80
268.835225 0.79
268.889098 0.80
268.953222 0.78
269.007096 0.81
269.071096 0.78
269.130096 0.79
269.199097 0.78
269.268097 0.78
269.337098 0.79
269.406099 0.79
269.475383 0.80
269.529101 0.79
269.583529 0.80
269.647853 0.80
269.708429 0.79
269.773418 0.78
269.843392 0.79
269.908420 0.80
269.964754 0.77
270.034232 0.78
270.095566 0.79
270.160107 0.79
270.214552 0.78
270.274421 0.77
270.339132 0.78
270.404432 0.77
270.458758 0.78
270.518558 0.78
270.583562 0.78
270.649402 0.76
270.709116 0.78
270.779411 0.79
270.844424 0.78
270.904120 0.77
270.965508 0.79
271.022416 0.76
271.087534 0.78
271.153117 0.78
271.204376 0.80
271.267989 0.77
271.332240 0.78
271.378239 0.77
271.438520 0.76
271.499120 0.80
271.549410 0.76
271.608529 0.78
271.674254 0.80
271.720242 0.77
271.775245 0.78
271.830411 0.80
271.895898 0.78
271.951426 0.80
272.016123 0.77
272.080257 0.78
272.140126 0.77
272.205538 0.78
272.270432 0.78
272.330128 0.77
272.395016 0.78
272.460135 0.78
272.525001 0.78
272.591430 0.77
272.651255 0.79
272.721262 0.78
272.781136 0.79
272.841005 0.78
272.911433 0.76
272.967655 0.79
273.032571 0.77
273.092389 0.80
273.148549 0.79
273.213434 0.79
273.278261 0.79
273.343140 0.80
273.404536 0.79
273.464260 0.78
273.524006 0.78
273.578005 0.80
273.641895 0.81
273.711009 0.81
273.770007 0.78
273.825267 0.78
273.881427 0.78
273.940420 0.80
273.997267 0.78
274.056887 0.78
274.121134 0.77
274.182791 0.78
274.237795 0.80
274.302265 0.79
274.366782 0.79
274.436014 0.78
274.495013 0.80
274.554424 0.77
274.615021 0.77
274.676562 0.78
274.741267 0.78
274.811149 0.78
274.865143 0.78
274.929140 0.81
274.979015 0.78
275.038015 0.78
275.099147 0.78
275.160019 0.79
275.219144 0.78
275.294033 0.78
275.348020 0.78
275.407020 0.77
275.466398 0.78
275.536154 0.80
275.606403 0.80
275.670148 0.78
275.731578 0.79
275.791279 0.77
275.847551 0.79
275.907409 0.79
275.972154 0.79
276.033277 0.77
276.094407 0.79
276.159310 0.80
276.220161 0.78
276.279904 0.78
276.343916 0.79
276.402915 0.79
276.467156 0.77
276.521578 0.80
276.593922 0.78
276.647795 0.77
276.717280 0.77
276.771163 0.78
276.830911 0.78
276.890292 0.79
276.968951 0.78
277.029664 0.78
277.085178 0.80
277.144917 0.80
277.204452 0.79
277.268910 0.79
277.333914 0.79
277.393470 0.81
277.453168 0.78
277.507299 0.79
277.567042 0.78
277.637304 0.79
277.703171 0.79
277.762806 0.78
277.832484 0.80
277.892175 0.78
277.952043 0.78
278.032469 0.78
278.092169 0.78
278.151694 0.80
278.218475 0.78
278.278044 0.80
278.337167 0.77
278.402044 0.79
278.462930 0.77
278.528050 0.79
278.587815 0.80
278.642172 0.81
278.701692 0.79
278.766318 0.79
278.826057 0.78
278.896305 0.78
278.961178 0.79
279.026178 0.80
279.087493 0.76
279.143060 0.77
279.202695 0.78
279.272693 0.78
279.347578 0.78
279.420828 0.79
279.480176 0.76
279.546303 0.79
279.616058 0.78
279.686052 0.78
279.756177 0.79
279.822180 0.77
279.896704 0.79
279.958059 0.79
280.031052 0.79
280.100822 0.78
280.159569 0.78
280.234936 0.78
280.291570 0.78
280.350934 0.78
280.411712 0.81
280.481502 0.78
280.547943 0.78
280.614828 0.78
280.684946 0.78
280.750065 0.80
280.830848 0.77
280.890816 0.77
280.955726 0.79
281.026067 0.77
281.091066 0.79
281.150839 0.79
281.220942 0.77
281.280072 0.80
281.339720 0.78
281.394069 0.77
281.450197 0.77
281.506075 0.79
281.566943 0.78
281.628324 0.78
281.683947 0.79
281.738203 0.79
281.807951 0.78
281.868441 0.78
281.932066 0.77
281.992595 0.76
282.046322 0.79
282.110716 0.78
282.174837 0.78
282.229472 0.78
282.293585 0.80
282.357586 0.79
282.421822 0.79
282.480588 0.80
282.539586 0.78
282.603587 0.79
282.667599 0.79
282.731592 0.76
282.795573 0.77
282.849956 0.80
282.918951 0.79
282.985207 0.77
283.044959 0.79
283.094952 0.78
283.164727 0.78
283.229728 0.80
283.289207 0.80
283.358963 0.79
283.423080 0.80
283.493356 0.78
283.558208 0.78
283.623088 0.78
283.687835 0.77
283.747094 0.77
283.811970 0.78
283.871732 0.79
283.936496 0.79
284.001339 0.79
284.070596 0.79
284.134457 0.77
284.208725 0.77
284.272725 0.79
284.336601 0.80
284.405601 0.79
284.469601 0.78
284.538603 0.77
284.607627 0.77
284.676461 0.76
284.740728 0.78
284.801338 0.79
284.870617 0.78
284.931088 0.78
284.991340 0.80
285.060340 0.79
285.124340 0.78
285.188341 0.78
285.252342 0.78
285.316341 0.76
285.380345 0.79
285.444618 0.80
285.505092 0.80
285.569093 0.78
285.633093 0.78
285.697094 0.79
285.761469 0.78
285.825521 0.78
285.884487 0.78
285.948612 0.79
286.007618 0.80
286.066866 0.80
286.131099 0.77
286.195100 0.78
286.255491 0.79
286.314353 0.77
286.378628 0.80
286.443493 0.78
286.513626 0.80
286.573107 0.78
286.642864 0.78
286.702765 0.78
286.772983 0.78
286.839631 0.80
286.904752 0.78
286.963981 0.79
287.023862 0.78
287.083533 0.77
287.144762 0.79
287.204554 0.77
287.265861 0.78
287.330233 0.78
287.394500 0.78
287.453749 0.77
287.509110 0.78
287.568364 0.77
287.627651 0.78
287.690244 0.80
287.744526 0.78
287.798774 0.78
287.853122 0.79
287.908759 0.78
287.973548 0.80
288.030302 0.80
288.080778 0.78
288.147116 0.80
288.222244 0.78
288.281774 0.79
288.341373 0.80
288.416869 0.79
288.481769 0.76
288.541536 0.80
288.600993 0.79
288.659882 0.77
288.713870 0.77
288.777870 0.77
288.837002 0.78
288.906372 0.78
288.970871 0.78
289.040874 0.80
289.099743 0.79
289.163243 0.78
289.237245 0.78
289.302128 0.77
289.366372 0.79
289.435543 0.79
289.489377 0.78
289.548392 0.78
289.612377 0.78
289.666777 0.80
289.729126 0.79
289.799379 0.79
289.860395 0.77
289.919654 0.78
289.979439 0.79
290.040523 0.79
290.101781 0.77
290.157564 0.79
290.214504 0.77
290.274136 0.79
290.322887 0.80
290.378135 0.78
290.443261 0.78
290.509778 0.78
290.574422 0.77
290.633766 0.78
290.711793 0.79
290.781907 0.79
290.834529 0.77
290.889668 0.78
290.949408 0.78
291.014264 0.77
291.089783 0.80
291.155670 0.78
291.209887 0.80
291.268931 0.78
291.328390 0.78
291.387661 0.76
291.457303 0.80
291.527267 0.78
291.592396 0.78
291.662788 0.79
291.737394 0.77
291.791676 0.78
291.850428 0.78
291.915398 0.76
291.975022 0.78
292.034542 0.77
292.104939 0.78
292.169562 0.78
292.234402 0.79
292.295900 0.79
292.360275 0.78
292.435804 0.79
292.500667 0.79
292.560277 0.77
292.616570 0.79
292.675669 0.78
292.739812 0.78
292.817149 0.78
292.886274 0.79
292.940276 0.79
293.018297 0.79
293.079534 0.79
293.133797 0.79
293.201680 0.79
293.257803 0.78
293.317279 0.81
293.367577 0.80
293.427297 0.79
293.491674 0.79
293.552576 0.78
293.617408 0.77
293.672540 0.77
293.732319 0.79
293.793051 0.77
293.846676 0.78
293.905814 0.79
293.971060 0.79
294.026590 0.77
294.091296 0.79
294.154566 0.79
294.208673 0.77
294.273312 0.78
294.337295 0.78
294.407299 0.76
294.477298 0.78
294.536703 0.79
294.601706 0.78
294.666586 0.79
294.726297 0.79
294.791297 0.77
294.855820 0.80
294.915573 0.80
294.975167 0.78
295.036304 0.78
295.101304 0.77
295.160811 0.79
295.220303 0.79
295.286807 0.78
295.359165 0.80
295.423296 0.80
295.490581 0.79
295.549813 0.78
295.614299 0.78
295.673167 0.79
295.737169 0.78
295.801170 0.80
295.865303 0.78
295.920300 0.78
295.979476 0.77
296.039176 0.79
296.100303 0.79
296.166929 0.80
296.237179 0.77
296.298558 0.77
296.354502 0.77
296.414178 0.77
296.468494 0.80
296.528323 0.78
296.589179 0.78
296.639486 0.77
296.699182 0.77
296.769189 0.78
296.834190 0.79
296.904308 0.78
296.954507 0.80
297.011495 0.78
297.066934 0.78
297.118712 0.79
297.183837 0.77
297.254935 0.78
297.310933 0.79
297.366182 0.78
297.422934 0.79
297.483068 0.77
297.552572 0.78
297.622488 0.76
297.687187 0.78
297.746183 0.78
297.810194 0.78
297.869185 0.79
297.941342 0.78
298.005702 0.78
298.064452 0.77
298.133589 0.80
298.207937 0.78
298.271936 0.78
298.340938 0.77
298.405063 0.80
298.469189 0.80
298.529939 0.76
298.613193 0.79
298.682352 0.78
298.743347 0.77
298.808198 0.80
298.867580 0.77
298.932205 0.80
298.993466 0.78
299.058203 0.78
299.113833 0.80
299.173488 0.80
299.234204 0.78
299.290845 0.78
299.350199 0.78
299.414483 0.78
299.480487 0.80
299.545207 0.78
299.606082 0.80
299.660202 0.78
299.706332 0.76
299.766837 0.80
299.825951 0.77
299.890074 0.78
299.944202 0.80
299.994076 0.78
300.044333 0.78
300.109081 0.78
300.168089 0.78
300.227490 0.80
300.294081 0.80
300.348205 0.78
300.423208 0.79
300.492956 0.79
300.562347 0.79
300.623081 0.77
300.682333 0.78
300.752081 0.77
300.816341 0.77
300.881210 0.78
300.950971 0.79
301.012595 0.78
301.072213 0.79
301.150343 0.79
301.209968 0.79
301.271355 0.80
301.331224 0.80
301.385590 0.79
301.450220 0.78
301.509968 0.78
301.571215 0.78
301.632525 0.79
301.692219 0.79
301.751977 0.78
301.816978 0.78
301.881216 0.80
301.956392 0.77
302.011771 0.78
302.066092 0.79
302.125216 0.78
302.194466 0.79
302.263858 0.77
302.323718 0.79
302.393217 0.79
302.463718 0.78
302.533218 0.80
302.603721 0.78
302.659720 0.78
302.729357 0.80
302.790722 0.79
302.846227 0.77
302.905853 0.77
302.980986 0.76
303.045996 0.76
303.110976 0.78
303.170224 0.78
303.229235 0.79
303.293351 0.76
303.358232 0.77
303.417981 0.77
303.484552 0.79
303.544231 0.76
303.604106 0.78
303.664986 0.79
303.729994 0.78
303.791358 0.78
303.866104 0.78
303.931981 0.80
303.990856 0.78
304.050105 0.78
304.114747 0.76
304.179235 0.79
304.233538 0.79
304.292858 0.79
304.347113 0.80
304.406872 0.78
304.461111 0.78
304.520868 0.78
304.585864 0.80
304.639989 0.78
304.704868 0.78
304.769886 0.80
304.824114 0.77
304.883869 0.76
304.948885 0.77
305.008249 0.80
305.069124 0.76
305.128759 0.80
305.201240 0.78
305.271243 0.78
305.340874 0.78
305.405771 0.78
305.481129 0.79
305.540873 0.79
305.611122 0.77
305.681002 0.79
305.741875 0.81
305.806872 0.79
305.877250 0.78
305.957999 0.76
306.022897 0.79
306.093253 0.79
306.164888 0.79
306.229133 0.79
306.283250 0.78
306.349248 0.78
306.413876 0.78
306.477877 0.80
306.541890 0.79
306.612002 0.79
306.678385 0.80
306.738134 0.79
306.792128 0.77
306.852893 0.78
306.912012 0.78
306.972893 0.78
307.031769 0.79
307.095627 0.79
307.164896 0.79
307.228900 0.78
307.287895 0.78
307.342896 0.78
307.402879 0.77
307.461897 0.77
307.520898 0.78
307.571011 0.77
307.635132 0.78
307.695904 0.79
307.756781 0.78
307.810897 0.79
307.871785 0.78
307.922016 0.77
307.976266 0.78
308.045904 0.79
308.106550 0.79
308.171145 0.77
308.231898 0.79
308.292658 0.78
308.348023 0.79
308.407803 0.80
308.472787 0.77
308.523024 0.78
308.582803 0.79
308.642268 0.76
308.712400 0.78
308.782662 0.80
308.842027 0.79
308.901815 0.80
308.966665 0.77
309.036795 0.80
309.111561 0.79
309.175916 0.78
309.245695 0.80
309.304912 0.78
309.363790 0.79
309.428270 0.79
309.492269 0.78
309.552026 0.77
309.611148 0.77
309.670152 0.77
309.730525 0.77
309.789916 0.80
309.859801 0.77
309.918530 0.77
309.972777 0.79
310.026928 0.77
310.086675 0.80
310.147798 0.79
310.208679 0.77
310.273678 0.80
310.334404 0.76
310.398587 0.79
310.459027 0.78
310.517556 0.78
310.578030 0.77
310.636668 0.78
310.691910 0.77
310.746158 0.77
310.808031 0.78
310.878036 0.78
310.937679 0.80
310.991927 0.78
311.051683 0.78
311.116578 0.78
311.175920 0.79
311.235578 0.78
311.310913 0.79
311.370690 0.78
311.435687 0.79
311.500613 0.77
311.570916 0.78
311.630575 0.80
311.689921 0.79
311.749671 0.78
311.814687 0.77
311.868815 0.77
311.929684 0.78
311.994590 0.76
312.054300 0.80
312.113950 0.80
312.173691 0.79
312.229696 0.77
312.294830 0.78
312.354591 0.76
312.415939 0.79
312.480554 0.78
312.539795 0.76
312.609699 0.80
312.674700 0.77
312.732050 0.78
312.792802 0.80
312.854055 0.78
312.914587 0.78
312.976053 0.79
313.032806 0.80
313.097589 0.78
313.147806 0.79
313.209058 0.77
313.265054 0.78
313.329700 0.80
313.386364 0.78
313.440825 0.78
313.505702 0.79
313.566486 0.79
313.631055 0.79
313.695934 0.78
313.756703 0.77
313.812056 0.78
313.867810 0.78
313.932704 0.78
313.992057 0.79
314.051706 0.78
314.116705 0.78
314.186305 0.77
314.250581 0.80
314.309459 0.78
314.373577 0.80
314.432706 0.78
314.502183 0.80
314.566577 0.79
314.625826 0.79
314.690310 0.76
314.760476 0.78
314.825063 0.80
314.894715 0.78
314.966501 0.76
315.027709 0.80
315.092719 0.78
315.164569 0.78
315.218709 0.79
315.284317 0.80
315.343721 0.78
315.397940 0.79
315.457494 0.80
315.518838 0.78
315.588192 0.80
315.654716 0.76
315.714321 0.79
315.773512 0.78
315.838489 0.78
315.898490 0.78
315.952730 0.77
316.012542 0.80
316.077495 0.80
316.138618 0.76
316.202823 0.78
316.263703 0.78
316.323490 0.80
316.387491 0.78
316.451324 0.77
316.534847 0.80
316.595722 0.79
316.654829 0.79
316.711726 0.78
316.771509 0.79
316.832205 0.76
316.886727 0.78
316.946511 0.79
317.000489 0.76
317.054731 0.79
317.111728 0.79
317.177723 0.77
317.237338 0.78
317.312838 0.80
317.377613 0.80
317.442504 0.79
317.507337 0.80
317.582609 0.79
317.652746 0.79
317.713729 0.76
317.779833 0.77
317.844495 0.79
317.903334 0.78
317.962335 0.78
318.016517 0.78
318.073211 0.78
318.134517 0.80
318.180752 0.78
318.234855 0.79
318.294347 0.78
318.355740 0.79
318.412592 0.78
318.472349 0.80
318.537530 0.79
318.602343 0.79
318.661972 0.78
318.728534 0.80
318.793348 0.78
318.849347 0.77
318.910623 0.76
318.966094 0.79
319.030973 0.81
319.101372 0.77
319.160880 0.79
319.220617 0.78
319.280350 0.77
319.334221 0.79
319.393504 0.79
319.458221 0.78
319.522536 0.78
319.583870 0.79
319.653976 0.79
319.713627 0.78
319.773361 0.77
319.837617 0.79
319.907358 0.78
319.966868 0.79
320.036225 0.77
320.100224 0.78
320.169223 0.76
320.228224 0.78
320.291850 0.78
320.361100 0.78
320.435100 0.77
320.509101 0.79
320.577851 0.78
320.631356 0.80
320.695619 0.79
320.749369 0.80
320.813620 0.78
320.872522 0.78
320.942362 0.80
321.006107 0.77
321.076363 0.79
321.136233 0.79
321.200230 0.79
321.269107 0.79
321.338232 0.79
321.402108 0.78
321.465984 0.79
321.535245 0.79
321.596757 0.77
321.661113 0.78
321.720544 0.78
321.780248 0.80
321.839866 0.78
321.904114 0.78
321.967988 0.79
322.024364 0.80
322.070550 0.79
322.130242 0.78
322.189241 0.80
322.248548 0.77
322.308249 0.79
322.373244 0.79
322.427244 0.78
322.482554 0.80
322.536637 0.77
322.606645 0.78
322.676895 0.80
322.736382 0.77
322.806649 0.78
322.867540 0.80
322.932431 0.79
322.997403 0.79
323.069259 0.77
323.134378 0.77
323.204249 0.77
323.265257 0.80
323.330396 0.78
323.395252 0.79
323.454652 0.77
323.530256 0.78
323.584647 0.78
323.640777 0.79
323.700381 0.78
323.764644 0.78
323.824552 0.79
323.884387 0.78
323.938777 0.76
323.998386 0.78
324.058135 0.78
324.112257 0.77
324.172136 0.78
324.233653 0.78
324.289385 0.77
324.349137 0.79
324.414137 0.77
324.478413 0.77
324.538773 0.78
324.588773 0.79
324.647385 0.78
324.711788 0.80
324.776134 0.79
324.840132 0.76
324.899135 0.78
324.958009 0.80
325.012394 0.77
325.066780 0.77
325.132137 0.77
325.197144 0.76
325.262268 0.77
325.328015 0.77
325.392138 0.80
325.442397 0.76
325.497898 0.76
325.552402 0.79
325.625267 0.78
325.680153 0.79
325.745270 0.79
325.802666 0.78
325.867152 0.78
325.932144 0.79
325.993668 0.78
326.060148 0.78
326.121281 0.80
326.175669 0.79
326.247402 0.78
326.307274 0.76
326.372024 0.78
326.442152 0.77
326.507152 0.78
326.572027 0.79
326.637036 0.77
326.691023 0.79
326.755024 0.78
326.819155 0.78
326.874540 0.78
326.939406 0.79
326.995583 0.79
327.060154 0.80
327.119679 0.78
327.175295 0.78
327.243408 0.80
327.304158 0.77
327.359679 0.78
327.432414 0.77
327.493295 0.76
327.557906 0.78
327.622162 0.79
327.691468 0.78
327.752296 0.80
327.817412 0.78
327.878296 0.79
327.942598 0.77
328.002310 0.80
328.069040 0.78
328.134038 0.78
328.184295 0.78
328.238446 0.79
328.304298 0.78
328.361304 0.79
328.416794 0.76
328.476168 0.77
328.547923 0.78
328.618040 0.77
328.677163 0.78
328.738047 0.79
328.811169 0.79
328.875808 0.78
328.947453 0.79
329.012173 0.78
329.071927 0.80
329.133301 0.79
329.189461 0.79
329.259552 0.77
329.332429 0.78
329.392307 0.79
329.451922 0.78
329.519492 0.78
329.579175 0.78
329.638922 0.78
329.698058 0.80
329.759176 0.79
329.818821 0.80
329.873051 0.77
329.942935 0.79
330.004446 0.77
330.069181 0.78
330.128933 0.80
330.193928 0.77
330.248182 0.79
330.307934 0.78
330.367429 0.77
330.427182 0.80
330.486937 0.79
330.551823 0.77
330.611065 0.76
330.677054 0.81
330.727054 0.76
330.777065 0.80
330.837306 0.80
330.902935 0.77
330.957067 0.77
331.017688 0.77
331.072940 0.79
331.137818 0.78
331.213058 0.78
331.272057 0.77
331.322182 0.78
331.391310 0.80
331.456822 0.76
331.515822 0.78
331.579945 0.79
331.641482 0.78
331.711061 0.77
331.770193 0.79
331.830070 0.77
331.894835 0.78
331.949070 0.79
332.020946 0.78
332.075191 0.80
332.134840 0.77
332.204945 0.80
332.259066 0.78
332.318840 0.80
332.388944 0.80
332.443070 0.80
332.503956 0.78
332.560835 0.77
332.620076 0.77
332.679856 0.77
332.734196 0.80
332.793829 0.78
332.858831 0.78
332.928842 0.80
332.979076 0.79
333.038724 0.78
333.111727 0.78
333.187208 0.76
333.253202 0.76
333.313076 0.76
333.382824 0.80
333.441837 0.78
333.500841 0.77
333.556074 0.77
333.630610 0.78
333.694841 0.78
333.755624 0.80
333.820081 0.81
333.875599 0.78
333.929955 0.78
333.976090 0.79
334.035852 0.77
334.100204 0.77
334.165591 0.78
334.234961 0.78
334.294203 0.80
334.364207 0.80
334.428729 0.78
334.493084 0.78
334.557207 0.78
334.616601 0.79
334.681102 0.79
334.740845 0.79
334.810960 0.80
334.875842 0.78
334.940743 0.77
335.005605 0.77
335.072216 0.80
335.131861 0.79
335.196733 0.77
335.261754 0.77
335.326611 0.80
335.396970 0.77
335.456844 0.78
335.516225 0.78
335.575970 0.79
335.632218 0.79
335.696841 0.77
335.755638 0.76
335.810093 0.79
335.872090 0.80
335.932592 0.80
335.997965 0.79
336.067091 0.76
336.132468 0.78
336.196598 0.80
336.246974 0.78
336.301096 0.77
336.363094 0.80
336.422747 0.80
336.487743 0.78
336.552781 0.77
336.617743 0.80
336.677100 0.78
336.736099 0.80
336.800110 0.76
336.862096 0.78
336.931872 0.78
336.996101 0.78
337.061992 0.79
337.121755 0.77
337.186628 0.78
337.251108 0.80
337.311985 0.79
337.376525 0.78
337.445742 0.78
337.499729 0.79
337.563626 0.79
337.638523 0.80
337.697495 0.77
337.761986 0.80
337.816108 0.77
337.885479 0.79
337.949990 0.79
338.009755 0.78
338.063750 0.78
338.127749 0.78
338.191747 0.78
338.255747 0.78
338.314749 0.80
338.378749 0.78
338.442752 0.78
338.497748 0.77
338.552748 0.78
338.607626 0.78
338.666513 0.78
338.725390 0.77
338.789502 0.78
338.853753 0.80
338.899873 0.77
338.958989 0.78
339.017991 0.79
339.082643 0.77
339.147428 0.80
339.217642 0.78
339.267874 0.79
339.337778 0.80
339.413246 0.78
339.468874 0.78
339.533656 0.78
339.598778 0.77
339.670499 0.77
339.724878 0.78
339.784568 0.78
339.844126 0.80
339.914249 0.79
339.978882 0.77
340.043642 0.78
340.101997 0.79
340.160385 0.77
340.229766 0.78
340.288516 0.80
340.347758 0.79
340.412780 0.77
340.483006 0.77
340.542883 0.78
340.603126 0.77
340.667251 0.77
340.726883 0.79
340.782257 0.78
340.842380 0.79
340.911506 0.80
340.980888 0.76
341.041892 0.78
341.101655 0.78
341.151548 0.77
341.210383 0.79
341.269383 0.80
341.343787 0.77
341.403576 0.77
341.462886 0.78
341.521893 0.77
341.582779 0.77
341.638888 0.76
341.697558 0.77
341.757012 0.77
341.817761 0.78
341.881518 0.77
341.941264 0.78
341.995763 0.78
342.059775 0.77
342.120276 0.77
342.170768 0.78
342.235395 0.78
342.300026 0.80
342.359554 0.77
342.423899 0.80
342.483594 0.79
342.542395 0.77
342.606898 0.78
342.677151 0.80
342.736663 0.80
342.811898 0.80
342.895898 0.80
342.955415 0.79
343.030809 0.76
343.089398 0.79
343.155803 0.79
343.215402 0.78
343.269271 0.80
343.333687 0.78
343.393602 0.80
343.448028 0.77
343.512907 0.78
343.572568 0.79
343.633401 0.77
343.692400 0.77
343.761429 0.80
343.820273 0.79
343.889672 0.76
343.946153 0.78
343.995778 0.78
344.054668 0.78
344.108672 0.77
344.178278 0.78
344.247413 0.79
344.308675 0.80
344.374157 0.80
344.428796 0.77
344.492673 0.78
344.562279 0.76
344.613547 0.79
344.668280 0.80
344.719573 0.77
344.783672 0.78
344.858291 0.79
344.922684 0.79
344.986783 0.78
345.056807 0.76
345.121294 0.79
345.180412 0.79
345.230688 0.79
345.290481 0.78
345.349584 0.77
345.419470 0.79
345.492477 0.76
345.551685 0.78
345.623589 0.78
345.687667 0.78
345.746916 0.78
345.810803 0.79
345.874806 0.79
345.952298 0.78
346.006296 0.78
346.070298 0.76
346.134294 0.77
346.195692 0.76
346.260467 0.78
346.321592 0.78
346.399299 0.79
346.453564 0.79
346.515670 0.80
346.584810 0.78
346.645809 0.78
346.709801 0.79
346.769303 0.78
346.823444 0.76
346.882922 0.77
346.942555 0.78
347.010476 0.79
347.067305 0.79
347.135308 0.78
347.200307 0.78
347.266072 0.80
347.326932 0.79
347.393569 0.79
347.447696 0.78
347.512328 0.79
347.582180 0.79
347.641053 0.79
347.700559 0.80
347.764833 0.77
347.824432 0.79
347.874564 0.81
347.934184 0.76
348.009311 0.80
348.063181 0.79
348.127180 0.79
348.181055 0.79
348.255493 0.78
348.325475 0.78
348.394574 0.78
348.459341 0.78
348.531192 0.79
348.600187 0.78
348.669315 0.77
348.744729 0.77
348.814321 0.77
348.872691 0.80
348.931329 0.81
348.985064 0.77
349.055321 0.78
349.116488 0.79
349.176192 0.77
349.246335 0.78
349.311196 0.77
349.375192 0.79
349.439191 0.78
349.498320 0.79
349.557067 0.80
349.627198 0.81
349.688326 0.78
349.758206 0.78
349.828491 0.79
349.893487 0.78
349.952738 0.77
350.012497 0.79
350.072200 0.80
350.133073 0.80
350.203201 0.78
350.253515 0.78
350.307199 0.78
350.357508 0.79
350.417202 0.78
350.487492 0.79
350.551592 0.78
350.615838 0.79
350.675981 0.79
350.736496 0.80
350.802209 0.78
350.867203 0.79
350.926512 0.79
350.986203 0.80
351.056493 0.77
351.120722 0.77
351.185230 0.79
351.250081 0.76
351.319204 0.78
351.383510 0.77
351.442079 0.77
351.511080 0.76
351.579955 0.78
351.654085 0.78
351.723458 0.81
351.782725 0.81
351.852215 0.79
351.913588 0.80
351.978211 0.78
352.042084 0.76
352.105835 0.78
352.174961 0.79
352.244435 0.78
352.300590 0.77
352.356361 0.76
352.425746 0.79
352.485215 0.77
352.549966 0.79
352.609219 0.80
352.670591 0.80
352.735344 0.80
352.799616 0.77
352.864218 0.80
352.914220 0.79
352.968843 0.79
353.023221 0.79
353.073230 0.76
353.134099 0.78
353.199098 0.78
353.264855 0.81
353.324222 0.78
353.374847 0.78
353.429345 0.78
353.493356 0.76
353.546223 0.78
353.601097 0.78
353.665221 0.79
353.720097 0.77
353.784222 0.76
353.839102 0.78
353.898099 0.77
353.962100 0.80
354.026232 0.78
354.103866 0.79
354.173225 0.79
354.247850 0.80
354.321856 0.81
354.381102 0.79
354.445103 0.78
354.509102 0.76
354.568102 0.78
354.626855 0.77
354.695479 0.78
354.750478 0.78
354.805481 0.77
354.863858 0.80
354.932482 0.80
354.987485 0.79
355.051499 0.77
355.126108 0.80
355.196241 0.80
355.256504 0.78
355.326110 0.79
355.396237 0.79
355.470879 0.80
355.534997 0.79
355.593736 0.76
355.658242 0.78
355.717505 0.78
355.777241 0.80
355.846515 0.78
355.921113 0.79
355.979505 0.80
356.034517 0.79
356.109118 0.79
356.164115 0.76
356.214747 0.79
356.265746 0.80
356.329868 0.78
356.399374 0.80
356.455750 0.78
356.515121 0.79
356.569870 0.78
356.633994 0.79
356.688252 0.79
356.753749 0.79
356.822886 0.79
356.882252 0.77
356.951764 0.80
357.011123 0.80
357.070250 0.76
357.139249 0.78
357.202748 0.80
357.276874 0.79
357.340380 0.79
357.398752 0.80
357.467378 0.77
357.537260 0.78
357.593546 0.79
357.658128 0.77
357.718896 0.78
357.782766 0.78
357.851894 0.78
357.915770 0.79
357.984894 0.78
358.048894 0.78
358.112896 0.77
358.176894 0.79
358.240895 0.78
358.304897 0.77
358.368896 0.78
358.432897 0.79
358.491383 0.80
358.550886 0.76
358.615268 0.78
358.676136 0.77
358.741013 0.78
358.791142 0.79
358.850784 0.77
358.926013 0.77
358.976147 0.78
359.035892 0.79
359.106267 0.78
359.166780 0.80
359.236149 0.80
359.295142 0.78
359.364265 0.79
359.429662 0.80
359.488891 0.79
359.548017 0.76
359.598016 0.78
359.664142 0.78
359.733896 0.79
359.798796 0.79
359.857787 0.77
359.927901 0.76
359.992900 0.80
360.053914 0.80
360.118901 0.78
360.180151 0.78
360.245034 0.78
360.304797 0.80
360.359152 0.79
360.418274 0.79
360.478029 0.80
360.537683 0.78
360.603794 0.79
360.668800 0.78
360.728406 0.79
360.792788 0.80
360.857674 0.79
360.912031 0.80
360.974473 0.78
361.034156 0.80
361.093551 0.78
361.157791 0.80
361.222677 0.77
361.292804 0.80
361.362816 0.79
361.427693 0.79
361.492678 0.77
361.553809 0.80
361.618818 0.80
361.679537 0.78
361.738909 0.80
361.793908 0.80
361.863926 0.77
361.919164 0.78
361.979911 0.80
362.036536 0.80
362.095923 0.78
362.160540 0.80
362.231913 0.79
362.288565 0.79
362.355674 0.78
362.419564 0.80
362.483803 0.79
362.542564 0.78
362.606929 0.80
362.681441 0.78
362.754038 0.77
362.823565 0.79
362.889567 0.80
362.955806 0.80
363.033569 0.78
363.102697 0.78
363.180806 0.81
363.239919 0.79
363.309689 0.79
363.368591 0.78
363.433043 0.79
363.497709 0.76
363.556811 0.78
363.626457 0.78
363.690690 0.79
363.744927 0.78
363.804694 0.77
363.869570 0.78
363.928799 0.78
363.993697 0.78
364.043928 0.77
364.098053 0.78
364.157705 0.78
364.224314 0.79
364.284054 0.79
364.348808 0.79
364.409565 0.78
364.481309 0.77
364.540937 0.77
364.600566 0.80
364.675823 0.78
364.731187 0.76
364.786940 0.79
364.846309 0.77
364.910940 0.77
364.970566 0.78
365.024936 0.79
365.090433 0.80
365.154945 0.78
365.214318 0.78
365.278942 0.78
365.338716 0.78
365.398062 0.77
365.457061 0.79
365.516060 0.80
365.570062 0.80
365.639468 0.79
365.703827 0.77
365.768712 0.78
365.833060 0.79
365.886465 0.79
365.955453 0.77
366.024827 0.78
366.088941 0.79
366.148064 0.76
366.208314 0.79
366.277814 0.79
366.347189 0.80
366.416833 0.78
366.486320 0.80
366.555835 0.78
366.616319 0.79
366.682324 0.78
366.746571 0.79
366.805478 0.77
366.859445 0.80
366.918832 0.78
366.983574 0.80
367.042950 0.77
367.103729 0.78
367.160341 0.77
367.219451 0.78
367.278586 0.77
367.328830 0.80
367.393723 0.78
367.454090 0.78
367.518954 0.80
367.579329 0.76
367.638716 0.79
367.688452 0.80
367.752838 0.78
367.817200 0.79
367.886327 0.78
367.950479 0.78
368.014328 0.78
368.078847 0.80
368.132582 0.77
368.196330 0.81
368.260330 0.78
368.324335 0.79
368.388341 0.78
368.452332 0.79
368.516457 0.79
368.580595 0.76
368.644333 0.79
368.708601 0.78
368.772457 0.78
368.836601 0.78
368.895338 0.77
368.959336 0.78
369.023589 0.78
369.084337 0.78
369.143586 0.79
369.202502 0.76
369.261337 0.80
369.330339 0.76
369.394462 0.79
369.453342 0.78
369.517368 0.78
369.572463 0.79
369.636340 0.78
369.700464 0.77
369.759374 0.80
369.818216 0.77
369.882343 0.78
369.946344 0.78
369.997609 0.78
370.052344 0.79
370.116345 0.78
370.180345 0.79
370.234745 0.79
370.299516 0.77
370.358488 0.77
370.417346 0.78
370.481347 0.79
370.550347 0.79
370.608846 0.77
370.672971 0.78
370.726363 0.79
370.790499 0.80
370.849352 0.78
370.907848 0.77
370.966350 0.80
371.025350 0.78
371.094354 0.78
371.153224 0.78
371.222353 0.78
371.286101 0.79
371.349851 0.78
371.413857 0.78
371.472353 0.77
371.536354 0.80
371.600355 0.80
371.659355 0.78
371.723356 0.77
371.787355 0.78
371.851356 0.79
371.910357 0.80
371.974498 0.78
372.033232 0.79
372.102358 0.78
372.166358 0.80
372.225108 0.79
372.299524 0.78
372.349110 0.78
37