0.000000 0.000000
0.058010 61.00
0.114520 62.00
0.184740 62.00
0.243863 61.00
0.302737 61.00
0.366736 61.00
0.440625 61.00
0.514627 62.00
0.588629 62.00
0.652614 62.00
0.722003 62.00
0.776514 62.00
0.838424 62.00
0.909017 61.00
0.968749 61.00
1.028511 62.00
1.087259 62.00
1.146257 61.00
1.215259 61.00
1.278868 62.00
1.342634 62.00
1.407407 61.00
1.474300 61.00
1.533875 61.00
1.587749 61.00
1.651748 61.00
1.710748 61.00
1.784640 61.00
1.853641 61.00
1.917624 61.00
1.981624 61.00
2.045642 61.00
2.109625 61.00
2.173626 61.00
2.237643 61.00
2.301627 61.00
2.365628 61.00
2.429644 61.00
2.493629 61.00
2.557629 61.00
2.616755 61.00
2.680630 61.00
2.744645 61.00
2.808631 61.00
2.872632 61.00
2.931757 61.00
2.995633 61.00
3.054758 61.00
3.118651 61.00
3.177759 61.00
3.241760 61.00
3.300760 61.00
3.364636 61.00
3.423636 61.00
3.487761 61.00
3.546637 61.00
3.610763 61.00
3.685166 61.00
3.749170 61.00
3.813140 61.00
3.882657 61.00
3.946640 61.00
4.010659 61.00
4.074641 61.00
4.138767 61.00
4.197657 61.00
4.256643 61.00
4.315643 61.00
4.379644 61.00
4.438770 61.00
4.492145 61.00
4.552538 61.00
4.616537 61.00
4.680539 61.00
4.749415 61.00
4.807772 61.00
4.866413 61.00
4.924773 61.00
4.983415 61.00
5.038024 61.00
5.098417 61.00
5.167419 61.00
5.218025 61.00
5.281776 61.00
5.336901 61.00
5.382544 61.00
5.451417 61.00
5.502034 62.00
5.565778 62.00
5.629420 61.00
5.682779 61.00
5.741547 61.00
5.805423 61.00
5.870424 61.00
5.935656 61.00
5.999309 61.00
6.059657 61.00
6.125035 61.00
6.189036 61.00
6.253188 61.00
6.313551 61.00
6.372552 61.00
6.431661 61.00
6.495660 61.00
6.559554 61.00
6.618555 61.00
6.677662 61.00
6.741556 61.00
6.800664 61.00
6.864554 61.00
6.923664 61.00
6.987556 62.00
7.046665 62.00
7.105558 61.00
7.164557 61.00
7.223558 61.00
7.282560 61.00
7.346558 61.00
7.405560 61.00
7.469559 62.00
7.533561 62.00
7.592562 61.00
7.651561 61.00
7.710546 61.00
7.769564 61.00
7.828565 61.00
7.892571 61.00
7.951564 61.00
8.015563 61.00
8.084565 61.00
8.143567 61.00
8.198314 61.00
8.253056 61.00
8.308085 61.00
8.363089 61.00
8.417925 61.00
8.486926 61.00
8.551090 61.00
8.601928 61.00
8.666089 61.00
8.721090 61.00
8.781445 61.00
8.840445 61.00
8.904572 61.00
8.959445 61.00
9.018455 61.00
9.077572 61.00
9.151932 61.00
9.216089 61.00
9.285450 61.00
9.344452 61.00
9.408577 61.00
9.467577 61.00
9.531577 61.00
9.590578 61.00
9.664936 61.00
9.729090 61.00
9.798461 61.00
9.857454 61.00
9.916563 61.00
9.970457 61.00
10.029456 61.00
10.088455 61.00
10.147458 61.00
10.206457 61.00
10.265459 61.00
10.324459 61.00
10.383583 61.00
10.437457 61.00
10.496460 61.00
10.555469 61.00
10.614460 61.00
10.673462 61.00
10.732459 61.00
10.787462 61.00
10.846463 62.00
10.905464 62.00
10.964572 61.00
11.018465 61.00
11.073463 61.00
11.128465 61.00
11.183465 61.00
11.238466 61.00
11.293464 61.00
11.348467 62.00
11.403468 62.00
11.458466 62.00
11.513466 62.00
11.568469 61.00
11.623468 61.00
11.678470 61.00
11.733470 62.00
11.797578 62.00
11.851471 62.00
11.906471 62.00
11.961470 62.00
12.016473 62.00
12.071471 61.00
12.135474 61.00
12.194474 62.00
12.258474 62.00
12.317475 62.00
12.381474 62.00
12.440473 61.00
12.504475 61.00
12.563475 61.00
12.627475 61.00
12.686475 61.00
12.755210 61.00
12.822368 61.00
12.882605 61.00
12.941964 61.00
13.011213 61.00
13.076478 62.00
13.145213 62.00
13.219116 61.00
13.293116 61.00
13.367118 61.00
13.441116 61.00
13.501481 61.00
13.565217 62.00
13.635717 62.00
13.704608 62.00
13.750219 62.00
13.819120 61.00
13.888245 61.00
13.957123 61.00
14.021123 61.00
14.090237 61.00
14.164122 61.00
14.238123 62.00
14.312238 61.00
14.381240 61.00
14.445127 61.00
14.519490 61.00
14.578102 62.00
14.634126 62.00
14.708104 61.00
14.767726 61.00
14.831227 61.00
14.904976 61.00
14.958228 61.00
15.032106 61.00
15.101255 61.00
15.165370 61.00
15.229248 61.00
15.303108 61.00
15.377255 61.00
15.451108 62.00
15.520109 62.00
15.589249 62.00
15.653247 62.00
15.727259 61.00
15.793111 61.00
15.857139 61.00
15.926138 62.00
15.990137 62.00
16.054137 62.00
16.123129 62.00
16.197114 61.00
16.271115 61.00
16.345266 62.00
16.405615 62.00
16.464117 61.00
16.533266 61.00
16.593617 62.00
16.652117 62.00
16.707118 62.00
16.770993 62.00
16.835143 62.00
16.890267 62.00
16.950619 62.00
17.009122 62.00
17.064260 62.00
17.124621 62.00
17.193746 62.00
17.257622 62.00
17.326873 61.00
17.401274 61.00
17.459998 61.00
17.523999 61.00
17.588126 62.00
17.652127 62.00
17.716127 61.00
17.780001 61.00
17.844001 62.00
17.908002 62.00
17.972002 61.00
18.036129 61.00
18.100004 61.00
18.169130 61.00
18.233281 61.00
18.292132 62.00
18.358006 62.00
18.422132 61.00
18.486134 61.00
18.550007 61.00
18.614007 61.00
18.678008 61.00
18.742008 61.00
18.807759 61.00
18.871760 61.00
18.937400 61.00
19.001137 61.00
19.061285 61.00
19.120012 61.00
19.179012 62.00
19.243012 62.00
19.307014 62.00
19.366014 62.00
19.430015 62.00
19.494014 62.00
19.558167 62.00
19.617016 62.00
19.681017 62.00
19.745017 62.00
19.813767 62.00
19.867017 62.00
19.937392 62.00
19.982893 62.00
20.033519 62.00
20.097019 62.00
20.170769 62.00
20.224019 62.00
20.297771 61.00
20.356271 61.00
20.419771 61.00
20.473022 61.00
20.546772 62.00
20.600023 62.00
20.673773 62.00
20.727023 62.00
20.800774 62.00
20.854024 62.00
20.927775 62.00
20.986276 62.00
21.049776 61.00
21.103034 61.00
21.176777 62.00
21.230034 62.00
21.303779 61.00
21.357034 61.00
21.430779 62.00
21.484036 62.00
21.557781 62.00
21.621406 62.00
21.684906 61.00
21.750037 61.00
21.823782 62.00
21.883909 62.00
21.933659 61.00
21.986909 61.00
22.055534 62.00
22.113910 62.00
22.184286 61.00
22.233786 61.00
22.283162 62.00
22.343287 62.00
22.388787 62.00
22.438163 62.00
22.498288 62.00
22.556663 62.00
22.609914 62.00
22.683665 62.00
22.736915 62.00
22.807291 62.00
22.852790 62.00
22.903417 61.00
22.966917 61.00
23.040667 62.00
23.093918 62.00
23.167668 62.00
23.239419 62.00
23.302920 62.00
23.376670 62.00
23.429921 62.00
23.503671 62.00
23.562172 62.00
23.625673 62.00
23.678923 62.00
23.752673 62.00
23.805923 61.00
23.879674 61.00
23.932925 61.00
24.006675 61.00
24.059926 61.00
24.133676 61.00
24.192177 61.00
24.255678 61.00
24.308927 62.00
24.382678 62.00
24.437554 62.00
24.497554 62.00
24.557554 62.00
24.617555 62.00
24.677555 62.00
24.737560 62.00
24.792556 61.00
24.852557 61.00
24.916060 61.00
24.984683 61.00
25.035309 61.00
25.098808 61.00
25.169185 61.00
25.223685 61.00
25.273061 62.00
25.333185 62.00
25.388186 62.00
25.443186 62.00
25.488688 62.00
25.538064 61.00
25.601563 61.00
25.654814 62.00
25.728564 62.00
25.781815 62.00
25.855565 62.00
25.908815 62.00
25.982566 62.00
26.035816 62.00
26.109567 62.00
26.178317 62.00
26.241818 62.00
26.315569 62.00
26.368819 62.00
26.442570 61.00
26.495820 61.00
26.569571 62.00
26.622821 62.00
26.696572 61.00
26.749822 61.00
26.823573 61.00
26.888948 61.00
26.957574 61.00
27.010824 62.00
27.084575 62.00
27.137825 61.00
27.211575 61.00
27.266451 61.00
27.326452 61.00
27.386452 62.00
27.446453 62.00
27.506453 62.00
27.566454 62.00
27.626455 62.00
27.686455 62.00
27.746455 61.00
27.806456 61.00
27.859706 61.00
27.930083 62.00
27.975582 62.00
28.026208 61.00
28.089708 61.00
28.160085 62.00
28.214584 62.00
28.265210 61.00
28.328710 61.00
28.399086 62.00
28.453586 62.00
28.502961 62.00
28.566462 62.00
28.619713 61.00
28.693463 61.00
28.746713 62.00
28.820589 62.00
28.889214 62.00
28.952715 62.00
29.026466 61.00
29.079716 61.00
29.153467 62.00
29.206716 62.00
29.280468 61.00
29.333717 61.00
29.407469 62.00
29.460718 62.00
29.534594 62.00
29.599844 62.00
29.668471 62.00
29.721720 62.00
29.795472 61.00
29.848722 61.00
29.922473 61.00
29.977353 61.00
30.037349 61.00
30.097349 61.00
30.157350 61.00
30.217351 61.00
30.280851 62.00
30.349477 62.00
30.404351 61.00
30.457603 61.00
30.522727 61.00
30.587978 61.00
30.651479 62.00
30.706355 62.00
30.759604 62.00
30.829979 62.00
30.884980 61.00
30.939981 61.00
30.985482 62.00
31.036108 62.00
31.099607 62.00
31.173358 62.00
31.226608 62.00
31.295359 61.00
31.348610 61.00
31.418985 62.00
31.464485 62.00
31.515113 61.00
31.578610 61.00
31.652362 62.00
31.705612 62.00
31.779363 61.00
31.832613 61.00
31.906364 62.00
31.959614 62.00
32.033364 62.00
32.086615 62.00
32.160365 62.00
32.213616 62.00
32.282367 62.00
32.335617 62.00
32.409368 62.00
32.462618 62.00
32.536369 62.00
32.589619 62.00
32.663369 62.00
32.718245 62.00
32.776620 62.00
32.850372 61.00
32.905246 61.00
32.965247 61.00
33.025248 61.00
33.085249 61.00
33.145248 62.00
33.205250 62.00
33.258500 61.00
33.323625 61.00
33.388875 62.00
33.443876 62.00
33.498876 61.00
33.553377 61.00
33.602752 62.00
33.662878 62.00
33.717878 61.00
33.772379 61.00
33.830754 61.00
33.890880 62.00
33.936380 62.00
33.987006 61.00
34.050506 61.00
34.124257 61.00
34.177507 61.00
34.251257 62.00
34.304508 62.00
34.378259 62.00
34.431509 62.00
34.505259 62.00
34.558510 62.00
34.632261 61.00
34.685510 61.00
34.759261 61.00
34.812512 61.00
34.886263 62.00
34.939513 62.00
35.013263 62.00
35.066514 62.00
35.140265 62.00
35.193515 62.00
35.267266 62.00
35.320516 62.00
35.394266 62.00
35.447517 62.00
35.521267 62.00
35.574519 62.00
35.648269 61.00
35.703145 61.00
35.763146 61.00
35.823147 61.00
35.883147 61.00
35.960021 61.00
36.025147 62.00
36.078397 62.00
36.148773 61.00
36.212274 61.00
36.271898 61.00
36.335399 62.00
36.405775 62.00
36.460775 62.00
36.515776 62.00
36.574152 62.00
36.627401 62.00
36.697777 62.00
36.743278 62.00
36.793903 62.00
36.857404 61.00
36.931154 61.00
36.984404 62.00
37.058156 62.00
37.111405 62.00
37.185157 62.00
37.238407 62.00
37.312157 62.00
37.365407 61.00
37.439159 61.00
37.492409 62.00
37.566159 62.00
37.619409 62.00
37.693160 62.00
37.746411 62.00
37.820161 62.00
37.873412 62.00
37.947162 62.00
38.000412 62.00
38.074164 61.00
38.129164 61.00
38.182415 61.00
38.256165 62.00
38.311165 62.00
38.364416 62.00
38.438166 62.00
38.493043 62.00
38.551417 62.00
38.625168 61.00
38.680044 61.00
38.738418 62.00
38.812169 62.00
38.870544 61.00
38.930670 61.00
38.985670 62.00
39.040670 62.00
39.095672 62.00
39.141171 62.00
39.196049 62.00
39.249298 62.00
39.319673 62.00
39.365174 62.00
39.423550 62.00
39.487050 62.00
39.540300 62.00
39.610675 62.00
39.656176 62.00
39.706802 62.00
39.770301 62.00
39.844054 61.00
39.897303 61.00
39.971055 62.00
40.024304 62.00
40.098056 62.00
40.151305 62.00
40.225057 62.00
40.278306 62.00
40.352058 61.00
40.405308 61.00
40.479058 62.00
40.532308 62.00
40.606059 62.00
40.659308 62.00
40.733060 61.00
40.786310 61.00
40.860062 62.00
40.913311 62.00
40.987063 62.00
41.040312 62.00
41.114064 62.00
41.167313 62.00
41.241065 61.00
41.295939 61.00
41.355939 62.00
41.415939 62.00
41.475941 61.00
41.535941 61.00
41.595941 62.00
41.655942 62.00
41.715942 62.00
41.769192 62.00
41.839569 61.00
41.894569 61.00
41.949569 61.00
42.004071 61.00
42.058945 62.00
42.112195 62.00
42.182571 62.00
42.228073 62.00
42.286447 62.00
42.346572 62.00
42.392074 62.00
42.442698 61.00
42.506199 61.00
42.579949 62.00
42.633200 62.00
42.706950 62.00
42.760201 62.00
42.833951 62.00
42.887202 62.00
42.960952 62.00
43.014203 62.00
43.087953 62.00
43.141204 62.00
43.214954 61.00
43.268205 61.00
43.341955 62.00
43.395206 62.00
43.468956 61.00
43.522207 61.00
43.595957 62.00
43.649209 62.00
43.722958 61.00
43.777959 61.00
43.831209 62.00
43.904960 62.00
43.959960 62.00
44.014836 62.00
44.074836 62.00
44.134837 62.00
44.194837 61.00
44.254837 61.00
44.314838 62.00
44.378339 62.00
44.446965 62.00
44.501840 62.00
44.555091 62.00
44.625466 62.00
44.679967 61.00
44.734842 61.00
44.788093 61.00
44.858468 62.00
44.903968 62.00
44.954593 62.00
45.018095 62.00
45.088469 62.00
45.133970 62.00
45.192346 62.00
45.255846 62.00
45.309098 62.00
45.379472 62.00
45.424972 61.00
45.475598 61.00
45.539100 61.00
45.612849 62.00
45.666100 61.00
45.739849 61.00
45.793102 62.00
45.866850 62.00
45.920103 62.00
45.993852 62.00
46.047104 61.00
46.120852 61.00
46.174104 62.00
46.247853 62.00
46.301106 62.00
46.369855 62.00
46.423107 62.00
46.496856 62.00
46.550108 62.00
46.623856 62.00
46.678857 61.00
46.733858 61.00
46.787110 62.00
46.860859 62.00
46.915734 62.00
46.974111 62.00
47.047860 62.00
47.102735 62.00
47.162736 62.00
47.222737 62.00
47.282737 62.00
47.337737 62.00
47.397738 62.00
47.457738 62.00
47.512739 62.00
47.565990 62.00
47.635168 62.00
47.699639 62.00
47.758743 62.00
47.817634 62.00
47.876636 62.00
47.937388 62.00
47.993870 62.00
48.057994 62.00
48.121995 62.00
48.185995 62.00
48.255391 62.00
48.319747 62.00
48.378747 62.00
48.437639 62.00
48.496757 62.00
48.566001 62.00
48.630126 62.00
48.688874 62.00
48.758000 62.00
48.818759 62.00
48.879630 62.00
48.939878 62.00
49.009159 62.00
49.068003 62.00
49.134302 62.00
49.189757 61.00
49.248757 61.00
49.309004 62.00
49.373351 62.00
49.430316 61.00
49.487169 61.00
49.538882 62.00
49.603162 62.00
49.662165 62.00
49.721161 62.00
49.780008 62.00
49.840008 62.00
49.904159 61.00
49.958149 61.00
50.012533 61.00
50.065298 62.00
50.115013 62.00
50.173887 62.00
50.234292 62.00
50.281766 62.00
50.345890 62.00
50.406291 62.00
50.451889 62.00
50.512293 62.00
50.558144 62.00
50.611892 62.00
50.672309 62.00
50.737409 62.00
50.801017 62.00
50.860320 62.00
50.929413 61.00
50.993535 61.00
51.057534 62.00
51.115894 62.00
51.175651 62.00
51.239898 62.00
51.308897 62.00
51.372771 62.00
51.437152 62.00
51.501541 62.00
51.565539 62.00
51.634426 62.00
51.687899 62.00
51.747153 62.00
51.800902 61.00
51.864776 61.00
51.933651 62.00
51.986901 62.00
52.045905 62.00
52.109904 62.00
52.173653 62.00
52.232035 62.00
52.301225 62.00
52.358309 62.00
52.424044 62.00
52.483550 62.00
52.553664 62.00
52.613555 62.00
52.673659 61.00
52.733907 61.00
52.803052 62.00
52.872908 62.00
52.932036 62.00
52.987663 62.00
53.044051 62.00
53.098054 62.00
53.162923 62.00
53.233050 62.00
53.297920 62.00
53.368216 62.00
53.433067 62.00
53.492320 62.00
53.550789 62.00
53.610044 62.00
53.668668 61.00
53.723319 61.00
53.781790 62.00
53.850666 62.00
53.910666 62.00
53.961318 62.00
54.030310 61.00
54.088795 61.00
54.157796 62.00
54.226669 62.00
54.290312 62.00
54.343794 62.00
54.407671 62.00
54.476797 62.00
54.550672 62.00
54.624672 62.00
54.698548 62.00
54.757429 62.00
54.817549 62.00
54.870924 62.00
54.929675 62.00
54.994925 62.00
55.053801 62.00
55.117675 62.00
55.186679 62.00
55.255807 62.00
55.329569 62.00
55.384562 62.00
55.435443 62.00
55.499447 62.00
55.563320 62.00
55.637445 62.00
55.692708 62.00
55.738183 62.00
55.798711 62.00
55.846083 62.00
55.911453 62.00
55.964684 62.00
56.038560 61.00
56.109084 61.00
56.154559 62.00
56.219560 62.00
56.293687 62.00
56.357561 62.00
56.431687 62.00
56.505454 62.00
56.558941 62.00
56.622946 62.00
56.683073 62.00
56.737568 62.00
56.801215 62.00
56.869943 62.00
56.934208 62.00
56.997818 62.00
57.056946 62.00
57.111121 62.00
57.169820 61.00
57.228582 61.00
57.302570 62.00
57.377199 62.00
57.440820 62.00
57.509449 62.00
57.562946 62.00
57.616571 62.00
57.690572 62.00
57.759446 61.00
57.814725 61.00
57.883464 62.00
57.936949 62.00
57.990573 62.00
58.057732 62.00
58.116590 62.00
58.186950 62.00
58.240216 62.00
58.298577 62.00
58.357229 62.00
58.415578 62.00
58.474232 62.00
58.527579 62.00
58.596579 62.00
58.660601 62.00
58.721585 62.00
58.780833 62.00
58.839470 62.00
58.891956 62.00
58.946473 62.00
58.998958 62.00
59.064494 62.00
59.125118 62.00
59.185971 62.00
59.235840 62.00
59.295126 62.00
59.354713 62.00
59.408602 61.00
59.477586 61.00
59.546586 62.00
59.615478 62.00
59.671463 62.00
59.727478 62.00
59.796589 62.00
59.865589 62.00
59.934590 62.00
60.003481 62.00
60.072481 62.00
60.141483 62.00
60.210483 62.00
60.279467 62.00
60.348121 62.00
60.419125 62.00
60.472595 62.00
60.536469 61.00
60.605486 62.00
60.674345 62.00
60.727596 62.00
60.796858 62.00
60.857481 62.00
60.907225 62.00
60.967226 62.00
61.027228 62.00
61.087227 62.00
61.147227 62.00
61.207374 62.00
61.264496 61.00
61.338368 61.00
61.396727 62.00
61.456851 62.00
61.511851 62.00
61.570738 62.00
61.625109 62.00
61.680143 62.00
61.744138 62.00
61.794980 62.00
61.853980 62.00
61.917981 62.00
61.977610 62.00
62.032608 62.00
62.087483 62.00
62.151482 62.00
62.215608 62.00
62.270501 62.00
62.340615 62.00
62.409987 61.00
62.464986 61.00
62.529138 62.00
62.592986 62.00
62.656503 61.00
62.720744 62.00
62.784243 62.00
62.837491 62.00
62.911242 62.00
62.964492 62.00
63.038243 62.00
63.101990 62.00
63.166147 62.00
63.230146 62.00
63.299510 62.00
63.358386 62.00
63.422510 62.00
63.481512 62.00
63.540385 62.00
63.614245 62.00
63.669245 62.00
63.727745 62.00
63.781517 62.00
63.840515 62.00
63.899497 62.00
63.963516 62.00
64.022516 62.00
64.081498 62.00
64.141134 62.00
64.200504 62.00
64.259519 62.00
64.318515 62.00
64.377516 62.00
64.436519 62.00
64.495251 62.00
64.550001 62.00
64.608377 62.00
64.682520 62.00
64.741253 62.00
64.792004 62.00
64.857155 62.00
64.913157 62.00
64.977519 62.00
65.032505 62.00
65.091522 62.00
65.146523 62.00
65.201644 62.00
65.255888 62.00
65.323417 62.00
65.382523 62.00
65.446524 62.00
65.510527 62.00
65.569647 62.00
65.628262 61.00
65.697011 61.00
65.765886 62.00
65.829387 62.00
65.903139 62.00
65.972302 62.00
66.036265 62.00
66.099890 62.00
66.160141 62.00
66.227421 62.00
66.293045 62.00
66.352517 62.00
66.405892 62.00
66.459284 62.00
66.524535 62.00
66.588144 62.00
66.648285 62.00
66.698021 62.00
66.758022 62.00
66.811272 62.00
66.879898 62.00
66.945025 62.00
66.998275 62.00
67.068665 62.00
67.118291 62.00
67.182149 62.00
67.251149 62.00
67.320290 62.00
67.389423 62.00
67.439419 62.00
67.494306 62.00
67.549293 62.00
67.623153 62.00
67.675668 62.00
67.741051 62.00
67.800656 62.00
67.855423 62.00
67.919279 62.00
67.993154 62.00
68.062423 62.00
68.137040 62.00
68.202188 62.00
68.271187 62.00
68.345037 62.00
68.398299 62.00
68.467045 62.00
68.520290 62.00
68.594039 62.00
68.647287 62.00
68.721041 62.00
68.774288 62.00
68.848289 62.00
68.922180 62.00
68.996192 62.00
69.064913 62.00
69.125043 62.00
69.199191 62.00
69.258319 62.00
69.333043 62.00
69.407042 62.00
69.461916 62.00
69.525792 62.00
69.589926 62.00
69.656047 62.00
69.725043 62.00
69.785561 62.00
69.847199 62.00
69.911170 62.00
69.980549 62.00
70.034928 62.00
70.104055 62.00
70.169672 62.00
70.228315 62.00
70.288565 62.00
70.338055 62.00
70.407461 62.00
70.461674 62.00
70.525425 62.00
70.585550 62.00
70.631051 62.00
70.681676 62.00
70.745176 62.00
70.818927 62.00
70.872179 62.00
70.945927 62.00
70.999178 62.00
71.072928 62.00
71.126179 62.00
71.195068 62.00
71.245684 62.00
71.309184 62.00
71.382934 62.00
71.436185 62.00
71.509939 62.00
71.579089 62.00
71.643200 62.00
71.712090 62.00
71.779217 62.00
71.839936 62.00
71.909811 62.00
71.978812 62.00
72.042812 62.00
72.101812 62.00
72.170688 62.00
72.245094 62.00
72.309455 62.00
72.373208 62.00
72.442095 62.00
72.506095 62.00
72.575220 62.00
72.634691 62.00
72.703567 62.00
72.772693 62.00
72.836694 62.00
72.890220 62.00
72.954205 62.00
73.019451 62.00
73.073949 62.00
73.124572 62.00
73.188076 62.00
73.261824 62.00
73.315360 61.00
73.386464 61.00
73.451574 62.00
73.515464 62.00
73.569950 62.00
73.644106 62.00
73.713578 62.00
73.772245 62.00
73.840951 62.00
73.909952 62.00
73.979107 62.00
74.042953 62.00
74.107707 62.00
74.161206 62.00
74.230110 62.00
74.298955 62.00
74.368109 62.00
74.437206 62.00
74.496706 62.00
74.561477 62.00
74.625477 62.00
74.685959 62.00
74.755113 62.00
74.829114 62.00
74.898250 62.00
74.952717 62.00
75.017123 62.00
75.081118 62.00
75.155588 62.00
75.221480 62.00
75.281977 62.00
75.342465 62.00
75.406214 62.00
75.469964 62.00
75.530482 62.00
75.594483 62.00
75.658217 62.00
75.716967 62.00
75.777629 62.00
75.841967 62.00
75.906124 62.00
75.970608 62.00
76.024240 62.00
76.077970 62.00
76.141970 62.00
76.206157 62.00
76.275727 62.00
76.339722 62.00
76.392972 62.00
76.452170 62.00
76.515973 62.00
76.580128 62.00
76.638850 62.00
76.708129 62.00
76.766725 62.00
76.825493 62.00
76.889854 62.00
76.958852 62.00
77.027853 62.00
77.091977 62.00
77.156104 62.00
77.219853 62.00
77.283610 62.00
77.341980 62.00
77.405983 62.00
77.466856 62.00
77.535856 62.00
77.599856 62.00
77.668982 62.00
77.729982 62.00
77.790734 62.00
77.859737 62.00
77.916363 62.00
77.981489 62.00
78.045736 62.00
78.102252 62.00
78.152986 62.00
78.207861 62.00
78.277614 62.00
78.334272 62.00
78.394365 62.00
78.459154 62.00
78.513621 62.00
78.577384 62.00
78.636145 62.00
78.690150 62.00
78.748866 62.00
78.808131 62.00
78.862124 62.00
78.916317 62.00
78.980995 62.00
79.034878 62.00
79.098756 62.00
79.154158 62.00
79.213513 62.00
79.269174 62.00
79.333370 62.00
79.393013 62.00
79.462758 62.00
79.522379 62.00
79.591515 62.00
79.655751 62.00
79.719875 62.00
79.783877 62.00