0.000000 0.000000
0.047130 42.78
0.107006 42.78
0.161411 42.78
0.227870 42.78
0.287118 42.22
0.340868 42.22
0.409993 42.22
0.478993 42.22
0.542869 42.22
0.611869 42.22
0.680994 42.22
0.740409 42.22
0.796011 42.22
0.850423 42.22
0.911523 42.22
0.982004 42.22
1.036279 42.22
1.098285 42.22
1.162401 42.22
1.226400 42.22
1.290401 42.22
1.354401 42.22
1.414026 42.22
1.468417 42.22
1.538004 42.22
1.597003 42.22
1.660877 42.22
1.724769 42.22
1.788768 42.22
1.852879 42.22
1.922406 42.22
1.987880 42.22
2.051881 42.22
2.115881 42.22
2.179773 42.22
2.248882 42.22
2.318277 42.22
2.376884 42.22
2.440775 42.22
2.509884 42.22
2.573759 42.22
2.642885 42.22
2.712261 42.22
2.776136 42.22
2.840012 42.22
2.903778 42.22
2.973013 42.22
3.036779 42.22
3.106014 42.22
3.169889 42.22
3.233890 42.22
3.297766 42.22
3.363657 42.22
3.432891 42.22
3.501892 42.22
3.570893 42.22
3.634768 42.22
3.698894 42.22
3.757894 42.22
3.811785 42.22
3.875788 42.22
3.939896 42.22
3.993789 42.22
4.057787 42.22
4.121786 41.67
4.185789 41.67
4.249788 41.67
4.308787 41.67
4.372899 41.67
4.431791 41.67
4.490791 41.67
4.554791 41.67
4.618901 41.67
4.672793 41.67
4.736791 41.67
4.800793 41.67
4.864793 41.67
4.928903 41.67
4.987904 41.67
5.046795 41.67
5.110797 41.67
5.169794 41.67
5.233796 41.67
5.297795 41.67
5.361796 41.67
5.425796 41.67
5.484797 41.67
5.548800 41.67
5.612799 41.67
5.676800 41.67
5.740800 41.67
5.799802 41.67
5.863800 41.67
5.927802 41.67
5.991802 41.67
6.055803 41.67
6.114803 41.67
6.178805 41.67
6.242803 41.67
6.306803 41.67
6.370805 41.67
6.436047 41.67
6.489557 41.67
6.538916 41.67
6.592557 41.67
6.643168 41.67
6.701917 41.67
6.755559 41.67
6.808918 41.67
6.862560 41.67
6.911920 41.67
6.965561 41.67
7.016170 41.67
7.079796 41.67
7.140053 41.67
7.185562 41.67
7.236172 41.67
7.299798 41.67
7.368423 41.67
7.423174 41.67
7.486799 41.67
7.555425 41.67
7.608925 41.67
7.662565 41.67
7.736441 41.67
7.789926 41.67
7.843819 41.67
7.907443 41.67
7.976443 41.67
8.029928 41.67
8.088929 41.67
8.142568 41.67
8.216696 41.67
8.285697 41.67
8.349698 41.67
8.413458 41.67
8.482698 41.67
8.546696 41.67
8.615698 41.67
8.679701 41.67
8.753698 41.67
8.822700 41.67
8.886449 41.67
8.939936 41.67
8.996952 41.67
9.046702 41.67
9.110701 41.67
9.179703 41.67
9.243454 41.67
9.299954 41.67
9.349580 41.67
9.418453 41.67
9.470955 41.67
9.520707 41.67
9.589456 41.67
9.648457 41.67
9.704335 41.67
9.760319 41.67
9.816319 41.67
9.868945 41.67
9.914582 41.67
9.983457 41.67
10.039324 41.67
10.108462 41.67
10.182322 41.67
10.238323 41.67
10.294323 41.67
10.350323 41.67
10.406324 41.67
10.471465 41.67
10.545326 41.67
10.610326 41.67
10.679466 41.67
10.753329 41.67
10.822715 41.67
10.886330 41.67
10.960328 41.67
11.034468 41.67
11.108329 41.67
11.172471 41.67
11.246331 41.67
11.310332 41.67
11.384360 41.67
11.458348 41.67
11.527332 41.67
11.601333 41.67
11.665333 41.67
11.729333 41.67
11.793334 41.67
11.857335 41.67
11.921335 41.67
11.985339 41.67
12.049336 41.67
12.113337 41.67
12.177337 41.67
12.241338 41.67
12.305367 41.67
12.360479 41.67
12.424365 41.67
12.479480 41.67
12.543366 41.67
12.598480 41.67
12.662369 41.67
12.726367 41.67
12.790371 41.67
12.854368 41.67
12.918369 41.67
12.982370 41.67
13.046371 41.67
13.110372 41.67
13.179845 41.67
13.243970 41.67
13.307859 41.67
13.371863 41.67
13.435860 41.67
13.499847 41.67
13.565738 41.67
13.624365 41.67
13.688223 41.67
13.762225 41.67
13.815475 41.67
13.889225 41.67
13.942490 41.67
14.006352 41.67
14.075742 41.67
14.141355 41.67
14.215228 41.67
14.270228 41.67
14.325228 41.67
14.378746 41.67
14.430105 41.67
14.485105 41.67
14.540106 41.67
14.593356 41.67
14.658760 41.67
14.717232 41.67
14.786233 41.67
14.841108 41.67
14.899622 41.67
14.963242 41.67
15.016625 41.67
15.080241 41.67
15.134860 41.67
15.193361 41.67
15.262245 41.67
15.311628 41.67
15.370245 41.67
15.420863 41.67
15.484630 41.67
15.543113 41.67
15.601629 41.67
15.665390 41.67
15.720243 41.67
15.784244 41.67
15.856866 41.67
15.920758 41.67
15.984758 41.67
16.044993 41.67
16.103760 41.67
16.167758 41.67
16.245249 41.67
16.304257 41.67
16.368249 41.67
16.427256 41.67
16.491257 41.67
16.574256 41.67
16.638257 41.67
16.710765 41.67
16.774766 41.67
16.838764 41.67
16.902764 41.67
16.973526 41.67
17.027401 41.67
17.081403 41.67
17.145256 41.67
17.209275 41.67
17.273275 41.67
17.332128 41.67
17.391128 41.67
17.444520 41.67
17.498129 41.67
17.562130 41.67
17.620769 41.67
17.684772 41.67
17.748771 41.67
17.812770 41.67
17.872774 41.67
17.936773 41.67
17.992883 41.67
18.058260 41.67
18.113135 41.67
18.163759 41.67
18.223761 41.67
18.298263 41.67
18.353137 41.67
18.418266 41.67
18.472264 41.67
18.541780 41.67
18.605889 41.67
18.664777 41.67
18.728639 41.67
18.792640 41.67
18.856531 41.67
18.915270 41.67
18.979294 41.67
19.043269 41.67
19.102142 41.67
19.161768 41.67
19.236269 41.67
19.295144 41.67
19.360421 41.67
19.414145 41.67
19.479422 41.67
19.543271 41.67
19.612787 41.67
19.668147 41.67
19.732022 41.67
19.796023 41.67
19.856422 41.67
19.915024 41.67
19.985650 41.67
20.049150 41.67
20.114276 41.67
20.173026 41.67
20.226542 41.67
20.276542 41.67
20.338528 41.67
20.392152 41.67
20.456153 41.67
20.515154 41.67
20.574154 41.67
20.643029 41.67
20.696547 41.67
20.765429 41.67
20.824031 41.67
20.894533 41.67
20.940158 41.67
21.014033 41.67
21.088034 41.67
21.138800 41.67
21.197424 41.67
21.256034 41.67
21.306801 41.67
21.360160 41.67
21.430537 41.67
21.476161 41.67
21.546538 41.67
21.592162 41.67
21.666038 41.67
21.729553 41.67
21.798163 41.67
21.871915 41.67
21.945915 41.67
22.019915 41.67
22.094041 41.67
22.167917 41.67
22.241918 41.67
22.315917 41.67
22.379560 41.67
22.449919 41.67
22.515312 41.67
22.574045 41.67
22.647921 41.67
22.713297 41.67
22.772046 41.67
22.837298 41.67
22.896048 41.67
22.961173 41.67
23.034924 41.67
23.109050 41.67
23.182925 41.67
23.257051 41.67
23.322427 41.67
23.375927 41.67
23.439928 41.67
23.503927 41.67
23.572928 41.67
23.643429 41.67
23.707179 41.67
23.772456 41.67
23.818054 41.67
23.891806 41.67
23.947806 41.67
23.998572 41.67
24.067308 41.67
24.112933 41.67
24.187058 41.67
24.261059 41.67
24.334934 41.67
24.403934 41.67
24.467935 41.67
24.531935 41.67
24.605937 41.67
24.679937 41.67
24.749063 41.67
24.822938 41.67
24.891938 41.67
24.961064 41.67
25.034939 41.67
25.108941 41.67
25.172941 41.67
25.241941 41.67
25.316067 41.67
25.379943 41.67
25.443943 41.67
25.518194 41.67
25.576944 41.67
25.645944 41.67
25.709945 41.67
25.778946 41.67
25.852946 41.67
25.927072 41.67
26.000947 41.67
26.074948 41.67
26.130073 41.67
26.190341 41.67
26.249074 41.67
26.307825 41.67
26.373343 41.11
26.431951 41.11
26.500951 41.67
26.569952 41.67
26.625077 41.67
26.683828 41.67
26.753079 41.11
26.813332 41.67
26.878843 41.11
26.947845 41.67
27.013333 41.67
27.071956 41.11
27.135848 41.67
27.199832 41.67
27.263833 41.67
27.332849 41.11
27.401848 41.11
27.465835 41.11
27.534851 41.67
27.603851 41.11
27.667962 41.11
27.731961 41.11
27.795852 41.67
27.864853 41.11
27.933854 41.11
27.997839 41.11
28.066853 41.11
28.135856 41.11
28.201840 41.67
28.265841 41.11
28.329841 41.11
28.398858 41.11
28.462856 41.67
28.526843 41.11
28.595857 41.11
28.659844 41.11
28.729094 41.11
28.787735 41.11
28.842596 41.11
28.902596 41.11
28.955846 41.11
29.024859 41.67
29.088847 41.11
29.152863 41.11
29.216973 41.11
29.270866 41.11
29.334975 41.11
29.393863 41.11
29.452741 41.11
29.521976 41.11
29.580868 41.11
29.644869 41.11
29.708743 41.11
29.777853 41.11
29.846870 41.11
29.915869 41.11
29.984869 41.11
30.053871 41.11
30.117744 41.11
30.186747 41.11
30.258748 41.67
30.327748 41.11
30.399750 41.11
30.468747 41.11
30.540859 41.11
30.609876 41.11
30.678876 41.11
30.742751 41.11
30.811752 41.11
30.883751 41.11
30.952754 41.11
31.021754 41.11
31.099246 41.11
31.168245 41.11
31.242115 41.11
31.312515 41.11
31.367516 41.11
31.426116 41.11
31.479123 41.11
31.529992 41.11
31.593993 41.11
31.662518 41.11
31.717248 41.11
31.773248 41.11
31.832119 41.11
31.904759 41.11
31.968762 41.11
32.032763 41.11
32.096762 41.11
32.165764 41.11
32.229763 41.11
32.300126 41.11
32.345765 41.11
32.409765 41.11
32.473765 41.11
32.537765 41.11
32.601767 41.11
32.660768 41.11
32.724766 41.11
32.788766 41.11
32.852768 41.11
32.916769 41.11
32.994255 41.11
33.053129 41.11
33.117130 41.11
33.186130 41.11
33.250130 41.11
33.319132 41.11
33.383132 41.11
33.451773 41.11
33.515773 41.11
33.579773 41.11
33.643774 41.11
33.717775 41.11
33.781775 41.11
33.845636 41.11
33.914635 41.11
33.983636 41.11
34.057653 41.11
34.122903 41.11
34.191545 41.11
34.242139 41.11
34.306139 41.11
34.370139 41.11
34.430140 41.11
34.494141 41.11
34.552891 41.11
34.606781 41.11
34.670674 41.11
34.725657 41.11
34.789660 41.11
34.853658 41.11
34.917658 41.11
34.988044 41.11
35.033785 41.11
35.092662 41.11
35.156662 41.11
35.220538 41.11
35.280147 41.11
35.339022 41.11
35.403023 41.11
35.467023 41.11
35.531024 41.11
35.595025 41.11
35.663775 41.11
35.732426 41.11
35.786026 41.11
35.854776 41.11
35.923427 41.11
35.978153 41.11
36.036902 41.11
36.090795 41.11
36.154429 41.11
36.223430 41.11
36.276905 41.11
36.336155 41.11
36.394906 41.11
36.455548 41.11
36.520907 41.11
36.574549 41.11
36.639783 41.11
36.708408 41.11
36.761909 41.11
36.822159 41.11
36.882434 41.11
36.946676 41.11
37.015550 41.11
37.089411 41.11
37.145941 41.11
37.191679 41.11
37.265413 41.11
37.317941 41.11
37.363679 41.11
37.427164 41.11
37.480790 41.11
37.534415 41.11
37.586943 41.11
37.632682 41.11
37.697942 41.11
37.743680 41.11
37.803944 41.11
37.849683 41.11
37.909944 41.11
37.955684 41.11
38.024318 41.11
38.080321 41.11
38.136322 41.11
38.210320 41.11
38.280949 41.11
38.339685 41.11
38.408421 41.11
38.464298 41.11
38.520298 41.11
38.594302 41.11
38.663299 41.11
38.737324 41.11
38.811304 41.11
38.885302 41.11
38.959444 41.11
39.033303 41.11
39.097442 41.11
39.171305 41.11
39.240443 41.11
39.309445 41.11
39.378444 41.11
39.442307 41.11
39.506444 41.11
39.575335 41.11
39.649308 41.11
39.713448 41.11
39.787309 41.11
39.856310 41.11
39.920337 41.11
39.984327 41.11
40.048310 41.11
40.107312 41.11
40.171312 41.11
40.235313 41.11
40.299313 41.11
40.363340 41.11
40.418452 41.11
40.482315 41.11
40.546453 41.11
40.610317 41.11
40.674317 41.11
40.738317 41.11
40.802317 41.11
40.866318 41.11
40.930345 41.11
40.985318 41.11
41.049320 41.11
41.113458 41.11
41.177324 41.11
41.241321 41.11
41.305322 41.11
41.369323 41.11
41.433323 41.11
41.497323 41.11
41.552323 41.11
41.616339 41.11
41.685838 41.11
41.749949 41.11
41.813838 41.11
41.877839 41.11
41.941826 41.11
42.005841 41.11
42.069826 41.11
42.133843 41.11
42.197952 41.11
42.256843 41.11
42.320843 41.11
42.384845 41.11
42.459331 41.11
42.523330 41.11
42.587331 41.11
42.651332 41.11
42.715332 41.11
42.779333 41.11
42.843336 41.11
42.902334 41.11
42.966335 41.11
43.025335 41.11
43.084210 41.11
43.148209 41.11
43.206849 41.11
43.270852 41.11
43.334852 41.11
43.398853 41.11
43.462852 41.11
43.532213 41.11
43.581602 41.11
43.631214 41.11
43.681839 41.11
43.745729 41.11
43.814966 41.11
43.873856 41.11
43.937857 41.11
44.001859 41.11
44.071218 41.11
44.121843 41.11
44.185968 41.11
44.244858 41.11
44.310618 41.11
44.364220 41.11
44.414845 41.11
44.473861 41.11
44.537846 41.11
44.601860 41.11
44.681348 41.11
44.745349 41.11
44.809097 41.11
44.862349 41.11
44.936098 41.11
44.991099 41.11
45.044350 41.11
45.118100 41.11
45.171352 41.11
45.245101 41.11
45.300101 41.11
45.353353 41.11
45.427102 41.11
45.481978 41.11
45.553729 41.11
45.623979 41.11
45.683979 41.11
45.743980 41.11
45.803980 41.11
45.875732 41.11
45.949482 41.11
46.009608 41.11
46.064107 41.11
46.113483 41.11
46.173610 41.11
46.228611 41.11
46.283611 41.11
46.338110 41.11
46.396486 41.11
46.456613 41.11
46.502111 41.11
46.551487 41.11
46.614987 41.11
46.668244 41.11
46.738614 41.11
46.784113 41.11
46.834739 41.11
46.898243 41.11
46.971990 41.11
47.025244 41.11
47.098991 41.11
47.152246 41.11
47.225992 41.11
47.279247 41.11
47.352992 41.11
47.406249 41.11
47.479994 41.11
47.533252 41.11
47.606995 41.11
47.660250 41.11
47.733997 41.11
47.792763 41.11
47.848123 41.11
47.913399 41.11
47.971999 41.11
48.042651 41.11
48.111765 41.11
48.170401 41.11
48.229001 41.11
48.299549 41.11
48.360542 41.11
48.430129 41.11
48.494128 41.67
48.563129 41.67
48.627793 41.67
48.692134 41.67
48.747278 41.67
48.806263 41.67
48.870131 41.67
48.935886 41.67
48.994523 41.67
49.058650 41.67
49.129133 41.67
49.184139 41.67
49.253777 41.67
49.314136 41.67
49.383652 41.67
49.449136 41.67
49.519285 41.67
49.580430 41.67
49.635657 41.67
49.706296 41.67
49.756139 41.67
49.821144 41.67
49.873018 42.22
49.932643 42.22
49.996142 42.22
50.065152 42.22
50.130146 42.22
50.194786 42.22
50.264312 42.22
50.324894 42.22
50.389671 42.22
50.454668 42.22
50.519146 42.22
50.579895 42.22
50.643793 42.22
50.708149 42.22
50.767148 42.22
50.827897 42.22
50.897023 42.22
50.956152 42.22
51.015151 42.22
51.074150 42.22
51.128149 42.22
51.182150 42.22
51.241675 42.22
51.306669 42.22
51.376152 42.22
51.440669 42.22
51.505028 42.22
51.569672 42.22
51.628436 42.78
51.698154 42.22
51.761904 42.78
51.826160 42.78
51.880158 42.78
51.939032 42.78
52.008436 42.78
52.082907 42.78
52.142322 42.78
52.206410 42.78
52.265159 42.78
52.329034 42.78
52.393324 42.78
52.443685 42.78
52.504915 42.78
52.564163 42.78
52.623036 42.78
52.692037 42.78
52.751167 42.78
52.812303 42.78
52.877169 42.78
52.931685 42.78
53.001677 42.78
53.060415 42.78
53.129555 42.78
53.195920 42.78
53.255707 42.78
53.322465 43.33
53.382050 43.33
53.435921 42.78
53.505049 43.33
53.573919 43.33
53.647797 43.33
53.716921 43.33
53.785795 43.33
53.855172 43.33
53.919422 43.33
53.983047 43.33
54.051801 43.33
54.110423 43.33
54.174329 43.33
54.238049 43.33
54.296925 43.33
54.360801 43.33
54.426304 43.33
54.484926 43.33
54.539801 43.33
54.608927 43.33
54.669330 43.33
54.733806 43.33
54.798057 43.33
54.851805 43.33
54.916059 43.33
54.980437 43.33
55.041341 43.33
55.111063 43.33
55.165308 43.33
55.224058 43.33
55.287811 43.33
55.347934 43.33
55.411934 43.33
55.475934 43.33
55.540059 43.33
55.603935 43.33
55.667935 43.33
55.732061 43.33
55.795937 43.33
55.864937 43.33
55.933938 43.33
56.003341 43.33
56.083078 43.33
56.142064 43.33
56.205815 43.33
56.274941 43.33
56.338816 43.33
56.412945 43.33
56.481692 43.33
56.534945 43.33
56.598818 43.33
56.667819 43.33
56.736944 43.33
56.810944 43.33
56.874821 43.33
56.943699 43.33
57.012947 43.33
57.067822 43.33
57.128203 43.33
57.173824 43.33
57.237949 43.33
57.296949 43.33
57.352229 43.33
57.410825 43.33
57.471204 43.89
57.530201 43.89
57.594505 43.89
57.658707 43.89
57.719240 43.89
57.764828 43.89
57.823831 43.89
57.892830 43.89
57.953212 43.33
58.012079 43.33
58.070705 43.33
58.139596 43.33
58.198358 43.33
58.257357 43.33
58.316334 43.33
58.380362 43.33
58.439208 43.33
58.497833 43.33
58.561727 43.33
58.625210 43.33
58.683835 43.33
58.743489 43.33
58.802840 43.33
58.866837 43.33
58.935837 42.78
58.999587 43.33
59.052963 42.78
59.111839 42.78
59.175731 42.78
59.249841 42.78
59.313965 42.78
59.372841 42.78
59.436731 42.78
59.500734 42.78
59.565842 42.78
59.634718 42.78
59.703982 42.78
59.765124 42.78
59.828594 42.78
59.883488 42.78
59.938488 42.78
59.996970 42.78
60.052124 42.78
60.097852 42.78
60.151741 42.78
60.217129 42.78
60.262737 42.78
60.323129 42.78
60.368616 42.78
60.419223 42.78
60.488100 42.78
60.556725 42.78
60.625618 42.78
60.685226 42.78
60.743726 42.78
60.804134 42.78
60.864103 42.78
60.922728 42.78
60.991478 42.78
61.044728 42.78
61.118479 42.78
61.171730 42.78
61.235748 42.78
61.304481 42.78
61.357731 42.78
61.426482 42.78
61.479732 42.78
61.553483 42.78
61.606732 42.78
61.680484 42.78
61.733734 42.78
61.807485 42.78
61.862486 42.78
61.917612 42.78
61.982863 42.78
62.051488 42.78
62.104987 42.78
62.166866 42.78
62.235488 42.78
62.290514 42.78
62.359491 42.78
62.414366 42.78
62.474365 42.78
62.534365 42.78
62.594366 42.78
62.658501 42.78
62.709123 42.78
62.772621 42.78
62.841249 42.78
62.899620 42.78
62.970001 42.78
63.023749 42.78
63.082497 42.78
63.133121 42.78
63.191871 42.78
63.247024 42.78
63.292514 42.78
63.366761 42.78
63.421131 42.78
63.490502 42.78
63.559500 42.78
63.610125 42.78
63.678875 42.78
63.732756 42.78
63.791522 42.78
63.860520 42.78
63.924127 42.78
63.982753 42.78
64.051406 42.78
64.121279 42.78
64.185407 42.78
64.259396 42.78
64.312880 42.78
64.371410 42.78
64.424881 42.78
64.480139 42.78
64.554405 42.78
64.619760 42.78
64.688508 42.78
64.757649 42.78
64.821772 42.78
64.876283 42.78
64.945408 42.78
65.009654 42.78
65.078655 42.78
65.142387 42.78
65.197263 42.78
65.261654 42.78
65.325655 42.78
65.394654 42.78
65.458529 42.78
65.527390 42.78
65.579938 42.78
65.643766 42.78
65.702391 42.78
65.753017 42.78
65.811642 42.78
65.880393 42.78
65.931021 42.78
65.994520 42.78
66.064896 42.78
66.110394 42.78
66.161019 42.78
66.224520 42.78
66.298274 42.78
66.351522 42.78
66.425273 42.78
66.478522 42.78
66.548899 42.78
66.594665 42.78
66.653422 42.78
66.717401 42.78
66.786306 42.78
66.837024 42.78
66.900526 42.78
66.969306 42.78
67.034038 42.78
67.103907 42.78
67.173673 42.78
67.242308 42.78
67.306430 42.78
67.365423 42.78
67.430159 42.78
67.489675 42.78
67.558282 42.22
67.611782 42.78
67.665436 42.78
67.739310 42.78
67.800321 42.78
67.864317 42.78
67.933314 42.78
68.007301 42.78
68.060786 42.78
68.111037 42.78
68.176162 42.78
68.236167 42.22
68.289416 42.78
68.358041 42.78
68.416416 42.22
68.490317 42.78
68.554318 42.78
68.606819 42.78
68.652416 42.78
68.716320 42.78
68.785320 42.78
68.844332 42.78
68.908325 42.22
68.977168 42.78
69.037796 42.78
69.083419 42.78
69.152323 42.78
69.216322 42.78
69.285326 42.78
69.349324 42.22
69.413324 42.78
69.477315 42.78
69.541327 42.78
69.601058 42.78
69.665927 42.78
69.736174 42.78
69.789423 42.78
69.863174 42.78
69.921675 42.78
69.975301 42.78
70.049302 42.78
70.123332 42.78
70.192332 42.78
70.261330 42.78
70.325178 42.78
70.389344 42.22
70.453334 42.78
70.522179 42.78
70.580681 42.78
70.646180 42.22
70.701056 42.22
70.756062 42.78
70.820310 42.78
70.880433 42.22
70.954183 42.78
71.012702 42.78
71.081310 42.22
71.150184 42.78
71.205060 42.78
71.265060 42.78
71.318312 42.78
71.388688 42.78
71.439313 42.22
71.509688 42.78
71.555188 42.78
71.620690 42.78
71.675189 42.78
71.725814 42.22
71.789324 42.78
71.849692 42.78
71.895190 42.78
71.945816 42.78
72.009318 42.22
72.083067 42.22
72.136319 42.78
72.210067 42.78
72.263319 42.78
72.337069 42.22
72.390321 42.78
72.454069 42.78
72.507322 42.78
72.581454 42.78
72.650077 42.22
72.703328 42.78
72.777075 42.22
72.830327 42.78
72.904078 42.22
72.973201 42.78
73.037356 42.78
73.101201 42.78
73.160201 42.78
73.219201 42.78
73.278355 42.78
73.337834 42.78
73.407206 42.78
73.466331 42.78
73.525204 42.78
73.589205 42.78
73.648205 42.78
73.708956 42.78
73.762706 42.78
73.821724 42.78
73.880726 42.78
73.956612 42.78
74.006208 42.78
74.071211 42.78
74.135084 42.78
74.205613 42.78
74.265586 42.78
74.334211 42.78
74.399616 42.78
74.454742 42.78
74.524214 42.78
74.588213 42.78
74.652213 42.78
74.716214 42.22
74.775214 42.78
74.841619 42.78
74.907970 42.22
74.972218 42.78
75.036217 42.78
75.095091 42.22
75.159217 42.78
75.218219 42.78
75.291967 42.22
75.345220 42.78
75.419097 42.78
75.488227 42.78
75.552220 42.22
75.616221 42.78
75.690221 42.22
75.758972 42.78
75.833098 42.22
75.898349 42.78
75.959104 42.78
76.018225 42.78
76.087106 42.78
76.151225 42.22
76.214975 42.78
76.273505 42.78
76.342101 42.78
76.407227 42.78
76.470742 42.78
76.529103 42.78
76.597745 42.22
76.661354 42.78
76.721480 42.22
76.776855 42.78
76.835356 42.78
76.890510 42.78
76.943981 42.78
77.018248 42.78
77.068109 42.78
77.138525 42.22
77.193502 42.78
77.263116 42.22
77.318243 42.22
77.381985 42.22
77.446986 42.78
77.511986 42.78
77.567862 42.22
77.632991 42.78
77.702118 42.22
77.765866 42.22
77.824517 42.78
77.900994 42.22
77.965257 42.78
78.029525 42.22
78.099117 42.78
78.162993 42.78
78.227118 42.78
78.297868 42.22
78.361493 42.22
78.431868 42.22
78.497249 42.78
78.555995 42.78
78.624870 42.22
78.698870 42.22
78.752622 42.22
78.812997 42.22
78.877632 42.22
78.941515 42.22
79.005387 42.22
79.075874 42.22
79.134527 42.78
79.204875 42.22
79.279000 42.78
79.337751 42.22
79.391126 42.22
79.465005 42.22
79.525412 42.22
79.575269 42.22
79.625517 42.78
79.695128 42.78
79.760386 42.22
79.815456 42.78
79.869006 42.22
79.933275 42.78
79.992286 42.78
80.052680 42.22
80.114384 42.78
80.173258 42.78
80.232015 42.78
80.295885 42.22
80.369884 42.22
80.439134 42.22
80.503011 42.22
80.576886 42.78
80.651281 42.78
80.707012 42.22
80.776660 42.22
80.835302 42.22
80.894638 42.22
80.958655 42.78
81.023018 42.22
