0.000000 0.000000
0.090690 0.88
0.150492 0.87
0.208863 0.86
0.261236 0.87
0.311862 0.87
0.375362 0.87
0.438862 0.87
0.491236 0.87
0.541864 0.88
0.605366 0.88
0.663862 0.87
0.733635 0.87
0.793523 0.87
0.855124 0.87
0.911509 0.88
0.971413 0.87
1.041244 0.87
1.100520 0.88
1.164394 0.88
1.228519 0.86
1.292394 0.88
1.356395 0.87
1.421565 0.79
1.483125 0.79
1.542403 0.79
1.606996 0.78
1.665996 0.79
1.729997 0.79
1.794122 0.78
1.858122 0.79
1.922123 0.79
1.981123 0.79
2.044999 0.79
2.108999 0.79
2.173399 0.79
2.237389 0.79
2.301377 0.79
2.365527 0.79
2.419002 0.79
2.478001 0.79
2.542127 0.79
2.601003 0.79
2.656128 0.79
2.706757 0.78
2.766757 0.80
2.825254 0.78
2.888754 0.78
2.941129 0.79
2.990505 0.79
3.043755 0.79
3.096130 0.79
3.146757 0.78
3.210256 0.78
3.273757 0.79
3.337257 0.80
3.400758 0.79
3.464258 0.79
3.527759 0.79
3.591259 0.79
3.654759 0.80
3.718260 0.80
3.781761 0.78
3.845262 0.79
3.908762 0.79
3.972262 0.79
4.035762 0.78
4.099263 0.79
4.162763 0.78
4.226263 0.79
4.289765 0.79
4.353264 0.79
4.416766 0.79
4.480265 0.79
4.543766 0.78
4.607267 0.79
4.662267 0.79
4.725767 0.80
4.789268 0.79
4.849268 0.78
4.909269 0.79
4.969269 0.78
5.032770 0.78
5.096270 0.79
5.156270 0.78
5.228272 0.79
5.286911 0.79
5.350787 0.78
5.414400 0.78
5.478274 0.79
5.536916 0.79
5.605791 0.79
5.665424 0.79
5.734151 0.79
5.797917 0.79
5.866917 0.79
5.935919 0.78
5.991653 0.79
6.050279 0.79
6.108918 0.79
6.165029 0.79
6.215655 0.79
6.274279 0.79
6.332921 0.79
6.401557 0.80
6.470156 0.79
6.533920 0.78
6.602558 0.79
6.666294 0.79
6.731560 0.79
6.786925 0.78
6.855925 0.79
6.924926 0.79
7.002290 0.78
7.067562 0.79
7.126161 0.79
7.181294 0.79
7.246562 0.79
7.315804 0.78
7.384804 0.79
7.453565 0.78
7.524164 0.78
7.582805 0.79
7.641298 0.79
7.710040 0.78
7.773567 0.78
7.839041 0.79
7.902565 0.79
7.968042 0.78
8.031809 0.78
8.100569 0.79
8.160668 0.79
8.220297 0.78
8.273544 0.79
8.325919 0.79
8.376548 0.79
8.440045 0.78
8.503545 0.79
8.555921 0.79
8.605298 0.79
8.658546 0.79
8.710922 0.78
8.761549 0.79
8.825047 0.79
8.888548 0.78
8.952048 0.79
9.015550 0.78
9.079049 0.79
9.142550 0.78
9.206051 0.79
9.269551 0.79
9.333052 0.79
9.396552 0.79
9.460053 0.79
9.523553 0.78
9.587053 0.79
9.650554 0.78
9.714054 0.78
9.777555 0.79
9.841055 0.78
9.896055 0.79
9.959557 0.79
10.023056 0.79
10.086558 0.79
10.150057 0.79
10.213558 0.79
10.277058 0.79
10.332059 0.79
10.392059 0.79
10.455560 0.79
10.519061 0.79
10.579060 0.79
10.639061 0.80
10.699062 0.79
10.759062 0.79
10.822563 0.80
10.886063 0.79
10.940938 0.78
11.004439 0.79
11.060690 0.79
11.119064 0.79
11.177441 0.79
11.237566 0.78
11.292566 0.79
11.350941 0.79
11.414442 0.79
11.470692 0.79
11.526444 0.79
11.589943 0.79
11.653444 0.78
11.716943 0.79
11.780445 0.79
11.843945 0.78
11.907446 0.79
11.970946 0.79
12.034446 0.78
12.097947 0.79
12.161447 0.79
12.224948 0.79
12.288448 0.79
12.351949 0.79
12.415449 0.79
12.478950 0.80
12.542450 0.78
12.605950 0.79
12.669452 0.79
12.732951 0.79
12.796452 0.78
12.859952 0.79
12.923453 0.79
12.986953 0.79
13.041954 0.78
13.096954 0.79
13.151955 0.79
13.211955 0.79
13.271955 0.79
13.331956 0.78
13.391957 0.78
13.451956 0.79
13.511957 0.78
13.571958 0.79
13.631958 0.79
13.691959 0.79
13.755459 0.79
13.818960 0.79
13.882460 0.79
13.937460 0.79
13.988586 0.78
14.043086 0.79
14.096338 0.78
14.148712 0.79
14.198087 0.79
14.251340 0.78
14.303714 0.79
14.353088 0.79
14.406340 0.79
14.458715 0.79
14.509341 0.79
14.572840 0.78
14.636342 0.79
14.699841 0.78
14.763343 0.80
14.815717 0.79
14.866344 0.79
14.929843 0.79
14.993345 0.79
15.056844 0.79
15.120346 0.78
15.183844 0.79
15.247347 0.79
15.310845 0.79
15.374348 0.79
15.437846 0.79
15.501348 0.79
15.564847 0.78
15.628473 0.79
15.686848 0.79
15.750350 0.79
15.813849 0.78
15.877351 0.79
15.940850 0.79
15.995850 0.79
16.059353 0.79
16.122852 0.79
16.186354 0.79
16.249852 0.79
16.309853 0.79
16.369854 0.79
16.429979 0.79
16.484855 0.79
16.544855 0.79
16.599855 0.79
16.659855 0.79
16.714731 0.79
16.778231 0.79
16.830607 0.79
16.881233 0.78
16.944733 0.79
17.008234 0.78
17.060609 0.79
17.109984 0.79
17.163361 0.79
17.214485 0.79
17.270236 0.79
17.333736 0.79
17.397236 0.79
17.460861 0.79
17.519237 0.78
17.571613 0.79
17.622239 0.79
17.685739 0.78
17.749238 0.79
17.812739 0.79
17.876240 0.78
17.939741 0.78
18.003241 0.79
18.066741 0.79
18.130241 0.79
18.193742 0.79
18.257242 0.79
18.320743 0.79
18.384243 0.79
18.447869 0.79
18.513119 0.78
18.581745 0.79
18.645246 0.80
18.708746 0.79
18.772246 0.79
18.835747 0.79
18.890747 0.79
18.950748 0.79
19.010748 0.79
19.065748 0.79
19.125749 0.78
19.185749 0.78
19.240750 0.79
19.295625 0.79
19.359125 0.79
19.419251 0.79
19.482751 0.79
19.537626 0.78
19.601127 0.78
19.657379 0.79
19.715753 0.79
19.770629 0.79
19.834129 0.79
19.886505 0.78
19.935879 0.79
19.989130 0.79
20.041506 0.78
20.090881 0.79
20.144132 0.79
20.196507 0.79
20.247133 0.79
20.310633 0.78
20.374133 0.79
20.435134 0.79
20.498634 0.79
20.562134 0.78
20.625635 0.78
20.689136 0.78
20.763011 0.78
20.831636 0.78
20.895136 0.79
20.958638 0.79
21.022138 0.79
21.085638 0.79
21.149138 0.79
21.212639 0.79
21.276140 0.79
21.339640 0.78
21.403141 0.79
21.477016 0.79
21.545641 0.78
21.609142 0.79
21.672643 0.78
21.732644 0.78
21.796143 0.78
21.859644 0.79
21.919644 0.79
21.979645 0.78
22.039645 0.79
22.099646 0.80
22.159646 0.79
22.219646 0.79
22.279647 0.79
22.338022 0.79
22.398148 0.79
22.445400 0.79
22.494773 0.79
22.548024 0.78
22.604275 0.79
22.660026 0.79
22.723525 0.79
22.787026 0.79
22.839402 0.79
22.890028 0.78
22.953526 0.79
23.017028 0.79
23.080528 0.80
23.144029 0.78
23.207529 0.78
23.271030 0.79
23.334556 0.79
23.401682 0.79
23.460156 0.79
23.518531 0.78
23.582033 0.78
23.656158 0.78
23.716533 0.79
23.780033 0.78
23.843534 0.78
23.907034 0.79
23.970535 0.79
24.025535 0.79
24.089035 0.79
24.152536 0.79
24.216036 0.78
24.279537 0.79
24.343037 0.78
24.425039 0.79
24.502439 0.79
24.557805 0.78
24.621165 0.79
24.685040 0.79
24.740295 0.79
24.803917 0.79
24.860297 0.79
24.924043 0.78
24.979306 0.79
25.043043 0.79
25.098305 0.79
25.162301 0.80
25.240299 0.79
25.304170 0.79
25.363948 0.79
25.411298 0.78
25.470047 0.79
25.534173 0.78
25.598173 0.80
25.666924 0.78
25.727939 0.79
25.783926 0.79
25.839926 0.79
25.895926 0.79
25.951927 0.79
26.007927 0.80
26.077051 0.78
26.142051 0.80
26.216177 0.78
26.280053 0.78
26.354053 0.79
26.423179 0.79
26.492308 0.79
26.561455 0.79
26.630456 0.79
26.696056 0.79
26.765181 0.78
26.833932 0.78
26.908057 0.79
26.971933 0.79
27.040933 0.79
27.114934 0.79
27.184184 0.79
27.248060 0.79
27.316935 0.79
27.391061 0.79
27.454936 0.79
27.513587 0.78
27.572463 0.79
27.627460 0.79
27.682589 0.79
27.741315 0.79
27.796316 0.79
27.860590 0.78
27.919467 0.79
27.983317 0.79
28.047317 0.78
28.111472 0.79
28.175465 0.79
28.239319 0.79
28.303466 0.79
28.367319 0.78
28.431469 0.79
28.495320 0.78
28.559321 0.78
28.617819 0.79
28.681321 0.78
28.744820 0.79
28.797195 0.79
28.847823 0.78
28.911322 0.78
28.974822 0.79
29.038324 0.78
29.101822 0.79
29.165325 0.79
29.228823 0.78
29.292325 0.79
29.355824 0.78
29.419326 0.78
29.482825 0.79
29.546326 0.78
29.609827 0.79
29.673327 0.80
29.731827 0.79
29.795328 0.79
29.858828 0.78
29.922329 0.79
29.977330 0.79
30.040830 0.79
30.104331 0.79
30.167830 0.80
30.231332 0.79
30.291332 0.79
30.351333 0.78
30.411333 0.78
30.471334 0.79
30.531337 0.79
30.605208 0.79
30.668710 0.79
30.728835 0.79
30.788460 0.78
30.841710 0.78
30.901836 0.79
30.956836 0.79
31.011836 0.79
31.066837 0.79
31.121838 0.79
31.169088 0.79
31.218463 0.78
31.271714 0.78
31.327964 0.79
31.383715 0.79
31.447215 0.79
31.510716 0.79
31.563090 0.78
31.613717 0.78
31.677216 0.78
31.740717 0.78
31.804217 0.79
31.867717 0.79
31.931219 0.79
31.994719 0.79
32.058219 0.78
32.121720 0.79
32.185220 0.79
32.248721 0.78
32.312222 0.78
32.375721 0.79
32.439222 0.79
32.502723 0.79
32.566222 0.79
32.629724 0.78
32.693224 0.78
32.756725 0.78
32.820225 0.79
32.875225 0.78
32.930225 0.79
32.993726 0.78
33.057226 0.79
33.117227 0.79
33.177227 0.79
33.237228 0.80
33.297228 0.79
33.357228 0.79
33.417230 0.79
33.477230 0.79
33.537230 0.78
33.597231 0.79
33.660731 0.79
33.711857 0.79
33.770232 0.79
33.825107 0.79
33.888608 0.79
33.940983 0.79
33.990361 0.79
34.043609 0.78
34.099860 0.79
34.155613 0.78
34.219111 0.78
34.282611 0.79
34.346112 0.78
34.409612 0.79
34.473112 0.79
34.536613 0.79
34.600114 0.78
34.663614 0.79
34.727114 0.79
34.790615 0.78
34.854115 0.78
34.917616 0.79
34.981116 0.79
35.044617 0.78
35.108116 0.79
35.171618 0.79
35.235117 0.79
35.298619 0.78
35.362119 0.79
35.425619 0.79
35.489120 0.79
35.552620 0.79
35.616121 0.79
35.679622 0.79
35.743121 0.79
35.806622 0.79
35.870122 0.79
35.930123 0.80
35.993623 0.79
36.057124 0.79
36.117124 0.79
36.177124 0.78
36.237125 0.78
36.297125 0.78
36.357125 0.79
36.417127 0.79
36.472002 0.79
36.535503 0.79
36.595627 0.79
36.650628 0.79
36.701753 0.79
36.760129 0.79
36.818504 0.78
36.870880 0.78
36.920255 0.78
36.973506 0.79
37.025881 0.79
37.075256 0.79
37.128507 0.78
37.192007 0.79
37.255508 0.79
37.319008 0.79
37.382509 0.79
37.446009 0.78
37.509509 0.79
37.573011 0.78
37.636511 0.78
37.700011 0.78
37.763511 0.78
37.827012 0.79
37.890513 0.78
37.954013 0.78
38.017513 0.79
38.081013 0.78
38.144515 0.79
38.208014 0.79
38.271516 0.79
38.335015 0.79
38.398516 0.78
38.462017 0.79
38.517017 0.79
38.572017 0.79
38.632017 0.78
38.692018 0.79
38.752019 0.78
38.812019 0.79
38.872019 0.78
38.932020 0.79
38.995520 0.79
39.059021 0.79
39.119022 0.79
39.179022 0.79
39.242523 0.79
39.306023 0.79
39.360897 0.79
39.424400 0.79
39.484525 0.79
39.539524 0.79
39.586775 0.79
39.636150 0.79
39.689403 0.79
39.741776 0.80
39.792403 0.79
39.855902 0.78
39.919403 0.79
39.971778 0.79
40.022404 0.78
40.085904 0.79
40.149529 0.79
40.207904 0.79
40.271405 0.79
40.334905 0.78
40.398406 0.79
40.461906 0.79
40.525407 0.79
40.588907 0.79
40.652407 0.79
40.715908 0.79
40.779534 0.79
40.837909 0.78
40.901410 0.79
40.964910 0.78
41.028411 0.78
41.091911 0.78
41.155412 0.78
41.218912 0.79
41.273912 0.79
41.328912 0.78
41.383913 0.79
41.438914 0.78
41.498914 0.79
41.558914 0.80
41.618915 0.79
41.679040 0.79
41.733915 0.79
41.793916 0.79
41.854041 0.79
41.927792 0.78
41.991298 0.78
42.051418 0.80
42.114918 0.79
42.169794 0.79
42.233297 0.79
42.285669 0.79
42.338921 0.79
42.397297 0.78
42.457422 0.79
42.504672 0.79
42.554046 0.78
42.607299 0.79
42.659673 0.78
42.710300 0.79
42.773799 0.78
42.845549 0.79
42.901301 0.79
42.964799 0.79
43.028301 0.79
43.080676 0.78
43.140302 0.78
43.203802 0.78
43.267303 0.79
43.330803 0.79
43.394304 0.79
43.457804 0.78
43.521312 0.79
43.584805 0.79
43.648306 0.79
43.711805 0.79
43.775431 0.79
43.833806 0.79
43.897307 0.79
43.960807 0.79
44.024309 0.79
44.087809 0.78
44.142809 0.79
44.197808 0.79
44.261310 0.80
44.324809 0.79
44.384811 0.79
44.444811 0.79
44.508312 0.78
44.571811 0.79
44.631812 0.79
44.691813 0.78
44.751937 0.79
44.806813 0.79
44.866814 0.79
44.926940 0.78
44.985317 0.79
45.040317 0.79
45.095317 0.78
45.150317 0.79
45.197566 0.78
45.246941 0.79
45.300192 0.79
45.356443 0.78
45.412194 0.78
45.475694 0.79
45.539193 0.79
45.602695 0.79
45.666195 0.78
45.729695 0.79
45.793196 0.79
45.856696 0.78
45.920197 0.78
45.983697 0.79
46.047198 0.79
46.110698 0.79
46.174198 0.78
46.237825 0.79
46.296199 0.79
46.359701 0.79
46.423200 0.79
46.486701 0.79
46.550201 0.79
46.613702 0.78
46.677202 0.79
46.740703 0.79
46.804203 0.79
46.867829 0.79
46.926204 0.79
46.989705 0.79
47.053205 0.78
47.116705 0.79
47.176706 0.79
47.240206 0.78
47.303707 0.78
47.363707 0.79
47.423707 0.79
47.478708 0.79
47.538709 0.79
47.598709 0.78
47.653710 0.78
47.713710 0.80
47.773711 0.78
47.828710 0.79
47.883586 0.79
47.947086 0.78
48.003340 0.79
48.052837 0.78
48.106088 0.79
48.160090 0.79
48.223589 0.78
48.287089 0.79
48.339464 0.78
48.390092 0.78
48.453590 0.79
48.517091 0.79
48.580591 0.79
48.644092 0.78
48.707592 0.78
48.771093 0.80
48.834593 0.80
48.898757 0.79
48.974225 0.79
49.045223 0.78
49.114378 0.79
49.178433 0.79
49.234142 0.79
49.298388 0.79
49.362974 0.79
49.418379 0.79
49.482519 0.79
49.532496 0.79
49.586505 0.79
49.652225 0.79
49.721101 0.79
49.786624 0.79
49.850746 0.78
49.910870 0.78
49.979621 0.79
50.031979 0.78
50.100610 0.78
50.160608 0.78
50.220606 0.79
50.280605 0.78
50.344105 0.79
50.407608 0.78
50.462482 0.79
50.525981 0.79
50.586106 0.79
50.641107 0.78
50.696233 0.79
50.755234 0.78
50.814234 0.79
50.878109 0.80
50.938509 0.79
51.002756 0.79
51.054017 0.79
51.123237 0.78
51.187112 0.80
51.251403 0.78
51.305115 0.79
51.374394 0.80
51.433114 0.79
51.497239 0.79
51.551768 0.78
51.611535 0.78
51.675511 0.78
51.739760 0.79
51.798508 0.79
51.862530 0.79
51.932118 0.79
52.006243 0.79
52.070119 0.79
52.129652 0.78
52.194517 0.78
52.258530 0.79
52.322761 0.79
52.381522 0.79
52.446125 0.78
52.510248 0.78
52.574122 0.79
52.638247 0.79
52.697250 0.79
52.756249 0.78
52.815249 0.78
52.874124 0.78
52.938125 0.79
53.002416 0.79
53.063128 0.79
53.127251 0.79
53.186001 0.79
53.241252 0.79
53.301924 0.78
53.361655 0.79
53.417141 0.79
53.476132 0.79
53.530258 0.79
53.580255 0.79
53.639014 0.79
53.700135 0.79
53.765952 0.78
53.821661 0.79
53.881393 0.78
53.946407 0.79
54.020384 0.78
54.083882 0.78
54.144884 0.79
54.208385 0.78
54.271885 0.79
54.332911 0.78
54.391386 0.78
54.455011 0.79
54.513387 0.79
54.576886 0.78
54.640388 0.79
54.704013 0.78
54.763904 0.78
54.827389 0.79
54.886139 0.79
54.955015 0.79
55.024015 0.79
55.092907 0.79
55.162017 0.78
55.221146 0.79
55.290142 0.79
55.349017 0.79
55.412894 0.78
55.482143 0.79
55.550894 0.79
55.625019 0.79
55.689021 0.78
55.753021 0.78
55.817021 0.80
55.881147 0.79
55.930522 0.79
56.004272 0.78
56.068273 0.79
56.127024 0.79
56.196024 0.79
56.260148 0.79
56.323915 0.79
56.375538 0.79
56.444406 0.79
56.508276 0.79
56.562026 0.78
56.630902 0.78
56.690777 0.79
56.743161 0.79
56.796912 0.78
56.852810 0.78
56.917281 0.79
56.981030 0.79
57.050030 0.79
57.119156 0.78
57.169781 0.79
57.228281 0.79
57.292157 0.78
57.356290 0.79
57.417161 0.78
57.470909 0.78
57.540476 0.78
57.594034 0.78
57.671160 0.78
57.734910 0.78
57.803912 0.79
57.881441 0.79
57.950607 0.79
58.004439 0.79
58.068413 0.79
58.140788 0.78
58.205184 0.78
58.264167 0.78
58.318041 0.79
58.372041 0.78
58.431042 0.79
58.499808 0.78
58.563916 0.79
58.627916 0.78
58.696917 0.79
58.757042 0.79
58.810619 0.79
58.869304 0.78
58.938920 0.79
59.002919 0.79
59.063045 0.79
59.113698 0.78
59.172450 0.78
59.226046 0.79
59.279297 0.78
59.348172 0.78
59.411816 0.79
59.485923 0.79
59.554691 0.78
59.619801 0.79
59.688924 0.79
59.744706 0.78
59.804817 0.79
59.870176 0.78
59.933801 0.79
59.998185 0.79
60.058826 0.78
60.128310 0.79
60.198054 0.79
60.261696 0.78
60.325182 0.79
60.384503 0.78
60.448824 0.79
60.523055 0.79
60.586557 0.79
60.647182 0.79
60.705934 0.79
60.783703 0.79
60.857576 0.79
60.913059 0.78
60.967059 0.79
61.026060 0.78
61.089575 0.79
61.154192 0.79
61.228829 0.79
61.298062 0.79
61.356937 0.79
61.420687 0.79
61.490075 0.79
61.560067 0.78
61.610066 0.79
61.664064 0.78
61.727581 0.78
61.784065 0.79
61.848071 0.79
61.912068 0.78
61.965817 0.79
62.034585 0.79
62.108583 0.79
62.168692 0.79
62.238198 0.78
62.297076 0.79
62.355569 0.78
62.426070 0.79
62.484837 0.78
62.553588 0.79
62.628199 0.78
62.686948 0.79
62.745714 0.79
62.814715 0.78
62.874573 0.79
62.939836 0.78
62.993705 0.79
63.062596 0.79
63.136576 0.79
63.200200 0.78
63.260076 0.78
63.313584 0.79
63.377079 0.79
63.440580 0.79
63.504079 0.78
63.567579 0.79
63.631081 0.78
63.685084 0.79
63.759459 0.79
63.828598 0.79
63.902706 0.79
63.972081 0.78
64.032957 0.78
64.086458 0.79
64.141601 0.78
64.210726 0.79
64.279459 0.79
64.335960 0.78
64.399959 0.78
64.458603 0.79
64.522461 0.79
64.592961 0.78
64.656603 0.78
64.725605 0.79
64.790962 0.79
64.849463 0.79
64.901963 0.79
64.965463 0.78
65.030464 0.78
65.091493 0.78
65.149965 0.79
65.213465 0.79
65.265840 0.78
65.316490 0.79
65.374966 0.78
65.433467 0.78
65.502469 0.79
65.571467 0.78
65.632494 0.79
65.690969 0.79
65.754469 0.79
65.828371 0.78
65.891970 0.79
65.945471 0.79
66.014501 0.79
66.088488 0.78
66.157472 0.79
66.232101 0.79
66.295975 0.78
66.361614 0.78
66.430490 0.78
66.499489 0.79
66.573762 0.79
66.637494 0.80
66.706493 0.79
66.780492 0.78
66.849619 0.79
66.913493 0.79
66.987869 0.80
67.051979 0.79
67.115980 0.80
67.174495 0.78
67.243495 0.79
67.312387 0.79
67.376384 0.79
67.440511 0.79
67.504512 0.78
67.569858 0.78
67.628750 0.79
67.692387 0.79
67.756510 0.78
67.821876 0.78
67.885377 0.79
67.948860 0.79
68.012383 0.79
68.082380 0.78
68.140987 0.78
68.199862 0.79
68.253392 0.78
68.317504 0.78
68.387126 0.79
68.446765 0.79
68.510366 0.79
68.574367 0.79
68.638393 0.79
68.701866 0.79
68.760494 0.79
68.818869 0.78
68.882371 0.79
68.945870 0.79
69.009370 0.79
69.072871 0.78
69.136397 0.79
69.205400 0.78
69.274512 0.78
69.343996 0.78
69.407996 0.78
69.472002 0.79
69.536125 0.78
69.594891 0.78
69.660527 0.78
69.719402 0.78
69.783390 0.78
69.852517 0.79
69.921404 0.79
69.985405 0.79
70.049519 0.79
70.119002 0.79
70.177877 0.79
70.247405 0.79
70.306408 0.78
70.370409 0.79
70.429408 0.79
70.493521 0.79
70.552409 0.79
70.616408 0.79
70.663659 0.79
70.722382 0.78
70.769632 0.79
70.820297 0.79
70.878883 0.79
70.948511 0.79
71.004260 0.78
71.067760 0.79
71.131261 0.79
71.194762 0.79
71.258261 0.79
71.332559 0.79
71.391261 0.79
71.455416 0.79
71.513762 0.78
71.572417 0.79
71.631417 0.79
71.695391 0.79
71.764139 0.79
71.822889 0.79
71.886781 0.79
71.945391 0.79
72.004016 0.80
72.068266 0.79
72.132419 0.78
72.196393 0.79
72.265142 0.79
72.327143 0.79
72.385912 0.78
72.450019 0.79
72.508898 0.79
72.572787 0.78
72.632895 0.78
72.689397 0.79
72.758521 0.79
72.817426 0.79
72.881425 0.79
72.945148 0.79
73.000273 0.79
73.053773 0.78
73.127652 0.79
73.186150 0.79
73.246275 0.79
73.297401 0.78
73.366150 0.79
73.418543 0.78
73.469200 0.79
73.533279 0.79
73.598154 0.79
73.661670 0.79
73.725152 0.79
73.786546 0.78
73.841573 0.79
73.905154 0.78
73.966183 0.79
74.029672 0.80
74.088156 0.78
74.151672 0.79
74.215411 0.78
74.284036 0.79
74.352661 0.79
74.416161 0.79
74.479660 0.79
74.543162 0.79
74.612292 0.79
74.670690 0.78
74.729294 0.79
74.787676 0.79
74.846161 0.78
74.909836 0.78
74.974574 0.79
75.035551 0.79
75.090913 0.78
75.144163 0.79
75.207664 0.79
75.266164 0.78
75.329664 0.78
75.393165 0.78
75.462296 0.78
75.531166 0.78
75.600298 0.78
75.664297 0.78
75.728299 0.79
75.797705 0.79
75.867047 0.78
75.932453 0.79
75.996573 0.78
76.055691 0.79
76.129594 0.78
76.198566 0.78
76.252048 0.79
76.304423 0.78
76.368048 0.78
76.428302 0.79
76.479079 0.79
76.538050 0.78
76.612454 0.79
76.676175 0.79
76.732056 0.79
76.790699 0.79
76.859569 0.79
76.929303 0.78
76.985053 0.79
77.048567 0.79
77.107053 0.79
77.170804 0.78
77.239804 0.79
77.293476 0.78
77.347056 0.79
77.410807 0.78
77.464315 0.79
77.528472 0.79
77.587056 0.79
77.650557 0.79
77.714183 0.79
77.783058 0.79
77.846825 0.79
77.910576 0.78
77.965699 0.79
78.039685 0.78
78.100504 0.79
78.161186 0.79
78.220187 0.79
78.284187 0.78
78.352938 0.79
78.413968 0.79
78.463828 0.78
78.522706 0.79
78.591464 0.79
78.650191 0.79
78.709570 0.78
78.773706 0.79
78.827580 0.79
78.882692 0.79
78.951442 0.79
79.005193 0.78
79.055973 0.78
79.116693 0.79
79.170359 0.78
79.228949 0.79
79.298975 0.78
79.367944 0.79
79.431713 0.79
79.495446 0.79
79.549373 0.79
79.603198 0.78
79.657323 0.79
79.721386 0.78
79.786073 0.78
79.859948 0.79
79.923720 0.78
79.976949 0.80
80.050950 0.79
80.124952 0.79
80.194077 0.79
80.263202 0.79
80.322202 0.79
80.386078 0.79
80.455204 0.79
80.519382 0.79
80.575084 0.78
80.639204 0.79
80.702955 0.79
80.776957 0.78
80.840586 0.79
80.899206 0.79
80.958221 0.78
81.012083 0.79
81.081458 0.79
81.136725 0.79
81.186585 0.79
81.241727 0.79
81.306209 0.78
81.365086 0.79
81.429215 0.79
81.483087 0.79
81.546963 0.79
81.615841 0.79
81.676879 0.79
81.724212 0.78
81.783227 0.79
81.833600 0.78
81.893536 0.78
81.952357 0.79
82.016470 0.79
82.071370 0.79
82.135467 0.78
82.204966 0.79
82.252216 0.79
82.315841 0.79
82.379343 0.78
82.442845 0.79
82.512097 0.79
82.575969 0.78
82.631846 0.79
82.690971 0.79
82.754846 0.79
82.828845 0.79
82.892376 0.79
82.966971 0.78
83.036414 0.78
83.090543 0.79
83.165474 0.79
83.229378 0.78
83.298474 0.78
83.362381 0.79
83.431979 0.78
83.496105 0.79
83.554977 0.78
83.619229 0.78
83.680105 0.79
83.743978 0.78
83.807978 0.79
83.872103 0.79
83.930853 0.79
83.995398 0.79
84.054382 0.79
84.128356 0.78
84.198107 0.78
84.252109 0.79
84.311627 0.78
84.371001 0.79
84.435233 0.79
84.496243 0.79
84.556773 0.79
84.607735 0.79
84.661233 0.79
84.726752 0.79
84.790235 0.79
84.854239 0.79
84.912986 0.79
84.977111 0.79
85.035987 0.79
85.095115 0.78
85.153988 0.78
85.214113 0.78
85.264745 0.79
85.318239 0.79
85.382393 0.79
85.456995 0.79
85.516122 0.78
85.576630 0.79
85.631991 0.79
85.687773 0.79
85.746400 0.79
85.820997 0.78
85.884868 0.78
85.953636 0.79
86.017744 0.79
86.086994 0.79
86.150997 0.78
86.209996 0.80
86.269132 0.79
86.333763 0.78
86.403003 0.79
86.462413 0.79
86.526641 0.79
86.597248 0.78
86.652403 0.79
86.712257 0.79
86.782253 0.79
86.851770 0.78
86.921001 0.79
86.980001 0.79
87.039127 0.78
87.093127 0.78
87.147127 0.79
87.197128 0.79
87.252129 0.79
87.307129 0.79
87.366129 0.78
87.416005 0.78
87.471130 0.78
87.526130 0.78
87.580130 0.79
87.635131 0.79
87.685132 0.79
87.740132 0.79
87.795132 0.79
87.850133 0.78
87.905133 0.79
87.960134 0.79
88.015134 0.79
88.070009 0.78
88.125135 0.79
88.180136 0.79
88.235135 0.79
88.290136 0.79
88.345012 0.78
88.400137 0.79
88.465652 0.78
88.531138 0.78
88.595138 0.79
88.654014 0.79
88.718139 0.80
88.777264 0.78
88.852015 0.79
88.916140 0.78
88.975016 0.79
89.039016 0.79
89.092782 0.79
89.161532 0.79
89.218660 0.79
89.274143 0.79
89.339534 0.78
89.403546 0.79
89.467535 0.78
89.531785 0.78
89.600786 0.78
89.659536 0.79
89.723786 0.79
89.787664 0.78
89.852022 0.79
89.916148 0.79
89.985148 0.79
90.044148 0.78
90.108024 0.79
90.166543 0.78
90.230790 0.80
90.289275 0.78
90.342668 0.79
90.402555 0.79
90.471545 0.79
90.538558 0.78
90.607557 0.78
90.671670 0.79
90.731556 0.78
90.805795 0.79
90.864533 0.79
90.929557 0.79
90.998558 0.78
91.067797 0.79
91.136797 0.78
91.200800 0.78
91.264908 0.79
91.328801 0.78
91.392799 0.79
91.456677 0.79
91.515803 0.79
91.579678 0.79
91.643804 0.79
91.707565 0.79
91.776803 0.79
91.846162 0.79
91.905163 0.78
91.979805 0.79
92.038678 0.79
92.108039 0.79
92.173445 0.79
92.237165 0.79
92.312041 0.79
92.378041 0.79
92.452810 0.79
92.511445 0.78
92.575808 0.78
92.634573 0.79
92.695168 0.79
92.755446 0.79
92.815919 0.79
92.874684 0.79
92.938816 0.78
92.997575 0.79
93.061449 0.79
93.130450 0.79
93.199815 0.79
93.263576 0.80
93.324048 0.79
93.388173 0.79
93.448452 0.78
93.513940 0.79
93.567579 0.79
93.631580 0.79
93.697310 0.79
93.751052 0.78
93.814927 0.79
93.868580 0.79
93.932582 0.79
94.002053 0.79
94.066053 0.78
94.129929 0.78
94.183583 0.78
94.247459 0.79
94.316695 0.79
94.375698 0.78
94.439698 0.79
94.503699 0.79
94.567933 0.79
94.633460 0.78
94.708183 0.79
94.762059 0.78
94.835935 0.79
94.901464 0.78
94.971185 0.79
95.024936 0.79
95.085704 0.78
95.144465 0.78
95.218937 0.79
95.293829 0.79
95.358063 0.78
95.427064 0.79
95.497939 0.79
95.567065 0.78
95.626065 0.79
95.684832 0.79
95.738346 0.79
95.802469 0.78
95.864347 0.80
95.926347 0.79
95.988349 0.78
96.050349 0.78
96.112347 0.79
96.174354 0.78
96.236348 0.78
96.296835 0.79
96.350348 0.79
96.414713 0.79
96.478474 0.80
96.537476 0.78
96.596353 0.78
96.666451 0.78
96.735950 0.79
96.794949 0.79
96.853950 0.79
96.917840 0.78
96.971355 0.78
97.035466 0.78
97.104344 0.79
97.167826 0.78
97.226480 0.79
97.290482 0.79
97.359953 0.78
97.424078 0.78
97.493608 0.79
97.557471 0.78
97.626955 0.78
97.687617 0.79
97.741721 0.78
97.805206 0.78
97.865873 0.78
97.926962 0.79
97.990835 0.79
98.060656 0.79
98.135459 0.79
98.199374 0.79
98.263858 0.79
98.324962 0.78
98.380368 0.79
98.439364 0.79
98.503368 0.79
98.562367 0.79
98.626367 0.79
98.685367 0.79
98.749369 0.79
98.808368 0.79
98.872368 0.79
98.931369 0.78
98.995370 0.80
99.054370 0.79
99.118368 0.79
99.177372 0.78
99.241371 0.79
99.300373 0.79
99.364373 0.79
99.423374 0.78
99.487375 0.79
99.546375 0.78
99.610374 0.79
99.669373 0.79
99.733374 0.79
99.792376 0.78
99.856377 0.78
99.915374 0.78
99.979378 0.78
100.038375 0.79
100.102377 0.79
100.161376 0.78
100.225379 0.79
100.283850 0.79
100.347850 0.79
100.406865 0.78
100.470851 0.78
100.529865 0.79
100.593852 0.78
100.652867 0.79
100.716977 0.78
100.777505 0.79
100.836381 0.80
100.895357 0.79
100.955133 0.79
101.009980 0.78
101.066135 0.78
101.119873 0.78
101.179981 0.78
101.234856 0.79
101.284875 0.79
101.343749 0.79
101.396138 0.79
101.443498 0.79
101.497234 0.79
101.566109 0.79
101.618511 0.79
101.672234 0.79
101.728139 0.79
101.781753 0.78
101.840391 0.78
101.899236 0.78
101.958237 0.79
102.027237 0.79
102.091238 0.79
102.160238 0.79
102.229239 0.79
102.298239 0.79
102.367240 0.79
102.436240 0.79
102.505241 0.78
102.574241 0.78
102.643243 0.79
102.707242 0.79
102.771243 0.79
102.840118 0.79
102.903884 0.79
102.962762 0.78
103.031762 0.79
103.105637 0.79
103.159245 0.79
103.228246 0.79
103.292246 0.79
103.356247 0.79
103.420248 0.78
103.489248 0.78
103.558249 0.79
103.627249 0.79
103.696250 0.79
103.765250 0.79
103.834251 0.78
103.898251 0.79
103.962252 0.79
104.026127 0.79
104.082032 0.79
104.129409 0.79
104.188128 0.79
104.235409 0.79
104.289254 0.79
104.340033 0.79
104.387409 0.78
104.441255 0.78
104.505256 0.79
104.556037 0.79
104.603409 0.79
104.662132 0.79
104.718037 0.78
104.787257 0.79
104.856133 0.78
104.912537 0.78
104.976777 0.78
105.035774 0.79
105.099528 0.78
105.153135 0.79
105.222261 0.78
105.281137 0.78
105.350137 0.79
105.419262 0.78
105.488013 0.78
105.562263 0.79
105.631264 0.78
105.690264 0.79
105.759265 0.78
105.818140 0.78
105.887140 0.79
105.956266 0.78
106.025142 0.79
106.089267 0.79
106.153143 0.79
106.222018 0.78
106.296018 0.79
106.365269 0.79
106.429020 0.78
106.498270 0.79
106.567021 0.79
106.636271 0.78
106.695272 0.78
106.754147 0.78
106.818273 0.79
106.877273 0.79
106.936023 0.79
106.991024 0.79
107.042274 0.79
107.091790 0.79
107.155792 0.79
107.219554 0.79
107.288402 0.79
107.352152 0.78
107.407930 0.79
107.466557 0.79
107.535558 0.79
107.604558 0.78
107.673557 0.79
107.743935 0.80
107.803934 0.79
107.867547 0.79
107.926156 0.79
107.995407 0.79
108.059290 0.79
108.114289 0.79
108.164935 0.78
108.223562 0.79
108.298410 0.79
108.362159 0.73
108.431160 0.69
108.500160 0.72
108.564295 0.72
108.628161 0.73
108.692161 0.72
108.756294 0.72
108.820163 0.71
108.884290 0.72
108.945038 0.68
109.008914 0.69
109.077915 0.72
109.142040 0.73
109.206294 0.72
109.267166 0.69
109.326042 0.73
109.390167 0.72
109.454167 0.74
109.513043 0.71
109.576918 0.73
109.641044 0.73
109.705298 0.71
109.769448 0.71
109.833574 0.74
109.892448 0.73
109.958046 0.71
110.021921 0.72
110.086047 0.72
110.150172 0.73
110.209048 0.69
110.273173 0.70
110.332049 0.72
110.396174 0.71
110.455050 0.71
110.519175 0.72
110.578051 0.68
110.642176 0.71
110.701051 0.72
110.761177 0.72
110.820177 0.67
110.879053 0.72
110.943055 0.72
111.006928 0.73
111.071054 0.71
111.135179 0.74
111.194055 0.70
111.258180 0.73
111.312056 0.69
111.376056 0.72
111.440057 0.72
111.504810 0.76
111.568308 0.68
111.631807 0.73
111.695309 0.70
111.758808 0.73
111.822310 0.71
111.885809 0.71
111.949311 0.68
112.012810 0.71
112.076311 0.70
112.139811 0.69
112.203312 0.68
112.263313 0.73
112.323313 0.73
112.383314 0.71
112.443314 0.72
112.503315 0.70
112.563315 0.70
112.623316 0.70
112.683316 0.72
112.738190 0.74
112.801691 0.73
112.861817 0.71
112.912942 0.72
112.971318 0.72
113.029693 0.70
113.082067 0.71
113.132694 0.72
113.196193 0.72
113.259695 0.71
113.312069 0.70
113.361445 0.70
113.414696 0.73
113.467071 0.76
113.517697 0.75
113.581197 0.82
113.644697 0.83
113.708197 0.82
113.771698 0.83
113.835198 0.82
113.898699 0.83
113.962199 0.82
114.025700 0.84
114.089200 0.82
114.152701 0.85
114.216201 0.81
114.279702 0.84
114.343202 0.81
114.406703 0.84
114.470203 0.83
114.533704 0.83
114.597204 0.83
114.660705 0.82
114.724205 0.82
114.787706 0.82
114.851205 0.83
114.906206 0.83
114.961217 0.83
115.024710 0.70
115.088209 0.70
115.157959 0.70
115.217099 0.70
115.281607 0.70
115.345963 0.70
115.400616 0.70
115.459604 0.70
115.533712 0.70
115.588963 0.70
115.643963 0.70
115.698963 0.70
115.753588 0.70
115.814098 0.70
115.868964 0.70
115.919621 0.70
115.983090 0.70
116.038091 0.70
116.096966 0.70
116.152093 0.70
116.206967 0.70
116.261967 0.70
116.312623 0.70
116.372621 0.70
116.426219 0.70
116.487623 0.70
116.547625 0.70
116.616595 0.70
116.685971 0.70
116.749612 0.70
116.823727 0.70
116.893097 0.70
116.957222 0.70
117.031865 0.70
117.095974 0.70
117.149618 0.70
117.218974 0.70
117.282618 0.70
117.351867 0.70
117.410493 0.70
117.465491 0.70
117.520980 0.70
117.574619 0.69
117.643743 0.70
117.713228 0.70
117.773978 0.70
117.827622 0.69
117.896980 0.70
117.960509 0.70
118.024854 0.70
118.078498 0.70
118.134873 0.70
118.188106 0.70
118.251622 0.70
118.306606 0.70
118.371501 0.70
118.433109 0.70
118.507625 0.70
118.572860 0.69
118.631751 0.70
118.690627 0.69
118.754502 0.70
118.823532 0.70
118.893112 0.70
118.949494 0.69
119.003113 0.70
119.066988 0.70
119.120755 0.69
119.179506 0.70
119.244864 0.70
119.303507 0.70
119.377508 0.70
119.451756 0.70
119.520509 0.70
119.584633 0.70
119.648759 0.70
119.708395 0.70
119.763510 0.70
119.832520 0.70
119.906870 0.71
119.971245 0.70
120.035401 0.70
120.097638 0.70
120.161762 0.70
120.230763 0.70
120.294622 0.70
120.353123 0.69
120.418516 0.70
120.487766 0.70
120.557124 0.70
120.626139 0.70
120.685125 0.70
120.759000 0.70
120.819126 0.70
120.888127 0.70
120.952127 0.70
121.020892 0.70
121.076003 0.70
121.140003 0.70
121.209128 0.70
121.268004 0.70
121.332144 0.70
121.377895 0.70
121.436522 0.70
121.498412 0.70
121.560412 0.70
121.620413 0.70
121.680883 0.70
121.739414 0.70
121.808414 0.70
121.877526 0.70
121.943259 0.70
122.007135 0.70
122.071010 0.69
122.135017 0.70
122.203887 0.70
122.262528 0.70
122.326397 0.70
122.389888 0.70
122.448418 0.70
122.517530 0.70
122.581514 0.70
122.645532 0.69
122.709392 0.70
122.784030 0.70
122.842420 0.70
122.906392 0.70
122.975421 0.69
123.044421 0.70
123.118542 0.70
123.177424 0.70
123.246519 0.70
123.304894 0.70
123.370534 0.70
123.439550 0.70
123.503427 0.70
123.567398 0.69
123.630897 0.70
123.694897 0.70
123.755272 0.70
123.815662 0.70
123.885024 0.70
123.947025 0.70
124.000274 0.70
124.069275 0.69
124.143544 0.70
124.207278 0.70
124.276276 0.69
124.350403 0.70
124.405404 0.69
124.465778 0.70
124.524279 0.70
124.593405 0.69
124.653921 0.70
124.722796 0.70
124.781280 0.70
124.855795 0.70
124.919281 0.70
124.988290 0.70
125.051800 0.70
125.110289 0.69
125.184287 0.70
125.258159 0.70
125.321909 0.70
125.385799 0.70
125.439567 0.70
125.494291 0.70
125.568161 0.70
125.631802 0.70
125.690459 0.70
125.749677 0.70
125.808442 0.70
125.877551 0.69
125.941290 0.70
126.015164 0.70
126.070293 0.70
126.134445 0.70
126.192916 0.70
126.253694 0.70
126.314690 0.70
126.375298 0.70
126.439299 0.70
126.498302 0.70
126.556796 0.70
126.611920 0.70
126.681169 0.70
126.736298 0.70
126.794794 0.69
126.849813 0.70
126.919298 0.69
126.988313 0.70
127.047298 0.70
127.116173 0.70
127.168548 0.70
127.218059 0.70
127.282302 0.69
127.346574 0.70
127.400302 0.70
127.469567 0.70
127.528302 0.70
127.592311 0.70
127.656177 0.70
127.730177 0.70
127.793818 0.70
127.852310 0.70
127.910821 0.70
127.969310 0.70
128.033310 0.70
128.102180 0.70
128.165806 0.70
128.224181 0.70
128.288448 0.70
128.347320 0.70
128.406343 0.70
128.470571 0.70
128.529461 0.70
128.588462 0.70
128.647343 0.70
128.706345 0.70
128.770342 0.70
128.829827 0.70
128.888811 0.71
128.963342 0.70
129.027199 0.70
129.086350 0.70
129.145512 0.70
129.200815 0.70
129.261728 0.70
129.320839 0.70
129.379706 0.70
129.434833 0.70
129.503829 0.70
129.562190 0.70
129.613831 0.70
129.659817 0.70
129.724388 0.70
129.778471 0.70
129.832193 0.70
129.896068 0.70
129.957099 0.70
130.004474 0.70
130.058603 0.70
130.122712 0.70
130.186710 0.70
130.245350 0.70
130.309713 0.70
130.368349 0.70
130.427197 0.70
130.483102 0.70
130.536823 0.70
130.605588 0.70
130.664842 0.70
130.723722 0.70
130.797593 0.70
130.863075 0.70
130.927356 0.70
130.991468 0.70
131.050204 0.70
131.108577 0.70
131.172078 0.70
131.235579 0.70
131.299079 0.70
131.362579 0.70
131.426080 0.70
131.489580 0.70
131.553080 0.70
131.616581 0.70
131.671581 0.70
131.726583 0.69
131.781583 0.70
131.836582 0.70
131.891584 0.70
131.951584 0.70
132.011584 0.70
132.063989 0.70
132.117726 0.70
132.169989 0.70
132.221725 0.70
132.276728 0.70
132.345604 0.70
132.401962 0.70
132.454367 0.70
132.513088 0.70
132.582088 0.70
132.643004 0.70
132.698992 0.70
132.746356 0.70
132.805215 0.70
132.855994 0.70
132.912981 0.70
132.960341 0.70
133.019607 0.70
133.078091 0.70
133.147467 0.70
133.211092 0.70
133.266969 0.70
133.325635 0.70
133.395970 0.69
133.460095 0.70
133.529095 0.70
133.598220 0.71
133.667096 0.70
133.741221 0.70
133.810222 0.70
133.878972 0.70
133.939975 0.70
134.004225 0.70
134.068099 0.70
134.132362 0.70
134.192975 0.70
134.267742 0.70
134.326616 0.70
134.385505 0.70
134.444227 0.70
134.503228 0.70
134.572117 0.70
134.631228 0.70
134.695416 0.70
134.754104 0.70
134.823230 0.70
134.891980 0.70
134.960980 0.70
135.030106 0.70
135.093981 0.70
135.162982 0.70
135.227107 0.70
135.291108 0.69
135.355108 0.70
135.414108 0.70
135.478121 0.70
135.537234 0.70
135.596237 0.70
135.655236 0.70
135.710120 0.70
135.774111 0.70
135.839867 0.70
135.893515 0.70
135.957502 0.70
136.021365 0.70
136.079989 0.70
136.144114 0.69
136.196872 0.70
136.261115 0.70
136.321240 0.70
136.380120 0.70
136.444117 0.70
136.508121 0.70
136.571992 0.70
136.646373 0.70
136.710522 0.70
136.780123 0.70
136.843995 0.70
136.907995 0.70
136.972245 0.70
137.027372 0.70
137.102121 0.70
137.166123 0.70
137.225122 0.70
137.284130 0.69
137.338123 0.70
137.397126 0.70
137.461389 0.70
137.527376 0.70
137.591376 0.69
137.660894 0.70
137.725126 0.70
137.789379 0.70
137.858893 0.70
137.923252 0.70
137.977252 0.70
138.036128 0.69
138.089380 0.70
138.164129 0.70
138.228384 0.70
138.292538 0.70
138.352881 0.70
138.427008 0.70
138.496384 0.70
138.566013 0.70
138.630399 0.70
138.695900 0.70
138.760134 0.70
138.824260 0.70
138.883135 0.69
138.938260 0.70
138.992140 0.70
139.047260 0.70
139.106012 0.70
139.174903 0.70
139.249137 0.70
139.315137 0.71
139.379149 0.70
139.440765 0.69
139.504902 0.70
139.574139 0.69
139.638265 0.70
139.692140 0.71
139.751266 0.70
139.811782 0.70
139.886785 0.70
139.960899 0.70
140.019893 0.70
140.089021 0.70
140.158019 0.70
140.217279 0.70
140.294895 0.70
140.358912 0.70
140.423146 0.70
140.481912 0.70
140.550906 0.70
140.605022 0.70
140.664022 0.70
140.722898 0.70
140.781399 0.70
140.845899 0.70
140.904399 0.70
140.964650 0.70
141.023276 0.70
141.082027 0.70
141.136654 0.70
141.201027 0.70
141.265043 0.70
141.318902 0.70
141.374654 0.69
141.438904 0.70
141.494655 0.70
141.558904 0.69
141.614655 0.70
141.673280 0.70
141.731919 0.70
141.785921 0.70
141.854910 0.70
141.923673 0.70
141.988911 0.69
142.057908 0.70
142.122291 0.70
142.191293 0.69
142.260801 0.70
142.335302 0.70
142.412682 0.70
142.487291 0.70
142.556164 0.70
142.630554 0.69
142.691291 0.70
142.765804 0.70
142.829806 0.70
142.898566 0.70
142.962790 0.70
143.026801 0.70
143.080805 0.70
143.144792 0.70
143.203683 0.70
143.259167 0.70
143.324571 0.70
143.390482 0.70
143.460168 0.70
143.521053 0.70
143.574686 0.70
143.630312 0.69
143.699811 0.69
143.764171 0.70
143.828311 0.70
143.897576 0.70
143.968576 0.70
144.037559 0.70
144.112173 0.70
144.171173 0.70
144.225925 0.70
144.290051 0.69
144.344056 0.70
144.407567 0.70
144.477175 0.70
144.551818 0.70
144.615802 0.70
144.671562 0.70
144.741582 0.70
144.805819 0.70
144.875054 0.70
144.938582 0.70
145.002698 0.70
145.071824 0.70
145.140585 0.69
145.209824 0.70
145.278834 0.70
145.332822 0.71
145.396817 0.70
145.455825 0.70
145.520071 0.70
145.585824 0.70
145.649826 0.70
145.719185 0.70
145.793703 0.70
145.863200 0.70
145.927578 0.70
146.001937 0.70
146.060828 0.70
146.124580 0.70
146.199064 0.70
146.268814 0.70
146.332582 0.70
146.396832 0.70
146.460830 0.70
146.519840 0.69
146.578724 0.70
146.637582 0.71
146.694068 0.70
146.753068 0.70
146.812070 0.70
146.871068 0.70
146.930200 0.70
146.994069 0.69
147.063072 0.70
147.128447 0.70
147.180205 0.70
147.243946 0.70
147.303072 0.70
147.366947 0.70
147.431474 0.70
147.496823 0.70
147.555715 0.70
147.614478 0.70
147.684075 0.70
147.734950 0.70
147.788478 0.70
147.852480 0.70
147.922076 0.70
147.986077 0.70
148.055077 0.70
148.129578 0.70
148.198497 0.70
148.268203 0.70
148.327079 0.69
148.401596 0.70
148.465736 0.69
148.524456 0.70
148.594090 0.69
148.659724 0.70
148.723957 0.70
148.784600 0.70
148.843958 0.70
148.909723 0.70
148.978459 0.70
149.047609 0.69
149.111602 0.70
149.175840 0.71
149.239836 0.70
149.303603 0.69
149.367601 0.70
149.431339 0.70
149.500605 0.70
149.564603 0.70
149.623464 0.70
149.679089 0.70
149.732344 0.70
149.796840 0.70
149.852091 0.70
149.907346 0.70
149.968093 0.70
150.026859 0.70
150.085467 0.70
150.145843 0.70
150.204468 0.70
150.265108 0.70
150.329489 0.70
150.393612 0.70
150.457624 0.70
150.516741 0.70
150.580972 0.70
150.655516 0.70
150.719741 0.70
150.778349 0.70
150.847615 0.70
150.911751 0.69
150.975865 0.70
151.029522 0.70
151.093627 0.70
151.157353 0.70
151.226742 0.70
151.286229 0.70
151.345102 0.70
151.405872 0.70
151.459496 0.70
151.518990 0.70
151.588390 0.70
151.652630 0.70
151.706858 0.70
151.762109 0.70
151.822758 0.70
151.879758 0.70
151.940626 0.71
151.994233 0.70
152.056633 0.70
152.110502 0.70
152.170111 0.70
152.233860 0.69
152.303516 0.70
152.367363 0.70
152.422630 0.70
152.476236 0.70
152.545992 0.70
152.606239 0.70
152.670990 0.70
152.729880 0.70
152.793988 0.70
152.852865 0.70
152.916991 0.70
152.981507 0.70
153.041001 0.70
153.105872 0.70
153.170245 0.70
153.245642 0.69
153.299510 0.70
153.354001 0.70
153.413643 0.70
153.473127 0.70
153.531745 0.70
153.596649 0.70
153.651000 0.70
153.706776 0.69
153.767772 0.70
153.832770 0.70
153.891998 0.70
153.947312 0.70
154.006410 0.70
154.067261 0.70
154.126519 0.69
154.190781 0.70
154.255504 0.70
154.324783 0.70
154.385758 0.70
154.450388 0.70
154.504381 0.70
154.573663 0.70
154.628877 0.70
154.683878 0.70
154.743503 0.70
154.802643 0.69
154.863431 0.70
154.922380 0.70
154.982651 0.70
155.039132 0.70
155.103388 0.70
155.162775 0.70
155.221892 0.70
155.281556 0.70
155.341019 0.70
155.402393 0.70
155.462021 0.70
155.517886 0.70
155.576652 0.70
155.646783 0.70
155.721575 0.70
155.792018 0.70
155.863794 0.70
155.933893 0.70
155.993668 0.70
156.058662 0.70
156.128787 0.71
156.198893 0.70
156.263926 0.70
156.323560 0.70
156.388275 0.70
156.449543 0.70
156.514400 0.70
156.568907 0.70
156.633394 0.70
156.692895 0.69
156.746658 0.70
156.811664 0.70
156.877271 0.71
156.948270 0.70
157.017531 0.70
157.078270 0.70
157.142270 0.70
157.211271 0.70
157.275666 0.70
157.334667 0.70
157.404298 0.69
157.469023 0.70
157.533279 0.70
157.587275 0.70
157.651670 0.70
157.710665 0.70
157.769411 0.70
157.823149 0.70
157.887177 0.70
157.942278 0.70
158.001277 0.70
158.065151 0.70
158.129277 0.70
158.193152 0.70
158.257277 0.70
158.316279 0.70
158.375280 0.70
158.445409 0.70
158.504292 0.70
158.563468 0.70
158.617292 0.70
158.681943 0.70
158.751157 0.70
158.807038 0.70
158.876289 0.70
158.945292 0.70
159.014409 0.70
159.073681 0.70
159.143305 0.70
159.213161 0.69
159.282925 0.70
159.343682 0.70
159.402576 0.70
159.472462 0.70
159.542165 0.70
159.608293 0.70
159.667548 0.70
159.733807 0.70
159.806452 0.70
159.860577 0.70
159.919812 0.70
159.978806 0.70
160.050705 0.70
160.122575 0.70
160.200573 0.70
160.255808 0.70
160.305811 0.70
160.360811 0.70
160.419813 0.70
160.484302 0.70
160.543494 0.70
160.604800 0.70
160.658816 0.70
160.719302 0.69
160.778300 0.70
160.833924 0.70
160.881300 0.70
160.936489 0.70
160.995576 0.70
161.065177 0.70
161.129176 0.70
161.189439 0.70
161.243699 0.70
161.297567 0.70
161.363186 0.70
161.427052 0.70
161.482302 0.70
161.546177 0.70
161.601947 0.70
161.657930 0.70
161.722310 0.70
161.780929 0.70
161.844430 0.70
161.907929 0.70
161.971431 0.70
162.034930 0.70
162.098432 0.70
162.161931 0.70
162.235808 0.70
162.304432 0.70
162.367934 0.70
162.431432 0.70
162.494934 0.70
162.558434 0.70
162.613434 0.70
162.676934 0.70
162.740438 0.70
162.795437 0.70
162.858940 0.70
162.922439 0.70
162.977446 0.70
163.032441 0.70
163.092440 0.70
163.152439 0.70
163.212438 0.70
163.275939 0.70
163.339439 0.70
163.394318 0.70
163.452816 0.70
163.512946 0.70
163.567944 0.70
163.622944 0.70
163.677948 0.70
163.732954 0.70
163.784077 0.70
163.842448 0.70
163.916338 0.70
163.974824 0.70
164.038354 0.70
164.112326 0.70
164.175826 0.70
164.236824 0.70
164.300339 0.70
164.358823 0.70
164.422327 0.70
164.485825 0.70
164.549332 0.70
164.612951 0.70
164.672834 0.70
164.736331 0.70
164.799834 0.70
164.863329 0.70
164.921830 0.70
164.985333 0.70
165.048833 0.70
165.112336 0.70
165.175838 0.70
165.239337 0.70
165.297841 0.70
165.361339 0.70
165.424834 0.70
165.493715 0.70
165.553835 0.70
165.617343 0.70
165.672343 0.70
165.727466 0.70
165.792715 0.70
165.856343 0.70
165.916336 0.70
165.971219 0.70
166.034841 0.70
166.098340 0.70
166.158344 0.70
166.218341 0.70
166.271721 0.70
166.331846 0.70
166.387096 0.70
166.450719 0.70
166.510848 0.70
166.562096 0.70
166.612720 0.69
166.676225 0.70
166.739722 0.70
166.794468 0.70
166.847722 0.70
166.903978 0.70
166.959726 0.70
167.023221 0.70
167.086853 0.70
167.142724 0.70
167.201355 0.70
167.265225 0.70
167.328729 0.70
167.402601 0.70
167.471220 0.70
167.534721 0.70
167.598221 0.70
167.661722 0.70
167.725231 0.70
167.788724 0.70
167.852229 0.70
167.915728 0.70
167.979226 0.70
168.042734 0.70
168.106226 0.70
168.169730 0.69
168.233228 0.70
168.296732 0.69
168.360229 0.70
168.415232 0.70
168.470231 0.70
168.525234 0.70
168.580232 0.70
168.643730 0.70
168.707236 0.70
168.767233 0.70
168.827241 0.70
168.890733 0.70
168.954232 0.70
169.009112 0.70
169.072613 0.70
169.136113 0.70
169.199619 0.70
169.251993 0.70
169.302615 0.70
169.366245 0.70
169.424616 0.70
169.484745 0.70
169.531994 0.70
169.585240 0.70
169.643622 0.70
169.699867 0.70
169.755623 0.70
169.819120 0.70
169.882623 0.69
169.946116 0.70
170.009626 0.70
170.073121 0.70
170.136627 0.70
170.200125 0.70
170.263621 0.70
170.327126 0.70
170.390622 0.70
170.454128 0.70
170.517626 0.70
170.581120 0.70
170.644620 0.70
170.708123 0.70
170.771623 0.70
170.835129 0.70
170.899128 0.71
170.962632 0.70
171.026124 0.70
171.081123 0.70
171.146507 0.70
171.206628 0.70
171.276130 0.70
171.336894 0.70
171.396449 0.70
171.456256 0.70
171.521011 0.70
171.586009 0.70
171.656012 0.70
171.721011 0.70
171.786014 0.70
171.846508 0.69
171.901518 0.70
171.961262 0.69
172.015259 0.70
172.080018 0.69
172.140779 0.70
172.200266 0.70
172.260527 0.70
172.325268 0.70
172.385013 0.70
172.444136 0.70
172.519136 0.70
172.579530 0.70
172.645553 0.70
172.715137 0.70
172.785137 0.70
172.844273 0.70
172.908528 0.70
172.972897 0.70
173.028265 0.70
173.097904 0.70
173.162894 0.70
173.227266 0.70
173.288016 0.70
173.341780 0.70
173.411561 0.70
173.481143 0.70
173.540278 0.70
173.604785 0.70
173.668660 0.70
173.733144 0.70
173.803152 0.70
173.878271 0.70
173.951145 0.69
174.020020 0.69
174.078900 0.70
174.139771 0.70
174.208797 0.70
174.272525 0.70
174.341569 0.70
174.410788 0.70
174.474543 0.70
174.529899 0.70
174.589158 0.70
174.644560 0.70
174.703936 0.70
174.775408 0.70
174.834822 0.69
174.890543 0.70
174.946157 0.70
175.006916 0.70
175.071910 0.70
175.122164 0.70
175.186564 0.70
175.250809 0.70
175.315806 0.70
175.389033 0.70
175.458914 0.69
175.528918 0.70
175.593915 0.70
175.664043 0.70
175.734165 0.70
175.799045 0.70
175.874586 0.70
175.934169 0.70
175.993919 0.70
176.058923 0.70
176.123919 0.70
176.187809 0.70
176.261171 0.70
176.320917 0.70
176.385600 0.70
176.440043 0.70
176.504919 0.70
176.569295 0.70
176.625174 0.70
176.680923 0.70
176.750927 0.70
176.815921 0.70
176.876812 0.70
176.941042 0.70
177.009915 0.70
177.077916 0.70
177.132916 0.70
177.193052 0.69
177.247923 0.70
177.307921 0.70
177.362925 0.70
177.422930 0.70
177.481310 0.70
177.541425 0.70
177.604931 0.70
177.663307 0.70
177.740303 0.70
177.800424 0.70
177.855424 0.70
177.910428 0.70
177.961572 0.69
178.030311 0.70
178.090428 0.70
178.146313 0.70
178.209805 0.70
178.273310 0.70
178.336806 0.70
178.400318 0.70
178.470310 0.70
178.533812 0.70
178.597313 0.70
178.660815 0.69
178.724327 0.70
178.787805 0.70
178.851325 0.70
178.914808 0.70
178.978333 0.70
179.041808 0.70
179.105327 0.70
179.179313 0.70
179.242809 0.70
179.306316 0.70
179.380184 0.70
179.448812 0.70
179.512333 0.70
179.586186 0.70
179.654819 0.70
179.713317 0.70
179.776822 0.70
179.831821 0.69
179.886816 0.70
179.941820 0.69
180.001819 0.71
180.061948 0.70
180.127196 0.70
180.187320 0.70
180.246950 0.70
180.305322 0.70
180.364948 0.70
180.418197 0.70
180.478332 0.70
180.533074 0.70
180.578947 0.70
180.632201 0.70
180.692327 0.70
180.739573 0.70
180.798205 0.70
180.861699 0.69
180.925202 0.70
180.977702 0.70
181.041456 0.70
181.097207 0.70
181.160700 0.70
181.224206 0.70
181.287700 0.70
181.352334 0.70
181.421826 0.70
181.491618 0.70
181.545954 0.70
181.616085 0.70
181.688082 0.70
181.750515 0.70
181.806210 0.70
181.865738 0.70
181.926728 0.70
181.991583 0.70
182.045968 0.69
182.110855 0.70
182.186346 0.70
182.254214 0.70
182.327346 0.70
182.381839 0.70
182.446843 0.69
182.506746 0.70
182.567722 0.70
182.628209 0.70
182.697084 0.70
182.761356 0.70
182.811479 0.70
182.875586 0.70
182.936212 0.69
182.994709 0.70
183.054710 0.70
183.114840 0.70
183.175341 0.70
183.239093 0.70
183.306095 0.70
183.361605 0.70
183.439870 0.70
183.493843 0.70
183.553625 0.70
183.623595 0.70
183.687977 0.70
183.749350 0.70
183.819625 0.70
183.884621 0.70
183.949231 0.70
184.019528 0.70
184.084540 0.70
184.154854 0.69
184.219854 0.70
184.279626 0.70
184.354976 0.70
184.430535 0.70
184.500618 0.69
184.570754 0.70
184.640872 0.70
184.700622 0.70
184.765623 0.70
184.835885 0.70
184.895501 0.70
184.955361 0.70
185.009753 0.70
185.085236 0.70
185.146534 0.70
185.211517 0.70
185.265497 0.70
185.326230 0.70
185.385866 0.70
185.445627 0.70
185.510233 0.69
185.569879 0.70
185.634531 0.70
185.695629 0.70
185.760371 0.70
185.815994 0.70
185.875362 0.70
185.934108 0.70
186.003232 0.70
186.067756 0.70
186.117626 0.70
186.176628 0.70
186.246239 0.70
186.305112 0.70
186.360766 0.70
186.420536 0.70
186.485250 0.70
186.550415 0.70
186.615423 0.70
186.691119 0.70
186.750552 0.70
186.826121 0.70
186.885776 0.70
186.945549 0.70
187.010535 0.70
187.085762 0.70
187.144510 0.70
187.214252 0.70
187.273767 0.70
187.344130 0.70
187.419413 0.69
187.479131 0.70
187.549249 0.70
187.619523 0.70
187.684409 0.70
187.738777 0.70
187.798648 0.70
187.874257 0.70
187.928775 0.70
187.993529 0.70
188.060257 0.70
188.114646 0.70
188.176571 0.70
188.236422 0.70
188.297126 0.70
188.356251 0.69
188.415529 0.70
188.482128 0.70
188.546700 0.69
188.608133 0.70
188.667255 0.70
188.721265 0.70
188.775776 0.70
188.837140 0.69
188.891658 0.70
188.951259 0.70
189.001803 0.70
189.066780 0.70
189.136705 0.69
189.201658 0.70
189.266134 0.70
189.321656 0.70
189.380779 0.70
189.445269 0.70
189.504261 0.70
189.558668 0.70
189.618430 0.69
189.688395 0.70
189.753433 0.70
189.817533 0.70
189.888927 0.70
189.953399 0.70
190.018395 0.69
190.083150 0.70
190.143024 0.70
190.204276 0.70
190.258678 0.70
190.318397 0.70
190.379268 0.70
190.438663 0.69
190.508269 0.70
190.567663 0.70
190.637404 0.70
190.704151 0.70
190.758398 0.70
190.828021 0.70
190.882022 0.70
190.947032 0.69
191.006667 0.70
191.066403 0.70
191.126276 0.70
191.187024 0.70
191.256022 0.70
191.320147 0.70
191.389023 0.70
191.453273 0.70
191.512148 0.70
191.576401 0.70
191.640401 0.70
191.710280 0.70
191.779403 0.70
191.849277 0.70
191.927568 0.71
191.992280 0.70
192.053032 0.70
192.117313 0.70
192.182161 0.70
192.232409 0.70
192.293043 0.70
192.358035 0.70
192.422033 0.70
192.481410 0.71
192.540409 0.70
192.595601 0.70
192.649576 0.69
192.714163 0.70
192.764576 0.70
192.834474 0.70
192.894169 0.70
192.944588 0.70
193.009470 0.71
193.069166 0.70
193.130302 0.70
193.196919 0.70
193.256450 0.70
193.331305 0.70
193.395804 0.70
193.465171 0.70
193.526165 0.70
193.585590 0.70
193.647045 0.70
193.701169 0.70
193.762168 0.70
193.816166 0.69
193.870473 0.70
193.932045 0.69
193.991180 0.70
194.056178 0.70
194.121173 0.69
194.186057 0.69
194.240473 0.70
194.300055 0.70
194.354481 0.70
194.414175 0.70
194.468463 0.70
194.528051 0.70
194.587183 0.70
194.652181 0.70
194.717052 0.70
194.776305 0.70
194.845174 0.70
194.899479 0.70
194.959179 0.70
195.009180 0.70
195.063181 0.70
195.128818 0.70
195.189481 0.70
195.244824 0.70
195.305179 0.70
195.355188 0.70
195.421826 0.70
195.491067 0.70
195.541178 0.70
195.600191 0.70
195.670182 0.70
195.720180 0.70
195.790565 0.70
195.862067 0.70
195.926497 0.70
195.987698 0.70
196.061574 0.70
196.125822 0.70
196.200183 0.70
196.265576 0.70
196.331323 0.69
196.406061 0.70
196.470473 0.70
196.529832 0.70
196.594188 0.70
196.648323 0.70
196.717826 0.70
196.776835 0.70
196.841190 0.70
196.902324 0.70
196.962069 0.70
197.021351 0.70
197.080953 0.70
197.135486 0.70
197.194827 0.70
197.249328 0.71
197.309071 0.70
197.365075 0.70
197.422072 0.70
197.483076 0.70
197.548076 0.70
197.612958 0.70
197.663348 0.70
197.723076 0.69
197.773198 0.70
197.842951 0.70
197.907515 0.70
197.967332 0.70
198.026952 0.70
198.080842 0.70
198.140203 0.69
198.210085 0.71
198.285726 0.70
198.351953 0.70
198.411202 0.70
198.480843 0.70
198.545086 0.70
198.609202 0.70
198.684334 0.70
198.749080 0.70
198.812845 0.70
198.867206 0.70
198.941839 0.70
198.996340 0.70
199.061209 0.70
199.144727 0.70
199.203847 0.70
199.258214 0.70
199.317963 0.70
199.382962 0.70
199.437213 0.70
199.506847 0.70
199.563095 0.70
199.628089 0.70
199.702973 0.69
199.767964 0.70
199.828498 0.70
199.888216 0.70
199.947881 0.70
199.998223 0.70
200.057967 0.70
200.122971 0.70
200.187970 0.70
200.258094 0.70
200.322972 0.70
200.383634 0.70
200.439228 0.70
200.498970 0.70
200.559749 0.70
200.614224 0.70
200.673856 0.70
200.724230 0.70
200.785744 0.70
200.845229 0.70
200.904977 0.70
200.974982 0.70
201.039980 0.70
201.109974 0.70
201.174983 0.70
201.239871 0.70
201.293478 0.70
201.368099 0.70
201.426985 0.70
201.497100 0.70
201.561125 0.70
201.636628 0.70
201.692228 0.70
201.751989 0.70
201.816980 0.70
201.887113 0.70
201.946983 0.70
202.011762 0.69
202.066237 0.70
202.125983 0.69
202.187241 0.70
202.247109 0.70
202.311985 0.70
202.376988 0.70
202.443759 0.70
202.498242 0.70
202.559754 0.70
202.609866 0.70
202.671113 0.70
202.730504 0.70
202.785652 0.70
202.835863 0.70
202.894368 0.70
202.953118 0.70
203.012756 0.70
203.076996 0.70
203.144364 0.70
203.210368 0.70
203.270117 0.70
203.325529 0.70
203.385115 0.70
203.440366 0.70
203.506644 0.70
203.556866 0.70
203.621250 0.70
203.686247 0.70
203.750888 0.70
203.804762 0.69
203.854997 0.70
203.925125 0.70
203.989866 0.70
204.053880 0.70
204.112759 0.70
204.171508 0.70
204.230513 0.69
204.289511 0.70
204.354253 0.70
204.419259 0.70
204.479872 0.70
204.544247 0.69
204.613996 0.70
204.678254 0.70
204.733381 0.70
204.802761 0.70
204.868766 0.70
204.923882 0.70
204.988893 0.70
205.042401 0.70
205.112126 0.70
205.181376 0.70
205.245652 0.70
205.300004 0.70
205.364253 0.70
205.416010 0.70
205.471544 0.70
205.526011 0.70
205.585779 0.70
205.652014 0.70
205.711783 0.70
205.773012 0.70
205.832778 0.70
205.893529 0.70
205.952262 0.70
206.018390 0.70
206.069788 0.70
206.134781 0.70
206.195261 0.70
206.242651 0.70
206.296523 0.70
206.355384 0.70
206.419385 0.70
206.483389 0.70
206.542387 0.70
206.612407 0.71
206.672016 0.70
206.727265 0.70
206.792143 0.70
206.849575 0.70
206.914793 0.70
206.984785 0.70
207.054793 0.70
207.113902 0.70
207.189402 0.70
207.244020 0.70
207.314154 0.70
207.380661 0.71
207.434900 0.70
207.505149 0.69
207.567903 0.70
207.643415 0.70
207.707399 0.70
207.771893 0.69
207.835909 0.70
207.895398 0.70
207.964397 0.70
208.018796 0.70
208.088558 0.70
208.153031 0.70
208.212674 0.70
208.273669 0.70
208.339677 0.70
208.409672 0.70
208.468831 0.70
208.525541 0.70
208.582566 0.70
208.636801 0.69
208.697408 0.70
208.756909 0.70
208.816680 0.70
208.877281 0.70
208.941925 0.70
209.001406 0.70
209.051688 0.70
209.116683 0.69
209.191475 0.70
209.245908 0.70
209.305683 0.70
209.370408 0.70
209.440035 0.70
209.512472 0.69
209.577596 0.70
209.642412 0.70
209.701291 0.69
209.765676 0.70
209.824916 0.70
209.884594 0.70
209.946929 0.70
210.011686 0.70
210.081914 0.70
210.146477 0.70
210.200922 0.70
210.265295 0.70
210.324915 0.70
210.395041 0.70
210.461477 0.70
210.515818 0.70
210.591296 0.70
210.655616 0.70
210.711450 0.70
210.766689 0.70
210.832474 0.70
210.893298 0.70
210.947821 0.70
211.007594 0.70
211.068830 0.70
211.128557 0.70
211.189820 0.70
211.243813 0.70
211.295304 0.70
211.354300 0.70
211.409458 0.70
211.473170 0.70
211.520450 0.70
211.585463 0.70
211.639049 0.70
211.708301 0.70
211.767555 0.70
211.828303 0.69
211.887301 0.69
211.946567 0.70
212.024466 0.70
212.078468 0.70
212.132052 0.70
212.207190 0.70
212.277309 0.70
212.336833 0.70
212.396560 0.70
212.466841 0.70
212.526567 0.70
212.601934 0.70
212.660822 0.70
212.725183 0.70
212.794469 0.70
212.848492 0.69
212.902333 0.70
212.961817 0.70
213.021566 0.71
213.096310 0.70
213.155185 0.70
213.213559 0.70
213.272186 0.70
213.336186 0.70
213.405061 0.70
213.474185 0.70
213.543060 0.70
213.617317 0.70
213.676187 0.70
213.745188 0.70
213.809188 0.70
213.878191 0.70
213.937191 0.70
214.001316 0.70
214.060190 0.70
214.119065 0.70
214.183329 0.70
214.233603 0.70
214.297476 0.70
214.358720 0.69
214.418494 0.70
214.484196 0.70
214.543612 0.70
214.598965 0.70
214.663358 0.70
214.728201 0.70
214.792343 0.70
214.842729 0.70
214.902497 0.70
214.967471 0.70
215.028511 0.70
215.093202 0.70
215.147726 0.70
215.211953 0.70
215.286834 0.70
215.353730 0.70
215.418496 0.70
215.493585 0.70
215.553956 0.70
215.624084 0.70
215.683731 0.70
215.743088 0.69
215.802744 0.70
215.862337 0.70
215.926598 0.70
215.991081 0.70
216.055083 0.70
216.119525 0.70
216.184083 0.70
216.257840 0.70
216.318342 0.70
216.393377 0.70
216.454735 0.70
216.516222 0.70
216.570767 0.70
216.632213 0.70
216.686625 0.70
216.746222 0.69
216.800612 0.70
216.865213 0.70
216.919342 0.70
216.974606 0.70
217.028635 0.70
217.089214 0.70
217.158525 0.70
217.229852 0.70
217.288466 0.70
217.359856 0.70
217.419514 0.70
217.489091 0.70
217.554844 0.71
217.608594 0.70
217.664844 0.70
217.729094 0.70
217.798975 0.69
217.854625 0.70
217.909852 0.70
217.964852 0.70
218.024487 0.70
218.089106 0.70
218.143360 0.70
218.204225 0.69
218.266242 0.70
218.325981 0.70
218.381494 0.70
218.446526 0.70
218.521979 0.70
218.593982 0.69
218.655401 0.69
218.720421 0.70
218.785535 0.70
218.847105 0.69
218.906103 0.70
218.967227 0.70
219.031644 0.70
219.093113 0.70
219.147520 0.70
219.212364 0.70
219.277529 0.70
219.336993 0.70
219.391552 0.70
219.453110 0.70
219.512545 0.69
219.573992 0.70
219.628363 0.70
219.693240 0.70
219.754533 0.70
219.814113 0.70
219.873550 0.70
219.929504 0.70
219.989993 0.70
220.044546 0.70
220.104239 0.70
220.169243 0.69
220.230243 0.70
220.295114 0.70
220.350249 0.70
220.400239 0.70
220.450239 0.70
220.500246 0.70
220.565756 0.70
220.625540 0.70
220.685244 0.70
220.746005 0.70
220.800562 0.70
220.860407 0.70
220.920885 0.70
220.985534 0.70
221.041775 0.70
221.092778 0.70
221.152121 0.70
221.216556 0.70
221.276375 0.70
221.331998 0.70
221.391557 0.70
221.451382 0.70
221.510375 0.70
221.575379 0.70
221.640252 0.70
221.704882 0.70
221.764130 0.70
221.827625 0.70
221.887753 0.70
221.951252 0.70
222.014757 0.70
222.088627 0.70
222.148750 0.70
222.212250 0.70
222.275749 0.70
222.339250 0.70
222.394250 0.70
222.457751 0.70
222.521251 0.69
222.576137 0.70
222.639627 0.69
222.708256 0.70
222.766631 0.69
222.826755 0.70
222.890257 0.70
222.948641 0.70
223.004890 0.70
223.060637 0.70
223.124138 0.70
223.187637 0.69
223.240017 0.70
223.290645 0.70
223.354137 0.70
223.417638 0.70
223.481138 0.70
223.544644 0.69
223.608141 0.70
223.671648 0.70
223.735145 0.70
223.798640 0.70
223.862148 0.70
223.925640 0.70
223.989145 0.70
224.052645 0.69
224.116145 0.70
224.179645 0.70
224.243144 0.70
224.306650 0.70
224.370141 0.70
224.433648 0.70
224.497145 0.70
224.560649 0.70
224.624146 0.70
224.687655 0.70
224.751275 0.70
224.809648 0.70
224.873155 0.70
224.947149 0.70
225.002146 0.70
225.057148 0.69
225.120649 0.70
225.184152 0.70
225.244148 0.69
225.304156 0.70
225.359151 0.70
225.414158 0.70
225.488030 0.70
225.551662 0.70
225.625532 0.70
225.685654 0.70
225.740658 0.71
225.791782 0.70
225.847541 0.70
225.911037 0.70
225.974532 0.70
226.034655 0.70
226.085783 0.70
226.141532 0.70
226.200163 0.70
226.269033 0.70
226.327787 0.70
226.391661 0.70
226.438918 0.70
226.489540 0.70
226.548036 0.70
226.611541 0.70
226.672541 0.70
226.736170 0.70
226.810043 0.70
226.873537 0.70
226.947419 0.70
227.011037 0.70
227.074548 0.70
227.148542 0.69
227.212036 0.70
227.275538 0.70
227.339042 0.70
227.402541 0.70
227.466049 0.70
227.521047 0.70
227.584540 0.70
227.648047 0.70
227.711544 0.70
227.775050 0.70
227.830173 0.69
227.890421 0.70
227.950545 0.70
228.014042 0.70
228.074042 0.69
228.134044 0.70
228.194180 0.70
228.247424 0.70
228.307547 0.70
228.367178 0.70
228.420428 0.70
228.480558 0.70
228.535558 0.70
228.582801 0.70
228.636050 0.70
228.690932 0.70
228.754426 0.69
228.810682 0.70
228.866432 0.70
228.929927 0.70
228.993560 0.70
229.040803 0.70
229.091437 0.70
229.154932 0.70
229.218433 0.70
229.281936 0.70
229.345429 0.70
229.408933 0.70
229.467433 0.70
229.530937 0.70
229.594437 0.70
229.657931 0.70
229.716442 0.70
229.779935 0.70
229.843564 0.70
229.912312 0.70
229.980942 0.70
230.044437 0.70
230.107937 0.70
230.171434 0.70
230.234934 0.70
230.298438 0.69
230.361935 0.69
230.425435 0.70
230.488936 0.70
230.552437 0.70
230.615938 0.70
230.671062 0.70
230.736319 0.70
230.796441 0.70
230.859938 0.70
230.919940 0.70
230.979941 0.70
231.039943 0.70
231.099941 0.70
231.159944 0.70
231.219941 0.70
231.278318 0.69
231.341817 0.70
231.405319 0.70
231.465445 0.70
231.520445 0.70
231.577070 0.70
231.637322 0.70
231.701592 0.70
231.756823 0.70
231.810479 0.69
231.869450 0.70
231.930073 0.70
231.990325 0.70
232.050842 0.70
232.104486 0.70
232.179831 0.70
232.244494 0.70
232.314740 0.70
232.379494 0.70
232.438338 0.70
232.502594 0.70
232.561469 0.70
232.625595 0.70
232.689594 0.69
232.748581 0.70
232.812579 0.70
232.876596 0.70
232.940847 0.70
232.999743 0.70
233.055585 0.70
233.114959 0.70
233.179741 0.70
233.235598 0.70
233.299611 0.70
233.363724 0.70
233.427631 0.70
233.491614 0.70
233.555459 0.69
233.624603 0.70
233.688600 0.70
233.761089 0.70
233.819961 0.70
233.878837 0.70
233.939339 0.70
234.003213 0.70
234.072213 0.70
234.141213 0.70
234.210213 0.70
234.279340 0.69
234.343342 0.69
234.407345 0.70
234.454621 0.70
234.513343 0.70
234.583101 0.70
234.647344 0.70
234.706623 0.70
234.756973 0.70
234.817363 0.70
234.872738 0.70
234.926741 0.70
234.976614 0.70
235.035348 0.70
235.094488 0.70
235.158982 0.70
235.223855 0.70
235.295236 0.70
235.360361 0.70
235.430355 0.71
235.500641 0.70
235.565622 0.69
235.619352 0.70
235.683351 0.70
235.747351 0.70
235.811357 0.70
235.870352 0.70
235.934353 0.70
235.998354 0.70
236.062355 0.70
236.126496 0.70
236.190358 0.70
236.250624 0.69
236.309357 0.70
236.368879 0.70
236.428522 0.70
236.487651 0.70
236.548867 0.70
236.608631 0.70
236.662879 0.69
236.723630 0.69
236.789236 0.70
236.853863 0.70
236.909236 0.70
236.973429 0.70
237.034149 0.70
237.085870 0.70
237.145635 0.70
237.209632 0.70
237.273629 0.70
237.326113 0.70
237.373516 0.70
237.432237 0.70
237.488114 0.70
237.548878 0.70
237.607628 0.70
237.666239 0.70
237.725368 0.70
237.789370 0.70
237.853886 0.70
237.912643 0.70
237.966242 0.70
238.025371 0.70
238.089776 0.70
238.159874 0.70
238.229562 0.70
238.290652 0.70
238.360642 0.70
238.414879 0.70
238.474547 0.70
238.539654 0.70
238.604770 0.70
238.674249 0.70
238.733917 0.70
238.792637 0.70
238.846776 0.70
238.916660 0.70
238.980644 0.70
239.050380 0.70
239.109252 0.70
239.168885 0.70
239.228381 0.70
239.287381 0.70
239.346777 0.70
239.416266 0.70
239.470891 0.70
239.532258 0.70
239.591539 0.70
239.652778 0.70
239.702898 0.70
239.764269 0.69
239.814782 0.70
239.874259 0.70
239.938774 0.70
239.992776 0.70
240.051777 0.70
240.116135 0.70
240.176261 0.70
240.235133 0.70
240.286385 0.70
240.345261 0.69
240.404137 0.70
240.451403 0.70
240.501791 0.70
240.557266 0.70
240.635542 0.70
240.700540 0.70
240.765525 0.70
240.830524 0.70
240.895557 0.70
240.960538 0.70
241.025537 0.70
241.095570 0.70
241.171146 0.70
241.230672 0.70
241.295796 0.70
241.360419 0.70
241.427149 0.69
241.491271 0.70
241.545798 0.69
241.606791 0.70
241.676269 0.70
241.737147 0.70
241.801022 0.70
241.872029 0.70
241.936544 0.69
242.006297 0.70
242.060793 0.70
242.125586 0.70
242.192278 0.70
242.246687 0.70
242.306412 0.70
242.376673 0.70
242.441411 0.70
242.506572 0.70
242.571408 0.70
242.636408 0.70
242.697281 0.70
242.756687 0.70
242.816407 0.70
242.881319 0.70
242.942410 0.70
242.996689 0.70
243.056465 0.70
243.117296 0.70
243.167912 0.70
243.237804 0.70
243.302163 0.70
243.356700 0.70
243.416453 0.70
243.481459 0.70
243.552917 0.70
243.623039 0.70
243.684458 0.70
243.745475 0.70
243.810428 0.70
243.864682 0.70
243.929471 0.70
243.994465 0.70
244.069818 0.70
244.136467 0.70
244.206698 0.70
244.266551 0.70
244.336810 0.70
244.401694 0.70
244.463171 0.70
244.517587 0.69
244.577324 0.70
244.633464 0.70
244.698304 0.70
244.759675 0.70
244.825312 0.69
244.880429 0.70
244.941174 0.70
244.995477 0.70
245.055178 0.70
245.109693 0.70
245.171059 0.70
245.230697 0.70
245.286689 0.70
245.346315 0.70
245.419175 0.70
245.478317 0.70
245.537568 0.70
245.596567 0.70
245.657058 0.70
245.724303 0.70
245.788452 0.70
245.852454 0.70
245.916454 0.70
245.972805 0.70
246.026455 0.70
246.090456 0.70
246.155806 0.70
246.206811 0.70
246.257810 0.70
246.308808 0.70
246.359808 0.69
246.410811 0.70
246.465809 0.70
246.530183 0.70
246.589181 0.70
246.653565 0.70
246.709061 0.70
246.768189 0.69
246.829571 0.70
246.899185 0.70
246.953490 0.70
247.018566 0.70
247.077833 0.69
247.142570 0.70
247.212187 0.70
247.266489 0.70
247.331567 0.70
247.396324 0.69
247.461197 0.70
247.522319 0.70
247.588952 0.70
247.648446 0.71
247.707950 0.70
247.762493 0.70
247.822194 0.70
247.892069 0.70
247.946322 0.70
248.016201 0.69
248.081199 0.70
248.151205 0.70
248.216204 0.70
248.281197 0.70
248.346198 0.70
248.411198 0.70
248.465518 0.70
248.525206 0.70
248.590075 0.70
248.644501 0.70
248.710704 0.69
248.775488 0.69
248.836207 0.70
248.896842 0.70
248.956499 0.70
249.017956 0.70
249.072480 0.70
249.132211 0.70
249.196955 0.70
249.251511 0.71
249.311208 0.70
249.381520 0.70
249.441212 0.70
249.507957 0.70
249.567586 0.70
249.637208 0.70
249.707334 0.70
249.772339 0.70
249.842343 0.70
249.902090 0.70
249.963504 0.70
250.028341 0.70
250.093345 0.70
250.163210 0.70
250.224215 0.69
250.290728 0.70
250.355095 0.70
250.416351 0.70
250.472219 0.70
250.542342 0.70
250.612220 0.70
250.682516 0.70
250.743734 0.70
250.803537 0.70
250.868842 0.69
250.928369 0.70
250.988096 0.70
251.052978 0.70
251.103355 0.70
251.163096 0.70
251.228100 0.70
251.293098 0.69
251.357854 0.70
251.412358 0.70
251.472096 0.70
251.537735 0.70
251.607866 0.70
251.667855 0.70
251.722353 0.70
251.777742 0.70
251.842356 0.70
251.902103 0.70
251.972234 0.70
252.037411 0.70
252.107745 0.70
252.168652 0.69
252.228399 0.70
252.289983 0.70
252.354983 0.70
252.416228 0.70
252.490987 0.70
252.552102 0.70
252.626977 0.70
252.687975 0.69
252.747109 0.70
252.818747 0.70
252.882978 0.70
252.941978 0.70
253.005977 0.70
253.059743 0.70
253.118495 0.70
253.173979 0.70
253.227494 0.70
253.282979 0.70
253.336497 0.70
253.391980 0.70
253.446232 0.70
253.505244 0.70
253.571547 0.70
253.627110 0.70
253.687546 0.70
253.743243 0.69
253.798754 0.70
253.854239 0.70
253.913993 0.70
253.985555 0.70
254.046998 0.70
254.111992 0.70
254.176995 0.69
254.241992 0.70
254.311999 0.70
254.376998 0.70
254.441992 0.70
254.492243 0.70
254.557245 0.70
254.622003 0.70
254.692248 0.70
254.756991 0.69
254.820491 0.70
254.894632 0.70
254.958636 0.70
255.032994 0.70
255.091757 0.70
255.160510 0.70
255.234758 0.70
255.298636 0.70
255.367763 0.70
255.426514 0.70
255.495996 0.70
255.561997 0.69
255.627765 0.70
255.686770 0.70
255.745749 0.70
255.809514 0.70
255.884000 0.70
255.949516 0.70
256.024250 0.70
256.083519 0.70
256.149570 0.70
256.209257 0.70
256.263129 0.70
256.332130 0.70
256.398128 0.70
256.463908 0.71
256.528417 0.69
256.599661 0.69
256.654137 0.70
256.718776 0.70
256.779440 0.70
256.839139 0.70
256.893009 0.70
256.952011 0.70
257.015882 0.70
257.069529 0.70
257.129779 0.70
257.184902 0.70
257.249789 0.70
257.300139 0.70
257.360552 0.70
257.419898 0.70
257.478654 0.70
257.538145 0.70
257.592015 0.70
257.651027 0.70
257.716149 0.70
257.780894 0.70
257.834901 0.70
257.905021 0.70
257.980551 0.70
258.050900 0.70
258.115845 0.70
258.185784 0.70
258.239425 0.70
258.309019 0.70
258.373785 0.70
258.434796 0.70
258.496154 0.70
258.566024 0.70
258.632670 0.70
258.688903 0.69
258.758668 0.70
258.818032 0.70
258.877024 0.70
258.943675 0.70
259.008798 0.69
259.069542 0.69
259.139405 0.70
259.198809 0.70
259.263811 0.70
259.338547 0.70
259.402403 0.70
259.462029 0.70
259.526811 0.70
259.591810 0.69
259.661679 0.70
259.712035 0.70
259.777035 0.70
259.841915 0.70
259.913341 0.70
259.978044 0.70
260.037822 0.70
260.107574 0.70
260.171291 0.70
260.236034 0.70
260.285805 0.70
260.341040 0.70
260.400801 0.70
260.459580 0.70
260.519160 0.70
260.577801 0.70
260.642579 0.70
260.701555 0.70
260.760444 0.70
260.830166 0.70
260.895937 0.70
260.971471 0.70
261.035914 0.70
261.105825 0.70
261.175540 0.70
261.239294 0.70
261.313792 0.70
261.380051 0.70
261.439799 0.70
261.504583 0.70
261.558925 0.70
261.618673 0.69
261.679297 0.70
261.748803 0.70
261.817924 0.70
261.878049 0.70
261.933046 0.70
261.992484 0.70
262.046930 0.70
262.102463 0.70
262.161930 0.69
262.221298 0.70
262.277202 0.70
262.324574 0.70
262.383458 0.70
262.447172 0.70
262.516299 0.70
262.572202 0.70
262.625818 0.70
262.689800 0.70
262.748574 0.70
262.802464 0.70
262.861305 0.70
262.925935 0.70
262.985702 0.70
263.046251 0.70
263.106066 0.69
263.165581 0.70
263.224938 0.70
263.290061 0.70
263.359713 0.70
263.424716 0.70
263.485328 0.70
263.549451 0.70
263.608936 0.70
263.667945 0.70
263.723883 0.70
263.783707 0.70
263.842938 0.71
263.898481 0.70
263.957828 0.70
264.022584 0.70
264.072940 0.70
264.131942 0.70
264.191330 0.70
264.250814 0.70
264.314939 0.70
264.384337 0.70
264.443325 0.70
264.501697 0.70
264.556712 0.70
264.623383 0.70
264.677844 0.70
264.737444 0.70
264.787841 0.70
264.847573 0.69
264.908511 0.70
264.973726 0.70
265.034483 0.70
265.088846 0.70
265.148576 0.70
265.207580 0.70
265.266079 0.70
265.332385 0.71
265.386831 0.70
265.446580 0.70
265.516575 0.70
265.570841 0.70
265.630578 0.70
265.695203 0.70
265.765515 0.70
265.827088 0.70
265.890585 0.70
265.954722 0.70
266.024851 0.70
266.084853 0.69
266.149726 0.69
266.225409 0.70
266.290457 0.69
266.354087 0.70
266.428371 0.70
266.492955 0.70
266.548586 0.70
266.618583 0.70
266.672622 0.70
266.731581 0.70
266.792142 0.70
266.862212 0.70
266.932393 0.70
266.984617 0.70
267.045586 0.70
267.101151 0.71
267.157155 0.70
267.214131 0.70
267.271147 0.70
267.332091 0.70
267.387587 0.70
267.453531 0.70
267.514085 0.70
267.574737 0.70
267.634519 0.70
267.695213 0.70
267.753586 0.70
267.813603 0.70
267.879866 0.70
267.927376 0.70
267.980965 0.70
268.041746 0.70
268.101513 0.69
268.171101 0.70
268.241408 0.70
268.311385 0.70
268.365230 0.70
268.419392 0.70
268.473751 0.70
268.533548 0.69
268.603520 0.70
268.672761 0.70
268.732221 0.70
268.791751 0.70
268.851388 0.70
268.905097 0.70
268.969378 0.70
269.028220 0.70
269.092221 0.69
269.151096 0.70
269.220097 0.69
269.289098 0.69
269.358098 0.70
269.427098 0.70
269.491495 0.70
269.545226 0.70
269.599755 0.70
269.668852 0.69
269.724643 0.70
269.789627 0.70
269.864889 0.70
269.924776 0.70
269.986108 0.70
270.050392 0.70
270.117109 0.70
270.176232 0.70
270.230765 0.70
270.290632 0.70
270.355560 0.70
270.420631 0.70
270.480237 0.70
270.540116 0.70
270.600910 0.70
270.665633 0.70
270.725434 0.71
270.795506 0.70
270.860637 0.70
270.920416 0.70
270.982936 0.70
271.038637 0.70
271.104909 0.70
271.168990 0.69
271.225367 0.70
271.284114 0.70
271.344239 0.70
271.390405 0.70
271.455923 0.70
271.515248 0.70
271.565534 0.70
271.625903 0.70
271.686242 0.69
271.732242 0.70
271.787244 0.70
271.846523 0.70
271.907897 0.70
271.967645 0.70
272.032122 0.70
272.096561 0.70
272.156685 0.70
272.227000 0.70
272.286650 0.70
272.346423 0.70
272.416559 0.70
272.476387 0.70
272.546250 0.70
272.607651 0.70
272.667544 0.69
272.737561 0.70
272.797470 0.70
272.857254 0.69
272.927652 0.70
272.989007 0.70
273.054010 0.70
273.108659 0.70
273.170006 0.70
273.229653 0.70
273.294550 0.70
273.359389 0.70
273.426013 0.70
273.480548 0.70
273.540131 0.70
273.594005 0.70
273.657881 0.70
273.727133 0.70
273.785882 0.70
273.841565 0.70
273.897527 0.70
273.957790 0.70
274.013562 0.70
274.073020 0.70
274.133260 0.69
274.193545 0.70
274.254010 0.70
274.318430 0.70
274.388014 0.70
274.452139 0.70
274.511271 0.70
274.571799 0.70
274.631270 0.70
274.698018 0.70
274.757437 0.70
274.827265 0.70
274.886139 0.70
274.941265 0.70
274.995140 0.70
275.054154 0.70
275.115270 0.70
275.176143 0.70
275.240395 0.70
275.310272 0.70
275.364147 0.70
275.423144 0.70
275.487772 0.70
275.552404 0.70
275.622400 0.70
275.691534 0.70
275.753034 0.70
275.807571 0.70
275.869032 0.70
275.928907 0.69
275.993548 0.70
276.049277 0.70
276.115905 0.70
276.176671 0.70
276.236409 0.70
276.295903 0.70
276.359904 0.70
276.419026 0.70
276.483406 0.70
276.545921 0.70
276.610031 0.69
276.669161 0.70
276.733154 0.70
276.787412 0.70
276.847159 0.70
276.906479 0.70
276.985165 0.70
277.045927 0.70
277.101461 0.70
277.161164 0.70
277.225928 0.70
277.285168 0.70
277.350038 0.70
277.414917 0.70
277.469465 0.70
277.528823 0.69
277.583315 0.70
277.654694 0.70
277.719477 0.70
277.784303 0.70
277.853923 0.70
277.908510 0.70
277.973581 0.70
278.053926 0.70
278.108462 0.70
278.173174 0.70
278.239922 0.70
278.299453 0.70
278.353166 0.70
278.423297 0.70
278.479176 0.70
278.544303 0.70
278.603936 0.70
278.658303 0.69
278.723172 0.70
278.787823 0.70
278.842176 0.70
278.917697 0.70
278.977470 0.70
279.042470 0.70
279.108930 0.69
279.159312 0.70
279.224303 0.70
279.294061 0.70
279.377299 0.70
279.437055 0.70
279.496175 0.69
279.567586 0.70
279.637469 0.70
279.707490 0.70
279.773603 0.70
279.838180 0.70
279.912930 0.70
279.974308 0.70
280.052177 0.70
280.116930 0.70
280.181066 0.70
280.247060 0.70
280.307575 0.70
280.363060 0.70
280.433185 0.70
280.502942 0.70
280.569488 0.70
280.630946 0.70
280.706494 0.70
280.771477 0.70
280.847336 0.70
280.907065 0.70
280.977194 0.69
281.047506 0.70
281.107326 0.70
281.167074 0.70
281.242065 0.70
281.296323 0.70
281.355821 0.70
281.410192 0.70
281.471715 0.69
281.523585 0.70
281.588328 0.70
281.649827 0.70
281.700195 0.70
281.759703 0.70
281.824067 0.71
281.889580 0.70
281.948068 0.70
282.008586 0.70
282.067711 0.70
282.126695 0.70
282.186944 0.70
282.250836 0.70
282.309473 0.70
282.373473 0.69
282.437838 0.70
282.496590 0.70
282.555462 0.70
282.619447 0.70
282.683475 0.70
282.747463 0.70
282.811730 0.70
282.871077 0.70
282.940075 0.70
283.006729 0.70
283.061206 0.70
283.116089 0.70
283.180965 0.70
283.245959 0.70
283.310492 0.71
283.375208 0.70
283.444620 0.70
283.514873 0.70
283.579494 0.70
283.644586 0.70
283.709208 0.70
283.768620 0.70
283.828217 0.70
283.887962 0.70
283.957853 0.70
284.022596 0.70
284.086457 0.70
284.155457 0.70
284.224600 0.70
284.288600 0.70
284.352459 0.70
284.421602 0.70
284.485459 0.70
284.554461 0.70
284.623461 0.70
284.692341 0.70
284.756966 0.70
284.822603 0.70
284.886463 0.70
284.946963 0.70
285.012371 0.70
285.081606 0.70
285.145607 0.70
285.209605 0.70
285.273608 0.69
285.337606 0.70
285.401858 0.70
285.460467 0.70
285.520967 0.70
285.584968 0.70
285.648969 0.70
285.712968 0.69
285.777345 0.70
285.846867 0.70
285.900618 0.70
285.964491 0.70
286.023510 0.69
286.088225 0.70
286.152225 0.70
286.212363 0.70
286.271492 0.70
286.335743 0.70
286.394856 0.69
286.464868 0.69
286.529855 0.70
286.594357 0.70
286.659112 0.70
286.718990 0.70
286.794520 0.70
286.855861 0.70
286.920983 0.70
286.985548 0.70
287.040118 0.70
287.099753 0.70
287.160991 0.70
287.220763 0.70
287.282110 0.70
287.351360 0.70
287.410627 0.70
287.475110 0.70
287.530530 0.70
287.584500 0.70
287.649118 0.70
287.706532 0.70
287.760633 0.70
287.814995 0.70
287.874636 0.70
287.930115 0.70
287.985766 0.70
288.046538 0.70
288.102116 0.70
288.168240 0.69
288.243634 0.69
288.298000 0.70
288.362875 0.70
288.438243 0.70
288.497998 0.70
288.557764 0.70
288.616993 0.70
288.676005 0.70
288.729869 0.70
288.793995 0.70
288.858376 0.70
288.927766 0.70
288.986883 0.70
289.056999 0.70
289.120744 0.70
289.184243 0.70
289.258650 0.70
289.323536 0.70
289.382246 0.70
289.451769 0.70
289.505377 0.70
289.564397 0.70
289.628390 0.70
289.684309 0.70
289.750654 0.70
289.815650 0.70
289.876379 0.70
289.935884 0.70
289.995659 0.70
290.056661 0.71
290.119277 0.70
290.169654 0.70
290.230391 0.70
290.284889 0.70
290.338886 0.70
290.394572 0.70
290.464793 0.70
290.531260 0.70
290.590419 0.70
290.655263 0.70
290.733267 0.70
290.799136 0.70
290.846528 0.69
290.905893 0.70
290.965663 0.70
291.035797 0.70
291.107180 0.70
291.171891 0.70
291.225887 0.70
291.290387 0.70
291.344390 0.70
291.403786 0.69
291.478919 0.70
291.543581 0.70
291.608811 0.70
291.684143 0.70
291.753551 0.70
291.807774 0.70
291.866678 0.71
291.931541 0.70
291.996521 0.70
292.050799 0.70
292.126409 0.70
292.190908 0.70
292.250670 0.70
292.317407 0.70
292.381793 0.70
292.457274 0.70
292.516822 0.70
292.576566 0.70
292.632795 0.70
292.691666 0.70
292.761273 0.70
292.838276 0.70
292.902420 0.70
292.956275 0.70
293.034575 0.70
293.095805 0.70
293.163416 0.69
293.217908 0.70
293.279281 0.70
293.333412 0.70
293.383803 0.70
293.443551 0.71
293.513162 0.70
293.568824 0.70
293.629408 0.69
293.688820 0.70
293.748543 0.70
293.803801 0.70
293.862674 0.70
293.927280 0.69
293.983058 0.70
294.042805 0.70
294.117036 0.70
294.170803 0.70
294.224674 0.70
294.289296 0.70
294.353591 0.70
294.423473 0.70
294.493298 0.70
294.558167 0.70
294.623166 0.70
294.682806 0.70
294.742593 0.70
294.807581 0.69
294.877302 0.70
294.931819 0.70
294.996452 0.70
295.052576 0.70
295.117585 0.69
295.176827 0.70
295.236553 0.70
295.316293 0.70
295.380294 0.70
295.447805 0.70
295.506809 0.70
295.571168 0.70
295.630298 0.70
295.689168 0.70
295.753169 0.70
295.817170 0.70
295.877303 0.70
295.936301 0.70
295.995698 0.70
296.055467 0.70
296.116499 0.70
296.188494 0.70
296.253468 0.70
296.315986 0.70
296.370715 0.70
296.430304 0.70
296.484705 0.70
296.540477 0.70
296.605317 0.70
296.655703 0.70
296.715473 0.69
296.785489 0.70
296.850562 0.70
296.916307 0.70
296.971986 0.70
297.027705 0.70
297.078934 0.70
297.140187 0.70
297.205330 0.70
297.266934 0.71
297.322945 0.70
297.382309 0.70
297.434933 0.70
297.504566 0.70
297.568575 0.70
297.638581 0.70
297.703312 0.70
297.762183 0.70
297.826463 0.71
297.885059 0.70
297.962709 0.70
298.021700 0.70
298.080579 0.70
298.155061 0.69
298.229186 0.70
298.293188 0.70
298.362187 0.70
298.421188 0.70
298.485320 0.70
298.551323 0.70
298.629338 0.70
298.698476 0.70
298.759573 0.70
298.824485 0.70
298.883715 0.70
298.948478 0.71
299.009589 0.70
299.074496 0.70
299.130080 0.70
299.190830 0.70
299.246330 0.70
299.307077 0.70
299.366326 0.70
299.431837 0.70
299.496589 0.70
299.557333 0.70
299.622204 0.70
299.672200 0.70
299.722579 0.70
299.783079 0.70
299.842076 0.70
299.906073 0.70
299.956201 0.70
300.010210 0.70
300.060581 0.70
300.125332 0.70
300.184206 0.70
300.248963 0.69
300.310205 0.70
300.369489 0.70
300.444498 0.70
300.514080 0.70
300.579839 0.70
300.639085 0.70
300.698456 0.70
300.768081 0.70
300.832584 0.69
300.897370 0.70
300.967216 0.70
301.033963 0.70
301.093502 0.70
301.166591 0.69
301.226216 0.70
301.292971 0.70
301.347528 0.70
301.406964 0.71
301.466522 0.70
301.526218 0.70
301.592647 0.70
301.653977 0.70
301.708517 0.70
301.768223 0.70
301.833219 0.70
301.902342 0.70
301.972616 0.70
302.027968 0.70
302.082092 0.70
302.146342 0.71
302.210342 0.70
302.285091 0.69
302.339858 0.70
302.414344 0.70
302.479859 0.70
302.554344 0.70
302.615720 0.70
302.675861 0.69
302.746728 0.69
302.802722 0.70
302.862526 0.70
302.927225 0.70
302.997232 0.70
303.062228 0.70
303.127102 0.70
303.186225 0.70
303.245353 0.70
303.314770 0.69
303.374532 0.69
303.434229 0.70
303.505985 0.70
303.560551 0.70
303.620230 0.70
303.681235 0.70
303.746231 0.70
303.812749 0.70
303.887229 0.70
303.948105 0.70
304.006871 0.70
304.071539 0.70
304.135981 0.70
304.195534 0.70
304.254985 0.70
304.308875 0.70
304.363364 0.69
304.422988 0.70
304.477363 0.70
304.537116 0.70
304.602116 0.70
304.656113 0.70
304.721116 0.70
304.786116 0.70
304.840374 0.70
304.900125 0.70
304.964992 0.70
305.025624 0.70
305.085374 0.70
305.158367 0.70
305.217239 0.70
305.287241 0.70
305.357123 0.70
305.427246 0.70
305.497377 0.70
305.557130 0.70
305.627246 0.70
305.693125 0.70
305.758124 0.69
305.823130 0.70
305.898784 0.70
305.979384 0.70
306.039126 0.70
306.114772 0.70
306.180890 0.69
306.245384 0.70
306.304518 0.70
306.365248 0.70
306.429890 0.70
306.493876 0.70
306.558011 0.70
306.633126 0.70
306.699882 0.70
306.754257 0.70
306.808128 0.70
306.868892 0.70
306.928128 0.70
306.988894 0.70
307.047769 0.70
307.111519 0.70
307.180895 0.70
307.244899 0.70
307.300004 0.70
307.354879 0.69
307.418896 0.70
307.477882 0.70
307.533006 0.70
307.592256 0.70
307.652532 0.70
307.708011 0.70
307.773012 0.70
307.823020 0.70
307.887895 0.69
307.938264 0.70
307.997655 0.70
308.058023 0.70
308.127906 0.70
308.188520 0.70
308.244021 0.70
308.308783 0.70
308.364270 0.70
308.424022 0.70
308.488781 0.70
308.539271 0.70
308.599021 0.70
308.663588 0.70
308.734029 0.70
308.798788 0.70
308.858274 0.70
308.918022 0.70
308.988022 0.70
309.053024 0.70
309.133022 0.70
309.197271 0.70
309.261898 0.70
309.326039 0.70
309.379788 0.70
309.449397 0.70
309.513802 0.70
309.568149 0.70
309.627148 0.70
309.686150 0.70
309.746813 0.70
309.811149 0.70
309.872029 0.70
309.934799 0.70
309.988794 0.70
310.043157 0.70
310.102906 0.70
310.159914 0.69
310.224908 0.70
310.289907 0.70
310.355671 0.70
310.414543 0.69
310.474901 0.70
310.533543 0.70
310.594028 0.70
310.652558 0.70
310.708159 0.70
310.763440 0.70
310.824044 0.70
310.894160 0.70
310.953930 0.70
311.008166 0.70
311.067921 0.70
311.137912 0.70
311.192167 0.70
311.257044 0.70
311.327165 0.70
311.386917 0.70
311.451932 0.69
311.522045 0.70
311.587174 0.70
311.651914 0.70
311.706168 0.70
311.765927 0.70
311.830918 0.70
311.890302 0.70
311.945925 0.70
312.010815 0.70
312.075812 0.70
312.130175 0.70
312.189920 0.70
312.245925 0.70
312.311052 0.70
312.370813 0.70
312.432045 0.69
312.496815 0.70
312.561044 0.70
312.625925 0.70
312.686927 0.70
312.753556 0.70
312.809051 0.70
312.871318 0.70
312.930956 0.69
312.993360 0.69
313.049055 0.70
313.113702 0.70
313.164054 0.70
313.225056 0.70
313.281062 0.69
313.341825 0.70
313.402558 0.70
313.457054 0.70
313.517826 0.70
313.587944 0.70
313.652563 0.70
313.713308 0.70
313.768825 0.70
313.833701 0.70
313.884059 0.70
313.954059 0.70
314.013565 0.70
314.073185 0.70
314.138184 0.70
314.207583 0.70
314.266570 0.70
314.325460 0.70
314.389577 0.70
314.454060 0.70
314.523476 0.70
314.582703 0.70
314.642062 0.70
314.711837 0.70
314.781835 0.69
314.846313 0.70
314.916192 0.70
314.982707 0.70
315.049189 0.70
315.114194 0.70
315.180695 0.70
315.240067 0.70
315.300317 0.70
315.359947 0.70
315.413953 0.70
315.473616 0.70
315.534944 0.70
315.609715 0.70
315.670947 0.70
315.735709 0.69
315.789722 0.70
315.854855 0.70
315.914448 0.70
315.969077 0.70
316.028725 0.70
316.093719 0.70
316.160074 0.70
316.220209 0.69
316.279952 0.70
316.339449 0.70
316.403449 0.70
316.467324 0.70
316.552205 0.70
316.611953 0.70
316.672266 0.70
316.727955 0.70
316.787727 0.70
316.848517 0.70
316.902957 0.70
316.962730 0.70
317.016589 0.70
317.072209 0.69
317.129212 0.71
317.193956 0.70
317.258864 0.70
317.334336 0.70
317.399089 0.70
317.458735 0.70
317.528836 0.70
317.598870 0.70
317.670216 0.70
317.735084 0.70
317.795832 0.70
317.860585 0.70
317.919341 0.70
317.978335 0.70
318.028606 0.70
318.094515 0.69
318.146605 0.70
318.196970 0.71
318.250963 0.69
318.310613 0.70
318.373223 0.69
318.428967 0.70
318.488613 0.70
318.558969 0.70
318.618502 0.70
318.683513 0.70
318.749969 0.70
318.805853 0.70
318.865616 0.70
318.926863 0.70
318.982229 0.70
319.052513 0.70
319.117616 0.70
319.182354 0.70
319.236868 0.70
319.296492 0.70
319.350349 0.70
319.414861 0.70
319.479347 0.70
319.543979 0.70
319.605230 0.69
319.675369 0.69
319.729855 0.70
319.789639 0.70
319.858741 0.70
319.923625 0.70
319.988226 0.70
320.052224 0.70
320.116098 0.70
320.190353 0.69
320.244099 0.70
320.313224 0.70
320.382100 0.70
320.456100 0.70
320.530100 0.70
320.593852 0.70
320.652867 0.70
320.711620 0.70
320.765645 0.70
320.834623 0.70
320.888624 0.70
320.958359 0.70
321.027640 0.70
321.092679 0.70
321.152233 0.70
321.216106 0.70
321.290232 0.70
321.354109 0.70
321.423233 0.70
321.487234 0.70
321.551546 0.70
321.618238 0.70
321.677112 0.70
321.736764 0.70
321.796509 0.70
321.861239 0.70
321.920114 0.70
321.989112 0.70
322.036363 0.70
322.086767 0.70
322.146368 0.70
322.205115 0.70
322.264769 0.70
322.324517 0.70
322.389371 0.70
322.443243 0.70
322.498770 0.69
322.552635 0.70
322.628123 0.70
322.698375 0.70
322.752649 0.70
322.828129 0.70
322.883660 0.70
322.953877 0.70
323.018877 0.70
323.085564 0.70
323.155885 0.70
323.220248 0.71
323.281554 0.70
323.346669 0.70
323.411252 0.70
323.476130 0.70
323.546549 0.70
323.600781 0.70
323.662131 0.70
323.716523 0.70
323.786262 0.70
323.840774 0.70
323.900653 0.70
323.960138 0.70
324.014654 0.70
324.074258 0.70
324.128575 0.70
324.188391 0.70
324.249779 0.70
324.305669 0.70
324.365387 0.70
324.430429 0.70
324.499532 0.70
324.554772 0.70
324.604771 0.70
324.663565 0.70
324.733258 0.70
324.792008 0.70
324.856258 0.70
324.915259 0.69
324.974134 0.70
325.028660 0.70
325.083906 0.70
325.148274 0.70
325.213393 0.70
325.274396 0.70
325.344139 0.70
325.408276 0.70
325.458666 0.70
325.514150 0.70
325.582155 0.70
325.637267 0.70
325.696403 0.70
325.757396 0.69
325.824145 0.70
325.883403 0.70
325.948399 0.70
326.015147 0.69
326.076272 0.70
326.137548 0.70
326.197023 0.70
326.263668 0.70
326.323568 0.70
326.393408 0.70
326.458403 0.70
326.523412 0.70
326.588276 0.70
326.653275 0.70
326.707023 0.70
326.771023 0.70
326.835277 0.70
326.895901 0.70
326.955674 0.70
327.017030 0.69
327.076314 0.70
327.141157 0.70
327.191576 0.70
327.260807 0.70
327.316295 0.70
327.381032 0.70
327.449807 0.70
327.509595 0.70
327.579030 0.70
327.634299 0.70
327.708809 0.70
327.768700 0.70
327.834793 0.70
327.899572 0.70
327.964039 0.70
328.018704 0.70
328.085302 0.70
328.150162 0.70
328.200600 0.70
328.255792 0.70
328.325694 0.70
328.377604 0.70
328.433038 0.70
328.497686 0.70
328.569459 0.70
328.634164 0.69
328.698295 0.70
328.754297 0.70
328.827457 0.70
328.897306 0.69
328.968808 0.70
329.028467 0.70
329.088174 0.70
329.149589 0.70
329.210938 0.70
329.289457 0.70
329.353929 0.70
329.408588 0.70
329.468046 0.70
329.541054 0.70
329.595491 0.70
329.655047 0.69
329.714180 0.70
329.775491 0.70
329.835053 0.70
329.889305 0.70
329.959182 0.70
330.025927 0.70
330.085473 0.70
330.145181 0.70
330.210062 0.70
330.264474 0.70
330.324180 0.70
330.388937 0.70
330.443497 0.70
330.503181 0.70
330.573178 0.70
330.623188 0.70
330.689179 0.70
330.739178 0.70
330.789189 0.70
330.854686 0.70
330.919058 0.70
330.978560 0.70
331.029687 0.71
331.089186 0.70
331.159312 0.70
331.234184 0.70
331.284182 0.69
331.343310 0.70
331.408685 0.70
331.478059 0.70
331.537058 0.70
331.596194 0.70
331.662829 0.70
331.732186 0.70
331.786491 0.70
331.851568 0.70
331.910846 0.70
331.970568 0.70
332.037067 0.70
332.091328 0.70
332.151068 0.70
332.221069 0.70
332.275327 0.70
332.335077 0.70
332.405069 0.70
332.464331 0.70
332.516202 0.69
332.576818 0.69
332.636327 0.70
332.696077 0.70
332.750493 0.70
332.810075 0.70
332.875075 0.70
332.944957 0.70
332.995328 0.70
333.068327 0.70
333.133205 0.70
333.204614 0.70
333.269492 0.70
333.334327 0.70
333.398949 0.70
333.457826 0.70
333.516842 0.70
333.577199 0.70
333.652076 0.70
333.710960 0.70
333.777077 0.69
333.836343 0.70
333.891836 0.70
333.942079 0.70
333.992337 0.70
334.052081 0.70
334.116203 0.70
334.181719 0.70
334.256337 0.70
334.310204 0.70
334.380206 0.70
334.449959 0.69
334.509208 0.69
334.573346 0.70
334.637833 0.70
334.697343 0.70
334.757094 0.70
334.832209 0.70
334.892090 0.70
334.956965 0.70
335.027095 0.70
335.093744 0.70
335.148089 0.70
335.212970 0.70
335.277971 0.70
335.348092 0.70
335.413218 0.69
335.472969 0.70
335.537743 0.70
335.592226 0.70
335.653609 0.69
335.712860 0.70
335.771852 0.70
335.827469 0.70
335.888089 0.69
335.953604 0.70
336.019090 0.70
336.083091 0.70
336.148496 0.70
336.212852 0.70
336.263223 0.70
336.318472 0.70
336.379232 0.70
336.438974 0.70
336.503974 0.70
336.568980 0.70
336.633982 0.70
336.693224 0.70
336.752098 0.70
336.817510 0.70
336.878096 0.70
336.953227 0.70
337.013522 0.70
337.078233 0.70
337.137984 0.70
337.207869 0.70
337.268511 0.69
337.328231 0.69
337.397727 0.70
337.461761 0.70
337.515620 0.70
337.585106 0.70
337.659982 0.70
337.718624 0.70
337.778235 0.70
337.837535 0.69
337.906479 0.70
337.966238 0.70
338.025984 0.70
338.079751 0.70
338.143747 0.69
338.207749 0.70
338.271753 0.70
338.330748 0.70
338.394748 0.70
338.454858 0.70
338.509859 0.70
338.564876 0.70
338.623502 0.70
338.682502 0.70
338.746754 0.70
338.805392 0.70
338.865879 0.70
338.916122 0.70
338.974993 0.70
339.033991 0.70
339.098871 0.70
339.168875 0.70
339.233777 0.70
339.283997 0.70
339.359251 0.70
339.434765 0.70
339.485123 0.70
339.549876 0.70
339.620253 0.69
339.686641 0.70
339.741126 0.70
339.806130 0.69
339.865552 0.70
339.935766 0.70
340.000253 0.70
340.059501 0.70
340.117872 0.70
340.181379 0.70
340.250875 0.70
340.304514 0.70
340.369255 0.70
340.429011 0.70
340.504570 0.70
340.563879 0.70
340.619127 0.70
340.688650 0.69
340.743132 0.70
340.803256 0.70
340.863388 0.70
340.927381 0.70
340.998312 0.70
341.058139 0.70
341.113760 0.70
341.167652 0.70
341.226662 0.70
341.290382 0.70
341.360014 0.70
341.419788 0.70
341.478760 0.70
341.539266 0.70
341.599144 0.70
341.654763 0.70
341.713780 0.70
341.774274 0.70
341.838759 0.70
341.897400 0.69
341.953270 0.70
342.016762 0.70
342.081020 0.70
342.136579 0.70
342.187018 0.70
342.256893 0.70
342.321556 0.69
342.375533 0.70
342.440023 0.70
342.499899 0.70
342.558394 0.70
342.628398 0.70
342.698660 0.69
342.757905 0.70
342.833397 0.70
342.912022 0.70
342.976901 0.70
343.046901 0.70
343.105399 0.70
343.172026 0.70
343.231671 0.70
343.290270 0.70
343.350029 0.70
343.409908 0.70
343.469277 0.70
343.534406 0.70
343.584794 0.70
343.649561 0.70
343.708274 0.69
343.777407 0.70
343.841400 0.70
343.905797 0.70
343.958153 0.70
344.011776 0.70
344.070904 0.70
344.124670 0.70
344.194151 0.70
344.263681 0.70
344.324800 0.70
344.386161 0.70
344.444798 0.70
344.508694 0.70
344.578278 0.70
344.625561 0.70
344.684281 0.70
344.740908 0.70
344.804797 0.70
344.874291 0.70
344.943910 0.70
345.002822 0.70
345.072912 0.70
345.137296 0.69
345.192534 0.70
345.246916 0.70
345.306538 0.70
345.370804 0.70
345.435687 0.70
345.508688 0.70
345.573050 0.70
345.653457 0.69
345.703918 0.70
345.762790 0.70
345.826807 0.69
345.904291 0.70
345.968561 0.69
346.022295 0.70
346.086297 0.69
346.150553 0.70
346.217301 0.70
346.276589 0.70
346.351298 0.71
346.415298 0.69
346.469797 0.70
346.536811 0.70
346.600812 0.70
346.661810 0.70
346.731305 0.70
346.785470 0.70
346.839816 0.70
346.904316 0.70
346.958819 0.70
347.022574 0.70
347.091812 0.70
347.151597 0.70
347.216571 0.70
347.278133 0.70
347.348577 0.70
347.409806 0.70
347.463571 0.70
347.528558 0.69
347.603465 0.70
347.662329 0.70
347.721823 0.70
347.786314 0.70
347.836471 0.70
347.890830 0.69
347.955566 0.70
348.025558 0.70
348.079181 0.70
348.143334 0.70
348.202054 0.70
348.276940 0.70
348.346810 0.70
348.410576 0.70
348.480941 0.70
348.547062 0.70
348.621187 0.70
348.690702 0.70
348.766191 0.70
348.830192 0.70
348.888564 0.70
348.947479 0.70
349.006500 0.69
349.071567 0.70
349.132713 0.70
349.192507 0.69
349.262569 0.70
349.327193 0.70
349.391192 0.70
349.455190 0.70
349.514319 0.70
349.578578 0.70
349.643485 0.70
349.704573 0.70
349.774512 0.70
349.844867 0.70
349.909717 0.70
349.974201 0.70
350.028718 0.70
350.088501 0.70
350.154581 0.70
350.219327 0.70
350.269719 0.70
350.323344 0.70
350.373723 0.70
350.433513 0.70
350.503597 0.70
350.567717 0.69
350.637209 0.70
350.687970 0.70
350.753973 0.70
350.818507 0.70
350.883203 0.70
350.942729 0.70
351.002612 0.70
351.072598 0.70
351.142204 0.70
351.201528 0.70
351.271204 0.70
351.335204 0.70
351.399607 0.70
351.458080 0.70
351.532205 0.70
351.601081 0.70
351.675493 0.70
351.744730 0.70
351.804083 0.70
351.868506 0.70
351.929587 0.70
351.994086 0.70
352.058084 0.70
352.127093 0.70
352.195961 0.70
352.260739 0.70
352.316739 0.70
352.372590 0.70
352.447216 0.70
352.501339 0.70
352.566091 0.70
352.625518 0.70
352.686591 0.70
352.751343 0.70
352.821095 0.70
352.876218 0.70
352.930219 0.70
352.985098 0.70
353.035220 0.70
353.085356 0.70
353.150350 0.70
353.215349 0.70
353.281096 0.70
353.336220 0.70
353.386846 0.69
353.450345 0.70
353.510851 0.70
353.558223 0.70
353.617097 0.70
353.677223 0.70
353.736099 0.70
353.796222 0.70
353.855222 0.70
353.914099 0.70
353.978100 0.70
354.042350 0.70
354.125101 0.69
354.194352 0.70
354.268975 0.70
354.343228 0.71
354.397105 0.70
354.461101 0.69
354.525226 0.70
354.583977 0.70
354.647853 0.70
354.711354 0.70
354.766354 0.70
354.821356 0.70
354.884857 0.70
354.948357 0.70
355.003361 0.70
355.072860 0.70
355.142233 0.70
355.217247 0.70
355.277987 0.70
355.342238 0.70
355.417362 0.70
355.492111 0.70
355.551235 0.70
355.614879 0.70
355.674367 0.70
355.738996 0.70
355.798364 0.70
355.867876 0.70
355.936987 0.70
355.996742 0.70
356.055881 0.70
356.121239 0.70
356.176114 0.70
356.226746 0.69
356.281881 0.70
356.350992 0.70
356.416752 0.70
356.471885 0.70
356.527119 0.70
356.591120 0.70
356.650119 0.70
356.709531 0.70
356.769766 0.69
356.844120 0.70
356.898398 0.70
356.973123 0.70
357.032247 0.70
357.091375 0.70
357.160249 0.70
357.223747 0.70
357.297875 0.70
357.356252 0.70
357.419757 0.70
357.488771 0.70
357.553554 0.70
357.615005 0.70
357.674253 0.70
357.734894 0.70
357.803891 0.70
357.867891 0.70
357.936895 0.70
358.000892 0.70
358.064894 0.70
358.128894 0.70
358.192897 0.70
358.256897 0.70
358.320897 0.70
358.384896 0.70
358.448896 0.70
358.512895 0.70
358.566886 0.69
358.632651 0.69
358.692396 0.70
358.753137 0.70
358.807450 0.70
358.872147 0.70
358.938138 0.70
358.992408 0.70
359.052150 0.70
359.123648 0.70
359.187907 0.70
359.252394 0.70
359.316269 0.70
359.380265 0.70
359.445893 0.70
359.504890 0.70
359.560141 0.70
359.610150 0.70
359.685266 0.70
359.750144 0.69
359.814899 0.70
359.879019 0.70
359.944149 0.71
360.009149 0.70
360.070155 0.70
360.135150 0.70
360.196400 0.69
360.261280 0.69
360.321026 0.70
360.375402 0.70
360.439816 0.70
360.494278 0.70
360.559153 0.70
360.620035 0.70
360.685029 0.70
360.749904 0.70
360.809034 0.70
360.873796 0.69
360.928280 0.70
360.995910 0.70
361.050280 0.69
361.114800 0.70
361.174035 0.70
361.244041 0.70
361.309033 0.70
361.379036 0.70
361.449295 0.70
361.514033 0.70
361.570037 0.70
361.635041 0.70
361.695680 0.70
361.751033 0.70
361.810166 0.70
361.876033 0.70
361.936567 0.70
361.992044 0.70
362.052802 0.70
362.117472 0.70
362.181719 0.70
362.244038 0.70
362.318293 0.70
362.371601 0.70
362.440910 0.70
362.499803 0.70
362.563927 0.69
362.628162 0.70
362.702565 0.70
362.775292 0.70
362.845039 0.70
362.911039 0.69
362.971807 0.70
363.054806 0.70
363.124165 0.70
363.196820 0.70
363.261168 0.70
363.325811 0.69
363.389812 0.70
363.449168 0.70
363.513799 0.70
363.578174 0.70
363.647812 0.70
363.706922 0.70
363.761180 0.70
363.820926 0.69
363.890925 0.70
363.945059 0.70
364.009929 0.70
364.060179 0.70
364.114176 0.70
364.173932 0.70
364.245826 0.69
364.300179 0.70
364.360933 0.70
364.431064 0.70
364.502711 0.70
364.557184 0.70
364.622063 0.70
364.687931 0.70
364.752704 0.70
364.803189 0.70
364.867575 0.70
364.927187 0.70
364.986724 0.70
365.046184 0.70
365.106466 0.70
365.171190 0.70
365.235697 0.70
365.295190 0.70
365.354937 0.70
365.414061 0.70
365.473061 0.70
365.532197 0.70
365.586062 0.70
365.660829 0.70
365.725196 0.70
365.784942 0.70
365.848935 0.70
365.907576 0.70
365.976453 0.69
366.046063 0.70
366.104939 0.70
366.163938 0.70
366.229578 0.70
366.299064 0.70
366.368568 0.69
366.438067 0.70
366.507584 0.70
366.577068 0.70
366.637826 0.70
366.703485 0.70
366.762716 0.70
366.821743 0.70
366.875321 0.70
366.935076 0.70
366.999579 0.69
367.060326 0.70
367.115849 0.70
367.176339 0.70
367.235488 0.70
367.294740 0.70
367.345078 0.70
367.405828 0.70
367.475582 0.70
367.534953 0.70
367.595490 0.70
367.650828 0.70
367.704328 0.70
367.768950 0.70
367.838327 0.70
367.907591 0.70
367.966480 0.70
368.035725 0.70
368.094829 0.70
368.148455 0.69
368.217581 0.70
368.281596 0.69
368.345595 0.70
368.409595 0.70
368.473722 0.70
368.532336 0.70
368.596472 0.70
368.665637 0.70
368.724583 0.70
368.788334 0.69
368.852600 0.70
368.916602 0.70
368.980600 0.70
369.039726 0.69
369.105602 0.69
369.159586 0.70
369.218589 0.70
369.282461 0.70
369.351605 0.70
369.410589 0.70
369.469463 0.70
369.533212 0.70
369.588341 0.70
369.657605 0.70
369.716371 0.70
369.775373 0.70
369.839592 0.70
369.898342 0.70
369.962343 0.70
370.009755 0.70
370.068344 0.70
370.132346 0.70
370.196629 0.70
370.250974 0.70
370.315743 0.70
370.374490 0.70
370.433346 0.70
370.497220 0.70
370.566347 0.70
370.624846 0.70
370.688973 0.70
370.742222 0.70
370.806365 0.70
370.865366 0.70
370.923740 0.70
370.982353 0.70
371.041224 0.70
371.110522 0.70
371.174352 0.70
371.238352 0.70
371.307101 0.70
371.365866 0.70
371.429744 0.70
371.488354 0.70
371.552354 0.70
371.616357 0.70
371.675355 0.70
371.739356 0.70
371.803356 0.70
371.867360 0.70
371.926357 0.70
371.990358 0.70
372.054358 0.70
372.118359 0.70
372.182362 0.70
372.246233 0.70
372.311628 0.69
372.370234 0.70
37