0.000000 0.000000
0.041658 5.35
0.096273 2.66
0.156000 2.66
0.222405 2.66
0.281758 2.66
0.335518 2.66
0.399393 2.66
0.468249 2.66
0.537518 2.66
0.601393 2.66
0.670396 2.66
0.735024 2.66
0.790523 2.66
0.845008 2.66
0.906013 2.66
0.976540 4.34
1.030877 4.34
1.091125 4.34
1.157000 4.34
1.221000 4.34
1.285000 4.34
1.349000 4.34
1.408528 4.34
1.462884 4.34
1.527266 4.34
1.586261 4.34
1.650258 4.34
1.719404 4.34
1.783404 4.34
1.842129 4.34
1.917005 4.34
1.977130 4.34
2.041290 4.34
2.105131 4.34
2.169132 4.34
2.238259 4.34
2.312883 4.34
2.371523 4.34
2.430134 4.34
2.499260 4.34
2.568409 4.34
2.632261 4.34
2.706887 4.34
2.770762 4.34
2.829263 4.34
2.893137 4.34
2.962264 4.34
3.026139 4.34
3.095291 4.34
3.159140 4.34
3.223141 4.34
3.292416 4.34
3.358169 4.34
3.422142 4.34
3.491294 4.34
3.560296 4.34
3.629419 4.34
3.688144 4.34
3.747145 4.34
3.806284 4.34
3.865145 4.34
3.929146 4.34
3.988288 4.34
4.047147 4.34
4.111147 4.34
4.175148 4.34
4.239148 4.34
4.303274 4.34
4.362149 4.34
4.421150 4.34
4.485277 4.34
4.544151 4.34
4.608152 4.34
4.667277 4.34
4.726152 4.34
4.790153 4.34
4.854154 4.34
4.918154 4.34
4.977155 4.34
5.036155 4.34
5.100155 4.34
5.164282 4.34
5.223157 4.34
5.287156 4.34
5.351157 4.34
5.415158 4.34
5.479284 4.34
5.538160 4.34
5.602159 4.34
5.666160 4.34
5.730160 4.34
5.794287 4.34
5.853162 4.34
5.917162 4.34
5.981163 4.34
6.045163 4.34
6.109290 4.34
6.168164 4.34
6.232164 4.34
6.296165 4.34
6.360166 4.34
6.428916 4.34
6.484166 4.34
6.533557 4.34
6.587168 4.34
6.637792 4.34
6.696559 4.34
6.750168 4.34
6.803561 4.34
6.857170 4.34
6.906560 4.34
6.960171 4.34
7.010796 4.34
7.074297 4.34
7.132921 4.34
7.180172 4.34
7.230798 4.34
7.294299 4.34
7.357923 4.34
7.417799 4.34
7.481301 4.34
7.544925 4.34
7.603566 4.34
7.657176 4.34
7.725926 4.34
7.784568 4.34
7.838304 4.34
7.896927 4.34
7.965929 4.34
8.024570 4.34
8.083570 4.34
8.137180 4.34
8.206055 4.34
8.275056 4.34
8.339057 4.34
8.402932 4.34
8.472058 4.34
8.536058 4.34
8.605058 4.34
8.669059 4.34
8.743060 4.34
8.812060 4.34
8.875935 4.34
8.934578 4.34
8.989811 4.34
9.041187 4.34
9.100062 4.34
9.169063 4.34
9.232939 4.34
9.292827 4.34
9.344190 4.34
9.413065 4.34
9.463831 4.34
9.515191 4.34
9.578941 4.34
9.643067 4.34
9.693832 4.34
9.749832 4.34
9.805833 4.34
9.861834 4.34
9.909194 4.34
9.972945 4.34
10.028837 4.34
10.097946 4.34
10.171821 4.34
10.227837 4.34
10.283837 4.34
10.339839 4.34
10.395839 4.34
10.460948 4.34
10.534823 4.34
10.599824 4.34
10.668950 4.34
10.742825 4.34
10.812076 4.34
10.875827 4.34
10.949827 4.34
11.023953 4.34
11.097829 4.34
11.167079 4.34
11.235830 4.34
11.299830 4.34
11.373830 4.34
11.447832 4.34
11.516832 4.34
11.590832 4.34
11.654833 4.34
11.718834 4.34
11.782834 4.34
11.846850 4.34
11.910835 4.34
11.974835 4.34
12.038836 4.34
12.102837 4.34
12.166837 4.34
12.230837 4.34
12.294838 4.34
12.355088 4.34
12.413855 4.34
12.474089 4.34
12.532853 4.34
12.593090 4.34
12.651841 4.34
12.715841 4.34
12.779842 4.34
12.843843 4.34
12.907843 4.34
12.971859 4.34
13.035861 4.34
13.099858 4.34
13.174486 4.34
13.238376 4.34
13.302371 4.34
13.366373 4.34
13.430372 4.34
13.494349 4.34
13.560223 4.34
13.613849 4.34
13.677740 4.34
13.751724 4.34
13.810100 4.34
13.878726 4.34
13.937101 4.34
13.995852 4.34
14.070353 4.34
14.130853 4.34
14.204745 4.34
14.264855 4.34
14.319881 4.34
14.373354 4.34
14.424758 4.34
14.479758 4.34
14.534756 4.34
14.587982 4.34
14.651623 4.34
14.706748 4.34
14.775747 4.34
14.835761 4.34
14.894243 4.34
14.952751 4.34
15.011242 4.34
15.069749 4.34
15.129513 4.34
15.187986 4.34
15.251754 4.34
15.306244 4.34
15.364863 4.34
15.415512 4.34
15.479245 4.34
15.532631 4.34
15.596248 4.34
15.654865 4.34
15.714865 4.34
15.773758 4.34
15.851393 4.34
15.915247 4.34
15.979246 4.34
16.039518 4.34
16.098248 4.34
16.162248 4.34
16.234760 4.34
16.298871 4.34
16.357761 4.34
16.421871 4.34
16.480761 4.34
16.563763 4.34
16.627764 4.34
16.705400 4.34
16.769258 4.34
16.833257 4.34
16.897257 4.34
16.968126 4.34
17.022001 4.34
17.076002 4.34
17.134768 4.34
17.198769 4.34
17.262769 4.34
17.326770 4.34
17.385768 4.34
17.439129 4.34
17.492772 4.34
17.556771 4.34
17.615258 4.34
17.679258 4.34
17.743258 4.34
17.807259 4.34
17.867409 4.34
17.931260 4.34
17.987410 4.34
18.047775 4.34
18.107759 4.34
18.158410 4.34
18.218410 4.34
18.287775 4.34
18.347762 4.34
18.407779 4.34
18.466887 4.34
18.536265 4.34
18.600268 4.34
18.659266 4.34
18.723140 4.34
18.787141 4.34
18.851141 4.34
18.904782 4.34
18.968783 4.34
19.032784 4.34
19.096768 4.34
19.156419 4.34
19.225785 4.34
19.289770 4.34
19.355020 4.34
19.408770 4.34
19.474021 4.34
19.532785 4.34
19.607272 4.34
19.662648 4.34
19.721538 4.34
19.785540 4.34
19.851023 4.34
19.904541 4.34
19.978425 4.34
20.043775 4.34
20.108901 4.34
20.162542 4.34
20.221151 4.34
20.271152 4.34
20.331429 4.34
20.386792 4.34
20.450794 4.34
20.509794 4.34
20.568796 4.34
20.632546 4.34
20.691155 4.34
20.760031 4.34
20.813550 4.34
20.887434 4.34
20.934798 4.34
21.003435 4.34
21.077549 4.34
21.133285 4.34
21.192035 4.34
21.245549 4.34
21.301286 4.34
21.354786 4.34
21.423411 4.34
21.470802 4.34
21.539412 4.34
21.586802 4.34
21.655553 4.34
21.724164 4.34
21.792789 4.34
21.861414 4.34
21.935416 4.34
22.009416 4.34
22.083417 4.34
22.157417 4.34
22.231417 4.34
22.305418 4.34
22.374169 4.34
22.444558 4.34
22.509920 4.34
22.563562 4.34
22.637420 4.34
22.707921 4.34
22.761563 4.34
22.831922 4.34
22.885562 4.34
22.955799 4.34
23.024424 4.34
23.098425 4.34
23.172425 4.34
23.246426 4.34
23.315302 4.34
23.370568 4.34
23.429442 4.34
23.493444 4.34
23.562444 4.34
23.636305 4.34
23.701804 4.34
23.765306 4.34
23.812681 4.34
23.881333 4.34
23.937182 4.34
23.993181 4.34
24.061932 4.34
24.107575 4.34
24.176309 4.34
24.250309 4.34
24.324450 4.34
24.393450 4.34
24.457453 4.34
24.521453 4.34
24.595451 4.34
24.669340 4.34
24.738451 4.34
24.812340 4.34
24.881453 4.34
24.950455 4.34
25.024341 4.34
25.098343 4.34
25.162455 4.34
25.231457 4.34
25.305459 4.34
25.369457 4.34
25.433460 4.34
25.507459 4.34
25.566458 4.34
25.635460 4.34
25.699459 4.34
25.768460 4.34
25.842339 4.34
25.916339 4.34
25.990465 4.34
26.064341 4.34
26.124714 4.34
26.183199 4.34
26.243714 4.34
26.302474 4.34
26.366201 4.34
26.426590 4.34
26.490343 4.34
26.559343 4.34
26.619598 4.34
26.678471 4.34
26.747718 4.34
26.806204 4.34
26.868205 4.34
26.937205 4.34
27.006206 4.34
27.066597 4.34
27.125206 4.34
27.194473 4.34
27.258473 4.34
27.322208 4.34
27.391209 4.34
27.460474 4.34
27.524210 4.34
27.593211 4.34
27.662602 4.34
27.726601 4.34
27.785212 4.34
27.854213 4.34
27.923213 4.34
27.992480 4.34
28.056214 4.34
28.125215 4.34
28.196343 4.34
28.260481 4.34
28.324483 4.34
28.388217 4.34
28.452219 4.34
28.521485 4.34
28.585219 4.34
28.654486 4.34
28.718346 4.34
28.777220 4.34
28.837249 4.34
28.897254 4.34
28.950471 4.34
29.014222 4.34
29.078223 4.34
29.147375 4.34
29.206224 4.34
29.265377 4.34
29.324224 4.34
29.383225 4.34
29.447351 4.34
29.511226 4.34
29.570227 4.34
29.634227 4.34
29.698102 4.34
29.767229 4.34
29.836229 4.34
29.905229 4.34
29.974230 4.34
30.043231 4.34
30.107106 4.34
30.176106 4.34
30.248108 4.34
30.317108 4.34
30.389108 4.34
30.458108 4.34
30.535511 4.34
30.599242 4.34
30.668244 4.34
30.732111 4.34
30.801112 4.34
30.878363 4.34
30.942113 4.34
31.011113 4.34
31.093880 4.34
31.162880 4.34
31.223249 4.34
31.307132 4.34
31.362119 4.34
31.420756 4.34
31.471992 4.34
31.519245 4.34
31.583247 4.34
31.657121 4.34
31.711869 4.34
31.767869 4.34
31.826758 4.34
31.899396 4.34
31.958121 4.34
32.022122 4.34
32.086122 4.34
32.155123 4.34
32.219123 4.34
32.292998 4.34
32.340250 4.34
32.399124 4.34
32.463125 4.34
32.527126 4.34
32.591126 4.34
32.655253 4.34
32.714127 4.34
32.778127 4.34
32.842128 4.34
32.906128 4.34
32.988895 4.34
33.047768 4.34
33.111771 4.34
33.180771 4.34
33.244772 4.34
33.313771 4.34
33.377773 4.34
33.446407 4.34
33.505133 4.34
33.569134 4.34
33.633134 4.34
33.707134 4.34
33.771135 4.34
33.835011 4.34
33.904011 4.34
33.973012 4.34
34.047013 4.34
34.117414 4.34
34.181013 4.34
34.236765 4.34
34.300780 4.34
34.364781 4.34
34.424779 4.34
34.488781 4.34
34.547532 4.34
34.601284 4.68
34.660034 4.34
34.720143 4.34
34.779018 4.34
34.843019 4.34
34.907019 4.34
34.980895 4.34
35.028295 4.34
35.082021 4.34
35.146022 4.34
35.210022 4.34
35.274772 4.34
35.333663 4.34
35.397662 4.34
35.461663 4.34
35.525665 4.34
35.589665 4.34
35.658276 4.34
35.721900 4.34
35.780543 4.34
35.849277 4.34
35.912902 4.34
35.972778 4.34
36.031542 4.34
36.085280 4.34
36.143904 4.34
36.212905 4.34
36.271544 4.34
36.330797 4.34
36.389545 4.34
36.450157 4.34
36.515433 4.34
36.569157 4.34
36.634432 4.34
36.697909 4.34
36.756551 4.34
36.816801 4.34
36.877042 4.34
36.936036 4.34
37.005036 4.34
37.078912 4.34
37.138816 4.34
37.186163 4.34
37.254914 4.34
37.310802 4.34
37.358164 4.34
37.421790 4.34
37.475415 4.34
37.529040 4.34
37.579807 4.34
37.627166 4.34
37.690792 4.34
37.738168 4.34
37.796792 4.34
37.844169 4.34
37.902793 4.34
37.950169 4.34
38.013808 4.34
38.069812 4.34
38.125812 4.34
38.199796 4.34
38.273796 4.34
38.334172 4.34
38.397923 4.34
38.453813 4.34
38.509813 4.34
38.583799 4.34
38.652799 4.34
38.726800 4.34
38.800801 4.34
38.874802 4.34
38.948927 4.34
39.022803 4.34
39.092052 4.34
39.160804 4.34
39.229929 4.34
39.304054 4.34
39.367931 4.34
39.431805 4.34
39.495931 4.34
39.564807 4.34
39.638808 4.34
39.702933 4.34
39.776809 4.34
39.845809 4.34
39.909823 4.34
39.973825 4.34
40.037824 4.34
40.101936 4.34
40.160811 4.34
40.224812 4.34
40.288812 4.34
40.352813 4.34
40.413063 4.34
40.471814 4.34
40.535939 4.34
40.599830 4.34
40.663816 4.34
40.727832 4.34
40.791817 4.34
40.855817 4.34
40.919831 4.34
40.979943 4.34
41.038819 4.34
41.102944 4.34
41.166836 4.34
41.230820 4.34
41.294834 4.34
41.358836 4.34
41.422821 4.34
41.486822 4.34
41.546947 4.34
41.605824 4.34
41.680350 4.34
41.744327 4.34
41.808326 4.34
41.872326 4.34
41.936327 4.34
42.000353 4.34
42.064327 4.34
42.128328 4.34
42.192331 4.34
42.251330 4.34
42.315330 4.34
42.379330 4.34
42.448845 4.34
42.512844 4.34
42.576831 4.34
42.640832 4.34
42.704846 4.34
42.768833 4.34
42.832833 4.34
42.891849 4.34
42.955834 4.34
43.019959 4.34
43.078835 4.34
43.137339 4.34
43.201338 4.34
43.265338 4.34
43.329339 4.34
43.393339 4.34
43.457340 4.34
43.526839 4.34
43.576214 4.34
43.625839 4.34
43.676480 4.34
43.740341 4.34
43.809344 4.34
43.868343 4.34
43.932343 4.34
43.996370 4.34
44.065843 4.34
44.116493 4.34
44.180347 4.34
44.239345 4.34
44.305220 4.34
44.358845 4.34
44.409497 4.34
44.468372 4.34
44.532364 4.34
44.596348 4.34
44.670862 4.34
44.734848 4.34
44.798599 4.34
44.856973 4.34
44.925600 4.34
44.985726 4.34
45.038975 4.34
45.107601 4.34
45.165975 4.34
45.234602 4.34
45.294728 4.34
45.347977 4.34
45.416603 4.34
45.476605 4.34
45.548355 4.34
45.618606 4.34
45.678607 4.34
45.738607 4.34
45.798608 4.34
45.870357 4.34
45.944107 4.34
46.002483 4.34
46.053608 4.34
46.108108 4.34
46.166484 4.34
46.221484 4.34
46.276486 4.34
46.327610 4.34
46.391110 4.34
46.449487 4.34
46.496736 4.34
46.546111 4.34
46.604488 4.34
46.662863 4.34
46.731489 4.34
46.778739 4.34
46.829364 4.34
46.892864 4.34
46.961492 4.34
47.019865 4.34
47.088492 4.34
47.146867 4.34
47.215493 4.34
47.273867 4.34
47.342494 4.34
47.400869 4.34
47.469496 4.34
47.527869 4.34
47.596495 4.34
47.654870 4.34
47.723497 4.34
47.787252 4.34
47.842650 4.34
47.907999 4.34
47.961524 4.34
48.035399 6.36
48.106258 6.36
48.165001 6.36
48.218525 6.36
48.292403 6.36
48.353415 6.68
48.424773 6.36
48.483521 6.68
48.552409 6.68
48.622281 6.68
48.686761 6.68
48.741883 6.68
48.795523 6.68
48.859534 7.02
48.930515 7.02
48.989135 7.02
49.053134 7.02
49.118651 7.02
49.178784 7.02
49.248270 7.37
49.303418 7.02
49.378136 7.37
49.438413 7.37
49.513795 7.37
49.575017 7.37
49.630141 7.69
49.695657 7.69
49.750781 7.69
49.810452 7.69
49.867554 7.69
49.927270 7.69
49.990767 7.69
50.059690 7.69
50.124666 8.03
50.189302 8.03
50.253660 8.03
50.319549 8.03
50.384154 8.03
50.449149 8.03
50.513791 8.03
50.574537 8.35
50.638286 8.35
50.702792 8.35
50.756430 8.35
50.822551 8.35
50.886428 8.35
50.950796 8.35
51.004402 8.35
51.063433 8.70
51.122792 8.70
51.176790 8.70
51.236156 8.70
51.301154 8.70
51.365435 8.70
51.435152 9.04
51.499668 9.04
51.564158 9.04
51.623031 9.04
51.692797 9.04
51.751310 9.36
51.820681 9.36
51.874784 9.36
51.928453 9.36
52.003032 9.36
52.072310 9.36
52.136809 9.36
52.201035 9.36
52.259800 9.71
52.318316 9.71
52.387801 9.71
52.438169 9.71
52.499452 9.71
52.558806 9.71
52.612412 9.71
52.681315 10.03
52.745700 10.03
52.806916 10.03
52.871686 10.03
52.926168 10.03
52.996167 10.03
53.055040 10.03
53.124041 10.03
53.190470 10.03
53.250181 10.03
53.315224 10.03
53.376673 10.03
53.430547 10.03
53.494335 10.03
53.563420 10.03
53.637301 10.03
53.706321 10.03
53.775323 10.03
53.849796 10.03
53.914047 10.03
53.977690 10.03
54.041303 10.03
54.105049 10.03
54.168925 10.03
54.232693 10.03
54.291551 10.03
54.355426 10.03
54.419175 10.03
54.474328 10.03
54.534427 10.03
54.598332 10.03
54.662177 10.03
54.728493 10.03
54.792679 10.03
54.846444 10.03
54.910704 10.03
54.975062 10.03
55.034188 10.03
55.100325 10.03
55.159840 10.03
55.218700 10.03
55.277339 10.03
55.342489 10.03
55.401184 10.03
55.465189 10.03
55.534702 10.03
55.593186 10.03
55.657187 10.03
55.726703 10.03
55.785187 10.03
55.854314 10.03
55.923189 10.03
55.997939 10.03
56.072344 10.03
56.136706 10.03
56.195317 10.03
56.264317 10.03
56.328191 10.03
56.402192 10.03
56.471192 10.03
56.529570 10.03
56.593470 10.03
56.657195 10.03
56.726194 10.37
56.800200 10.37
56.864196 10.37
56.933199 10.03
57.002197 10.37
57.062448 10.03
57.121074 10.03
57.168353 10.03
57.227199 10.03
57.286204 10.03
57.345075 10.03
57.400200 10.03
57.464075 10.03
57.524827 10.03
57.588957 10.03
57.648080 9.71
57.712078 9.36
57.759356 8.70
57.818473 8.35
57.882205 7.69
57.946080 7.02
58.006705 7.02
58.065357 7.02
58.129081 7.02
58.192956 7.02
58.251956 7.02
58.310958 7.02
58.374959 7.02
58.433834 7.02
58.492477 7.02
58.551085 7.02
58.619835 7.02
58.678460 7.02
58.737969 7.02
58.797379 7.02
58.856213 7.02
58.925213 7.02
58.989089 7.02
59.047481 7.02
59.101214 7.02
59.165092 7.02
59.239215 6.68
59.303215 6.68
59.362216 6.68
59.426224 6.68
59.495343 6.68
59.560466 6.68
59.629344 6.68
59.693218 6.68
59.757969 6.36
59.818094 6.68
59.878096 6.68
59.933125 6.68
59.991614 6.68
60.044972 6.68
60.092364 6.68
60.146225 6.68
60.209974 6.68
60.257223 6.68
60.315974 6.68
60.363224 6.68
60.413849 6.68
60.482725 6.68
60.551351 6.68
60.615100 6.68
60.679852 6.68
60.738352 6.68
60.796978 6.68
60.858728 6.68
60.917354 6.68
60.980978 6.68
61.039355 6.68
61.107979 6.68
61.166355 6.68
61.225107 6.68
61.293980 6.68
61.352356 6.68
61.415981 6.68
61.474358 6.68
61.542984 6.68
61.601359 6.68
61.669984 6.68
61.728359 6.68
61.796984 6.68
61.857112 6.68
61.912124 6.68
61.977490 6.68
62.040988 6.68
62.099613 6.68
62.161488 6.68
62.224988 6.68
62.285055 6.68
62.349004 6.68
62.408992 6.68
62.468992 6.68
62.528992 6.68
62.588992 6.68
62.647880 6.68
62.703749 6.68
62.767250 6.68
62.835870 6.68
62.894252 6.68
62.962876 6.68
63.018256 6.68
63.077123 6.68
63.127746 6.68
63.186527 6.68
63.239872 6.68
63.287123 6.68
63.356012 6.68
63.415773 6.68
63.480003 6.68
63.549001 6.68
63.604750 6.68
63.673500 6.68
63.727258 6.68
63.786126 6.68
63.850003 6.68
63.918752 6.68
63.977254 6.68
64.040879 6.68
64.115791 6.68
64.174880 6.68
64.248880 6.68
64.307513 6.68
64.360882 6.68
64.419525 6.68
64.474641 6.68
64.543886 6.68
64.614412 6.68
64.678008 6.68
64.747009 6.68
64.811010 6.68
64.870769 6.68
64.934889 6.68
64.999012 6.68
65.068012 6.68
65.131887 6.68
65.191889 6.68
65.251013 6.36
65.315014 6.36
65.384014 6.36
65.448015 6.36
65.516890 6.36
65.572773 6.36
65.638418 6.36
65.691891 6.36
65.747660 6.36
65.806143 6.36
65.869892 6.36
65.925647 6.36
65.989145 6.36
66.057769 6.36
66.105019 6.36
66.155645 6.36
66.219145 6.36
66.287775 6.36
66.346147 6.36
66.414771 6.36
66.473147 6.36
66.541773 6.36
66.589149 6.36
66.648024 6.36
66.712026 6.36
66.775776 6.36
66.831650 6.36
66.895152 6.36
66.958777 6.36
67.028540 6.36
67.098534 6.36
67.168156 6.36
67.231779 6.36
67.301030 6.36
67.360030 6.36
67.424658 6.36
67.484158 6.36
67.547782 6.36
67.606423 6.36
67.660033 6.36
67.728802 6.36
67.794946 6.36
67.853784 6.36
67.922785 6.36
67.996785 6.36
68.055428 6.36
68.105664 6.36
68.170792 6.36
68.230792 6.36
68.284039 6.36
68.352666 6.36
68.411040 6.36
68.479807 6.36
68.543790 6.36
68.599682 6.36
68.647040 6.36
68.705791 6.68
68.774808 6.68
68.838918 6.36
68.897793 6.36
68.966686 6.36
69.030670 6.36
69.078044 6.36
69.141795 6.36
69.205795 6.36
69.274795 6.36
69.338796 6.36
69.402796 6.36
69.466797 6.36
69.530813 6.36
69.595560 6.36
69.660471 6.36
69.725692 6.68
69.784049 6.36
69.852675 6.36
69.916332 6.36
69.969925 6.68
70.038801 6.36
70.112802 6.36
70.181803 6.36
70.250803 6.36
70.314679 6.36
70.378823 6.36
70.442805 6.36
70.511680 6.68
70.575335 6.68
70.635681 6.68
70.695683 6.68
70.750686 6.36
70.809828 6.68
70.875057 6.68
70.943683 6.36
71.007326 6.36
71.075934 6.36
71.139685 6.68
71.199687 6.36
71.259687 6.36
71.312936 6.36
71.381562 6.36
71.428812 6.36
71.502563 6.36
71.549814 6.36
71.613563 6.36
71.664689 6.36
71.720440 6.36
71.783940 6.36
71.842566 6.36
71.889816 6.36
71.940441 6.36
72.003941 6.36
72.072568 6.36
72.130943 6.36
72.199568 6.36
72.257944 6.36
72.326569 6.36
72.384944 6.36
72.443570 6.36
72.501945 6.36
72.570838 6.36
72.639579 6.36
72.697949 6.36
72.766575 6.36
72.824951 6.36
72.893577 6.36
72.962726 6.36
73.026843 6.36
73.095841 6.36
73.154827 6.36
73.213843 6.36
73.272953 6.36
73.332382 6.36
73.396726 6.36
73.460956 6.36
73.519830 6.36
73.578725 6.36
73.642831 6.36
73.703611 6.36
73.757206 6.36
73.816207 6.36
73.875207 6.36
73.949475 6.36
74.000833 6.36
74.060484 6.36
74.124584 6.36
74.198477 6.36
74.260210 6.36
74.328836 6.36
74.392478 6.36
74.449217 6.36
74.518840 6.36
74.577729 6.36
74.641728 6.36
74.705731 6.36
74.769840 6.36
74.836102 6.36
74.902599 6.36
74.966844 6.36
75.025735 6.36
75.089717 6.36
75.153843 6.36
75.212845 6.36
75.281468 6.36
75.339846 6.36
75.408472 6.36
75.477485 6.36
75.546846 6.36
75.605739 6.36
75.679737 6.36
75.748490 6.36
75.822487 6.36
75.892974 6.36
75.953644 6.68
76.012851 6.36
76.081749 6.36
76.145851 6.36
76.204491 6.36
76.268102 6.36
76.336745 6.36
76.401852 6.36
76.465354 6.36
76.523728 6.36
76.592355 6.36
76.655980 6.36
76.714358 6.36
76.771511 6.36
76.829981 6.36
76.883359 6.36
76.938622 6.36
77.007633 6.36
77.062749 6.36
77.131360 6.36
77.188109 6.36
77.252401 6.36
77.312860 6.36
77.371485 6.36
77.436516 6.36
77.501514 6.36
77.557378 6.36
77.622487 6.36
77.691506 6.36
77.755394 6.36
77.819114 6.36
77.895532 6.36
77.959783 6.36
78.024118 6.36
78.088518 6.36
78.152492 6.36
78.221744 6.36
78.292500 6.36
78.356119 6.36
78.426522 6.36
78.491869 6.36
78.545370 6.36
78.614389 6.36
78.688371 6.36
78.747253 6.36
78.807527 6.36
78.872132 6.36
78.936123 6.36
78.999998 6.36
79.065376 6.36
79.129125 6.36
79.194404 6.36
79.268529 6.36
79.332255 6.36
79.385766 6.36
79.454377 6.36
79.518258 6.36
79.569756 6.36
79.620006 6.36
79.689754 6.36
79.753255 6.36
79.808269 6.36
79.863649 6.36
79.927761 6.36
79.981542 6.36
80.047159 6.36
80.107261 6.36
80.167882 6.36
80.221294 6.36
80.285398 6.36
80.359297 6.36
80.433760 6.36
80.492433 6.36
80.566294 6.36
80.640549 6.36
80.701652 6.36
80.771142 6.36
80.829889 6.36
80.889148 6.36
80.953139 6.36
81.017643 6.36
81.083433 6.36
81.144460 6.36
81.203317 6.36
81.273024 6.36
81.333410 6.36
81.393649 6.36
81.452273 6.36
81.521425 6.36
81.592467 6.36
81.658425 6.36
81.722326 6.36
81.796300 6.36
81.865274 6.36
81.934304 6.36
82.005304 6.36
82.069665 6.36
82.128665 6.36
82.192401 6.36
82.266280 6.36
82.335150 6.36
82.395407 6.36
82.450027 6.36
82.513526 6.36
82.582151 6.36
82.637155 6.36
82.688283 6.36
82.757308 6.36
82.831154 6.36
82.896905 6.36
82.960794 6.36
83.016160 6.36
83.076672 6.36
83.135296 6.36
83.209310 6.36
83.278158 6.36
83.347316 6.36
83.411411 6.36
83.475159 6.36
83.544160 6.36
83.604661 6.36
83.663316 6.36
83.737165 6.36
83.795662 6.36
83.854162 6.36
83.923163 6.36
83.992163 6.36
84.056164 6.36
84.125414 6.36
84.189318 6.36
84.253168 6.36
84.311666 6.36
84.375168 6.36
84.440809 6.36
84.501167 6.36
84.570794 6.36
84.631168 6.36
84.700299 6.36
84.774169 6.36
84.848170 6.36
84.917171 6.36
84.981368 6.36
85.050174 6.36
85.114808 6.36
85.180203 6.36
85.235201 6.36
85.295327 6.36
85.354342 6.36
85.409681 6.36
85.479938 6.36
85.533679 6.36
85.587677 6.36
85.646052 6.68
85.717428 6.68
85.776185 6.68
85.845571 6.36
85.901067 6.68
85.961316 6.68
86.020186 6.68
86.084497 6.68
86.139070 6.68
86.214452 6