0.000000 0.000000
0.057915 62.00
0.124943 62.00
0.174634 61.00
0.225256 61.00
0.288756 62.00
0.359129 62.00
0.404630 62.00
0.455255 61.00
0.518756 61.00
0.592507 62.00
0.645757 62.00
0.721832 61.00
0.781389 61.00
0.846394 61.00
0.911411 61.00
0.976392 61.00
1.042794 61.00
1.106904 61.00
1.170900 61.00
1.234904 61.00
1.298901 61.00
1.362901 61.00
1.433574 62.00
1.494395 62.00
1.558908 61.00
1.617906 61.00
1.681541 61.00
1.752142 61.00
1.815906 61.00
1.874542 61.00
1.938670 62.00
2.009143 62.00
2.072909 62.00
2.133034 62.00
2.182910 62.00
2.246548 62.00
2.317037 61.00
2.362659 61.00
2.426549 61.00
2.495540 61.00
2.566147 61.00
2.629789 61.00
2.695041 61.00
2.740541 61.00
2.806150 61.00
2.864792 61.00
2.933550 62.00
2.999043 62.00
3.064152 61.00
3.133043 61.00
3.178652 61.00
3.247545 61.00
3.318153 61.00
3.376795 61.00
3.445532 61.00
3.519533 61.00
3.593656 61.00
3.667657 61.00
3.736558 61.00
3.805407 61.00
3.879658 61.00
3.953551 61.00
4.022535 61.00
4.091536 61.00
4.165661 61.00
4.234537 61.00
4.303661 61.00
4.377538 61.00
4.451663 61.00
4.525566 61.00
4.599540 61.00
4.673541 61.00
4.747541 61.00
4.821682 61.00
4.885542 61.00
4.949559 61.00
5.018544 61.00
5.073545 61.00
5.134043 61.00
5.196058 61.00
5.258061 61.00
5.316685 61.00
5.377062 61.00
5.435547 61.00
5.505925 61.00
5.560421 62.00
5.609798 62.00
5.673297 62.00
5.726550 62.00
5.796923 61.00
5.842424 61.00
5.893049 61.00
5.951550 61.00
6.021926 62.00
6.067425 62.00
6.118051 62.00
6.181552 61.00
6.255302 61.00
6.308553 62.00
6.382302 61.00
6.435554 61.00
6.504303 61.00
6.557554 62.00
6.631305 62.00
6.684556 62.00
6.758306 61.00
6.811557 61.00
6.885307 61.00
6.938558 61.00
7.012307 62.00
7.065559 62.00
7.134309 61.00
7.187560 61.00
7.261310 61.00
7.314561 61.00
7.388311 61.00
7.443186 61.00
7.501563 61.00
7.575312 61.00
7.630187 62.00
7.690188 62.00
7.758939 61.00
7.822439 61.00
7.892815 61.00
7.956316 61.00
8.011190 61.00
8.071191 61.00
8.134692 61.00
8.189817 61.00
8.243067 61.00
8.301443 61.00
8.371818 61.00
8.426819 61.00
8.472319 61.00
8.522945 61.00
8.586445 61.00
8.656821 61.00
8.702322 61.00
8.751697 62.00
8.815198 62.00
8.868448 62.00
8.942198 61.00
8.995449 61.00
9.065824 61.00
9.111324 61.00
9.161951 61.00
9.225450 61.00
9.299201 62.00
9.352451 62.00
9.426203 61.00
9.484703 61.00
9.548203 61.00
9.601453 61.00
9.675204 62.00
9.728454 62.00
9.802205 61.00
9.855456 61.00
9.929206 61.00
9.982456 61.00
10.056208 61.00
10.114708 61.00
10.178208 61.00
10.233083 61.00
10.288083 61.00
10.346460 61.00
10.420210 62.00
10.480337 62.00
10.530086 61.00
10.590087 61.00
10.645087 62.00
10.705088 62.00
10.765088 61.00
10.820089 61.00
10.883591 61.00
10.952340 61.00
11.021341 62.00
11.090341 62.00
11.159342 62.00
11.228343 62.00
11.297343 61.00
11.371343 61.00
11.440344 61.00
11.507095 62.00
11.560345 62.00
11.627345 61.00
11.696096 61.00
11.749346 61.00
11.816347 61.00
11.885347 61.00
11.954348 61.00
12.023098 62.00
12.076349 62.00
12.145350 62.00
12.219350 62.00
12.288351 61.00
12.355479 61.00
12.414352 61.00
12.491868 61.00
12.560995 61.00
12.624877 61.00
12.693995 61.00
12.757868 61.00
12.821355 61.00
12.885355 62.00
12.949356 62.00
13.013356 62.00
13.077357 62.00
13.154999 61.00
13.218998 61.00
13.282875 61.00
13.348109 61.00
13.404001 61.00
13.462760 61.00
13.531760 62.00
13.595362 62.00
13.660638 61.00
13.706363 61.00
13.771639 62.00
13.817363 62.00
13.882638 61.00
13.928364 61.00
13.992239 61.00
14.056240 61.00
14.120366 61.00
14.179242 61.00
14.239641 62.00
14.285367 62.00
14.344008 62.00
14.402769 61.00
14.476884 61.00
14.535369 62.00
14.598995 61.00
14.657885 61.00
14.716370 61.00
14.780246 61.00
14.849121 62.00
14.917997 62.00
14.971498 62.00
15.025123 62.00
15.098999 61.00
15.163125 61.00
15.227124 62.00
15.290767 62.00
15.354378 61.00
15.423001 61.00
15.476503 61.00
15.530377 61.00
15.594002 61.00
15.658003 61.00
15.711505 61.00
15.765129 62.00
15.839005 62.00
15.908130 61.00
15.976771 62.00
16.037023 62.00
16.101007 61.00
16.159381 61.00
16.228008 62.00
16.282883 62.00
16.342883 61.00
16.396134 61.00
16.466511 61.00
16.530010 61.00
16.588385 62.00
16.652027 62.00
16.704529 62.00
16.750136 62.00
16.820529 62.00
16.866137 61.00
16.940014 61.00
17.005515 62.00
17.051140 62.00
17.120015 61.00
17.176029 61.00
17.232032 61.00
17.288032 61.00
17.344030 62.00
17.400031 62.00
17.465032 62.00
17.534034 62.00
17.608034 61.00
17.664034 61.00
17.733019 61.00
17.807020 61.00
17.872037 61.00
17.946037 61.00
18.020147 61.00
18.094036 61.00
18.168037 61.00
18.237149 61.00
18.311044 61.00
18.380040 62.00
18.449040 62.00
18.518041 62.00
18.592042 62.00
18.656042 62.00
18.720153 61.00
18.784042 61.00
18.848044 62.00
18.912042 62.00
18.976029 61.00
19.040045 61.00
19.099052 62.00
19.163048 62.00
19.227045 62.00
19.291045 62.00
19.355048 62.00
19.414034 62.00
19.478051 61.00
19.542034 61.00
19.606034 61.00
19.670035 61.00
19.725049 61.00
19.789036 61.00
19.853050 61.00
19.917162 61.00
19.981054 61.00
20.045054 61.00
20.109052 61.00
20.173039 61.00
20.237055 62.00
20.301041 62.00
20.365166 61.00
20.429054 61.00
20.493058 61.00
20.557058 61.00
20.621060 61.00
20.685059 61.00
20.749060 62.00
20.813170 62.00
20.877061 61.00
20.941060 61.00
21.005063 61.00
21.069060 61.00
21.133061 61.00
21.207573 62.00
21.266574 62.00
21.330575 61.00
21.394575 61.00
21.458580 61.00
21.522577 61.00
21.581575 61.00
21.645577 61.00
21.709576 61.00
21.764952 61.00
21.823568 61.00
21.882567 61.00
21.946570 62.00
22.010570 62.00
22.064179 61.00
22.123071 61.00
22.187072 61.00
22.245946 61.00
22.310072 61.00
22.374182 62.00
22.423821 62.00
22.473183 61.00
22.532073 61.00
22.596075 62.00
22.650825 62.00
22.701434 62.00
22.765574 62.00
22.820435 62.00
22.889578 62.00
22.940437 61.00
23.014703 61.00
23.069437 61.00
23.138566 61.00
23.189438 62.00
23.258565 62.00
23.317564 61.00
23.392081 61.00
23.456082 62.00
23.514833 62.00
23.589082 62.00
23.653083 62.00
23.727569 61.00
23.786569 61.00
23.855710 61.00
23.924711 61.00
23.979946 61.00
24.043709 61.00
24.098946 62.00
24.162711 62.00
24.217947 62.00
24.281713 62.00
24.336823 61.00
24.386824 61.00
24.450713 61.00
24.519715 61.00
24.578450 61.00
24.644200 61.00
24.697966 62.00
24.756967 62.00
24.816076 62.00
24.869969 62.00
24.924969 62.00
24.979970 61.00
25.034970 61.00
25.093970 61.00
25.148970 61.00
25.203974 61.00
25.258971 61.00
25.313969 61.00
25.368972 61.00
25.423972 61.00
25.478972 62.00
25.533971 62.00
25.588973 61.00
25.643974 61.00
25.698973 61.00
25.759098 61.00
25.808848 61.00
25.872851 61.00
25.941734 62.00
25.997588 62.00
26.066737 61.00
26.123086 61.00
26.181738 62.00
26.245853 62.00
26.314739 62.00
26.383464 62.00
26.452340 61.00
26.516090 61.00
26.574731 62.00
26.643732 62.00
26.708981 62.00
26.767592 62.00
26.827860 62.00
26.891744 62.00
26.960744 61.00
27.024595 61.00
27.088220 62.00
27.148470 62.00
27.208722 62.00
27.267346 62.00
27.331222 62.00
27.394746 62.00
27.465098 61.00
27.523749 61.00
27.597599 62.00
27.668100 62.00
27.717751 62.00
27.791600 61.00
27.853101 61.00
27.902752 61.00
27.976480 62.00
28.050752 61.00
28.114483 61.00
28.188754 62.00
28.262485 62.00
28.336629 62.00
28.401632 62.00
28.466632 62.00
28.531630 62.00
28.605492 62.00
28.679486 62.00
28.753486 62.00
28.827633 62.00
28.896635 62.00
28.961636 62.00
29.035637 62.00
29.109488 62.00
29.183762 61.00
29.257494 61.00
29.331636 61.00
29.405489 61.00
29.479492 62.00
29.545004 62.00
29.603639 62.00
29.669008 62.00
29.727642 62.00
29.801493 61.00
29.875493 61.00
29.944644 61.00
30.013368 61.00
30.077243 62.00
30.141244 62.00
30.199758 61.00
30.263760 61.00
30.332644 62.00
30.398121 62.00
30.456764 61.00
30.522122 61.00
30.585886 62.00
30.646123 62.00
30.704765 62.00
30.765124 62.00
30.823766 61.00
30.892501 61.00
30.966502 62.00
31.040518 62.00
31.109502 62.00
31.183503 62.00
31.257504 62.00
31.328129 62.00
31.391769 62.00
31.460505 61.00
31.534506 62.00
31.608508 62.00
31.677658 61.00
31.751508 61.00
31.825508 62.00
31.894509 62.00
31.968510 62.00
32.042510 62.00
32.116511 62.00
32.190512 62.00
32.259512 62.00
32.328661 62.00
32.397663 61.00
32.471514 61.00
32.545514 62.00
32.619655 62.00
32.688905 62.00
32.747533 62.00
32.821534 62.00
32.895534 61.00
32.969533 61.00
33.043534 62.00
33.117669 62.00
33.186535 62.00
33.245394 62.00
33.306033 62.00
33.380522 62.00
33.449670 62.00
33.513662 62.00
33.574038 62.00
33.636036 62.00
33.694524 62.00
33.755039 62.00
33.813525 62.00
33.877399 62.00
33.943039 61.00
34.017651 61.00
34.078041 61.00
34.136528 61.00
34.200402 62.00
34.269402 62.00
34.338403 62.00
34.407531 62.00
34.471404 62.00
34.535531 62.00
34.599405 62.00
34.668406 62.00
34.737406 62.00
34.806656 62.00
34.870657 62.00
34.934407 62.00
35.003409 62.00
35.072535 61.00
35.141660 61.00
35.202410 61.00
35.271661 62.00
35.335411 62.00
35.404537 62.00
35.468412 62.00
35.537538 62.00
35.601413 62.00
35.670414 62.00
35.739414 62.00
35.808415 62.00
35.872415 62.00
35.941542 62.00
36.005416 62.00
36.069417 62.00
36.133417 62.00
36.197418 62.00
36.261418 62.00
36.320418 62.00
36.384419 62.00
36.448420 62.00
36.512420 62.00
36.576296 62.00
36.645421 62.00
36.709422 62.00
36.768423 61.00
36.832423 61.00
36.896423 61.00
36.960424 61.00
37.024550 62.00
37.083425 62.00
37.147425 62.00
37.211425 62.00
37.275427 62.00
37.339427 62.00
37.398428 61.00
37.462428 61.00
37.526428 62.00
37.590429 62.00
37.654430 62.00
37.713430 62.00
37.777431 62.00
37.841431 62.00
37.905431 62.00
37.969432 62.00
38.028433 62.00
38.092434 62.00
38.156434 62.00
38.220434 62.00
38.284434 62.00
38.343435 62.00
38.407436 62.00
38.471436 62.00
38.535436 62.00
38.599437 62.00
38.658438 61.00
38.722439 61.00
38.786438 62.00
38.850439 62.00
38.909065 62.00
38.962565 62.00
39.016191 61.00
39.066832 61.00
39.125441 62.00
39.185716 62.00
39.231192 62.00
39.281834 62.00
39.340443 62.00
39.400720 62.00
39.446194 62.00
39.496836 62.00
39.555445 62.00
39.619070 61.00
39.672572 61.00
39.726197 61.00
39.789835 61.00
39.848447 61.00
39.912073 62.00
39.966839 62.00
40.025449 62.00
40.089074 62.00
40.158075 62.00
40.211576 62.00
40.265201 61.00
40.334076 61.00
40.403077 62.00
40.456578 62.00
40.510203 62.00
40.579078 62.00
40.643328 62.00
40.712080 62.00
40.781080 62.00
40.839970 62.00
40.903972 62.00
40.967972 62.00
41.031972 62.00
41.092359 62.00
41.156082 62.00
41.212458 62.00
41.271334 62.00
41.335084 62.00
41.398976 62.00
41.462977 62.00
41.526975 62.00
41.590849 62.00
41.659725 62.00
41.723337 62.00
41.788589 62.00
41.842213 62.00
41.912606 62.00
41.962214 62.00
42.032589 62.00
42.087090 62.00
42.137729 62.00
42.206466 62.00
42.266591 62.00
42.312092 62.00
42.362732 62.00
42.426468 62.00
42.489983 62.00
42.546218 62.00
42.615094 62.00
42.665736 62.00
42.729470 62.00
42.788096 62.00
42.838747 62.00
42.902479 62.00
42.961097 62.00
43.029748 62.00
43.106989 62.00
43.179099 62.00
43.252988 62.00
43.306225 62.00
43.388749 62.00
43.452479 62.00
43.510991 62.00
43.564352 62.00
43.632991 61.00
43.686481 61.00
43.740103 62.00
43.813993 62.00
43.896236 61.00
43.964995 61.00
44.020112 62.00
44.082107 62.00
44.155997 62.00
44.211114 62.00
44.261114 62.00
44.311114 62.00
44.364634 62.00
44.428109 62.00
44.498487 62.00
44.552110 62.00
44.625999 62.00
44.690001 62.00
44.744639 62.00
44.808111 62.00
44.873494 62.00
44.919113 62.00
44.989494 62.00
45.035114 62.00
45.104115 62.00
45.178006 62.00
45.238006 62.00
45.302006 62.00
45.358007 62.00
45.422008 62.00
45.496118 62.00
45.570243 62.00
45.629010 62.00
45.693011 62.00
45.767010 62.00
45.836011 62.00
45.909996 62.00
45.979122 62.00
46.047997 62.00
46.117014 62.00
46.180997 62.00
46.254999 61.00
46.329124 61.00
46.403013 62.00
46.472016 62.00
46.546126 62.00
46.610019 62.00
46.679128 62.00
46.753018 62.00
46.827004 62.00
46.901019 62.00
46.965004 62.00
47.029130 62.00
47.093021 62.00
47.157022 62.00
47.221021 62.00
47.285022 62.00
47.349023 62.00
47.413022 62.00
47.477133 62.00
47.541024 62.00
47.605026 62.00
47.669027 62.00
47.733026 62.00
47.797025 62.00
47.856028 62.00
47.920033 62.00
47.984767 62.00
48.041033 62.00
48.100265 62.00
48.150139 62.00
48.205014 62.00
48.264773 62.00
48.334769 62.00
48.404035 62.00
48.467907 62.00
48.524148 62.00
48.593552 62.00
48.657552 62.00
48.721551 62.00
48.791037 62.00
48.850654 62.00
48.910150 62.00
48.974023 62.00
49.038038 62.00
49.102161 62.00
49.167152 62.00
49.221150 62.00
49.280040 62.00
49.344041 62.00
49.408285 62.00
49.467800 62.00
49.528920 62.00
49.593042 62.00
49.657044 62.00
49.727050 62.00
49.791566 62.00
49.850563 62.00
49.914403 62.00
49.978749 62.00
50.038160 62.00
50.102567 62.00
50.161406 62.00
50.225560 62.00
50.280744 62.00
50.345587 62.00
50.406051 62.00
50.471566 62.00
50.535564 62.00
50.596163 62.00
50.656570 62.00
50.716928 62.00
50.781052 62.00
50.846411 62.00
50.906295 62.00
50.961706 62.00
51.021058 62.00
51.075931 62.00
51.140039 62.00
51.204576 61.00
51.265058 61.00
51.328933 62.00
51.393040 62.00
51.452047 61.00
51.521578 61.00
51.585934 61.00
51.644935 61.00
51.709060 62.00
51.773949 62.00
51.835423 61.00
51.899581 61.00
51.965576 62.00
52.035176 62.00
52.104424 62.00
52.163422 62.00
52.222422 62.00
52.291941 62.00
52.351052 62.00
52.405054 62.00
52.459429 62.00
52.519185 62.00
52.580629 61.00
52.640183 61.00
52.701090 62.00
52.755621 62.00
52.820568 61.00
52.891191 61.00
52.941611 62.00
53.016953 62.00
53.086724 62.00
53.141949 62.00
53.206433 62.00
53.267193 62.00
53.322959 62.00
53.382434 62.00
53.440950 62.00
53.495825 62.00
53.559697 62.00
53.633950 62.00
53.692700 62.00
53.758075 62.00
53.811935 62.00
53.866953 62.00
53.932593 62.00
54.006954 62.00
54.070943 62.00
54.134953 62.00
54.198947 62.00
54.268439 62.00
54.332956 62.00
54.396706 62.00
54.456940 62.00
54.520959 62.00
54.584600 62.00
54.653958 62.00
54.717737 62.00
54.783712 62.00
54.847694 62.00
54.921722 62.00
54.986447 62.00
55.061607 62.00
55.127851 62.00
55.186698 62.00
55.251949 62.00
55.320572 62.00
55.375446 62.00
55.435447 62.00
55.490700 62.00
55.551074 62.00
55.604964 62.00
55.658715 62.00
55.724618 62.00
55.798950 62.00
55.848577 62.00
55.904578 62.00
55.964720 62.00
56.033579 62.00
56.097704 62.00
56.171580 61.00
56.221329 61.00
56.274969 61.00
56.328722 62.00
56.392972 62.00
56.451456 62.00
56.516611 62.00
56.585613 62.00
56.659584 62.00
56.715724 62.00
56.779724 62.00
56.843458 62.00
56.917459 62.00
56.976335 62.00
57.029855 62.00
57.098460 62.00
57.151716 62.00
57.225466 62.00
57.278712 62.00
57.352462 62.00
57.416466 62.00
57.480998 62.00
57.539719 62.00
57.603998 62.00
57.668617 62.00
57.732591 62.00
57.796592 62.00
57.861858 62.00
57.930592 62.00
58.004467 62.00
58.078469 62.00
58.152470 62.00
58.226748 62.00
58.286865 62.00
58.350597 62.00
58.421097 62.00
58.490599 62.00
58.545599 62.00
58.611098 62.00
58.669625 62.00
58.734975 62.00
58.789868 62.00
58.849990 62.00
58.904600 61.00
58.978483 61.00
59.044101 62.00
59.102627 62.00
59.171674 62.00
59.236230 62.00
59.295230 62.00
59.353994 62.00
59.414355 62.00
59.467759 62.00
59.531872 62.00
59.590495 62.00
59.641111 62.00
59.704613 62.00
59.778360 62.00
59.831613 62.00
59.905896 62.00
59.964867 62.00
60.023885 62.00
60.088239 62.00
60.147111 62.00
60.210736 62.00
60.279611 62.00
60.348492 62.00
60.422494 62.00
60.486650 62.00
60.550643 62.00
60.625131 62.00
60.689115 62.00
60.758116 62.00
60.818500 62.00
60.879684 62.00
60.945525 62.00
61.009499 62.00
61.078648 62.00
61.147645 62.00
61.216368 62.00
61.276496 62.00
61.326244 62.00
61.389747 62.00
61.449873 62.00
61.504872 62.00
61.560013 62.00
61.621999 62.00
61.683889 62.00
61.729373 62.00
61.780015 62.00
61.843652 62.00
61.902533 61.00
61.966516 61.00
62.035257 62.00
62.088508 62.00
62.158881 62.00
62.204379 62.00
62.255005 62.00
62.324132 62.00
62.384649 62.00
62.448535 62.00
62.523005 62.00
62.581647 62.00
62.645535 62.00
62.709537 62.00
62.778535 62.00
62.842538 62.00
62.916383 62.00
62.985540 62.00
63.049663 62.00
63.113540 62.00
63.177539 62.00
63.251540 62.00
63.315540 62.00
63.384400 62.00
63.444142 62.00
63.513390 62.00
63.582388 62.00
63.651542 62.00
63.720389 62.00
63.789558 62.00
63.844549 62.00
63.915909 62.00
63.985267 62.00
64.054545 62.00
64.109393 62.00
64.174146 62.00
64.238395 62.00
64.298911 62.00
64.352395 62.00
64.416394 62.00
64.476913 62.00
64.546902 62.00
64.603918 62.00
64.660925 62.00
64.725039 62.00
64.789148 62.00
64.848161 62.00
64.912552 62.00
64.976400 62.00
65.036918 62.00
65.101044 62.00
65.164918 62.00
65.229031 62.00
65.298402 62.00
65.362152 62.00
65.415403 62.00
65.484404 62.00
65.548558 62.00
65.607405 62.00
65.671558 62.00
65.730405 62.00
65.794156 62.00
65.858157 62.00
65.917048 62.00
65.981569 62.00
66.040409 62.00
66.104282 62.00
66.169659 62.00
66.233561 62.00
66.297562 62.00
66.356572 62.00
66.415411 62.00
66.479162 62.00
66.543162 62.00
66.603663 62.00
66.662163 62.00
66.717420 62.00
66.776292 62.00
66.845570 62.00
66.904415 62.00
66.968290 62.00
67.038683 62.00
67.090295 62.00
67.139807 62.00
67.203292 62.00
67.268693 62.00
67.314294 62.00
67.378169 62.00
67.430685 62.00
67.476295 62.00
67.540295 62.00
67.604171 62.00
67.654939 62.00
67.713576 62.00
67.767300 62.00
67.837676 62.00
67.883175 62.00
67.933801 62.00
67.997300 62.00
68.071052 62.00
68.124301 62.00
68.194305 62.00
68.258303 62.00
68.322426 62.00
68.381302 62.00
68.455053 62.00
68.514188 62.00
68.573433 62.00
68.632306 62.00
68.691305 62.00
68.755305 62.00
68.819305 62.00
68.888598 62.00
68.940184 62.00
69.009307 62.00
69.073307 62.00
69.147058 62.00
69.205934 62.00
69.265441 62.00
69.329187 62.00
69.398060 62.00
69.461824 62.00
69.532212 62.00
69.581953 62.00
69.641443 62.00
69.695961 62.00
69.760064 62.00
69.812591 62.00
69.858314 62.00
69.913594 62.00
69.959453 62.00
70.020616 62.00
70.085194 62.00
70.149068 62.00
70.201598 62.00
70.247317 62.00
70.306067 62.00
70.361452 62.00
70.420447 62.00
70.479195 62.00
70.543070 62.00
70.608070 62.00
70.677085 62.00
70.752328 62.00
70.821734 62.00
70.880698 62.00
70.939715 62.00
71.008448 62.00
71.062212 62.00
71.121977 62.00
71.196844 62.00
71.255452 62.00
71.309075 62.00
71.383076 62.00
71.454268 62.00
71.508457 62.00
71.562331 62.00
71.631079 62.00
71.695079 62.00
71.769079 62.00
71.838466 62.00
71.898003 62.00
71.962210 62.00
72.026084 62.00
72.090208 62.00
72.164083 62.00
72.233083 62.00
72.301959 62.00
72.355219 62.00
72.420459 62.00
72.483960 62.00
72.538835 62.00
72.595086 62.00
72.644836 62.00
72.708338 62.00
72.776961 62.00
72.831837 62.00
72.885087 62.00
72.955463 62.00
73.009963 62.00
73.064838 62.00
73.115592 62.00
73.179091 62.00
73.249467 62.00
73.294981 62.00
73.345591 62.00
73.404092 62.00
73.468220 62.00
73.536983 62.00
73.587594 62.00
73.651094 62.00
73.719987 62.00
73.770596 62.00
73.839739 62.00
73.898221 62.00
73.966863 62.00
74.025347 62.00
74.084223 62.00
74.147988 62.00
74.222099 62.00
74.291099 62.00
74.364866 62.00
74.428631 62.00
74.502628 62.00
74.571629 62.00
74.635631 62.00
74.696133 62.00
74.754993 62.00
74.823996 62.00
74.897995 62.00
74.966980 62.00
75.036105 62.00
75.109981 62.00
75.169106 62.00
75.233107 62.00
75.292110 62.00
75.361488 62.00
75.421733 62.00
75.474984 62.00
75.544000 62.00
75.612860 62.00
75.668986 62.00
75.733004 62.00
75.793363 62.00
75.851989 62.00
75.926492 62.00
75.990617 62.00
76.054496 62.00
76.118643 62.00
76.177242 62.00
76.241009 62.00
76.309990 62.00
76.378991 62.00
76.443119 62.00
76.512649 62.00
76.577013 62.00
76.653055 62.00
76.703898 62.00
76.768009 62.00
76.832010 62.00
76.901008 62.00
76.964999 62.00
77.028887 62.00
77.094872 62.00
77.163747 62.00
77.216998 62.00
77.286139 62.00
77.355248 62.00
77.419773 62.00
77.479018 62.00
77.548003 62.00
77.608905 62.00
77.668002 62.00
77.728892 62.00
77.797876 62.00
77.862006 62.00
77.931138 62.00
77.985141 62.00
78.049266 62.00
78.109527 62.00
78.166255 62.00
78.221632 62.00
78.285896 62.00
78.350020 62.00
78.405008 62.00
78.468900 62.00
78.533135 62.00
78.587138 62.00
78.650902 62.00
78.715028 62.00
78.780385 62.00
78.844385 62.00
78.908386 62.00
78.972385 62.00
79.032386 62.00
79.096137 62.00
79.155013 62.00
79.219029 62.00
79.282904 62.00
79.346904 62.00
79.410916 62.00
79.475391 62.00
79.544391 62.00
79.608392 62.00
79.672545 62.00
79.741905 62.00
79.805910 62.00
79.880710 62.00
79.955023 62.00
80.013912 62.00
80.077911 62.00
80.141896 62.00
80.200911 62.00
80.264900 62.00
80.333664 62.00
80.397898 62.00
80.461915 62.00
80.520914 62.00
80.584917 62.00
80.643901 62.00
80.703068 62.00
80.763651 62.00
80.829781 62.00
80.890653 62.00
80.951028 62.00
81.009929 62.00
81.068948 62.00
81.132909 62.00
81.193284 62.00
81.251921 62.00
81.310656 62.00
81.363281 62.