0.000000 0.000000
0.090549 0.87
0.150262 0.87
0.219634 0.87
0.280382 0.87
0.355381 0.87
0.429657 0.87
0.490132 0.87
0.554258 0.87
0.620133 0.87
0.684259 0.87
0.746830 0.88
0.802837 0.87
0.859037 0.87
0.911276 0.88
0.987143 0.87
1.053265 0.88
1.114263 0.87
1.180263 0.87
1.245662 0.87
1.311264 0.87
1.380404 0.87
1.436151 0.78
1.501145 0.78
1.554907 0.79
1.624267 0.79
1.698392 0.78
1.762268 0.79
1.822268 0.78
1.877144 0.79
1.930783 0.79
1.999645 0.79
2.073645 0.79
2.147646 0.79
2.221646 0.79
2.295647 0.79
2.369647 0.79
2.443648 0.78
2.517649 0.79
2.591649 0.78
2.665650 0.79
2.739650 0.78
2.813651 0.79
2.887652 0.79
2.956652 0.79
3.025794 0.79
3.094654 0.79
3.168654 0.79
3.237655 0.79
3.306655 0.78
3.375655 0.79
3.449655 0.78
3.523657 0.79
3.597657 0.79
3.666658 0.79
3.725158 0.79
3.783658 0.79
3.852674 0.79
3.926675 0.79
3.995687 0.78
4.064661 0.78
4.139052 0.78
4.202678 0.79
4.276678 0.79
4.345927 0.79
4.401055 0.79
4.459682 0.78
4.520040 0.78
4.578568 0.78
4.647933 0.79
4.711693 0.79
4.768292 0.78
4.821545 0.78
4.890694 0.79
4.951044 0.79
5.009694 0.79
5.070044 0.79
5.125058 0.79
5.180058 0.78
5.235062 0.79
5.290059 0.79
5.348685 0.79
5.417697 0.79
5.486812 0.78
5.545550 0.79
5.614699 0.79
5.678698 0.79
5.747700 0.79
5.816700 0.78
5.885816 0.78
5.949569 0.79
6.019068 0.78
6.077553 0.78
6.146702 0.79
6.215685 0.78
6.274057 0.79
6.337559 0.79
6.401055 0.79
6.466710 0.79
6.530708 0.78
6.594585 0.79
6.664182 0.78
6.723183 0.79
6.787309 0.78
6.846059 0.79
6.906434 0.79
6.966587 0.78
7.030716 0.78
7.090828 0.79
7.154590 0.79
7.218705 0.80
7.277590 0.78
7.341590 0.79
7.400593 0.79
7.464706 0.79
7.523595 0.79
7.587593 0.78
7.646596 0.79
7.710596 0.79
7.774595 0.79
7.833597 0.79
7.892599 0.78
7.956595 0.78
8.015596 0.79
8.079709 0.79
8.138600 0.79
8.202712 0.78
8.261600 0.79
8.325599 0.79
8.384601 0.78
8.448601 0.79
8.507600 0.79
8.571712 0.79
8.630603 0.79
8.694604 0.79
8.753605 0.78
8.817604 0.79
8.876604 0.79
8.940717 0.79
8.999606 0.79
9.063608 0.79
9.122607 0.79
9.186607 0.79
9.245609 0.79
9.309718 0.78
9.368607 0.79
9.428972 0.78
9.494734 0.79
9.553582 0.79
9.613722 0.79
9.672612 0.78
9.731610 0.78
9.795612 0.79
9.854613 0.78
9.918458 0.79
9.992613 0.79
10.056459 0.79
10.111460 0.78
10.162586 0.79
10.231336 0.79
10.286462 0.78
10.333727 0.78
10.392337 0.79
10.453368 0.78
10.511979 0.78
10.585854 0.79
10.644464 0.79
10.691732 0.79
10.742370 0.78
10.805857 0.79
10.864341 0.79
10.927857 0.78
10.986342 0.79
11.060476 0.79
11.120985 0.79
11.179344 0.79
11.253475 0.79
11.322345 0.78
11.396345 0.78
11.459988 0.79
11.518346 0.79
11.592480 0.79
11.650864 0.79
11.709480 0.78
11.767990 0.79
11.841867 0.79
11.895476 0.79
11.964477 0.79
12.033225 0.79
12.086992 0.79
12.152479 0.79
12.216480 0.79
12.285352 0.79
12.349103 0.79
12.407996 0.78
12.481872 0.79
12.538258 0.79
12.596997 0.79
12.660998 0.79
12.729758 0.79
12.788356 0.79
12.857232 0.78
12.909636 0.79
12.968484 0.79
13.028014 0.79
13.087503 0.78
13.154753 0.79
13.220260 0.78
13.267634 0.79
13.326235 0.79
13.387759 0.79
13.446361 0.79
13.510236 0.79
13.577239 0.78
13.624638 0.79
13.683238 0.79
13.747005 0.79
13.800523 0.79
13.859365 0.79
13.928881 0.79
13.993005 0.79
14.056883 0.79
14.130757 0.78
14.189511 0.79
14.253243 0.79
14.317007 0.79
14.366645 0.79
14.430244 0.78
14.504245 0.79
14.568009 0.78
14.621498 0.79
14.685246 0.79
14.749013 0.79
14.817761 0.78
14.876373 0.78
14.935014 0.79
14.988500 0.79
15.052249 0.79
15.121375 0.78
15.190250 0.79
15.259375 0.79
15.318016 0.79
15.373376 0.79
15.442252 0.79
15.506019 0.78
15.556019 0.79
15.611379 0.79
15.670021 0.79
15.720019 0.79
15.771132 0.78
15.822530 0.79
15.881131 0.79
15.933533 0.79
15.992132 0.79
16.061382 0.78
16.112134 0.79
16.167512 0.79
16.226258 0.79
16.273510 0.79
16.337134 0.78
16.389511 0.79
16.453136 0.79
16.514138 0.79
16.570138 0.79
16.626139 0.79
16.682139 0.78
16.738139 0.78
16.794140 0.79
16.854263 0.79
16.928140 0.79
16.989141 0.79
17.058266 0.79
17.127391 0.79
17.196267 0.78
17.265267 0.79
17.339268 0.79
17.408143 0.79
17.482269 0.79
17.551394 0.79
17.615270 0.79
17.684146 0.79
17.753145 0.79
17.822146 0.78
17.896147 0.79
17.965272 0.79
18.034147 0.79
18.097647 0.79
18.157649 0.79
18.217649 0.79
18.277650 0.78
18.337650 0.78
18.397650 0.79
18.457651 0.79
18.517651 0.79
18.577652 0.79
18.637652 0.79
18.697653 0.79
18.752528 0.79
18.816028 0.78
18.876154 0.79
18.931154 0.79
18.978405 0.78
19.027781 0.78
19.081031 0.79
19.133406 0.79
19.184032 0.79
19.242532 0.79
19.306033 0.80
19.369533 0.79
19.428033 0.79
19.491534 0.78
19.555035 0.79
19.618536 0.78
19.682036 0.78
19.750661 0.79
19.809036 0.79
19.872538 0.79
19.936037 0.79
19.999539 0.79
20.058038 0.79
20.121540 0.79
20.185040 0.79
20.248541 0.79
20.312040 0.78
20.375542 0.79
20.439041 0.79
20.502542 0.78
20.566043 0.78
20.629543 0.79
20.688043 0.78
20.751545 0.79
20.815044 0.79
20.878546 0.78
20.942046 0.79
21.005547 0.78
21.065547 0.79
21.125547 0.78
21.185549 0.79
21.245548 0.78
21.305552 0.79
21.360550 0.79
21.420550 0.79
21.480553 0.79
21.535551 0.79
21.595551 0.79
21.650426 0.78
21.713927 0.79
21.770178 0.79
21.828554 0.79
21.886928 0.79
21.947054 0.78
21.994304 0.79
22.043679 0.78
22.096929 0.78
22.149305 0.78
22.198681 0.78
22.251931 0.79
22.315431 0.78
22.378932 0.79
22.431307 0.79
22.481934 0.79
22.545433 0.79
22.608934 0.79
22.672434 0.79
22.735935 0.79
22.799435 0.79
22.862936 0.79
22.926436 0.79
22.989937 0.78
23.053437 0.78
23.116938 0.79
23.180438 0.79
23.243940 0.78
23.307440 0.78
23.362440 0.79
23.425941 0.79
23.489441 0.79
23.552941 0.79
23.616442 0.79
23.671443 0.79
23.731443 0.78
23.794944 0.79
23.858444 0.78
23.918444 0.79
23.978445 0.79
24.038445 0.78
24.098446 0.78
24.158446 0.79
24.218447 0.79
24.278447 0.80
24.338448 0.79
24.393323 0.79
24.456823 0.78
24.516949 0.79
24.571949 0.79
24.619200 0.79
24.672450 0.79
24.730826 0.79
24.783201 0.79
24.833828 0.79
24.897327 0.79
24.960828 0.78
25.013203 0.79
25.063830 0.79
25.127328 0.79
25.190829 0.78
25.254330 0.79
25.317831 0.79
25.381331 0.79
25.444832 0.78
25.508332 0.78
25.571833 0.78
25.635333 0.79
25.698834 0.78
25.762334 0.79
25.825835 0.79
25.889335 0.79
25.952836 0.78
26.016336 0.79
26.079837 0.79
26.143337 0.78
26.206838 0.78
26.270338 0.79
26.333839 0.79
26.397465 0.78
26.462742 0.79
26.536741 0.78
26.595341 0.79
26.651718 0.79
26.705343 0.78
26.763982 0.79
26.828109 0.79
26.891984 0.78
26.960745 0.78
27.031220 0.79
27.094747 0.79
27.156346 0.79
27.221748 0.78
27.290748 0.79
27.352223 0.79
27.410990 0.78
27.479747 0.79
27.553749 0.78
27.627989 0.79
27.687753 0.79
27.752752 0.79
27.817750 0.78
27.891993 0.79
27.960753 0.79
28.029992 0.80
28.093994 0.79
28.162755 0.79
28.236993 0.79
28.305746 0.79
28.379757 0.78
28.449733 0.79
28.513231 0.79
28.576732 0.78
28.640232 0.79
28.703733 0.79
28.767233 0.78
28.830734 0.78
28.894234 0.79
28.957735 0.79
29.021235 0.79
29.084736 0.79
29.148236 0.79
29.211737 0.78
29.275237 0.78
29.338737 0.78
29.402239 0.79
29.462238 0.79
29.522239 0.79
29.585740 0.79
29.649240 0.79
29.709241 0.79
29.772742 0.79
29.836242 0.79
29.891118 0.78
29.954618 0.79
30.010868 0.79
30.069244 0.79
30.127619 0.78
30.183870 0.79
30.242244 0.78
30.297120 0.79
30.360622 0.79
30.412997 0.79
30.463623 0.79
30.527122 0.80
30.590623 0.78
30.654123 0.79
30.717624 0.79
30.770000 0.79
30.820626 0.79
30.884125 0.78
30.947626 0.78
31.011126 0.79
31.074627 0.78
31.138127 0.80
31.201628 0.79
31.265128 0.79
31.328629 0.79
31.392129 0.79
31.455629 0.79
31.519130 0.79
31.582630 0.78
31.646132 0.79
31.709631 0.79
31.773133 0.79
31.828133 0.79
31.891633 0.78
31.955134 0.79
32.018635 0.79
32.082134 0.79
32.137135 0.79
32.197136 0.79
32.257136 0.79
32.317136 0.79
32.377137 0.79
32.437138 0.79
32.497138 0.79
32.560639 0.79
32.624139 0.78
32.684139 0.79
32.747641 0.79
32.811140 0.78
32.869520 0.79
32.929266 0.80
32.982518 0.78
33.034893 0.79
33.084268 0.79
33.137520 0.79
33.201019 0.79
33.264521 0.79
33.316896 0.79
33.367521 0.78
33.431021 0.79
33.494523 0.78
33.558022 0.79
33.621524 0.78
33.685023 0.80
33.748524 0.79
33.812024 0.79
33.875526 0.79
33.939025 0.78
34.002527 0.79
34.066026 0.79
34.129652 0.79
34.188027 0.79
34.251529 0.79
34.315028 0.78
34.378529 0.78
34.442029 0.79
34.505530 0.78
34.569029 0.79
34.632531 0.78
34.696030 0.79
34.759657 0.78
34.818032 0.78
34.881533 0.79
34.945033 0.79
35.008535 0.79
35.072034 0.79
35.132035 0.79
35.192035 0.79
35.255537 0.79
35.319036 0.79
35.382661 0.79
35.437162 0.78
35.495538 0.78
35.559038 0.79
35.613914 0.79
35.677413 0.79
35.737540 0.79
35.788665 0.78
35.843165 0.78
35.896415 0.79
35.948791 0.79
35.999418 0.79
36.062917 0.78
36.126416 0.78
36.178792 0.79
36.229420 0.78
36.292918 0.79
36.356419 0.78
36.419920 0.79
36.483420 0.78
36.546920 0.79
36.610420 0.79
36.673922 0.79
36.737421 0.79
36.800923 0.79
36.864423 0.78
36.928048 0.79
36.986424 0.79
37.049924 0.79
37.113426 0.79
37.176926 0.79
37.240426 0.79
37.303927 0.78
37.367427 0.79
37.430928 0.79
37.494427 0.78
37.558054 0.79
37.616429 0.79
37.679930 0.79
37.734930 0.79
37.798430 0.79
37.861932 0.79
37.925431 0.79
37.988933 0.79
38.048933 0.79
38.108933 0.78
38.168934 0.78
38.228935 0.79
38.283809 0.79
38.347310 0.78
38.407436 0.79
38.470936 0.78
38.525937 0.79
38.584312 0.79
38.644437 0.79
38.691688 0.79
38.742314 0.79
38.805814 0.79
38.869314 0.79
38.932815 0.79
38.996315 0.78
39.059816 0.79
39.123317 0.79
39.186817 0.78
39.250318 0.79
39.313818 0.79
39.377317 0.79
39.429694 0.79
39.489320 0.79
39.552819 0.79
39.616320 0.79
39.679820 0.79
39.743322 0.79
39.808197 0.79
39.876822 0.78
39.940322 0.79
40.003823 0.79
40.067324 0.79
40.130824 0.79
40.194325 0.79
40.257826 0.79
40.321326 0.78
40.384827 0.78
40.448327 0.79
40.511828 0.79
40.575328 0.78
40.638829 0.79
40.698829 0.79
40.758829 0.79
40.818830 0.78
40.878831 0.79
40.938831 0.78
40.998832 0.78
41.058832 0.79
41.118832 0.78
41.177207 0.78
41.237334 0.78
41.292334 0.79
41.339586 0.79
41.390211 0.79
41.453710 0.78
41.517211 0.78
41.569588 0.79
41.620213 0.78
41.683712 0.79
41.747212 0.78
41.799589 0.79
41.850215 0.79
41.913713 0.79
41.977214 0.79
42.040715 0.79
42.104215 0.79
42.165217 0.79
42.228716 0.79
42.287343 0.79
42.356218 0.79
42.430343 0.78
42.499094 0.79
42.567746 0.79
42.631346 0.78
42.689744 0.78
42.753222 0.79
42.830222 0.79
42.907223 0.78
42.984348 0.79
43.053349 0.79
43.111991 0.79
43.172225 0.78
43.235992 0.79
43.289480 0.78
43.353226 0.78
43.430628 0.79
43.485994 0.78
43.549353 0.79
43.621228 0.78
43.690230 0.79
43.745484 0.78
43.809229 0.79
43.864484 0.79
43.928230 0.78
43.991998 0.79
44.060632 0.78
44.124232 0.79
44.183996 0.79
44.249110 0.78
44.296485 0.79
44.351486 0.78
44.410109 0.79
44.462486 0.78
44.526487 0.78
44.590236 0.78
44.659111 0.79
44.750237 0.79
44.806131 0.78
44.875364 0.79
44.926116 0.79
44.995240 0.79
45.051117 0.79
45.120240 0.79
45.189366 0.78
45.258241 0.80
45.332242 0.79
45.401367 0.79
45.470118 0.79
45.544244 0.79
45.608244 0.78
45.682245 0.79
45.756245 0.79
45.820246 0.79
45.889122 0.79
45.958248 0.78
46.027122 0.79
46.101123 0.78
46.175124 0.79
46.249375 0.79
46.313125 0.79
46.377376 0.79
46.436126 0.79
46.500127 0.78
46.564252 0.79
46.628252 0.78
46.692253 0.78
46.756253 0.79
46.820254 0.78
46.884130 0.79
46.948256 0.78
47.012131 0.78
47.076256 0.79
47.145256 0.79
47.209132 0.79
47.273132 0.78
47.333383 0.79
47.392134 0.80
47.456134 0.79
47.520259 0.79
47.584135 0.78
47.648261 0.79
47.712136 0.78
47.776137 0.79
47.840137 0.78
47.904262 0.79
47.968138 0.79
48.032139 0.78
48.096390 0.79
48.155264 0.79
48.224517 0.79
48.288517 0.79
48.363644 0.78
48.438268 0.79
48.502393 0.79
48.568269 0.78
48.632776 0.79
48.697273 0.79
48.761272 0.79
48.825270 0.78
48.889277 0.79
48.948556 0.78
49.012676 0.78
49.077273 0.79
49.141273 0.79
49.205709 0.79
49.265279 0.79
49.324528 0.78
49.388650 0.78
49.452650 0.79
49.522280 0.79
49.577403 0.79
49.641652 0.79
49.705652 0.78
49.759278 0.79
49.809704 0.78
49.865054 0.79
49.929281 0.78
49.988280 0.78
50.052155 0.79
50.107409 0.78
50.157408 0.79
50.207407 0.79
50.262407 0.78
50.317282 0.79
50.376543 0.79
50.446538 0.78
50.512050 0.78
50.581410 0.79
50.645707 0.79
50.710289 0.78
50.769287 0.78
50.833287 0.79
50.897162 0.79
50.966581 0.78
51.036057 0.79
51.110414 0.78
51.176057 0.79
51.245546 0.78
51.301058 0.78
51.375417 0.79
51.436059 0.79
51.505058 0.78
51.564608 0.78
51.629296 0.80
51.688063 0.79
51.752062 0.78
51.821070 0.79
51.880066 0.78
51.944296 0.79
52.002936 0.78
52.072061 0.79
52.136301 0.79
52.190067 0.79
52.254066 0.78
52.318064 0.79
52.382068 0.78
52.446554 0.79
52.505427 0.79
52.569426 0.79
52.629553 0.79
52.689824 0.78
52.749073 0.79
52.809313 0.79
52.870063 0.78
52.924580 0.79
52.985612 0.78
53.045314 0.78
53.110441 0.78
53.185957 0.78
53.257967 0.79
53.324066 0.78
53.374312 0.78
53.444190 0.78
53.491809 0.78
53.550950 0.79
53.615617 0.79
53.674308 0.78
53.735185 0.79
53.799567 0.79
53.858311 0.78
53.919190 0.79
53.994064 0.78
54.063438 0.79
54.122187 0.79
54.185830 0.78
54.259693 0.78
54.315191 0.78
54.374315 0.78
54.434940 0.79
54.503691 0.78
54.558942 0.78
54.617441 0.78
54.672446 0.79
54.732693 0.79
54.787960 0.78
54.856713 0.79
54.916724 0.79
54.972320 0.78
55.035945 0.79
55.094323 0.78
55.158321 0.78
55.232697 0.79
55.289073 0.78
55.347698 0.79
55.421699 0.79
55.474202 0.78
55.533074 0.79
55.596963 0.79
55.665743 0.79
55.734954 0.79
55.804078 0.78
55.853451 0.78
55.908330 0.78
55.966847 0.79
56.036081 0.78
56.099828 0.78
56.158204 0.78
56.221705 0.79
56.290970 0.78
56.359832 0.79
56.423970 0.79
56.487706 0.79
56.561752 0.78
56.635584 0.78
56.694334 0.79
56.752724 0.79
56.826848 0.79
56.896085 0.79
56.959853 0.78
57.018210 0.78
57.073211 0.79
57.128215 0.79
57.184743 0.79
57.253712 0.78
57.328093 0.79
57.391973 0.78
57.461343 0.79
57.535844 0.78
57.594769 0.78
57.664466 0.79
57.724737 0.79
57.780094 0.79
57.840597 0.79
57.902221 0.79
57.953346 0.79
58.007112 0.79
58.057095 0.79
58.110867 0.79
58.179596 0.79
58.244597 0.79
58.308222 0.79
58.377097 0.79
58.431990 0.79
58.487100 0.80
58.545769 0.79
58.614629 0.79
58.683629 0.78
58.749100 0.78
58.802601 0.78
58.873100 0.79
58.931745 0.78
59.000631 0.79
59.069603 0.79
59.134632 0.78
59.199010 0.78
59.263754 0.79
59.322765 0.78
59.386765 0.78
59.450998 0.79
59.515231 0.79
59.579870 0.79
59.633736 0.79
59.697637 0.79
59.761608 0.79
59.825747 0.79
59.894611 0.78
59.968633 0.78
60.037636 0.79
60.111750 0.78
60.180902 0.78
60.239640 0.79
60.303639 0.78
60.378004 0.78
60.436640 0.78
60.510756 0.78
60.574757 0.79
60.638619 0.79
60.702645 0.78
60.763241 0.79
60.816624 0.79
60.877117 0.78
60.940992 0.79
60.995885 0.79
61.050512 0.78
61.115495 0.79
61.184759 0.79
61.248637 0.78
61.309121 0.79
61.373121 0.79
61.431637 0.79
61.488247 0.79
61.541498 0.79
61.605123 0.78
61.663501 0.78
61.727001 0.79
61.790501 0.79
61.854127 0.78
61.912505 0.78
61.976002 0.78
62.034881 0.79
62.098528 0.78
62.172505 0.79
62.236004 0.79
62.299506 0.79
62.363129 0.79
62.422004 0.79
62.475658 0.79
62.534659 0.78
62.593507 0.78
62.657648 0.79
62.721638 0.79
62.780012 0.79
62.843512 0.79
62.907012 0.78
62.962011 0.79
63.025513 0.78
63.099908 0.79
63.158637 0.79
63.227790 0.79
63.291653 0.78
63.350012 0.78
63.410027 0.79
63.464896 0.79
63.528392 0.79
63.588517 0.79
63.643517 0.78
63.698517 0.78
63.762017 0.78
63.820910 0.78
63.877393 0.79
63.933035 0.78
63.996908 0.78
64.060392 0.79
64.112785 0.79
64.177028 0.79
64.241648 0.79
64.300523 0.78
64.364522 0.79
64.428521 0.78
64.492522 0.78
64.562396 0.78
64.631523 0.78
64.700273 0.79
64.763898 0.78
64.827398 0.78
64.891027 0.79
64.949401 0.78
65.012900 0.79
65.076400 0.78
65.139900 0.79
65.203400 0.78
65.266902 0.78
65.330402 0.79
65.393904 0.79
65.457403 0.78
65.520904 0.79
65.584404 0.78
65.647921 0.79
65.706555 0.78
65.765555 0.78
65.824406 0.78
65.888556 0.78
65.952657 0.78
66.006535 0.79
66.075284 0.79
66.135561 0.79
66.190035 0.79
66.250565 0.78
66.314411 0.79
66.378413 0.79
66.447286 0.78
66.502412 0.79
66.571288 0.79
66.627569 0.79
66.683316 0.79
66.747414 0.78
66.803290 0.78
66.866807 0.78
66.920415 0.78
66.989416 0.79
67.058292 0.79
67.129339 0.78
67.176812 0.78
67.230418 0.78
67.299293 0.79
67.362934 0.79
67.421293 0.78
67.495298 0.79
67.558798 0.79
67.622298 0.79
67.685798 0.79
67.749299 0.80
67.818422 0.78
67.882423 0.79
67.951423 0.79
68.015174 0.78
68.073940 0.79
68.137814 0.79
68.191580 0.78
68.256176 0.79
68.311582 0.79
68.370427 0.79
68.434427 0.79
68.503303 0.78
68.566806 0.79
68.630308 0.79
68.693808 0.78
68.757308 0.78
68.820807 0.79
68.880844 0.79
68.939947 0.79
68.992212 0.79
69.045950 0.79
69.114950 0.78
69.183701 0.78
69.242455 0.79
69.295818 0.78
69.354186 0.78
69.414313 0.79
69.469314 0.79
69.524313 0.79
69.571566 0.79
69.635605 0.78
69.689190 0.79
69.741594 0.79
69.800438 0.79
69.859314 0.79
69.919717 0.79
69.973729 0.78
70.049072 0.79
70.113444 0.79
70.182833 0.79
70.241442 0.78
70.300317 0.78
70.369964 0.79
70.423446 0.78
70.487320 0.79
70.556320 0.78
70.625320 0.79
70.694321 0.79
70.758199 0.78
70.827447 0.79
70.896322 0.78
70.965448 0.79
71.024448 0.79
71.088733 0.78
71.155205 0.78
71.219327 0.79
71.283326 0.79
71.352201 0.78
71.426327 0.78
71.485970 0.79
71.541453 0.79
71.610328 0.79
71.674329 0.78
71.738329 0.78
71.796955 0.79
71.860581 0.79
71.919330 0.79
71.973587 0.78
72.037086 0.79
72.097208 0.79
72.152210 0.78
72.199460 0.78
72.250088 0.78
72.313708 0.79
72.377610 0.79
72.446612 0.79
72.520724 0.79
72.584587 0.78
72.643336 0.78
72.713108 0.79
72.777465 0.78
72.841213 0.79
72.899730 0.78
72.958464 0.78
73.009117 0.79
73.072597 0.78
73.136095 0.78
73.199593 0.79
73.263095 0.78
73.326594 0.79
73.390223 0.79
73.456221 0.79
73.525594 0.79
73.589344 0.79
73.658220 0.79
73.732095 0.78
73.795604 0.79
73.859099 0.78
73.922600 0.79
73.986100 0.78
74.049601 0.79
74.104602 0.79
74.165480 0.79
74.226351 0.78
74.285225 0.78
74.349225 0.79
74.413100 0.78
74.477240 0.79
74.531779 0.79
74.591231 0.78
74.655229 0.78
74.715483 0.79
74.770633 0.79
74.840243 0.79
74.901029 0.80
74.965234 0.78
75.025357 0.79
75.084484 0.80
75.148635 0.78
75.212653 0.79
75.276485 0.78
75.331357 0.78
75.380733 0.79
75.433983 0.79
75.486358 0.79
75.535733 0.78
75.585369 0.78
75.648988 0.78
75.712489 0.79
75.775986 0.79
75.839487 0.79
75.902987 0.78
75.972113 0.79
76.031239 0.78
76.100116 0.78
76.169118 0.79
76.238007 0.79
76.312366 0.79
76.376242 0.79
76.440117 0.79
76.509122 0.79
76.578121 0.78
76.647010 0.79
76.721011 0.79
76.795245 0.79
76.859245 0.78
76.923123 0.78
76.987125 0.78
77.056122 0.78
77.120122 0.78
77.184122 0.78
77.238526 0.79
77.299123 0.79
77.367999 0.78
77.437125 0.79
77.495690 0.79
77.549626 0.79
77.613530 0.79
77.668532 0.79
77.732379 0.78
77.793003 0.79
77.847910 0.79
77.907130 0.78
77.971256 0.78
78.030535 0.78
78.106130 0.79
78.170256 0.78
78.224132 0.79
78.288137 0.79
78.352552 0.78
78.417915 0.79
78.473894 0.80
78.532540 0.78
78.596387 0.78
78.665538 0.78
78.729537 0.79
78.793540 0.79
78.857540 0.78
78.927913 0.79
78.986766 0.79
79.050388 0.78
79.119905 0.79
79.189389 0.79
79.253544 0.78
79.317545 0.79
79.381521 0.79
79.440266 0.79
79.499269 0.79
79.558267 0.78
79.612152 0.78
79.671271 0.79
79.725396 0.79
79.799772 0.79
79.855144 0.79
79.923773 0.79
79.979152 0.78
80.033285 0.78
80.102787 0.79
80.173272 0.79
80.231897 0.79
80.300898 0.78
80.374791 0.78
80.435149 0.79
80.489029 0.79
80.549150 0.79
80.612900 0.79
80.672557 0.78
80.725791 0.79
80.778151 0.79
80.833152 0.79
80.888283 0.78
80.943153 0.78
81.006779 0.79
81.081154 0.78
81.135673 0.78
81.204280 0.79
81.259155 0.80
81.323281 0.79
81.378156 0.78
81.428811 0.78
81.492282 0.79
81.550797 0.79
81.624910 0.79
81.694159 0.79
81.744812 0.79
81.808680 0.79
81.864419 0.79
81.933668 0.78
81.988914 0.78
82.058166 0.78
82.122695 0.79
82.194168 0.79
82.253164 0.79
82.317166 0.78
82.375805 0.79
82.434425 0.79
82.500686 0.78
82.570421 0.79
82.630917 0.79
82.699670 0.79
82.765672 0.79
82.820795 0.79
82.894669 0.78
82.950048 0.79
83.013812 0.79
83.087935 0.79
83.146692 0.78
83.220687 0.78
83.280937 0.79
83.344688 0.79
83.410172 0.79
83.463673 0.79
83.532674 0.79
83.606816 0.79
83.662680 0.78
83.721175 0.79
83.774678 0.78
83.827051 0.79
83.890680 0.79
83.951707 0.78
84.020695 0.78
84.089945 0.78
84.158827 0.78
84.232679 0.78
84.306699 0.79
84.375696 0.79
84.439306 0.79
84.503307 0.78
84.573444 0.79
84.642700 0.79
84.716688 0.79
84.785686 0.78
84.859701 0.79
84.928686 0.79
85.003185 0.78
85.058186 0.79
85.121702 0.79
85.195691 0.79
85.269703 0.79
85.338834 0.79
85.402835 0.79
85.458189 0.79
85.523708 0.78
85.592940 0.78
85.661720 0.79
85.730707 0.78
85.784192 0.78
85.853321 0.79
85.906708 0.78
85.9757