0.000000 0.000000
0.041686 0.05
0.101515 2.66
0.172012 2.66
0.236772 2.66
0.296007 2.66
0.360240 2.66
0.424365 2.66
0.488366 2.66
0.552365 2.66
0.616366 2.66
0.680366 2.66
0.739910 2.66
0.790396 2.66
0.860504 2.66
0.936382 4.34
1.001376 4.34
1.062139 4.34
1.122762 4.34
1.181496 4.34
1.250771 4.34
1.314650 4.34
1.383949 4.34
1.434383 4.34
1.491553 4.34
1.556251 4.34
1.625654 4.34
1.694652 4.34
1.763653 4.34
1.827501 4.68
1.896653 4.34
1.960503 4.34
2.019656 4.34
2.078504 4.34
2.137503 4.34
2.196503 4.34
2.255504 4.34
2.314505 4.34
2.378505 4.34
2.437506 4.34
2.496506 4.68
2.560507 4.34
2.624508 4.34
2.688509 4.34
2.752509 4.34
2.811509 4.34
2.875509 4.34
2.939510 4.34
3.003510 4.34
3.067511 4.34
3.131512 4.68
3.190512 4.34
3.249512 4.34
3.313513 4.34
3.377640 4.34
3.436515 4.34
3.500515 4.34
3.564515 4.34
3.628515 4.34
3.692642 4.34
3.751517 4.34
3.815518 4.34
3.879517 4.68
3.943518 4.34
4.007645 4.34
4.066519 4.34
4.130520 4.34
4.194520 4.34
4.258521 4.34
4.322648 4.34
4.381522 4.34
4.445523 4.34
4.509522 4.34
4.573523 4.34
4.637650 4.34
4.696525 4.34
4.760525 4.34
4.810039 4.34
4.868652 4.34
4.927276 4.34
4.974526 4.34
5.033277 4.34
5.080527 4.34
5.131152 4.34
5.189654 4.34
5.248278 4.34
5.295529 4.34
5.346155 4.34
5.404656 4.34
5.463406 4.34
5.519155 4.34
5.582682 4.34
5.646406 4.34
5.710282 4.34
5.766158 4.34
5.824659 4.34
5.902051 4.34
5.970923 4.34
6.029410 4.34
6.098410 4.34
6.167411 4.34
6.236411 4.34
6.300287 4.34
6.358663 4.34
6.427289 4.34
6.496038 4.34
6.564664 4.34
6.633289 4.34
6.691666 4.34
6.760291 4.34
6.820419 4.34
6.873665 4.34
6.942292 4.34
7.000667 4.34
7.069293 4.34
7.142668 4.34
7.211293 4.34
7.281669 4.34
7.350294 4.34
7.410296 4.34
7.470297 4.34
7.530297 4.34
7.590297 4.34
7.650297 4.68
7.723672 4.68
7.792297 4.34
7.866173 4.68
7.917299 4.68
7.977301 4.34
8.030552 4.68
8.099175 4.34
8.146426 4.68
8.197051 4.34
8.260553 4.34
8.329177 4.34
8.376427 4.68
8.427054 4.68
8.490555 4.68
8.559179 4.68
8.617555 4.34
8.686179 4.34
8.744557 4.34
8.813180 4.34
8.871558 4.68
8.940181 4.34
9.022183 4.34
9.080559 4.34
9.149183 4.68
9.207560 4.34
9.276185 4.34
9.344935 4.68
9.413562 4.34
9.482186 4.68
9.540562 4.68
9.609188 4.34
9.667564 4.34
9.736188 4.34
9.794565 4.34
9.863189 4.68
9.923191 4.34
9.981567 4.34
10.050191 4.34
10.110193 4.68
10.168569 4.34
10.237192 4.34
10.296819 4.34
10.348195 4.34
10.408195 4.34
10.468196 4.34
10.521444 4.34
10.586572 4.34
10.650071 4.34
10.705072 4.34
10.756196 4.34
10.811947 4.34
10.875447 4.34
10.944073 4.34
10.999949 4.34
11.063449 4.34
11.132074 4.34
11.190450 4.34
11.259075 4.34
11.306326 4.34
11.356951 4.34
11.420452 4.34
11.489077 4.34
11.547453 4.34
11.616078 4.34
11.684829 4.34
11.753455 4.34
11.822079 4.34
11.880457 4.34
11.949082 4.34
12.007457 4.34
12.076082 4.34
12.134457 4.34
12.203083 4.34
12.261459 4.34
12.330084 4.34
12.398835 4.34
12.467461 4.34
12.536086 4.34
12.594461 4.34
12.663087 4.34
12.723089 4.34
12.783089 4.34
12.843090 4.34
12.903090 4.34
12.963091 4.34
13.023093 4.34
13.083092 4.34
13.143093 4.34
13.203092 4.34
13.263092 4.34
13.323094 4.34
13.383094 4.34
13.436343 4.34
13.504969 4.34
13.559970 4.34
13.614970 4.34
13.669970 4.34
13.717220 4.34
13.767846 4.34
13.831346 4.34
13.894972 4.34
13.942222 4.34
13.992848 4.34
14.056348 4.34
14.124974 4.34
14.183349 4.34
14.251975 4.34
14.310350 4.34
14.378976 4.34
14.437351 4.34
14.505977 4.34
14.564352 4.34
14.632977 4.34
14.691353 4.34
14.759979 4.34
14.818354 4.34
14.881980 4.34
14.940355 4.34
15.008981 4.34
15.067356 4.34
15.135982 4.34
15.194357 4.34
15.262983 4.68
15.323108 4.34
15.376358 4.34
15.444984 4.34
15.505111 4.34
15.558361 4.34
15.626986 4.34
15.686987 4.34
15.746988 4.34
15.806988 4.34
15.870614 4.34
15.921990 4.34
15.981991 4.34
16.040490 4.34
16.103989 4.34
16.163991 4.34
16.217240 4.34
16.285866 4.34
16.340866 4.34
16.395867 4.34
16.450867 4.34
16.498118 4.34
16.556493 4.34
16.614869 4.34
16.665994 4.68
16.720494 4.34
16.778870 4.34
16.826120 4.34
16.876746 4.34
16.940246 4.34
17.008872 4.34
17.067247 4.68
17.135874 4.34
17.194248 4.34
17.262874 4.34
17.321249 4.34
17.389875 4.34
17.448250 4.34
17.516876 4.34
17.575251 4.34
17.643876 4.34
17.702252 4.34
17.770878 4.34
17.829253 4.34
17.897879 4.34
17.956253 4.34
18.024880 4.34
18.083255 4.34
18.151881 4.34
18.210256 4.34
18.278882 4.34
18.338884 4.34
18.397257 4.34
18.465883 4.34
18.525885 4.34
18.585886 4.34
18.645887 4.34
18.705887 4.34
18.765888 4.34
18.825888 4.34
18.879137 4.34
18.947762 4.34
19.007888 4.34
19.067890 4.34
19.121138 4.34
19.189765 4.34
19.240890 4.34
19.304389 4.34
19.362765 4.34
19.410016 4.34
19.468391 4.34
19.526766 4.34
19.574017 4.34
19.623393 4.34
19.681768 4.34
19.729019 4.34
19.779645 4.34
19.843144 4.34
19.911770 4.34
19.970145 4.34
20.038771 4.34
20.097147 4.34
20.165772 4.34
20.224148 4.34
20.292773 4.34
20.351148 4.34
20.419774 4.34
20.478150 4.34
20.546775 4.34
20.605151 4.34
20.673776 4.34
20.732151 4.34
20.800778 4.34
20.859152 4.34
20.927778 4.34
20.986153 4.34
21.054779 4.34
21.113155 4.34
21.181781 4.34
21.241783 4.34
21.301782 4.34
21.361783 4.34
21.421783 4.34
21.481784 4.34
21.541785 4.34
21.601785 4.34
21.661786 4.34
21.715035 4.34
21.780160 4.34
21.843660 4.34
21.903792 4.34
21.963789 4.34
22.017037 4.34
22.085663 4.34
22.140662 4.34
22.187913 4.34
22.238553 4.34
22.302041 4.34
22.370665 4.34
22.417915 4.34
22.467290 4.34
22.525666 4.34
22.572917 4.34
22.623547 4.34
22.687043 4.34
22.755668 4.34
22.814043 4.34
22.882669 4.34
22.941044 4.34
23.009670 4.34
23.068045 4.34
23.136671 4.34
23.195046 4.34
23.263672 4.34
23.322047 4.34
23.390673 4.34
23.449049 4.34
23.517674 4.34
23.577800 4.34
23.631050 4.34
23.699675 4.34
23.758051 4.34
23.826676 4.34
23.885052 4.34
23.953677 4.34
24.013679 4.34
24.072053 4.34
24.140679 4.34
24.199055 4.34
24.267680 4.34
24.327681 4.34
24.387682 4.34
24.447683 4.34
24.507683 4.34
24.571183 4.34
24.634683 4.34
24.694685 4.34
24.747934 4.34
24.816560 4.34
24.867685 4.34
24.923435 4.34
24.986935 4.34
25.055562 4.34
25.102812 4.34
25.152186 4.34
25.210564 4.34
25.257813 4.34
25.308438 4.34
25.371940 4.34
25.440565 4.34
25.498940 4.34
25.567567 4.34
25.625941 4.34
25.694568 4.34
25.752942 4.34
25.821569 4.34
25.879942 4.34
25.948570 4.34
26.006944 4.34
26.075571 4.34
26.133945 4.34
26.202571 4.34
26.260946 4.34
26.329572 4.34
26.389698 4.34
26.442947 4.34
26.511574 4.34
26.571700 4.34
26.626700 4.34
26.681701 4.34
26.736701 4.34
26.791577 4.34
26.851576 4.34
26.909951 4.34
26.978578 4.34
27.038581 4.34
27.098580 4.34
27.162078 4.34
27.225580 4.34
27.289079 4.34
27.352581 4.34
27.407080 4.34
27.465456 4.34
27.512706 4.34
27.586457 4.34
27.633707 4.34
27.692082 4.34
27.750458 4.34
27.801584 4.34
27.857333 4.34
27.920835 4.34
27.989459 4.34
28.036710 4.34
28.087336 4.34
28.150836 4.34
28.219461 4.34
28.277837 4.34
28.346463 4.34
28.404838 4.34
28.473463 4.34
28.531839 4.34
28.600464 4.34
28.658841 4.34
28.727465 4.34
28.785841 4.34
28.854466 4.34
28.912842 4.34
28.976468 4.34
29.034843 4.34
29.103469 4.34
29.161844 4.34
29.230469 4.34
29.288846 4.34
29.357470 4.34
29.415847 4.34
29.484471 4.34
29.544598 4.34
29.599474 4.34
29.657848 4.34
29.726473 4.34
29.786476 4.34
29.846476 4.34
29.906477 4.34
29.966477 4.34
30.026477 4.34
30.086477 4.34
30.146479 4.34
30.201479 4.34
30.254728 4.34
30.323353 4.34
30.378353 4.34
30.433354 4.34
30.488480 4.34
30.542980 4.34
30.601355 4.34
30.652480 4.34
30.706981 4.34
30.765356 4.34
30.812608 4.34
30.863232 4.34
30.926733 4.34
30.995359 4.34
31.058984 4.34
31.117359 4.34
31.175735 4.34
31.244361 4.34
31.302736 4.34
31.371362 4.34
31.429737 4.34
31.498362 4.34
31.556738 4.34
31.625364 4.34
31.688989 4.34
31.747364 4.34
31.805741 4.34
31.874366 4.34
31.932741 4.34
32.001367 4.34
32.059742 4.34
32.128368 4.34
32.186743 4.34
32.255369 4.34
32.318995 4.34
32.380870 4.34
32.444370 4.34
32.507997 4.34
32.562997 4.34
32.614374 4.34
32.674374 4.34
32.734374 4.34
32.794376 4.34
32.852874 4.34
32.916374 4.34
32.976376 4.34
33.031377 4.34
33.091377 4.34
33.154876 4.34
33.213252 4.34
33.268252 4.34
33.323252 4.34
33.370502 4.34
33.421128 4.34
33.484629 4.34
33.553254 4.34
33.608255 4.34
33.655505 4.34
33.704881 4.34
33.755506 4.34
33.806131 4.34
33.869633 4.34
33.938257 4.34
33.996634 4.34
34.065258 4.34
34.123634 4.34
34.192260 4.34
34.250636 4.34
34.319260 4.34
34.377637 4.34
34.446261 4.34
34.504638 4.34
34.573262 4.34
34.631639 4.34
34.700263 4.34
34.769014 4.34
34.837640 4.34
34.906265 4.34
34.964641 4.34
35.033265 4.34
35.091643 4.34
35.160267 4.34
35.218643 4.34
35.287268 4.34
35.345645 4.34
35.414269 4.34
35.484645 4.34
35.553270 4.34
35.613273 4.34
35.673272 4.34
35.733274 4.34
35.793273 4.34
35.846522 4.34
35.911649 4.34
35.975148 4.34
36.026273 4.34
36.082024 4.34
36.145525 4.34
36.214150 4.34
36.261401 4.34
36.312027 4.34
36.375526 4.34
36.444152 4.34
36.502527 4.34
36.571153 4.34
36.636029 4.34
36.699529 4.34
36.768155 4.34
36.826530 4.34
36.895155 4.34
36.942407 4.34
37.002032 4.34
37.065532 4.34
37.134157 4.34
37.192533 4.34
37.261158 4.34
37.319534 4.34
37.388160 4.34
37.449535 4.34
37.518412 4.34
37.587163 4.34
37.656163 4.34
37.716314 4.34
37.790318 4.34
37.845317 4.34
37.898547 4.34
37.962165 4.34
38.025815 4.34
38.086167 4.34
38.149816 4.34
38.199667 4.34
38.253058 4.34
38.308168 4.34
38.377169 4.34
38.431818 4.34
38.495419 4.34
38.559061 4.34
38.614421 4.34
38.678171 4.34
38.732823 4.34
38.801698 4.34
38.865422 4.34
38.929173 4.34
38.997424 4.34
39.061174 4.34
39.117065 4.34
39.173066 4.34
39.229067 4.34
39.285067 4.34
39.341065 4.34
39.397066 4.34
39.453068 4.34
39.509068 4.34
39.565069 4.34
39.621069 4.34
39.686179 4.34
39.755069 4.34
39.837705 4.34
39.896180 4.34
39.952072 4.34
40.021183 4.34
40.090183 4.34
40.164073 4.34
40.233184 4.34
40.302075 4.34
40.373186 4.34
40.442060 4.34
40.511077 4.34
40.575077 4.34
40.649061 4.34
40.723063 4.34
40.792063 4.34
40.861064 4.34
40.930065 4.34
40.999065 4.34
41.063065 4.34
41.127066 4.34
41.191192 4.34
41.250192 4.34
41.314084 4.34
41.378083 4.34
41.442085 4.34
41.506069 4.34
41.570194 4.34
41.634070 4.34
41.698071 4.34
41.762087 4.34
41.826196 4.34
41.885072 4.34
41.949088 4.34
42.013073 4.34
42.077090 4.34
42.141089 4.34
42.205090 4.34
42.269074 4.34
42.333076 4.34
42.397093 4.34
42.461092 4.34
42.525077 4.34
42.589078 4.34
42.653078 4.34
42.713203 4.34
42.772079 4.34
42.832204 4.34
42.891097 4.34
42.965582 4.34
43.029584 4.34
43.099098 4.34
43.162957 4.34
43.221331 4.34
43.289957 4.34
43.348333 4.34
43.416958 4.34
43.475333 4.34
43.543959 4.34
43.604087 4.34
43.659086 4.34
43.713962 4.34
43.772336 4.34
43.840962 4.34
43.900963 4.34
43.960964 4.34
44.020964 4.34
44.080964 4.34
44.144589 4.34
44.213214 4.34
44.281840 4.34
44.341965 4.34
44.401967 4.34
44.455216 4.34
44.523842 4.34
44.574967 4.34
44.638468 4.34
44.696843 4.34
44.744093 4.34
44.794720 4.34
44.858219 4.34
44.926846 4.34
44.977971 4.34
45.033721 4.34
45.097221 4.34
45.165847 4.34
45.224222 4.34
45.292848 4.34
45.351223 4.34
45.419849 4.34
45.478224 4.34
45.546850 4.34
45.605226 4.34
45.673852 4.34
45.732226 4.34
45.800853 4.34
45.859228 4.34
45.927853 4.34
45.986229 4.34
46.054854 4.34
46.113229 4.34
46.181855 4.34
46.240230 4.34
46.308856 4.34
46.367231 4.34
46.435857 4.34
46.495859 4.34
46.555860 4.34
46.615860 4.34
46.675860 4.34
46.735861 4.34
46.795862 4.34
46.855862 4.34
46.915863 4.34
46.975863 4.34
47.035864 4.34
47.089112 4.34
47.157738 4.34
47.212738 4.34
47.267739 4.34
47.322739 4.34
47.369990 4.34
47.419364 4.34
47.477741 4.34
47.528867 4.34
47.592366 4.34
47.650741 4.34
47.697992 4.34
47.748620 4.34
47.812118 4.34
47.880744 4.34
47.939119 4.34
48.007745 5.35
48.078148 6.36
48.147500 6.36
48.217016 6.36
48.286248 6.36
48.339753 6.36
48.398125 6.68
48.466749 6.36
48.525124 6.68
48.593750 6.68
48.663505 6.68
48.733021 6.68
48.803908 6.68
48.873657 7.02
48.942636 7.02
49.006131 7.02
49.074755 7.02
49.133130 7.02
49.207697 7.02
49.277510 7.02
49.336509 7.37
49.395383 7.37
49.460772 7.37
49.525688 7.37
49.590388 7.37
49.654511 7.37
49.708136 7.69
49.761779 7.69
49.821519 7.69
49.880783 7.69
49.944780 7.69
50.008664 7.69
50.074153 7.69
50.127778 8.03
50.201665 8.03
50.275666 8.03
50.344781 8.03
50.409394 8.03
50.478784 8.03
50.553266 8.35
50.599035 8.35
50.663532 8.35
50.728524 8.35
50.793147 8.35
50.846786 8.35
50.910673 8.35
50.980150 8.70
51.033791 8.35
51.104803 8.70
51.168787 8.70
51.237796 8.70
51.296796 8.70
51.355790 8.70
51.414792 9.04
51.488678 9.04
51.558404 9.04
51.623047 9.04
51.681794 9.04
51.755794 9.36
51.825407 9.36
51.889798 9.36
51.958921 9.36
52.023279 9.36
52.081807 9.36
52.143688 9.71
52.212797 9.36
52.283686 9.71
52.338531 9.71
52.404413 9.71
52.463805 9.71
52.522659 9.71
52.588158 9.71
52.641534 9.71
52.707420 10.03
52.762938 10.03
52.817419 10.03
52.872733 10.03
52.929799 10.03
52.985574 10.03
53.055426 10.03
53.114933 10.03
53.169427 10.03
53.234428 10.03
53.299423 10.03
53.364427 10.03
53.425424 10.03
53.484938 10.03
53.544424 10.03
53.609422 10.03
53.669674 10.03
53.730058 10.03
53.780292 10.03
53.854553 10.03
53.914822 10.03
53.973699 10.03
54.047548 10.03
54.116838 10.03
54.180671 10.03
54.239549 10.03
54.298051 10.03
54.356835 10.03
54.420809 10.03
54.484684 10.03
54.548818 10.03
54.608300 10.03
54.672681 10.03
54.741741 10.03
54.800553 10.03
54.874554 10.03
54.943676 10.03
55.012553 10.03
55.081677 10.03
55.150556 10.03
55.219554 10.03
55.288563 10.03
55.362710 10.03
55.431706 10.03
55.500563 10.03
55.569433 10.03
55.635566 10.03
55.699566 10.03
55.768570 10.03
55.827566 10.03
55.891434 10.03
55.957063 10.03
56.010439 10.03
56.070832 10.03
56.129710 10.03
56.193703 10.03
56.252954 10.03
56.308191 10.03
56.377820 10.03
56.447189 10.03
56.511064 10.03
56.565818 10.03
56.620957 10.03
56.679592 10.03
56.739696 10.03
56.803445 10.37
56.872692 10.37
56.931442 10.37
57.000598 10.03
57.064824 10.03
57.129085 10.03
57.198197 10.03
57.272824 10.03
57.336589 10.03
57.406946 10.03
57.460447 10.03
57.534823 10.03
57.590613 10.03
57.651341 10.03
57.722328 10.03
57.781200 9.71
57.844699 9.04
57.903452 8.35
57.967602 7.69
58.031612 7.02
58.090453 6.36
58.159578 6.36
58.223327 6.36
58.278454 6.36
58.348844 6.36
58.412329 6.36
58.459713 6.36
58.511506 6.36
58.571330 6.36
58.637082 6.36
58.700722 6.36
58.764458 6.36
58.820213 6.36
58.884085 6.36
58.958614 6.36
59.017460 6.36
59.086460 6.36
59.160617 6.36
59.224711 6.36
59.293336 6.36
59.351727 6.36
59.423730 6.36
59.482338 6.36
59.540714 6.36
59.606975 6.36
59.665346 6.36
59.734093 6.36
59.802718 6.36
59.871342 6.36
59.930222 6.36
59.989109 6.36
60.063343 6.36
60.123470 6.36
60.176719 6.36
60.240596 6.36
60.299478 6.36
60.369848 6.36
60.433349 6.36
60.493475 6.36
60.548476 6.36
60.603351 6.36
60.661989 6.36
60.717223 6.36
60.772473 6.36
60.841474 6.36
60.915349 6.36
60.975351 6.36
61.029121 6.36
61.084355 6.36
61.150362 6.36
61.215002 6.36
61.278606 6.36
61.332229 6.36
61.387354 6.36
61.443104 6.36
61.506622 6.36
61.565607 6.36
61.624355 6.36
61.688231 6.36
61.735481 6.36
61.786232 6.36
61.844608 6.36
61.903611 6.36
61.967358 6.36
62.031358 6.36
62.105233 6.36
62.169000 6.36
62.237635 6.36
62.307007 6.36
62.376002 6.36
62.439630 6.36
62.503363 6.36
62.572363 6.36
62.646365 6.36
62.715364 6.36
62.784115 6.36
62.848006 6.36
62.916617 6.36
62.975510 6.36
63.042878 6.36
63.104749 6.36
63.168252 6.36
63.228374 6.36
63.283374 6.36
63.338444 6.36
63.398128 6.36
63.455125 6.36
63.514012 6.36
63.574251 6.36
63.633246 6.36
63.691888 6.36
63.743258 6.36
63.803253 6.36
63.866751 6.36
63.925126 6.36
63.983502 6.36
64.052128 6.36
64.109260 6.36
64.170023 6.36
64.233501 6.36
64.292126 6.36
64.339502 6.36
64.403127 6.36
64.454502 6.36
64.518128 6.36
64.565503 6.36
64.629129 6.36
64.676383 6.36
64.745130 6.36
64.814381 6.36
64.865147 6.36
64.921132 6.36
64.986132 6.36
65.044775 6.36
65.098258 6.36
65.167693 6.36
65.232676 6.36
65.296509 6.36
65.355134 6.36
65.429135 6.36
65.492775 6.36
65.546136 6.36
65.609777 6.36
65.663137 6.36
65.732263 6.36
65.801139 6.36
65.864779 6.36
65.920921 6.36
65.980144 6.36
66.054142 6.36
66.123265 6.36
66.187142 6.36
66.251282 6.36
66.311043 6.36
66.375272 6.36
66.434021 6.36
66.494146 6.36
66.554146 6.36
66.609146 6.36
66.668903 6.36
66.722652 6.36
66.791648 6.36
66.845148 6.36
66.909148 6.36
66.978148 6.36
67.042163 6.36
67.106149 6.36
67.169681 6.36
67.233683 6.36
67.297651 6.36
67.361821 6.36
67.426405 6.36
67.490279 6.36
67.554153 6.36
67.618153 6.36
67.687029 6.36
67.745403 6.36
67.814168 6.36
67.883155 6.36
67.939048 6.36
67.997407 6.36
68.066033 6.36
68.129658 6.36
68.188158 6.36
68.262283 6.36
68.336052 6.36
68.394409 6.36
68.458035 6.36
68.521661 6.36
68.580052 6.36
68.649054 6.36
68.710412 6.36
68.774037 6.36
68.834192 6.36
68.889171 6.36
68.942417 6.36
69.011042 6.36
69.071045 6.36
69.131045 6.36
69.194670 6.36
69.263916 6.36
69.319070 6.68
69.372545 6.36
69.424073 6.36
69.488168 6.68
69.557044 6.36
69.620554 6.36
69.678924 6.36
69.733923 6.36
69.781173 6.36
69.839550 6.36
69.897923 6.68
69.950809 6.68
70.006303 6.36
70.066555 6.36
70.130690 6.36
70.194555 6.36
70.258554 6.36
70.318825 6.36
70.373826 6.36
70.432555 6.36
70.496561 6.36
70.560555 6.36
70.624702 6.36
70.684849 6.36
70.743555 6.36
70.812558 6.36
70.866055 6.36
70.936430 6.36
70.989947 6.36
71.054434 6.36
71.117934 6.36
71.176307 6.36
71.244933 6.36
71.303308 6.68
71.371934 6.36
71.436841 6.36
71.496185 6.36
71.555077 6.36
71.619185 6.36
71.678186 6.36
71.737061 6.36
71.806062 6.36
71.870063 6.36
71.934063 6.36
71.998064 6.36
72.056565 6.36
72.106440 6.36
72.160081 6.36
72.223955 6.36
72.298191 6.36
72.356834 6.36
72.412191 6.36
72.471208 6.36
72.526068 6.36
72.576818 6.36
72.637318 6.36
72.696069 6.36
72.755070 6.36
72.819070 6.36
72.870070 6.36
72.930088 6.36
72.993838 6.36
73.049822 6.36
73.109965 6.36
73.178962 6.36
73.234698 6.36
73.298204 6.36
73.366842 6.36
73.430600 6.36
73.502965 6.36
73.566965 6.36
73.635967 6.36
73.700093 6.36
73.764077 6.36
73.823078 6.36
73.887079 6.36
73.951079 6.36
74.010080 6.36
74.069096 6.36
74.138083 6.36
74.196956 6.36
74.267331 6.36
74.325971 6.36
74.389972 6.36
74.453957 6.36
74.518084 6.36
74.581976 6.36
74.646103 6.36
74.704978 6.36
74.769101 6.36
74.828086 6.36
74.887087 6.36
74.946102 6.36
75.005087 6.36
75.060106 6.36
75.114981 6.36
75.179089 6.36
75.238089 6.36
75.296982 6.36
75.346340 6.36
75.400091 6.36
75.459108 6.36
75.514091 6.36
75.569110 6.36
75.629620 6.36
75.693093 6.36
75.747983 6.36
75.798625 6.36
75.849719 6.36
75.909625 6.36
75.960847 6.36
76.034720 6.36
76.100663 6.36
76.165100 6.36
76.229108 6.68
76.288120 6.36
76.346990 6.36
76.415724 6.36
76.471628 6.68
76.535851 6.36
76.604475 6.36
76.673990 6.36
76.748642 6.36
76.816245 6.36
76.880478 6.36
76.949981 6.36
77.013663 6.36
77.074478 6.36
77.138996 6.36
77.203007 6.36
77.266996 6.36
77.330638 6.36
77.396110 6.36
77.454762 6.36
77.529125 6.36
77.587877 6.36
77.661638 6.36
77.722127 6.36
77.780612 6.36
77.834360 6.36
77.903615 6.36
77.956989 6.36
78.020777 6.36
78.085754 6.36
78.149899 6.36
78.213738 6.36
78.287754 6.36
78.348114 6.36
78.411647 6.36
78.475644 6.36
78.539490 6.36
78.597990 6.36
78.661617 6.36
78.727367 6.36
78.796117 6.36
78.849743 6.36
78.913619 6.36
78.970498 6.36
79.029140 6.36
79.093009 6.36
79.157374 6.36
79.226928 6.36
79.285122 6.36
79.338761 6.36
79.404753 6.36
79.458001 6.36
79.523797 6.36
79.582764 6.36
79.646766 6.36
79.715767 6.36
79.781781 6.36
79.850656 6.36
79.914502 6.36
79.978635 6.36
80.048392 6.36
80.112797 6.36
80.173384 6.36
80.248520 6.36
80.309257 6.36
80.373916 6.36
80.430671 6.36
80.485774 6.36
80.549775 6.36
80.614259 6.36
80.679887 6.36
80.744396 6.36
80.803764 6.36
80.877635 6.36
80.946509 6.36
81.008510 6.36
81.069262 6.36
81.143139 6.36
81.198138 6.36
81.253029 6.36
81.306512 6.36
81.367031 6.36
81.430514 6.36
81.504515 6.36
81.560906 6.36
81.619681 6.36
81.683515 6.36
81.747517 6.36
81.808017 6.36
81.867272 6.36
81.931524 6.36
81.995793 6.36
82.055033 6.36
82.119394 6.36
82.183270 6.36
82.242035 6.36
82.295646 6.36
82.370400 6.36
82.439651 6.36
82.503680 6.36
82.562654 6.36
82.632148 6.36
82.696149 6.36
82.755164 6.36
82.820528 6.36
82.889790 6.36
82.948716 6.36
83.009688 6.36
83.073679 6.36
83.147937 6.36
83.201531 6.36
83.270407 6.36
83.334404 6.36
83.395285 6.36
83.469530 6.36
83.538656 6.36
83.588031 6.36
83.641799 6.36
83.705406 6.36
83.756532 6.36
83.830410 6.36
83.887288 6.36
83.947664 6.36
84.011409 6.36
84.071824 6.36
84.130414 6.36
84.190786 6.36
84.249411 6.36
84.313536 6.36
84.377667 6.36
84.428289 6.36
84.487293 6.36
84.551817 6.36
84.615414 6.36
84.673793 6.36
84.7328