0.000000 0.000000
0.079449 0.89
0.150000 0.90
0.209996 0.89
0.264120 0.89
0.325118 0.89
0.388993 0.90
0.452994 0.87
0.517244 0.90
0.581494 0.88
0.645395 0.88
0.710816 0.87
0.761257 0.88
0.821274 0.89
0.881012 0.89
0.948260 0.78
1.008005 0.77
1.073786 0.79
1.138126 0.78
1.193125 0.80
1.248000 0.78
1.302781 0.79
1.352407 0.78
1.409266 0.79
1.474005 0.78
1.533128 0.78
1.588128 0.79
1.643004 0.79
1.707004 0.77
1.766005 0.79
1.825005 0.79
1.883899 0.78
1.948131 0.78
2.022772 0.78
2.092132 0.78
2.156008 0.79
2.220008 0.77
2.279134 0.78
2.348259 0.79
2.417665 0.79
2.487010 0.78
2.546136 0.79
2.615261 0.79
2.674417 0.79
2.733418 0.79
2.807905 0.78
2.867013 0.79
2.926014 0.79
2.984907 0.79
3.044015 0.80
3.103015 0.80
3.161906 0.79
3.221017 0.78
3.280017 0.77
3.338642 0.79
3.403892 0.78
3.467393 0.78
3.522267 0.78
3.582268 0.78
3.645769 0.79
3.714395 0.78
3.769270 0.78
3.827645 0.79
3.892896 0.77
3.944021 0.79
4.003647 0.78
4.051772 0.78
4.111897 0.79
4.163023 0.80
4.212399 0.79
4.270774 0.78
4.334274 0.79
4.392650 0.80
4.461275 0.80
4.519650 0.78
4.588276 0.79
4.646652 0.79
4.715277 0.78
4.773653 0.79
4.842278 0.79
4.900654 0.80
4.969279 0.78
5.027655 0.77
5.096280 0.79
5.154656 0.79
5.223281 0.78
5.281657 0.79
5.350282 0.80
5.408658 0.80
5.477283 0.79
5.535659 0.79
5.604284 0.77
5.662659 0.78
5.731285 0.79
5.786286 0.79
5.841286 0.79
5.896161 0.79
5.959662 0.78
6.028288 0.78
6.083163 0.78
6.146664 0.80
6.215289 0.77
6.270164 0.77
6.330165 0.78
6.390165 0.76
6.450166 0.78
6.508542 0.78
6.573792 0.79
6.624918 0.78
6.675544 0.77
6.723669 0.78
6.779919 0.77
6.830545 0.79
6.885045 0.78
6.948545 0.79
7.017170 0.78
7.075546 0.79
7.136922 0.78
7.187548 0.80
7.242047 0.79
7.305548 0.79
7.374173 0.78
7.432549 0.79
7.501175 0.78
7.559550 0.78
7.628176 0.78
7.686551 0.79
7.755176 0.79
7.813552 0.79
7.882177 0.79
7.940553 0.78
8.009178 0.78
8.067554 0.78
8.136179 0.78
8.194556 0.79
8.263180 0.77
8.321556 0.79
8.390182 0.79
8.445182 0.77
8.503558 0.78
8.572183 0.79
8.630559 0.78
8.699184 0.76
8.757560 0.80
8.826185 0.79
8.881060 0.79
8.941061 0.78
9.001061 0.79
9.061062 0.78
9.121062 0.80
9.179438 0.79
9.244564 0.79
9.304689 0.79
9.355815 0.77
9.414190 0.77
9.472566 0.80
9.532691 0.77
9.583816 0.79
9.643443 0.77
9.691567 0.76
9.755068 0.79
9.813443 0.78
9.874819 0.78
9.925445 0.79
9.973570 0.79
10.037070 0.79
10.095446 0.78
10.164071 0.77
10.222447 0.78
10.291072 0.80
10.349447 0.77
10.418073 0.77
10.476448 0.79
10.545074 0.78
10.603450 0.78
10.672077 0.79
10.735575 0.78
10.799076 0.79
10.857452 0.79
10.926077 0.78
10.984453 0.78
11.053077 0.78
11.108078 0.78
11.166454 0.79
11.235079 0.80
11.290080 0.77
11.345081 0.79
11.408957 0.79
11.483371 0.80
11.557724 0.77
11.612726 0.78
11.667959 0.79
11.732085 0.78
11.794085 0.78
11.856086 0.78
11.918086 0.76
11.973087 0.78
12.035087 0.78
12.097087 0.79
12.158963 0.78
12.212493 0.78
12.276618 0.79
12.335367 0.80
12.399495 0.79
12.458494 0.78
12.519091 0.77
12.577841 0.77
12.641967 0.78
12.695370 0.77
12.759372 0.79
12.828498 0.80
12.889114 0.78
12.953973 0.78
13.007488 0.78
13.066498 0.80
13.125372 0.80
13.194496 0.79
13.263495 0.78
13.327497 0.80
13.391373 0.79
13.460739 0.79
13.529848 0.80
13.593849 0.78
13.662850 0.78
13.721502 0.80
13.785352 0.78
13.854353 0.80
13.923502 0.79
13.987354 0.78
14.056354 0.77
14.120355 0.78
14.189355 0.78
14.258359 0.76
14.318854 0.78
14.388230 0.78
14.462622 0.80
14.526359 0.79
14.595358 0.78
14.664362 0.78
14.728875 0.79
14.789234 0.79
14.858360 0.79
14.917360 0.79
14.981361 0.78
15.045362 0.77
15.109362 0.77
15.173363 0.77
15.232363 0.78
15.296364 0.80
15.360364 0.78
15.424364 0.79
15.488365 0.80
15.547365 0.79
15.611366 0.78
15.675367 0.78
15.739368 0.79
15.803367 0.79
15.862368 0.77
15.926368 0.78
15.990370 0.80
16.054370 0.79
16.118371 0.78
16.177371 0.76
16.241371 0.77
16.305371 0.79
16.369373 0.78
16.433373 0.78
16.492497 0.78
16.551400 0.79
16.615122 0.78
16.683748 0.79
16.747248 0.80
16.815875 0.78
16.870875 0.79
16.929250 0.78
16.997876 0.78
17.056250 0.79
17.124877 0.78
17.179876 0.79
17.234753 0.77
17.294878 0.78
17.349754 0.79
17.409754 0.78
17.469880 0.79
17.524754 0.80
17.584756 0.80
17.644881 0.79
17.699756 0.80
17.759756 0.79
17.821133 0.79
17.869258 0.78
17.925508 0.78
17.976134 0.79
18.024258 0.80
18.080509 0.79
18.138885 0.78
18.197260 0.79
18.253511 0.79
18.308137 0.78
18.362637 0.78
18.426137 0.80
18.494763 0.77
18.553138 0.79
18.621764 0.79
18.680139 0.78
18.748765 0.77
18.807140 0.79
18.875766 0.80
18.934142 0.78
19.008017 0.79
19.076642 0.78
19.140143 0.79
19.208768 0.79
19.267144 0.79
19.335769 0.78
19.394145 0.78
19.462770 0.77
19.521146 0.78
19.589772 0.79
19.648147 0.77
19.722023 0.77
19.782148 0.78
19.850773 0.79
19.905649 0.79
19.965650 0.79
20.029150 0.78
20.097776 0.79
20.152651 0.79
20.216151 0.78
20.284777 0.79
20.339652 0.78
20.399653 0.79
20.459654 0.79
20.519654 0.78
20.578029 0.79
20.639407 0.80
20.699031 0.79
20.747155 0.78
20.807281 0.77
20.862281 0.78
20.913409 0.79
20.973034 0.79
21.027533 0.78
21.091033 0.80
21.152411 0.79
21.203036 0.78
21.257535 0.78
21.321035 0.78
21.389661 0.80
21.448037 0.77
21.509414 0.79
21.563912 0.80
21.623538 0.78
21.687038 0.80
21.760914 0.79
21.829540 0.78
21.893043 0.79
21.961666 0.78
22.020041 0.79
22.088667 0.78
22.147042 0.78
22.215668 0.78
22.274043 0.78
22.342669 0.79
22.401044 0.80
22.474920 0.79
22.543546 0.79
22.603671 0.78
22.658671 0.80
22.717046 0.80
22.785672 0.78
22.844047 0.77
22.912673 0.79
22.967548 0.78
23.027549 0.78
23.087549 0.78
23.147550 0.79
23.207551 0.78
23.265926 0.79
23.331177 0.79
23.394678 0.78
23.449553 0.78
23.507928 0.78
23.573178 0.79
23.624303 0.79
23.682680 0.77
23.737555 0.78
23.796055 0.79
23.852305 0.79
23.902932 0.78
23.957431 0.78
24.020932 0.78
24.089557 0.78
24.147933 0.78
24.216559 0.79
24.274934 0.77
24.343560 0.79
24.401935 0.78
24.470560 0.78
24.528936 0.77
24.611063 0.79
24.679938 0.78
24.754064 0.79
24.823065 0.78
24.892064 0.78
24.961065 0.79
25.043593 0.78
25.102067 0.77
25.166067 0.78
25.230068 0.78
25.294068 0.79
25.363068 0.77
25.427194 0.78
25.491071 0.79
25.563470 0.79
25.618597 0.78
25.682473 0.78
25.746478 0.79
25.801472 0.79
25.865474 0.80
25.929599 0.78
25.979600 0.80
26.038475 0.78
26.102474 0.79
26.166327 0.78
26.231829 0.79
26.295951 0.77
26.359952 0.77
26.424077 0.78
26.488078 0.78
26.551953 0.79
26.615954 0.79
26.680079 0.79
26.744079 0.78
26.808080 0.78
26.871961 0.79
26.935456 0.78
26.993831 0.79
27.062457 0.78
27.120957 0.77
27.184458 0.78
27.242833 0.80
27.311459 0.77
27.369834 0.77
27.438459 0.79
27.496835 0.78
27.565460 0.78
27.623836 0.79
27.692462 0.78
27.750962 0.77
27.814463 0.79
27.872838 0.78
27.941463 0.78
27.999839 0.79
28.068465 0.78
28.126840 0.79
28.195466 0.78
28.253841 0.78
28.322467 0.79
28.380967 0.78
28.444467 0.78
28.499344 0.79
28.559345 0.78
28.619469 0.80
28.674346 0.79
28.734346 0.79
28.808221 0.79
28.871721 0.79
28.936971 0.78
29.001724 0.78
29.049848 0.80
29.109974 0.79
29.174724 0.79
29.222849 0.78
29.279099 0.77
29.329725 0.78
29.384225 0.77
29.447726 0.79
29.509100 0.79
29.558477 0.79
29.616852 0.79
29.680353 0.78
29.738728 0.79
29.807354 0.77
29.865729 0.79
29.934355 0.77
29.992731 0.79
30.061357 0.79
30.119731 0.77
30.188359 0.79
30.246732 0.78
30.315359 0.79
30.373733 0.78
30.442360 0.78
30.500734 0.79
30.569362 0.79
30.627735 0.78
30.696362 0.78
30.754736 0.78
30.823363 0.78
30.881737 0.79
30.950364 0.78
31.005364 0.78
31.063739 0.78
31.132366 0.78
31.187366 0.78
31.242239 0.80
31.302241 0.78
31.362241 0.80
31.425742 0.79
31.494368 0.79
31.549242 0.80
31.609243 0.78
31.669244 0.77
31.729244 0.80
31.789244 0.79
31.852745 0.80
31.921371 0.79
31.976246 0.78
32.034622 0.79
32.095997 0.78
32.145372 0.79
32.200250 0.79
32.258623 0.78
32.319999 0.78
32.369375 0.79
32.427750 0.78
32.484000 0.78
32.534626 0.79
32.589126 0.80
32.652627 0.79
32.721252 0.79
32.779627 0.79
32.848253 0.79
32.906629 0.80
32.975254 0.78
33.033629 0.79
33.102255 0.79
33.160630 0.78
33.229255 0.80
33.287631 0.78
33.356257 0.79
33.414632 0.79
33.483258 0.79
33.541634 0.77
33.610258 0.79
33.668634 0.79
33.737260 0.79
33.795635 0.80
33.864261 0.77
33.922637 0.79
33.991262 0.79
34.046137 0.78
34.109638 0.78
34.178263 0.79
34.233139 0.80
34.293140 0.79
34.353139 0.79
34.413140 0.78
34.473141 0.81
34.533141 0.78
34.591517 0.80
34.651518 0.77
34.716768 0.79
34.771769 0.78
34.826769 0.78
34.881769 0.79
34.936770 0.79
34.991770 0.80
35.050145 0.78
35.108521 0.78
35.169897 0.78
35.220524 0.77
35.275022 0.78
35.338523 0.78
35.407148 0.78
35.465524 0.78
35.534149 0.78
35.592525 0.79
35.661150 0.79
35.719526 0.77
35.788151 0.79
35.846527 0.77
35.915153 0.78
35.973529 0.78
36.042153 0.79
36.100529 0.79
36.169154 0.78
36.227530 0.77
36.296156 0.79
36.354531 0.78
36.423157 0.79
36.481532 0.77
36.550158 0.78
36.605159 0.77
36.660159 0.80
36.718534 0.78
36.787159 0.77
36.842035 0.78
36.902036 0.79
36.962035 0.79
37.022036 0.79
37.085537 0.78
37.154163 0.80
37.209038 0.79
37.272538 0.79
37.341164 0.79
37.396040 0.78
37.454416 0.79
37.515791 0.78
37.565166 0.79
37.623541 0.79
37.683667 0.79
37.734792 0.79
37.794419 0.79
37.842544 0.79
37.898793 0.77
37.958421 0.79
38.013045 0.77
38.071421 0.79
38.140046 0.79
38.198425 0.77
38.262047 0.79
38.320423 0.78
38.389047 0.79
38.447424 0.79
38.516049 0.78
38.574425 0.77
38.643050 0.79
38.701426 0.78
38.770051 0.80
38.828430 0.80
38.892051 0.79
38.950427 0.79
39.019052 0.78
39.077428 0.79
39.146053 0.79
39.204429 0.78
39.273054 0.80
39.331430 0.77
39.400056 0.78
39.455056 0.77
39.510056 0.79
39.568432 0.79
39.637057 0.79
39.691932 0.78
39.751934 0.77
39.811933 0.80
39.872059 0.79
39.926934 0.77
39.986935 0.79
40.047061 0.78
40.105436 0.78
40.174062 0.78
40.228937 0.78
40.292438 0.80
40.348688 0.79
40.407064 0.79
40.465439 0.78
40.525564 0.79
40.576690 0.79
40.636321 0.78
40.690816 0.79
40.754320 0.79
40.822942 0.77
40.881322 0.79
40.949943 0.79
41.008322 0.78
41.069694 0.80
41.120323 0.80
41.174820 0.77
41.238322 0.78
41.306946 0.77
41.365322 0.80
41.433947 0.77
41.492324 0.77
41.560948 0.78
41.619325 0.79
41.687949 0.79
41.746326 0.78
41.814950 0.79
41.873329 0.78
41.936951 0.80
41.995327 0.80
42.063952 0.79
42.122328 0.77
42.190952 0.78
42.249329 0.80
42.317954 0.80
42.376331 0.78
42.444956 0.80
42.499830 0.79
42.563456 0.78
42.626956 0.79
42.685335 0.78
42.748957 0.78
42.803833 0.79
42.863833 0.77
42.923959 0.79
42.978835 0.79
43.038835 0.78
43.093835 0.79
43.152210 0.78
43.217461 0.78
43.268587 0.78
43.326963 0.78
43.381838 0.78
43.440339 0.78
43.496589 0.79
43.547215 0.79
43.601714 0.79
43.665215 0.79
43.726590 0.77
43.777217 0.79
43.831716 0.79
43.895217 0.79
43.963842 0.78
44.022218 0.79
44.090843 0.78
44.149218 0.80
44.217844 0.78
44.276219 0.80
44.344846 0.77
44.403220 0.79
44.471847 0.79
44.530221 0.78
44.598847 0.76
44.657223 0.77
44.725849 0.78
44.786098 0.79
44.854725 0.79
44.918224 0.78
44.986851 0.79
45.045226 0.79
45.113851 0.78
45.172226 0.77
45.240852 0.79
45.299228 0.79
45.367854 0.80
45.422728 0.79
45.482729 0.78
45.546230 0.79
45.614856 0.78
45.683606 0.78
45.747106 0.79
45.812357 0.79
45.875857 0.77
45.930733 0.79
45.989108 0.79
46.054359 0.78
46.105484 0.78
46.165111 0.78
46.219610 0.77
46.283111 0.78
46.348362 0.79
46.399487 0.78
46.448862 0.79
46.507237 0.77
46.570739 0.78
46.629113 0.78
46.697740 0.79
46.756114 0.78
46.824741 0.78
46.883115 0.80
46.944491 0.80
46.995118 0.79
47.049617 0.79
47.113118 0.79
47.181743 0.78
47.240118 0.78
47.313995 0.79
47.382870 0.79
47.436389 0.79
47.490246 0.79
47.553871 0.78
47.622998 0.79
47.691873 0.79
47.745375 0.77
47.804124 0.78
47.872749 0.79
47.933656 0.78
47.994552 0.79
48.055037 0.81
48.104769 0.79
48.173642 0.78
48.234779 0.78
48.294540 0.79
48.348772 0.79
48.400035 0.80
48.448769 0.78
48.518259 0.78
48.582524 0.79
48.634039 0.79
48.681412 0.79
48.731132 0.78
48.795262 0.79
48.849136 0.78
48.913259 0.79
48.972008 0.79
49.033414 0.79
49.083582 0.78
49.143266 0.77
49.197139 0.80
49.261262 0.77
49.320136 0.77
49.389674 0.78
49.459785 0.79
49.518782 0.80
49.577531 0.79
49.641264 0.79
49.695583 0.78
49.755271 0.77
49.819535 0.77
49.883535 0.79
49.942266 0.80
49.996271 0.77
50.055269 0.79
50.114143 0.79
50.183018 0.77
50.257149 0.80
50.316147 0.76
50.380271 0.78
50.439020 0.79
50.513146 0.77
50.572580 0.78
50.628795 0.79
50.698149 0.79
50.762274 0.78
50.821149 0.79
50.880278 0.78
50.939276 0.79
50.998275 0.79
51.057150 0.79
51.121026 0.77
51.185279 0.78
51.235278 0.79
51.294153 0.79
51.353028 0.79
51.417159 0.78
51.476158 0.78
51.539920 0.78
51.609280 0.79
51.664155 0.77
51.723286 0.79
51.778159 0.76
51.842283 0.79
51.892157 0.79
51.956033 0.77
52.020453 0.77
52.084442 0.77
52.149939 0.78
52.205940 0.80
52.266160 0.78
52.316291 0.79
52.366289 0.78
52.431174 0.80
52.496327 0.80
52.566291 0.77
52.631422 0.76
52.696563 0.79
52.761171 0.79
52.815179 0.78
52.876567 0.78
52.943173 0.78
53.002563 0.79
53.071583 0.80
53.141052 0.80
53.200571 0.79
53.259043 0.78
53.323174 0.79
53.387058 0.76
53.451044 0.77
53.510171 0.78
53.564299 0.78
53.630606 0.79
53.694797 0.78
53.759300 0.78
53.823174 0.78
53.878558 0.78
53.933452 0.79
53.988428 0.79
54.047049 0.79
54.100549 0.77
54.156828 0.79
54.205051 0.80
54.260052 0.77
54.318569 0.79
54.376927 0.78
54.437305 0.78
54.501056 0.78
54.560837 0.78
54.615866 0.78
54.675809 0.79
54.730494 0.79
54.796305 0.80
54.866835 0.79
54.921431 0.78
54.980057 0.78
55.043823 0.79
55.113812 0.78
55.168434 0.78
55.226934 0.79
55.290464 0.78
55.343934 0.78
55.412810 0.77
55.482842 0.79
55.537441 0.80
55.595812 0.77
55.664466 0.78
55.728317 0.78
55.797317 0.77
55.861467 0.78
55.925317 0.78
55.984317 0.77
56.053319 0.80
56.107319 0.80
56.171322 0.77
56.230472 0.79
56.300068 0.78
56.363821 0.77
56.432944 0.77
56.501944 0.77
56.561089 0.78
56.620070 0.78
56.678474 0.78
56.731821 0.77
56.806072 0.76
56.860197 0.77
56.934823 0.78
57.004076 0.78
57.062827 0.79
57.122079 0.80
57.175450 0.80
57.230511 0.80
57.291201 0.78
57.345081 0.78
57.403830 0.78
57.462718 0.78
57.532088 0.79
57.601526 0.78
57.666078 0.79
57.716734 0.78
57.771335 0.80
57.830080 0.79
57.884955 0.79
57.939735 0.77
57.990731 0.78
58.040359 0.78
58.095361 0.78
58.159359 0.79
58.223363 0.79
58.292209 0.76
58.356351 0.80
58.431085 0.79
58.485960 0.79
58.549961 0.79
58.613961 0.78
58.672853 0.77
58.732378 0.77
58.792716 0.79
58.861966 0.76
58.920964 0.80
58.979839 0.77
59.043970 0.79
59.098230 0.78
59.153346 0.78
59.208344 0.77
59.263346 0.77
59.318221 0.79
59.378219 0.78
59.438375 0.80
59.498098 0.78
59.567375 0.79
59.641969 0.78
59.705969 0.78
59.769970 0.79
59.824994 0.77
59.880419 0.79
59.940108 0.78
59.995642 0.80
60.056100 0.79
60.119973 0.78
60.178848 0.79
60.233626 0.77
60.284627 0.79
60.339224 0.77
60.404618 0.78
60.465976 0.79
60.520977 0.79
60.571631 0.78
60.622631 0.78
60.673634 0.79
60.728103 0.79
60.799105 0.77
60.859637 0.77
60.928871 0.80
60.987980 0.79
61.042748 0.77
61.106986 0.79
61.170983 0.78
61.229874 0.79
61.288983 0.77
61.347983 0.76
61.411483 0.79
61.480773 0.77
61.544876 0.77
61.608626 0.79
61.672986 0.79
61.731629 0.79
61.805630 0.77
61.874239 0.80
61.929240 0.78
61.987615 0.78
62.056241 0.78
62.114617 0.78
62.183240 0.78
62.243990 0.79
62.309490 0.80
62.374629 0.79
62.443240 0.78
62.498116 0.78
62.563492 0.79
62.623993 0.77
62.682634 0.79
62.733995 0.78
62.792637 0.79
62.861495 0.80
62.930632 0.80
62.999652 0.78
63.068640 0.78
63.137641 0.79
63.206640 0.79
63.275642 0.78
63.339123 0.78
63.397498 0.78
63.466124 0.78
63.524500 0.80
63.593125 0.79
63.651501 0.79
63.720126 0.78
63.778502 0.78
63.847127 0.78
63.905503 0.78
63.974128 0.78
64.032504 0.78
64.101136 0.77
64.159509 0.80
64.228130 0.79
64.286506 0.78
64.355131 0.78
64.413507 0.78
64.482134 0.77
64.540509 0.80
64.609133 0.79
64.667509 0.80
64.736135 0.78
64.796399 0.79
64.866890 0.79
64.930389 0.79
64.999137 0.76
65.054011 0.78
65.114012 0.78
65.174014 0.77
65.237640 0.78
65.306515 0.78
65.375391 0.78
65.449530 0.79
65.518535 0.78
65.582660 0.78
65.646768 0.77
65.696534 0.77
65.756396 0.78
65.804518 0.80
65.870019 0.80
65.934675 0.77
65.995440 0.77
66.059523 0.78
66.124399 0.78
66.184538 0.79
66.235914 0.78
66.295023 0.78
66.348426 0.78
66.412023 0.77
66.465540 0.78
66.534542 0.78
66.598025 0.78
66.656409 0.77
66.725029 0.78
66.783406 0.78
66.852028 0.77
66.910406 0.79
66.979031 0.79
67.032434 0.79
67.096406 0.79
67.170545 0.79
67.239548 0.79
67.308548 0.78
67.377549 0.80
67.441532 0.78
67.505532 0.77
67.569548 0.79
67.638547 0.77
67.702433 0.79
67.769040 0.77
67.828681 0.78
67.885287 0.77
67.949555 0.80
68.013567 0.79
68.077432 0.76
68.131423 0.79
68.191543 0.76
68.246543 0.79
68.301542 0.77
68.356542 0.78
68.411542 0.77
68.467052 0.78
68.526567 0.79
68.580455 0.78
68.639450 0.79
68.703571 0.80
68.767572 0.76
68.832179 0.80
68.891694 0.77
68.956579 0.78
69.020563 0.78
69.079451 0.79
69.143296 0.79
69.213181 0.80
69.273818 0.79
69.327425 0.78
69.396173 0.77
69.470424 0.79
69.534299 0.78
69.609302 0.79
69.678300 0.77
69.747426 0.79
69.816301 0.79
69.885301 0.79
69.954302 0.77
70.017927 0.77
70.076302 0.78
70.150304 0.79
70.224304 0.79
70.293705 0.79
70.347305 0.79
70.416306 0.79
70.485315 0.78
70.554315 0.78
70.623314 0.78
70.697320 0.79
70.765932 0.78
70.820808 0.79
70.883933 0.78
70.940189 0.77
70.989953 0.79
71.043315 0.80
71.112474 0.77
71.172217 0.77
71.225828 0.77
71.284188 0.78
71.345580 0.79
71.400316 0.78
71.451591 0.77
71.506440 0.78
71.570834 0.77
71.639708 0.80
71.703191 0.78
71.772321 0.79
71.836192 0.78
71.904822 0.78
71.963196 0.78
72.024572 0.77
72.075198 0.78
72.129697 0.80
72.193196 0.79
72.261837 0.80
72.330714 0.79
72.394323 0.80
72.458197 0.77
72.526948 0.78
72.585841 0.80
72.654717 0.76
72.718199 0.79
72.787327 0.79
72.851076 0.78
72.919843 0.76
72.978505 0.78
73.042831 0.77
73.103340 0.79
73.167078 0.78
73.230718 0.78
73.290829 0.80
73.351348 0.78
73.412350 0.77
73.471208 0.79
73.540207 0.79
73.609486 0.79
73.664472 0.76
73.728210 0.76
73.797208 0.76
73.861083 0.78
73.926335 0.80
73.990210 0.79
74.054085 0.77
74.113469 0.79
74.179215 0.77
74.243213 0.80
74.307088 0.78
74.368479 0.78
74.423213 0.79
74.478839 0.80
74.543512 0.78
74.608354 0.78
74.672217 0.79
74.736216 0.78
74.800091 0.79
74.868733 0.79
74.927217 0.78
74.991519 0.80
75.052099 0.78
75.120722 0.80
75.179097 0.79
75.247722 0.79
75.306098 0.77
75.374722 0.78
75.439419 0.78
75.505227 0.78
75.564225 0.78
75.628224 0.78
75.692223 0.79
75.756099 0.79
75.825100 0.78
75.889225 0.76
75.957976 0.77
76.027228 0.78
76.085851 0.78
76.144605 0.78
76.213745 0.79
76.277746 0.78
76.332871 0.80
76.391746 0.78
76.441872 0.80
76.498012 0.78
76.552483 0.78
76.614010 0.77
76.665510 0.79
76.724232 0.78
76.779006 0.79
76.826384 0.80
76.881748 0.80
76.940615 0.78
76.994389 0.78
77.048109 0.76
77.117124 0.78
77.188060 0.77
77.257986 0.80
77.319387 0.78
77.385120 0.79
77.445022 0.78
77.505112 0.77
77.561522 0.79
77.626128 0.80
77.685241 0.78
77.755242 0.79
77.824990 0.77
77.899116 0.80
77.963619 0.78
78.023122 0.79
78.087120 0.80
78.151245 0.77
78.216125 0.78
78.283000 0.78
78.347154 0.78
78.415870 0.79
78.480131 0.78
78.549251 0.79
78.612872 0.77
78.672997 0.78
78.741652 0.78
78.805748 0.78
78.864533 0.79
78.925258 0.78
78.982125 0.78
79.036253 0.78
79.100126 0.79
79.169127 0.79
79.238007 0.79
79.307453 0.79
79.367632 0.78
79.428575 0.78
79.488533 0.80
79.547778 0.80
79.604255 0.79
79.665005 0.79
79.720259 0.78
79.780391 0.78
79.849683 0.79
79.909540 0.79
79.974134 0.77
80.033148 0.78
80.090258 0.77
80.140432 0.78
80.204389 0.78
80.279011 0.79
80.342527 0.78
80.412011 0.78
80.476916 0.79
80.532888 0.80
80.582512 0.78
80.648014 0.79
80.716891 0.78
80.786140 0.78
80.845015 0.79
80.909015 0.77
80.977891 0.77
81.042024 0.78
81.103017 0.80
81.172017 0.79
81.236143 0.79
81.299895 0.78
81.369144 0.77
81.433273 0.79
81.497019 0.79
81.561020 0.77
81.624896 0.79
81.688520 0.79
81.757427 0.78
81.816272 0.76
81.876567 0.78
81.940403 0.80
82.009426 0.79
82.064541 0.78
82.119401 0.79
82.183577 0.79
82.252908 0.77
82.322151 0.79
82.375797 0.78
82.445030 0.79
82.499028 0.79
82.558441 0.77
82.618282 0.80
82.679410 0.78
82.739445 0.77
82.794414 0.78
82.853281 0.77
82.923156 0.78
82.978282 0.79
83.038855 0.78
83.103039 0.79
83.162293 0.78
83.227034 0.78
83.286817 0.77
83.347162 0.80
83.406042 0.78
83.469918 0.77
83.524296 0.78
83.594559 0.78
83.664037 0.77
83.717913 0.78
83.782164 0.78
83.856794 0.79
83.926164 0.77
83.989670 0.78
84.058919 0.80
84.120054 0.79
84.179042 0.78
84.233042 0.80
84.287300 0.80
84.351674 0.78
84.421821 0.80
84.486588 0.79
84.556966 0.78
84.618431 0.79
84.688178 0.77
84.748424 0.78
84.802298 0.79
8