0.000000 0.000000
0.052530 40.56
0.112665 40.56
0.183002 40.56
0.247625 40.56
0.301248 40.00
0.365147 40.00
0.434149 40.00
0.508152 40.00
0.582150 40.00
0.656150 40.00
0.715449 40.00
0.769882 40.00
0.840432 40.00
0.900410 40.00
0.960528 40.00
1.010755 40.00
1.069629 40.00
1.119628 40.00
1.169629 40.00
1.233643 40.00
1.297644 40.00
1.356646 40.00
1.421423 40.00
1.475887 40.00
1.535276 40.00
1.590271 40.00
1.645522 40.00
1.695257 40.00
1.759158 40.00
1.818273 40.00
1.882161 40.00
1.946158 40.00
2.010160 40.00
2.074159 40.00
2.133274 40.00
2.197163 40.00
2.261163 40.00
2.325163 40.00
2.389162 40.00
2.453164 40.00
2.517142 40.00
2.581165 40.00
2.645140 40.00
2.709155 40.00
2.773141 40.00
2.838529 40.00
2.897167 40.00
2.961142 40.00
3.025143 40.00
3.089167 40.00
3.158658 40.00
3.222768 40.00
3.281660 40.00
3.345660 40.00
3.409658 40.00
3.473660 40.00
3.537770 40.00
3.596662 40.00
3.655413 40.00
3.714151 40.00
3.773149 40.00
3.837150 40.00
3.901150 40.00
3.970663 40.00
4.034774 40.00
4.093665 40.00
4.157666 40.00
4.221666 40.00
4.285665 40.00
4.344152 40.00
4.414530 40.00
4.469529 40.00
4.515027 40.00
4.564403 39.44
4.624529 40.00
4.670028 40.00
4.728404 40.00
4.788531 39.44
4.834030 39.44
4.884655 39.44
4.948157 39.44
5.021906 39.44
5.075157 40.00
5.148907 39.44
5.202158 39.44
5.275908 39.44
5.329158 39.44
5.402909 39.44
5.456160 39.44
5.529910 39.44
5.583160 39.44
5.656911 39.44
5.710162 39.44
5.783911 39.44
5.837163 39.44
5.910912 39.44
5.964163 39.44
6.037913 39.44
6.091165 39.44
6.164914 39.44
6.218165 39.44
6.291915 39.44
6.346790 39.44
6.406791 39.44
6.466792 39.44
6.526791 39.44
6.586793 39.44
6.646793 39.44
6.706793 39.44
6.766794 39.44
6.826794 39.44
6.890294 39.44
6.950421 39.44
7.004920 39.44
7.063296 39.44
7.123423 39.44
7.168922 39.44
7.218297 39.44
7.278424 39.44
7.323922 39.44
7.373299 39.44
7.433425 39.44
7.478924 39.44
7.529550 39.44
7.593050 39.44
7.666801 39.44
7.720051 39.44
7.790427 39.44
7.835927 39.44
7.886552 39.44
7.950052 39.44
8.023803 39.44
8.077053 39.44
8.150804 39.44
8.204054 39.44
8.277805 39.44
8.331055 39.44
8.404806 39.44
8.458056 39.44
8.531806 39.44
8.585058 39.44
8.658807 39.44
8.712058 39.44
8.785808 39.44
8.839059 39.44
8.912809 39.44
8.967810 39.44
9.022811 39.44
9.076060 39.44
9.149811 39.44
9.204686 39.44
9.263062 39.44
9.336813 39.44
9.410814 39.44
9.481315 39.44
9.539940 39.44
9.605316 39.44
9.658816 39.44
9.712191 39.44
9.770941 39.44
9.841319 39.44
9.895817 39.44
9.950693 39.44
10.003943 39.44
10.072819 39.44
10.141819 39.44
10.206820 39.44
10.275821 39.44
10.349696 39.44
10.423697 39.44
10.497697 39.44
10.571823 39.44
10.636698 39.44
10.705949 39.44
10.779824 39.44
10.853700 39.44
10.922825 39.44
10.986350 39.44
11.055228 39.44
11.120827 39.44
11.186079 39.44
11.244828 39.44
11.310079 39.44
11.368953 39.44
11.442829 39.44
11.508081 39.44
11.566830 39.44
11.632081 39.44
11.690956 39.44
11.764707 39.44
11.838707 39.44
11.912833 39.44
11.981833 39.44
12.055834 39.44
12.119834 39.44
12.188835 39.44
12.257710 39.44
12.331836 39.44
12.402212 39.44
12.460962 39.44
12.524837 39.44
12.590213 39.44
12.648963 39.44
12.714215 39.44
12.777964 39.44
12.843215 39.44
12.906965 39.44
12.967217 39.44
13.036093 39.44
13.081716 39.44
13.150842 39.44
13.219843 39.44
13.293718 39.44
13.367719 39.44
13.436719 39.44
13.505844 39.44
13.579845 39.44
13.643971 39.44
13.707846 39.44
13.781722 39.44
13.850722 39.44
13.924847 39.44
13.993849 39.44
14.062849 39.44
14.131725 39.44
14.205850 39.44
14.279725 39.44
14.348851 39.44
14.417727 39.44
14.491852 39.44
14.565727 39.44
14.639728 39.44
14.713729 39.44
14.782728 39.44
14.851730 39.44
14.925605 39.44
14.980480 39.44
15.040480 39.44
15.100480 39.44
15.163980 39.44
15.222357 39.44
15.287482 39.44
15.350982 39.44
15.419608 39.44
15.477983 39.44
15.536359 39.44
15.594734 39.44
15.660111 39.44
15.715112 39.44
15.769611 39.44
15.820236 39.44
15.883737 39.44
15.954113 39.44
16.008612 39.44
16.059238 39.44
16.122738 39.44
16.196488 39.44
16.249739 39.44
16.323490 39.44
16.376739 39.44
16.450491 39.44
16.503740 39.44
16.577492 39.44
16.630742 39.44
16.699492 39.44
16.752743 39.44
16.826494 39.44
16.879744 39.44
16.953494 39.44
17.006744 39.44
17.080495 39.44
17.133745 39.44
17.207496 39.44
17.260746 39.44
17.329497 39.44
17.382747 39.44
17.456498 39.44
17.511499 39.44
17.566374 39.44
17.624749 39.44
17.693500 39.44
17.748375 39.44
17.808375 39.44
17.872001 39.44
17.923376 39.44
17.983377 39.44
18.047002 39.44
18.098378 39.44
18.158378 39.44
18.213378 39.44
18.273379 39.44
18.326630 39.44
18.397006 39.44
18.452006 39.44
18.506505 39.44
18.557132 39.44
18.620631 39.44
18.691008 39.44
18.745508 39.44
18.794882 39.44
18.855009 39.44
18.900509 39.44
18.951135 39.44
19.014634 39.44
19.088385 39.44
19.141635 39.44
19.215386 39.44
19.273887 39.44
19.337387 39.44
19.390637 39.44
19.464388 39.44
19.517638 39.44
19.591388 39.44
19.644639 39.44
19.718390 39.44
19.771640 39.44
19.845391 39.44
19.903891 39.44
19.967392 39.44
20.020642 39.44
20.094393 39.44
20.147644 39.44
20.221394 39.44
20.274643 39.44
20.348395 39.44
20.403269 39.44
20.463271 39.44
20.518271 39.44
20.578271 39.44
20.636646 39.44
20.710397 39.44
20.764897 39.44
20.816273 39.44
20.876274 39.44
20.931274 39.44
20.991274 39.44
21.051275 39.44
21.106275 39.44
21.159526 39.44
21.229902 39.44
21.284902 39.44
21.339902 39.44
21.385403 39.44
21.434777 39.44
21.494904 39.44
21.540404 39.44
21.591028 39.44
21.654529 39.44
21.724906 39.44
21.770406 39.44
21.821030 39.44
21.884531 39.44
21.958282 39.44
22.011532 39.44
22.085282 39.44
22.138533 39.44
22.212283 39.44
22.265534 39.44
22.339284 39.44
22.402909 39.44
22.471536 39.44
22.545285 39.44
22.598537 39.44
22.672286 39.44
22.725537 39.44
22.799287 39.44
22.852538 39.44
22.926288 39.44
22.981289 39.44
23.034540 39.44
23.108290 39.44
23.161540 39.44
23.235291 39.44
23.300542 39.44
23.374291 39.44
23.427543 39.44
23.501293 39.44
23.566544 39.44
23.640294 39.44
23.695170 39.44
23.755170 39.44
23.815172 39.44
23.875171 39.44
23.938671 39.44
23.997047 39.44
24.055422 39.44
24.125799 39.44
24.171298 39.44
24.221923 39.44
24.285424 39.44
24.355801 39.44
24.401300 39.44
24.451925 39.44
24.515425 39.44
24.589177 39.44
24.642426 39.44
24.716177 39.44
24.769427 39.44
24.843183 39.44
24.896429 39.44
24.970179 39.44
25.023429 39.44
25.097181 39.44
25.150430 39.44
25.224182 39.44
25.277430 39.44
25.351185 39.44
25.414807 39.44
25.483432 39.44
25.557185 39.44
25.610434 39.44
25.684186 39.44
25.737434 39.44
25.811185 39.44
25.864435 39.44
25.938186 39.44
25.991436 39.44
26.065190 39.44
26.130438 39.44
26.204188 39.44
26.259062 39.44
26.319069 39.44
26.382564 39.44
26.451190 39.44
26.506070 39.44
26.564583 39.44
26.628192 39.44
26.677580 39.44
26.736192 39.44
26.785693 39.44
26.831582 39.44
26.886470 39.44
26.955076 39.44
27.008346 39.44
27.072218 39.44
27.128075 39.44
27.184075 39.44
27.240075 39.44
27.296075 39.44
27.352078 39.44
27.408078 39.44
27.464078 39.44
27.520078 39.44
27.576080 39.44
27.632081 39.44
27.697225 39.44
27.780083 39.44
27.852227 39.44
27.921227 39.44
27.990083 39.44
28.067593 39.44
28.126080 39.44
28.195227 39.44
28.264229 39.44
28.333086 39.44
28.397231 39.44
28.461229 39.44
28.530085 39.44
28.599085 39.44
28.668083 39.44
28.742234 39.44
28.816084 39.44
28.888084 39.44
28.957120 39.44
29.026236 39.44
29.090233 39.44
29.154086 39.44
29.218087 39.44
29.282088 39.44
29.346087 39.44
29.410088 39.44
29.474090 39.44
29.538089 39.44
29.602090 39.44
29.666090 39.44
29.730241 39.44
29.794091 39.44
29.853092 39.44
29.926966 39.44
29.980243 39.44
30.044094 39.44
30.118098 39.44
30.188595 39.44
30.234094 39.44
30.284718 39.44
30.348219 39.44
30.421969 38.89
30.475220 39.44
30.548970 39.44
30.602221 39.44
30.675971 39.44
30.729222 39.44
30.802972 39.44
30.856222 39.44
30.929974 39.44
30.983223 39.44
31.056974 39.44
31.110224 38.89
31.178975 38.89
31.232226 39.44
31.305975 39.44
31.359225 39.44
31.432977 39.44
31.487977 39.44
31.542977 38.89
31.596228 39.44
31.669979 39.44
31.724854 39.44
31.784854 38.89
31.844854 39.44
31.904855 38.89
31.964855 38.89
32.024856 39.44
32.084856 38.89
32.148482 39.44
32.199857 39.44
32.253109 38.89
32.318233 39.44
32.383486 39.44
32.438486 39.44
32.493486 38.89
32.538984 38.89
32.597360 38.89
32.657486 38.89
32.711986 38.89
32.762611 38.89
32.826113 38.89
32.899862 38.89
32.953114 38.89
33.023489 38.89
33.068988 38.89
33.119614 39.44
33.183116 38.89
33.256865 38.89
33.310116 38.89
33.383866 38.89
33.437117 38.89
33.510866 38.89
33.564118 38.89
33.637867 38.89
33.691120 38.89
33.764868 38.89
33.818121 38.89
33.891870 38.89
33.945120 38.89
34.018871 38.89
34.072123 38.89
34.145872 38.89
34.199123 38.89
34.272872 38.89
34.327873 38.89
34.381125 38.89
34.454874 38.89
34.508126 38.89
34.581874 38.89
34.635127 38.89
34.708875 38.89
34.763751 38.89
34.822128 38.89
34.895878 38.89
34.950752 38.89
35.010752 38.89
35.064003 38.89
35.134380 38.89
35.189379 38.89
35.252880 38.89
35.311255 38.89
35.369631 38.89
35.428006 38.89
35.498383 38.89
35.552882 38.89
35.603507 38.89
35.667007 38.89
35.740758 38.89
35.794008 38.89
35.867759 38.89
35.921009 38.89
35.994760 38.89
36.048010 38.89
36.121761 38.89
36.175012 38.89
36.248762 38.89
36.302012 38.89
36.375762 38.89
36.429014 38.89
36.502764 38.89
36.556015 38.89
36.629764 38.89
36.683015 38.89
36.756766 38.89
36.810016 38.89
36.883766 38.89
36.937017 38.89
37.010768 38.89
37.065768 38.89
37.120769 38.89
37.174019 38.89
37.247769 38.89
37.302770 38.89
37.357770 38.89
37.412646 38.89
37.472646 38.89
37.532647 38.89
37.592647 38.89
37.652647 38.89
37.711022 38.89
37.784773 38.89
37.839648 38.89
37.899649 38.89
37.963150 38.89
38.023277 38.89
38.078278 38.89
38.132776 38.89
38.182153 38.89
38.242279 38.89
38.287777 38.89
38.338403 38.89
38.401903 38.89
38.472280 38.89
38.517778 38.89
38.567156 38.89
38.630654 38.89
38.683906 38.89
38.754282 38.89
38.799780 38.89
38.850406 38.89
38.913907 38.89
38.987658 38.89
39.040907 38.89
39.114659 38.89
39.167909 38.89
39.241659 38.89
39.305161 38.89
39.368660 38.89
39.421911 38.89
39.495661 38.89
39.548912 38.89
39.622662 38.89
39.675912 38.89
39.749663 38.89
39.802913 38.89
39.876665 38.89
39.929914 38.89
40.003665 38.89
40.056916 38.89
40.130666 38.89
40.185541 38.89
40.245542 38.89
40.305543 38.89
40.365543 38.89
40.425543 38.89
40.485543 38.89
40.545544 38.89
40.605544 38.89
40.669045 38.89
40.737670 38.89
40.792546 38.89
40.856046 38.89
40.916173 38.89
40.979672 38.89
41.030297 38.89
41.093798 38.89
41.164174 38.89
41.209674 38.89
41.259049 38.89
41.319176 38.89
41.364675 38.89
41.414050 38.89
41.477676 38.89
41.528301 38.89
41.591801 38.89
41.665552 38.89
41.718802 38.89
41.787553 38.89
41.840804 38.89
41.914554 38.89
41.967804 38.89
42.041555 38.89
42.105055 38.89
42.168556 38.89
42.221806 38.89
42.295557 38.89
42.348808 38.89
42.417558 38.89
42.470808 38.89
42.544559 38.89
42.597809 38.89
42.671560 38.89
42.724810 38.89
42.798561 38.89
42.851811 38.89
42.925561 38.89
42.980562 38.89
43.035438 38.89
43.095438 38.89
43.155438 38.89
43.219063 38.89
43.270440 38.89
43.330439 38.89
43.394070 38.89
43.448940 38.89
43.517567 38.89
43.572442 38.89
43.625692 38.89
43.696072 38.89
43.754568 38.89
43.803943 38.89
43.864074 38.89
43.909569 38.89
43.960194 38.89
44.023694 38.89
44.094072 38.89
44.149072 38.89
44.194571 38.89
44.245197 38.89
44.308697 38.89
44.385572 38.89
44.436198 38.89
44.499698 38.89
44.573449 38.89
44.626699 38.89
44.700450 38.89
44.753700 38.89
44.827451 38.89
44.880701 38.89
44.954451 38.89
45.012952 38.89
45.076453 38.89
45.129702 38.89
45.203454 38.89
45.256703 38.89
45.330455 38.89
45.383705 38.89
45.457456 38.89
45.510706 38.89
45.584456 38.89
45.637706 38.89
45.711457 38.89
45.764707 38.89
45.833458 38.89
45.888334 38.89
45.948334 38.89
46.011959 38.89
46.063335 38.89
46.123335 38.89
46.186961 38.89
46.238336 38.89
46.298336 38.89
46.356836 38.89
46.416964 38.89
46.480463 38.89
46.535338 38.89
46.588588 38.89
46.658966 38.89
46.713966 38.89
46.768465 38.89
46.823341 38.89
46.881840 38.89
46.941968 38.89
46.996968 38.89
47.042467 38.89
47.093093 38.89
47.156593 38.89
47.230343 38.89
47.283593 38.89
47.353970 38.89
47.399470 38.89
47.450095 38.89
47.513595 38.89
47.587346 38.89
47.640597 38.89
47.714347 38.89
47.767597 38.89
47.841348 38.89
47.894598 38.89
47.968349 38.89
48.021599 38.89
48.095351 38.89
48.148600 38.89
48.222351 38.89
48.275601 38.89
48.349352 38.89
48.407852 38.89
48.469727 38.89
48.538354 38.89
48.596854 38.89
48.658604 38.89
48.732355 38.89
48.787230 38.89
48.847231 38.89
48.912925 38.89
48.972630 39.44
49.031376 39.44
49.087901 39.44
49.141500 39.44
49.205650 39.44
49.260162 39.44
49.324613 39.44
49.383380 39.44
49.433986 39.44
49.493165 39.44
49.562381 39.44
49.626739 39.44
49.680504 39.44
49.735631 39.44
49.789511 39.44
49.853508 39.44
49.917381 39.44
49.987895 39.44
50.047991 39.44
50.107748 39.44
50.172620 39.44
50.231387 39.44
50.295510 39.44
50.369517 39.44
50.428621 39.44
50.487385 40.00
50.547386 40.00
50.610870 40.00
50.681393 40.00
50.740514 40.00
50.799513 40.00
50.863621 40.00
50.922388 40.00
50.992176 40.00
51.056519 40.00
51.120374 40.00
51.183873 40.00
51.252500 40.00
51.311516 40.00
51.385251 40.00
51.438876 40.00
51.507752 40.00
51.569010 40.00
51.630168 40.00
51.681005 40.00
51.734629 40.00
51.793394 40.00
51.859170 40.00
51.911789 40.00
51.957521 40.00
52.016522 40.00
52.076784 40.00
52.133410 40.00
52.199415 40.00
52.263759 40.00
52.322758 40.00
52.386525 40.00
52.445762 40.00
52.509886 40.00
52.563760 40.00
52.622760 40.00
52.691527 40.56
52.756536 40.56
52.810280 40.56
52.869530 40.56
52.923289 40.56
52.997411 40.56
53.056408 40.56
53.115296 40.56
53.184281 40.56
53.248282 40.56
53.313020 40.56
53.372905 40.56
53.433556 40.56
53.493018 40.56
53.552897 40.56
53.624830 40.56
53.688777 40.56
53.755344 40.56
53.816200 40.56
53.877345 40.56
53.936898 40.56
54.001311 40.56
54.067777 40.56
54.136649 41.11
54.202564 40.56
54.258155 41.11
54.313022 41.11
54.377420 41.11
54.431319 41.11
54.490290 41.11
54.554461 41.11
54.608278 41.11
54.677153 41.11
54.730781 41.11
54.789651 41.11
54.850027 41.11
54.906688 41.11
54.963683 41.11
55.013283 41.11
55.078681 41.11
55.124278 41.11
55.188182 41.11
55.252183 41.11
55.311419 41.11
55.375159 41.11
55.431033 41.11
55.489656 41.11
55.558781 41.11
55.627657 41.11
55.691548 41.11
55.750187 41.11
55.819283 41.11
55.893300 41.11
55.967034 41.11
56.023035 41.11
56.079035 41.11
56.148185 41.11
56.212036 41.11
56.267915 41.11
56.337167 41.11
56.406037 41.11
56.475164 41.11
56.539039 41.11
56.608196 41.11
56.672042 41.11
56.725306 41.11
56.794166 41.11
56.858198 41.11
56.922559 41.11
56.983042 41.11
57.047174 41.11
57.116044 41.11
57.180044 41.11
57.244043 41.11
57.304945 41.11
57.374196 41.11
57.443045 41.11
57.507047 41.11
57.571424 41.11
57.630047 41.11
57.689204 41.11
57.748047 41.11
57.812174 41.11
57.871207 41.11
57.930202 41.11
57.989465 41.11
58.048208 41.11
58.107301 41.11
58.166180 41.11
58.230204 41.11
58.294051 41.11
58.353179 41.11
58.412053 41.11
58.476804 41.11
58.530188 41.11
58.594055 41.11
58.658058 41.11
58.727180 41.11
58.791055 41.11
58.860056 41.11
58.929182 41.11
58.998057 41.11
59.067057 41.11
59.131058 41.11
59.205059 41.11
59.270312 41.11
59.333935 41.11
59.399326 41.11
59.463061 41.11
59.526940 41.11
59.600937 41.11
59.655937 41.11
59.710937 41.11
59.769437 41.11
59.827938 40.56
59.882938 40.56
59.941438 40.56
60.012074 40.56
60.080940 40.56
60.149941 40.56
60.219077 40.56
60.287942 40.56
60.357347 40.56
60.414477 40.56
60.472943 40.56
60.546943 40.56
60.617473 40.56
60.667072 40.56
60.721948 40.56
60.780323 40.56
60.840452 40.56
60.895451 40.56
60.940948 40.56
60.991575 40.56
61.055078 40.56
61.117485 40.56
61.162947 40.56
61.213573 40.56
61.290824 40.56
61.341573 40.56
61.405081 40.56
61.479080 40.56
61.542951 40.56
61.607080 40.56
61.676080 40.56
61.735080 40.56
61.798953 40.56
61.872828 40.56
61.926080 40.56
61.989954 40.56
62.055233 40.56
62.119084 40.56
62.184830 40.56
62.243598 40.56
62.303831 40.56
62.369207 40.56
62.424234 40.56
62.482832 40.56
62.537832 40.56
62.591353 40.56
62.661834 40.56
62.727209 40.56
62.795834 40.56
62.861240 40.56
62.919966 40.56
62.980370 40.56
63.045712 40.56
63.111241 40.56
63.169962 40.56
63.233963 40.56
63.289283 40.56
63.350488 40.56
63.419967 40.56
63.488966 40.56
63.547841 40.56
63.611966 40.56
63.671103 40.56
63.731347 40.56
63.786483 40.56
63.846593 40.56
63.897593 40.56
63.948486 40.56
64.012243 40.56
64.072479 40.56
64.141227 40.56
64.204722 40.56
64.257973 40.56
64.331723 40.56
64.385144 40.56
64.454724 40.56
64.519848 40.56
64.570615 40.56
64.644724 40.00
64.703489 40.56
64.773252 40.56
64.843730 40.56
64.896978 40.56
64.960851 40.56
65.024492 40.56
65.104205 40.56
65.163858 40.56
65.223500 40.56
65.292854 40.56
65.356854 40.56
65.420854 40.56
65.486117 40.00
65.554734 40.00
65.609607 40.00
65.669607 40.56
65.729606 40.56
65.789606 40.00
65.849616 40.00
65.899116 40.00
65.967738 40.00
66.022237 40.00
66.077113 40.00
66.137239 40.56
66.192240 40.56
66.252860 40.00
66.323263 40.00
66.392261 40.00
66.460862 40.00
66.534737 40.00
66.608864 40.00
66.682614 40.00
66.751740 40.00
66.820739 40.00
66.889740 40.00
66.958616 40.00
67.009506 40.00
67.073509 40.00
67.131992 40.00
67.195743 40.00
67.264869 40.00
67.333869 40.00
67.407619 40.00
67.481870 40.00
67.555870 40.00
67.624871 40.00
67.688996 40.00
67.744514 40.00
67.813747 40.00
67.882747 40.00
67.951623 40.00
68.020748 40.00
68.084875 40.00
68.158750 40.00
68.232750 40.00
68.306876 40.00
68.375751 40.00
68.444753 40.00
68.513752 40.00
68.587629 40.00
68.661628 40.00
68.716643 40.00
68.780879 40.00
68.841159 40.00
68.910005 40.00
68.963506 40.00
69.016755 40.00
69.090882 40.00
69.149759 40.00
69.215162 40.00
69.275008 40.00
69.330008 40.00
69.388634 40.00
69.454141 40.00
69.511150 40.00
69.556638 40.00
69.607262 40.00
69.670764 40.00
69.741143 40.00
69.786641 40.00
69.837264 40.00
69.895763 40.00
69.959763 40.00
70.023764 40.00
70.087891 40.00
70.151764 40.00
70.215641 40.00
70.284766 40.00
70.353766 40.00
70.427766 40.00
70.496767 40.00
70.560642 40.00
70.636271 40.00
70.700414 40.00
70.769770 40.00
70.839299 40.00
70.898175 40.00
70.972771 40.00
71.042148 40.00
71.106176 40.00
71.183022 40.00
71.252175 40.00
71.312522 40.00
71.381273 40.00
71.441413 40.00
71.505178 40.00
71.565400 40.00
71.624025 40.00
71.674776 40.00
71.739333 40.00
71.804031 40.00
71.886654 40.00
71.950777 40.00
72.009670 40.00
72.073791 40.00
72.133913 40.00
72.188034 40.00
72.247158 40.00
72.316781 40.00
72.382035 40.00
72.427656 40.00
72.496542 40.00
72.547159 40.00
72.610657 40.00
72.684408 40.00
72.737657 40.00
72.811409 40.00
72.875690 40.00
72.935185 40.00
72.993912 40.00
73.057411 40.00
73.110661 40.00
73.184412 40.00
73.242912 40.00
73.306412 40.00
73.359662 40.00
73.433413 40.00
73.486663 40.00
73.560414 40.00
73.613664 40.00
73.687416 40.00
73.742433 40.00
73.797416 40.00
73.850916 40.56
73.912791 40.00
73.981796 40.00
74.040795 40.00
74.104543 40.00
74.169669 40.00
74.238545 40.00
74.312563 40.00
74.381671 40.00
74.440172 40.00
74.500296 40.00
74.555314 40.00
74.606047 40.00
74.666300 40.00
74.719552 40.00
74.789931 40.00
74.844928 40.00
74.899929 40.00
74.945427 40.00
74.994803 40.00
75.058567 40.00
75.118948 40.00
75.164445 40.00
75.220302 40.00
75.271053 40.00
75.329571 40.00
75.393569 40.00
75.457320 40.00
75.510571 40.00
75.574319 40.00
75.627680 40.00
75.691322 40.00
75.744557 40.00
75.808306 40.00
75.868056 40.00
75.932059 40.00
75.990809 40.00
76.054575 40.56
76.118325 40.00
76.171559 40.00
76.235327 40.00
76.299698 40.00
76.354561 40.00
76.423686 40.00
76.487310 40.00
76.561328 40.00
76.616328 40.00
76.671329 40.00
76.729813 40.00
76.791689 40.00
76.855331 40.00
76.910341 40.00
76.965190 40.00
77.023940 40.00
77.092816 40.00
77.144191 40.00
77.204192 40.00
77.262817 40.00
77.311818 40.00
77.366334 40.00
77.421194 40.00
77.474444 40.00
77.544820 40.00
77.603197 40.00
77.661820 40.00
77.730585 40.00
77.799345 40.00
77.858352 40.00
77.927339 40.00
77.979867 40.00
78.043577 40.00
78.107338 40.00
78.159855 40.00
78.218592 40.00
78.277700 40.00
78.336830 40.00
78.406341 40.00
78.480201 40.00
78.533451 40.00
78.602223 40.00
78.676229 40.00
78.729828 40.00
78.803957 40.00
78.867579 40.00
78.936345 40.00
78.999955 40.00
79.063710 40.00
79.127834 40.00
79.202350 40.00
79.271235 40.00
79.324583 40.00
79.388236 40.00
79.441708 40.00
79.503584 40.00
79.572227 40.00
79.625835 40.00
79.691234 40.00
79.760239 40.00
79.818711 40.00
79.868711 40.00
79.920093 40.00
79.973711 40.00
80.024963 40.00
80.088837 40.00
80.152839 40.00
80.211714 40.00
80.272242 40.00
80.332757 40.00
80.378482 40.00
80.443746 40.00
80.493242 40.00
80.552485 40.00
80.617745 40.00
80.663492 40.00
80.718747 40.00
80.782724 40.00
80.852239 40.00
80.922749 40.00
80.977720 40.00
81.042237 40.00
81.101487 40.00
81.155238 40.00
81.229270 40.00
81.303102 40.00
81.356723 40.00
81.420491 40.00
81.479247 40.00
81.543242 40.00
81.617129 40.00
81.675599 40.00
81.739226 40.00
81.813129 40.00
81.872226 40.00
81.936728 40.00
82.000619 40.00
82.071134 40.00
82.136496 40.00
82.205134 40.00
82.274137 40.00
82.327604 40.00
82.381247 40.00
82.455136 40.00
82.524111 40.00
82.577609 40.00
82.638361 40.00
82.697263 40.00
82.756365 40.00
82.820270 40.00
82.885658 40.00
82.944612 40.00
82.994609 40.00
83.059270 40.00
83.114236 40.00
83.178264 40.00
83.242502 40.00
83.297613 40.00
83.352615 40.00
83.411113 40.00
83.463641 40.00
83.509256 40.00
83.573630 40.00
83.637869 40.00
83.691507 40.00
83.745509 40.00
83.809273 40.00
83.878154 40.00
83.952146 40.00
84.021145 40.00
84.076992 40.00
84.132993 40.00
84.188993 40.00
84.244994 40.00
84.310150 40.00
84.378994 40.00
84.437620 40.00
84.511621 40.00
84.586285 40.00
84.645883 40.00
84.709623 40.00
84.773248 40.00
84.846998 40.00
84.900249 40.00
84.969190 40.00
85.028376 40.00
85.087156 40.00
85.151282 40.00
85.215000 40.00
85.279170 40.00
85.348290 40.00
85.412155 40.00
85.476159 40.00
85.540162 40.00
85.604003 40.00
85.662631 40.00
85.726653 40.00
85.785386 40.00
85.844648 40.00
85.908775 40.00
85.973651 40.00
86.034008 40.00
86.093135 40.00
86.152641 40.00
86.217136 40.00
86.277526 40.00
86.341651 40.00
86.405637 40.00
86.470284 40.00
86.525661 40.00
86.595174 40.00
86.650015 40.00
86.709771 40.00
86.774768 40.00
86.825766 40.56
86.876640 40.56
86.931639 40.00
86.986640 40.56
87.041639 40.56
87.107531 40.56
87.171655 40.56
87.237534 40.56
87.301657 40.56
87.365642 40.56
87.430768 40.56
87.500172 40.56
87.569536 40.56
87.633662 40.56
87.708019 40.56
87.772173 40.56
87.836020 40.56
87.895021 40.56
87.954021 40.56
88.013021 40.56
88.072022 40.56
88.131022 40.56
88.190023 40.56
88.249024 40.56
88.308024 40.56
88.367024 40.56
88.426025 40.56
88.485025 40.56
88.544025 40.56
88.603026 40.56
88.662182 40.56
88.716182 40.56
88.770182 40.56
88.824028 40.56
88.883028 40.56
88.942029 40.56
88.997184 40.56
89.047030 40.56
89.102029 40.56
89.157030 40.56
89.212031 40.56
89.267032 40.56
89.322031 40.56
89.377032 40.56
89.432032 40.56
89.487033 40.56
89.542033 40.56
89.597033 40.56
89.652033 40.56
89.707034 40.56
89.762035 40.56
89.817035 40.56
89.872035 40.56
89.927036 40.56
89.982036 40.56
90.050911 40.56
90.120555 40.56
90.186194 40.56
90.246788 40.56
90.311039 40.56
90.376789 40.56
90.441040 40.56
90.506790 40.56
90.571041 40.56
90.636791 40.56
90.700792 40.56
90.766196 40.56
90.826918 40.56
90.887198 40.56
90.941044 40.56
91.004919 40.56
91.070449 40.56
91.134312 40.56
91.191201 40.56
91.250046 40.56
91.314046 40.56
91.372797 40.56
91.443300 40.56
91.501923 40.56
91.565923 40.56
91.639924 40.56
91.709329 40.56
91.783925 40.56
91.853565 40.56
91.904566 40.56
91.963320 40.56
92.032051 40.56
92.087332 40.56
92.146207 40.56
92.206208 40.56
92.252053 40.56
92.310804 40.56
92.379929 40.56
92.443929 40.56
92.508055 40.56
92.571806 40.56
92.640681 40.56
92.704806 40.56
92.773932 40.56
92.843337 40.56
92.901933 40.56
92.970808 40.56
93.039684 40.56
93.113809 40.56
93.177337 40.56
93.240935 40.56
93.309811 40.56
93.378812 40.56
93.442812 40.56
93.516813 40.56
93.585688 40.56
93.659814 40.56
93.728939 40.56
93.792690 40.56
93.861815 40.56
93.931073 40.56
93.994941 40.56
94.068942 40.56
94.132817 40.56
94.196818 40.56
94.266077 40.56
94.319462 40.56
94.372944 40.56
94.431694 40.56
94.500819 40.56
94.569945 40.56
94.628695 40.56
94.692822 40.56
94.756822 40.56
94.811947 40.56
94.867227 40.56
94.931076 40.56
94.986227 40.56
95.048228 40.56
95.106949 40.56
95.165825 40.56
95.229700 40.56
95.293701 40.56
95.362951 40.56
95.421827 40.56
95.491358 40.56
95.555080 40.56
95.613953 40.56
95.672829 40.56
95.741828 40.56
95.805705 40.56
95.874830 40.56
95.944359 40.56
95.997956 40.56
96.056831 40.56
96.120832 40.56
96.189833 40.56
96.259359 40.56
96.323092 40.56
96.383708 40.56
96.457834 40.56
96.526835 40.56
96.596239 40.56
96.666840 40.56
96.738119 40.56
96.807242 40.56
96.876837 40.56
96.941240 40.56
97.010127 40.56
97.080839 40.56
97.150241 40.56
97.214480 40.56
97.267841 40.56
97.331841 40.56
97.390841 40.56
97.449717 40.56
97.510122 40.56
97.572123 40.56
97.634122 40.56
97.703593 40.56
97.767602 40.56
97.822848 40.56
97.881972 40.56
97.946249 40.56
98.004848 40.56
98.063596 40.56
98.132471 40.56
98.201982 40.56
98.267723 40.56
98.331723 40.56
98.395724 40.56
98.465251 40.56
98.529130 40.56
98.587850 40.56
98.646726 40.56
98.710727 40.56
98.780254 40.56
98.844132 40.56
98.902852 40.56
98.966728 40.56
99.030619 40.56
99.094729 40.56
99.164259 40.56
99.223136 40.56
99.297623 40.56
99.366856 40.56
99.425731 40.56
99.489732 40.56
99.553626 40.56
99.617608 40.56
99.686733 40.56
99.750625 40.56
99.814734 40.56
99.886013 40.56
99.946503 40.56
100.011861 40.56
100.065629 40.56
100.124611 40.56
100.188630 40.56
100.249015 40.56
100.313143 40.56
100.371988 40.56
100.437739 40.56
100.496632 40.56
100.560740 40.56
100.619630 40.56
100.683741 40.56
100.742632 40.56
100.806742 40.56
100.865635 40.56
100.929742 40.56
100.988635 40.56
101.052744 40.56
101.116744 40.56
101.175744 40.56
101.234638 40.56
101.298745 40.56
101.357638 40.56
101.421746 40.56
101.480626 40.56
101.549637 40.56
101.613747 40.56
101.672638 40.56
101.736749 40.56
101.795642 40.56
101.859749 40.56
101.918641 40.56
101.982750 40.56
102.041643 40.56
102.105751 40.56
102.164642 40.56
102.228395 40.56
102.287003 40.56
102.351158 40.56
102.410003 40.56
102.475908 40.56
102.534644 40.56
102.594755 40.56
102.653755 40.56
102.712648 40.56
102.767647 40.56
102.822522 40.56
102.886524 40.56
102.950523 40.56
103.015633 40.56
103.074525 40.56
103.144912 40.56
103.190528 40.56
103.254528 40.56
103.324913 40.56
103.370526 40.56
103.434526 40.56
103.508279 40.56
103.561887 40.56
103.625887 40.56
103.694638 40.56
103.753404 40.56
103.822419 40.56
103.891407 40.56
103.960407 40.56
104.029408 40.56
104.098409 40.56
104.172532 40.56
104.236659 40.56
104.295536 40.56
104.369285 40.56
104.422893 40.56
104.486894 40.56
104.560895 40.56
104.624894 40.56
104.695297 40.56
104.748896 40.56
104.812771 40.56
104.866537 40.56
104.940290 40.56
104.993897 40.56
105.057898 40.56
105.128302 40.56
105.181899 40.56
105.252179 40.56
105.305900 40.56
105.376179 40.56
105.431025 40.56
105.489901 40.56
105.553542 40.56
105.622545 40.56
105.686306 40.56
105.750305 40.56
105.815809 40.56
105.861547 40.56
105.930295 40.56
105.982811 40.56
106.028546 40.56
106.082297 40.56
106.134809 40.56
106.180550 40.56
106.234297 40.56
106.299812 40.56
106.345548 40.56
106.404551 40.56
106.468189 40.56
106.533814 40.56
106.588785 40.56
106.647552 40.56
106.711190 40.56
106.775303 40.56
106.844302 40.56
106.908302 40.56
106.977191 40.56
107.046193 40.56
107.110318 40.56
107.174307 40.56
107.248195 40.56
107.312305 40.56
107.381194 40.56
107.450307 40.56
107.524322 40.56
107.583310 40.56
107.642310 40.56
107.706311 40.56
107.765308 40.56
107.834199 40.56
107.898311 40.56
107.957311 40.56
108.026200 40.56
108.090313 40.56
108.159201 40.56
108.218312 40.56
108.282797 40.56
108.343047 40.56
108.396673 40.56
108.453564 40.56
108.512316 40.56
108.576315 40.56
108.635204 40.56
108.699205 40.56
108.758330 40.56
108.827316 40.56
108.891319 40.56
108.946178 40.56
109.005318 40.56
109.069320 40.56
109.128208 40.56
109.187322 40.56
109.251180 40.56
109.315322 40.56
109.379180 40.56
109.435055 40.56
109.485806 40.56
109.549335 40.56
109.613057 40.56
109.669057 40.56
109.722324 40.56
109.791184 40.56
109.841808 40.56
109.905338 40.56
109.974185 40.56
110.048185 40.56
110.122339 40.56
110.186326 40.56
110.250062 40.56
110.308578 40.56
110.379188 40.56
110.453341 40.56
110.522063 40.56
110.575579 40.56
110.636071 40.56
110.694581 40.56
110.760070 40.56
110.829072 40.56
110.887585 40.56
110.937584 40.56
111.003074 40.56
111.061693 40.56
111.120584 40.56
111.182596 40.56
111.246587 40.56
111.310694 40.56
111.374695 40.56
111.433695 40.56
111.497588 40.56
111.557948 40.56
111.607590 40.56
111.667714 40.56
111.722712 40.56
111.776591 40.56
111.840698 40.56
111.902077 40.56
111.966078 40.56
112.030080 40.56
112.094229 40.56
112.149228 40.56
112.213080 40.56
112.277080 40.56
112.341231 40.56
112.396231 40.56
112.451233 40.56
112.515080 40.56
112.584233 40.56
112.648080 40.56
112.712233 40.56
112.776233 40.56
112.845598 40.56
112.909707 40.56
112.980360 40.56
113.044597 40.56
113.108598 40.56
113.183092 40.56
113.247236 40.56
113.306239 40.56
113.360236 40.56
113.414239 40.56
113.468240 40.56
113.522239 40.56
113.576241 40.56
113.630246 40.56
113.684092 40.56
113.743093 40.56
113.807126 40.56
113.871125 40.56
113.930123 40.56
113.988964 40.56
114.053124 40.56
114.112126 40.56
114.170965 40.56
114.230123 40.56
114.289123 40.56
114.348125 40.56
114.403124 40.56
114.457968 40.56
114.516968 40.56
114.581125 40.56
114.635968 40.56
114.690720 40.56
114.749613 40.56
114.809614 40.56
114.868612 40.56
114.930123 40.56
114.989127 40.56
115.043972 40.56
115.108722 40.56
115.167597 40.56
115.231101 40.56
115.299973 40.56
115.363974 40.56
115.428125 40.56
115.497131 40.56
115.555975 40.56
115.620491 40.56
115.684494 40.56
115.750109 40.56
115.813978 40.56
115.878142 40.56
115.947135 40.56
116.016494 40.56
116.080357 40.56
116.134135 40.56
116.193182 40.56
116.251981 40.56
116.315984 40.56
116.374982 40.56
116.433982 40.56
116.493148 40.56
116.551983 40.56
116.610984 40.56
116.674984 40.56
116.744499 40.56
116.810111 40.56
116.873984 40.56
116.944391 40.56
117.004737 40.56
117.073987 40.56
117.128862 40.56
117.179628 40.56
117.234627 40.56
117.288261 40.56
117.341989 40.56
117.400990 40.56
117.455990 40.56
117.510990 40.56
117.565991 40.56
117.620991 40.56
117.675866 40.56
117.726508 40.56
117.795511 40.56
117.862397 40.56
117.907993 40.56
117.966994 40.56
118.030994 40.56
118.089995 40.56
118.158870 40.56
118.232871 40.56
118.283638 40.56
118.357997 40.56
118.412996 40.56
118.467997 40.56
118.531873 40.56
118.600874 40.56
118.674748 40.56
118.733514 40.56
118.799399 40.56
118.868000 40.56
118.937515 40.56
119.002751 40.56
119.068152 40.56
119.127002 40.56
119.195877 40.56
119.261153 40.56
119.320253 40.56
119.382004 40.56
119.441009 40.56
119.510756 40.56
119.581286 40.56
119.642006 40.56
119.705881 40.56
119.770159 40.56
119.830285 40.56
119.888887 40.56
119.957758 40.56
120.023288 40.56
120.082289 40.56
120.156164 40.56
120.206010 40.56
120.265011 40.56
120.325292 40.56
120.394527 40.56
120.458276 40.56
120.522012 40.56
120.580763 40.56
120.631530 40.56
120.690013 40.56
120.753764 40.56
120.828015 40.56
120.886640 40.56
120.961016 40.56
121.024766 40.56
121.093767 40.56
121.162767 40.56
121.231768 40.56
121.305768 40.56
121.375019 40.56
121.433770 40.56
121.497895 40.56
121.561770 40.56
121.635771 40.56
121.709771 40.56
121.783772 40.56
121.852772 40.56
121.921773 40.56
121.990773 40.56
122.059899 40.56
122.123899 40.56
122.197900 40.56
122.266775 40.56
122.330900 40.56
122.394651 40.56
122.463903 40.56
122.527903 40.56
122.596903 40.56
122.657183 40.56
122.710904 40.56
122.769779 40.56
122.824905 40.56
122.885228 40.56
122.949296 40.56
123.008183 40.56
123.078906 40.56
123.139188 40.56
123.194032 40.56
123.249033 40.56
123.304033 40.56
123.349909 40.56
123.413784 40.56
123.482786 40.56
123.543189 40.56
123.607190 40.56
123.681790 40.56
123.745787 40.56
123.810037 40.56
123.873912 40.56
123.932788 40.56
124.001788 40.56
124.070789 40.56
124.140196 40.56
124.198915 40.56
124.262790 40.56
124.326666 40.56
124.390916 40.56
124.449667 40.56
124.508667 40.56
124.574684 40.56
124.644322 40.56
124.703198 40.56
124.777794 40.56
124.841795 40.56
124.911046 40.56
124.974562 40.56
125.029562 40.56
125.084435 40.56
125.148046 40.56
125.203047 40.56
125.268798 40.56
125.338326 40.56
125.397316 40.56
125.452566 40.56
125.521799 40.56
125.585815 40.56
125.644801 40.56
125.708801 40.56
125.772801 40.56
125.831802 40.56
125.890802 40.56
125.944803 40.56
126.003701 40.56
126.068179 40.56
126.127054 40.56
126.185930 40.56
126.244697 40.56
126.308805 40.56
126.372685 40.56
126.436682 40.56
126.505557 40.56
126.574700 40.56
126.643574 40.56
126.712573 40.56
126.781584 40.56
126.850577 40.56
126.919450 40.56
126.972810 40.56
127.036578 40.56
127.105579 40.56
127.174578 40.56
127.243690 40.56
127.312578 40.56
127.376813 40.56
127.440454 40.56
127.493814 40.56
127.557458 40.56
127.622583 40.56
127.691584 40.56
127.755581 40.56
127.829692 40.56
127.898583 40.56
127.967585 40.56
128.031707 40.56
128.095569 40.56
128.166974 40.56
128.212585 40.56
128.281945 40.56
128.350571 40.56
128.411349 40.56
128.464947 40.56
128.525465 40.56
128.577975 40.56
128.628822 40.56
128.692465 40.56
128.756590 40.56
128.820714 40.56
128.874589 40.56
128.948352 40.56
129.001950 40.56
129.065951 40.56
129.134951 40.56
129.203591 40.56
129.267596 40.56
129.341345 40.56
129.394954 40.56
129.458953 40.56
129.522829 40.56
129.581596 40.56
129.645603 40.56
129.719487 40.56
129.783599 40.56
129.852706 40.56
129.911598 40.56
129.975599 40.56
130.049598 40.56
130.118959 40.56
130.188121 40.56
130.246960 40.56
130.307601 40.56
130.371586 40.56
130.440354 40.56
130.498836 40.56
130.560712 40.56
130.619602 40.56
130.680366 40.56
130.740914 40.56
130.799963 40.56
130.869242 40.56
130.929870 40.56
130.988840 40.56
131.035965 40.56
131.105608 40.56
131.164482 40.56
131.228967 40.56
131.287717 40.56
131.341843 40.56
131.410843 40.56
131.479485 40.56
131.543485 40.56
131.613873 40.56
131.668486 40.56
131.738875 40.56
131.784613 40.56
131.843361 40.56
131.912364 40.56
131.981600 40.56
132.040489 40.56
132.104736 40.56
132.163848 40.56
132.233254 40.56
132.286850 40.56
132.345850 40.56
132.414492 40.56
132.484242 40.56
132.542861 40.56
132.622492 40.56
132.696227 40.56
132.749477 40.56
132.818370 40.56
132.892501 40.56
132.966231 40.56
133.025622 40.56
133.084481 40.56
133.158248 40.56
133.222531 40.56
133.281499 40.56
133.340522 40.56
133.392260 40.56
133.452523 40.56
133.511377 40.56
133.580657 40.56
133.639502 40.56
133.698503 40.56
133.762503 40.56
133.821502 40.56
133.885503 40.56
133.954501 40.56
134.014503 40.56
134.068268 40.56
134.138767 40.56
134.184266 40.56
134.236767 40.56
134.282383 40.56
134.352768 40.56
134.398507 40.56
134.457508 40.56
134.516241 40.56
134.581242 40.56
134.631867 40.56
134.690507 40.56
134.754123 40.56
134.807619 40.56
134.861243 40.56
134.925513 40.56
134.989148 40.56
135.042749 40.56
135.106514 40.56
135.165514 40.56
135.229151 40.56
135.293512 40.56
135.362152 40.56
135.431153 40.56
135.500263 40.56
135.574155 40.56
135.633250 40.56
135.707325 40.56
135.776155 40.56
135.845156 40.56
135.914156 40.56
135.978155 40.56
136.042156 40.56
136.106158 40.56
136.175281 40.56
136.244158 40.56
136.313160 40.56
136.377161 40.56
136.436255 40.56
136.500351 40.56
136.556006 40.56
136.609632 40.56
136.670162 40.56
136.734282 40.56
136.798284 40.56
136.862163 40.56
136.936161 40.56
137.000164 40.56
137.055663 40.56
137.105165 40.56
137.154636 40.56
137.216667 40.56
137.262152 40.56
137.311761 40.56
137.375281 40.56
137.444169 40.56
137.503279 40.56
137.558279 40.56
137.617294 40.56
137.672317 40.56
137.736283 40.56
137.795294 40.56
137.859284 40.56
137.914281 40.56
137.973540 40.56
138.019288 40.56
138.074770 40.56
138.149173 40.56
138.208286 40.56
138.272175 40.56
138.336647 40.56
138.402021 40.56
138.471299 40.56
138.535312 40.56
138.599174 40.56
138.660214 40.56
138.719302 40.56
138.778292 40.56
138.832179 40.56
138.896194 40.56
138.960180 40.56
139.026681 40.56
139.085665 40.56
139.144525 40.56
139.209776 40.56
139.268541 40.56
139.337170 40.56
139.396169 40.56
139.466544 40.56
139.521543 40.56
139.576546 40.56
139.631546 40.56
139.686547 40.56
139.741548 40.56
139.799905 40.56
139.860185 40.56
139.919031 40.56
139.983673 40.56
140.039657 40.56
140.100033 40.56
140.159186 40.56
140.219552 40.56
140.279658 40.56
140.338676 40.56
140.394660 40.56
140.453675 40.56
140.513661 40.56
140.578036 40.56
140.642190 40.56
140.706037 40.56
140.765038 40.56
140.824038 40.56
140.888193 40.56
140.952554 40.56
141.022178 40.56
141.086556 40.56
141.150667 40.56
141.216290 40.56
141.284916 40.56
141.338167 40.56
141.411917 40.56
141.465168 40.56
141.538918 40.56
141.592169 40.56
141.665918 40.56
141.724580 40.56
141.789199 40.56
141.849921 40.56
141.909203 40.56
141.963050 40.56
142.022047 40.56
142.081460 40.56
142.151048 40.56
142.215685 40.56
142.269567 40.56
142.330492 40.56
142.390799 40.56
142.455206 40.56
142.508925 40.56
142.573051 40.56
142.632051 40.56
142.696052 40.56
142.754927 40.56
142.815052 40.56
142.874053 40.56
142.933446 40.56
142.997572 40.56
143.053697 40.56
143.118929 40.56
143.183931 40.56
143.247931 40.56
143.311931 40.56
143.381321 40.56
143.440324 40.56
143.498933 40.56
143.567933 40.56
143.632250 40.56
143.690934 40.56
143.755346 40.56
143.826060 40.56
143.895436 40.56
143.964328 40.56
144.025187 40.56
144.089095 40.56
144.148062 40.56
144.216938 40.56
144.282188 40.56
144.346077 40.56
144.414939 40.56
144.479456 40.56
144.543342 40.56
144.608941 40.56
144.672816 40.56
144.741942 40.56
144.816076 40.56
144.879943 40.56
144.944076 40.56
145.012818 40.56
145.071944 40.56
145.142347 40.56
145.201349 40.56
145.259946 40.56
145.324339 40.56
145.393269 40.56
145.448349 40.56
145.517340 40.56
145.591823 40.56
145.644346 40.56
145.689823 40.56
145.755103 40.56
145.813949 40.56
145.888592 40.56
145.952231 40.56
146.011080 40.56
146.069702 40.56
146.138827 40.56
146.212828 40.56
146.277080 40.56
146.335968 40.56
146.400358 40.56
146.469351 40.56
146.548830 40.56
146.607955 40.56
146.671706 40.56
146.732707 40.56
146.801708 40.56
146.870708 40.56
146.944833 40.56
147.018959 40.56
147.082959 40.56
147.146835 40.56
147.215710 40.56
147.284965 40.56
147.345711 40.56
147.399236 40.56
147.464837 40.56
147.533968 40.56
147.592838 40.56
147.657492 40.56
147.711242 40.56
147.776481 40.56
147.834839 40.56
147.908715 40.56
147.963607 40.56
148.022357 40.56
148.085841 40.56
148.149717 40.56
148.215233 40.56
148.268717 40.56
148.319358 40.56
148.388112 40.56
148.451611 40.56
148.515719 40.56
148.566361 40.56
148.626361 40.56
148.689845 40.56
148.755223 40.56
148.800722 40.56
148.851347 40.56
148.914847 40.56
148.988598 40.56
149.041847 40.56
149.112224 40.56
149.157724 40.56
149.208349 40.56
149.271850 40.56
149.345600 40.56
149.398851 40.56
149.472601 40.56
149.525852 40.56
149.599602 40.56
149.652864 40.56
149.726603 40.56
149.779856 40.56
149.853605 40.56
149.906854 40.56
149.980605 40.56
150.033855 40.56
150.107606 40.56
150.160861 40.56
150.234608 40.56
150.287861 40.56
150.361609 40.56
150.416610 40.56
150.471485 40.56
150.531488 40.56
150.591486 40.56
150.644745 40.56
150.713364 40.56
150.781995 40.56
150.850614 40.56
150.908996 40.56
150.969116 40.56
151.032616 40.56
151.087489 40.56
151.140739 40.56
151.211117 40.56
151.265616 40.56
151.316243 40.56
151.379741 40.56
151.450121 40.56
151.495618 40.56
151.546375 40.56
151.604746 40.56
151.678754 40.56
151.749128 40.56
151.813747 40.56
151.868871 40.56
151.933246 40.56
151.991871 40.56
152.050996 40.56
152.115248 40.56
152.190248 40.56
152.248873 40.56
152.307751 40.56
152.371999 40.56
152.430874 40.56
152.494749 40.56
152.558640 40.56
152.622625 40.56
152.686879 40.56
152.745752 40.56
152.805401 40.56
152.874879 40.56
152.930657 40.56
152.995275 40.56
153.054632 40.56
153.113756 40.56
153.173284 40.56
153.234653 40.56
153.293759 40.56
153.353010 40.56
153.413763 40.56
153.468303 40.56
153.532654 40.56
153.589526 40.56
153.658773 40.56
153.718174 40.56
153.772011 40.56
153.823761 40.56
153.882635 40.56
153.941657 40.56
154.000526 40.56
154.055772 40.56
154.109527 40.56
154.178766 40.56
154.237762 40.56
154.298034 40.56
154.362174 40.56
154.421298 40.56
154.480768 40.56
154.539769 40.56
154.598766 40.56
154.657657 40.56
154.722016 40.56
154.786217 40.56
154.846769 40.56
154.905769 40.56
154.964899 40.56
155.024021 40.56
155.094196 40.56
155.163774 40.56
155.228666 40.56
155.287647 40.56
155.353649 40.56
155.417773 40.56
155.482546 40.56
155.546900 40.56
155.611907 40.56
155.669545 40.56
155.730418 40.56
155.799776 40.56
155.859184 40.56
155.918026 40.56
155.984421 40.56
156.048666 40.56
156.107675 40.56
156.166779 40.56
156.221208 40.56
156.280783 40.56
156.341969 40.56
156.395906 40.56
156.446043 40.56
156.512205 40.56
156.564945 40.56
156.625661 40.56
156.684549 40.56
156.745213 40.56
156.804661 40.56
156.869439 40.56
156.935916 40.56
156.981549 40.56
157.045535 40.56
157.109551 40.56
157.173553 40.56
157.232792 40.56
157.291911 40.56
157.365914 40.56
157.436947 40.56
157.488174 40.56
157.547559 40.56
157.611801 40.56
157.677558 40.56
157.741675 40.56
157.795560 40.56
157.859569 40.56
157.929671 40.56
157.983677 40.56
158.038174 40.56
158.107922 40.56
158.172798 40.56
158.242675 40.56
158.297175 40.56
158.361673 40.56
158.416180 40.56
158.475800 40.56
158.537049 40.56
158.595922 40.56
158.661575 40.56
158.717471 40.56
158.774443 40.56
158.838925 40.56
158.898058 40.56
158.959357 40.56
159.018678 40.56
159.074176 40.56
159.123925 40.56
159.188573 40.56
159.242803 40.56
159.298578 40.56
159.353057 40.56
159.412687 40.56
159.468179 40.56
159.521815 40.56
159.586322 40.56
159.650591 40.56
159.709930 40.56
159.763804 40.56
159.829574 40.56
159.888321 40.56
159.948063 40.56
160.012935 40.56
160.082809 40.56
160.146808 40.56
160.207585 40.56
160.262810 40.56
160.322935 40.56
160.381934 40.56
160.447689 40.56
160.497330 40.56
160.556581 40.56
160.615937 40.56
160.674939 40.56
160.733936 40.56
160.798092 40.56
160.862464 40.56
160.926462 40.56
160.996471 40.56
161.067874 40.56
161.132694 40.56
161.186608 40.56
161.245816 40.56
161.320192 40.56
161.379459 40.56
161.438608 40.56
161.492818 40.56
161.562613 40.56
161.618873 40.56
161.683321 40.56
161.744474 40.56
161.794325 40.56
161.860740 40.56
161.914358 40.56
161.973351 40.56
162.032353 40.56
162.101827 40.56
162.160824 40.56
162.221333 40.56
162.296470 40.56
162.350606 40.56
162.406755 40.56
162.463764 40.56
162.523244 40.56
162.587963 40.56
162.658376 40.56
162.717964 40.56
162.773486 40.56
162.832954 40.56
162.893081 40.56
162.949080 40.56
163.005080 40.56
163.061080 40.56
163.125356 40.56
163.189231 40.56
163.245329 40.56
163.309233 40.56
163.365084 40.56
163.421081 40.56
163.477084 40.56
163.542234 40.56
163.606480 40.56
163.665368 40.56
163.726272 40.56
163.795709 40.56
163.864709 40.56
163.933351 40.56
164.002362 40.56
164.071092 40.56
164.137101 40.56
164.201242 40.56
164.262256 40.56
164.321232 40.56
164.382099 40.56
164.446716 40.56
164.505725 40.56
164.575593 40.56
164.631352 40.56
164.692643 40.56
164.746720 40.56
164.811485 40.56
164.866965 40.56
164.926965 40.56
164.980592 40.56
165.031967 40.56
165.090719 40.56
165.160247 40.56
165.215248 40.56
165.275624 40.56
165.329236 40.56
165.388490 40.56
165.434239 40.56
165.504613 40.56
165.550243 40.56
165.614133 40.56
165.673354 40.56
165.723241 40.56
165.787135 40.56
165.856130 40.56
165.915248 40.56
165.970253 40.56
166.025357 40.56
166.084260 40.56
166.153624 40.56
166.219229 40.56
166.283499 40.56
166.329496 40.56
166.389491 40.56
166.448142 40.56
166.512137 40.56
166.571500 40.56
166.630231 40.56
166.694862 40.56
166.759734 40.56
166.824736 40.56
166.889144 40.56
166.953500 40.56
167.014138 40.56
167.074986 40.56
167.134141 40.56
167.193744 40.56
167.258148 40.56
167.322738 40.56
167.381612 40.56
167.446302 40.56
167.505144 40.56
167.569615 40.56
167.639146 40.56
167.698749 40.56
167.757991 40.56
167.817130 40.56
167.875989 40.56
167.934741 40.56
167.993617 40.56
168.057754 40.56
168.122636 40.56
168.187152 40.56
168.247509 40.56
168.313295 40.56
168.372620 40.56
168.438406 40.56
168.499150 40.56
168.563146 40.56
168.623639 40.56
168.679620 40.56
168.740161 40.56
168.798997 40.56
168.863886 40.56
168.919873 40.56
168.984316 40.56
169.039516 40.56
169.104002 40.56
169.163000 40.56
169.224560 40.56
169.289168 40.56
169.364409 40.56
169.425650 40.56
169.490413 40.56
169.551522 40.56
169.616200 40.56
169.681177 40.56
169.740632 40.56
169.800277 40.56
169.861570 40.56
169.931007 40.56
169.992016 40.56
170.051524 40.56
170.123017 40.56
170.182526 40.56
170.252310 40.56
170.308431 40.56
170.362645 40.56
170.422011 40.56
170.486422 40.56
170.551012 40.56
170.615657 40.56
170.672417 40.56
170.741541 40.56
170.811012 40.56
170.880639 40.56
170.940139 40.56
170.990463 40.56
171.055012 40.56
171.113901 40.56
171.178528 40.56
171.238638 40.56
171.298892 40.56
171.354014 40.56
171.413530 40.56
171.473657 40.56
171.524530 40.56
171.583015 40.56
171.657020 40.56
171.712018 40.56
171.774453 40.56
171.848768 40.56
171.913648 40.56
171.964664 40.56
172.020209 40.56
172.084647 40.56
172.145216 40.56
172.201444 40.56
172.266212 40.56
172.320025 40.56
172.389541 40.56
172.455303 40.56
172.516224 40.56
172.571900 40.56
172.636296 40.56
172.691901 40.56
172.756026 40.56
172.815544 40.56
172.870901 40.56
172.930548 40.56
172.985903 40.56
173.045561 40.56
173.109904 40.56
173.174561 40.56
173.239032 40.56
173.293219 40.56
173.352912 40.56
173.412435 40.56
173.478558 40.56
173.538045 40.56
173.599041 40.56
173.653553 40.56
173.713036 40.56
173.771909 40.56
173.831436 40.56
173.896036 40.56
173.954911 40.56
174.023910 40.56
174.079040 40.56
174.137912 40.56
174.202040 40.56
174.260911 40.56
174.320047 40.56
174.384303 40.56
174.453553 40.56
174.518040 40.56
174.572044 40.56
174.631563 40.56
174.690308 40.56
174.760040 40.56
174.818792 40.56
174.887790 40.56
174.956791 40.56
175.021042 40.56
175.075054 40.56
175.134313 40.56
175.214928 40.56
175.284922 40.56
175.344583 40.56
175.409568 40.56
175.479445 40.56
175.538317 40.56
175.602930 40.56
175.662443 40.56
175.716573 40.56
175.786207 40.56
175.850933 40.56
175.914923 40.56
175.975684 40.56
176.035449 40.56
176.089210 40.56
176.144206 40.56
176.208568 40.56
176.274051 40.56
176.337926 40.56
176.402190 40.56
176.473211 40.56
176.537453 40.56
176.597804 40.56
176.667809 40.56
176.731931 40.56
176.790806 40.56
176.850183 40.56
176.919813 40.56
176.979186 40.56
177.054081 40.56
177.119078 40.56
177.184956 40.56
177.239463 40.56
177.309392 40.56
177.384818 40.56
177.456697 40.56
177.516338 40.56
177.581100 40.56
177.646099 40.56
177.707190 40.56
177.787946 40.56
177.842357 40.56
177.902102 40.56
177.958082 40.56
178.022948 40.56
178.073340 40.56
178.143384 40.56
178.218822 40.56
178.288825 40.56
178.353822 40.56
178.409704 40.56
178.474826 40.56
178.529362 40.56
178.593473 40.56
178.662709 40.56
178.726947 40.56
178.790819 40.56
178.860348 40.56
178.924348 40.56
178.979590 40.56
179.048696 40.56
179.112592 40.56
179.183102 40.56
179.242076 40.56
179.307823 40.56
179.366699 40.56
179.421825 40.56
179.477106 40.56
179.536080 40.56
179.594700 40.56
179.658702 40.56
179.719107 40.56
179.788827 40.56
179.852827 40.56
179.911703 40.56
179.975829 40.56
180.040360 40.56
180.104708 40.56
180.168597 40.56
180.227832 40.56
180.286845 40.56
180.348090 40.56
180.412835 40.56
180.467267 40.56
180.537252 40.56
180.591106 40.56
180.660836 40.56
180.719837 40.56
180.780837 40.56
180.849462 40.56
180.902714 40.56
180.976471 40.56
181.031467 40.56
181.086465 40.56
181.139722 40.56
181.213464 40.56
181.271970 40.56
181.335468 40.56
181.390472 40.56
181.445472 40.56
181.500468 40.56
181.555476 40.56
181.610346 40.56
181.670474 40.56
181.725346 40.56
181.785345 40.56
181.845345 40.56
181.905487 40.56
181.970271 40.56
182.029598 40.56
182.090487 40.56
182.150120 40.56
182.214852 40.56
182.269269 40.56
182.328603 40.56
182.388286 40.56
182.453135 40.56
182.517130 40.56
182.575972 40.56
182.640131 40.56
182.698974 40.56
182.764496 40.56
182.828977 40.56
182.898859 40.56
182.953272 40.56
183.013863 40.56
183.078736 40.56
183.137856 40.56
183.204508 40.56
183.264148 40.56
183.323739 40.56
183.388734 40.56
183.449863 40.56
183.509737 40.56
183.568730 40.56
183.627730 40.56
183.686731 40.56
183.745606 40.56
183.804607 40.56
183.868734 40.56
183.927498 40.56
183.996733 40.56
184.055499 40.56
184.124734 40.56
184.183609 40.56
184.247503 40.56
184.316735 40.56
184.375626 40.56
184.439736 40.56
184.498626 40.56
184.562738 40.56
184.626738 40.56
184.685738 40.56
184.744629 40.56
184.809153 40.56
184.869892 40.56
184.919991 40.56
184.984509 40.56
185.043746 40.56
185.098994 40.56
185.157869 40.56
185.216994 40.56
185.281634 40.56
185.335627 40.56
185.389621 40.56
185.448514 40.56
185.509164 40.56
185.578758 40.56
185.649179 40.56
185.708758 40.56
185.773755 40.56
185.844198 40.56
185.909184 40.56
185.968646 40.56
186.023197 40.56
186.088173 40.56
186.149184 40.56
186.219527 40.56
186.289003 40.56
186.353392 40.56
186.417651 40.56
186.472167 40.56
186.536755 40.56
186.591006 40.56
186.655521 40.56
186.720191 40.56
186.783879 40.56
186.847879 40.56
186.911754 40.56
186.965523 40.56
187.024523 40.56
187.098403 40.56
187.162396 40.56
187.226526 40.56
187.276522 40.56
187.340532 40.56
187.394760 40.56
187.443791 40.56
187.493889 40.56
187.550281 40.56
187.611302 40.56
187.672178 40.56
187.731297 40.56
187.790530 40.56
187.849276 40.56
187.913890 40.56
187.967764 40.56
188.026407 40.56
188.085890 40.56
188.144764 40.56
188.213764 40.56
188.277764 40.56
188.346890 40.56
188.410641 40.56
188.464409 40.56
188.528282 40.56
188.592539 40.56
188.651144 40.56
188.710544 40.56
188.764287 40.56
188.828771 40.56
188.898539 40.56
188.952549 40.56
189.006901 40.56
189.071540 40.56
189.131545 40.56
189.186027 40.56
189.250910 40.56
189.310652 40.56
189.375427 40.56
189.445656 40.56
189.515295 40.56
189.574778 40.56
189.638419 40.56
189.697905 40.56
189.756780 40.56
189.821279 40.56
189.885295 40.56
189.946787 40.56
190.006301 40.56
190.070298 40.56
190.129294 40.56
190.188297 40.56
190.247155 40.56
190.306301 40.56
190.370156 40.56
190.429157 40.56
190.488439 40.56
190.542659 40.56
190.599426 40.56
190.658786 40.56
190.723344 40.56
190.789440 40.56
190.844789 40.56
190.916350 40.56
190.982434 40.56
191.041918 40.56
191.102916 40.56
191.153914 40.56
191.212787 40.56
191.276662 40.56
191.336912 40.56
191.387914 40.56
191.438915 40.56
191.489916 40.56
191.540914 40.56
191.591914 40.56
191.642917 40.56
191.712308 40.56
191.771312 40.56
191.826308 40.56
191.890438 40.56
191.949042 40.56
192.003923 40.56
192.062797 40.56
192.132172 40.56
192.191313 40.56
192.266334 40.56
192.336179 40.56
192.406177 40.56
192.470672 40.56
192.545174 40.56
192.614800 40.56
192.684193 40.56
192.743317 40.56
192.802803 40.56
192.856925 40.56
192.916193 40.56
192.980675 40.56
193.039442 40.56
193.093338 40.56
193.147179 40.56
193.206320 40.56
193.260337 40.56
193.314179 40.56
193.388554 40.56
193.447683 40.56
193.511682 40.56
193.582181 40.56
193.646684 40.56
193.716056 40.56
193.780812 40.56
193.840451 40.56
193.906190 40.56
193.976469 40.56
194.036808 40.56
194.095477 40.56
194.141183 40.56
194.200059 40.56
194.250809 40.56
194.314618 40.56
194.379330 40.56
194.438197 40.56
194.508251 40.56
194.573190 40.56
194.648249 40.56
194.713249 40.56
194.778253 40.56
194.834590 40.56
194.904483 40.56
194.965838 40.56
195.032571 40.56
195.097705 40.56
195.159082 40.56
195.218699 40.56
195.280078 40.56
195.339607 40.56
195.409827 40.56
195.474697 40.56
195.534267 40.56
195.588701 40.56
195.648260 40.56
195.702703 40.56
195.763950 40.56
195.829268 40.56
195.883703 40.56
195.943261 40.56
195.997708 40.56
196.062702 40.56
196.118379 40.56
196.168706 40.56
196.233703 40.56
196.293263 40.56
196.352703 40.56
196.408286 40.56
196.462705 40.56
196.523263 40.56
196.577714 40.56
196.648085 40.56
196.714087 40.56
196.769232 40.56
196.824709 40.56
196.890083 40.56
196.945277 40.56
196.999713 40.56
197.069834 40.56
197.134714 40.56
197.199712 40.56
197.269965 40.56
197.341963 40.56
197.406968 40.56
197.471967 40.56
197.542100 40.56
197.607112 40.56
197.668484 40.56
197.738277 40.56
197.802588 40.56
197.867263 40.56
197.923469 40.56
197.988349 40.56
198.047973 40.56
198.109469 40.56
198.169287 40.56
198.228970 40.56
198.288488 40.56
198.354969 40.56
198.414361 40.56
198.470978 40.56
198.531843 40.56
198.596496 40.56
198.671973 40.56
198.731620 40.56
198.788851 40.56
198.853598 40.56
198.914346 40.56
198.973127 40.56
199.036969 40.56
199.101615 40.56
199.155488 40.56
199.216146 40.56
199.285974 40.56
199.345112 40.56
199.399102 40.56
199.454857 40.56
199.515622 40.56
199.574978 40.56
199.639633 40.56
199.699105 40.56
199.758504 40.56
199.824503 40.56
199.890509 40.56
199.956632 40.56
200.016300 40.56
200.077510 40.56
200.149232 40.56
200.203641 40.56
200.268505 40.56
200.343508 40.56
200.424278 40.56
200.485635 40.56
200.550510 40.56
200.620160 40.56
200.679989 40.56
200.743735 40.56
200.809144 40.56
200.861420 40.56
200.925861 40.56
200.986863 40.56
201.046126 40.56
201.102373 40.56
201.167115 40.56
201.225986 40.56
201.289862 40.56
201.363989 40.56
201.418115 40.56
201.477002 40.56
201.531511 40.56
201.595865 40.56
201.654990 40.56
201.714382 40.56
201.773128 40.56
201.823520 40.56
201.882882 40.56
201.941869 40.56
201.996995 40.56
202.052411 40.56
202.116517 40.56
202.181869 40.56
202.242523 40.56
202.307518 40.56
202.369246 40.56
202.438121 40.56
202.498370 40.56
202.556995 40.56
202.620746 40.56
202.684872 40.56
202.748746 40.56
202.817871 40.56
202.878249 40.56
202.938374 40.56
203.002375 40.56
203.066002 40.56
203.125180 40.56
203.185751 40.56
203.255545 40.56
203.329752 40.56
203.394400 40.56
203.458880 40.56
203.518007 40.56
203.572274 40.56
203.641904 40.56
203.706887 40.56
203.771400 40.56
203.831012 40.56
203.885280 40.56
203.945760 40.56
204.005010 40.56
204.063758 40.56
204.128014 40.56
204.192216 40.56
204.263648 40.56
204.327759 40.56
204.384639 40.56
204.448887 40.56
204.513012 40.56
204.567017 40.56
204.622012 40.56
204.675891 40.56
204.734888 40.56
204.790168 40.56
204.847162 40.56
204.907640 40.56
204.971763 40.56
205.026888 40.56
205.085639 40.56
205.149764 40.56
205.204765 40.56
205.259890 40.56
205.318891 40.56
205.377766 40.56
205.432766 40.56
205.502285 40.56
205.572286 40.56
205.631146 40.56
205.696771 40.56
205.751894 40.56
205.816422 40.56
205.886291 40.56
205.950904 40.56
206.005424 40.56
206.064777 40.56
206.134406 40.56
206.198775 40.56
206.263224 40.56
206.332774 40.56
206.395194 40.56
206.459778 40.56
206.529786 40.56
206.584303 40.56
206.648905 40.56
206.703333 40.56
206.760659 40.56
206.821665 40.56
206.891911 40.56
206.946159 40.56
207.018104 40.56
207.077786 40.56
207.142914 40.56
207.195041 40.56
207.254785 40.56
207.306558 40.56
207.366308 40.56
207.436344 40.56
207.503043 40.56
207.567796 40.56
207.622355 40.56
207.687166 40.56
207.742919 40.56
207.795047 40.56
207.854665 40.56
207.914338 40.56
207.979168 40.56
208.049346 40.56
208.119669 40.56
208.179322 40.56
208.239353 40.56
208.298794 40.56
208.354347 40.56
208.419315 40.56
208.483927 40.56
208.548801 40.56
208.603044 40.56
208.673489 40.56
208.743672 40.56
208.808191 40.56
208.863797 40.56
208.927797 40.56
208.986930 40.56
209.051046 40.56
209.111927 40.56
209.169178 40.56
209.244681 40.56
209.314928 40.56
209.370810 40.56
209.425181 40.56
209.484928 40.56
209.539184 40.56
209.604345 40.56
209.670444 40.56
209.731373 40.56
209.793985 40.56
209.849965 40.56
209.911457 40.56
209.971076 40.56
210.030815 40.56
210.086943 40.56
210.147683 40.56
210.220571 40.56
210.294814 40.56
210.346195 40.56
210.410933 40.56
210.471688 40.56
210.526187 40.56
210.585819 40.56
210.650817 40.56
210.701061 40.56
210.756692 40.56
210.811191 40.56
210.870580 40.56
210.930191 40.56
210.995190 40.56
211.065192 40.56
211.130078 40.56
211.208598 40.56
211.274819 40.56
211.339837 40.56
211.404697 40.56
211.458941 40.56
211.523820 40.56
211.597193 40.56
211.667007 40.56
211.726696 40.56
211.780818 40.56
211.839953 40.56
211.909693 40.56
211.982584 40.56
212.041693 40.56
212.101081 40.56
212.171082 40.56
212.236459 40.56
212.295598 40.56
212.351346 40.56
212.415697 40.56
212.470946 40.56
212.534953 40.56
212.600095 40.56
212.666233 40.56
212.730948 40.56
212.796082 40.56
212.857355 40.56
212.917085 40.56
212.983235 40.56
213.035850 40.56
213.095352 40.56
213.147837 40.56
213.193596 40.56
213.247354 40.56
213.296952 40.56
213.364344 40.56
213.428341 40.56
213.487348 40.56
213.551345 40.56
213.623956 40.56
213.682704 40.56
213.749953 40.56
213.819333 40.56
213.869954 40.56
213.933830 40.56
213.997830 40.56
214.056832 40.56
214.115706 40.56
214.174234 40.56
214.238351 40.56
214.307351 40.56
214.371351 40.56
214.435351 40.56
214.499351 40.56
214.563351 40.56
214.637362 40.56
214.709353 40.56
214.778353 40.56
214.849839 40.56
214.908840 40.56
214.977713 40.56
215.036367 40.56
215.100487 40.56
215.169481 40.56
215.242364 40.56
215.301360 40.56
215.360622 40.56
215.416871 40.56
215.476365 40.56
215.537745 40.56
215.616348 40.56
215.682751 40.56
215.742494 40.56
215.796982 40.56
215.863755 40.56
215.923366 40.56
215.982979 40.56
216.047977 40.56
216.112982 40.56
216.177854 40.56
216.244266 40.56
216.309373 40.56
216.368853 40.56
216.433628 40.56
216.483728 40.56
216.549265 40.56
216.608368 40.56
216.668726 40.56
216.714367 40.56
216.773495 40.56
216.832727 40.56
216.891732 40.56
216.950853 40.56
217.009729 40.56
217.079246 40.56
217.148372 40.56
217.207371 40.56
217.271372 40.56
217.335377 40.56
217.399262 40.56
217.463610 40.56
217.522859 40.56
217.599299 40.56
217.658990 40.56
217.723986 40.56
217.794300 40.56
217.853988 40.56
217.920744 40.56
217.980362 40.56
218.039369 40.56
218.098998 40.56
218.165760 40.56
218.221747 40.56
218.281387 40.56
218.340874 40.56
218.400511 40.56
218.456621 40.56
218.521508 40.56
218.582422 40.56
218.636530 40.56
218.697389 40.56
218.751743 40.56
218.817396 40.56
218.872871 40.56
218.926619 40.56
218.991757 40.56
219.057747 40.56
219.123125 40.56
219.182621 40.56
219.246747 40.56
219.311125 40.56
219.370123 40.56
219.425246 40.56
219.480248 40.56
219.539125 40.56
219.598522 40.56
219.652249 40.56
219.727304 40.56
219.793394 40.56
219.847530 40.56
219.912528 40.56
219.966128 40.56
220.021251 40.56
220.085629 40.56
220.144628 40.56
220.225003 40.56
220.289390 40.56
220.343886 40.56
220.405007 40.56
220.466139 40.56
220.530883 40.56
220.600136 40.56
220.669630 40.56
220.733630 40.56
220.797631 40.56
220.861631 40.56
220.925632 40.56
221.000133 40.56
221.064134 40.56
221.123326 40.56
221.177290 40.56
221.242144 40.56
221.301639 40.56
221.360637 40.56
221.432527 40.56
221.492308 40.56
221.552152 40.56
221.608523 40.56
221.673401 40.56
221.734336 40.56
221.784770 40.56
221.844421 40.56
221.896536 40.56
221.961309 40.56
222.021150 40.56
222.081647 40.56
222.135778 40.56
222.200777 40.56
222.265771 40.56
222.321339 40.56
222.380414 40.56
222.426146 40.56
222.488147 40.56
222.547018 40.56
222.597644 40.56
222.663019 40.56
222.713648 40.56
222.779024 40.56
222.843148 40.56
222.907424 40.56
222.962651 40.56
223.039531 40.56
223.099298 40.56
223.153562 40.56
223.229162 40.56
223.285027 40.56
223.351025 40.56
223.415151 40.56
223.481423 40.56
223.541903 40.56
223.611031 40.56
223.675661 40.56
223.744905 40.56
223.815166 40.56
223.869660 40.56
223.945045 40.56
224.004428 40.56
224.068666 40.56
224.133663 40.56
224.187669 40.56
224.252668 40.56
224.312305 40.56
224.366667 40.56
224.431667 40.56
224.491320 40.56
224.541671 40.56
224.606665 40.56
224.662275 40.56
224.712669 40.56
224.772320 40.56
224.822675 40.56
224.882183 40.56
224.932037 40.56
224.995912 40.56
225.046679 40.56
225.107041 40.56
225.170914 40.56
225.235039 40.56
225.299434 40.56
225.363430 40.56
225.429042 40.56
225.493042 40.56
225.557044 40.56
225.616042 40.56
225.682313 40.56
225.742292 40.56
225.796042 40.56
225.860205 40.56
225.919215 40.56
225.985439 40.56
226.051311 40.56
226.117175 40.56
226.175921 40.56
226.240047 40.56
226.300923 40.56
226.365050 40.56
226.429049 40.56
226.493049 40.56
226.557052 40.56
226.621050 40.56
226.679928 40.56
226.743926 40.56
226.810309 40.56
226.870056 40.56
226.923930 40.56
226.988563 40.56
227.052930 40.56
227.114376 40.56
227.174058 40.56
227.228053 40.56
227.287576 40.56
227.346211 40.56
227.405055 40.56
227.465333 40.56
227.520599 40.56
227.579933 40.56
227.653933 40.56
227.718452 40.56
227.783944 40.56
227.850060 40.56
227.908809 40.56
227.977936 40.56
228.041934 40.56
228.105935 40.56
228.169935 40.56
228.230586 40.56
228.289939 40.56
228.344937 40.56
228.417939 40.56
228.482458 40.56
228.557603 40.56
228.621941 40.56
228.692091 40.56
228.757079 40.56
228.811467 40.56
228.871088 40.56
228.935955 40.56
229.001099 40.56
229.055591 40.56
229.116597 40.56
229.177599 40.56
229.242601 40.56
229.307471 40.56
229.371949 40.56
229.436340 40.56
229.500225 40.56
229.561080 40.56
229.612699 40.56
229.676949 40.56
229.737590 40.56
229.796611 40.56
229.857471 40.56
229.930357 40.56
229.985591 40.56
230.046475 40.56
230.116471 40.56
230.181478 40.56
230.251358 40.56
230.305235 40.56
230.369231 40.56
230.439475 40.56
230.515228 40.56
230.579962 40.56
230.634227 40.56
230.704482 40.56
230.769481 40.56
230.834489 40.56
230.899483 40.56
230.974842 40.56
231.045090 40.56
231.114583 40.56
231.167831 40.56
231.241584 40.56
231.294834 40.56
231.368583 40.56
231.421834 40.56
231.490585 40.56
231.543834 40.56
231.617585 40.56
231.670836 40.56
231.744589 40.56
231.797836 40.56
231.871592 40.56
231.924839 40.56
231.998589 40.56
232.053593 40.56
232.108729 40.56
232.178494 40.56
232.239487 40.56
232.302233 40.56
232.366985 40.56
232.435594 40.56
232.505348 40.56
232.563726 40.56
232.634623 40.56
232.698594 40.56
232.756973 40.56
232.816136 40.56
232.880979 40.56
232.950599 40.56
233.005728 40.56
233.071978 40.56
233.127255 40.56
233.193357 40.56
233.248728 40.56
233.311129 40.56
233.370855 40.56
233.429984 40.56
233.500359 40.56
233.564734 40.56
233.640361 40.56
233.704865 40.56
233.758990 40.56
233.823857 40.56
233.883290 40.56
233.955123 40.56
234.035738 40.56
234.095280 40.56
234.175739 40.56
234.256737 40.56
234.316261 40.56
234.390983 40.56
234.449733 40.56
234.508860 40.56
234.567733 40.56
234.627259 40.56
234.691736 40.56
234.761741 40.56
234.826741 40.56
234.880744 40.56
234.936371 40.56
234.997616 40.56
235.057127 40.56
235.123368 40.56
235.190124 40.56
235.251510 40.56
235.312529 40.56
235.374000 40.56
235.433745 40.56
235.488297 40.56
235.549515 40.56
235.609308 40.56
235.670519 40.56
235.729994 40.56
235.790510 40.56
235.854634 40.56
235.918634 40.56
235.982634 40.56
236.046636 40.56
236.110637 40.56
236.174636 40.56
236.239306 40.56
236.298747 40.56
236.353317 40.56
236.417624 40.56
236.476882 40.56
236.537523 40.56
236.602130 40.56
236.656138 40.56
236.720627 40.56
236.790633 40.56
236.860882 40.56
236.927308 40.56
236.994008 40.56
237.058889 40.56
237.120012 40.56
237.180757 40.56
237.245642 40.56
237.315884 40.56
237.380887 40.56
237.451279 40.56
237.517537 40.56
237.587889 40.56
237.652768 40.56
237.713767 40.56
237.770637 40.56
237.830142 40.56
237.891535 40.56
237.951148 40.56
238.011146 40.56
238.075763 40.56
238.132642 40.56
238.193642 40.56
238.248149 40.56
238.314897 40.56
238.379771 40.56
238.430146 40.56
238.495145 40.56
238.560149 40.56
238.621148 40.56
238.680652 40.56
238.735151 40.56
238.800029 40.56
238.864649 40.56
238.919149 40.56
238.989154 40.56
239.055910 40.56
239.115646 40.56
239.176903 40.56
239.236650 40.56
239.291157 40.56
239.356154 40.56
239.411541 40.56
239.486782 40.56
239.551651 40.56
239.612904 40.56
239.683027 40.56
239.763549 40.56
239.833779 40.56
239.904159 40.56
239.969030 40.56
240.039161 40.56
240.103908 40.56
240.174040 40.56
240.239164 40.56
240.304031 40.56
240.379550 40.56
240.451426 40.56
240.511035 40.56
240.572430 40.56
240.632039 40.56
240.693287 40.56
240.753034 40.56
240.818169 40.56
240.883205 40.56
240.957811 40.56
241.017558 40.56
241.072044 40.56
241.138817 40.56
241.198555 40.56
241.259813 40.56
241.319560 40.56
241.380796 40.56
241.440565 40.56
241.494914 40.56
241.554562 40.56
241.610165 40.56
241.670799 40.56
241.730550 40.56
241.784918 40.56
241.849920 40.56
241.914794 40.56
241.975573 40.56
242.031798 40.56
242.101918 40.56
242.157566 40.56
242.211419 40.56
242.286560 40.56
242.345794 40.56
242.425446 40.56
242.495672 40.56
242.541437 40.56
242.611680 40.56
242.695328 40.56
242.755076 40.56
242.833336 40.56
242.897933 40.56
242.967800 40.56
243.034351 40.56
243.104678 40.56
243.174681 40.56
243.241429 40.56
243.300935 40.56
243.362364 40.56
243.422053 40.56
243.492451 40.56
243.546930 40.56
243.607677 40.56
243.667060 40.56
243.725677 40.56
243.779184 40.56
243.841684 40.56
243.905810 40.56
243.972186 40.56
244.036941 40.56
244.096599 40.56
244.153689 40.56
244.219461 40.56
244.269582 40.56
244.324575 40.56
244.370327 40.56
244.436345 40.56
244.500182 40.56
244.555466 40.56
244.605353 40.56
244.660328 40.56
244.724936 40.56
244.785354 40.56
244.844939 40.56
244.904334 40.56
244.963941 40.56
245.028943 40.56
245.093942 40.56
245.169336 40.56
245.244385 40.56
245.309466 40.56
245.363943 40.56
245.423702 40.56
245.493817 40.56
245.558461 40.56
245.623461 40.56
245.682590 40.56
245.747444 40.56
245.801193 40.56
245.870271 40.56
245.934567 40.56
245.988590 40.56
246.051077 40.56
246.115267 40.56
246.180200 40.56
246.244823 40.56
246.304472 40.56
246.360704 40.56
246.420472 40.56
246.476707 40.56
246.536240 40.56
246.595831 40.56
246.660597 40.56
246.735077 40.56
246.817076 40.56
246.889077 40.56
246.948228 40.56
247.007235 40.56
247.066702 40.56
247.136084 40.56
247.195236 40.56
247.254230 40.56
247.313231 40.56
247.377081 40.56
247.427827 40.56
247.484083 40.56
247.539234 40.56
247.598475 40.56
247.653583 40.56
247.709705 40.56
247.773214 40.56
247.847087 40.56
247.906237 40.56
247.970708 40.56
248.031960 40.56
248.092481 40.56
248.151237 40.56
248.221266 40.56
248.280713 40.56
248.336381 40.56
248.390718 40.56
248.455215 40.56
248.519724 40.56
248.584366 40.56
248.638249 40.56
248.697591 40.56
248.761849 40.56
248.822970 40.56
248.887718 40.56
248.954140 40.56
249.018719 40.56
249.078274 40.56
249.132726 40.56
249.194120 40.56
249.253731 40.56
249.318730 40.56
249.383274 40.56
249.437726 40.56
249.502853 40.56
249.562853 40.56
249.625476 40.56
249.690276 40.56
249.751270 40.56
249.809974 40.56
249.868355 40.56
249.927599 40.56
249.992294 40.56
250.046730 40.56
250.111728 40.56
250.183484 40.56
250.243375 40.56
250.297738 40.56
250.362729 40.56
250.412601 40.56
250.473105 40.56
250.528104 40.56
250.594298 40.56
250.644107 40.56
250.710506 40.56
250.775259 40.56
250.825104 40.56
250.894731 40.56
250.953730 40.56
251.014123 40.56
251.068980 40.56
251.133105 40.56
251.197106 40.56
251.252106 40.56
251.316259 40.56
251.369982 40.56
251.425857 40.56
251.490108 40.56
251.554109 40.56
251.618307 40.56
251.677266 40.56
251.735987 40.56
251.799987 40.56
251.863863 40.56
251.933283 40.56
251.987363 40.56
252.049238 40.56
252.117988 40.56
252.177305 40.56
252.232867 40.56
252.296991 40.56
252.366997 40.56
252.426621 40.56
252.486132 40.56
252.551128 40.56
252.605390 40.56
252.671872 40.56
252.737999 40.56
252.802511 40.56
252.872623 40.56
252.936997 40.56
253.001512 40.56
253.076137 40.56
253.130631 40.56
253.195517 40.56
253.260307 40.56
253.321631 40.56
253.386521 40.56
253.451137 40.56
253.510250 40.56
253.569000 40.56
253.635381 40.56
253.719134 40.56
253.773633 40.56
253.852413 40.56
253.928009 40.56
253.987550 40.56
254.063011 40.56
254.134882 40.56
254.194635 40.56
254.254280 40.56
254.317391 40.56
254.387531 40.56
254.457645 40.56
254.528017 40.56
254.603511 40.56
254.668554 40.56
254.733385 40.56
254.803764 40.56
254.858890 40.56
254.918263 40.56
254.984023 40.56
255.042760 40.56
255.111887 40.56
255.171534 40.56
255.230322 40.56
255.300548 40.56
255.365537 40.56
255.426543 40.56
255.491520 40.56
255.555894 40.56
255.626269 40.56
255.676018 40.56
255.726017 40.56
255.780017 40.56
255.844410 40.56
255.903898 40.56
255.970024 40.56
256.029557 40.56
256.094529 40.56
256.153772 40.56
256.204401 40.56
256.267897 40.56
256.337158 40.56
256.387555 40.56
256.452547 40.56
256.517550 40.56
256.582551 40.56
256.642160 40.56
256.707161 40.56
256.772026 40.56
256.835898 40.56
256.899900 40.56
256.963899 40.56
257.028292 40.56
257.092152 40.56
257.157160 40.56
257.226779 40.56
257.291558 40.56
257.354292 40.56
257.413559 40.56
257.480290 40.56
257.540033 40.56
257.603656 40.56
257.656907 40.56
257.721035 40.56
257.780572 40.56
257.844783 40.56
257.914564 40.56
257.983908 40.56
258.050168 40.56
258.109915 40.56
258.164318 40.56
258.230431 40.56
258.291665 40.56
258.346912 40.56
258.400917 40.56
258.464788 40.56
258.519911 40.56
258.570310 40.56
258.623925 40.56
258.678448 40.56
258.743436 40.56
258.818797 40.56
258.894437 40.56
258.947796 40.56
259.022046 40.56
259.087803 40.56
259.158052 40.56
259.215172 40.56
259.280050 40.56
259.345048 40.56
259.409796 40.56
259.474324 40.56
259.543931 40.56
259.598444 40.56
259.663443 40.56
259.733315 40.56
259.792925 40.56
259.856685 40.56
259.916337 40.56
259.991175 40.56
260.061552 40.56
260.114800 40.56
260.184455 40.56
260.249325 40.56
260.331682 40.56
260.410679 40.56
260.474803 40.56
260.544808 40.56
260.608927 40.56
260.670242 40.56
260.725932 40.56
260.784939 40.56
260.845938 40.56
260.901058 40.56
260.962359 40.56
261.027336 40.56
261.081189 40.56
261.136817 40.56
261.191186 40.56
261.260806 40.56
261.314572 40.56
261.365182 40.56
261.420811 40.56
261.476060 40.56
261.551375 40.56
261.616373 40.56
261.675697 40.56
261.741822 40.56
261.796359 40.56
261.861370 40.56
261.926340 40.56
261.985825 40.56
262.050698 40.56
262.120941 40.56
262.196362 40.56
262.255820 40.56
262.314817 40.56
262.379382 40.56
262.432941 40.56
262.486825 40.56
262.551822 40.56
262.611230 40.56
262.676369 40.56
262.751696 40.56
262.816380 40.56
262.875948 40.56
262.945955 40.56
263.026391 40.56
263.088698 40.56
263.143248 40.56
263.208368 40.56
263.267706 40.56
263.322269 40.56
263.383702 40.56
263.441146 40.56
263.505253 40.56
263.566472 40.56
263.621701 40.56
263.681080 40.56
263.736359 40.56
263.786081 40.56
263.852360 40.56
263.908836 40.56
263.963261 40.56
264.018705 40.56
264.072712 40.56
264.133838 40.56
264.198581 40.56
264.264832 40.56
264.319253 40.56
264.378583 40.56
264.442842 40.56
264.492707 40.56
264.551599 40.56
264.610841 40.56
264.661088 40.56
264.727263 40.56
264.794005 40.56
264.858489 40.56
264.918275 40.56
264.983092 40.56
265.047711 40.56
265.107094 40.56
265.166105 40.56
265.238096 40.56
265.307464 40.56
265.367262 40.56
265.428096 40.56
265.492843 40.56
265.552279 40.56
265.616716 40.56
265.675607 40.56
265.741841 40.56
265.800342 40.56
265.853592 40.56
265.922716 40.56
265.982271 40.56
266.043101 40.56
266.101980 40.56
266.170023 40.56
266.223844 40.56
266.287475 40.56
266.356100 40.56
266.416734 40.56
266.483358 40.56
266.549221 40.56
266.608637 40.56
266.663129 40.56
266.722617 40.56
266.777118 40.56
266.842126 40.56
266.912124 40.56
266.977136 40.56
267.036497 40.56
267.096119 40.56
267.155621 40.56
267.209492 40.56
267.273491 40.56
267.337492 40.56
267.407881 40.56
267.453618 40.56
267.512616 40.56
267.571493 40.56
267.641883 40.56
267.716490 40.56
267.786609 40.56
267.840625 40.56
267.899980 40.56
267.959169 40.56
268.024151 40.56
268.093498 40.56
268.153171 40.56
268.212612 40.56
268.271529 40.56
268.338392 40.56
268.402863 40.56
268.467742 40.56
268.527740 40.56
268.581998 40.56
268.657520 40.56
268.716507 40.56
268.775994 40.56
268.837366 40.56
268.896750 40.56
268.967194 40.56
269.029916 40.56
269.087372 40.56
269.152371 40.56
269.216864 40.56
269.277807 40.56
269.341239 40.56
269.399740 40.56
269.446994 40.56
269.496866 40.56
269.555742 40.56
269.602994 40.56
269.653867 40.56
269.722742 40.56
269.781619 40.56
269.835519 40.56
269.889999 40.56
269.954512 40.56
270.020773 40.56
270.080521 40.56
270.134885 40.56
270.205413 40.56
270.269751 40.56
270.338875 40.56
270.413394 40.56
270.472626 40.56
270.531542 40.56
270.595750 40.56
270.660002 40.56
270.735397 40.56
270.804376 40.56
270.874006 40.56
270.937878 40.56
270.996886 40.56
271.066164 40.56
271.126010 40.56
271.190756 40.56
271.249629 40.56
271.308305 40.56
271.372396 40.56
271.436522 40.56
271.495883 40.56
271.554529 40.56
271.608402 40.56
271.662759 40.56
271.721767 40.56
271.793765 40.56
271.852761 40.56
271.916667 40.56
271.981282 40.56
272.042014 40.56
272.106533 40.56
272.165769 40.56
272.226014 40.56
272.285283 40.56
272.354139 40.56
272.418148 40.56
272.482139 40.56
272.546662 40.56
272.605281 40.56
272.669900 40.56
272.729416 40.56
272.793554 40.56
272.843898 40.56
272.908774 40.56
272.969422 40.56
273.023904 40.56
273.079273 40.56
273.145420 40.56
273.199903 40.56
273.255150 40.56
273.310289 40.56
273.370775 40.56
273.430774 40.56
273.485909 40.56
273.555774 40.56
273.620426 40.56
273.674905 40.56
273.734293 40.56
273.793906 40.56
273.858906 40.56
273.929335 40.56
273.988906 40.56
274.047779 40.56
274.122420 40.56
274.181153 40.56
274.240295 40.56
274.304779 40.56
274.373781 40.56
274.432911 40.56
274.502156 40.56
274.567332 40.56
274.626783 40.56
274.686315 40.56
274.742668 40.56
274.807035 40.56
274.875780 40.56
274.940906 40.56
274.994552 40.56
275.053662 40.56
275.117659 40.56
275.182434 40.56
275.243033 40.56
275.312160 40.56
275.376427 40.56
275.422034 40.56
275.475663 40.56
275.540164 40.56
275.599166 40.56
275.663795 40.56
275.714789 40.56
275.773164 40.56
275.837167 40.56
275.892166 40.56
275.947308 40.56
276.006667 40.56
276.068351 40.56
276.128175 40.56
276.183044 40.56
276.258195 40.56
276.308170 40.56
276.377418 40.56
276.436444 40.56
276.491566 40.56
276.560670 40.56
276.630672 40.56
276.692451 40.56
276.757474 40.56
276.827457 40.56
276.890592 40.56
276.950196 40.56
277.015056 40.56
277.074806 40.56
277.136061 40.56
277.197557 40.56
277.257345 40.56
277.316577 40.56
277.392191 40.56
277.446054 40.56
277.505684 40.56
277.566933 40.56
277.633439 40.56
277.706687 40.56
277.771329 40.56
277.836092 40.56
277.896057 40.56
277.955370 40.56
278.005692 40.56
278.070328 40.56
278.125689 40.56
278.201062 40.56
278.276193 40.56
278.330693 40.56
278.396436 40.56
278.450692 40.56
278.515690 40.56
278.575196 40.56
278.629697 40.56
278.694690 40.56
278.755063 40.56
278.815694 40.56
278.881260 40.56
278.931691 40.56
278.995940 40.56
279.071085 40.56
279.137078 40.56
279.200946 40.56
279.260260 40.56
279.330076 40.56
279.394457 40.56
279.463941 40.56
279.523252 40.56
279.577697 40.56
279.642081 40.56
279.711484 40.56
279.781226 40.56
279.842470 40.56
279.908948 40.56
279.978263 40.56
280.034459 40.56
280.099081 40.56
280.154956 40.56
280.220086 40.56
280.281522 40.56
280.341247 40.56
280.400953 40.56
280.460482 40.56
280.535956 40.56
280.595477 40.56
280.660622 40.56
280.725595 40.56
280.795601 40.56
280.860615 40.56
280.920098 40.56
280.974613 40.56
281.034250 40.56
281.095338 40.56
281.160254 40.56
281.215582 40.56
281.274599 40.56
281.339088 40.56
281.392957 40.56
281.457342 40.56
281.536956 40.56
281.604615 40.56
281.668959 40.56
281.737840 40.56
281.797591 40.56
281.862595 40.56
281.927617 40.56
281.992485 40.56
282.062486 40.56
282.143258 40.56
282.204492 40.56
282.279970 40.56
282.349841 40.56
282.405974 40.56
282.464964 40.56
282.528965 40.56
282.588613 40.56
282.658117 40.56
282.712621 40.56
282.777362 40.56
282.847492 40.56
282.917846 40.56
282.982495 40.56
283.043618 40.56
283.107981 40.56
283.162630 40.56
283.227474 40.56
283.281603 40.56
283.342386 40.56
283.416971 40.56
283.480845 40.56
283.540845 40.56
283.604971 40.56
283.668846 40.56
283.732846 40.56
283.801847 40.56
283.865722 40.56
283.934973 40.56
283.993723 40.56
284.054506 40.56
284.119370 40.56
284.178638 40.56
284.233975 40.56
284.297851 40.56
284.367241 40.56
284.435851 40.56
284.504852 40.56
284.570229 40.56
284.634370 40.56
284.693229 40.56
284.749494 40.56
284.813258 40.56
284.882373 40.56
284.951136 40.56
285.025605 40.56
285.078981 40.56
285.137732 40.56
285.206857 40.56
285.270733 40.56
285.339607 40.56
285.392988 40.56
285.451988 40.56
285.515861 40.56
285.574863 40.56
285.639114 40.56
285.697988 40.56
285.761868 40.56
285.820864 40.56
285.894863 40.56
285.955740 40.56
286.024868 40.56
286.080746 40.56
286.140118 40.56
286.202637 40.56
286.266870 40.56
286.322618 40.56
286.391867 40.56
286.460742 40.56
286.534618 40.56
286.584138 40.56
286.642744 40.56
286.713129 40.56
286.764374 40.56
286.829004 40.56
286.894006 40.56
286.949372 40.56
287.013002 40.56
287.069879 40.56
287.125375 40.56
287.190398 40.56
287.255379 40.56
287.313758 40.56
287.387757 40.56
287.457880 40.56
287.511878 40.56
287.566128 40.56
287.630133 40.56
287.698757 40.56
287.763131 40.56
287.833403 40.56
287.898384 40.56
287.972636 40.56
288.047764 40.56
288.107016 40.56
288.161406 40.56
288.226261 40.56
288.292644 40.56
288.352281 40.56
288.427761 40.56
288.492010 40.56
288.546267 40.56
288.605896 40.56
288.660284 40.56
288.719890 40.56
288.778896 40.56
288.833421 40.56
288.898142 40.56
288.960537 40.56
289.032024 40.56
289.097894 40.56
289.157141 40.56
289.207014 40.56
289.263902 40.56
289.314314 40.56
289.375410 40.56
289.441411 40.56
289.510891 40.56
289.556767 40.56
289.615900 40.56
289.666324 40.56
289.731147 40.56
289.788024 40.56
289.839335 40.56
289.898019 40.56
289.978651 40.56
290.048899 40.56
290.104150 40.56
290.164780 40.56
290.219315 40.56
290.293776 40.56
290.348319 40.56
290.418335 40.56
290.483335 40.56
290.558558 40.56
290.618323 40.56
290.683324 40.56
290.748345 40.56
290.808349 40.56
290.875030 40.56
290.941328 40.56
291.011659 40.56
291.071322 40.56
291.131916 40.56
291.186030 40.56
291.245031 40.56
291.304215 40.56
291.378421 40.56
291.438162 40.56
291.497910 40.56
291.553669 40.56
291.608352 40.56
291.671044 40.56
291.725162 40.56
291.785669 40.56
291.841163 40.56
291.892919 40.56
291.952670 40.56
292.007166 40.56
292.062670 40.56
292.118931 40.56
292.183559 40.56
292.248169 40.56
292.313171 40.56
292.385911 40.56
292.454662 40.56
292.518551 40.56
292.578922 40.56
292.624665 40.56
292.688541 40.56
292.752559 40.56
292.824663 40.56
292.884174 40.56
292.943435 40.56
293.003931 40.56
293.062917 40.56
293.132669 40.56
293.191799 40.56
293.261674 40.56
293.320921 40.56
293.401586 40.56
293.471568 40.56
293.531179 40.56
293.596179 40.56
293.655679 40.56
293.709925 40.56
293.779566 40.56
293.848565 40.56
293.909314 40.56
293.978566 40.56
294.042566 40.56
294.112566 40.56
294.181566 40.56
294.245315 40.56
294.319564 40.56
294.383572 40.56
294.447318 40.56
294.512801 40.56
294.578569 40.56
294.642319 40.56
294.706569 40.56
294.775553 40.56
294.835699 40.56
294.890804 40.56
294.949570 40.56
295.013306 40.56
295.082339 40.56
295.156356 40.56
295.220324 40.56
295.269807 40.56
295.333683 40.56
295.392453 40.56
295.456586 40.56
295.515578 40.56
295.569592 40.56
295.624091 40.56
295.683350 40.56
295.748091 40.56
295.813088 40.56
295.864099 40.56
295.928950 40.56
296.009459 40.56
296.079695 40.56
296.140463 40.56
296.210480 40.56
296.280697 40.56
296.350703 40.56
296.410603 40.56
296.465082 40.56
296.531858 40.56
296.598856 40.56
296.677480 40.56
296.733862 40.56
296.793592 40.56
296.849892 40.56
296.915080 40.56
296.993482 40.56
297.047959 40.56
297.112952 40.56
297.172601 40.56
297.228890 40.56
297.288471 40.56
297.349880 40.56
297.409583 40.56
297.463953 40.56
297.531956 40.56
297.598714 40.56
297.658492 40.56
297.712957 40.56
297.777957 40.56
297.842705 40.56
297.908339 40.56
297.967956 40.56
298.023084 40.56
298.091958 40.56
298.144722 40.56
298.194347 40.56
298.268720 40.56
298.322345 40.56
298.386249 40.56
298.455349 40.56
298.514352 40.56
298.569352 40.56
298.633346 40.56
298.699491 40.56
298.753833 40.56
298.817583 40.56
298.876603 40.56
298.935226 40.56
298.999481 40.56
299.058838 40.56
299.117351 40.56
299.181239 40.56
299.250088 40.56
299.322840 40.56
299.381714 40.56
299.445716 40.56
299.510488 40.56
299.574216 40.56
299.635724 40.56
299.689972 40.56
299.749489 40.56
299.803286 40.56
299.862973 40.56
299.924280 40.56
299.994502 40.56
300.050725 40.56
300.110498 40.56
300.166725 40.56
300.220722 40.56
300.279720 40.56
300.338719 40.56
300.397720 40.56
300.461721 40.56
300.520721 40.56
300.579596 40.56
300.638597 40.56
300.689722 40.56
300.744722 40.56
300.803723 40.56
300.862599 40.56
300.919226 40.56
300.983353 40.56
301.037369 40.56
301.087228 40.56
301.156105 40.56
301.215294 40.56
301.275729 40.56
301.336360 40.56
301.391732 40.56
301.456232 40.56
301.520231 40.56
301.579733 40.56
301.643866 40.56
301.703508 40.56
301.758737 40.56
301.823111 40.56
301.887514 40.56
301.948235 40.56
302.009119 40.56
302.068736 40.56
302.132610 40.56
302.197236 40.56
302.256281 40.56
302.320532 40.56
302.387145 40.56
302.446492 40.56
302.500298 40.56
302.565298 40.56
302.624740 40.56
302.684291 40.56
302.738869 40.56
302.797632 40.56
302.856613 40.56
302.920614 40.56
302.993147 40.56
303.052117 40.56
303.116146 40.56
303.175257 40.56
303.229291 40.56
303.282993 40.56
303.343749 40.56
303.408747 40.56
303.473278 40.56
303.527757 40.56
303.587374 40.56
303.641387 40.56
303.694999 40.56
303.759245 40.56
303.818125 40.56
303.878750 40.56
303.944125 40.56
304.017398 40.56
304.071755 40.56
304.136248 40.56
304.195001 40.56
304.264125 40.56
304.319249 40.56
304.378128 40.56
304.433000 40.56
304.493756 40.56
304.560506 40.56
304.624629 40.56
304.690421 40.56
304.756165 40.56
304.816757 40.56
304.881633 40.56
304.951146 40.56
305.005761 40.56
305.070532 40.56
305.135321 40.56
305.191519 40.56
305.256009 40.56
305.317012 40.56
305.376638 40.56
305.445884 40.56
305.515148 40.56
305.569010 40.56
305.633009 40.56
305.697287 40.56
305.751138 40.56
305.807018 40.56
305.868394 40.56
305.932650 40.56
305.997644 40.56
306.076144 40.56
306.135649 40.56
306.200651 40.56
306.265643 40.56
306.325149 40.56
306.379648 40.56
306.439146 40.56
306.493650 40.56
306.558648 40.56
306.628656 40.56
306.693649 40.56
306.758668 40.56
306.820903 40.56
306.880658 40.56
306.951024 40.56
307.034671 40.56
307.094317 40.56
307.149659 40.56
307.214652 40.56
307.279673 40.56
307.339160 40.56
307.393653 40.56
307.458654 40.56
307.524908 40.56
307.584661 40.56
307.649545 40.56
307.725160 40.56
307.781411 40.56
307.846223 40.56
307.900659 40.56
307.965658 40.56
308.025226 40.56
308.079659 40.56
308.144659 40.56
308.209167 40.56
308.263660 40.56
308.328551 40.56
308.393033 40.56
308.457170 40.56
308.512908 40.56
308.577562 40.56
308.642556 40.56
308.707036 40.56
308.772040 40.56
308.826559 40.56
308.891573 40.56
308.956560 40.56
309.021561 40.56
309.093297 40.56
309.153042 40.56
309.207308 40.56
309.268045 40.56
309.322572 40.56
309.392436 40.56
309.451307 40.56
309.520799 40.56
309.576040 40.56
309.631565 40.56
309.691175 40.56
309.748294 40.56
309.813174 40.56
309.863438 40.56
309.933438 40.56
310.009047 40.56
310.063568 40.56
310.128181 40.56
310.193182 40.56
310.254048 40.56
310.319053 40.56
310.373573 40.56
310.443569 40.56
310.503054 40.56
310.567934 40.56
310.643455 40.56
310.708570 40.56
310.773571 40.56
310.833058 40.56
310.887323 40.56
310.948180 40.56
311.014808 40.56
311.076375 40.56
311.141054 40.56
311.202367 40.56
311.262086 40.56
311.321450 40.56
311.381083 40.56
311.433329 40.56
311.489059 40.56
311.562187 40.56
311.619689 40.56
311.684325 40.56
311.744061 40.56
311.804936 40.56
311.854809 40.56
311.918931 40.56
311.978060 40.56
312.027933 40.56
312.087459 40.56
312.143081 40.56
312.207811 40.56
312.273940 40.56
312.328461 40.56
312.393098 40.56
312.443461 40.56
312.509940 40.56
312.569086 40.56
312.624188 40.56
312.694374 40.56
312.754945 40.56
312.809461 40.56
312.868815 40.56
312.927940 40.56
312.981814 40.56
313.059816 40.56
313.129822 40.56
313.200085 40.56
313.278477 40.56
313.343474 40.56
313.403083 40.56
313.476469 40.56
313.541477 40.56
313.601079 40.56
313.662470 40.56
313.722363 40.56
313.783101 40.56
313.844473 40.56
313.909471 40.56
313.973822 40.56
314.045211 40.56
314.109823 40.56
314.174238 40.56
314.243826 40.56
314.321829 40.56
314.391477 40.56
314.445234 40.56
314.509960 40.56
314.566089 40.56
314.630955 40.56
314.691959 40.56
314.742269 40.56
314.802831 40.56
314.856962 40.56
314.907276 40.56
314.962836 40.56
315.017257 40.56
315.087277 40.56
315.157084 40.56
315.222707 40.56
315.281716 40.56
315.345832 40.56
315.401385 40.56
315.476712 40.56
315.541276 40.56
315.616720 40.56
315.692357 40.56
315.751967 40.56
315.816967 40.56
315.876282 40.56
315.951724 40.56
316.021966 40.56
316.081346 40.56
316.156722 40.56
316.216105 40.56
316.304727 40.56
316.374968 40.56
316.433964 40.56
316.487714 40.56
316.551714 40.56
316.615841 40.56
316.674716 40.56
316.738841 40.56
316.797843 40.56
316.851720 40.56
316.921251 40.56
316.980247 40.56
317.044720 40.56
317.108845 40.56
317.167852 40.56
317.227256 40.56
317.280973 40.56
317.330972 40.56
317.380973 40.56
317.430972 40.56
317.488496 40.56
317.548105 40.56
317.603367 40.56
317.656974 40.56
317.709734 40.56
317.768615 40.56
317.829294 40.56
317.885980 40.56
317.945104 40.56
318.000733 40.56
318.054980 40.56
318.118979 40.56
318.177977 40.56
318.241977 40.56
318.305977 40.56
318.369978 40.56
318.433979 40.56
318.497978 40.56
318.561979 40.56
318.625980 40.56
318.689980 40.56
318.753980 40.56
318.818122 40.56
318.882516 40.56
318.951633 40.56
319.017739 40.56
319.072114 40.56
319.141869 40.56
319.206749 40.56
319.267739 40.56
319.327300 40.56
319.392295 40.56
319.456614 40.56
319.516122 40.56
319.581189 40.56
319.640618 40.56
319.708638 40.56
319.769744 40.56
319.825130 40.56
319.886517 40.56
319.951622 40.56
320.010634 40.56
320.074755 40.56
320.133742 40.56
320.192120 40.56
320.245871 40.56
320.306385 40.56
320.375743 40.56
320.429515 40.56
320.494873 40.56
320.553386 40.56
320.622415 40.56
320.691518 40.56
320.755519 40.56
320.819747 40.56
320.879171 40.56
320.944129 40.56
320.997750 40.56
321.061749 40.56
321.121002 40.56
321.185006 40.56
321.249877 40.56
321.314629 40.56
321.368638 40.56
321.423007 40.56
321.487630 40.56
321.552139 40.56
321.617014 40.56
321.681757 40.56
321.736140 40.56
321.806527 40.56
321.875642 40.56
321.930158 40.56
322.000533 40.56
322.060018 40.56
322.135550 40.56
322.201886 40.56
322.267015 40.56
322.331638 40.56
322.390637 40.56
322.454526 40.56
322.523883 40.56
322.592884 40.56
322.661888 40.56
322.722292 40.56
322.791279 40.56
322.855278 40.56
322.910137 40.56
322.979535 40.56
323.043514 40.56
323.109795 40.56
323.169539 40.56
323.223410 40.56
323.282411 40.56
323.346653 40.56
323.396768 40.56
323.457145 40.56
323.509769 40.56
323.559895 40.56
323.623775 40.56
323.693896 40.56
323.763771 40.56
323.828027 40.56
323.898423 40.56
323.957648 40.56
324.016540 40.56
324.075770 40.56
324.149902 40.56
324.219651 40.56
324.278541 40.56
324.332545 40.56
324.386554 40.56
324.445776 40.56
324.515546 40.56
324.569547 40.56
324.633153 40.56
324.693291 40.56
324.757902 40.56
324.822425 40.56
324.892431 40.56
324.961780 40.56
325.026298 40.56
325.096157 40.56
325.160554 40.56
325.219913 40.56
325.284300 40.56
325.345340 40.56
325.410449 40.56
325.474426 40.56
325.538423 40.56
325.592300 40.56
325.666551 40.56
325.725426 40.56
325.784660 40.56
325.834784 40.56
325.898676 40.56
325.962660 40.56
326.022786 40.56
326.077917 40.56
326.142162 40.56
326.201304 40.56
326.265304 40.56
326.329180 40.56
326.388431 40.56
326.442167 40.56
326.506319 40.56
326.572174 40.56
326.636792 40.56
326.692917 40.56
326.743929 40.56
326.808309 40.56
326.868923 40.56
326.928579 40.56
326.984206 40.56
327.044927 40.56
327.115367 40.56
327.169798 40.56
327.239926 40.56
327.304817 40.56
327.376683 40.56
327.436468 40.56
327.501339 40.56
327.565675 40.56
327.642682 40.56
327.712191 40.56
327.771930 40.56
327.836929 40.56
327.912361 40.56
327.966811 40.56
328.026324 40.56
328.087748 40.56
328.152809 40.56
328.212181 40.56
328.278055 40.56
328.339056 40.56
328.400192 40.56
328.465194 40.56
328.530326 40.56
328.584451 40.56
328.643814 40.56
328.708326 40.56
328.767812 40.56
328.836810 40.56
328.895571 40.56
328.971585 40.56
329.031355 40.56
329.090811 40.56
329.155376 40.56
329.219562 40.56
329.289457 40.56
329.350587 40.56
329.415358 40.56
329.470818 40.56
329.535817 40.56
329.595460 40.56
329.641346 40.56
329.697098 40.56
329.761078 40.56
329.820583 40.56
329.890462 40.56
329.945457 40.56
330.004072 40.56
330.068821 40.56
330.133352 40.56
330.187387 40.56
330.246191 40.56
330.310463 40.56
330.372574 40.56
330.438224 40.56
330.497700 40.56
330.559092 40.56
330.628821 40.56
330.690082 40.56
330.749706 40.56
330.819700 40.56
330.889077 40.56
330.949950 40.56
331.014353 40.56
331.068703 40.56
331.128080 40.56
331.197577 40.56
331.262486 40.56
331.327082 40.56
331.386239 40.56
331.440340 40.56
331.499579 40.56
331.565263 40.56
331.619715 40.56
331.679353 40.56
331.743595 40.56
331.812236 40.56
331.866080 40.56
331.935596 40.56
332.010082 40.56
332.070712 40.56
332.130255 40.56
332.180245 40.56
332.241144 40.56
332.307283 40.56
332.357588 40.56
332.422267 40.56
332.478472 40.56
332.538091 40.56
332.597592 40.56
332.662272 40.56
332.721714 40.56
332.786610 40.56
332.856713 40.56
332.931092 40.56
332.997128 40.56
333.050963 40.56
333.120092 40.56
333.180359 40.56
333.240602 40.56
333.312490 40.56
333.377095 40.56
333.431095 40.56
333.506093 40.56
333.566967 40.56
333.631362 40.56
333.687258 40.56
333.747969 40.56
333.813102 40.56
333.867600 40.56
333.933981 40.56
333.995485 40.56
334.055264 40.56
334.124979 40.56
334.186357 40.56
334.242147 40.56
334.293855 40.56
334.350860 40.56
334.409976 40.56
334.468976 40.56
334.528114 40.56
334.587100 40.56
334.641286 40.56
334.696979 40.56
334.756503 40.56
334.830977 40.56
334.891859 40.56
334.960986 40.56
335.023358 40.56
335.088278 40.56
335.138108 40.56
335.196979 40.56
335.271980 40.56
335.335981 40.56
335.395113 40.56
335.459245 40.56
335.509506 40.56
335.581235 40.56
335.630983 40.56
335.690616 40.56
335.755489 40.56
335.816396 40.56
335.886537 40.56
335.951490 40.56
336.026993 40.56
336.091629 40.56
336.150377 40.56
336.214378 40.56
336.283379 40.56
336.347378 40.56
336.411266 40.56
336.473113 40.56
336.531987 40.56
336.605988 40.56
336.679864 40.56
336.743988 40.56
336.802989 40.56
336.861865 40.56
336.926181 40.56
336.979867 40.56
337.049999 40.56
337.104517 40.56
337.168881 40.56
337.230252 40.56
337.290001 40.56
337.344376 40.56
337.410519 40.56
337.475522 40.56
337.539874 40.56
337.604010 40.56
337.658267 40.56
337.727881 40.56
337.792881 40.56
337.862876 40.56
337.922525 40.56
337.987526 40.56
338.047003 40.56
338.101529 40.56
338.166527 40.56
338.236665 40.56
338.306882 40.56
338.366528 40.56
338.436397 40.56
338.490004 40.56
338.544131 40.56
338.603130 40.56
338.667883 40.56
338.737882 40.56
338.798766 40.56
338.858432 40.56
338.927883 40.56
338.987539 40.56
339.054266 40.56
339.118886 40.56
339.178534 40.56
339.243532 40.56
339.308148 40.56
339.369534 40.56
339.434534 40.56
339.493888 40.56
339.558541 40.56
339.622760 40.56
339.691761 40.56
339.760761 40.56
339.824762 40.56
339.888887 40.56
339.945641 40.56
340.014764 40.56
340.078889 40.56
340.148290 40.56
340.206764 40.56
340.265765 40.56
340.320765 40.56
340.384641 40.56
340.448771 40.56
340.514147 40.56
340.577769 40.56
340.646646 40.56
340.710907 40.56
340.765419 40.56
340.830278 40.56
340.891034 40.56
340.956034 40.56
341.021027 40.56
341.071152 40.56
341.141035 40.56
341.210647 40.56
341.280781 40.56
341.355653 40.56
341.420036 40.56
341.485030 40.56
341.550031 40.56
341.625430 40.56
341.690435 40.56
341.749655 40.56
341.825034 40.56
341.889908 40.56
341.956168 40.56
342.015909 40.56
342.070429 40.56
342.135343 40.56
342.195034 40.56
342.251037 40.56
342.320533 40.56
342.375542 40.56
342.430657 40.56
342.502172 40.56
342.566786 40.56
342.632411 40.56
342.691177 40.56
342.760787 40.56
342.814661 40.56
342.880792 40.56
342.935336 40.56
342.995790 40.56
343.051341 40.56
343.117673 40.56
343.182167 40.56
343.238792 40.56
343.292799 40.56
343.342792 40.56
343.401682 40.56
343.465798 40.56
343.524665 40.56
343.588680 40.56
343.647790 40.56
343.701541 40.56
343.770681 40.56
343.834669 40.56
343.898542 40.56
343.967795 40.56
344.021672 40.56
344.085679 40.56
344.155799 40.56
344.216924 40.56
344.266798 40.56
344.325688 40.56
344.391672 40.56
344.455675 40.56
344.514673 40.56
344.574050 40.56
344.643931 40.56
344.708686 40.56
344.783677 40.56
344.853931 40.56
344.918811 40.56
344.973055 40.56
345.043355 40.56
345.104354 40.56
345.163680 40.56
345.238054 40.56
345.302572 40.56
345.368461 40.56
345.428183 40.56
345.489454 40.56
345.548571 40.56
345.617818 40.56
345.687573 40.56
345.753451 40.56
345.818362 40.56
345.882698 40.56
345.937062 40.56
345.999438 40.56
346.063696 40.56
346.118260 40.56
346.183190 40.56
346.241935 40.56
346.316330 40.56
346.374935 40.56
346.438939 40.56
346.513564 40.56
346.572698 40.56
346.637821 40.56
346.702586 40.56
346.762238 40.56
346.827088 40.56
346.896695 40.56
346.951251 40.56
347.016247 40.56
347.071462 40.56
347.141822 40.56
347.211084 40.56
347.275705 40.56
347.336699 40.56
347.393700 40.56
347.454957 40.56
347.530611 40.56
347.590079 40.56
347.651478 40.56
347.711091 40.56
347.776082 40.56
347.837470 40.56
347.897090 40.56
347.961591 40.56
348.021086 40.56
348.082474 40.56
348.147097 40.56
348.208374 40.56
348.268091 40.56
348.319086 40.56
348.380377 40.56
348.440095 40.56
348.504830 40.56
348.552084 40.56
348.606097 40.56
348.664703 40.56
348.723963 40.56
348.789958 40.56
348.848830 40.56
348.914962 40.56
348.968705 40.56
349.023859 40.56
349.069359 40.56
349.121888 40.56
349.175707 40.56
349.229348 40.56
349.288347 40.56
349.352834 40.56
349.426834 40.56
349.485966 40.56
349.560351 40.56
349.624370 40.56
349.688712 40.56
349.752359 40.56
349.821368 40.56
349.885339 40.56
349.954971 40.56
350.026847 40.56
350.096481 40.56
350.165355 40.56
350.229714 40.56
350.293487 40.56
350.357494 40.56
350.421467 40.56
350.485843 40.56
350.549978 40.56
350.614362 40.56
350.678848 40.56
350.748848 40.56
350.814352 40.56
350.878849 40.56
350.945262 40.56
351.016895 40.56
351.081640 40.56
351.136347 40.56
351.204973 40.56
351.270114 40.56
351.323724 40.56
351.376725 40.56
351.430622 40.56
351.484224 40.56
351.543498 40.56
351.602981 40.56
351.656351 40.56
351.726728 40.56
351.785371 40.56
351.854240 40.56
351.918370 40.56
351.978731 40.56
352.052987 40.56
352.117982 40.56
352.182857 40.56
352.241985 40.56
352.306653 40.56
352.356858 40.56
352.420858 40.56
352.490395 40.56
352.559111 40.56
352.609856 40.56
352.668363 40.56
352.742110 40.56
352.806251 40.56
352.865238 40.56
352.924501 40.56
352.988268 40.56
353.047253 40.56
353.121521 40.56
353.175993 40.56
353.240365 40.56
353.309410 40.56
353.368525 40.56
353.422740 40.56
353.481872 40.56
353.541511 40.56
353.597290 40.56
353.666365 40.56
353.730117 40.56
353.794742 40.56
353.863867 40.56
353.919125 40.56
353.988118 40.56
354.042992 40.56
354.097997 40.56
354.152993 40.56
354.211619 40.56
354.262993 40.56
354.327122 40.56
354.396748 40.56
354.455749 40.56
354.505622 40.56
354.564748 40.56
354.625153 40.56
354.689153 40.56
354.753153 40.56
354.817124 40.56
354.881124 40.56
354.936124 40.56
355.000154 40.56
355.055250 40.56
355.119126 40.56
355.174250 40.56
355.238128 40.56
355.293127 40.56
355.357128 40.56
355.412252 40.56
355.476129 40.56
355.545628 40.56
355.609753 40.56
355.673646 40.56
355.737689 40.56
355.812133 40.56
355.882317 40.56
355.947146 40.56
356.011760 40.56
356.087309 40.56
356.143641 40.56
356.208424 40.56
356.262890 40.56
356.324013 40.56
356.388764 40.56
356.448414 40.56
356.504670 40.56
356.564160 40.56
356.623284 40.56
356.682675 40.56
356.747172 40.56
356.806773 40.56
356.871776 40.56
356.932660 40.56
357.002775 40.56
357.067902 40.56
357.128645 40.56
357.198774 40.56
357.263777 40.56
357.328289 40.56
357.382775 40.56
357.442414 40.56
357.496650 40.56
357.562777 40.56
357.629533 40.56
357.689152 40.56
357.754156 40.56
357.820420 40.56
357.870776 40.56
357.954328 40.56
358.019338 40.56
358.073780 40.56
358.133295 40.56
358.183292 40.56
358.238783 40.56
358.303562 40.56
358.373781 40.56
358.440536 40.56
358.500028 40.56
358.564153 40.56
358.626539 40.56
358.701314 40.56
358.765546 40.56
358.831907 40.56
358.901159 40.56
358.960157 40.56
359.026532 40.56
359.092541 40.56
359.152325 40.56
359.206662 40.56
359.276177 40.56
359.337033 40.56
359.401556 40.56
359.462034 40.56
359.526035 40.56
359.585161 40.56
359.643911 40.56
359.708667 40.56
359.768350 40.56
359.825427 40.56
359.900038 40.56
359.964352 40.56
360.024428 40.56
360.088431 40.56
360.152674 40.56
360.212183 40.56
360.276669 40.56
360.342211 40.56
360.406292 40.56
360.461677 40.56
360.532053 40.56
360.598046 40.56
360.657677 40.56
360.728056 40.56
360.803673 40.56
360.859178 40.56
360.913566 40.56
360.979676 40.56
361.044174 40.56
361.103047 40.56
361.162549 40.56
361.223184 40.56
361.288178 40.56
361.347682 40.56
361.401050 40.56
361.476573 40.56
361.552091 40.56
361.622053 40.56
361.697050 40.56
361.766927 40.56
361.832932 40.56
361.891929 40.56
361.956574 40.56
362.015685 40.56
362.074931 40.56
362.134590 40.56
362.199081 40.56
362.253578 40.56
362.329062 40.56
362.388320 40.56
362.445581 40.56
362.510566 40.56
362.582368 40.56
362.637810 40.56
362.702193 40.56
362.757562 40.56
362.817088 40.56
362.876472 40.56
362.936937 40.56
363.000934 40.56
363.064809 40.56
363.129187 40.56
363.183085 40.56
363.237458 40.56
363.307440 40.56
363.382604 40.56
363.447460 40.56
363.507814 40.56
363.576937 40.56
363.640938 40.56
363.705459 40.56
363.785357 40.56
363.860592 40.56
363.943569 40.56
364.003942 40.56
364.073820 40.56
364.137818 40.56
364.201817 40.56
364.276945 40.56
364.342823 40.56
364.407353 40.56
364.477353 40.56
364.566255 40.56
364.636467 40.56
364.706574 40.56
364.765951 40.56
364.849469 40.56
364.908472 40.56
364.973473 40.56
365.045378 40.56
365.109589 40.56
365.168081 40.56
365.226949 40.56
365.290950 40.56
365.349951 40.56
365.408827 40.56
365.472952 40.56
365.535226 40.56
365.597252 40.56
365.656235 40.56
365.716962 40.56
365.771485 40.56
365.831087 40.56
365.886242 40.56
365.951832 40.