0.000000 0.000000
0.090424 0.87
0.150140 0.87
0.208760 0.86
0.272258 0.87
0.332257 0.87
0.395756 0.88
0.459256 0.88
0.519258 0.87
0.579258 0.87
0.639258 0.87
0.697634 0.87
0.768146 0.87
0.843918 0.87
0.898426 0.87
0.958146 0.87
1.024142 0.87
1.099014 0.87
1.154013 0.87
1.209014 0.87
1.264014 0.87
1.319015 0.87
1.374166 0.88
1.439150 0.79
1.505145 0.78
1.570659 0.78
1.645016 0.78
1.700017 0.79
1.755018 0.79
1.819018 0.78
1.883018 0.79
1.938019 0.79
2.002019 0.79
2.066020 0.79
2.124910 0.79
2.193521 0.79
2.262146 0.79
2.325661 0.79
2.399661 0.79
2.473664 0.79
2.547663 0.79
2.621523 0.79
2.690149 0.79
2.753666 0.78
2.827525 0.78
2.892667 0.79
2.966526 0.79
3.027152 0.78
3.087528 0.79
3.158153 0.79
3.209279 0.79
3.260529 0.78
3.324029 0.79
3.382530 0.79
3.448030 0.79
3.506530 0.80
3.572031 0.79
3.630531 0.79
3.704533 0.79
3.778533 0.79
3.849033 0.78
3.907548 0.79
3.981548 0.79
4.055551 0.78
4.129551 0.78
4.203801 0.78
4.272552 0.78
4.341551 0.79
4.415551 0.79
4.489553 0.78
4.563805 0.79
4.627805 0.79
4.691805 0.79
4.755803 0.79
4.824556 0.79
4.893807 0.78
4.962807 0.79
5.031568 0.79
5.100683 0.78
5.169557 0.79
5.243557 0.79
5.317683 0.79
5.386560 0.79
5.455811 0.79
5.524562 0.79
5.593812 0.79
5.657813 0.78
5.721810 0.79
5.785814 0.78
5.854564 0.78
5.923812 0.78
5.992566 0.79
6.061566 0.79
6.120050 0.79
6.185689 0.79
6.249427 0.79
6.318940 0.79
6.377427 0.78
6.446578 0.79
6.506928 0.79
6.565429 0.79
6.634454 0.79
6.698430 0.79
6.767581 0.79
6.828056 0.79
6.893432 0.79
6.957459 0.79
7.021433 0.79
7.090558 0.79
7.148932 0.79
7.212434 0.79
7.275933 0.79
7.339435 0.79
7.408059 0.79
7.466439 0.79
7.540310 0.79
7.608936 0.79
7.672437 0.79
7.735936 0.78
7.799438 0.79
7.862937 0.79
7.926438 0.79
7.989938 0.79
8.053440 0.79
8.116939 0.78
8.180565 0.80
8.238940 0.78
8.302442 0.79
8.365941 0.79
8.429443 0.79
8.492942 0.79
8.552943 0.78
8.616444 0.79
8.679943 0.79
8.739944 0.79
8.800069 0.78
8.854944 0.79
8.914945 0.78
8.975071 0.78
9.028321 0.79
9.088448 0.79
9.151947 0.79
9.206822 0.79
9.270322 0.79
9.326573 0.80
9.381073 0.79
9.434324 0.79
9.486699 0.79
9.536075 0.79
9.589451 0.79
9.636701 0.78
9.689951 0.79
9.748326 0.79
9.800702 0.79
9.860329 0.79
9.923828 0.78
9.987328 0.79
10.039704 0.78
10.099330 0.78
10.162829 0.79
10.226330 0.78
10.289830 0.79
10.353331 0.79
10.416831 0.79
10.480331 0.79
10.543832 0.78
10.607333 0.79
10.670959 0.79
10.729334 0.79
10.792834 0.79
10.856334 0.79
10.919836 0.79
10.983335 0.78
11.046836 0.79
11.110336 0.79
11.173837 0.78
11.237337 0.79
11.300963 0.79
11.355839 0.79
11.415839 0.79
11.479339 0.79
11.542854 0.79
11.602982 0.79
11.666857 0.79
11.721732 0.79
11.793857 0.78
11.862732 0.79
11.921218 0.78
11.998860 0.79
12.067860 0.79
12.136860 0.79
12.205736 0.79
12.264221 0.79
12.341748 0.79
12.410737 0.79
12.469351 0.79
12.538223 0.79
12.601723 0.79
12.665223 0.78
12.717599 0.79
12.768226 0.79
12.831724 0.78
12.895224 0.79
12.958725 0.78
13.022226 0.79
13.099102 0.79
13.167726 0.79
13.231227 0.78
13.294728 0.79
13.358228 0.79
13.435104 0.78
13.495229 0.79
13.558730 0.78
13.622230 0.79
13.685731 0.78
13.749231 0.78
13.812731 0.79
13.876232 0.79
13.939858 0.79
13.998233 0.79
14.061734 0.79
14.125233 0.79
14.188735 0.78
14.248735 0.79
14.312235 0.79
14.375736 0.79
14.435736 0.79
14.495737 0.78
14.550737 0.79
14.610738 0.79
14.665613 0.79
14.729114 0.78
14.789239 0.78
14.852740 0.79
14.905117 0.79
14.968615 0.78
15.032116 0.79
15.088368 0.79
15.142867 0.79
15.196117 0.79
15.248493 0.79
15.299120 0.78
15.362619 0.79
15.426119 0.78
15.489620 0.78
15.553120 0.79
15.616620 0.79
15.680120 0.79
15.743621 0.79
15.807122 0.79
15.870622 0.79
15.934122 0.79
15.997623 0.78
16.061124 0.78
16.124624 0.78
16.188124 0.79
16.262000 0.79
16.330626 0.79
16.394126 0.79
16.457626 0.79
16.521126 0.79
16.584628 0.79
16.648128 0.78
16.711628 0.79
16.775129 0.79
16.838629 0.78
16.902130 0.79
16.976005 0.79
17.041131 0.78
17.104631 0.78
17.164632 0.80
17.224632 0.79
17.284633 0.78
17.344633 0.79
17.404634 0.78
17.459509 0.79
17.523009 0.78
17.588135 0.79
17.662011 0.79
17.714387 0.79
17.767636 0.79
17.822512 0.79
17.886012 0.79
17.942263 0.78
17.998015 0.78
18.061513 0.79
18.125014 0.79
18.177391 0.79
18.228016 0.79
18.291515 0.79
18.355016 0.79
18.418516 0.79
18.482016 0.79
18.545517 0.79
18.609017 0.79
18.661394 0.79
18.715893 0.79
18.784519 0.79
18.848019 0.79
18.911520 0.80
18.975020 0.79
19.038521 0.78
19.102021 0.78
19.175897 0.79
19.244522 0.79
19.308023 0.79
19.371524 0.79
19.435023 0.79
19.498524 0.78
19.562024 0.79
19.625525 0.79
19.689026 0.78
19.752526 0.79
19.816027 0.79
19.889903 0.79
19.955028 0.79
20.018528 0.78
20.078528 0.78
20.138529 0.79
20.198530 0.79
20.258530 0.79
20.313406 0.78
20.376906 0.79
20.437031 0.78
20.492032 0.79
20.547032 0.79
20.602032 0.79
20.657032 0.79
20.704283 0.79
20.757534 0.78
20.812411 0.78
20.875909 0.79
20.928285 0.79
20.977661 0.79
21.030911 0.78
21.083286 0.79
21.132662 0.79
21.185912 0.79
21.238287 0.79
21.288914 0.79
21.352414 0.79
21.415914 0.78
21.479416 0.79
21.542915 0.79
21.606416 0.79
21.669915 0.79
21.733417 0.79
21.796917 0.79
21.860417 0.79
21.923918 0.79
21.987418 0.79
22.045918 0.79
22.109420 0.79
22.172919 0.79
22.236421 0.79
22.299920 0.79
22.363422 0.79
22.426921 0.79
22.490422 0.78
22.553922 0.79
22.617450 0.79
22.677454 0.79
22.732452 0.79
22.792450 0.79
22.847453 0.78
22.911577 0.79
22.970454 0.79
23.034454 0.79
23.098452 0.79
23.159830 0.79
23.213453 0.78
23.277455 0.79
23.336456 0.80
23.397830 0.79
23.451457 0.79
23.515579 0.79
23.579431 0.79
23.643431 0.79
23.707458 0.79
23.771433 0.78
23.836824 0.79
23.890434 0.78
23.954435 0.79
24.015813 0.79
24.075813 0.79
24.139827 0.79
24.208823 0.79
24.273703 0.78
24.329186 0.79
24.383826 0.79
24.457952 0.79
24.532312 0.78
24.596313 0.78
24.655064 0.79
24.719064 0.78
24.788190 0.79
24.852315 0.79
24.916315 0.79
24.981957 0.79
25.050955 0.79
25.119958 0.79
25.183706 0.79
25.252959 0.79
25.311445 0.79
25.371959 0.79
25.440960 0.79
25.505070 0.78
25.563961 0.79
25.633070 0.79
25.697071 0.79
25.760963 0.79
25.829964 0.79
25.893962 0.80
25.962964 0.79
26.031965 0.80
26.090451 0.79
26.154325 0.79
26.223325 0.79
26.283325 0.78
26.352327 0.78
26.407077 0.79
26.465967 0.79
26.534968 0.79
26.603971 0.79
26.659710 0.78
26.713329 0.79
26.782330 0.79
26.840972 0.78
26.909972 0.79
26.978969 0.79
27.047973 0.79
27.103714 0.78
27.172975 0.78
27.236972 0.78
27.292715 0.78
27.346333 0.79
27.405084 0.78
27.468976 0.79
27.532974 0.79
27.602086 0.79
27.665852 0.79
27.739853 0.79
27.813853 0.79
27.882593 0.79
27.937855 0.79
27.996213 0.79
28.059713 0.79
28.123213 0.80
28.186715 0.79
28.250214 0.79
28.313715 0.78
28.377215 0.79
28.440717 0.79
28.514859 0.79
28.583858 0.79
28.643595 0.79
28.698984 0.78
28.767620 0.79
28.824095 0.79
28.882859 0.79
28.946861 0.79
29.010987 0.79
29.065622 0.78
29.134623 0.79
29.207223 0.79
29.271098 0.79
29.329625 0.78
29.394625 0.78
29.458865 0.79
29.518627 0.80
29.592626 0.79
29.661865 0.79
29.731102 0.79
29.789743 0.78
29.858503 0.79
29.927103 0.79
29.980629 0.79
30.054870 0.79
30.118871 0.78
30.187870 0.79
30.256631 0.79
30.320870 0.79
30.389508 0.79
30.444872 0.79
30.513635 0.79
30.588108 0.79
30.653633 0.79
30.727507 0.78
30.782876 0.79
30.851511 0.79
30.906875 0.78
30.975638 0.78
31.049637 0.79
31.123512 0.79
31.182237 0.79
31.252113 0.80
31.322490 0.79
31.387491 0.79
31.452239 0.79
31.521115 0.79
31.584990 0.80
31.643641 0.79
31.707517 0.79
31.781632 0.79
31.841993 0.79
31.900519 0.79
31.969518 0.79
32.033519 0.79
32.102520 0.78
32.167995 0.79
32.226522 0.79
32.300521 0.79
32.374523 0.80
32.444997 0.78
32.503636 0.79
32.567647 0.79
32.636523 0.79
32.705524 0.79
32.779526 0.79
32.848527 0.79
32.922516 0.79
32.983502 0.79
33.047000 0.79
33.110501 0.79
33.174002 0.79
33.237502 0.79
33.301003 0.79
33.364503 0.79
33.428004 0.79
33.491504 0.79
33.555005 0.79
33.618505 0.79
33.682005 0.79
33.745506 0.78
33.809006 0.79
33.864006 0.79
33.919006 0.79
33.979008 0.78
34.039008 0.80
34.099009 0.79
34.159009 0.78
34.219010 0.78
34.282510 0.78
34.346010 0.79
34.400886 0.79
34.464387 0.79
34.529512 0.79
34.589137 0.79
34.642389 0.80
34.702513 0.79
34.757513 0.79
34.812513 0.80
34.859764 0.78
34.910391 0.79
34.973890 0.79
35.037392 0.79
35.089766 0.79
35.139140 0.78
35.192392 0.79
35.244767 0.79
35.295393 0.78
35.358892 0.79
35.422394 0.79
35.485893 0.79
35.549395 0.79
35.612895 0.79
35.676520 0.79
35.734895 0.79
35.798398 0.79
35.861897 0.79
35.925399 0.79
35.988897 0.79
36.052399 0.79
36.115898 0.79
36.179400 0.78
36.242899 0.79
36.306525 0.78
36.364900 0.79
36.428402 0.78
36.491902 0.79
36.555403 0.79
36.618901 0.78
36.682404 0.79
36.745903 0.78
36.805904 0.78
36.865904 0.79
36.926029 0.79
36.980904 0.79
37.040906 0.78
37.101031 0.78
37.155906 0.79
37.215907 0.79
37.276032 0.79
37.329282 0.78
37.389409 0.79
37.444409 0.79
37.499410 0.79
37.554410 0.78
37.601660 0.78
37.651034 0.79
37.704286 0.79
37.756661 0.79
37.809911 0.79
37.868287 0.78
37.928413 0.79
37.986788 0.79
38.050288 0.79
38.113788 0.79
38.177288 0.79
38.240790 0.79
38.304290 0.78
38.367791 0.79
38.431291 0.79
38.494791 0.79
38.558292 0.79
38.621917 0.79
38.680292 0.78
38.743794 0.79
38.807293 0.79
38.870794 0.79
38.934294 0.79
38.997795 0.79
39.061295 0.79
39.124796 0.79
39.188296 0.79
39.251922 0.78
39.317173 0.78
39.377298 0.78
39.440923 0.79
39.506173 0.78
39.566299 0.79
39.629925 0.79
39.684800 0.79
39.744801 0.78
39.808301 0.79
39.869205 0.79
39.923927 0.78
39.989203 0.79
40.040456 0.79
40.104179 0.79
40.173304 0.79
40.237305 0.79
40.301305 0.79
40.370181 0.79
40.422572 0.79
40.481306 0.80
40.545307 0.79
40.609308 0.79
40.678184 0.79
40.747309 0.78
40.811309 0.79
40.875309 0.79
40.944185 0.79
41.007936 0.79
41.066826 0.79
41.130828 0.79
41.194830 0.80
41.258828 0.80
41.332703 0.78
41.386314 0.80
41.455189 0.79
41.518953 0.79
41.582829 0.79
41.646831 0.79
41.710832 0.79
41.774831 0.79
41.838709 0.79
41.897317 0.79
41.966193 0.80
42.040068 0.78
42.095319 0.80
42.153960 0.79
42.207448 0.79
42.262960 0.79
42.321714 0.80
42.376960 0.79
42.426960 0.79
42.476963 0.79
42.526963 0.79
42.582322 0.79
42.633100 0.79
42.686715 0.79
42.741949 0.79
42.791964 0.79
42.841965 0.79
42.897325 0.78
42.953102 0.79
43.004451 0.79
43.068077 0.79
43.124453 0.79
43.188327 0.80
43.244078 0.79
43.291454 0.79
43.350204 0.78
43.397455 0.79
43.461203 0.79
43.517081 0.79
43.573105 0.79
43.633080 0.79
43.685457 0.78
43.739081 0.79
43.813082 0.79
43.874083 0.79
43.943208 0.80
44.012334 0.79
44.076208 0.79
44.145334 0.79
44.204084 0.79
44.278085 0.78
44.341851 0.78
44.395087 0.79
44.458602 0.78
44.522087 0.78
44.585603 0.79
44.649088 0.79
44.712603 0.79
44.776089 0.79
44.842617 0.79
44.901090 0.79
44.964614 0.79
45.030092 0.79
45.093615 0.79
45.157092 0.79
45.231092 0.78
45.294618 0.79
45.349469 0.78
45.413094 0.78
45.468218 0.79
45.531969 0.79
45.591970 0.80
45.652095 0.79
45.707221 0.79
45.765623 0.78
45.820472 0.78
45.883972 0.79
45.936350 0.79
45.999973 0.78
46.074099 0.80
46.147974 0.79
46.209002 0.79
46.265003 0.79
46.312354 0.78
46.376101 0.79
46.436977 0.79
46.492978 0.79
46.549003 0.79
46.609102 0.78
46.669980 0.79
46.725980 0.78
46.781980 0.79
46.842104 0.78
46.915359 0.79
46.974106 0.79
47.043106 0.79
47.117231 0.79
47.186107 0.79
47.255107 0.79
47.319109 0.79
47.393109 0.79
47.457109 0.79
47.526109 0.80
47.603634 0.79
47.667512 0.79
47.732986 0.79
47.802112 0.78
47.865987 0.79
47.934987 0.79
48.004003 0.79
48.073113 0.78
48.137114 0.79
48.205990 0.79
48.270115 0.79
48.342642 0.79
48.392641 0.79
48.442517 0.78
48.497518 0.79
48.554117 0.78
48.612492 0.79
48.667369 0.78
48.730868 0.79
48.790993 0.79
48.845994 0.79
48.901260 0.79
48.951626 0.79
49.011910 0.79
49.059248 0.79
49.105247 0.79
49.164247 0.79
49.214633 0.79
49.275253 0.79
49.325251 0.78
49.371250 0.79
49.421250 0.79
49.476250 0.78
49.526540 0.78
49.591907 0.79
49.656127 0.79
49.720002 0.79
49.784132 0.79
49.848415 0.78
49.912535 0.79
49.976530 0.79
50.040409 0.79
50.110133 0.78
50.169256 0.79
50.228131 0.79
50.292255 0.79
50.358262 0.79
50.419423 0.79
50.489008 0.79
50.553008 0.79
50.617134 0.79
50.682144 0.78
50.736555 0.79
50.795424 0.78
50.859543 0.79
50.918415 0.79
50.988272 0.79
51.053141 0.80
51.112138 0.79
51.171138 0.79
51.230138 0.79
51.289428 0.79
51.353529 0.78
51.418014 0.79
51.478139 0.80
51.537148 0.79
51.587569 0.79
51.643518 0.78
51.702422 0.78
51.762543 0.79
51.822844 0.79
51.878571 0.78
51.938147 0.78
51.997145 0.78
52.056145 0.79
52.115145 0.78
52.165572 0.79
52.219431 0.79
52.284801 0.79
52.339800 0.79
52.394799 0.79
52.449811 0.78
52.510274 0.78
52.585023 0.79
52.645148 0.78
52.704155 0.78
52.768275 0.79
52.832427 0.79
52.901667 0.79
52.973026 0.79
53.043284 0.79
53.104445 0.79
53.168670 0.79
53.234669 0.79
53.298909 0.78
53.353158 0.79
53.414481 0.79
53.474166 0.78
53.539159 0.79
53.598285 0.78
53.660292 0.79
53.735938 0.78
53.790478 0.79
53.850169 0.79
53.920291 0.79
53.995291 0.78
54.059784 0.79
54.123909 0.79
54.178450 0.78
54.238726 0.79
54.299164 0.79
54.362803 0.78
54.432288 0.79
54.496287 0.79
54.571038 0.78
54.629914 0.78
54.690038 0.79
54.745039 0.78
54.800044 0.79
54.854664 0.78
54.919807 0.79
54.989041 0.78
55.044041 0.78
55.098921 0.78
55.168292 0.78
55.237295 0.79
55.312293 0.78
55.377697 0.79
55.441843 0.78
55.505669 0.79
55.569170 0.78
55.627800 0.79
55.696575 0.78
55.752047 0.79
55.816177 0.79
55.880047 0.79
55.944048 0.78
55.998048 0.79
56.061592 0.79
56.130812 0.79
56.194816 0.78
56.263832 0.78
56.327568 0.79
56.388050 0.79
56.451554 0.78
56.512177 0.78
56.577553 0.79
56.632694 0.79
56.686054 0.78
56.749572 0.79
56.823556 0.79
56.888696 0.79
56.949305 0.78
57.018822 0.79
57.077182 0.79
57.135824 0.79
57.199937 0.80
57.253701 0.78
57.309597 0.79
57.373824 0.79
57.438059 0.78
57.491560 0.78
57.561310 0.79
57.630060 0.79
57.693563 0.79
57.767578 0.79
57.833062 0.79
57.891825 0.79
57.955702 0.78
58.024828 0.79
58.080569 0.78
58.135571 0.79
58.194194 0.78
58.253196 0.78
58.312191 0.79
58.381566 0.79
58.445066 0.79
58.508569 0.79
58.582835 0.78
58.651589 0.79
58.720585 0.78
58.789820 0.78
58.853713 0.78
58.922588 0.78
58.996586 0.78
59.070586 0.79
59.144589 0.79
59.218822 0.79
59.287573 0.78
59.356592 0.79
59.421949 0.79
59.485605 0.80
59.554451 0.79
59.623200 0.78
59.674200 0.79
59.739951 0.78
59.803600 0.79
59.864077 0.79
59.914952 0.79
59.973480 0.78
60.042455 0.79
60.108079 0.79
60.168205 0.78
60.213955 0.79
60.272598 0.78
60.333081 0.79
60.402081 0.79
60.463504 0.78
60.533083 0.79
60.591732 0.78
60.642961 0.79
60.706487 0.79
60.775459 0.78
60.849852 0.79
60.913461 0.78
60.982461 0.78
61.056601 0.79
61.125603 0.79
61.194587 0.78
61.252963 0.79
61.316463 0.79
61.385464 0.79
61.459464 0.79
61.528465 0.79
61.591965 0.79
61.655466 0.79
61.729466 0.79
61.803340 0.79
61.865716 0.79
61.934468 0.79
62.008468 0.80
62.071968 0.78
62.137734 0.78
62.206613 0.79
62.275738 0.79
62.339611 0.79
62.408612 0.78
62.472359 0.79
62.536504 0.79
62.600473 0.78
62.663972 0.78
62.722474 0.78
62.783099 0.79
62.836474 0.78
62.896849 0.79
62.960351 0.79
63.025977 0.79
63.090101 0.79
63.148869 0.78
63.202505 0.79
63.266493 0.78
63.326978 0.79
63.390854 0.79
63.454622 0.79
63.513479 0.78
63.582622 0.79
63.646507 0.78
63.715510 0.79
63.771357 0.79
63.829872 0.79
63.888357 0.79
63.962740 0.79
64.021756 0.78
64.075505 0.78
64.134517 0.78
64.198511 0.78
64.267625 0.79
64.326871 0.79
64.385876 0.78
64.444515 0.78
64.508517 0.79
64.577238 0.79
64.632516 0.79
64.701366 0.79
64.764866 0.79
64.828368 0.79
64.891867 0.78
64.946867 0.80
65.001868 0.79
65.056993 0.79
65.122992 0.78
65.192243 0.79
65.261634 0.79
65.330242 0.79
65.395388 0.79
65.469521 0.79
65.533407 0.78
65.584760 0.78
65.643403 0.78
65.698391 0.78
65.745766 0.79
65.804767 0.80
65.868246 0.79
65.920640 0.79
65.971266 0.79
66.034762 0.79
66.098638 0.79
66.157527 0.79
66.221406 0.79
66.280408 0.78
66.344407 0.78
66.403251 0.78
66.467538 0.79
66.527282 0.79
66.585769 0.79
66.639253 0.79
66.703379 0.79
66.772129 0.79
66.830881 0.79
66.894880 0.78
66.958881 0.79
67.022756 0.79
67.076409 0.78
67.145257 0.79
67.209508 0.79
67.273384 0.79
67.331757 0.78
67.395258 0.78
67.458883 0.78
67.517258 0.79
67.580902 0.79
67.645011 0.78
67.704011 0.79
67.762886 0.79
67.829012 0.79
67.884013 0.78
67.944452 0.79
67.994517 0.79
68.058265 0.79
68.127139 0.78
68.187417 0.79
68.256265 0.79
68.320776 0.78
68.387271 0.79
68.446269 0.79
68.502172 0.79
68.555782 0.79
68.614141 0.78
68.675171 0.79
68.728786 0.79
68.802661 0.78
68.866143 0.79
68.918520 0.79
68.982270 0.78
69.038175 0.79
69.091788 0.79
69.150424 0.79
69.214147 0.79
69.277790 0.79
69.336272 0.78
69.400399 0.78
69.470444 0.79
69.529447 0.79
69.580183 0.78
69.633775 0.79
69.692276 0.79
69.761027 0.79
69.816277 0.79
69.885027 0.79
69.953667 0.78
70.007278 0.79
70.076154 0.79
70.145282 0.78
70.203657 0.78
70.258657 0.78
70.322159 0.79
70.385658 0.79
70.449159 0.79
70.512787 0.79
70.578032 0.78
70.633283 0.78
70.702158 0.79
70.763063 0.79
70.816801 0.78
70.885676 0.78
70.940802 0.78
71.014675 0.79
71.065802 0.79
71.120803 0.79
71.174287 0.79
71.225067 0.79
71.276287 0.79
71.340038 0.78
71.392414 0.79
71.443069 0.79
71.490443 0.79
71.549040 0.79
71.601738 0.79
71.666552 0.78
71.725665 0.79
71.784166 0.78
71.831445 0.79
71.882072 0.79
71.938810 0.79
71.992043 0.79
72.055822 0.79
72.109810 0.79
72.163044 0.78
72.226809 0.78
72.280295 0.78
72.344296 0.78
72.408171 0.78
72.477047 0.78
72.540812 0.79
72.594297 0.79
72.657923 0.78
72.713298 0.79
72.777048 0.79
72.840814 0.79
72.894050 0.78
72.967925 0.78
73.030050 0.79
73.099051 0.79
73.172930 0.79
73.241566 0.78
73.302053 0.79
73.376053 0.78
73.450054 0.79
73.513820 0.78
73.572825 0.78
73.631572 0.79
73.686680 0.79
73.741585 0.79
73.796700 0.79
73.851824 0.78
73.907319 0.79
73.957565 0.79
74.018186 0.79
74.073937 0.79
74.137434 0.79
74.200933 0.79
74.261076 0.78
74.329938 0.78
74.382313 0.79
74.432943 0.79
74.496442 0.79
74.559942 0.78
74.612315 0.79
74.676188 0.79
74.739939 0.79
74.800967 0.79
74.856970 0.79
74.912970 0.79
74.968969 0.78
75.033727 0.79
75.098589 0.78
75.173069 0.78
75.228944 0.79
75.287472 0.79
75.345943 0.79
75.406989 0.79
75.475819 0.78
75.539586 0.78
75.603474 0.79
75.669071 0.79
75.738071 0.79
75.797462 0.79
75.862455 0.79
75.925949 0.79
75.989449 0.79
76.044449 0.79
76.107948 0.79
76.171462 0.79
76.238101 0.78
76.297599 0.79
76.357335 0.78
76.421454 0.78
76.480594 0.79
76.544595 0.79
76.603327 0.79
76.661953 0.79
76.731078 0.79
76.794953 0.78
76.859079 0.78
76.914830 0.79
76.978457 0.79
77.037206 0.80
77.087337 0.78
77.145972 0.79
77.210083 0.78
77.274083 0.79
77.337958 0.79
77.401988 0.79
77.476087 0.79
77.545336 0.79
77.591210 0.79
77.641866 0.79
77.700335 0.79
77.763836 0.79
77.816353 0.78
77.874962 0.79
77.933337 0.79
77.988216 0.79
78.043214 0.78
78.102869 0.78
78.166339 0.78
78.229965 0.79
78.303715 0.78
78.367670 0.78
78.421091 0.79
78.490473 0.78
78.565374 0.79
78.634350 0.79
78.697968 0.78
78.771861 0.78
78.835350 0.79
78.900863 0.79
78.969975 0.79
79.038975 0.78
79.103221 0.79
79.166736 0.79
79.226972 0.78
79.295972 0.79
79.364847 0.79
79.428973 0.79
79.493099 0.79
79.561727 0.79
79.621854 0.79
79.676850 0.79
79.731855 0.78
79.786850 0.78
79.845355 0.78
79.919226 0.79
79.982727 0.78
80.046232 0.78
80.109863 0.79
80.170104 0.78
80.238729 0.79
80.300359 0.80
80.361760 0.78
80.412761 0.78
80.472760 0.78
80.527732 0.79
80.591232 0.79
80.646107 0.79
80.700890 0.79
80.770238 0.78
80.822762 0.79
80.876362 0.79
80.934877 0.79
80.992783 0.78
81.061627 0.78
81.125986 0.79
81.189880 0.79
81.258864 0.79
81.327613 0.79
81.387756 0.79
81.451238 0.78
81.514864 0.78
81.579240 0.79
81.644644 0.78
81.700116 0.79
81.753632 0.78
81.813866 0.78
81.877992 0.79
81.936998 0.78
81.995993 0.79
82.054993 0.79
82.118742 0.78
82.192994 0.78
82.251995 0.78
82.310995 0.79
82.365638 0.78
82.432661 0.79
82.493128 0.79
82.547997 0.79
82.602997 0.79
82.657998 0.79
82.712998 0.78
82.776888 0.79
82.840999 0.79
82.890404 0.79
82.959624 0.78
83.025002 0.79
83.078875 0.79
83.137644 0.79
83.203127 0.78
83.258002 0.79
83.308657 0.79
83.359656 0.79
83.419674 0.78
83.475656 0.78
83.545005 0.78
83.603904 0.78
83.668005 0.79
83.727661 0.79
83.792659 0.78
83.856429 0.79
83.925662 0.79
83.999772 0.79
84.074007 0.78
84.137536 0.79
84.193013 0.78
84.252010 0.79
84.316010 0.79
84.374778 0.78
84.439270 0.78
84.499528 0.79
84.555012 0.79
84.614142 0.79
84.679655 0.79
84.738168 0.79
84.798781 0.78
84.857138 0.79
84.920639 0.79
84.984139 0.79
85.039139 0.78
85.099140 0.79
85.159141 0.78
85.210265 0.79
85.284017 0.78
85.347521 0.78
85.411660 0.78
85.480662 0.79
85.535643 0.78
85.596270 0.79
85.665520 0.79
85.726551 0.79
85.785020 0.78
85.848521 0.79
85.922522 0.79
85.974901 0.79
86.040523 0.79
86.092898 0.79
86.151533 0.78
86.221035 0.79
86.290289 0.79
86.354657 0.79
86.418526 0.78
86.493031 0.79
86.562678 0.79
86.626907 0.79
86.702162 0.78
86.777157 0.79
86.851673 0.78
86.915672 0.80
86.979530 0.79
87.048530 0.78
87.117531 0.79
87.186658 0.79
87.245032 0.79
87.305549 0.78
87.374549 0.79
87.448551 0.78
87.512549 0.78
87.581552 0.79
87.650678 0.79
87.709553 0.78
87.778801 0.79
87.843037 0.78
87.906912 0.78
87.971287 0.78
88.030163 0.78
88.093913 0.79
88.147441 0.79
88.216555 0.79
88.278444 0.79
88.340445 0.79
88.402444 0.78
88.464455 0.79
88.524916 0.78
88.578446 0.78
88.642557 0.79
88.702937 0.78
88.756573 0.79
88.817043 0.79
88.880919 0.79
88.939562 0.79
89.000045 0.78
89.064046 0.78
89.127935 0.79
89.181452 0.79
89.245562 0.79
89.315047 0.78
89.379048 0.78
89.442923 0.78
89.501576 0.79
89.565454 0.79
89.629818 0.78
89.688580 0.79
89.752568 0.80
89.822051 0.78
89.881051 0.78
89.945177 0.79
90.009178 0.79
90.073053 0.78
90.131929 0.79
90.190582 0.79
90.260054 0.79
90.324055 0.78
90.389931 0.78
90.450573 0.78
90.520056 0.79
90.584057 0.78
90.647932 0.79
90.708183 0.79
90.777587 0.78
90.837701 0.79
90.896574 0.79
90.955463 0.79
91.019587 0.79
91.078463 0.79
91.142466 0.78
91.201466 0.78
91.265467 0.79
91.324468 0.79
91.388581 0.78
91.447466 0.79
91.511467 0.78
91.570468 0.79
91.634468 0.79
91.693469 0.78
91.757469 0.79
91.816473 0.79
91.880471 0.79
91.939472 0.78
92.003472 0.79
92.062474 0.79
92.126471 0.78
92.185472 0.79
92.249472 0.79
92.308475 0.78
92.372474 0.79
92.431476 0.78
92.495477 0.79
92.554320 0.78
92.617821 0.79
92.681321 0.79
92.744822 0.80
92.808323 0.78
92.871823 0.78
92.935323 0.79
92.998824 0.78
93.062324 0.79
93.125825 0.78
93.189325 0.79
93.252826 0.79
93.312827 0.79
93.376327 0.79
93.439828 0.79
93.499828 0.79
93.563328 0.78
93.626829 0.79
93.686829 0.79
93.746829 0.79
93.806830 0.79
93.861705 0.78
93.925206 0.78
93.985331 0.79
94.032582 0.78
94.081957 0.78
94.135207 0.79
94.187583 0.79
94.238209 0.78
94.301709 0.78
94.365209 0.78
94.417585 0.79
94.470835 0.79
94.529210 0.79
94.581585 0.79
94.632212 0.78
94.695711 0.79
94.759212 0.79
94.822713 0.79
94.886213 0.79
94.949713 0.80
95.013214 0.79
95.076715 0.79
95.140215 0.79
95.203716 0.79
95.267215 0.78
95.330716 0.79
95.394217 0.78
95.457717 0.79
95.521218 0.79
95.584719 0.79
95.648219 0.79
95.711719 0.78
95.775220 0.79
95.838720 0.79
95.902221 0.79
95.965721 0.79
96.020722 0.79
96.084222 0.79
96.147723 0.79
96.211223 0.78
96.274724 0.79
96.334724 0.79
96.394725 0.79
96.454725 0.79
96.514725 0.79
96.569601 0.79
96.633113 0.79
96.693230 0.79
96.748228 0.79
96.803228 0.78
96.866728 0.79
96.921603 0.79
96.985104 0.78
97.045229 0.78
97.092480 0.79
97.141855 0.79
97.195105 0.79
97.247484 0.78
97.302232 0.79
97.371358 0.79
97.430362 0.79
97.494234 0.79
97.563362 0.79
97.622363 0.79
97.686660 0.79
97.745363 0.79
97.808985 0.78
97.877611 0.79
97.941111 0.79
98.004740 0.79
98.063371 0.79
98.127114 0.79
98.190756 0.78
98.264989 0.79
98.318881 0.79
98.372370 0.79
98.436882 0.79
98.495759 0.79
98.554759 0.79
98.618759 0.79
98.684147 0.78
98.739146 0.79
98.799148 0.78
98.863406 0.79
98.922244 0.79
98.986244 0.78
99.055245 0.78
99.119245 0.78
99.183246 0.79
99.242247 0.79
99.306247 0.78
99.357027 0.79
99.404405 0.78
99.458248 0.78
99.522123 0.79
99.569404 0.78
99.623249 0.78
99.674031 0.78
99.721404 0.78
99.780251 0.79
99.844002 0.79
99.918252 0.79
99.982127 0.79
100.029405 0.78
100.083253 0.79
100.142128 0.78
100.216254 0.78
100.280130 0.79
100.354255 0.79
100.418130 0.79
100.487255 0.79
100.546256 0.79
100.610418 0.79
100.664132 0.78
100.728258 0.79
100.787133 0.78
100.861259 0.79
100.925134 0.79
100.994260 0.78
101.053415 0.79
101.107415 0.79
101.166261 0.78
101.230012 0.79
101.304262 0.78
101.358418 0.79
101.412263 0.79
101.466263 0.79
101.525138 0.79
101.589264 0.78
101.648139 0.78
101.712140 0.79
101.776016 0.79
101.845141 0.79
101.909142 0.78
101.973267 0.79
102.032142 0.79
102.096268 0.78
102.155019 0.79
102.224144 0.80
102.288145 0.78
102.352020 0.78
102.416145 0.79
102.480146 0.78
102.544022 0.79
102.608147 0.79
102.672147 0.79
102.736023 0.78
102.800148 0.79
102.864149 0.78
102.928150 0.79
102.992150 0.78
103.056150 0.78
103.120026 0.78
103.184151 0.79
103.248151 0.79
103.312027 0.80
103.376153 0.79
103.445153 0.78
103.509153 0.78
103.573029 0.78
103.637155 0.79
103.701155 0.78
103.765030 0.78
103.833922 0.79
103.903032 0.78
103.967157 0.79
104.031158 0.78
104.095033 0.78
104.159158 0.78
104.223034 0.79
104.287034 0.79
104.351159 0.79
104.410035 0.78
104.474161 0.79
104.533286 0.79
104.594161 0.79
104.658162 0.79
104.717037 0.79
104.781163 0.78
104.840039 0.78
104.904164 0.79
104.963039 0.78
105.027165 0.78
105.086165 0.79
105.145166 0.79
105.204041 0.79
105.264167 0.79
105.323167 0.79
105.382042 0.78
105.442293 0.79
105.511292 0.79
105.574793 0.79
105.634919 0.79
105.682169 0.80
105.735420 0.78
105.793794 0.79
105.857295 0.79
105.920795 0.79
105.984296 0.79
106.047796 0.79
106.100172 0.78
106.150798 0.78
106.214298 0.78
106.277799 0.78
106.341299 0.79
106.404799 0.78
106.468300 0.78
106.531800 0.78
106.595301 0.78
106.658801 0.79
106.722302 0.79
106.785802 0.78
106.849303 0.79
106.912803 0.78
106.976303 0.79
107.039804 0.79
107.103304 0.79
107.166805 0.79
107.230305 0.79
107.293808 0.79
107.367697 0.78
107.428308 0.79
107.492461 0.78
107.556464 0.79
107.615463 0.79
107.679827 0.79
107.749185 0.79
107.808061 0.79
107.867186 0.79
107.922187 0.79
107.977188 0.78
108.041312 0.78
108.116063 0.78
108.175063 0.79
108.230189 0.78
108.294942 0.79
108.355192 0.69
108.409066 0.71
108.464066 0.71
108.519191 0.73
108.574191 0.75
108.629192 0.70
108.684067 0.72
108.739067 0.72
108.794193 0.67
108.849194 0.67
108.904069 0.73
108.959194 0.69
109.014194 0.71
109.069070 0.68
109.133195 0.68
109.192321 0.71
109.253726 0.67
109.308839 0.67
109.383197 0.72
109.448713 0.72
109.523073 0.72
109.587199 0.74
109.651199 0.71
109.716715 0.72
109.791075 0.73
109.844841 0.70
109.913844 0.72
109.982595 0.67
110.043327 0.73
110.108969 0.73
110.167845 0.72
110.236597 0.72
110.297204 0.72
110.356205 0.71
110.415080 0.68
110.468847 0.73
110.527596 0.73
110.594612 0.71
110.648082 0.72
110.701847 0.69
110.770599 0.67
110.839600 0.71
110.913848 0.70
110.982852 0.72
111.052335 0.71
111.105601 0.71
111.171086 0.71
111.229852 0.72
111.293604 0.70
111.359087 0.71
111.417853 0.73
111.481730 0.73
111.538339 0.71
111.591730 0.71
111.648339 0.68
111.701732 0.71
111.770617 0.73
111.839734 0.69
111.908621 0.74
111.977967 0.73
112.041858 0.73
112.110859 0.73
112.174985 0.73
112.238969 0.72
112.302862 0.71
112.366860 0.67
112.435862 0.68
112.499739 0.71
112.568739 0.72
112.637751 0.72
112.706741 0.69
112.775627 0.73
112.844973 0.71
112.909224 0.73
112.983224 0.71
113.048225 0.71
113.119100 0.72
113.183226 0.69
113.249507 0.72
113.309977 0.69
113.363507 0.76
113.427633 0.68
113.481103 0.73
113.546508 0.70
113.615871 0.83
113.674510 0.83
113.740230 0.82
113.795230 0.84
113.855509 0.83
113.919511 0.83
113.983511 0.82
114.052636 0.84
114.112983 0.85
114.171511 0.82
114.233233 0.83
114.291984 0.83
114.345637 0.83
114.402235 0.83
114.460985 0.82
114.519637 0.82
114.583515 0.82
114.658112 0.84
114.731988 0.83
114.785641 0.83
114.849642 0.81
114.913517 0.84
114.983117 0.70
115.047115 0.70
115.116881 0.70
115.180507 0.69
115.249759 0.70
115.318520 0.69
115.393117 0.70
115.467134 0.70
115.526119 0.70
115.588514 0.70
115.653764 0.70
115.723120 0.70
115.796995 0.70
115.870996 0.70
115.936763 0.70
115.995872 0.70
116.054524 0.69
116.128527 0.70
116.202651 0.70
116.266499 0.70
116.335517 0.70
116.395874 0.70
116.459404 0.70
116.533530 0.70
116.602643 0.70
116.666405 0.70
116.735524 0.70
116.800877 0.70
116.859520 0.70
116.919879 0.70
116.973410 0.70
117.042629 0.70
117.111429 0.70
117.175410 0.70
117.249382 0.70
117.320132 0.70
117.373409 0.70
117.437538 0.70
117.506774 0.70
117.557384 0.70
117.620883 0.70
117.684385 0.69
117.747884 0.70
117.811399 0.70
117.874885 0.70
117.938386 0.70
118.001886 0.70
118.065387 0.70
118.128887 0.70
118.192388 0.70
118.255888 0.70
118.310888 0.70
118.374389 0.70
118.437889 0.70
118.501390 0.70
118.564890 0.70
118.628392 0.70
118.691891 0.70
118.755393 0.70
118.818892 0.70
118.878892 0.71
118.938893 0.70
118.998893 0.70
119.058893 0.70
119.113782 0.70
119.177269 0.70
119.237396 0.70
119.292396 0.70
119.355896 0.70
119.410785 0.70
119.474272 0.69
119.526647 0.70
119.576023 0.70
119.629273 0.70
119.681649 0.70
119.745274 0.69
119.797775 0.70
119.861275 0.70
119.913650 0.70
119.964277 0.70
120.027776 0.70
120.091277 0.70
120.161278 0.70
120.224777 0.70
120.288278 0.70
120.351778 0.70
120.415279 0.70
120.478780 0.70
120.542280 0.70
120.605796 0.70
120.669280 0.69
120.739283 0.70
120.802782 0.70
120.866282 0.70
120.929783 0.70
120.993283 0.70
121.056784 0.70
121.120284 0.70
121.183785 0.70
121.247285 0.70
121.310794 0.70
121.374286 0.70
121.437786 0.70
121.501287 0.70
121.564787 0.70
121.624788 0.70
121.684789 0.70
121.744789 0.71
121.804792 0.70
121.864790 0.70
121.924790 0.70
121.984791 0.70
122.044791 0.70
122.104793 0.70
122.168292 0.70
122.231792 0.70
122.286668 0.70
122.345168 0.70
122.405306 0.70
122.460294 0.70
122.507557 0.69
122.556920 0.70
122.610170 0.70
122.662546 0.70
122.713172 0.70
122.776672 0.70
122.840172 0.69
122.892548 0.70
122.943174 0.70
123.006687 0.70
123.070174 0.70
123.133675 0.69
123.197175 0.70
123.260675 0.70
123.324176 0.70
123.387676 0.70
123.451177 0.70
123.514677 0.70
123.578178 0.70
123.641678 0.69
123.705191 0.70
123.768679 0.70
123.832179 0.70
123.895680 0.70
123.950681 0.70
124.014181 0.70
124.077682 0.70
124.141182 0.70
124.206196 0.70
124.269683 0.70
124.333183 0.70
124.396684 0.70
124.456684 0.70
124.520184 0.70
124.583685 0.70
124.643686 0.70
124.703689 0.70
124.763687 0.70
124.823687 0.70
124.878562 0.70
124.942062 0.70
125.007188 0.70
125.062189 0.69
125.117189 0.70
125.178065 0.70
125.241565 0.70
125.305065 0.70
125.357442 0.70
125.410691 0.70
125.465567 0.70
125.529067 0.70
125.581443 0.70
125.632069 0.70
125.695568 0.70
125.759069 0.70
125.820453 0.70
125.871070 0.70
125.934584 0.70
125.993071 0.70
126.056571 0.69
126.120071 0.70
126.183572 0.70
126.247072 0.70
126.310573 0.70
126.374073 0.70
126.437579 0.70
126.501075 0.70
126.564579 0.70
126.628077 0.70
126.691576 0.70
126.755076 0.70
126.818577 0.70
126.882078 0.70
126.945578 0.70
127.009078 0.70
127.072579 0.70
127.136079 0.70
127.199580 0.70
127.259580 0.70
127.323081 0.70
127.386583 0.70
127.441611 0.70
127.492847 0.70
127.561612 0.70
127.630959 0.70
127.687334 0.70
127.736852 0.70
127.805728 0.70
127.858964 0.70
127.911541 0.70
127.970604 0.70
128.029093 0.70
128.093087 0.70
128.153992 0.70
128.217464 0.70
128.281214 0.70
128.336992 0.70
128.390465 0.69
128.448965 0.70
128.522966 0.70
128.588006 0.70
128.641466 0.70
128.700094 0.70
128.757996 0.70
128.821470 0.70
128.885093 0.70
128.943623 0.70
129.002219 0.70
129.071095 0.70
129.145220 0.70
129.209497 0.70
129.284108 0.70
129.342498 0.70
129.401097 0.70
129.475223 0.70
129.539223 0.70
129.608353 0.70
129.669225 0.70
129.733363 0.70
129.794100 0.70
129.858100 0.70
129.922101 0.70
129.986101 0.70
130.054979 0.70
130.114227 0.69
130.173117 0.70
130.231978 0.70
130.296241 0.70
130.350229 0.70
130.409374 0.70
130.473634 0.70
130.533885 0.70
130.587510 0.70
130.652107 0.70
130.715982 0.70
130.775232 0.70
130.834108 0.69
130.894233 0.70
130.953108 0.70
131.013233 0.69
131.072234 0.70
131.131110 0.70
131.195116 0.70
131.254125 0.70
131.318242 0.70
131.377112 0.70
131.437371 0.70
131.501371 0.70
131.565514 0.69
131.630894 0.70
131.700370 0.70
131.764521 0.70
131.833880 0.70
131.908401 0.70
131.973895 0.70
132.037992 0.70
132.107255 0.70
132.173118 0.70
132.236993 0.70
132.301119 0.70
132.364996 0.70
132.428884 0.70
132.497995 0.70
132.562124 0.70
132.625996 0.70
132.689997 0.70
132.758890 0.70
132.823123 0.70
132.881998 0.70
132.941124 0.70
133.000138 0.70
133.053999 0.70
133.118140 0.71
133.172125 0.70
133.231127 0.70
133.290001 0.70
133.354127 0.70
133.413002 0.70
133.477127 0.70
133.536127 0.70
133.595408 0.70
133.660784 0.70
133.716005 0.70
133.780130 0.70
133.835130 0.70
133.894006 0.70
133.954130 0.70
134.009131 0.70
134.064132 0.70
134.123132 0.70
134.182008 0.69
134.242133 0.70
134.301133 0.70
134.360148 0.70
134.406134 0.70
134.465135 0.70
134.524010 0.70
134.593136 0.70
134.652011 0.70
134.721261 0.70
134.785398 0.70
134.849416 0.70
134.913417 0.70
134.987654 0.70
135.043154 0.70
135.109015 0.70
135.173265 0.70
135.242783 0.70
135.318016 0.70
135.377156 0.70
135.438142 0.70
135.497019 0.70
135.566018 0.70
135.625268 0.70
135.689424 0.70
135.753661 0.71
135.817663 0.70
135.873270 0.70
135.942662 0.69
136.007021 0.70
136.066148 0.70
136.125147 0.70
136.184029 0.70
136.242663 0.70
136.299483 0.70
136.354680 0.70
136.409722 0.70
136.461025 0.70
136.525575 0.70
136.581026 0.70
136.636026 0.70
136.691026 0.70
136.746027 0.70
136.801152 0.70
136.856155 0.70
136.914904 0.69
136.984279 0.70
137.045683 0.70
137.105155 0.70
137.164030 0.70
137.228923 0.70
137.289156 0.70
137.348031 0.70
137.412157 0.70
137.465656 0.70
137.540039 0.70
137.605908 0.70
137.670034 0.69
137.728675 0.70
137.798292 0.70
137.863038 0.70
137.922162 0.70
137.982676 0.70
138.057037 0.70
138.116037 0.70
138.170173 0.70
138.230806 0.70
138.290041 0.70
138.349165 0.70
138.419042 0.71
138.472916 0.70
138.523295 0.70
138.577167 0.70
138.636166 0.70
138.700167 0.70
138.765812 0.70
138.829809 0.70
138.898562 0.70
138.968168 0.70
139.032297 0.70
139.101575 0.70
139.176296 0.70
139.246048 0.70
139.299689 0.70
139.363566 0.70
139.433297 0.70
139.497299 0.70
139.551175 0.70
139.611313 0.70
139.681191 0.70
139.756311 0.70
139.816055 0.70
139.869568 0.71
139.934570 0.70
139.998824 0.70
140.068179 0.70
140.143061 0.70
140.212830 0.70
140.272307 0.70
140.331180 0.70
140.396062 0.71
140.455183 0.70
140.530057 0.70
140.583698 0.70
140.648184 0.70
140.712183 0.70
140.776188 0.71
140.851060 0.69
140.916190 0.70
140.975186 0.70
141.040703 0.70
141.104559 0.70
141.168829 0.70
141.233062 0.70
141.298831 0.69
141.357582 0.70
141.427313 0.70
141.496601 0.70
141.555579 0.70
141.614599 0.70
141.679317 0.71
141.739726 0.70
141.794196 0.69
141.848068 0.70
141.907068 0.70
141.970942 0.70
142.029713 0.70
142.088587 0.70
142.155076 0.70
142.216072 0.70
142.280956 0.70
142.350842 0.70
142.405207 0.70
142.464951 0.70
142.535075 0.70
142.609603 0.70
142.675480 0.70
142.739588 0.70
142.809605 0.70
142.868861 0.70
142.933615 0.70
142.992596 0.70
143.056844 0.70
143.115464 0.69
143.174721 0.70
143.233596 0.70
143.309079 0.70
143.368082 0.70
143.432078 0.71
143.501608 0.70
143.571205 0.70
143.631966 0.70
143.690954 0.70
143.749968 0.70
143.814090 0.70
143.878742 0.70
143.933085 0.70
143.998967 0.70
144.061732 0.70
144.120881 0.69
144.185728 0.70
144.250094 0.70
144.304086 0.70
144.368098 0.70
144.423856 0.70
144.482856 0.70
144.532856 0.70
144.591337 0.70
144.651966 0.70
144.721464 0.70
144.785872 0.70
144.854965 0.70
144.915857 0.69
144.974338 0.70
145.039859 0.70
145.098339 0.70
145.159089 0.70
145.212340 0.70
145.277970 0.70
145.346967 0.70
145.421737 0.70
145.475622 0.70
145.539620 0.70
145.603350 0.70
145.677469 0.70
145.735862 0.69
145.799352 0.70
145.873498 0.70
145.942499 0.70
146.011500 0.70
146.075354 0.70
146.149657 0.70
146.208352 0.70
146.268876 0.70
146.332974 0.70
146.402873 0.70
146.461652 0.70
146.516868 0.70
146.570354 0.70
146.639979 0.70
146.703976 0.70
146.762852 0.70
146.828227 0.70
146.883507 0.70
146.947603 0.70
147.007634 0.70
147.066507 0.70
147.135748 0.70
147.201360 0.70
147.257277 0.70
147.321360 0.70
147.386115 0.70
147.437986 0.70
147.501733 0.70
147.560358 0.70
147.620649 0.70
147.674362 0.70
147.743673 0.70
147.804273 0.70
147.864622 0.70
147.918504 0.69
147.977374 0.69
148.041532 0.70
148.100524 0.70
148.164237 0.70
148.225877 0.70
148.295490 0.70
148.359626 0.70
148.413372 0.70
148.473253 0.70
148.532377 0.70
148.596381 0.71
148.655405 0.70
148.714403 0.69
148.783761 0.70
148.837421 0.70
148.898498 0.70
148.957379 0.70
149.026121 0.70
149.081408 0.70
149.142626 0.70
149.196419 0.70
149.257412 0.70
149.321246 0.70
149.390541 0.70
149.449374 0.70
149.513628 0.70
149.572516 0.70
149.626901 0.70
149.691628 0.70
149.752892 0.70
149.811876 0.70
149.875892 0.70
149.936155 0.70
149.994756 0.69
150.055003 0.70
150.111164 0.70
150.158533 0.70
150.217407 0.70
150.276255 0.70
150.332160 0.70
150.387883 0.70
150.446775 0.70
150.512262 0.70
150.571413 0.70
150.636262 0.70
150.695421 0.70
150.749417 0.70
150.808257 0.70
150.877132 0.70
150.929647 0.71
150.993776 0.70
151.068415 0.70
151.127259 0.70
151.186781 0.70
151.245262 0.70
151.309419 0.70
151.368261 0.69
151.437639 0.70
151.491421 0.70
151.556269 0.70
151.620266 0.70
151.684910 0.70
151.743783 0.70
151.813646 0.70
151.883643 0.70
151.935212 0.69
152.000272 0.70
152.057187 0.70
152.126144 0.70
152.197208 0.70
152.258563 0.70
152.310196 0.70
152.369436 0.70
152.430210 0.70
152.499270 0.70
152.563651 0.70
152.618790 0.70
152.673787 0.70
152.732797 0.69
152.785068 0.70
152.836652 0.70
152.891789 0.70
152.945565 0.70
153.002056 0.70
153.053569 0.70
153.112274 0.70
153.167468 0.70
153.224061 0.70
153.288166 0.70
153.358468 0.69
153.417792 0.69
153.476527 0.70
153.535488 0.69
153.592055 0.70
153.639432 0.70
153.698798 0.70
153.752280 0.70
153.811803 0.70
153.880549 0.70
153.934164 0.70
153.993282 0.70
154.048157 0.70
154.122282 0.70
154.181590 0.70
154.250800 0.70
154.304818 0.70
154.369162 0.70
154.433569 0.70
154.492286 0.70
154.551693 0.70
154.625911 0.70
154.689678 0.70
154.758678 0.70
154.817287 0.70
154.881037 0.70
154.950291 0.70
155.014040 0.70
155.078794 0.70
155.138042 0.70
155.202419 0.70
155.266166 0.71
155.325814 0.70
155.381811 0.69
155.446176 0.70
155.500295 0.70
155.555484 0.70
155.619812 0.70
155.675175 0.70
155.729171 0.70
155.793489 0.70
155.860173 0.70
155.924485 0.70
155.995968 0.70
156.060301 0.70
156.119049 0.70
156.183705 0.70
156.237463 0.70
156.307309 0.70
156.357700 0.70
156.422304 0.70
156.487184 0.69
156.541699 0.69
156.597966 0.70
156.645303 0.69
156.704303 0.70
156.763052 0.70
156.827574 0.70
156.891572 0.70
156.961477 0.70
157.021970 0.70
157.086573 0.70
157.150586 0.70
157.215310 0.70
157.274182 0.70
157.335307 0.70
157.394057 0.70
157.458470 0.70
157.533059 0.70
157.597057 0.70
157.661058 0.70
157.725184 0.70
157.789063 0.70
157.858591 0.70
157.917718 0.70
157.977316 0.70
158.031187 0.70
158.090061 0.70
158.154062 0.70
158.218063 0.70
158.282064 0.70
158.341603 0.70
158.406065 0.70
158.460484 0.70
158.519584 0.70
158.580323 0.70
158.645195 0.70
158.704728 0.70
158.758600 0.70
158.819069 0.70
158.873487 0.70
158.937480 0.70
159.001476 0.70
159.062857 0.70
159.116445 0.69
159.176718 0.70
159.232856 0.70
159.287902 0.70
159.343452 0.70
159.402483 0.70
159.467599 0.70
159.527327 0.69
159.577470 0.70
159.648875 0.69
159.708454 0.70
159.772701 0.71
159.832076 0.70
159.896075 0.69
159.961866 0.70
160.012860 0.70
160.066455 0.70
160.137843 0.70
160.212634 0.70
160.271830 0.70
160.341486 0.70
160.405485 0.70
160.475457 0.70
160.534206 0.70
160.593086 0.70
160.659083 0.70
160.733972 0.70
160.798096 0.70
160.857335 0.70
160.917959 0.70
160.971961 0.70
161.040724 0.70
161.107339 0.70
161.172975 0.69
161.232339 0.70
161.297964 0.70
161.362216 0.70
161.421089 0.70
161.475618 0.69
161.540467 0.70
161.604965 0.70
161.668839 0.70
161.728089 0.70
161.777464 0.70
161.827089 0.70
161.885856 0.70
161.933219 0.70
161.999093 0.70
162.058105 0.70
162.113350 0.70
162.168092 0.70
162.221970 0.70
162.285969 0.70
162.355219 0.70
162.418969 0.70
162.483504 0.70
162.547518 0.70
162.607975 0.70
162.666864 0.70
162.731357 0.70
162.791354 0.70
162.857636 0.70
162.923237 0.69
162.989745 0.70
163.054102 0.70
163.108542 0.70
163.172996 0.70
163.227227 0.70
163.297101 0.70
163.362105 0.70
163.415871 0.70
163.476783 0.70
163.541364 0.70
163.596871 0.70
163.655872 0.70
163.719743 0.71
163.780358 0.70
163.840872 0.70
163.910230 0.70
163.975874 0.70
164.039875 0.70
164.108875 0.70
164.167875 0.70
164.231894 0.69
164.291364 0.70
164.360864 0.70
164.415370 0.70
164.469239 0.70
164.529656 0.70
164.594112 0.70
164.669119 0.70
164.719241 0.70
164.779890 0.70
164.834388 0.70
164.889659 0.70
164.949243 0.70
165.009755 0.70
165.076390 0.69
165.135994 0.70
165.196689 0.70
165.255632 0.70
165.325622 0.70
165.396657 0.70
165.461556 0.70
165.521248 0.70
165.596777 0.70
165.658124 0.69
165.728255 0.70
165.788125 0.70
165.853007 0.70
165.919543 0.70
165.993884 0.70
166.069252 0.70
166.129009 0.70
166.194003 0.70
166.259135 0.69
166.325770 0.70
166.384886 0.70
166.444127 0.70
166.509002 0.70
166.562767 0.70
166.622137 0.70
166.682769 0.70
166.738139 0.70
166.799127 0.70
166.869015 0.70
166.928004 0.70
166.981773 0.70
167.046134 0.70
167.106661 0.69
167.170634 0.70
167.234768 0.70
167.289258 0.70
167.344255 0.70
167.397515 0.70
167.468131 0.70
167.532900 0.70
167.596509 0.70
167.671012 0.70
167.724761 0.70
167.783783 0.70
167.842637 0.70
167.912268 0.70
167.971783 0.70
168.035777 0.70
168.095136 0.70
168.153651 0.70
168.223013 0.70
168.277026 0.70
168.336013 0.70
168.389648 0.70
168.459141 0.70
168.519149 0.70
168.594143 0.70
168.663140 0.70
168.727017 0.70
168.780787 0.70
168.845144 0.70
168.914643 0.70
168.989144 0.70
169.063664 0.70
169.128147 0.70
169.198020 0.70
169.267020 0.70
169.333146 0.70
169.407021 0.70
169.476673 0.70
169.545522 0.70
169.614522 0.70
169.679901 0.70
169.738650 0.70
169.804469 0.70
169.868903 0.70
169.927911 0.70
169.992906 0.70
170.047779 0.70
170.102795 0.70
170.161431 0.70
170.230672 0.70
170.294528 0.70
170.355154 0.70
170.410155 0.70
170.465158 0.70
170.524031 0.70
170.593812 0.70
170.644034 0.70
170.713284 0.71
170.768930 0.70
170.822694 0.71
170.877167 0.70
170.942038 0.70
171.012043 0.70
171.071913 0.70
171.136820 0.70
171.201808 0.70
171.255823 0.70
171.320289 0.69
171.384949 0.70
171.454555 0.70
171.524554 0.70
171.583555 0.70
171.653291 0.70
171.706915 0.70
171.766588 0.70
171.832415 0.70
171.907589 0.70
171.972169 0.70
172.036928 0.70
172.101921 0.70
172.168569 0.70
172.223049 0.70
172.283941 0.70
172.343046 0.70
172.409812 0.70
172.468560 0.70
172.534390 0.70
172.587920 0.70
172.653829 0.69
172.714562 0.70
172.778934 0.70
172.840177 0.70
172.893937 0.70
172.960605 0.70
173.015054 0.69
173.068359 0.70
173.122051 0.70
173.181053 0.70
173.242302 0.70
173.307062 0.70
173.366592 0.70
173.425927 0.70
173.487334 0.70
173.540931 0.70
173.599929 0.70
173.674818 0.70
173.733944 0.70
173.792650 0.70
173.843057 0.70
173.896931 0.70
173.966583 0.70
174.025431 0.70
174.089931 0.70
174.154057 0.71
174.212947 0.70
174.281824 0.70
174.340597 0.70
174.399573 0.70
174.458597 0.70
174.523061 0.70
174.576468 0.70
174.635438 0.70
174.704598 0.70
174.769064 0.70
174.833622 0.70
174.900067 0.70
174.958940 0.71
175.017956 0.70
175.083359 0.70
175.136830 0.70
175.191940 0.70
175.258068 0.70
175.312941 0.70
175.376961 0.70
175.433460 0.70
175.493584 0.70
175.562317 0.70
175.631194 0.70
175.705196 0.70
175.765235 0.70
175.812571 0.70
175.871952 0.69
175.936324 0.70
175.987956 0.70
176.053079 0.69
176.104961 0.70
176.164486 0.70
176.223325 0.70
176.292847 0.70
176.358961 0.70
176.418729 0.70
176.483456 0.70
176.537490 0.70
176.596326 0.70
176.666328 0.70
176.730327 0.69
176.799618 0.70
176.853328 0.70
176.922327 0.70
176.980953 0.70
177.039845 0.70
177.103846 0.70
177.177720 0.70
177.231651 0.70
177.290722 0.70
177.349505 0.70
177.408959 0.70
177.473334 0.70
177.532834 0.70
177.607356 0.70
177.673462 0.70
177.737876 0.70
177.797637 0.70
177.863335 0.69
177.927335 0.70
177.985835 0.70
178.049730 0.70
178.115211 0.70
178.189336 0.70
178.247729 0.70
178.302730 0.70
178.366731 0.70
178.421860 0.70
178.486216 0.70
178.539885 0.70
178.599523 0.70
178.653218 0.70
178.717737 0.70
178.776735 0.70
178.846632 0.69
178.910737 0.69
178.975654 0.70
179.040492 0.70
179.094872 0.70
179.154520 0.70
179.219373 0.70
179.279227 0.70
179.343992 0.70
179.399888 0.69
179.474353 0.70
179.533625 0.70
179.592868 0.70
179.657609 0.70
179.727747 0.70
179.797625 0.70
179.872747 0.70
179.931111 0.70
180.005743 0.70
180.064356 0.70
180.123870 0.70
180.188380 0.70
180.247482 0.70
180.306616 0.70
180.373612 0.70
180.434876 0.70
180.494620 0.70
180.559539 0.70
180.624386 0.70
180.678627 0.70
180.742628 0.70
180.807364 0.70
180.866553 0.70
180.936865 0.70
180.996247 0.70
181.050773 0.70
181.110529 0.70
181.167541 0.70
181.232649 0.70
181.297239 0.70
181.356634 0.70
181.415780 0.70
181.471615 0.70
181.540613 0.70
181.591887 0.70
181.645520 0.70
181.696868 0.70
181.748028 0.70
181.795375 0.70
181.856044 0.70
181.915514 0.70
181.969244 0.70
182.028870 0.70
182.087635 0.70
182.157751 0.70
182.217385 0.71
182.267383 0.70
182.332381 0.70
182.393031 0.70
182.457768 0.70
182.517419 0.70
182.582411 0.69
182.643761 0.70
182.708633 0.70
182.778250 0.70
182.832787 0.70
182.892545 0.70
182.962419 0.70
183.018422 0.70
183.084542 0.70
183.154544 0.69
183.224252 0.70
183.278628 0.70
183.337397 0.70
183.393555 0.70
183.463253 0.70
183.526877 0.70
183.587126 0.69
183.651419 0.70
183.706770 0.70
183.770533 0.70
183.844536 0.70
183.908772 0.70
183.967756 0.70
184.026774 0.69
184.082262 0.69
184.141008 0.70
184.196451 0.70
184.266780 0.70
184.327456 0.70
184.398932 0.70
184.464945 0.70
184.515444 0.70
184.571928 0.70
184.636646 0.70
184.692920 0.70
184.749944 0.69
184.809641 0.70
184.874271 0.70
184.939437 0.70
185.002025 0.70
185.072272 0.70
185.122652 0.70
185.182275 0.70
185.241895 0.70
185.307963 0.70
185.372914 0.70
185.447021 0.70
185.507894 0.70
185.571393 0.70
185.634892 0.70
185.698526 0.70
185.756895 0.70
185.820398 0.70
185.883898 0.70
185.947398 0.70
186.010903 0.70
186.074397 0.70
186.132904 0.70
186.196399 0.70
186.259899 0.70
186.323399 0.70
186.378530 0.70
186.452275 0.70
186.515783 0.70
186.576030 0.70
186.634413 0.70
186.690788 0.70
186.759405 0.70
186.814427 0.70
186.877906 0.70
186.941405 0.70
186.999780 0.69
187.059911 0.70
187.114909 0.70
187.166032 0.70
187.221793 0.70
187.285284 0.70
187.348788 0.70
187.409287 0.70
187.472790 0.70
187.538039 0.70
187.592447 0.70
187.667924 0.70
187.732162 0.70
187.791160 0.70
187.850034 0.70
187.905164 0.69
187.960161 0.69
188.019164 0.70
188.083451 0.70
188.148926 0.70
188.210294 0.70
188.275167 0.70
188.336566 0.70
188.398043 0.70
188.468303 0.70
188.527425 0.70
188.586164 0.70
188.650290 0.70
188.720176 0.70
188.786294 0.70
188.850448 0.69
188.924810 0.70
188.994171 0.70
189.053170 0.69
189.112305 0.70
189.179051 0.69
189.243742 0.70
189.303585 0.70
189.357454 0.70
189.421818 0.70
189.496047 0.70
189.550301 0.70
189.620173 0.70
189.674176 0.70
189.739179 0.70
189.793048 0.69
189.852049 0.70
189.915939 0.70
189.970303 0.70
190.039817 0.70
190.104598 0.70
190.171715 0.70
190.237739 0.70
190.293181 0.70
190.343185 0.70
190.408183 0.70
190.473942 0.70
190.528487 0.70
190.594718 0.70
190.645753 0.70
190.701181 0.70
190.756182 0.70
190.820308 0.70
190.881722 0.70
190.942183 0.70
190.997182 0.70
191.061308 0.70
191.126700 0.70
191.191827 0.70
191.261059 0.70
191.325060 0.70
191.384310 0.70
191.459064 0.70
191.518190 0.70
191.593322 0.70
191.658319 0.70
191.723076 0.70
191.788071 0.70
191.847319 0.70
191.912192 0.70
191.972833 0.70
192.042947 0.70
192.096836 0.70
192.160819 0.70
192.220067 0.70
192.274080 0.70
192.344071 0.69
192.397711 0.70
192.453327 0.70
192.512842 0.70
192.573079 0.70
192.638077 0.70
192.708202 0.70
192.772716 0.70
192.836839 0.69
192.895842 0.70
192.959596 0.70
193.018843 0.70
193.082591 0.70
193.152329 0.70
193.221843 0.70
193.280843 0.70
193.340203 0.70
193.405594 0.70
193.461078 0.70
193.514594 0.70
193.579206 0.70
193.643204 0.70
193.718086 0.71
193.771722 0.70
193.836336 0.70
193.900959 0.70
193.955338 0.70
194.015088 0.70
194.085220 0.70
194.150216 0.70
194.215087 0.70
194.280219 0.70
194.344963 0.70
194.403972 0.70
194.464978 0.70
194.529212 0.70
194.600462 0.70
194.656097 0.70
194.720860 0.69
194.785095 0.70
194.847746 0.70
194.901859 0.70
194.961216 0.70
195.020970 0.70
195.077975 0.70
195.142972 0.70
195.209228 0.70
195.268971 0.69
195.333740 0.70
195.388230 0.70
195.447972 0.70
195.512469 0.70
195.573222 0.70
195.642505 0.70
195.712098 0.69
195.773004 0.70
195.843098 0.70
195.907108 0.70
195.971978 0.70
196.036742 0.70
196.096235 0.70
196.160598 0.70
196.225230 0.70
196.284978 0.70
196.338986 0.70
196.403982 0.70
196.468862 0.70
196.533655 0.70
196.587621 0.70
196.652614 0.70
196.717361 0.70
196.782229 0.70
196.841981 0.70
196.911988 0.71
196.977004 0.70
197.041991 0.70
197.106986 0.70
197.177109 0.70
197.241749 0.70
197.300634 0.70
197.360237 0.70
197.424876 0.70
197.488985 0.70
197.553643 0.70
197.612754 0.70
197.667114 0.70
197.726611 0.70
197.796108 0.70
197.860364 0.69
197.917761 0.70
197.976987 0.70
198.042880 0.70
198.112631 0.70
198.177238 0.70
198.241866 0.70
198.295626 0.70
198.345872 0.69
198.406532 0.70
198.461874 0.69
198.526891 0.70
198.590998 0.70
198.649384 0.70
198.705618 0.70
198.760126 0.70
198.813371 0.70
198.865743 0.70
198.916379 0.70
198.979866 0.70
199.033388 0.70
199.085744 0.70
199.140253 0.70
199.200374 0.70
199.263871 0.70
199.327380 0.70
199.390870 0.70
199.454377 0.70
199.517998 0.70
199.576377 0.70
199.650252 0.70
199.718881 0.70
199.782386 0.70
199.845883 0.70
199.904385 0.70
199.967878 0.70
200.031386 0.70
200.105254 0.70
200.173887 0.70
200.237383 0.70
200.300887 0.70
200.355883 0.69
200.419388 0.70
200.482886 0.70
200.548265 0.69
200.616887 0.70
200.671883 0.70
200.726891 0.70
200.786886 0.70
200.841766 0.70
200.900264 0.70
200.960386 0.70
201.023892 0.70
201.083887 0.70
201.138760 0.70
201.202261 0.70
201.262406 0.70
201.322766 0.70
201.386263 0.70
201.447272 0.70
201.505765 0.70
201.569394 0.70
201.616644 0.70
201.667270 0.70
201.730773 0.70
201.789268 0.70
201.841644 0.70
201.892268 0.70
201.955777 0.70
202.014273 0.70
202.066644 0.70
202.117270 0.70
202.180767 0.70
202.244275 0.70
202.307771 0.70
202.371269 0.70
202.445277 0.70
202.519155 0.70
202.579403 0.70
202.644148 0.70
202.712780 0.70
202.776275 0.70
202.850282 0.70
202.924275 0.70
202.987776 0.70
203.051273 0.69
203.114778 0.70
203.178276 0.70
203.252281 0.70
203.326155 0.70
203.386283 0.70
203.449780 0.70
203.513285 0.70
203.576785 0.70
203.636781 0.70
203.700287 0.70
203.758658 0.70
203.822160 0.70
203.882280 0.70
203.945780 0.70
204.000656 0.70
204.064157 0.70
204.124281 0.70
204.175407 0.70
204.229905 0.70
204.283155 0.70
204.343159 0.70
204.406659 0.70
204.470157 0.70
204.530285 0.70
204.577534 0.70
204.628161 0.70
204.691662 0.70
204.755169 0.70
204.807542 0.70
204.858163 0.70
204.921661 0.70
204.985162 0.70
205.048671 0.70
205.112163 0.70
205.175673 0.70
205.239168 0.70
205.302664 0.70
205.366170 0.70
205.429667 0.70
205.493166 0.70
205.556665 0.70
205.620166 0.70
205.683666 0.70
205.747167 0.70
205.810667 0.70
205.874175 0.70
205.937672 0.70
205.992679 0.70
206.047675 0.70
206.102679 0.70
206.157677 0.70
206.212684 0.70
206.267680 0.70
206.333176 0.70
206.396683 0.70
206.456678 0.70
206.511557 0.70
206.570057 0.70
206.638685 0.69
206.693558 0.70
206.757058 0.70
206.809437 0.69
206.860058 0.70
206.923561 0.70
206.987058 0.70
207.047312 0.70
207.103062 0.70
207.166557 0.70
207.230063 0.70
207.291058 0.69
207.354566 0.70
207.418060 0.70
207.470441 0.70
207.521062 0.69
207.584562 0.70
207.648066 0.70
207.711561 0.70
207.775451 0.70
207.834185 0.70
207.903487 0.70
207.962828 0.70
208.027620 0.70
208.097836 0.70
208.157497 0.70
208.227834 0.70
208.286832 0.70
208.345581 0.70
208.404201 0.70
208.463835 0.70
208.522830 0.70
208.587320 0.70
208.656599 0.70
208.726324 0.70
208.780588 0.70
208.844979 0.69
208.914192 0.70
208.978586 0.70
209.052586 0.70
209.113717 0.70
209.177590 0.70
209.238321 0.70
209.292450 0.70
209.347842 0.70
209.412322 0.70
209.471197 0.70
209.526725 0.70
209.580593 0.70
209.644843 0.70
209.704487 0.70
209.774209 0.70
209.828726 0.70
209.892840 0.70
209.952982 0.70
210.004324 0.70
210.063203 0.69
210.123325 0.70
210.178329 0.70
210.237718 0.70
210.296747 0.69
210.356459 0.70
210.410081 0.70
210.465468 0.69
210.531600 0.70
210.601476 0.70
210.671617 0.70
210.735484 0.70
210.799599 0.69
210.868975 0.70
210.943207 0.70
211.007209 0.70
211.066082 0.70
211.135208 0.70
211.204370 0.70
211.268086 0.70
211.342336 0.69
211.406467 0.69
211.477620 0.70
211.552356 0.70
211.618088 0.70
211.682740 0.70
211.747341 0.70
211.801643 0.70
211.861219 0.70
211.915357 0.70
211.974615 0.70
212.030092 0.70
212.094103 0.70
212.158092 0.70
212.217640 0.70
212.282355 0.69
212.340969 0.70
212.401969 0.69
212.476527 0.70
212.547884 0.70
212.616969 0.70
212.676970 0.70
212.736740 0.70
212.797222 0.69
212.856123 0.70
212.916852 0.70
212.981508 0.70
213.056527 0.70
213.112886 0.70
213.172368 0.70
213.237229 0.70
213.287539 0.70
213.357753 0.70
213.422512 0.70
213.488228 0.70
213.547240 0.70
213.597630 0.70
213.657233 0.70
213.711634 0.70
213.771369 0.70
213.836239 0.70
213.892383 0.70
213.961981 0.70
214.026231 0.70
214.085240 0.70
214.146485 0.70
214.210515 0.70
214.275239 0.70
214.336236 0.70
214.390618 0.70
214.450241 0.70
214.511622 0.70
214.571243 0.70
214.632557 0.70
214.692245 0.70
214.757116 0.69
214.821623 0.70
214.887990 0.70
214.947569 0.70
215.003537 0.70
215.068244 0.70
215.133118 0.70
215.187243 0.69
215.252999 0.70
215.311865 0.70
215.366865 0.70
215.427405 0.70
215.492887 0.70
215.558242 0.70
215.617116 0.70
215.676119 0.70
215.731244 0.69
215.781245 0.69
215.839743 0.70
215.903246 0.70
215.966745 0.70
216.019121 0.70
216.069750 0.70
216.133255 0.70
216.196879 0.70
216.255248 0.70
216.318747 0.70
216.382246 0.69
216.445750 0.70
216.509249 0.70
216.572755 0.71
216.636252 0.70
216.699757 0.70
216.763254 0.70
216.826759 0.70
216.890256 0.70
216.953755 0.70
217.017395 0.70
217.075764 0.70
217.139262 0.70
217.194255 0.70
217.249253 0.70
217.312754 0.69
217.376255 0.69
217.431265 0.70
217.486266 0.70
217.541260 0.70
217.596258 0.70
217.656267 0.70
217.716260 0.70
217.776256 0.70
217.836259 0.70
217.895013 0.70
217.954011 0.70
218.013135 0.70
218.078015 0.70
218.131763 0.70
218.191386 0.70
218.249760 0.70
218.310639 0.70
218.374137 0.69
218.437637 0.70
218.490013 0.70
218.540639 0.70
218.604137 0.70
218.667639 0.70
218.720013 0.70
218.770639 0.70
218.834139 0.70
218.897640 0.70
218.950015 0.70
219.000643 0.70
219.064142 0.70
219.127642 0.70
219.180017 0.70
219.230645 0.70
219.294144 0.70
219.357645 0.70
219.421144 0.70
219.484645 0.70
219.548145 0.70
219.611645 0.70
219.675145 0.69
219.738646 0.70
219.802146 0.70
219.865647 0.70
219.929149 0.70
219.992649 0.70
220.056154 0.70
220.111150 0.70
220.166152 0.70
220.221280 0.71
220.279653 0.70
220.343161 0.70
220.398157 0.70
220.453160 0.70
220.513159 0.70
220.573156 0.70
220.628160 0.70
220.691658 0.70
220.751285 0.70
220.809661 0.70
220.883533 0.70
220.943658 0.70
221.002032 0.70
221.065539 0.70
221.125661 0.70
221.180662 0.69
221.227917 0.70
221.291536 0.70
221.355044 0.70
221.418536 0.70
221.482041 0.70
221.545537 0.70
221.609043 0.70
221.672667 0.70
221.731039 0.70
221.794548 0.70
221.858042 0.70
221.921671 0.70
221.980044 0.69
222.043548 0.70
222.107046 0.70
222.170552 0.70
222.234047 0.70
222.297545 0.70
222.361052 0.70
222.424548 0.70
222.488044 0.70
222.551548 0.70
222.615046 0.70
222.678554 0.70
222.742046 0.70
222.797056 0.70
222.860551 0.70
222.924053 0.70
222.979053 0.70
223.034050 0.70
223.089058 0.70
223.144052 0.70
223.207556 0.70
223.265928 0.70
223.329438 0.70
223.392934 0.70
223.456432 0.70
223.516434 0.70
223.572682 0.70
223.641430 0.70
223.704933 0.70
223.768441 0.70
223.828563 0.70
223.883558 0.70
223.938562 0.70
223.985811 0.69
224.035183 0.70
224.088438 0.70
224.140812 0.70
224.204436 0.70
224.264566 0.70
224.322933 0.70
224.386433 0.70
224.438809 0.69
224.489435 0.70
224.552939 0.70
224.616434 0.70
224.679935 0.70
224.743435 0.70
224.795810 0.70
224.855436 0.69
224.918935 0.70
224.982439 0.70
225.045935 0.70
225.109437 0.70
225.172937 0.70
225.236439 0.70
225.299939 0.70
225.363451 0.71
225.426943 0.70
225.490443 0.70
225.553951 0.70
225.617447 0.70
225.691324 0.70
225.749948 0.70
225.804952 0.70
225.868455 0.70
225.931947 0.70
225.986951 0.70
226.041951 0.70
226.098331 0.70
226.158456 0.70
226.221950 0.70
226.276829 0.70
226.340324 0.70
226.405459 0.70
226.460459 0.70
226.515453 0.70
226.562707 0.69
226.613331 0.70
226.671827 0.70
226.735331 0.70
226.787705 0.70
226.840961 0.70
226.899335 0.69
226.959455 0.70
227.015835 0.70
227.079332 0.70
227.131704 0.70
227.195338 0.70
227.247706 0.70
227.298341 0.71
227.356837 0.70
227.420332 0.70
227.483965 0.70
227.557834 0.70
227.621364 0.70
227.684835 0.70
227.748334 0.70
227.818335 0.69
227.881845 0.70
227.936093 0.70
228.000837 0.70
228.059749 0.70
228.125619 0.69
228.179969 0.70
228.255466 0.70
228.319971 0.70
228.390218 0.70
228.459974 0.70
228.524970 0.70
228.584341 0.70
228.653372 0.69
228.717354 0.70
228.786974 0.70
228.846615 0.70
228.901860 0.70
228.962352 0.70
229.031217 0.70
229.078967 0.69
229.142969 0.70
229.211726 0.70
229.275224 0.70
229.335759 0.70
229.396994 0.70
229.456636 0.70
229.512278 0.70
229.567980 0.70
229.627524 0.70
229.687111 0.69
229.746747 0.70
229.811354 0.70
229.866756 0.70
229.925870 0.70
229.990752 0.70
230.055751 0.70
230.121758 0.70
230.182754 0.70
230.247605 0.70
230.306356 0.70
230.375227 0.70
230.438977 0.70
230.497855 0.70
230.561987 0.70
230.626754 0.70
230.696748 0.70
230.771893 0.70
230.835732 0.70
230.889239 0.70
230.952741 0.70
231.011362 0.70
231.072289 0.70
231.129288 0.70
231.194121 0.70
231.256770 0.70
231.321630 0.70
231.375988 0.70
231.436653 0.70
231.490368 0.70
231.554368 0.70
231.623236 0.70
231.692383 0.70
231.751387 0.70
231.820997 0.70
231.876534 0.70
231.935760 0.70
231.996890 0.70
232.056498 0.70
232.125628 0.70
232.195896 0.70
232.255385 0.70
232.309897 0.70
232.369624 0.70
232.439628 0.71
232.509897 0.70
232.574499 0.70
232.623871 0.70
232.677248 0.70
232.741632 0.70
232.811880 0.70
232.876251 0.70
232.946539 0.70
233.001502 0.70
233.065785 0.69
233.141255 0.70
233.211407 0.70
233.266037 0.70
233.337128 0.70
233.412256 0.70
233.477257 0.70
233.536886 0.70
233.596512 0.70
233.652632 0.70
233.706917 0.70
233.766658 0.70
233.841015 0.70
233.907650 0.70
233.968634 0.70
234.024638 0.69
234.085635 0.70
234.149701 0.70
234.209655 0.70
234.272137 0.70
234.335638 0.70
234.396264 0.70
234.450778 0.70
234.510439 0.70
234.575139 0.69
234.644424 0.70
234.703427 0.70
234.757260 0.70
234.813267 0.70
234.863430 0.70
234.922448 0.70
234.976262 0.70
235.035261 0.70
235.099137 0.70
235.146416 0.70
235.200262 0.70
235.259417 0.70
235.318139 0.70
235.365583 0.70
235.430424 0.70
235.484425 0.70
235.538269 0.70
235.592267 0.70
235.657149 0.70
235.716792 0.70
235.770271 0.70
235.829810 0.70
235.883789 0.70
235.953270 0.70
236.007445 0.70
236.061567 0.70
236.131149 0.70
236.195032 0.70
236.258529 0.70
236.312795 0.70
236.377581 0.70
236.453155 0.70
236.525160 0.70
236.590156 0.70
236.651722 0.70
236.711723 0.70
236.773281 0.70
236.827686 0.70
236.892679 0.70
236.964555 0.70
237.031287 0.70
237.085801 0.70
237.141798 0.70
237.201282 0.70
237.260570 0.70
237.327288 0.70
237.381803 0.70
237.443163 0.70
237.497662 0.70
237.551812 0.70
237.613169 0.71
237.667683 0.70
237.723167 0.70
237.777595 0.69
237.833163 0.70
237.892160 0.70
237.951159 0.70
238.015171 0.70
238.065288 0.70
238.124161 0.70
238.184288 0.70
238.240163 0.70
238.299300 0.70
238.349695 0.71
238.409164 0.70
238.469287 0.70
238.528162 0.70
238.583938 0.70
238.643562 0.70
238.699922 0.70
238.759168 0.70
238.828689 0.70
238.883933 0.70
238.943704 0.70
239.003423 0.70
239.073428 0.70
239.149049 0.70
239.208576 0.70
239.273600 0.70
239.348941 0.70
239.419050 0.70
239.490309 0.70
239.551708 0.70
239.613175 0.70
239.667707 0.70
239.729179 0.70
239.783712 0.70
239.845311 0.70
239.910303 0.70
239.971607 0.70
240.031307 0.70
240.092699 0.70
240.157495 0.69
240.211570 0.70
240.281607 0.70
240.341308 0.70
240.406493 0.70
240.466313 0.70
240.536181 0.70
240.595442 0.70
240.654557 0.70
240.719310 0.70
240.784307 0.70
240.839182 0.70
240.903181 0.70
240.967056 0.70
241.027307 0.70
241.077183 0.70
241.127825 0.70
241.187815 0.70
241.244827 0.70
241.304814 0.70
241.355812 0.70
241.410842 0.69
241.465843 0.70
241.516816 0.70
241.580441 0.70
241.640958 0.70
241.706313 0.69
241.765313 0.70
241.819188 0.70
241.883188 0.70
241.947315 0.70
242.006190 0.69
242.061318 0.70
242.120191 0.70
242.184950 0.70
242.249588 0.70
242.313954 0.70
242.378828 0.70
242.443321 0.70
242.519081 0.70
242.573591 0.70
242.633078 0.70
242.687621 0.70
242.741449 0.70
242.806084 0.70
242.860326 0.69
242.920966 0.70
242.985325 0.70
243.045961 0.69
243.100458 0.70
243.160076 0.70
243.219199 0.70
243.272949 0.70
243.336961 0.70
243.396328 0.70
243.461969 0.70
243.535209 0.70
243.604955 0.70
243.664461 0.70
243.724210 0.70
243.784965 0.70
243.839461 0.70
243.899084 0.70
243.957973 0.70
244.017333 0.70
244.087331 0.70
244.157084 0.70
244.215957 0.70
244.280216 0.70
244.333957 0.70
244.398336 0.70
244.473462 0.70
244.523469 0.70
244.583215 0.70
244.643981 0.70
244.709007 0.70
244.784341 0.70
244.867879 0.69
244.937731 0.70
245.012101 0.70
245.081213 0.70
245.139964 0.70
245.204340 0.70
245.268338 0.70
245.342854 0.70
245.417226 0.70
245.492351 0.70
245.553102 0.70
245.619848 0.70
245.673971 0.70
245.733376 0.70
245.792975 0.70
245.852534 0.70
245.917516 0.70
245.982523 0.70
246.047529 0.69
246.113598 0.70
246.173231 0.71
246.248853 0.70
246.308609 0.70
246.368358 0.70
246.428103 0.70
246.478361 0.70
246.538105 0.70
246.598861 0.70
246.653367 0.70
246.713105 0.70
246.778110 0.70
246.842982 0.70
246.898230 0.70
246.968384 0.70
247.023749 0.70
247.085111 0.70
247.149985 0.70
247.211372 0.70
247.271113 0.70
247.336109 0.70
247.407640 0.70
247.467234 0.70
247.527363 0.70
247.592235 0.70
247.658118 0.70
247.728240 0.69
247.803881 0.70
247.858374 0.70
247.918114 0.70
247.982618 0.70
248.042240 0.70
248.107121 0.70
248.182541 0.70
248.247374 0.70
248.307125 0.70
248.373871 0.70
248.428380 0.70
248.489762 0.70
248.554241 0.70
248.618761 0.70
248.687631 0.70
248.752864 0.70
248.821630 0.70
248.885865 0.70
248.949883 0.70
249.008760 0.70
249.072635 0.70
249.138117 0.70
249.212637 0.70
249.282244 0.70
249.337530 0.70
249.412247 0.70
249.472623 0.70
249.533134 0.70
249.597767 0.69
249.657124 0.70
249.722004 0.70
249.786772 0.70
249.846258 0.70
249.906008 0.70
249.970786 0.70
250.025263 0.70
250.090132 0.70
250.145004 0.70
250.198644 0.70
250.263126 0.70
250.322000 0.70
250.375529 0.70
250.434769 0.70
250.499127 0.70
250.568128 0.70
250.642646 0.70
250.706533 0.70
250.776394 0.70
250.840648 0.70
250.904533 0.70
250.973649 0.70
251.042648 0.70
251.107259 0.70
251.166135 0.70
251.235658 0.70
251.299654 0.70
251.363652 0.70
251.428136 0.70
251.497665 0.69
251.557142 0.70
251.627023 0.70
251.693665 0.70
251.753017 0.70
251.814146 0.70
251.874895 0.70
251.935403 0.70
251.990903 0.70
252.051646 0.70
252.111019 0.70
252.171901 0.70
252.232404 0.70
252.291643 0.70
252.351019 0.69
252.420672 0.70
252.481402 0.70
252.540717 0.70
252.605590 0.70
252.688789 0.70
252.748275 0.70
252.814433 0.70
252.880597 0.70
252.955664 0.70
253.019898 0.70
253.095150 0.70
253.148790 0.70
253.213819 0.70
253.278663 0.70
253.338158 0.70
253.397907 0.69
253.467911 0.70
253.538282 0.70
253.608406 0.70
253.673290 0.70
253.745033 0.70
253.815161 0.70
253.874784 0.70
253.939818 0.70
254.002418 0.70
254.058158 0.70
254.118914 0.70
254.179913 0.70
254.246704 0.70
254.302422 0.70
254.363288 0.70
254.422588 0.69
254.483288 0.70
254.538550 0.70
254.598162 0.70
254.658788 0.70
254.717684 0.70
254.767811 0.70
254.837788 0.70
254.898290 0.70
254.957682 0.70
255.021685 0.70
255.072048 0.70
255.131810 0.70
255.192598 0.70
255.243048 0.70
255.302813 0.71
255.367717 0.70
255.418048 0.70
255.477820 0.70
255.542962 0.70
255.602797 0.70
255.672925 0.70
255.747922 0.70
255.823051 0.70
255.878692 0.70
255.943569 0.70
256.003434 0.70
256.069300 0.70
256.139495 0.70
256.199176 0.70
256.260049 0.70
256.329930 0.70
256.399436 0.70
256.456822 0.70
256.521301 0.70
256.590591 0.70
256.649425 0.70
256.713825 0.69
256.777801 0.70
256.836429 0.70
256.896832 0.69
256.955927 0.70
257.030702 0.70
257.091950 0.69
257.157701 0.70
257.219060 0.70
257.283444 0.70
257.337964 0.70
257.397705 0.70
257.458941 0.70
257.520606 0.70
257.574308 0.70
257.635209 0.70
257.694689 0.70
257.753435 0.70
257.812308 0.70
257.863434 0.70
257.914184 0.70
257.961573 0.70
258.015184 0.70
258.067577 0.70
258.121439 0.69
258.172188 0.70
258.242319 0.70
258.307192 0.69
258.360707 0.70
258.435828 0.70
258.499950 0.70
258.559606 0.70
258.613315 0.70
258.677443 0.70
258.741940 0.70
258.801067 0.69
258.860320 0.70
258.919317 0.70
258.988318 0.70
259.043948 0.70
259.108636 0.69
259.173732 0.70
259.243843 0.70
259.308843 0.70
259.367710 0.70
259.421320 0.70
259.490320 0.70
259.548945 0.70
259.607947 0.70
259.668449 0.69
259.727323 0.70
259.791324 0.70
259.855322 0.70
259.914953 0.70
259.974202 0.70
260.038453 0.70
260.097834 0.70
260.156593 0.70
260.217851 0.70
260.277598 0.70
260.338336 0.70
260.392844 0.70
260.457848 0.70
260.517633 0.70
260.587849 0.70
260.637603 0.70
260.702629 0.70
260.767332 0.70
260.822855 0.70
260.882462 0.70
260.936083 0.70
261.005206 0.69
261.074081 0.70
261.148335 0.69
261.217083 0.70
261.278084 0.70
261.342334 0.70
261.398120 0.70
261.462335 0.70
261.521085 0.70
261.585468 0.70
261.649635 0.70
261.713338 0.70
261.777962 0.70
261.836863 0.70
261.892368 0.70
261.956607 0.70
262.026596 0.70
262.086220 0.70
262.150731 0.70
262.220216 0.70
262.284353 0.70
262.357218 0.70
262.416217 0.70
262.475623 0.70
262.550738 0.70
262.610529 0.70
262.671868 0.70
262.736545 0.70
262.808107 0.70
262.867744 0.71
262.927531 0.70
262.988886 0.70
263.048609 0.70
263.113608 0.70
263.178524 0.70
263.248885 0.70
263.314981 0.70
263.381036 0.70
263.441480 0.70
263.500381 0.70
263.574983 0.70
263.634359 0.70
263.689355 0.70
263.743745 0.70
263.804036 0.70
263.863755 0.70
263.915022 0.70
263.971749 0.70
264.027239 0.70
264.081363 0.70
264.145747 0.69
264.210231 0.70
264.279884 0.70
264.346527 0.70
264.405619 0.70
264.470547 0.70
264.540879 0.70
264.596763 0.70
264.670241 0.70
264.724622 0.70
264.789546 0.70
264.854531 0.70
264.924625 0.70
264.991238 0.70
265.060640 0.70
265.130237 0.70
265.194238 0.70
265.258240 0.69
265.317252 0.70
265.371765 0.70
265.433243 0.70
265.487552 0.70
265.552624 0.70
265.619254 0.70
265.679130 0.70
265.738768 0.69
265.794776 0.69
265.851877 0.70
265.925132 0.70
265.985883 0.70
266.045247 0.70
266.099246 0.70
266.158244 0.70
266.217245 0.70
266.276245 0.70
266.335245 0.70
266.394121 0.70
266.458246 0.71
266.513247 0.70
266.572247 0.70
266.632877 0.70
266.686516 0.70
266.746882 0.70
266.797884 0.70
266.848881 0.71
266.913252 0.70
266.972538 0.70
267.033885 0.70
267.089137 0.70
267.148505 0.70
267.218260 0.70
267.283397 0.70
267.342637 0.70
267.407577 0.70
267.472551 0.70
267.537261 0.70
267.598510 0.70
267.663575 0.70
267.728432 0.70
267.798271 0.70
267.859639 0.70
267.919013 0.70
267.983554 0.70
268.048268 0.70
268.114148 0.70
268.168561 0.70
268.228140 0.70
268.292271 0.70
268.357271 0.70
268.423393 0.70
268.490026 0.70
268.549561 0.70
268.609270 0.70
268.674025 0.70
268.733554 0.70
268.793273 0.70
268.858272 0.70
268.923151 0.70
268.977596 0.70
269.039022 0.70
269.099777 0.70
269.155575 0.70
269.217035 0.70
269.271572 0.70
269.331275 0.70
269.396280 0.70
269.461279 0.70
269.526283 0.70
269.606035 0.70
269.660443 0.70
269.721025 0.70
269.776285 0.70
269.837402 0.70
269.902913 0.70
269.972402 0.70
270.042774 0.70
270.112029 0.70
270.171150 0.70
270.235403 0.70
270.305153 0.70
270.368922 0.70
270.438409 0.70
270.507702 0.70
270.577162 0.70
270.636280 0.70
270.697602 0.70
270.757285 0.70
270.818419 0.70
270.878179 0.70
270.943286 0.70
271.008164 0.70
271.069595 0.70
271.129421 0.70
271.189169 0.70
271.243414 0.70
271.308167 0.70
271.378289 0.70
271.449919 0.70
271.504423 0.70
271.564040 0.70
271.623421 0.70
271.683045 0.70
271.737417 0.70
271.797169 0.70
271.863918 0.70
271.919175 0.70
271.984175 0.70
272.044813 0.70
272.104423 0.70
272.164180 0.70
272.214295 0.70
272.285681 0.70
272.345297 0.70
272.420925 0.70
272.475476 0.70
272.540179 0.70
272.605179 0.70
272.670049 0.70
272.724428 0.70
272.784179 0.70
272.849059 0.70
272.905177 0.70
272.970052 0.70
273.036605 0.70
273.096435 0.70
273.156051 0.70
273.210452 0.70
273.270180 0.70
273.340061 0.69
273.410438 0.70
273.470179 0.70
273.535182 0.70
273.601932 0.70
273.656311 0.70
273.712188 0.70
273.778825 0.70
273.838438 0.70
273.898184 0.70
273.964306 0.70
274.030179 0.70
274.090929 0.70
274.154948 0.70
274.218945 0.70
274.282932 0.70
274.338059 0.70
274.391823 0.70
274.456061 0.70
274.509810 0.70
274.573947 0.70
274.624316 0.71
274.684063 0.70
274.738071 0.70
274.808444 0.70
274.873188 0.70
274.944574 0.70
275.003710 0.70
275.068189 0.70
275.129068 0.69
275.199075 0.70
275.264073 0.69
275.328958 0.70
275.383322 0.70
275.443071 0.70
275.503702 0.70
275.573078 0.70
275.637820 0.70
275.697325 0.70
275.757076 0.70
275.821832 0.70
275.876198 0.70
275.946450 0.70
276.000071 0.70
276.064082 0.70
276.128196 0.70
276.187196 0.70
276.265197 0.70
276.323570 0.70
276.398077 0.70
276.456600 0.70
276.526200 0.70
276.595966 0.70
276.655209 0.70
276.714960 0.70
276.784972 0.70
276.839333 0.70
276.898958 0.70
276.960339 0.70
277.021725 0.70
277.080580 0.70
277.149970 0.70
277.209213 0.70
277.268203 0.70
277.337974 0.70
277.396956 0.70
277.455737 0.70
277.505962 0.70
277.567210 0.70
277.621361 0.70
277.691748 0.70
277.741961 0.70
277.801358 0.70
277.867465 0.70
277.927212 0.70
277.987999 0.70
278.058339 0.70
278.130959 0.70
278.195337 0.69
278.259617 0.70
278.319217 0.70
278.384091 0.70
278.467970 0.70
278.538219 0.70
278.597841 0.70
278.661731 0.70
278.720629 0.70
278.790371 0.70
278.873467 0.70
278.950982 0.70
279.004859 0.70
279.063621 0.70
279.127468 0.70
279.191592 0.70
279.260991 0.70
279.335862 0.70
279.389610 0.70
279.453619 0.70
279.522969 0.70
279.581623 0.70
279.640869 0.69
279.694646 0.70
279.754106 0.70
279.818978 0.70
279.890549 0.70
279.956635 0.70
280.017356 0.70
280.081742 0.70
280.135748 0.70
280.186105 0.70
280.250754 0.70
280.301113 0.70
280.361748 0.69
280.420631 0.70
280.475727 0.70
280.534505 0.70
280.595648 0.70
280.656106 0.70
280.720229 0.70
280.773983 0.70
280.838105 0.70
280.897106 0.70
280.946874 0.70
281.005512 0.70
281.064644 0.70
281.129109 0.70
281.187857 0.70
281.246638 0.70
281.311110 0.70
281.370111 0.70
281.434537 0.70
281.498640 0.69
281.557637 0.70
281.616629 0.70
281.680632 0.70
281.739754 0.70
281.793505 0.70
281.862758 0.70
281.916765 0.70
281.970509 0.70
282.035248 0.70
282.101890 0.70
282.160992 0.70
282.220773 0.70
282.282120 0.70
282.351770 0.70
282.413128 0.70
282.479535 0.70
282.539001 0.69
282.598642 0.70
282.662888 0.70
282.718119 0.70
282.776993 0.70
282.829648 0.70
282.888524 0.70
282.947523 0.70
283.006371 0.70
283.070372 0.70
283.139373 0.70
283.203373 0.70
283.262377 0.70
283.322780 0.70
283.387633 0.70
283.446251 0.70
283.506783 0.70
283.567382 0.70
283.626379 0.70
283.682009 0.70
283.742631 0.70
283.806786 0.70
283.871785 0.70
283.936546 0.70
283.991013 0.70
284.056137 0.70
284.115634 0.70
284.169507 0.70
284.239007 0.70
284.299573 0.70
284.359138 0.70
284.414510 0.70
284.474014 0.70
284.538257 0.70
284.607398 0.70
284.671641 0.70
284.725390 0.70
284.785018 0.70
284.840794 0.69
284.905638 0.70
284.969386 0.70
285.041885 0.70
285.105886 0.70
285.169903 0.70
285.247392 0.70
285.311392 0.70
285.370407 0.70
285.429393 0.70
285.493406 0.70
285.557556 0.70
285.611909 0.70
285.667398 0.70
285.720891 0.71
285.782025 0.70
285.843398 0.70
285.893645 0.70
285.947269 0.70
286.016909 0.70
286.070268 0.70
286.129917 0.70
286.189399 0.70
286.253272 0.70
286.317408 0.70
286.371400 0.70
286.435802 0.70
286.511281 0.70
286.581536 0.70
286.646574 0.69
286.711407 0.70
286.765418 0.70
286.824415 0.70
286.883776 0.70
286.942402 0.70
287.006275 0.70
287.078150 0.70
287.147277 0.70
287.211277 0.70
287.269903 0.70
287.334282 0.70
287.393278 0.70
287.451904 0.70
287.515701 0.70
287.574279 0.70
287.643155 0.70
287.712406 0.70
287.776409 0.70
287.830583 0.70
287.889282 0.70
287.953681 0.70
288.018160 0.70
288.087425 0.70
288.141935 0.70
288.200805 0.70
288.270296 0.70
288.324809 0.70
288.384585 0.70
288.454423 0.70
288.529294 0.70
288.583290 0.70
288.647288 0.70
288.702416 0.70
288.761168 0.70
288.825289 0.70
288.884291 0.70
288.948587 0.70
289.009594 0.69
289.066420 0.70
289.125168 0.70
289.172609 0.70
289.236685 0.70
289.302591 0.70
289.372471 0.70
289.437611 0.70
289.509058 0.70
289.568427 0.70
289.627826 0.70
289.687609 0.70
289.757817 0.70
289.827928 0.70
289.894055 0.70
289.953429 0.70
290.012439 0.70
290.073302 0.70
290.137703 0.69
290.213309 0.70
290.267596 0.70
290.334307 0.70
290.390607 0.70
290.455833 0.70
290.517315 0.70
290.571826 0.69
290.631608 0.70
290.696190 0.70
290.755575 0.70
290.816306 0.70
290.875556 0.70
290.944698 0.70
291.003306 0.70
291.062701 0.70
291.121711 0.70
291.181439 0.70
291.246439 0.70
291.307445 0.70
291.368724 0.70
291.433312 0.70
291.492845 0.70
291.554197 0.70
291.608440 0.70
291.673444 0.70
291.738491 0.70
291.797837 0.70
291.858314 0.70
291.908713 0.70
291.967589 0.70
292.033316 0.70
292.098489 0.70
292.173844 0.70
292.239998 0.70
292.295714 0.70
292.355495 0.70
292.420457 0.70
292.484596 0.70
292.548854 0.70
292.604317 0.70
292.663318 0.70
292.722196 0.70
292.782319 0.70
292.837318 0.70
292.896322 0.70
292.955195 0.70
293.024602 0.70
293.099322 0.70
293.158196 0.70
293.222328 0.70
293.288072 0.70
293.357197 0.70
293.421589 0.70
293.480601 0.70
293.544456 0.70
293.603592 0.70
293.659326 0.70
293.713331 0.70
293.772202 0.70
293.841620 0.70
293.897082 0.70
293.956488 0.70
294.026461 0.70
294.097884 0.70
294.167620 0.70
294.223093 0.70
294.277333 0.70
294.336207 0.70
294.386369 0.70
294.445486 0.70
294.505607 0.70
294.564608 0.70
294.623486 0.70
294.693082 0.70
294.757210 0.70
294.815980 0.70
294.885088 0.69
294.940864 0.70
294.994462 0.70
295.059884 0.70
295.115871 0.70
295.174461 0.70
295.238965 0.70
295.299868 0.70
295.353505 0.70
295.414884 0.70
295.473467 0.70
295.524214 0.70
295.583341 0.70
295.636965 0.70
295.706089 0.70
295.769966 0.70
295.828466 0.70
295.897775 0.70
295.956467 0.70
296.020349 0.69
296.081095 0.70
296.149969 0.70
296.223972 0.70
296.287861 0.70
296.356862 0.70
296.426095 0.70
296.489971 0.70
296.548510 0.70
296.607502 0.70
296.668098 0.70
296.737226 0.70
296.791224 0.70
296.845225 0.70
296.899227 0.70
296.953226 0.70
297.007226 0.70
297.061233 0.70
297.120228 0.69
297.174102 0.70
297.233228 0.70
297.283102 0.70
297.338230 0.70
297.392232 0.70
297.446105 0.70
297.505230 0.70
297.555237 0.70
297.615763 0.70
297.681782 0.70
297.741366 0.70
297.801875 0.70
297.857531 0.70
297.917238 0.70
297.967236 0.70
298.033990 0.69
298.088540 0.70
298.148122 0.70
298.203990 0.70
298.268110 0.70
298.326989 0.69
298.391116 0.70
298.450113 0.70
298.514887 0.70
298.579866 0.70
298.648865 0.70
298.717901 0.70
298.777240 0.70
298.836379 0.70
298.911248 0.70
298.975626 0.70
299.042247 0.70
299.112386 0.70
299.177002 0.70
299.231562 0.70
299.291247 0.70
299.356128 0.70
299.426251 0.70
299.496557 0.70
299.556402 0.70
299.622669 0.70
299.688766 0.70
299.753406 0.70
299.807407 0.70
299.866401 0.70
299.925401 0.70
299.989765 0.70
300.058997 0.70
300.117998 0.70
300.177123 0.70
300.235999 0.70
300.291124 0.69
300.346000 0.70
300.401125 0.70
300.456126 0.70
300.511001 0.70
300.566001 0.70
300.621126 0.70
300.676002 0.70
300.735411 0.70
300.790659 0.70
300.860408 0.70
300.919128 0.70
300.983130 0.70
301.038004 0.70
301.093131 0.70
301.148134 0.70
301.207132 0.70
301.257133 0.70
301.311007 0.69
301.372263 0.70
301.442136 0.70
301.501405 0.70
301.562638 0.70
301.627430 0.70
301.693909 0.70
301.748442 0.70
301.818013 0.70
301.882013 0.70
301.941141 0.70
301.994781 0.70
302.054267 0.70
302.118659 0.70
302.188017 0.70
302.247015 0.70
302.311642 0.70
302.381148 0.70
302.452584 0.70
302.517269 0.70
302.577025 0.70
302.642023 0.70
302.706798 0.70
302.761274 0.70
302.821027 0.70
302.891155 0.70
302.962587 0.70
303.021791 0.70
303.080524 0.70
303.132904 0.70
303.187792 0.70
303.252279 0.70
303.312033 0.69
303.376024 0.70
303.435151 0.70
303.505028 0.70
303.575037 0.70
303.640039 0.70
303.711570 0.70
303.781678 0.70
303.852033 0.70
303.913166 0.70
303.983283 0.70
304.053031 0.70
304.112289 0.70
304.172166 0.70
304.241156 0.70
304.307803 0.70
304.362286 0.70
304.426681 0.70
304.502038 0.70
304.572287 0.70
304.631814 0.70
304.686296 0.69
304.746036 0.70
304.804551 0.70
304.873784 0.70
304.937549 0.70
305.006549 0.71
305.075801 0.70
305.145038 0.70
305.210455 0.69
305.264162 0.70
305.324922 0.70
305.389821 0.70
305.443559 0.69
305.509456 0.70
305.564573 0.70
305.625167 0.70
305.685449 0.70
305.750172 0.70
305.805503 0.70
305.861173 0.70
305.920925 0.69
305.985839 0.70
306.050818 0.70
306.115818 0.70
306.180824 0.69
306.231183 0.70
306.290924 0.70
306.355930 0.70
306.420932 0.70
306.491050 0.70
306.561053 0.69
306.636602 0.70
306.706708 0.70
306.761187 0.69
306.820928 0.70
306.891058 0.70
306.966698 0.70
307.021065 0.70
307.096605 0.70
307.163180 0.70
307.227935 0.70
307.288956 0.70
307.353931 0.69
307.409936 0.70
307.474830 0.70
307.534182 0.70
307.593056 0.70
307.662938 0.70
307.732965 0.69
307.792830 0.70
307.854061 0.70
307.918838 0.70
307.981377 0.70
308.037063 0.70
308.097837 0.70
308.159071 0.70
308.218479 0.70
308.273838 0.70
308.335071 0.70
308.399939 0.69
308.464836 0.70
308.525612 0.70
308.575712 0.70
308.626071 0.70
308.686068 0.70
308.741318 0.70
308.801072 0.70
308.866072 0.70
308.917366 0.70
308.983377 0.70
309.048489 0.70
309.118601 0.70
309.173073 0.70
309.238197 0.70
309.297599 0.69
309.352074 0.70
309.422488 0.70
309.482079 0.70
309.541851 0.70
309.611843 0.70
309.676722 0.70
309.731082 0.70
309.795610 0.70
309.854606 0.70
309.914075 0.70
309.978333 0.70
310.037845 0.70
310.102615 0.70
310.161961 0.70
310.237587 0.70
310.297081 0.69
310.352852 0.70
310.419368 0.70
310.483847 0.70
310.546390 0.69
310.607387 0.70
310.661850 0.70
310.724379 0.70
310.783963 0.70
310.843483 0.70
310.893605 0.70
310.944085 0.70
311.004728 0.70
311.054854 0.70
311.111650 0.70
311.172960 0.70
311.233729 0.70
311.294610 0.70
311.348335 0.70
311.407965 0.70
311.467744 0.70
311.524607 0.70
311.578968 0.70
311.644092 0.70
311.710213 0.70
311.779336 0.70
311.838732 0.70
311.907965 0.70
311.967100 0.69
312.031731 0.70
312.095757 0.70
312.170629 0.71
312.229370 0.70
312.299354 0.70
312.358738 0.70
312.423352 0.70
312.487538 0.70
312.546735 0.70
312.616352 0.70
312.680738 0.70
312.739734 0.70
312.804742 0.70
312.869471 0.70
312.933351 0.70
312.991735 0.70
313.060737 0.70
313.119741 0.70
313.189522 0.70
313.248355 0.70
313.303660 0.70
313.360741 0.70
313.426352 0.70
313.480874 0.70
313.545747 0.70
313.609864 0.70
313.669534 0.70
313.735981 0.70
313.791368 0.70
313.845876 0.70
313.905647 0.69
313.966614 0.70
314.027364 0.70
314.081641 0.69
314.138386 0.70
314.192755 0.70
314.262875 0.70
314.332758 0.70
314.399525 0.70
314.449861 0.70
314.509370 0.70
314.568994 0.70
314.633882 0.70
314.698615 0.70
314.763492 0.70
314.817765 0.70
314.893366 0.70
314.947866 0.70
315.007374 0.70
315.061887 0.69
315.121619 0.70
315.186551 0.70
315.256764 0.70
315.321369 0.69
315.380239 0.70
315.439373 0.70
315.498237 0.70
315.556879 0.70
315.615884 0.70
315.674755 0.70
315.738882 0.70
315.797884 0.70
315.856636 0.70
315.920756 0.70
315.984868 0.70
316.043760 0.70
316.107764 0.70
316.162993 0.70
316.221760 0.70
316.287248 0.70
316.351245 0.70
316.415768 0.70
316.480249 0.70
316.544569 0.70
316.611253 0.70
316.665773 0.70
316.730633 0.70
316.795561 0.70
316.862128 0.70
316.928056 0.70
316.993257 0.70
317.052770 0.70
317.112553 0.70
317.179258 0.70
317.238788 0.70
317.298553 0.70
317.363550 0.70
317.433562 0.70
317.498571 0.70
317.563131 0.70
317.627778 0.70
317.687552 0.70
317.757410 0.70
317.822465 0.70
317.887432 0.70
317.946666 0.70
318.016512 0.70
318.075260 0.70
318.134415 0.70
318.188414 0.70
318.242411 0.70
318.296260 0.70
318.365134 0.70
318.429135 0.70
318.498135 0.70
318.567261 0.70
318.631136 0.70
318.700262 0.70
318.754262 0.69
318.813013 0.70
318.887263 0.70
318.946706 0.70
319.005539 0.70
319.064517 0.70
319.125446 0.70
319.184787 0.70
319.240650 0.69
319.301428 0.70
319.366454 0.70
319.431275 0.70
319.485797 0.70
319.541791 0.70
319.601276 0.70
319.656958 0.70
319.712650 0.70
319.772458 0.70
319.837456 0.70
319.898468 0.70
319.969969 0.70
320.025276 0.71
320.079275 0.70
320.138287 0.70
320.188276 0.70
320.247464 0.70
320.323280 0.70
320.373655 0.70
320.438455 0.70
320.509953 0.70
320.574529 0.70
320.638527 0.69
320.708154 0.70
320.772154 0.70
320.836583 0.70
320.911279 0.70
320.970155 0.70
321.039575 0.70
321.103531 0.70
321.167597 0.70
321.237030 0.69
321.306579 0.70
321.371159 0.70
321.435035 0.70
321.504033 0.70
321.563035 0.70
321.627472 0.70
321.692585 0.70
321.752162 0.70
321.811160 0.70
321.870286 0.70
321.931161 0.70
321.995447 0.70
322.065167 0.70
322.124478 0.70
322.184296 0.70
322.249293 0.70
322.319298 0.70
322.384297 0.70
322.449179 0.69
322.499593 0.70
322.555174 0.70
322.609458 0.70
322.669824 0.70
322.723559 0.69
322.784063 0.69
322.845593 0.70
322.905173 0.70
322.964173 0.70
323.019171 0.70
323.084053 0.70
323.134300 0.70
323.199303 0.70
323.260305 0.70
323.316871 0.70
323.372601 0.70
323.428304 0.70
323.478302 0.70
323.543482 0.70
323.604306 0.70
323.664869 0.70
323.729931 0.70
323.789572 0.70
323.840842 0.70
323.891837 0.70
323.956484 0.70
324.026313 0.70
324.093065 0.70
324.147474 0.70
324.212063 0.70
324.266583 0.70
324.326309 0.70
324.391313 0.70
324.458063 0.70
324.512471 0.70
324.572189 0.70
324.633482 0.70
324.698195 0.70
324.763196 0.70
324.828188 0.69
324.882496 0.71
324.947607 0.70
325.003477 0.70
325.068490 0.70
325.128193 0.70
325.198075 0.70
325.252612 0.70
325.312318 0.70
325.382066 0.70
325.441201 0.70
325.506065 0.70
325.570315 0.70
325.635949 0.70
325.695191 0.70
325.745488 0.70
325.800952 0.70
325.851196 0.70
325.915951 0.70
325.970467 0.70
326.035071 0.70
326.090195 0.70
326.140205 0.70
326.195194 0.70
326.259849 0.70
326.321076 0.70
326.376324 0.70
326.441203 0.70
326.501952 0.70
326.566618 0.69
326.628984 0.70
326.693325 0.70
326.748459 0.70
326.808208 0.70
326.878078 0.70
326.938749 0.70
326.998202 0.70
327.052076 0.70
327.116201 0.70
327.182326 0.70
327.257212 0.70
327.322213 0.70
327.381331 0.70
327.445855 0.70
327.496215 0.70
327.560834 0.70
327.620337 0.70
327.685212 0.69
327.746207 0.70
327.811850 0.70
327.871083 0.70
327.924837 0.70
327.979210 0.70
328.039961 0.70
328.099367 0.69
328.159089 0.70
328.218338 0.70
328.282855 0.70
328.342961 0.70
328.406725 0.70
328.461853 0.70
328.525965 0.70
328.589603 0.70
328.656616 0.70
328.711962 0.70
328.775602 0.70
328.842617 0.69
328.903213 0.70
328.961862 0.71
329.025966 0.70
329.084589 0.70
329.148088 0.70
329.211590 0.70
329.275089 0.70
329.338590 0.70
329.402090 0.69
329.465591 0.70
329.529091 0.70
329.592592 0.70
329.656092 0.70
329.719593 0.70
329.783094 0.70
329.846594 0.70
329.910096 0.70
329.973596 0.70
330.037096 0.70
330.100597 0.70
330.164096 0.70
330.219096 0.70
330.282598 0.70
330.351874 0.70
330.417653 0.70
330.487225 0.70
330.561867 0.70
330.626226 0.70
330.681229 0.70
330.740227 0.70
330.799228 0.70
330.863106 0.70
330.922234 0.70
330.981513 0.69
331.046237 0.70
331.111115 0.70
331.173519 0.70
331.233238 0.70
331.298114 0.70
331.368119 0.71
331.443620 0.70
331.504111 0.70
331.568990 0.70
331.633992 0.70
331.693124 0.70
331.764532 0.70
331.824989 0.70
331.878899 0.70
331.943896 0.70
332.008625 0.70
332.067650 0.70
332.132239 0.69
332.185989 0.70
332.240247 0.70
332.299999 0.70
332.360493 0.70
332.425249 0.70
332.485003 0.70
332.549885 0.71
332.608646 0.70
332.678117 0.70
332.743521 0.70
332.817529 0.70
332.881510 0.70
332.956118 0.70
333.030764 0.70
333.090255 0.69
333.150002 0.70
333.214766 0.70
333.273889 0.70
333.328259 0.70
333.388524 0.70
333.443881 0.70
333.508536 0.70
333.573012 0.70
333.635427 0.70
333.696630 0.70
333.751920 0.70
333.812631 0.71
333.866775 0.70
333.917004 0.70
333.976003 0.70
334.045886 0.70
334.099638 0.70
334.149899 0.70
334.199889 0.70
334.264779 0.70
334.315136 0.70
334.380012 0.70
334.441133 0.70
334.506012 0.70
334.581561 0.70
334.651777 0.71
334.707146 0.70
334.766010 0.70
334.830135 0.70
334.884143 0.69
334.937886 0.70
334.991511 0.70
335.061144 0.70
335.125778 0.70
335.185266 0.70
335.251892 0.71
335.310810 0.70
335.366787 0.70
335.431911 0.70
335.502023 0.70
335.577647 0.70
335.637268 0.70
335.703897 0.70
335.768897 0.70
335.828019 0.70
335.887017 0.70
335.953563 0.70
336.013028 0.70
336.072648 0.70
336.137144 0.70
336.197660 0.70
336.256423 0.70
336.320518 0.69
336.384425 0.70
336.448422 0.70
336.512425 0.70
336.576425 0.70
336.640425 0.70
336.704424 0.70
336.763425 0.70
336.827426 0.70
336.886426 0.70
336.956275 0.69
337.016795 0.70
337.073793 0.70
337.123793 0.70
337.182683 0.70
337.247674 0.70
337.303155 0.70
337.363315 0.70
337.429611 0.70
337.494678 0.70
337.554160 0.70
337.624509 0.70
337.694157 0.70
337.754038 0.70
337.819162 0.70
337.889032 0.70
337.947906 0.70
338.006798 0.70
338.065438 0.70
338.124436 0.70
338.183438 0.70
338.242440 0.70
338.301438 0.70
338.360409 0.70
338.418822 0.70
338.477438 0.71
338.536446 0.70
338.595440 0.70
338.659441 0.70
338.723441 0.69
338.782441 0.70
338.841440 0.70
338.905443 0.70
338.974288 0.70
339.037920 0.70
339.096914 0.70
339.153443 0.70
339.212445 0.70
339.272558 0.70
339.331443 0.69
339.390457 0.70
339.450572 0.70
339.509166 0.70
339.569420 0.69
339.633293 0.69
339.703594 0.70
339.753565 0.70
339.807296 0.70
339.877304 0.70
339.947594 0.70
340.012464 0.70
340.071298 0.70
340.137201 0.70
340.196309 0.70
340.266303 0.70
340.330301 0.70
340.389934 0.70
340.449705 0.70
340.519569 0.70
340.573935 0.69
340.633619 0.70
340.703571 0.69
340.768703 0.70
340.833601 0.70
340.898307 0.70
340.962444 0.70
341.016303 0.71
341.080835 0.70
341.150825 0.70
341.214825 0.70
341.284308 0.70
341.354061 0.70
341.409308 0.70
341.463831 0.70
341.519716 0.70
341.584312 0.70
341.643942 0.70
341.703603 0.70
341.757311 0.70
341.821471 0.70
341.880704 0.70
341.944829 0.70
342.011317 0.70
342.070836 0.70
342.122101 0.70
342.187195 0.70
342.242842 0.70
342.307762 0.70
342.367614 0.70
342.428613 0.70
342.492853 0.70
342.552614 0.70
342.627948 0.70
342.689455 0.70
342.739841 0.70
342.806115 0.69
342.870614 0.70
342.935208 0.70
342.994323 0.70
343.058323 0.70
343.117746 0.70
343.187323 0.70
343.252203 0.70
343.313137 0.70
343.372845 0.70
343.442955 0.70
343.509581 0.70
343.573854 0.71
343.633455 0.69
343.689604 0.70
343.754463 0.70
343.819339 0.70
343.879207 0.70
343.949336 0.70
344.008870 0.69
344.078602 0.70
344.142599 0.70
344.212635 0.70
344.272334 0.70
344.331617 0.70
344.401626 0.70
344.471214 0.70
344.525728 0.70
344.590460 0.70
344.649466 0.70
344.710731 0.70
344.760732 0.70
344.814857 0.70
344.875728 0.70
344.945090 0.70
345.014619 0.70
345.080029 0.70
345.135640 0.70
345.207030 0.70
345.262771 0.70
345.318001 0.70
345.371759 0.70
345.427218 0.70
345.482852 0.69
345.547722 0.70
345.603095 0.70
345.664021 0.70
345.719535 0.70
345.784470 0.70
345.838626 0.70
345.913864 0.70
345.974753 0.69
346.039376 0.70
346.103094 0.70
346.173969 0.70
346.248628 0.70
346.318225 0.70
346.377744 0.70
346.437357 0.70
346.491762 0.70
346.551544 0.70
346.621620 0.70
346.691747 0.70
346.751627 0.70
346.821600 0.70
346.879973 0.70
346.943474 0.70
347.007106 0.70
347.065478 0.69
347.120651 0.70
347.174227 0.70
347.233511 0.70
347.303230 0.70
347.366876 0.70
347.431360 0.70
347.492788 0.70
347.548635 0.70
347.603504 0.70
347.668978 0.70
347.733229 0.70
347.792105 0.70
347.856230 0.70
347.920363 0.70
347.984754 0.70
348.043516 0.70
348.109108 0.70
348.169890 0.70
348.223766 0.70
348.289904 0.70
348.348861 0.70
348.413914 0.70
348.478237 0.70
348.536986 0.69
348.601235 0.70
348.660515 0.70
348.724363 0.70
348.788513 0.70
348.849892 0.70
348.903370 0.70
348.967517 0.70
349.036370 0.70
349.100114 0.70
349.164239 0.70
349.223240 0.70
349.282895 0.70
349.347241 0.70
349.405991 0.70
349.475117 0.70
349.534652 0.70
349.598996 0.70
349.673566 0.70
349.727512 0.70
349.797126 0.70
349.856124 0.70
349.914997 0.70
349.974546 0.70
350.034007 0.70
350.088540 0.70
350.153254 0.69
350.214396 0.70
350.281002 0.70
350.351255 0.70
350.412557 0.70
350.466504 0.70
350.526255 0.70
350.596256 0.70
350.666260 0.70
350.731255 0.70
350.796257 0.70
350.866259 0.70
350.931261 0.70
350.990128 0.70
351.049509 0.70
351.109134 0.70
351.164257 0.70
351.228538 0.70
351.288816 0.70
351.344133 0.70
351.394763 0.70
351.458258 0.70
351.517426 0.70
351.586256 0.70
351.649758 0.70
351.702133 0.70
351.761137 0.70
351.816261 0.70
351.886762 0.69
351.945789 0.70
352.005439 0.70
352.076800 0.69
352.136018 0.70
352.190564 0.70
352.259763 0.70
352.334912 0.70
352.396460 0.70
352.460641 0.70
352.530141 0.70
352.589432 0.70
352.663660 0.70
352.727660 0.70
352.799019 0.70
352.863564 0.70
352.924897 0.70
352.983896 0.70
353.048021 0.71
353.107579 0.69
353.173156 0.70
353.234445 0.70
353.289906 0.70
353.344276 0.70
353.405155 0.70
353.466154 0.70
353.523151 0.70
353.584280 0.70
353.655705 0.70
353.715473 0.70
353.780572 0.69
353.840452 0.70
353.895915 0.70
353.950453 0.70
354.005907 0.69
354.060281 0.70
354.129703 0.70
354.200701 0.70
354.260792 0.70
354.332449 0.70
354.392160 0.70
354.458041 0.70
354.514160 0.70
354.584578 0.70
354.647166 0.70
354.712161 0.70
354.767159 0.70
354.832677 0.69
354.898158 0.69
354.953033 0.70
355.008033 0.70
355.072158 0.70
355.136159 0.70
355.195034 0.70
355.259160 0.70
355.317911 0.70
355.386551 0.69
355.442037 0.70
355.506038 0.70
355.565037 0.70
355.618555 0.70
355.683295 0.70
355.748558 0.70
355.822681 0.70
355.878167 0.70
355.944053 0.70
356.009048 0.70
356.074046 0.70
356.127938 0.70
356.192293 0.70
356.252043 0.70
356.322173 0.70
356.396933 0.70
356.451468 0.70
356.510830 0.70
356.565301 0.70
356.624930 0.70
356.686310 0.70
356.746054 0.70
356.811056 0.70
356.871835 0.70
356.926305 0.70
356.986058 0.70
357.050932 0.70
357.101555 0.70
357.165054 0.70
357.230053 0.70
357.295058 0.70
357.360062 0.70
357.420824 0.70
357.475310 0.70
357.535067 0.70
357.600057 0.70
357.661313 0.70
357.721068 0.70
357.792605 0.70
357.851934 0.69
357.910841 0.70
357.970308 0.70
358.040058 0.70
358.106070 0.70
358.165184 0.70
358.235066 0.70
358.300063 0.70
358.359187 0.70
358.425837 0.70
358.480199 0.70
358.541063 0.70
358.600186 0.70
358.674974 0.70
358.741313 0.70
358.800191 0.70
358.869840 0.70
358.928709 0.70
358.988197 0.70
359.053193 0.70
359.107194 0.70
359.162500 0.70
359.223515 0.70
359.279197 0.70
359.350951 0.70
359.415956 0.70
359.486070 0.70
359.550952 0.70
359.611948 0.70
359.670947 0.70
359.721202 0.70
359.780949 0.70
359.839600 0.70
359.904205 0.70
359.963952 0.70
360.037949 0.70
360.091455 0.70
360.154956 0.70
360.219077 0.70
360.278075 0.71
360.342603 0.70
360.411590 0.70
360.475719 0.70
360.535212 0.70
360.599595 0.69
360.658610 0.70
360.728327 0.70
360.789078 0.70
360.853960 0.70
360.918855 0.70
360.972599 0.70
361.039211 0.70
361.098861 0.70
361.159959 0.70
361.215964 0.70
361.280838 0.69
361.341600 0.69
361.396088 0.70
361.451744 0.70
361.511087 0.70
361.575601 0.69
361.639991 0.70
361.705612 0.70
361.769855 0.70
361.823858 0.70
361.889461 0.70
361.948085 0.70
362.022461 0.70
362.081086 0.70
362.155464 0.70
362.211089 0.70
362.264338 0.70
362.325094 0.70
362.378865 0.70
362.443092 0.70
362.496618 0.70
362.560763 0.70
362.621340 0.70
362.695858 0.70
362.754739 0.70
362.813468 0.70
362.874094 0.69
362.927749 0.70
362.981469 0.70
363.045661 0.70
363.099866 0.70
363.158973 0.70
363.223098 0.70
363.287499 0.70
363.357224 0.70
363.412472 0.70
363.482641 0.70
363.547229 0.70
363.618760 0.70
363.674875 0.70
363.739879 0.69
363.804862 0.70
363.865875 0.70
363.930878 0.70
363.992127 0.70
364.051876 0.70
364.116876 0.69
364.181750 0.70
364.242639 0.70
364.301868 0.70
364.361017 0.70
364.420755 0.70
364.476625 0.69
364.535607 0.70
364.585988 0.70
364.645899 0.69
364.705360 0.70
364.769991 0.70
364.829761 0.70
364.884992 0.70
364.936547 0.70
364.986990 0.70
365.047523 0.69
365.106364 0.69
365.170364 0.70
365.234988 0.70
365.293992 0.70
365.358630 0.70
365.408764 0.70
365.458630 0.70
365.513769 0.70
365.578635 0.70
365.632993 0.70
365.693242 0.70
365.762522 0.70
365.823289 0.70
365.892539 0.70
365.956883 0.70
366.026651 0.70
366.085898 0.70
366.161402 0.70
366.220534 0.70
366.284996 0.70
366.343885 0.70
366.408515 0.70
366.467383 0.69
366.526413 0.70
366.585999 0.70
366.645006 0.69
366.700773 0.70
366.765445 0.70
366.829875 0.70
366.888875 0.70
366.953408 0.70
367.012518 0.69
367.076425 0.70
367.135458 0.69
367.195005 0.70
367.259426 0.70
367.323774 0.70
367.389877 0.70
367.450633 0.70
367.509901 0.70
367.568774 0.70
367.623639 0.70
367.687132 0.70
367.747635 0.70
367.802774 0.70
367.867638 0.70
367.932423 0.70
367.986544 0.70
368.040421 0.70
368.099257 0.70
368.154526 0.70
368.208563 0.70
368.273137 0.70
368.348137 0.70
368.400680 0.70
368.465552 0.70
368.519781 0.70
368.578260 0.70
368.642260 0.70
368.706415 0.70
368.765261 0.70
368.834137 0.70
368.897901 0.70
368.956779 0.69
369.020779 0.70
369.079908 0.70
369.138780 0.70
369.202782 0.70
369.276657 0.70
369.335265 0.70
369.404140 0.70
369.467908 0.70
369.526783 0.70
369.596269 0.70
369.655434 0.70
369.719269 0.70
369.773428 0.70
369.832576 0.70
369.887712 0.70
369.943439 0.69
369.993523 0.70
370.047649 0.70
370.108272 0.70
370.167273 0.70
370.227398 0.70
370.281023 0.69
370.342054 0.70
370.397457 0.70
370.451791 0.70
370.512593 0.70
370.577574 0.70
370.647279 0.70
370.706805 0.70
370.766567 0.70
370.836423 0.70
370.895155 0.70
370.942446 0.70
371.001822 0.70
371.067797 0.69
371.127574 0.70
371