0.000000 0.000000
0.041670 4.02
0.106649 2.66
0.171657 2.66
0.231163 2.66
0.294761 2.66
0.363509 2.66
0.432136 2.66
0.500760 2.66
0.560887 2.66
0.614137 2.66
0.682762 2.66
0.747537 2.66
0.812686 2.66
0.883168 2.66
0.933669 4.34
0.995021 4.34
1.045019 4.34
1.099018 4.34
1.157893 4.34
1.221891 4.34
1.272658 4.34
1.320018 4.34
1.379563 4.34
1.435031 4.34
1.489540 4.34
1.549023 4.34
1.602896 4.34
1.661896 4.34
1.725895 4.34
1.776660 4.34
1.845897 4.34
1.896663 4.34
1.965648 4.34
2.026299 4.34
2.079774 4.34
2.148774 4.34
2.213775 4.34
2.287776 4.34
2.361652 4.34
2.435777 4.34
2.509652 4.34
2.583653 4.34
2.657654 4.34
2.721779 4.34
2.795655 4.34
2.869656 4.34
2.938655 4.34
3.012781 4.34
3.086657 4.34
3.155657 4.34
3.229658 4.34
3.303659 4.34
3.377660 4.34
3.451660 4.34
3.525660 4.34
3.594786 4.34
3.663912 4.34
3.722679 4.34
3.786662 4.34
3.850663 4.34
3.914680 4.34
3.978680 4.34
4.042665 4.34
4.106682 4.34
4.170666 4.34
4.234681 4.34
4.298667 4.34
4.367544 4.34
4.414792 4.34
4.464170 4.34
4.522543 4.34
4.569793 4.34
4.619170 4.34
4.677669 4.34
4.741171 4.34
4.799545 4.34
4.857920 4.34
4.926545 4.34
4.973796 4.34
5.024421 4.34
5.087922 4.34
5.156547 4.34
5.214923 4.34
5.283548 4.34
5.341925 4.34
5.410549 4.34
5.468925 4.34
5.537551 4.34
5.595926 4.34
5.659553 4.34
5.717927 4.34
5.786553 4.34
5.844928 4.34
5.913553 4.34
5.971929 4.34
6.040555 4.34
6.098931 4.34
6.167556 4.34
6.227683 4.34
6.280931 4.34
6.349558 4.34
6.407933 4.34
6.471558 4.34
6.531560 4.34
6.591560 4.34
6.655185 4.34
6.706561 4.34
6.766562 4.34
6.825061 4.34
6.888562 4.34
6.948562 4.34
7.001812 4.34
7.070438 4.34
7.125439 4.34
7.180439 4.34
7.235440 4.34
7.286565 4.34
7.341065 4.34
7.399441 4.34
7.454441 4.34
7.501691 4.34
7.552317 4.34
7.615817 4.34
7.684443 4.34
7.742819 4.34
7.811444 4.34
7.869820 4.34
7.938445 4.34
7.996820 4.34
8.065446 4.34
8.123821 4.34
8.192447 4.34
8.250822 4.34
8.319448 4.34
8.377823 4.34
8.446449 4.34
8.504825 4.34
8.573450 4.34
8.631826 4.34
8.700451 4.34
8.758826 4.34
8.827453 4.34
8.885827 4.34
8.954454 4.34
9.012829 4.34
9.081455 4.34
9.141581 4.34
9.196457 4.34
9.254830 4.34
9.323456 4.34
9.383458 4.34
9.443459 4.34
9.503460 4.34
9.563460 4.34
9.616708 4.34
9.681834 4.34
9.745335 4.34
9.792586 4.34
9.847463 4.34
9.900712 4.34
9.969337 4.34
10.016587 4.34
10.065962 4.34
10.124338 4.34
10.179338 4.34
10.234339 4.34
10.292713 4.34
10.361339 4.34
10.408590 4.34
10.459217 4.34
10.522716 4.34
10.591341 4.34
10.649717 4.34
10.718342 4.34
10.776718 4.34
10.845343 4.34
10.903718 4.68
10.972345 4.34
11.030720 4.34
11.099346 4.34
11.157721 4.34
11.226347 4.34
11.284721 4.34
11.353348 4.34
11.411723 4.34
11.480349 4.34
11.538724 4.34
11.607349 4.34
11.667476 4.34
11.720726 4.34
11.789351 4.34
11.847727 4.34
11.916352 4.34
11.976353 4.34
12.036355 4.34
12.094729 4.34
12.163354 4.34
12.223356 4.68
12.283356 4.34
12.343357 4.34
12.403357 4.34
12.456606 4.34
12.525234 4.34
12.583607 4.34
12.652235 4.34
12.707236 4.34
12.762235 4.34
12.813358 4.34
12.876859 4.34
12.935236 4.34
12.986361 4.34
13.049861 4.34
13.108238 4.34
13.155487 4.34
13.204862 4.34
13.263240 4.34
13.321613 4.34
13.390240 4.34
13.448614 4.34
13.517242 4.34
13.575615 4.34
13.644242 4.34
13.702617 4.34
13.771242 4.34
13.829617 4.34
13.898243 4.34
13.956619 4.34
14.025244 4.34
14.083620 4.34
14.152246 4.34
14.226246 4.34
14.296747 4.34
14.360398 4.34
14.429400 4.34
14.503249 4.34
14.572514 4.34
14.637750 4.34
14.701402 4.34
14.770400 4.34
14.840752 4.34
14.904279 4.34
14.968131 4.34
15.033253 4.34
15.093253 4.34
15.153254 4.34
15.213254 4.34
15.266504 4.34
15.335255 4.34
15.395255 4.34
15.455257 4.34
15.508506 4.68
15.577137 4.34
15.632138 4.34
15.687137 4.34
15.742137 4.34
15.789384 4.34
15.840008 4.34
15.903509 4.34
15.967137 4.34
16.025510 4.34
16.094137 4.34
16.152511 4.34
16.221138 4.34
16.279512 4.34
16.348138 4.34
16.406514 4.34
16.475140 4.34
16.533515 4.34
16.602141 4.34
16.660515 4.34
16.729141 4.34
16.787515 4.34
16.856143 4.34
16.914517 4.34
16.983144 4.34
17.041518 4.34
17.110145 4.34
17.168519 4.34
17.237146 4.34
17.297272 4.34
17.352272 4.34
17.407272 4.34
17.460522 4.34
17.529148 4.34
17.589150 4.34
17.649150 4.34
17.709150 4.34
17.769151 4.34
17.829151 4.34
17.889151 4.34
17.949152 4.34
18.009153 4.34
18.069153 4.34
18.132652 4.34
18.196154 4.34
18.259653 4.34
18.318028 4.34
18.373029 4.34
18.428030 4.34
18.479156 4.34
18.533655 4.34
18.592030 4.34
18.647030 4.34
18.702031 4.34
18.749282 4.34
18.798657 4.34
18.857033 4.34
18.904283 4.34
18.954908 4.34
19.018409 4.34
19.082034 4.34
19.140410 4.34
19.209035 4.34
19.267410 4.34
19.336036 4.34
19.394411 4.34
19.463037 4.34
19.521413 4.34
19.590038 4.34
19.648414 4.34
19.712039 4.34
19.770415 4.34
19.839042 4.34
19.897416 4.34
19.966042 4.34
20.024417 4.34
20.093042 4.34
20.151418 4.34
20.220044 4.34
20.278419 4.34
20.342044 4.34
20.400419 4.34
20.469045 4.34
20.529048 4.34
20.587421 4.34
20.656047 4.34
20.716049 4.34
20.776050 4.34
20.836050 4.34
20.896050 4.34
20.951050 4.34
21.004301 4.34
21.069425 4.34
21.132926 4.34
21.180178 4.34
21.229552 4.34
21.287926 4.34
21.339052 4.34
21.402553 4.34
21.460928 4.34
21.508180 4.34
21.558805 4.34
21.622305 4.34
21.690930 4.34
21.738182 4.34
21.788806 4.34
21.852306 4.34
21.920932 4.34
21.979308 4.34
22.047933 4.34
22.106308 4.34
22.174934 4.34
22.233310 4.34
22.301936 4.34
22.360311 4.34
22.428937 4.34
22.487312 4.34
22.555937 4.34
22.614313 4.34
22.682938 4.34
22.746564 4.34
22.804940 4.34
22.863315 4.34
22.931941 4.34
22.990316 4.34
23.058942 4.34
23.127567 4.34
23.185942 4.34
23.244318 4.34
23.312943 4.34
23.376569 4.34
23.427946 4.34
23.487946 4.34
23.542946 4.34
23.602947 4.34
23.662947 4.34
23.717948 4.34
23.777949 4.34
23.837949 4.34
23.892950 4.34
23.946199 4.34
24.014824 4.34
24.069825 4.34
24.124825 4.34
24.172075 4.34
24.226701 4.34
24.295327 4.34
24.358826 4.34
24.406077 4.34
24.455453 4.34
24.513828 4.34
24.561078 4.34
24.611704 4.34
24.675205 4.34
24.743829 4.34
24.802207 4.34
24.870832 4.34
24.929208 4.34
24.997832 4.34
25.056209 4.34
25.124833 4.34
25.183210 4.34
25.251833 4.34
25.310211 4.34
25.378834 4.34
25.437212 4.34
25.505836 4.34
25.574586 4.34
25.643214 4.34
25.711837 4.34
25.770215 4.34
25.838838 4.34
25.898965 4.34
25.952216 4.34
26.020840 4.34
26.079217 4.34
26.147841 4.34
26.207843 4.34
26.266218 4.34
26.334843 4.34
26.394844 4.34
26.454845 4.34
26.514846 4.34
26.578345 4.34
26.641844 4.34
26.697595 4.34
26.761096 4.34
26.829721 4.34
26.876972 4.34
26.927597 4.34
26.991098 4.34
27.059724 4.34
27.106974 4.34
27.175724 4.34
27.222975 4.34
27.272350 4.34
27.330726 4.34
27.377976 4.34
27.428602 4.34
27.492102 4.34
27.560727 4.34
27.619102 4.34
27.687728 4.34
27.746103 4.34
27.814730 4.34
27.873104 4.34
27.941730 4.34
28.000105 4.34
28.068732 4.34
28.127107 4.34
28.195733 4.34
28.264484 4.34
28.333109 4.34
28.401734 4.34
28.460109 4.34
28.528735 4.34
28.587111 4.34
28.655736 4.34
28.714112 4.34
28.782737 4.34
28.841113 4.34
28.909739 4.34
28.980113 4.34
29.048739 4.34
29.108741 4.34
29.168742 4.34
29.228743 4.34
29.288743 4.34
29.348743 4.34
29.401992 4.34
29.470617 4.34
29.525619 4.34
29.580619 4.34
29.635619 4.34
29.690620 4.34
29.737870 4.34
29.792747 4.34
29.845996 4.34
29.914621 4.34
29.965747 4.34
30.021497 4.34
30.084998 4.34
30.153624 4.34
30.200874 4.34
30.272625 4.34
30.331000 4.34
30.399627 4.34
30.458000 4.34
30.526627 4.34
30.608627 4.34
30.667003 4.34
30.735629 4.34
30.794004 4.34
30.862630 4.34
30.944630 4.34
31.003006 4.34
31.071632 4.34
31.130006 4.34
31.198632 4.34
31.280633 4.34
31.339009 4.34
31.407634 4.34
31.466008 4.34
31.534634 4.34
31.616635 4.34
31.676637 4.34
31.736638 4.34
31.796638 4.34
31.856640 4.34
31.916638 4.34
31.976641 4.34
32.036640 4.34
32.100264 4.34
32.168889 4.34
32.237515 4.34
32.297640 4.34
32.376015 4.34
32.434516 4.34
32.489517 4.34
32.544518 4.34
32.595643 4.34
32.659144 4.34
32.717519 4.34
32.764770 4.34
32.814146 4.34
32.872520 4.34
32.928771 4.34
32.987150 4.34
33.055896 4.34
33.124523 4.34
33.182897 4.34
33.246524 4.34
33.304898 4.34
33.373524 4.34
33.431899 4.34
33.500525 4.34
33.558900 4.34
33.627527 4.68
33.685901 4.34
33.754528 4.68
33.812902 4.34
33.876528 4.34
33.934903 4.34
34.003529 4.34
34.061904 4.34
34.130530 4.34
34.188905 4.34
34.257531 4.34
34.317659 4.34
34.372659 4.34
34.425908 4.34
34.494533 4.34
34.552909 4.34
34.621534 4.34
34.681536 4.34
34.739909 4.34
34.808537 4.34
34.868537 4.34
34.928538 4.34
34.981787 4.34
35.046913 4.34
35.110413 4.34
35.170538 4.34
35.234039 4.34
35.292415 4.34
35.347415 4.34
35.402415 4.34
35.453540 4.34
35.508041 4.34
35.566417 4.34
35.613667 4.34
35.663042 4.34
35.721417 4.34
35.768668 4.34
35.819293 4.34
35.882793 4.34
35.951420 4.34
36.009794 4.34
36.078421 4.34
36.136795 4.34
36.205422 4.34
36.263797 4.34
36.332423 4.34
36.390798 4.34
36.459424 4.34
36.517799 4.34
36.586425 4.34
36.644800 4.34
36.713426 4.34
36.771801 4.34
36.840427 4.34
36.898802 4.34
36.967428 4.34
37.025803 4.34
37.094429 4.34
37.152804 4.34
37.221430 4.34
37.281558 4.34
37.334806 4.34
37.403432 4.34
37.463434 4.34
37.521807 4.34
37.590433 4.34
37.650434 4.34
37.710435 4.34
37.770436 4.34
37.830436 4.34
37.890437 4.34
37.950437 4.34
38.003686 4.34
38.072312 4.34
38.127313 4.34
38.178437 4.34
38.238439 4.34
38.291688 4.34
38.360314 4.34
38.411440 4.34
38.467191 4.34
38.530691 4.34
38.599316 4.34
38.657691 4.34
38.726317 4.34
38.773568 4.34
38.824193 4.34
38.887693 4.34
38.956318 4.34
39.003569 4.34
39.054196 4.34
39.117695 4.34
39.186321 4.34
39.244696 4.34
39.313322 4.34
39.371697 4.34
39.440323 4.34
39.498698 4.34
39.567324 4.34
39.625699 4.34
39.694324 4.34
39.752700 4.34
39.821326 4.34
39.879702 4.34
39.948327 4.34
40.008454 4.34
40.061702 4.34
40.130328 4.34
40.190330 4.34
40.248704 4.34
40.317330 4.34
40.377332 4.34
40.437332 4.34
40.505956 4.34
40.557333 4.34
40.617334 4.34
40.677334 4.34
40.737335 4.34
40.790584 4.34
40.859210 4.34
40.914210 4.34
40.969211 4.34
41.024212 4.34
41.071461 4.34
41.122087 4.34
41.185586 4.34
41.254213 4.34
41.305337 4.34
41.361088 4.34
41.424588 4.34
41.493216 4.34
41.540464 4.34
41.591090 4.34
41.654591 4.34
41.723217 4.34
41.781592 4.34
41.850218 4.34
41.908593 4.34
41.977220 4.34
42.035594 4.34
42.104220 4.34
42.162594 4.34
42.231222 4.34
42.289595 4.34
42.358223 4.34
42.416596 4.34
42.485223 4.34
42.543598 4.34
42.612225 4.34
42.670599 4.34
42.739225 4.34
42.799351 4.34
42.854351 4.34
42.909352 4.34
42.964227 4.34
43.024228 4.34
43.084228 4.34
43.144229 4.34
43.204230 4.34
43.264229 4.34
43.318853 4.34
43.387479 4.34
43.452605 4.34
43.521232 4.34
43.584731 4.34
43.648232 4.34
43.711732 4.34
43.770107 4.34
43.825108 4.34
43.876235 4.34
43.930733 4.34
43.989109 4.34
44.040236 4.34
44.095984 4.34
44.154485 4.34
44.223111 4.34
44.281486 4.34
44.345112 4.34
44.392362 4.34
44.451988 4.34
44.515488 4.34
44.584114 4.34
44.642489 4.34
44.711115 4.34
44.780117 4.34
44.849117 4.34
44.923242 4.34
44.992119 4.34
45.066118 4.34
45.140244 4.34
45.214245 4.34
45.283120 4.34
45.352128 4.68
45.421130 4.34
45.490129 4.34
45.564249 4.34
45.633130 4.34
45.702133 4.34
45.776249 4.34
45.845249 4.34
45.914132 4.68
45.983134 4.34
46.052130 4.34
46.116277 4.34
46.180002 4.34
46.259002 4.68
46.337629 4.34
46.396133 4.34
46.450629 4.34
46.509004 4.34
46.564136 4.34
46.618630 4.34
46.677005 4.34
46.732137 4.34
46.788007 4.34
46.853883 4.34
46.926139 4.34
46.990284 4.34
47.062760 4.34
47.121409 4.34
47.188761 4.34
47.247411 4.34
47.306012 4.34
47.369887 4.34
47.433888 4.34
47.497763 4.68
47.556413 4.34
47.625141 5.69
47.689015 6.36
47.757765 6.36
47.816406 6.36
47.880143 6.36
47.951674 6.68
48.017436 6.68
48.076644 6.68
48.137018 6.68
48.207679 6.68
48.273666 6.68
48.327303 7.02
48.386021 6.68
48.455299 7.02
48.519785 7.02
48.584779 7.02
48.654193 7.02
48.713024 7.02
48.782303 7.02
48.851899 7.37
48.910650 7.02
48.971053 7.37
49.035026 7.37
49.099206 7.37
49.154029 7.37
49.217527 7.37
49.281027 7.37
49.335527 7.69
49.394038 7.69
49.448534 7.69
49.506906 7.69
49.554157 7.69
49.612530 7.69
49.670917 7.69
49.729287 7.69
49.797908 8.03
49.845159 8.03
49.895782 8.03
49.959282 8.03
50.027914 8.03
50.086287 8.03
50.154910 8.03
50.213285 8.35
50.281914 8.35
50.340287 8.35
50.408911 8.35
50.467286 8.35
50.535911 8.35
50.594291 8.70
50.662914 8.70
50.721289 8.70
50.789914 8.70
50.848294 8.70
50.916917 8.70
50.977042 8.70
51.030291 8.70
51.098916 9.04
51.159047 9.04
51.214046 9.04
51.269044 9.04
51.322294 9.04
51.390919 9.04
51.450925 9.04
51.510923 9.04
51.570922 9.36
51.630922 9.36
51.690922 9.36
51.744181 9.36
51.812802 9.36
51.872925 9.36
51.932549 9.71
51.978424 9.71
52.036802 9.71
52.091801 9.71
52.139051 9.71
52.188425 9.71
52.246801 9.71
52.294051 9.71
52.353931 9.71
52.414217 10.03
52.468234 10.03
52.522812 10.03
52.584184 10.03
52.653342 10.03
52.713944 10.03
52.773704 10.03
52.838819 10.03
52.903725 10.03
52.967806 10.03
53.026574 10.03
53.085574 10.03
53.141058 10.03
53.205684 10.03
53.259578 10.03
53.320354 10.03
53.380604 10.03
53.444703 10.03
53.498578 10.03
53.563068 10.03
53.628692 10.03
53.682214 10.03
53.745939 10.03
53.816314 10.03
53.869945 10.03
53.928940 10.03
53.993067 10.03
54.046941 10.03
54.117356 10.03
54.170942 10.03
54.240443 10.03
54.291826 10.03
54.360949 10.03
54.429825 10.03
54.495862 10.03
54.550824 10.03
54.616328 10.03
54.672248 10.03
54.727960 10.03
54.787617 10.03
54.852705 10.03
54.919212 10.03
54.983829 10.03
55.048076 10.03
55.106948 10.03
55.170701 10.03
55.222616 10.03
55.292337 10.03
55.345957 10.03
55.404844 10.03
55.474077 10.03
55.537702 10.03
55.609221 10.03
55.663598 10.03
55.728280 10.03
55.793216 10.03
55.853094 10.03
55.918234 10.03
55.976970 10.03
56.046088 10.03
56.105083 10.03
56.168712 10.03
56.227084 10.03
56.296090 10.03
56.359835 10.03
56.435842 10.37
56.504961 10.37
56.564092 10.03
56.618509 10.37
56.687352 10.03
56.752713 10.03
56.816713 10.03
56.887217 10.03
56.950718 10.03
57.010718 10.03
57.069605 10.03
57.124717 10.03
57.184733 10.03
57.244723 10.03
57.303843 10.03
57.367718 9.71
57.431847 9.36
57.485345 9.04
57.559537 8.35
57.618734 8.03
57.682973 7.02
57.752251 7.02
57.821347 6.68
57.885362 6.68
57.949252 6.68
58.007972 6.68
58.071598 6.68
58.119114 6.68
58.164975 6.68
58.223849 6.68
58.287725 6.68
58.361601 6.68
58.408976 6.68
58.467727 6.68
58.522977 6.68
58.581745 6.68
58.645853 6.68
58.709618 6.68
58.774507 6.68
58.833258 6.68
58.889623 6.68
58.958731 6.68
59.022731 6.68
59.086732 6.68
59.160732 6.68
59.230518 6.68
59.291864 6.68
59.355624 6.68
59.424734 6.68
59.493735 6.68
59.562750 6.68
59.631736 6.68
59.700737 6.68
59.764752 6.68
59.828629 6.68
59.888641 6.68
59.942384 6.68
59.993375 6.68
60.056867 6.68
60.125493 6.68
60.190620 6.68
60.243870 6.68
60.312630 6.68
60.372244 6.36
60.442007 6.36
60.497519 6.36
60.567247 6.36
60.636120 6.36
60.694620 6.36
60.758120 6.36
60.816749 6.36
60.890496 6.36
60.937871 6.36
61.001622 6.36
61.070498 6.36
61.117748 6.36
61.168664 6.36
61.227874 6.36
61.296499 6.36
61.360133 6.36
61.413749 6.36
61.473516 6.36
61.537129 6.36
61.607405 6.36
61.658417 6.36
61.722755 6.36
61.786644 6.36
61.850754 6.36
61.914629 6.36
61.978630 6.36
62.042646 6.36
62.111756 6.36
62.175648 6.36
62.244506 6.36
62.308140 6.36
62.385396 6.36
62.444146 6.36
62.508145 6.36
62.594145 6.36
62.653137 6.36
62.713512 6.36
62.773512 6.36
62.827012 6.36
62.880762 6.36
62.944655 6.36
63.010019 6.36
63.068765 6.36
63.132639 6.36
63.206404 6.36
63.257765 6.36
63.321656 6.36
63.381645 6.36
63.440019 6.36
63.498395 6.36
63.549520 6.36
63.605271 6.36
63.668771 6.36
63.743330 6.36
63.802774 6.36
63.857648 6.36
63.921771 6.36
63.980646 6.36
64.039646 6.36
64.103772 6.36
64.158407 6.36
64.218773 6.36
64.277540 6.36
64.341541 6.36
64.405649 6.36
64.464543 6.36
64.528540 6.36
64.592542 6.36
64.656543 6.36
64.720543 6.36
64.784544 6.36
64.848908 6.36
64.918656 6.36
64.982670 6.36
65.046654 6.36
65.105655 6.36
65.164655 6.36
65.229474 6.36
65.288661 6.36
65.347784 6.36
65.401659 6.36
65.460672 6.36
65.519533 6.36
65.583796 6.36
65.638334 6.36
65.702660 6.36
65.761535 6.36
65.830300 6.36
65.885661 6.36
65.944800 6.36
65.998662 6.36
66.057680 6.36
66.112663 6.36
66.167664 6.36
66.222682 6.36
66.281681 6.36
66.336667 6.36
66.395557 6.68
66.459559 6.36
66.518541 6.36
66.578684 6.36
66.637667 6.36
66.696668 6.36
66.751543 6.36
66.802320 6.36
66.867561 6.68
66.941294 6.68
66.999669 6.36
67.068295 6.68
67.126670 6.68
67.195296 6.36
67.253671 6.36
67.322296 6.36
67.380672 6.36
67.449298 6.68
67.507673 6.68
67.576300 6.36
67.634674 6.36
67.703300 6.36
67.767051 6.36
67.837802 6.36
67.896677 6.36
67.960303 6.68
68.034302 6.36
68.108304 6.36
68.168430 6.36
68.223430 6.36
68.278306 6.36
68.338306 6.36
68.398307 6.36
68.458314 6.36
68.518308 6.36
68.578308 6.36
68.638309 6.68
68.698310 6.68
68.761808 6.36
68.820195 6.36
68.875188 6.36
68.930190 6.36
68.977439 6.36
69.028064 6.36
69.091564 6.36
69.160192 6.36
69.221064 6.36
69.279689 6.36
69.338216 6.36
69.412217 6.36
69.486220 6.36
69.542067 6.36
69.611218 6.36
69.680332 6.36
69.744334 6.36
69.803223 6.36
69.867348 6.36
69.938361 6.36
69.997368 6.36
70.061195 6.36
70.135347 6.36
70.199223 6.68
70.268493 6.36
70.333076 6.68
70.397600 6.36
70.466225 6.68
70.540225 6.36
70.614223 6.36
70.688953 6.36
70.753386 6.36
70.812353 6.36
70.876353 6.36
70.945345 6.36
71.004492 6.36
71.064082 6.36
71.123079 6.36
71.183235 6.36
71.257206 6.36
71.326597 6.36
71.387090 6.36
71.448336 6.36
71.517584 6.36
71.576361 6.36
71.635082 6.36
71.700958 6.36
71.756088 6.36
71.822084 6.36
71.882599 6.36
71.941085 6.36
72.006835 6.36
72.065603 6.36
72.124603 6.36
72.178969 6.36
72.243352 6.36
72.302088 6.36
72.367838 6.36
72.431839 6.36
72.490605 6.36
72.549844 6.36
72.613840 6.36
72.677591 6.36
72.736091 6.36
72.800091 6.36
72.869355 6.36
72.933092 6.36
73.007245 6.36
73.076246 6.36
73.140249 6.36
73.204097 6.36
73.273095 6.36
73.342251 6.36
73.406490 6.36
73.470098 6.36
73.539253 6.36
73.603224 6.36
73.672224 6.36
73.741633 6.36
73.806633 6.36
73.862258 6.36
73.926366 6.36
73.990254 6.36
74.059253 6.36
74.128986 6.36
74.186107 6.36
74.245106 6.36
74.303979 6.36
74.359135 6.36
74.408622 6.36
74.462260 6.36
74.532508 6.36
74.582629 6.36
74.636109 6.36
74.705107 6.36
74.769107 6.36
74.828108 6.36
74.894383 6.36
74.948525 6.36
75.012862 6.36
75.066736 6.36
75.130860 6.36
75.194861 6.36
75.253862 6.36
75.312739 6.36
75.382112 6.36
75.450991 6.36
75.519988 6.36
75.583752 6.36
75.652864 6.36
75.716864 6.36
75.775615 6.36
75.834308 6.36
75.892991 6.36
75.961992 6.36
76.031386 6.36
76.099993 6.68
76.168993 6.68
76.227618 6.68
76.303511 6.68
76.361995 6.68
76.431130 6.68
76.500129 6.68
76.569128 6.36
76.632998 6.36
76.696998 6.36
76.767428 6.36
76.828030 6.36
76.886874 6.36
76.956138 6.36
77.020003 6.36
77.079879 6.36
77.131002 6.36
77.200149 6.36
77.259280 6.36
77.323759 6.36
77.373644 6.36
77.429008 6.36
77.493132 6.36
77.552005 6.36
77.626893 6.36
77.687288 6.36
77.741282 6.36
77.795006 6.36
77.859778 6.36
77.928765 6.36
77.995514 6.36
78.050890 6.36
78.115140 6.36
78.174289 6.36
78.238765 6.36
78.297896 6.36
78.362011 6.36
78.436775 6.36
78.496148 6.36
78.560518 6.36
78.624781 6.36
78.678639 6.36
78.752529 6.36
78.810889 6.36
78.874656 6.36
78.943266 6.36
79.011890 6.36
79.081143 6.36
79.145149 6.36
79.209149 6.36
79.273154 6.36
79.332661 6.36
79.398785 6.36
79.461029 6.36
79.517795 6.36
79.573782 6.36
79.635326 6.36
79.685173 6.36
79.739661 6.36
79.804538 6.36
79.873302 6.36
79.932661 6.36
79.988326 6.36
80.053346 6.36
80.108653 6.36
80.173665 6.36
80.238323 6.36
80.308679 6.36
80.368192 6.36
80.422197 6.36
80.481658 6.36
80.535660 6.36
80.605787 6.36
80.681196 6.36
80.735666 6.36
80.791321 6.36
80.861678 6.36
80.920791 6.36
80.995549 6.36
81.059548 6.36
81.123789 6.36
81.182562 6.36
81.256909 6.36
81.330912 6.36
81.395041 6.36
81.459554 6.36
81.531427 6.36
81.606796 6.36
81.676189 6.36
81.737295 6.36
81.796201 6.36
81.855439 6.36
81.909233 6.36
81.960923 6.36
82.020570 6.36
82.085068 6.36
82.139570 6.36
82.200972 6.36
82.260552 6.36
82.326963 6.36
82.391682 6.36
82.453055 6.36
82.503194 6.36
82.557424 6.36
82.613046 6.36
82.671796 6.36
82.731802 6.36
82.781468 6.36
82.840298 6.36
82.893922 6.36
82.952438 6.36
82.998589 6.36
83.067467 6.36
83.136687 6.36
83.192688 6.36
83.253303 6.36
83.311676 6.36
83.358926 6.36
83.427804 6.36
83.501803 6.36
83.566807 6.36
83.630679 6.36
83.695929 6.36
83.764680 6.36
83.820682 6.36
83.889681 6.36
83.955195 6.36
84.014306 6.36
84.088312 6.36
84.141932 6.36
84.208933 6.36
84.268810 6.36
84.337684 6.36
84.407201 6.36
84.466060 6.36
84.524813 6.36
84.59368