0.000000 0.000000
0.095787 0.87
0.166439 0.87
0.226120 0.87
0.280244 0.87
0.341117 0.87
0.405118 0.87
0.469119 0.88
0.533396 0.88
0.597396 0.87
0.661397 0.87
0.727010 0.87
0.777549 0.87
0.837553 0.87
0.897273 0.87
0.964557 0.87
1.024254 0.87
1.090001 0.87
1.150125 0.87
1.205125 0.87
1.264128 0.87
1.314781 0.87
1.369823 0.87
1.425706 0.78
1.490129 0.78
1.545128 0.78
1.600128 0.79
1.659004 0.78
1.723129 0.79
1.782130 0.79
1.841131 0.79
1.900005 0.79
1.969256 0.79
2.044007 0.79
2.113132 0.78
2.172008 0.79
2.236134 0.78
2.300258 0.78
2.364414 0.79
2.438900 0.79
2.503136 0.79
2.567261 0.78
2.631417 0.79
2.690415 0.79
2.754778 0.79
2.824014 0.79
2.883014 0.79
2.942139 0.79
3.001014 0.79
3.060015 0.79
3.119141 0.79
3.178016 0.79
3.237141 0.79
3.296142 0.79
3.359641 0.78
3.419767 0.79
3.483267 0.79
3.543268 0.79
3.603268 0.78
3.666769 0.79
3.730269 0.79
3.785145 0.79
3.848646 0.79
3.908771 0.78
3.959896 0.78
4.014397 0.79
4.067647 0.79
4.127773 0.78
4.175023 0.79
4.228273 0.78
4.286648 0.79
4.350149 0.79
4.413650 0.79
4.477150 0.78
4.540651 0.79
4.604151 0.79
4.667652 0.79
4.731152 0.78
4.794653 0.78
4.858153 0.79
4.921654 0.79
4.985154 0.78
5.048655 0.79
5.112155 0.79
5.175656 0.79
5.239156 0.79
5.302656 0.79
5.366157 0.79
5.429658 0.79
5.493158 0.79
5.556659 0.79
5.620160 0.79
5.683660 0.79
5.747161 0.78
5.802160 0.79
5.857161 0.78
5.917162 0.79
5.980662 0.79
6.044163 0.78
6.104163 0.78
6.167664 0.79
6.231164 0.79
6.291165 0.79
6.351165 0.79
6.411166 0.79
6.466041 0.79
6.529542 0.79
6.589667 0.78
6.636917 0.79
6.686293 0.79
6.739543 0.79
6.791919 0.79
6.842545 0.79
6.906044 0.79
6.969546 0.79
7.033045 0.79
7.096547 0.78
7.148922 0.78
7.199548 0.78
7.263048 0.79
7.326548 0.79
7.390048 0.79
7.453549 0.79
7.517049 0.79
7.580550 0.78
7.644050 0.79
7.707551 0.78
7.771051 0.78
7.834553 0.79
7.898052 0.79
7.961553 0.78
8.025054 0.79
8.088554 0.79
8.152055 0.79
8.215555 0.78
8.279056 0.78
8.342557 0.79
8.406057 0.79
8.461057 0.79
8.524558 0.78
8.588058 0.78
8.651559 0.79
8.715059 0.79
8.778560 0.79
8.842060 0.79
8.902060 0.79
8.962061 0.80
9.022062 0.78
9.082062 0.79
9.136938 0.79
9.200438 0.78
9.260438 0.79
9.320564 0.79
9.371690 0.78
9.430065 0.78
9.488441 0.79
9.548566 0.78
9.599691 0.79
9.654191 0.78
9.707442 0.79
9.770943 0.79
9.834444 0.79
9.886819 0.79
9.936194 0.79
9.989444 0.79
10.052945 0.78
10.116445 0.79
10.179946 0.80
10.243447 0.79
10.306947 0.79
10.370448 0.78
10.433948 0.78
10.497449 0.78
10.560949 0.79
10.624450 0.78
10.693075 0.79
10.751451 0.79
10.814951 0.79
10.878452 0.79
10.941952 0.78
11.005453 0.79
11.068953 0.79
11.123953 0.78
11.187454 0.79
11.250955 0.79
11.305955 0.79
11.361081 0.79
11.430083 0.78
11.504485 0.79
11.569849 0.79
11.624851 0.78
11.683959 0.79
11.749363 0.79
11.811363 0.79
11.873367 0.79
11.935367 0.79
11.990367 0.79
12.052369 0.79
12.114369 0.79
12.174839 0.79
12.228366 0.78
12.292729 0.79
12.356491 0.79
12.415495 0.79
12.474494 0.79
12.534966 0.79
12.598967 0.78
12.657842 0.79
12.716734 0.79
12.780497 0.78
12.844495 0.79
12.910603 0.79
12.969847 0.78
13.023484 0.79
13.082374 0.79
13.146497 0.78
13.210372 0.79
13.279373 0.79
13.343371 0.79
13.412497 0.79
13.481974 0.78
13.550973 0.79
13.614974 0.79
13.684100 0.79
13.737352 0.79
13.806499 0.79
13.875617 0.79
13.939353 0.79
14.008504 0.78
14.077618 0.79
14.141503 0.78
14.210503 0.78
14.279870 0.79
14.339981 0.79
14.409357 0.79
14.478481 0.79
14.547482 0.79
14.616482 0.78
14.685983 0.79
14.749983 0.79
14.810376 0.78
14.874362 0.79
14.933361 0.79
14.997361 0.79
15.061362 0.78
15.125362 0.79
15.189365 0.79
15.248364 0.79
15.312363 0.78
15.376364 0.79
15.440365 0.79
15.504368 0.78
15.563366 0.78
15.627366 0.79
15.691367 0.79
15.755368 0.79
15.819371 0.79
15.878369 0.79
15.942368 0.79
16.006369 0.79
16.070370 0.79
16.134373 0.79
16.193372 0.78
16.257372 0.79
16.321372 0.80
16.385372 0.79
16.449375 0.79
16.508400 0.78
16.567375 0.80
16.636124 0.79
16.704749 0.79
16.768249 0.79
16.831749 0.79
16.886749 0.80
16.950250 0.79
17.013751 0.79
17.077251 0.79
17.140877 0.79
17.195753 0.79
17.255752 0.79
17.310753 0.78
17.370754 0.79
17.430754 0.79
17.485754 0.79
17.545755 0.78
17.605755 0.79
17.660756 0.79
17.720756 0.78
17.780757 0.79
17.831882 0.78
17.885132 0.79
17.937508 0.78
17.986884 0.79
18.040134 0.79
18.096386 0.79
18.154760 0.79
18.213135 0.79
18.269390 0.79
18.320138 0.78
18.383636 0.79
18.447137 0.79
18.510638 0.79
18.574139 0.78
18.637638 0.79
18.701139 0.78
18.764639 0.79
18.828141 0.79
18.891641 0.78
18.955141 0.79
19.029017 0.79
19.097642 0.79
19.161143 0.79
19.224643 0.79
19.288144 0.79
19.351645 0.79
19.415144 0.79
19.478646 0.78
19.542146 0.78
19.605647 0.79
19.669147 0.79
19.743022 0.79
19.803148 0.79
19.866649 0.78
19.926649 0.79
19.986650 0.79
20.050150 0.78
20.113651 0.79
20.173652 0.78
20.237151 0.79
20.300652 0.79
20.360653 0.79
20.420653 0.79
20.480654 0.78
20.535529 0.79
20.599029 0.79
20.655279 0.79
20.709781 0.79
20.763030 0.78
20.823156 0.78
20.878157 0.79
20.929283 0.79
20.985034 0.78
21.048534 0.79
21.112033 0.79
21.164410 0.79
21.215036 0.78
21.278535 0.79
21.342036 0.79
21.405536 0.79
21.469036 0.79
21.521414 0.78
21.581039 0.78
21.644538 0.79
21.708038 0.78
21.781914 0.79
21.850540 0.79
21.914043 0.79
21.977541 0.79
22.041041 0.79
22.104542 0.79
22.168042 0.79
22.231543 0.80
22.295044 0.78
22.358544 0.79
22.422044 0.78
22.495920 0.78
22.564545 0.79
22.619546 0.79
22.674546 0.78
22.738046 0.79
22.801547 0.79
22.865047 0.79
22.928548 0.79
22.988549 0.78
23.048549 0.79
23.108550 0.78
23.168550 0.79
23.223427 0.79
23.286927 0.79
23.347052 0.79
23.410552 0.78
23.465428 0.79
23.528928 0.79
23.589053 0.79
23.640179 0.79
23.698554 0.79
23.753431 0.79
23.811931 0.79
23.864306 0.79
23.914933 0.79
23.978432 0.79
24.041932 0.79
24.105433 0.78
24.168934 0.78
24.232435 0.79
24.295935 0.79
24.359435 0.79
24.422936 0.79
24.486435 0.78
24.549937 0.79
24.632188 0.79
24.700939 0.79
24.775064 0.79
24.844064 0.78
24.913065 0.78
24.982066 0.79
25.059468 0.78
25.118067 0.79
25.182067 0.78
25.246192 0.79
25.309943 0.78
25.379069 0.79
25.443070 0.79
25.507070 0.78
25.579471 0.79
25.634594 0.79
25.703474 0.79
25.762472 0.78
25.817325 0.78
25.881471 0.78
25.945600 0.79
25.995600 0.78
26.054476 0.79
26.118475 0.79
26.182478 0.78
26.248075 0.79
26.311951 0.79
26.375952 0.78
26.439953 0.79
26.503953 0.79
26.568078 0.79
26.631954 0.78
26.696079 0.79
26.760080 0.79
26.823956 0.78
26.887831 0.79
26.951332 0.78
27.014831 0.78
27.078332 0.78
27.136833 0.79
27.200333 0.79
27.263833 0.79
27.327335 0.79
27.390834 0.79
27.454335 0.79
27.517835 0.78
27.581336 0.79
27.644836 0.79
27.708337 0.78
27.766837 0.79
27.830339 0.79
27.893838 0.79
27.957339 0.79
28.020839 0.79
28.084340 0.78
28.147840 0.79
28.211342 0.78
28.274841 0.78
28.338342 0.79
28.396842 0.79
28.460344 0.79
28.520343 0.79
28.580348 0.78
28.635345 0.79
28.695346 0.79
28.755348 0.78
28.829220 0.78
28.892722 0.79
28.952847 0.80
29.012472 0.79
29.070848 0.79
29.125848 0.79
29.185474 0.78
29.238724 0.79
29.291099 0.79
29.341726 0.79
29.405225 0.79
29.468726 0.78
29.521101 0.79
29.574352 0.78
29.632728 0.78
29.696227 0.79
29.759728 0.79
29.823229 0.78
29.886729 0.79
29.950229 0.78
30.013730 0.78
30.077231 0.79
30.140731 0.80
30.204231 0.78
30.267732 0.78
30.331232 0.79
30.394733 0.79
30.458233 0.79
30.521735 0.78
30.585235 0.78
30.648736 0.79
30.712236 0.79
30.775736 0.79
30.839236 0.78
30.902737 0.79
30.966238 0.79
31.021238 0.79
31.084739 0.79
31.148240 0.79
31.203240 0.79
31.263240 0.79
31.323241 0.79
31.383241 0.78
31.446741 0.78
31.510242 0.79
31.570243 0.79
31.630243 0.78
31.690243 0.78
31.750244 0.78
31.810244 0.78
31.873746 0.79
31.937246 0.79
31.992121 0.78
32.055623 0.79
32.107997 0.79
32.161247 0.78
32.216123 0.79
32.279624 0.78
32.331999 0.79
32.385249 0.78
32.443625 0.79
32.496000 0.79
32.546627 0.79
32.610126 0.79
32.673627 0.79
32.737126 0.79
32.800627 0.78
32.864128 0.79
32.927629 0.78
32.991129 0.78
33.054630 0.79
33.118130 0.78
33.181631 0.79
33.245131 0.79
33.308631 0.78
33.372132 0.79
33.435633 0.79
33.499134 0.78
33.562633 0.78
33.626134 0.78
33.689634 0.79
33.753136 0.79
33.816635 0.78
33.880136 0.78
33.943637 0.79
34.007137 0.78
34.067138 0.78
34.130639 0.79
34.194139 0.79
34.254139 0.79
34.314139 0.78
34.374140 0.79
34.434141 0.79
34.494142 0.79
34.549016 0.79
34.612517 0.79
34.672517 0.79
34.732643 0.78
34.787643 0.78
34.842644 0.78
34.897645 0.78
34.952645 0.78
35.007645 0.79
35.066021 0.79
35.129522 0.78
35.181897 0.78
35.232523 0.78
35.296022 0.79
35.359524 0.79
35.423023 0.79
35.486524 0.79
35.550025 0.79
35.613526 0.79
35.677026 0.79
35.740526 0.79
35.804027 0.78
35.867528 0.78
35.931027 0.79
35.994528 0.78
36.058028 0.78
36.121529 0.79
36.185030 0.79
36.248530 0.78
36.312031 0.79
36.375531 0.79
36.439032 0.79
36.502532 0.79
36.566032 0.79
36.621033 0.79
36.676033 0.79
36.739534 0.79
36.803034 0.78
36.863035 0.79
36.923035 0.78
36.983036 0.79
37.043036 0.79
37.106537 0.79
37.170038 0.78
37.230038 0.78
37.293539 0.79
37.357040 0.78
37.411914 0.78
37.475416 0.79
37.527790 0.79
37.581041 0.79
37.639417 0.78
37.699542 0.79
37.750668 0.78
37.805167 0.79
37.858420 0.79
37.914669 0.79
37.970420 0.78
38.028919 0.79
38.092421 0.79
38.155921 0.79
38.219546 0.79
38.277922 0.79
38.341423 0.79
38.404922 0.78
38.468424 0.79
38.531923 0.79
38.595425 0.79
38.658924 0.79
38.722427 0.78
38.785925 0.79
38.849551 0.78
38.907927 0.78
38.971428 0.78
39.034927 0.78
39.098428 0.79
39.161928 0.78
39.225430 0.78
39.288929 0.79
39.352431 0.79
39.415931 0.78
39.470931 0.79
39.525931 0.78
39.589432 0.78
39.652932 0.79
39.712933 0.79
39.772933 0.78
39.833059 0.79
39.887935 0.79
39.947934 0.78
40.008060 0.78
40.062935 0.78
40.126436 0.78
40.189937 0.79
40.249936 0.79
40.313439 0.79
40.364564 0.78
40.422938 0.78
40.481318 0.78
40.541440 0.79
40.592565 0.79
40.648323 0.78
40.711817 0.79
40.775322 0.79
40.838817 0.79
40.902322 0.79
40.965818 0.78
41.029323 0.79
41.081695 0.78
41.132323 0.80
41.195820 0.79
41.259323 0.79
41.322822 0.79
41.386323 0.79
41.449823 0.78
41.513324 0.79
41.576823 0.78
41.640325 0.78
41.703824 0.79
41.767326 0.79
41.830825 0.78
41.894451 0.78
41.952826 0.79
42.016327 0.78
42.079828 0.79
42.143329 0.78
42.206828 0.79
42.270330 0.79
42.333829 0.79
42.397331 0.78
42.460830 0.79
42.520956 0.79
42.579333 0.78
42.642832 0.79
42.706457 0.79
42.764832 0.78
42.824834 0.78
42.884958 0.79
42.939834 0.79
42.999835 0.78
43.054835 0.79
43.109710 0.79
43.173210 0.79
43.233338 0.79
43.284462 0.78
43.342837 0.79
43.397838 0.79
43.456212 0.78
43.508589 0.79
43.559215 0.79
43.622714 0.78
43.686215 0.79
43.738590 0.78
43.789216 0.79
43.852717 0.79
43.916217 0.79
43.979717 0.79
44.043217 0.79
44.106719 0.79
44.170219 0.79
44.233720 0.78
44.297220 0.79
44.360720 0.78
44.424221 0.79
44.487721 0.79
44.551222 0.79
44.614722 0.78
44.678223 0.79
44.741849 0.78
44.807099 0.79
44.875724 0.78
44.939225 0.79
45.002725 0.79
45.066226 0.78
45.129726 0.78
45.193227 0.79
45.256727 0.78
45.320228 0.78
45.383729 0.79
45.443729 0.78
45.503729 0.79
45.567230 0.79
45.630856 0.78
45.704606 0.79
45.768106 0.79
45.828233 0.79
45.891733 0.78
45.946609 0.79
46.010108 0.79
46.070234 0.78
46.121360 0.79
46.177111 0.79
46.240611 0.79
46.304110 0.79
46.364236 0.79
46.411487 0.79
46.464738 0.78
46.523112 0.78
46.586614 0.79
46.650114 0.79
46.713614 0.79
46.777114 0.78
46.840615 0.79
46.904116 0.79
46.956491 0.78
47.007118 0.79
47.070618 0.79
47.134118 0.79
47.197618 0.79
47.261119 0.79
47.335120 0.78
47.398887 0.78
47.452375 0.79
47.506122 0.79
47.575247 0.78
47.644123 0.78
47.707889 0.78
47.761375 0.79
47.825124 0.79
47.888624 0.79
47.951183 0.78
48.010784 0.78
48.067037 0.78
48.120769 0.79
48.194810 0.79
48.256258 0.78
48.310776 0.79
48.364773 0.79
48.410897 0.79
48.464771 0.78
48.534545 0.79
48.598774 0.79
48.646037 0.79
48.693411 0.79
48.752257 0.79
48.811424 0.79
48.865135 0.79
48.929259 0.78
48.993009 0.79
49.045414 0.78
49.099795 0.79
49.159431 0.78
49.213138 0.78
49.277262 0.79
49.336137 0.79
49.411145 0.79
49.475785 0.78
49.534783 0.79
49.598531 0.78
49.657264 0.79
49.711792 0.78
49.771558 0.79
49.835535 0.78
49.899544 0.78
49.958272 0.78
50.012270 0.78
50.071269 0.78
50.130018 0.78
50.204018 0.79
50.278436 0.79
50.332147 0.79
50.396270 0.79
50.460021 0.79
50.529146 0.79
50.588798 0.79
50.650152 0.79
50.714149 0.79
50.778273 0.78
50.837279 0.78
50.896277 0.78
50.955275 0.79
51.014275 0.79
51.073026 0.78
51.137156 0.78
51.197279 0.79
51.251278 0.78
51.310278 0.78
51.369153 0.78
51.433283 0.78
51.492156 0.79
51.561155 0.78
51.621280 0.79
51.680280 0.79
51.735286 0.79
51.794158 0.79
51.854282 0.78
51.908032 0.78
51.972158 0.78
52.036451 0.79
52.100569 0.79
52.161940 0.79
52.217938 0.79
52.282285 0.78
52.328291 0.79
52.387685 0.79
52.447438 0.78
52.512583 0.78
52.582565 0.79
52.647706 0.78
52.718049 0.79
52.777421 0.78
52.831429 0.79
52.898051 0.79
52.959426 0.79
53.018543 0.78
53.092928 0.79
53.157301 0.79
53.216542 0.78
53.275043 0.78
53.339044 0.78
53.403050 0.79
53.467046 0.78
53.526177 0.78
53.585422 0.79
53.652054 0.79
53.715948 0.79
53.780425 0.79
53.839302 0.78
53.894427 0.78
53.949304 0.78
54.004426 0.79
54.063175 0.79
54.116426 0.79
54.167567 0.79
54.220926 0.78
54.276051 0.79
54.334427 0.79
54.392817 0.79
54.458428 0.79
54.517054 0.78
54.577065 0.79
54.632054 0.78
54.687835 0.79
54.747854 0.78
54.817435 0.79
54.878836 0.78
54.937306 0.78
54.995932 0.79
55.064824 0.79
55.125812 0.79
55.184434 0.79
55.242826 0.79
55.306318 0.79
55.364934 0.79
55.433936 0.79
55.494841 0.79
55.553319 0.79
55.616812 0.78
55.685688 0.79
55.749316 0.79
55.813477 0.78
55.877317 0.78
55.941321 0.79
56.000319 0.78
56.069467 0.78
56.123322 0.78
56.187471 0.79
56.251951 0.78
56.315943 0.79
56.385069 0.78
56.448832 0.79
56.518069 0.78
56.577195 0.79
56.635944 0.78
56.694474 0.78
56.752825 0.78
56.822072 0.78
56.881323 0.79
56.950702 0.79
57.020080 0.79
57.083952 0.79
57.138074 0.79
57.192730 0.79
57.251848 0.79
57.307201 0.79
57.361077 0.78
57.419972 0.79
57.483727 0.78
57.553339 0.79
57.622966 0.78
57.678079 0.78
57.728733 0.79
57.787335 0.78
57.842080 0.79
57.901080 0.78
57.951736 0.79
58.002731 0.79
58.057732 0.79
58.111362 0.78
58.175206 0.78
58.239361 0.78
58.313209 0.79
58.377633 0.78
58.443085 0.79
58.501960 0.79
58.565835 0.79
58.630087 0.79
58.688962 0.79
58.753595 0.78
58.813967 0.79
58.878090 0.78
58.936964 0.79
58.995964 0.79
59.060089 0.78
59.114228 0.79
59.169218 0.79
59.224218 0.79
59.279219 0.79
59.339218 0.79
59.399219 0.78
59.459859 0.79
59.519222 0.79
59.588738 0.78
59.657844 0.78
59.721845 0.78
59.781971 0.79
59.837105 0.79
59.901854 0.78
59.956408 0.78
60.011601 0.79
60.077098 0.80
60.135973 0.79
60.194974 0.78
60.245626 0.79
60.296625 0.79
60.356620 0.79
60.425618 0.79
60.477976 0.79
60.532976 0.78
60.583632 0.78
60.634633 0.79
60.685632 0.78
60.749529 0.79
60.820401 0.78
60.875730 0.78
60.944980 0.79
61.000105 0.78
61.063981 0.79
61.128109 0.78
61.192108 0.79
61.245982 0.78
61.310108 0.79
61.368983 0.78
61.432484 0.79
61.501985 0.78
61.560862 0.79
61.629985 0.78
61.694111 0.79
61.752626 0.79
61.826614 0.79
61.890115 0.79
61.945114 0.79
62.008615 0.79
62.072117 0.78
62.135617 0.79
62.204490 0.78
62.265115 0.79
62.330490 0.78
62.395616 0.79
62.459116 0.79
62.519117 0.78
62.584646 0.79
62.644994 0.79
62.698494 0.78
62.754994 0.79
62.808495 0.79
62.882635 0.78
62.946627 0.78
63.015496 0.78
63.084525 0.79
63.153525 0.79
63.222525 0.78
63.291528 0.78
63.354999 0.79
63.418499 0.79
63.481999 0.79
63.545500 0.78
63.609000 0.79
63.672501 0.79
63.736001 0.78
63.799502 0.79
63.863002 0.79
63.926503 0.79
63.990003 0.79
64.053504 0.79
64.117009 0.78
64.180505 0.78
64.244005 0.78
64.307506 0.78
64.371006 0.78
64.434511 0.78
64.498009 0.79
64.561509 0.79
64.625009 0.78
64.688509 0.78
64.752009 0.78
64.817397 0.78
64.887885 0.79
64.951512 0.79
65.015012 0.79
65.075012 0.78
65.135012 0.78
65.195014 0.78
65.253541 0.78
65.327515 0.78
65.396515 0.79
65.465392 0.79
65.534439 0.78
65.598518 0.78
65.658907 0.78
65.712395 0.78
65.767143 0.78
65.820395 0.79
65.885895 0.79
65.950904 0.79
66.011400 0.79
66.075430 0.78
66.136426 0.79
66.200538 0.79
66.257148 0.78
66.310898 0.79
66.369541 0.79
66.427899 0.79
66.481428 0.78
66.550427 0.78
66.613900 0.79
66.677407 0.78
66.740903 0.79
66.804407 0.79
66.867905 0.79
66.931408 0.79
66.994906 0.79
67.053778 0.79
67.117405 0.78
67.186406 0.79
67.255406 0.78
67.324435 0.79
67.393532 0.78
67.457409 0.79
67.521434 0.79
67.585433 0.78
67.654436 0.79
67.723930 0.78
67.790588 0.78
67.840806 0.79
67.906677 0.78
67.965441 0.78
68.029443 0.79
68.093679 0.79
68.147296 0.78
68.207418 0.78
68.262418 0.79
68.317419 0.78
68.372419 0.78
68.427419 0.79
68.488592 0.79
68.542689 0.79
68.596454 0.79
68.655448 0.78
68.719447 0.79
68.783446 0.79
68.853711 0.79
68.913049 0.78
68.972563 0.79
69.036421 0.78
69.095452 0.79
69.164562 0.78
69.234430 0.79
69.290051 0.79
69.343300 0.79
69.417298 0.79
69.486454 0.79
69.555847 0.78
69.630425 0.78
69.699565 0.79
69.763300 0.79
69.837426 0.78
69.906427 0.79
69.975428 0.78
70.033802 0.79
70.097303 0.78
70.171304 0.78
70.245430 0.78
70.309821 0.79
70.368431 0.79
70.437432 0.79
70.506432 0.79
70.575432 0.78
70.644318 0.79
70.718314 0.79
70.781808 0.78
70.850059 0.78
70.899934 0.79
70.950934 0.79
71.005936 0.78
71.064316 0.78
71.128449 0.78
71.182937 0.78
71.241702 0.79
71.305188 0.79
71.357579 0.79
71.416315 0.79
71.463564 0.79
71.522709 0.78
71.586831 0.79
71.660708 0.79
71.724319 0.78
71.788321 0.79
71.857193 0.79
71.920697 0.79
71.984196 0.78
72.036573 0.78
72.087198 0.79
72.150696 0.79
72.214198 0.79
72.277839 0.78
72.351714 0.78
72.410323 0.79
72.479197 0.79
72.542948 0.79
72.601839 0.79
72.675716 0.78
72.739327 0.78
72.803327 0.78
72.872201 0.78
72.935716 0.79
72.994726 0.78
73.058858 0.78
73.119339 0.79
73.188078 0.79
73.251722 0.79
73.306845 0.78
73.367591 0.79
73.428494 0.78
73.492341 0.78
73.561372 0.79
73.621484 0.79
73.680333 0.79
73.749335 0.78
73.813208 0.79
73.882083 0.79
73.942209 0.78
74.006210 0.79
74.075376 0.79
74.125592 0.79
74.195214 0.79
74.259213 0.78
74.328087 0.79
74.380491 0.78
74.439216 0.79
74.494840 0.79
74.564974 0.78
74.624219 0.79
74.688216 0.79
74.752216 0.79
74.821092 0.78
74.884734 0.79
74.943217 0.79
75.012988 0.78
75.073098 0.78
75.136597 0.78
75.200097 0.79
75.263598 0.78
75.327097 0.79
75.390598 0.78
75.451606 0.79
75.526602 0.79
75.580225 0.79
75.644224 0.78
75.708224 0.78
75.777224 0.78
75.846408 0.78
75.905101 0.79
75.979226 0.79
76.043228 0.79
76.101868 0.79
76.165619 0.78
76.229745 0.79
76.293728 0.78
76.348866 0.78
76.407754 0.79
76.457735 0.78
76.510006 0.79
76.573509 0.79
76.626010 0.78
76.681498 0.79
76.740233 0.79
76.791007 0.78
76.838515 0.78
76.897751 0.79
76.956483 0.79
77.010750 0.78
77.063989 0.79
77.138637 0.79
77.204425 0.79
77.278986 0.78
77.331550 0.79
77.406239 0.78
77.457017 0.80
77.526118 0.79
77.577758 0.78
77.647489 0.79
77.701689 0.78
77.771534 0.79
77.845991 0.79
77.920368 0.79
77.979759 0.79
78.039119 0.79
78.103118 0.78
78.167542 0.79
78.232436 0.78
78.304248 0.79
78.362995 0.78
78.437245 0.79
78.495996 0.79
78.565248 0.79
78.633889 0.79
78.693998 0.79
78.763123 0.79
78.821766 0.78
78.880404 0.79
78.937568 0.79
78.998250 0.79
79.052128 0.79
79.116001 0.78
79.185001 0.79
79.253877 0.78
79.328521 0.78
79.383529 0.78
79.445929 0.78
79.504774 0.79
79.564909 0.78
79.620455 0.79
79.681006 0.79
79.732431 0.78
79.801423 0.79
79.866895 0.79
79.931019 0.79
79.990142 0.79
80.049450 0.78
80.102261 0.79
80.156413 0.79
80.225415 0.78
80.294888 0.79
80.358528 0.78
80.433011 0.78
80.488893 0.79
80.544887 0.78
80.599926 0.79
80.669013 0.79
80.738139 0.79
80.802141 0.79
80.861015 0.78
80.930043 0.78
80.999017 0.79
81.058273 0.79
81.124019 0.79
81.193267 0.78
81.252017 0.78
81.321019 0.78
81.385019 0.79
81.454271 0.78
81.513020 0.78
81.577146 0.79
81.640897 0.79
81.704398 0.78
81.773538 0.79
81.837427 0.79
81.892538 0.78
81.961430 0.79
82.025400 0.78
82.080400 0.78
82.135430 0.79
82.205030 0.79
82.273905 0.78
82.338279 0.79
82.397035 0.78
82.461028 0.79
82.515029 0.79
82.580031 0.78
82.634476 0.78
82.696838 0.80
82.756788 0.78
82.810285 0.78
82.869458 0.79
82.935157 0.79
82.994582 0.79
83.054910 0.79
83.119284 0.78
83.178561 0.78
83.243038 0.78
83.298815 0.78
83.368287 0.79
83.422035 0.79
83.486167 0.79
83.540698 0.78
83.616040 0.78
83.680175 0.79
83.733787 0.79
83.803422 0.78
83.878039 0.78
83.947165 0.79
84.010815 0.79
84.075044 0.79
84.136301 0.78
84.195170 0.78
84.249168 0.79
84.303425 0.78
84.373179 0.78
84.443325 0.78
84.508057 0.79
84.578434 0.79
84.639940 0.79
84.709299 0.79
84.764577 0.79
84.819686 0.79
8