0.000000 0.000000
0.041699 5.69
0.113837 2.66
0.163886 2.66
0.214510 2.66
0.278006 2.66
0.346630 2.66
0.393880 2.66
0.444506 2.66
0.508006 2.66
0.576631 2.66
0.635007 2.66
0.703970 2.66
0.770392 2.66
0.835397 2.66
0.900412 2.66
0.965395 4.34
1.030141 4.34
1.090905 4.34
1.160027 4.34
1.224026 4.34
1.288029 4.34
1.352030 4.34
1.417185 4.34
1.483397 4.34
1.548033 4.34
1.607032 4.34
1.665668 4.34
1.739545 4.34
1.805031 4.34
1.858658 4.34
1.922668 4.34
1.996546 4.34
2.062034 4.34
2.120547 4.34
2.172035 4.34
2.230672 4.34
2.304546 4.34
2.351912 4.34
2.410661 4.34
2.479661 4.34
2.553539 4.34
2.619024 4.34
2.682526 4.34
2.729789 4.34
2.793526 4.34
2.854025 4.34
2.917552 4.34
2.986528 4.34
3.048277 4.34
3.122153 4.34
3.167919 4.34
3.231653 4.34
3.305531 4.34
3.366030 4.34
3.429532 4.34
3.503655 4.34
3.577533 4.34
3.651533 4.34
3.720558 4.34
3.789534 4.34
3.863535 4.34
3.937561 4.34
4.006536 4.34
4.075537 4.34
4.149661 4.34
4.218662 4.34
4.287564 4.34
4.361538 4.34
4.435539 4.34
4.509664 4.34
4.583541 4.34
4.657540 4.34
4.731541 4.34
4.805543 4.34
4.874808 4.34
4.933684 4.34
5.002693 4.34
5.062808 4.34
5.121419 4.34
5.183419 4.34
5.245419 4.34
5.305933 4.34
5.364421 4.34
5.424796 4.34
5.493422 4.34
5.544551 4.34
5.599047 4.34
5.657423 4.34
5.715798 4.34
5.784424 4.34
5.831674 4.34
5.882299 4.34
5.940800 4.34
6.009425 4.34
6.056676 4.34
6.107301 4.34
6.170801 4.34
6.239427 4.34
6.297802 4.34
6.366428 4.34
6.424803 4.34
6.488429 4.34
6.546805 4.34
6.615429 4.34
6.673806 4.34
6.742430 4.34
6.800806 4.34
6.869432 4.34
6.927807 4.34
6.996433 4.34
7.054808 4.34
7.118434 4.34
7.176809 4.34
7.245434 4.34
7.303811 4.34
7.372435 4.34
7.432438 4.34
7.490812 4.34
7.559437 4.34
7.619440 4.34
7.679440 4.34
7.743064 4.34
7.811690 4.34
7.880315 4.34
7.940440 4.34
8.000442 4.34
8.060443 4.34
8.123942 4.34
8.177317 4.34
8.232317 4.34
8.290693 4.34
8.359319 4.34
8.414319 4.34
8.461571 4.34
8.512195 4.34
8.575696 4.34
8.644321 4.34
8.691573 4.34
8.740948 4.34
8.799322 4.34
8.857698 4.34
8.926323 4.34
8.984699 4.34
9.053324 4.34
9.100577 4.34
9.151201 4.34
9.214701 4.34
9.283326 4.34
9.341702 4.34
9.410327 4.34
9.473953 4.34
9.532328 4.34
9.590704 4.34
9.659329 4.34
9.717705 4.34
9.786330 4.34
9.844706 4.34
9.913331 4.34
9.971707 4.34
10.040333 4.34
10.103958 4.34
10.162333 4.34
10.222336 4.34
10.277336 4.34
10.335709 4.34
10.404335 4.34
10.467961 4.34
10.519338 4.34
10.579339 4.34
10.634339 4.34
10.694339 4.34
10.754340 4.34
10.809341 4.34
10.872839 4.34
10.936339 4.34
11.005342 4.34
11.074342 4.34
11.143342 4.34
11.212343 4.34
11.281343 4.34
11.355344 4.34
11.424344 4.34
11.491220 4.34
11.549596 4.34
11.616596 4.34
11.680221 4.34
11.738597 4.34
11.805597 4.34
11.869348 4.34
11.938349 4.34
12.007224 4.34
12.065599 4.34
12.129350 4.34
12.203351 4.34
12.272351 4.34
12.344628 4.34
12.398352 4.34
12.475992 4.34
12.544994 4.34
12.608993 4.34
12.677995 4.34
12.741996 4.34
12.810631 4.34
12.869357 4.34
12.933357 4.34
12.997357 4.34
13.061357 4.34
13.138996 4.34
13.202999 4.34
13.267000 4.34
13.337262 4.34
13.388002 4.34
13.452001 4.34
13.521002 4.34
13.584495 4.34
13.648112 4.34
13.695494 4.34
13.759113 4.34
13.806492 4.34
13.870114 4.34
13.917515 4.34
13.976240 4.34
14.040240 4.34
14.109512 4.34
14.163241 4.34
14.227118 4.34
14.274516 4.34
14.328117 4.34
14.386885 4.34
14.460885 4.34
14.524512 4.34
14.583120 4.34
14.641762 4.34
14.705513 4.34
14.764247 4.34
14.833246 4.34
14.902122 4.34
14.960763 4.34
15.014373 4.34
15.083124 4.34
15.152374 4.34
15.216375 4.34
15.280016 4.34
15.343502 4.34
15.407126 4.34
15.465768 4.34
15.519503 4.34
15.578128 4.34
15.642128 4.34
15.700769 4.34
15.754379 4.34
15.823130 4.34
15.892131 4.34
15.966006 4.34
16.026138 4.34
16.085132 4.34
16.148633 4.34
16.212133 4.34
16.272134 4.34
16.332135 4.34
16.385384 4.34
16.454010 4.34
16.514135 4.34
16.577636 4.34
16.636026 4.34
16.692026 4.34
16.739387 4.34
16.808013 4.34
16.855388 4.34
16.924139 4.34
16.993014 4.34
17.040390 4.34
17.104140 4.34
17.160035 4.34
17.216031 4.34
17.272030 4.34
17.328032 4.34
17.384030 4.34
17.449018 4.34
17.518018 4.34
17.592019 4.34
17.648036 4.34
17.717145 4.34
17.791021 4.34
17.856021 4.34
17.930022 4.34
18.004022 4.34
18.078023 4.34
18.152024 4.34
18.221024 4.34
18.295025 4.34
18.364025 4.34
18.433026 4.34
18.502027 4.34
18.576027 4.34
18.640027 4.34
18.704029 4.34
18.768028 4.34
18.832045 4.34
18.896029 4.34
18.960030 4.34
19.024047 4.34
19.088156 4.34
19.147047 4.34
19.211032 4.34
19.275048 4.34
19.339049 4.34
19.403284 4.34
19.462034 4.34
19.526035 4.34
19.590035 4.34
19.654036 4.34
19.714161 4.34
19.773037 4.34
19.837038 4.34
19.901038 4.34
19.965038 4.34
20.029052 4.34
20.093056 4.34
20.157040 4.34
20.221053 4.34
20.285041 4.34
20.349041 4.34
20.413057 4.34
20.477058 4.68
20.541058 4.68
20.605056 4.34
20.669059 4.34
20.733057 4.34
20.797061 4.34
20.861059 4.34
20.925045 4.34
20.989063 4.34
21.053064 4.34
21.117063 4.34
21.191575 4.34
21.255577 4.34
21.314576 4.34
21.378575 4.34
21.442574 4.34
21.506578 4.34
21.570579 4.34
21.629580 4.34
21.693580 4.34
21.752428 4.34
21.807570 4.34
21.871570 4.34
21.930568 4.34
21.994570 4.34
22.053429 4.34
22.107069 4.34
22.171069 4.34
22.235056 4.34
22.299182 4.34
22.358071 4.34
22.413057 4.34
22.462433 4.34
22.516074 4.34
22.580075 4.34
22.640060 4.34
22.690700 4.34
22.749577 4.34
22.809703 4.34
22.873579 4.34
22.929702 4.34
22.998827 4.34
23.058705 4.34
23.122564 4.34
23.178703 4.34
23.242566 4.34
23.306568 4.34
23.376081 4.34
23.440080 4.34
23.504066 4.34
23.573083 4.34
23.637082 4.34
23.711569 4.34
23.775572 4.34
23.839836 4.34
23.908833 4.34
23.967446 4.34
24.027836 4.34
24.086446 4.34
24.146837 4.34
24.205447 4.34
24.265839 4.34
24.324448 4.34
24.374449 4.34
24.434840 4.34
24.503838 4.34
24.562450 4.34
24.631726 4.34
24.687092 4.34
24.746093 4.34
24.805202 4.34
24.859077 4.34
24.914094 4.34
24.969092 4.34
25.024095 4.34
25.083095 4.34
25.138096 4.34
25.193094 4.34
25.248095 4.34
25.303097 4.34
25.358098 4.34
25.413098 4.34
25.468097 4.34
25.523097 4.34
25.578099 4.34
25.633100 4.34
25.688101 4.34
25.743098 4.34
25.798100 4.34
25.862101 4.34
25.925850 4.34
25.981737 4.34
26.050851 4.34
26.112213 4.34
26.165853 4.34
26.235104 4.34
26.298855 4.34
26.367464 4.34
26.436465 4.34
26.505340 4.34
26.558858 4.34
26.627855 4.34
26.698217 4.34
26.751733 4.34
26.815343 4.34
26.875735 4.34
26.944732 4.34
27.008735 4.34
27.072345 4.34
27.137722 4.34
27.196346 4.34
27.251347 4.34
27.315347 4.34
27.383986 4.34
27.452598 4.34
27.507864 4.34
27.581750 4.34
27.655600 4.34
27.706991 4.34
27.775752 4.34
27.840602 4.34
27.891993 4.34
27.960628 4.34
28.034755 4.34
28.098628 4.34
28.172631 4.34
28.246631 4.34
28.320632 4.34
28.385756 4.34
28.450630 4.34
28.515633 4.34
28.589633 4.34
28.663634 4.34
28.737635 4.34
28.811635 4.34
28.880761 4.34
28.945636 4.34
29.019637 4.34
29.093636 4.34
29.167760 4.34
29.241639 4.34
29.315764 4.34
29.389614 4.34
29.463640 4.34
29.534114 4.34
29.587756 4.34
29.658116 4.34
29.711758 4.34
29.785642 4.34
29.859643 4.34
29.928758 4.34
30.002495 4.34
30.061369 4.34
30.125245 4.34
30.189011 4.34
30.253012 4.34
30.316762 4.34
30.385497 4.34
30.446014 4.34
30.509512 4.34
30.575015 4.34
30.633500 4.34
30.694013 4.34
30.752501 4.34
30.813000 4.34
30.876652 4.34
30.950651 4.34
31.024653 4.34
31.093651 4.34
31.167653 4.34
31.241655 4.34
31.315505 4.34
31.381021 4.34
31.444654 4.34
31.518507 4.34
31.592507 4.34
31.661508 4.34
31.735508 4.34
31.809509 4.34
31.878659 4.34
31.952510 4.34
32.026661 4.34
32.100511 4.34
32.174512 4.34
32.243513 4.34
32.312513 4.34
32.381514 4.34
32.455514 4.34
32.529515 4.34
32.603516 4.34
32.677906 4.34
32.731667 4.34
32.805667 4.34
32.879534 4.34
32.953535 4.34
33.027535 4.34
33.101535 4.34
33.170535 4.34
33.234669 4.34
33.293395 4.34
33.364522 4.34
33.433523 4.34
33.497524 4.34
33.561397 4.34
33.623398 4.34
33.683788 4.34
33.742399 4.34
33.802788 4.34
33.861400 4.34
33.930400 4.34
34.001528 4.34
34.065401 4.34
34.125790 4.34
34.184402 4.34
34.253403 4.34
34.322403 4.34
34.391530 4.34
34.460654 4.34
34.524804 4.34
34.588656 4.34
34.652406 4.34
34.721406 4.34
34.790534 4.34
34.854535 4.34
34.918408 4.34
34.987409 4.34
35.056535 4.34
35.125536 4.34
35.191538 4.34
35.255537 4.34
35.319412 4.34
35.388538 4.34
35.452413 4.34
35.521539 4.34
35.590664 4.34
35.654414 4.34
35.723415 4.34
35.792415 4.34
35.861680 4.34
35.925542 4.34
35.989417 4.34
36.053417 4.34
36.117418 4.34
36.181419 4.34
36.245419 4.34
36.309545 4.34
36.368420 4.34
36.432420 4.34
36.496421 4.34
36.560422 4.34
36.629422 4.34
36.693423 4.34
36.757549 4.34
36.816423 4.34
36.880424 4.34
36.944424 4.34
37.008425 4.34
37.067425 4.34
37.131426 4.34
37.195426 4.34
37.259427 4.34
37.323428 4.34
37.387554 4.34
37.446428 4.34
37.510429 4.34
37.574430 4.34
37.638430 4.34
37.702557 4.34
37.761431 4.34
37.825431 4.34
37.889433 4.34
37.953433 4.34
38.017583 4.34
38.076434 4.34
38.140434 4.34
38.204435 4.34
38.268436 4.34
38.332561 4.34
38.391436 4.34
38.455436 4.34
38.519437 4.34
38.583437 4.34
38.647564 4.34
38.706438 4.34
38.770439 4.34
38.834439 4.34
38.898190 4.34
38.951829 4.34
39.005441 4.34
39.056067 4.34
39.114594 4.34
39.173192 4.34
39.220443 4.34
39.271068 4.34
39.329569 4.34
39.388194 4.34
39.435444 4.34
39.486070 4.34
39.544571 4.34
39.603196 4.34
39.661835 4.34
39.715446 4.34
39.779072 4.34
39.837574 4.34
39.896198 4.34
39.956074 4.34
40.014602 4.34
40.073199 4.34
40.142201 4.34
40.200840 4.34
40.254451 4.34
40.318202 4.34
40.387202 4.34
40.445844 4.34
40.499453 4.34
40.563203 4.34
40.632454 4.34
40.696205 4.34
40.765205 4.34
40.823970 4.34
40.887971 4.34
40.951973 4.34
41.015972 4.34
41.079848 4.34
41.140209 4.34
41.201610 4.34
41.255334 4.34
41.319210 4.34
41.388085 4.34
41.446977 4.34
41.510978 4.34
41.574978 4.34
41.648978 4.34
41.712463 4.34
41.776088 4.34
41.831463 4.34
41.900090 4.34
41.951465 4.34
42.020090 4.34
42.071216 4.34
42.126982 4.34
42.195730 4.34
42.254091 4.34
42.301342 4.34
42.351984 4.34
42.415735 4.34
42.474094 4.34
42.535470 4.34
42.604345 4.34
42.654986 4.34
42.718735 4.34
42.777346 4.34
42.827988 4.34
42.891748 4.34
42.950348 4.34
43.013865 4.34
43.091099 4.34
43.168350 4.34
43.237100 4.34
43.295487 4.34
43.372878 4.34
43.441753 4.34
43.495102 4.34
43.553482 4.34
43.617103 4.34
43.675754 4.34
43.729354 4.34
43.798105 4.34
43.883757 4.34
43.949106 4.34
44.007758 4.34
44.071357 4.34
44.140108 4.34
44.198757 4.34
44.248759 4.34
44.298758 4.34
44.348759 4.34
44.417359 4.34
44.486001 4.34
44.541360 4.34
44.610111 4.34
44.674111 4.34
44.728763 4.34
44.797362 4.34
44.861001 4.34
44.908364 4.34
44.977006 4.34
45.024365 4.34
45.088004 4.34
45.162005 4.34
45.227241 4.34
45.291241 4.34
45.342007 4.34
45.411242 4.34
45.480011 4.34
45.559369 4.34
45.618244 4.34
45.682245 4.34
45.750995 4.34
45.819995 4.34
45.894122 4.34
45.962997 4.34
46.032122 4.34
46.100998 4.34
46.170249 4.34
46.239123 4.34
46.313000 4.34
46.387000 4.34
46.456001 4.34
46.530002 4.34
46.594001 4.34
46.663003 4.34
46.737004 4.34
46.811129 4.34
46.885005 4.34
46.949131 4.34
47.013020 4.34
47.077006 4.34
47.141021 4.34
47.205024 4.34
47.269024 4.34
47.333021 4.34
47.397008 4.34
47.461009 4.34
47.525025 4.34
47.589027 4.68
47.653011 12.32
47.717026 6.36
47.781012 6.36
47.845137 6.36
47.904029 6.36
47.968693 6.68
48.024910 6.68
48.089390 6.36
48.139265 6.68
48.194265 6.68
48.253775 6.68
48.323770 6.68
48.388018 6.68
48.452018 7.02
48.507911 7.02
48.577559 7.02
48.641551 7.02
48.705549 7.02
48.775020 7.02
48.839709 7.02
48.899151 7.37
48.958024 7.37
49.022023 7.37
49.086022 7.37
49.150925 7.37
49.210151 7.37
49.264025 7.37
49.328025 7.69
49.392041 7.69
49.451576 7.69
49.518065 7.69
49.577028 7.69
49.641042 7.69
49.710816 7.69
49.780690 8.03
49.834564 8.03
49.898558 8.03
49.962559 8.03
50.027163 8.03
50.086569 8.03
50.145408 8.03
50.209561 8.35
50.269657 8.35
50.334715 8.35
50.390055 8.35
50.455567 8.35
50.519564 8.35
50.579932 8.35
50.640571 8.35
50.700927 8.70
50.765054 8.70
50.830412 8.70
50.895297 8.70
50.945586 8.70
51.010166 8.70
51.065040 8.70
51.124055 9.04
51.193703 9.04
51.248936 9.04
51.318041 9.04
51.377058 9.04
51.441166 9.04
51.505581 9.04
51.575043 9.36
51.634061 9.36
51.693061 9.36
51.757745 9.36
51.822716 9.36
51.883585 9.36
51.949421 9.71
52.019063 9.71
52.088425 9.71
52.147423 9.71
52.206423 9.71
52.275945 9.71
52.340179 9.71
52.394177 10.03
52.448595 10.03
52.508188 10.03
52.564314 9.71
52.629201 10.03
52.684848 10.03
52.744626 10.03
52.809617 10.03
52.874976 10.03
52.930625 10.03
53.000728 10.03
53.070433 10.03
53.131061 10.03
53.190434 10.03
53.250970 10.03
53.306724 10.03
53.371608 10.03
53.430057 10.03
53.485058 10.03
53.548949 10.03
53.617950 10.03
53.681934 10.03
53.741951 10.03
53.801076 10.03
53.856079 10.03
53.916438 10.03
53.990954 10.03
54.060063 10.03
54.124065 10.03
54.188063 10.03
54.252441 10.03
54.316940 10.03
54.385939 10.03
54.440736 9.71
54.510068 10.03
54.568709 10.03
54.637942 10.03
54.706958 10.03
54.772883 10.03
54.831709 10.03
54.905831 10.03
54.975448 10.03
55.045460 10.03
55.115324 10.03
55.175962 10.03
55.241196 10.03
55.304697 10.03
55.364725 10.03
55.424699 10.03
55.478323 10.03
55.538603 10.03
55.594074 10.03
55.647971 10.03
55.713731 10.03
55.782734 10.03
55.837826 10.03
55.888614 10.03
55.948623 10.03
56.017608 10.03
56.086970 10.03
56.155727 10.03
56.210455 10.03
56.264080 10.03
56.317972 10.03
56.382098 10.03
56.435611 10.37
56.500611 10.37
56.569725 10.37
56.643738 10.37
56.699621 10.37
56.763729 10.03
56.827591 10.03
56.901586 10.03
56.965461 10.03
57.019102 10.03
57.082588 10.03
57.140961 10.03
57.209588 10.03
57.267963 10.03
57.336589 10.03
57.400592 9.71
57.469993 9.04
57.528970 8.35
57.587748 7.69
57.652597 7.37
57.721863 6.68
57.780717 6.36
57.851093 6.36
57.914593 6.36
57.988594 6.68
58.062595 6.68
58.136595 6.36
58.210736 6.36
58.276096 6.68
58.334596 6.68
58.408479 6.36
58.479851 6.68
58.534866 6.68
58.598481 6.68
58.658849 6.68
58.722483 6.68
58.779100 6.68
58.837486 6.68
58.893851 6.36
58.962601 6.68
59.031483 6.36
59.091868 6.36
59.155524 6.68
59.225357 6.68
59.284355 6.36
59.343105 6.36
59.398230 6.68
59.456996 6.36
59.515635 6.36
59.579740 6.36
59.630363 6.68
59.693862 6.68
59.762490 6.36
59.820862 6.68
59.889695 6.68
59.954110 6.68
60.012890 6.68
60.077367 6.68
60.136361 6.68
60.199987 6.36
60.263489 6.36
60.332639 6.36
60.406636 6.36
60.475764 6.36
60.534492 6.36
60.609240 6.36
60.678366 6.36
60.742241 6.36
60.807648 6.36
60.868687 6.36
60.933119 6.36
60.993500 6.36
61.062499 6.36
61.131500 6.68
61.200495 6.36
61.264119 6.36
61.315496 6.36
61.378997 6.36
61.437372 6.36
61.492372 6.36
61.547372 6.36
61.609374 6.68
61.671373 6.68
61.718638 6.36
61.769249 6.36
61.832891 6.68
61.891652 6.36
61.955765 6.36
62.019385 6.36
62.077757 6.36
62.146381 6.36
62.193632 6.36
62.244256 6.36
62.313258 6.68
62.373899 6.36
62.432380 6.36
62.507130 6.36
62.570881 6.36
62.629534 6.36
62.693382 6.36
62.762382 6.68
62.826383 6.68
62.900384 6.68
62.969538 6.36
63.038924 6.68
63.097540 6.68
63.161385 6.36
63.235542 6.36
63.299387 6.36
63.368386 6.68
63.433145 6.36
63.497391 6.36
63.566540 6.36
63.635389 6.36
63.704539 6.36
63.773395 6.36
63.833657 6.68
63.903267 6.68
63.969142 6.68
64.038547 6.36
64.098659 6.36
64.158150 6.36
64.222396 6.36
64.286270 6.36
64.341644 6.36
64.400395 6.36
64.464271 6.36
64.531030 6.36
64.591276 6.36
64.648274 6.36
64.714148 6.36
64.773023 6.36
64.837149 6.36
64.896399 6.36
64.960400 6.36
65.024275 6.36
65.090151 6.36
65.149042 6.36
65.218158 6.36
65.287560 6.36
65.346277 6.36
65.404655 6.36
65.468404 6.36
65.532404 6.36
65.591405 6.36
65.655406 6.36
65.714406 6.36
65.778281 6.36
65.842049 6.36
65.906158 6.36
65.965412 6.36
66.029565 6.36
66.088409 6.36
66.158909 6.36
66.217409 6.68
66.281410 6.36
66.340414 6.68
66.399412 6.36
66.463287 6.68
66.527038 6.68
66.591163 6.68
66.646289 6.36
66.706595 6.68
66.760293 6.68
66.829417 6.36
66.893570 6.36
66.952291 6.68
67.026166 6.68
67.077931 6.36
67.123932 6.36
67.192570 6.36
67.256168 6.36
67.303419 6.36
67.362293 6.36
67.418173 6.36
67.465420 6.36
67.524295 6.36
67.588296 6.36
67.644047 6.36
67.702813 6.36
67.756422 6.36
67.825177 6.36
67.872426 6.36
67.923050 6.36
67.986553 6.36
68.055177 6.36
68.113555 6.36
68.178183 6.36
68.247427 6.68
68.306428 6.36
68.365302 6.36
68.439178 6.36
68.497944 6.36
68.562597 6.36
68.616307 6.36
68.680431 6.36
68.739305 6.36
68.803306 6.36
68.877625 6.36
68.929341 6.36
68.993308 6.36
69.057308 6.36
69.131184 6.36
69.189953 6.36
69.254443 6.36
69.313315 6.36
69.382187 6.36
69.445951 6.36
69.519824 6.36
69.571061 6.36
69.630445 6.36
69.684942 6.36
69.749315 6.36
69.800081 6.36
69.847439 6.36
69.901065 6.36
69.948440 6.36
70.004325 6.36
70.074320 6.36
70.133194 6.36
70.189068 6.36
70.236443 6.36
70.295318 6.36
70.350455 6.36
70.409716 6.36
70.463195 6.36
70.527195 6.36
70.592070 6.36
70.661071 6.36
70.736092 6.36
70.805712 6.36
70.864715 6.36
70.923715 6.36
70.997725 6.36
71.051324 6.36
71.110979 6.36
71.180722 6.36
71.244720 6.36
71.298326 6.36
71.367076 6.36
71.436342 6.36
71.497585 6.36
71.551457 6.36
71.615080 6.36
71.684329 6.36
71.753079 6.36
71.822220 6.36
71.886967 6.36
71.946214 6.36
72.015335 6.36
72.074209 6.36
72.148082 6.36
72.217083 6.36
72.286084 6.36
72.344459 6.68
72.407963 6.36
72.468085 6.36
72.528087 6.36
72.582711 6.36
72.634086 6.36
72.697587 6.36
72.761086 6.36
72.821088 6.36
72.874337 6.36
72.942963 6.36
72.994088 6.36
73.054090 6.36
73.104844 6.36
73.168341 6.36
73.236968 6.36
73.284216 6.36
73.334857 6.36
73.393342 6.36
73.457346 6.36
73.521094 6.36
73.576861 6.36
73.640345 6.36
73.704095 6.36
73.759863 6.36
73.823750 6.36
73.887346 6.36
73.950989 6.36
74.014598 6.36
74.068223 6.36
74.132099 6.36
74.206099 6.36
74.275100 6.36
74.348975 6.36
74.412629 6.36
74.486631 6.36
74.555630 6.36
74.619631 6.36
74.683630 6.36
74.738979 6.36
74.808104 6.36
74.881980 6.36
74.950980 6.36
75.020105 6.36
75.094106 6.36
75.158232 6.36
75.217107 6.36
75.281236 6.36
75.345489 6.36
75.410984 6.36
75.464236 6.36
75.528001 6.36
75.597003 6.36
75.652998 6.36
75.716990 6.68
75.780864 6.68
75.835987 6.36
75.910489 6.68
75.974637 6.36
76.038493 6.68
76.102654 6.68
76.166491 6.36
76.224990 6.36
76.293992 6.36
76.363117 6.36
76.427121 6.36
76.496646 6.36
76.566135 6.36
76.635126 6.36
76.687884 6.36
76.751995 6.36
76.815995 6.36
76.884996 6.36
76.948996 6.36
77.013000 6.36
77.084057 6.36
77.147890 6.36
77.206248 6.36
77.270012 6.36
77.344500 6.36
77.403548 6.36
77.468128 6.36
77.532004 6.36
77.598004 6.36
77.657253 6.36
77.718034 6.36
77.782002 6.36
77.851130 6.36
77.915023 6.36
77.974145 6.36
78.033026 6.36
78.093381 6.36
78.153771 6.36
78.210911 6.36
78.269899 6.36
78.334008 6.36
78.394138 6.36
78.452900 6.36
78.522264 6.36
78.576142 6.36
78.634902 6.36
78.698891 6.36
78.764386 6.36
78.828386 6.36
78.892538 6.36
78.956514 6.36
79.021637 6.36
79.085390 6.36
79.139031 6.36
79.203014 6.36
79.266907 6.36
79.330902 6.36
79.395035 6.36
79.459392 6.36
79.528392 6.36
79.592542 6.36
79.656547 6.36
79.725910 6.36
79.789909 6.36
79.864394 6.36
79.938896 6.36
79.997894 6.36
80.061913 6.36
80.125914 6.36
80.190022 6.36
80.248938 6.36
80.317778 6.36
80.387041 6.36
80.445899 6.36
80.510025 6.36
80.568901 6.36
80.633041 6.36
80.692029 6.36
80.752834 6.36
80.818817 6.36
80.879808 6.36
80.940279 6.36
80.993922 6.36
81.058049 6.36
81.122048 6.36
81.180655 6.36
81.241032 6.36
81.299921 6.36
81.350658 6.36
81.416158 6.36
81.470050 6.36
81.529051 6.36
81.592659 6.36
81.649284 6.36
81.699035 6.36
81.754052 6.36
81.808910 6.36
81.863910 6.36
81.914571 6.36
81.978040 6.36
82.036928 6.36
82.096720 6.36
82.162417 6.36
82.227663 6.36
82.291932 6.36
82.356067 6.36
82.419942 6.36
82.488916 6.36
82.552418 6.36
82.616417 6.36
82.686044 6.36
82.750695 6.36
82.814921 6.36
82.880305 6.36
82.946169 6.36
83.000063 6.36
83.058547 6.36
83.124170 6.36
83.178046 6.36
83.233172 6.36
83.287087 6.36
83.342802 6.36
83.397805 6.36
83.466549 6.36
83.521699 6.36
83.585941 6.36
83.645069 6.36
83.704433 6.36
83.763305 6.36
83.828694 6.36
83.892943 6.36
83.952054 6.36
84.002310 6.36
84.062696 6.36
84.122946 6.36
84.191708 6.36
84.255556 6.36
84.315946 6.36
84.379556 6.36
84.435931 6.36
84.499585 6.36
84.563308 6.36
84.621947 6.36
84.685771 6.36
84.742726 6.36
84.801960 6.36
84.856441 6.36
84.907593 6.36
84.971602 6.36
85.046574 6.36
85.116314 6.36
85.180318 6.36
85.244188 6.36
85.298072 6.36
85.358959 6.68
85.423621 6.36
85.493452 6.68
85.557315 6.68
85.617715 6.68
85.681708 6.68
85.745970 6.68
85.805444 6.68
85.871722 6.68
85.930710 6.68
86.004599 6.68
86.079195 6.68
86.139598 6.68
86.208723 6.68
86.277600 6.68
86.3467