0.000000 0.000000
0.052708 62.00
0.110465 62.00
0.170515 62.00
0.225036 62.00
0.288919 62.00
0.345665 62.00
0.391387 62.00
0.465137 62.00
0.523903 62.00
0.589152 62.00
0.645664 62.00
0.691389 61.00
0.757698 61.00
0.833400 61.00
0.894541 61.00
0.960039 62.00
1.025039 62.00
1.089269 62.00
1.153143 62.00
1.205670 62.00
1.251393 62.00
1.320143 62.00
1.376409 62.00
1.441526 61.00
1.495791 61.00
1.554523 62.00
1.613521 62.00
1.667147 61.00
1.726147 61.00
1.791675 62.00
1.850398 62.00
1.909149 61.00
1.978149 61.00
2.052166 61.00
2.116150 61.00
2.190164 61.00
2.259151 61.00
2.333152 61.00
2.397152 62.00
2.461152 62.00
2.530154 61.00
2.604169 61.00
2.673155 61.00
2.742169 61.00
2.811169 62.00
2.880281 62.00
2.954173 62.00
3.028171 61.00
3.102171 61.00
3.161159 61.00
3.230284 61.00
3.294176 61.00
3.358176 61.00
3.422176 61.00
3.486175 61.00
3.550179 61.00
3.614178 61.00
3.678288 61.00
3.742177 61.00
3.806164 62.00
3.870178 62.00
3.929290 61.00
3.993291 61.00
4.057180 61.00
4.121182 61.00
4.185182 61.00
4.249168 61.00
4.313181 62.00
4.377183 62.00
4.441294 61.00
4.505183 61.00
4.569184 62.00
4.633184 62.00
4.697171 61.00
4.761186 62.00
4.825188 62.00
4.889297 61.00
4.953186 61.00
5.017190 61.00
5.081174 61.00
5.145174 61.00
5.209189 61.00
5.268175 61.00
5.332176 61.00
5.396194 61.00
5.460177 61.00
5.524177 62.00
5.588178 62.00
5.652303 62.00
5.711193 62.00
5.775193 61.00
5.839196 61.00
5.903180 62.00
5.967306 62.00
6.026195 61.00
6.090196 61.00
6.148948 61.00
6.212684 61.00
6.276687 61.00
6.340685 61.00
6.399685 61.00
6.463685 61.00
6.522687 61.00
6.581687 61.00
6.645688 62.00
6.709688 62.00
6.763312 61.00
6.816954 61.00
6.875689 61.00
6.939689 61.00
7.003691 61.00
7.067693 61.00
7.131956 62.00
7.182566 62.00
7.242566 62.00
7.317206 61.00
7.381318 61.00
7.440193 61.00
7.498959 62.00
7.549569 62.00
7.618695 62.00
7.669569 61.00
7.729571 61.00
7.803848 62.00
7.878322 61.00
7.937197 61.00
7.996088 61.00
8.065087 61.00
8.134089 61.00
8.197965 61.00
8.266965 61.00
8.340967 61.00
8.409841 62.00
8.464849 62.00
8.519850 61.00
8.574853 61.00
8.643829 62.00
8.698827 62.00
8.753828 61.00
8.808704 61.00
8.885578 61.00
8.950705 61.00
9.010705 61.00
9.069080 61.00
9.142832 61.00
9.201206 61.00
9.261332 61.00
9.324834 61.00
9.379708 61.00
9.443209 61.00
9.503334 62.00
9.557834 62.00
9.607209 62.00
9.667335 61.00
9.722335 61.00
9.776837 61.00
9.826211 61.00
9.886336 62.00
9.931837 62.00
9.981212 62.00
10.041338 62.00
10.086838 62.00
10.136214 61.00
10.199715 61.00
10.252965 62.00
10.326716 62.00
10.379966 62.00
10.453717 62.00
10.506967 61.00
10.580718 61.00
10.633968 61.00
10.707719 61.00
10.760969 62.00
10.834719 62.00
10.887970 61.00
10.961720 61.00
11.014971 61.00
11.088721 61.00
11.141972 62.00
11.215723 62.00
11.268973 61.00
11.342723 61.00
11.395974 61.00
11.469725 61.00
11.524726 62.00
11.579602 62.00
11.639603 62.00
11.699603 62.00
11.759604 62.00
11.819603 62.00
11.879604 61.00
11.939604 61.00
11.999605 61.00
12.059606 61.00
12.112855 61.00
12.183230 61.00
12.246731 62.00
12.301607 62.00
12.354857 61.00
12.425232 61.00
12.479733 62.00
12.538108 62.00
12.598233 62.00
12.653234 61.00
12.698734 61.00
12.748110 62.00
12.808235 62.00
12.853735 62.00
12.903110 62.00
12.963236 62.00
13.008737 62.00
13.068362 62.00
13.131863 61.00
13.205614 61.00
13.258864 61.00
13.332615 61.00
13.385866 61.00
13.459616 61.00
13.512866 62.00
13.586617 62.00
13.639867 61.00
13.713618 61.00
13.766868 61.00
13.840619 61.00
13.893869 61.00
13.967621 61.00
14.020871 61.00
14.094623 61.00
14.149622 61.00
14.202872 61.00
14.276624 61.00
14.331623 61.00
14.386624 62.00
14.439873 62.00
14.513624 61.00
14.568499 61.00
14.628500 62.00
14.688500 62.00
14.748500 62.00
14.808502 62.00
14.868501 62.00
14.928502 62.00
14.981753 62.00
15.052128 62.00
15.106629 62.00
15.161504 62.00
15.214754 62.00
15.285131 62.00
15.339631 61.00
15.390256 61.00
15.453756 61.00
15.524132 61.00
15.578633 61.00
15.629257 62.00
15.692759 62.00
15.766509 62.00
15.819759 62.00
15.893510 61.00
15.946760 61.00
16.020510 62.00
16.073762 62.00
16.147513 62.00
16.200763 62.00
16.274513 61.00
16.327763 61.00
16.401514 62.00
16.454764 62.00
16.528516 62.00
16.581766 62.00
16.655516 61.00
16.708767 61.00
16.782518 61.00
16.856768 62.00
16.930645 62.00
16.999670 62.00
17.068770 62.00
17.142771 62.00
17.211648 62.00
17.280649 62.00
17.349649 61.00
17.418649 61.00
17.487650 61.00
17.542789 61.00
17.597650 61.00
17.661652 61.00
17.716652 61.00
17.771651 61.00
17.826652 61.00
17.895653 62.00
17.956152 61.00
18.020152 61.00
18.082167 62.00
18.151404 62.00
18.211530 62.00
18.272171 62.00
18.334171 62.00
18.403406 62.00
18.463531 62.00
18.532808 62.00
18.596532 62.00
18.660534 62.00
18.724534 61.00
18.788534 61.00
18.852534 62.00
18.916535 62.00
18.980662 62.00
19.049812 62.00
19.113813 62.00
19.172537 62.00
19.236537 61.00
19.305538 61.00
19.374538 61.00
19.448666 62.00
19.512540 62.00
19.581415 62.00
19.634666 62.00
19.708415 62.00
19.761667 62.00
19.835417 62.00
19.888668 62.00
19.962418 61.00
20.015670 61.00
20.089418 62.00
20.144294 62.00
20.202671 62.00
20.276419 62.00
20.331296 61.00
20.391296 61.00
20.451296 61.00
20.511297 61.00
20.571298 62.00
20.634799 62.00
20.693174 61.00
20.753299 61.00
20.806549 61.00
20.876925 62.00
20.931926 62.00
20.986925 62.00
21.045426 62.00
21.094802 62.00
21.154927 62.00
21.213428 62.00
21.264053 62.00
21.327553 62.00
21.397929 62.00
21.443430 61.00
21.494055 61.00
21.557556 61.00
21.631306 62.00
21.684556 62.00
21.758307 61.00
21.811557 62.00
21.885308 62.00
21.938558 61.00
22.012309 61.00
22.065559 62.00
22.139310 62.00
22.192560 62.00
22.266311 62.00
22.324812 61.00
22.388312 61.00
22.441563 62.00
22.515313 62.00
22.568564 62.00
22.642314 62.00
22.695564 62.00
22.769315 62.00
22.822566 62.00
22.896316 62.00
22.956442 62.00
23.004567 62.00
23.078317 62.00
23.138444 62.00
23.188193 62.00
23.248194 62.00
23.303194 62.00
23.363195 62.00
23.416446 62.00
23.481571 62.00
23.555322 62.00
23.610197 62.00
23.663447 62.00
23.732073 62.00
23.790448 62.00
23.860824 62.00
23.915825 62.00
23.961324 61.00
24.019701 61.00
24.083200 62.00
24.136451 62.00
24.210452 62.00
24.282203 62.00
24.335453 62.00
24.417955 62.00
24.495455 62.00
24.564329 62.00
24.614956 62.00
24.678455 62.00
24.752206 62.00
24.824096 62.00
24.901207 62.00
24.960974 62.00
25.034976 62.00
25.093459 62.00
25.170976 62.00
25.229460 62.00
25.298460 61.00
25.362462 61.00
25.426462 62.00
25.490463 62.00
25.568102 62.00
25.632105 62.00
25.695980 62.00
25.765106 62.00
25.828979 62.00
25.894216 62.00
25.958106 62.00
26.044109 62.00
26.102869 62.00
26.170218 61.00
26.222742 61.00
26.268469 61.00
26.332219 61.00
26.382869 61.00
26.441597 62.00
26.495346 62.00
26.559221 62.00
26.611746 62.00
26.657471 62.00
26.722748 62.00
26.768473 62.00
26.832112 62.00
26.885600 62.00
26.939224 62.00
27.013239 62.00
27.087116 62.00
27.140602 62.00
27.194476 62.00
27.258116 62.00
27.318119 62.00
27.371603 62.00
27.425478 61.00
27.489229 61.00
27.563104 61.00
27.616606 61.00
27.670481 61.00
27.739106 61.00
27.792607 61.00
27.846231 61.00
27.909873 62.00
27.978609 62.00
28.032233 62.00
28.106233 62.00
28.180109 62.00
28.235367 62.00
28.295611 62.00
28.351126 62.00
28.406368 62.00
28.475112 61.00
28.531487 61.00
28.600113 62.00
28.655244 62.00
28.705245 62.00
28.758880 62.00
28.824131 62.00
28.879245 62.00
28.932764 61.00
28.996240 61.00
29.060366 62.00
29.125619 62.00
29.171242 62.00
29.235118 62.00
29.289769 62.00
29.353244 62.00
29.423621 62.00
29.478119 62.00
29.528760 61.00
29.597496 61.00
29.661121 62.00
29.729997 62.00
29.783247 62.00
29.857123 62.00
29.930998 62.00
29.984248 62.00
30.057998 61.00
30.111249 61.00
30.185000 61.00
30.238250 61.00
30.312001 62.00
30.365251 62.00
30.439002 62.00
30.492252 62.00
30.566128 62.00
30.634754 62.00
30.698254 62.00
30.772005 62.00
30.825257 62.00
30.899006 62.00
30.952257 62.00
31.026007 62.00
31.079257 62.00
31.153007 61.00
31.206258 61.00
31.280133 62.00
31.345259 62.00
31.419010 62.00
31.473885 62.00
31.533886 62.00
31.593886 62.00
31.653886 61.00
31.713887 61.00
31.773888 62.00
31.833888 62.00
31.893888 62.00
31.947138 62.00
32.017514 62.00
32.072515 62.00
32.127140 62.00
32.197516 62.00
32.252516 62.00
32.298016 62.00
32.347392 62.00
32.407518 61.00
32.462018 61.00
32.512645 61.00
32.576144 62.00
32.646520 62.00
32.692020 62.00
32.742646 62.00
32.806145 62.00
32.879897 62.00
32.933147 62.00
33.006898 62.00
33.060147 62.00
33.133898 62.00
33.187149 62.00
33.260899 62.00
33.314150 62.00
33.387901 62.00
33.441151 62.00
33.509901 62.00
33.563151 62.00
33.636902 62.00
33.690153 62.00
33.763903 61.00
33.817153 61.00
33.890905 62.00
33.944155 62.00
34.017906 62.00
34.071156 62.00
34.139906 62.00
34.194782 62.00
34.254783 62.00
34.320034 61.00
34.368158 61.00
34.441909 62.00
34.500284 62.00
34.568909 62.00
34.623786 62.00
34.687286 62.00
34.755911 62.00
34.814287 62.00
34.874412 62.00
34.928912 62.00
34.983788 62.00
35.037039 61.00
35.107414 61.00
35.162414 62.00
35.217415 62.00
35.262915 62.00
35.313541 62.00
35.377041 62.00
35.450792 61.00
35.504042 62.00
35.577793 62.00
35.631043 62.00
35.704794 62.00
35.758045 62.00
35.831795 62.00
35.885045 62.00
35.958796 62.00
36.012047 62.00
36.085797 62.00
36.139047 62.00
36.212799 62.00
36.266048 62.00
36.339799 62.00
36.393049 62.00
36.466800 62.00
36.520051 62.00
36.593801 62.00
36.647051 62.00
36.720803 62.00
36.774052 62.00
36.847803 62.00
36.901054 61.00
36.974804 61.00
37.029680 62.00
37.088055 62.00
37.161806 62.00
37.216682 62.00
37.276682 62.00
37.336683 62.00
37.396683 62.00
37.456683 62.00
37.516684 62.00
37.576685 62.00
37.629934 62.00
37.700309 62.00
37.755310 62.00
37.810311 62.00
37.865311 62.00
37.920312 61.00
37.974812 61.00
38.033188 62.00
38.096689 62.00
38.149939 61.00
38.220313 61.00
38.265815 62.00
38.315190 62.00
38.378692 62.00
38.431941 62.00
38.505693 61.00
38.558942 61.00
38.632694 62.00
38.685943 62.00
38.759694 62.00
38.812944 62.00
38.886695 62.00
38.939945 62.00
39.013697 61.00
39.066946 61.00
39.140697 61.00
39.193947 61.00
39.267699 62.00
39.320948 62.00
39.394700 62.00
39.447948 62.00
39.521701 61.00
39.576702 61.00
39.629950 62.00
39.703702 62.00
39.758576 62.00
39.818577 62.00
39.878577 62.00
39.938578 62.00
39.998578 62.00
40.058578 62.00
40.118579 62.00
40.178579 62.00
40.231829 62.00
40.300455 62.00
40.358831 61.00
40.423957 61.00
40.489208 62.00
40.543707 62.00
40.602084 62.00
40.662208 62.00
40.707709 62.00
40.758334 62.00
40.821835 62.00
40.892210 62.00
40.937710 62.00
40.996087 61.00
41.059590 61.00
41.112838 62.00
41.186594 62.00
41.239838 62.00
41.313593 62.00
41.366839 62.00
41.440595 62.00
41.493840 62.00
41.567596 62.00
41.620841 62.00
41.694595 62.00
41.747842 62.00
41.821595 62.00
41.874844 62.00
41.948595 62.00
42.001845 62.00
42.075596 62.00
42.128846 62.00
42.202597 62.00
42.257598 62.00
42.310847 62.00
42.384599 61.00
42.437848 61.00
42.511600 62.00
42.564849 62.00
42.638601 62.00
42.693474 62.00
42.751850 61.00
42.825602 61.00
42.880476 62.00
42.940477 62.00
43.000477 62.00
43.053727 62.00
43.124103 62.00
43.187604 62.00
43.236980 62.00
43.297105 62.00
43.352106 62.00
43.407106 62.00
43.462107 62.00
43.516607 62.00
43.565982 62.00
43.626108 62.00
43.671609 62.00
43.729983 62.00
43.790109 62.00
43.840734 62.00
43.911110 62.00
43.956611 62.00
44.007235 62.00
44.070736 62.00
44.144486 62.00
44.197737 62.00
44.271488 62.00
44.324738 62.00
44.398489 62.00
44.451739 62.00
44.525490 62.00
44.578740 62.00
44.652490 62.00
44.705741 62.00
44.779491 62.00
44.834492 62.00
44.887743 62.00
44.961493 62.00
45.014743 62.00
45.088494 62.00
45.141744 62.00
45.215495 62.00
45.270496 62.00
45.325496 62.00
45.378747 62.00
45.452497 62.00
45.507373 62.00
45.567372 62.00
45.627373 62.00
45.687374 62.00
45.747374 62.00
45.810876 62.00
45.871001 62.00
45.934500 62.00
45.992876 62.00
46.061502 62.00
46.119877 62.00
46.180003 62.00
46.225503 62.00
46.274879 62.00
46.338379 61.00
46.391631 61.00
46.462005 62.00
46.507505 62.00
46.556881 62.00
46.617007 62.00
46.662506 62.00
46.711882 62.00
46.772007 62.00
46.817508 62.00
46.868133 62.00
46.931635 62.00
47.005384 62.00
47.058636 62.00
47.132385 62.00
47.185637 62.00
47.254386 62.00
47.307637 62.00
47.381388 62.00
47.434639 62.00
47.508388 62.00
47.561640 62.00
47.635389 62.00
47.688641 62.00
47.762390 62.00
47.815642 62.00
47.884392 62.00
47.937642 62.00
48.011393 62.00
48.064644 62.00
48.138393 62.00
48.193269 62.00
48.251646 62.00
48.320927 62.00
48.371276 62.00
48.432400 62.00
48.501803 62.00
48.560678 62.00
48.629800 62.00
48.688679 62.00
48.747680 62.00
48.806525 62.00
48.867043 62.00
48.937283 62.00
48.996531 62.00
49.055529 62.00
49.119528 61.00
49.178700 61.00
49.248282 62.00
49.307280 62.00
49.366172 62.00
49.430280 62.00
49.489717 61.00
49.559701 61.00
49.613534 61.00
49.677533 61.00
49.736533 62.00
49.795700 62.00
49.854535 62.00
49.913534 62.00
49.977535 62.00
50.041690 62.00
50.095699 62.00
50.154696 62.00
50.213693 62.00
50.272691 62.00
50.331537 62.00
50.397935 62.00
50.467290 62.00
50.526289 62.00
50.585183 62.00
50.644170 62.00
50.704543 61.00
50.763541 61.00
50.827695 62.00
50.886697 62.00
50.945542 62.00
51.009697 62.00
51.068543 62.00
51.123543 62.00
51.178544 62.00
51.243181 62.00
51.313300 62.00
51.377423 62.00
51.441421 62.00
51.505435 62.00
51.565198 62.00
51.631302 62.00
51.683831 62.00
51.729549 62.00
51.788299 62.00
51.843429 62.00
51.907427 62.00
51.971426 62.00
52.040426 62.00
52.114876 62.00
52.179846 62.00
52.249431 62.00
52.313429 62.00
52.387310 62.00
52.446557 62.00
52.505431 62.00
52.569305 62.00
52.638306 62.00
52.707711 62.00
52.762079 62.00
52.821074 62.00
52.885696 62.00
52.946572 62.00
53.016562 62.00
53.088186 62.00
53.146686 62.00
53.206084 62.00
53.270575 62.00
53.331447 62.00
53.400939 62.00
53.464437 62.00
53.528438 62.00
53.597443 62.00
53.661719 62.00
53.715564 62.00
53.769574 62.00
53.823572 62.00
53.882963 62.00
53.948391 62.00
54.012570 62.00
54.066567 62.00
54.125192 62.00
54.194443 62.00
54.253444 62.00
54.318695 62.00
54.382319 62.00
54.452721 62.00
54.498195 62.00
54.553072 62.00
54.606320 62.00
54.671698 62.00
54.726197 62.00
54.776822 62.00
54.840325 62.00
54.910699 62.00
54.956200 61.00
55.006827 61.00
55.070326 62.00
55.140701 62.00
55.186201 62.00
55.236827 62.00
55.300326 62.00
55.374202 62.00
55.424828 62.00
55.488328 62.00
55.562079 62.00
55.615454 62.00
55.679080 62.00
55.744080 62.00
55.802892 62.00
55.856332 62.00
55.925208 62.00
55.993833 62.00
56.062588 62.00
56.126336 62.00
56.200336 62.00
56.274469 62.00
56.343085 62.00
56.396462 62.00
56.465085 62.00
56.539214 62.00
56.613213 62.00
56.682087 62.00
56.745839 62.00
56.804744 62.00
56.869466 62.00
56.923099 62.00
56.983597 62.00
57.037091 62.00
57.093595 62.00
57.157110 62.00
57.213596 62.00
57.259609 62.00
57.314093 62.00
57.366764 62.00
57.420218 62.00
57.494094 62.00
57.557750 62.00
57.623596 62.00
57.669220 62.00
57.743113 62.00
57.799102 62.00
57.863097 62.00
57.919098 62.00
57.975099 62.00
58.031101 62.00
58.096116 62.00
58.151974 62.00
58.205225 62.00
58.279101 62.00
58.329754 62.00
58.393482 62.00
58.447352 62.00
58.506103 62.00
58.580103 62.00
58.648992 62.00
58.702479 62.00
58.756104 62.00
58.820106 62.00
58.894121 62.00
58.958357 62.00
59.012233 62.00
59.071108 62.00
59.140369 62.00
59.197624 62.00
59.251867 62.00
59.312239 62.00
59.373627 62.00
59.437756 62.00
59.506769 62.00
59.572139 62.00
59.622140 62.00
59.672143 62.00
59.726496 62.00
59.785753 62.00
59.844113 62.00
59.914489 62.00
59.968240 62.00
60.037005 62.00
60.097115 62.00
60.166009 62.00
60.218491 62.00
60.263992 62.00
60.314618 62.00
60.378368 62.00
60.442245 62.00
60.501119 62.00
60.565120 62.00
60.634120 62.00
60.693121 62.00
60.762014 62.00
60.826637 62.00
60.900662 62.00
60.961017 62.00
61.030016 62.00
61.099141 62.00
61.163262 62.00
61.228659 62.00
61.282124 62.00
61.356139 62.00
61.425018 62.00
61.494018 62.00
61.558386 62.00
61.617794 62.00
61.681662 62.00
61.745660 62.00
61.809658 62.00
61.873661 62.00
61.927913 62.00
61.987137 62.00
62.056655 62.00
62.125635 62.00
62.186163 62.00
62.250133 62.00
62.309394 62.00
62.365516 62.00
62.424134 62.00
62.488028 62.00
62.552151 62.00
62.616028 62.00
62.675262 62.00
62.729030 62.00
62.793030 62.00
62.857030 62.00
62.916031 62.00
62.980139 62.00
63.039030 62.00
63.103140 62.00
63.163389 62.00
63.208890 62.00
63.269031 62.00
63.333031 62.00
63.392147 62.00
63.446894 62.00
63.497518 62.00
63.552528 62.00
63.621519 62.00
63.685519 62.00
63.744275 62.00
63.813521 62.00
63.877521 62.00
63.941522 62.00
64.002147 62.00
64.061041 62.00
64.124914 62.00
64.184523 62.00
64.248523 62.00
64.312523 62.00
64.376524 62.00
64.435525 62.00
64.499526 62.00
64.564777 62.00
64.628527 62.00
64.687528 62.00
64.757046 62.00
64.816044 62.00
64.875048 61.00
64.933921 61.00
64.998031 61.00
65.062048 62.00
65.121048 62.00
65.179807 62.00
65.239049 62.00
65.303048 62.00
65.361799 62.00
65.425784 62.00
65.479159 62.00
65.542915 62.00
65.601802 62.00
65.651160 62.00
65.705052 62.00
65.763802 62.00
65.827786 62.00
65.877167 62.00
65.931059 62.00
65.995040 62.00
66.055287 62.00
66.101056 62.00
66.155929 62.00
66.219789 62.00
66.275814 62.00
66.336540 62.00
66.387541 62.00
66.438417 62.00
66.498541 62.00
66.549416 62.00
66.613167 62.00
66.672198 62.00
66.735840 62.00
66.800060 62.00
66.864063 62.00
66.938546 62.00
67.013063 62.00
67.078071 62.00
67.132052 62.00
67.191066 62.00
67.259704 62.00
67.333827 62.00
67.398067 62.00
67.456817 62.00
67.522050 62.00
67.580676 62.00
67.633944 62.00
67.697677 62.00
67.752973 62.00
67.816804 62.00
67.890711 62.00
67.951179 62.00
68.010071 62.00
68.065180 62.00
68.129430 62.00
68.188073 62.00
68.251682 62.00
68.306807 62.00
68.367182 62.00
68.425712 62.00
68.496183 62.00
68.550075 62.00
68.613712 62.00
68.684184 62.00
68.739185 62.00
68.793715 62.00
68.867714 62.00
68.941829 62.00
69.015562 62.00
69.089562 62.00
69.148063 62.00
69.211690 62.00
69.262313 62.00
69.325815 62.00
69.399565 62.00
69.473718 62.00
69.547567 62.00
69.612573 62.00
69.677086 62.00
69.730836 62.00
69.799721 62.00
69.873568 62.00
69.944878 62.00
70.009324 62.00
70.075091 62.00
70.133837 62.00
70.197571 62.00
70.271852 62.00
70.333333 62.00
70.392451 62.00
70.445841 62.00
70.514717 62.00
70.583700 62.00
70.657701 62.00
70.731702 62.00
70.805702 62.00
70.871202 62.00
70.929703 62.00
70.990204 62.00
71.059098 62.00
71.114333 62.00
71.169590 62.00
71.240206 62.00
71.303706 62.00
71.369206 62.00
71.428004 62.00
71.486709 62.00
71.547208 62.00
71.605738 62.00
71.660740 62.00
71.715737 62.00
71.770738 62.00
71.825863 62.00
71.884590 62.00
71.945085 62.00
72.000101 62.00
72.060336 62.00
72.124087 62.00
72.169590 62.00
72.238771 62.00
72.308340 62.00
72.361868 62.00
72.420741 62.00
72.484745 62.00
72.559341 62.00
72.617843 62.00
72.681597 62.00
72.750745 62.00
72.824718 62.00
72.888596 62.00
72.957719 62.00
73.027345 62.00
73.082469 62.00
73.146220 62.00
73.209846 62.00
73.278600 62.00
73.347980 62.00
73.408752 62.00
73.477865 62.00
73.546750 62.00
73.620608 62.00
73.679224 62.00
73.739350 62.00
73.794475 62.00
73.849476 62.00
73.902117 62.00
73.962477 62.00
74.031608 62.00
74.095858 62.00
74.155981 62.00
74.210979 62.00
74.265980 62.00
74.320481 62.00
74.371106 62.00
74.434746 62.00
74.495121 62.00
74.553999 62.00
74.609000 62.00
74.669357 62.00
74.734638 62.00
74.789763 62.00
74.848642 62.00
74.912642 62.00
74.976735 62.00
75.040611 62.00
75.104640 62.00
75.174237 62.00
75.227767 62.00
75.286487 62.00
75.355764 62.00
75.425239 62.00
75.483989 62.00
75.553489 62.00
75.617646 62.00
75.687366 62.00
75.740768 62.00
75.804770 62.00
75.863648 62.00
75.927646 62.00
75.996368 62.00
76.060495 62.00
76.129882 62.00
76.184383 62.00
76.255374 62.00
76.316374 62.00
76.375250 62.00
76.444371 62.00
76.499372 62.00
76.568653 62.00
76.632652 62.00
76.691123 62.00
76.755249 62.00
76.809263 62.00
76.870665 62.00
76.940388 62.00
77.004501 62.00
77.069127 62.00
77.127504 62.00
77.191693 62.00
77.257802 62.00
77.317006 62.00
77.386257 62.00
77.441663 62.00
77.500505 62.00
77.564664 62.00
77.628632 62.00
77.689031 62.00
77.758133 62.00
77.813510 62.00
77.883522 62.00
77.942676 62.00
78.001510 62.00
78.065760 62.00
78.124779 62.00
78.183663 62.00
78.247684 62.00
78.311261 62.00
78.380012 62.00
78.449263 62.00
78.508030 62.00
78.572138 62.00
78.631139 62.00
78.684514 62.00
78.748266 62.00
78.801516 62.00
78.865269 62.00
78.929519 62.00
78.993669 62.00
79.052268 62.00
79.111143 62.00
79.170160 62.00
79.234019 62.00
79.303020 62.00
79.368147 62.00
79.423146 62.00
79.482021 62.0