0.000000 0.000000
0.052447 42.78
0.112296 42.78
0.171630 42.78
0.242002 42.22
0.295252 42.22
0.369000 42.22
0.422252 42.22
0.496001 42.22
0.551002 42.22
0.606002 42.22
0.659254 42.22
0.725019 42.22
0.784700 42.22
0.849782 42.22
0.910771 42.22
0.972014 42.22
1.036523 42.22
1.097134 42.22
1.156133 42.22
1.215133 42.22
1.274134 42.22
1.329134 42.22
1.393802 42.22
1.454658 42.22
1.520655 42.22
1.581138 42.22
1.636137 42.22
1.695137 42.22
1.750137 42.22
1.805138 42.22
1.860138 42.22
1.915139 42.22
1.970139 42.22
2.034140 42.22
2.089140 42.22
2.144140 42.22
2.208016 42.22
2.258780 42.22
2.317391 42.22
2.380892 42.22
2.431784 42.22
2.490393 42.22
2.549019 42.22
2.608784 42.22
2.669295 42.22
2.728145 42.22
2.797021 42.22
2.860539 42.22
2.929147 42.22
2.993147 41.67
3.057148 41.67
3.121149 41.67
3.195024 41.67
3.258540 41.67
3.327151 41.67
3.400900 41.67
3.474901 41.67
3.549027 41.67
3.622902 41.67
3.688153 41.67
3.761903 41.67
3.835904 41.67
3.909904 41.67
3.980431 41.67
4.044281 41.67
4.094031 41.67
4.164408 41.67
4.228157 41.67
4.292033 41.67
4.365908 41.67
4.436410 41.67
4.482034 41.67
4.555909 41.67
4.626411 41.67
4.672161 41.67
4.730911 41.67
4.800037 41.67
4.864037 41.67
4.938038 41.67
5.006917 41.67
5.057539 41.67
5.121038 41.67
5.194790 41.67
5.248040 41.67
5.321790 41.67
5.375040 41.67
5.448791 41.67
5.502041 41.67
5.575792 41.67
5.629043 41.67
5.702793 41.67
5.756043 41.67
5.829794 41.67
5.883044 41.67
5.956795 41.67
6.010046 41.67
6.083797 41.67
6.138797 41.67
6.192047 41.67
6.265798 41.67
6.320798 41.67
6.374049 41.67
6.447799 41.67
6.501050 41.67
6.574800 41.67
6.629675 41.67
6.689676 41.67
6.749676 41.67
6.809677 41.67
6.869677 41.67
6.929678 41.67
6.989678 41.67
7.042929 41.67
7.111555 41.67
7.169930 41.67
7.240307 41.67
7.295307 41.67
7.340806 41.67
7.390181 41.67
7.453683 41.67
7.506932 41.67
7.577309 41.67
7.622809 41.67
7.681183 41.67
7.741310 41.67
7.786810 41.67
7.837435 41.67
7.900935 41.67
7.971313 41.67
8.016812 41.67
8.067437 41.67
8.125937 41.67
8.199688 41.67
8.252938 41.67
8.321689 41.67
8.374939 41.67
8.448690 41.67
8.501941 41.67
8.575691 41.67
8.628941 41.67
8.702692 41.67
8.755942 41.67
8.829693 41.67
8.882943 41.67
8.951694 41.67
9.004944 41.67
9.078695 41.67
9.133696 41.67
9.186946 41.67
9.260697 41.67
9.315572 41.67
9.375573 41.67
9.435573 41.67
9.495574 41.67
9.555575 41.67
9.615574 41.67
9.675574 41.67
9.739200 41.67
9.794076 41.67
9.854203 41.67
9.908701 41.67
9.958077 41.67
10.018204 41.67
10.063703 41.67
10.113083 41.67
10.168206 41.67
10.213704 41.67
10.272080 41.67
10.335582 41.67
10.388831 41.67
10.459208 41.67
10.504709 41.67
10.555334 41.67
10.618833 41.67
10.695709 41.67
10.755336 41.67
10.818835 41.67
10.892585 41.67
10.945835 41.67
11.019586 41.67
11.078087 41.67
11.141587 41.67
11.194837 41.67
11.268587 41.67
11.321838 41.67
11.395589 41.67
11.448839 41.67
11.522590 41.67
11.575840 41.67
11.649591 41.67
11.708091 41.67
11.771592 41.67
11.824842 41.67
11.898593 41.67
11.953593 41.67
12.008469 41.67
12.061845 41.67
12.135595 41.67
12.190470 41.67
12.245470 41.67
12.305471 41.67
12.365472 41.67
12.420472 41.67
12.480473 41.67
12.540473 41.67
12.595474 41.67
12.658974 41.67
12.727599 41.67
12.780974 41.67
12.841101 41.67
12.886601 41.67
12.935976 41.67
12.996103 41.67
13.041602 41.67
13.099977 41.67
13.163478 41.67
13.214232 41.67
13.277729 41.67
13.348106 41.67
13.393605 41.67
13.444231 41.67
13.507730 41.67
13.581482 41.67
13.648107 41.67
13.716732 41.67
13.790484 41.67
13.843734 41.67
13.917483 41.67
13.975984 41.67
14.039485 41.67
14.092736 41.67
14.166486 41.67
14.219737 41.67
14.293487 41.67
14.346738 41.67
14.420489 41.67
14.473738 41.67
14.547489 41.67
14.605989 41.67
14.669490 41.67
14.722740 41.67
14.796491 41.67
14.849741 41.67
14.923492 41.67
14.978368 41.67
15.038368 41.67
15.098369 41.67
15.158369 41.67
15.213396 41.67
15.264274 41.67
15.317996 41.67
15.365121 41.67
15.423997 41.67
15.484397 41.67
15.542998 41.67
15.606873 41.67
15.665624 41.67
15.729624 41.67
15.793638 41.67
15.857642 41.67
15.921639 41.67
15.985643 41.67
16.049516 41.67
16.123643 41.67
16.187642 41.67
16.261405 41.67
16.315004 41.67
16.378880 41.67
16.432521 41.67
16.506415 41.67
16.559881 41.67
16.609522 41.67
16.673131 41.67
16.732007 41.67
16.800757 41.67
16.869411 41.67
16.923008 41.67
16.987010 41.67
17.050760 41.67
17.114411 41.67
17.167886 41.67
17.221524 41.67
17.295413 41.67
17.369412 41.67
17.423012 41.67
17.486888 41.67
17.540528 41.67
17.614403 41.67
17.668015 41.67
17.728266 41.67
17.781891 41.67
17.831891 41.67
17.881892 41.67
17.927892 41.67
17.977892 41.67
18.023892 41.67
18.073893 41.67
18.123894 41.67
18.192535 41.67
18.257895 41.67
18.311536 41.67
18.381896 41.67
18.431537 41.67
18.501897 41.67
18.547535 41.67
18.621397 41.67
18.677299 41.67
18.733300 41.67
18.789275 41.67
18.845275 41.67
18.901301 41.67
18.966400 41.67
19.035277 41.67
19.091277 41.67
19.165542 41.67
19.239402 41.67
19.303403 41.67
19.377280 41.67
19.442280 41.67
19.516280 41.67
19.581281 41.67
19.646296 41.67
19.715282 41.67
19.779424 41.67
19.853422 41.67
19.927286 41.67
19.996422 41.67
20.070286 41.67
20.144287 41.67
20.218286 41.67
20.282287 41.67
20.346287 41.67
20.420288 41.67
20.494290 41.67
20.558038 41.67
20.623164 41.67
20.676789 41.67
20.726789 41.67
20.776790 41.67
20.826790 41.67
20.878165 41.67
20.933166 41.67
20.988166 41.67
21.046806 41.67
21.110807 41.67
21.174806 41.67
21.238810 41.67
21.302808 41.67
21.357809 41.67
21.421810 41.67
21.476795 41.67
21.540811 41.67
21.604810 41.67
21.668922 41.67
21.732813 41.67
21.796813 41.67
21.860815 41.67
21.924815 41.67
21.988814 41.67
22.044924 41.67
22.103814 41.67
22.167816 41.67
22.231815 41.67
22.295802 41.67
22.359802 41.67
22.415928 41.67
22.474818 41.67
22.538804 41.11
22.602820 41.67
22.666822 41.67
22.730821 41.67
22.805307 41.67
22.869308 41.67
22.933307 41.67
22.997333 41.67
23.061309 41.67
23.125309 41.67
23.194309 41.67
23.263824 41.67
23.327935 41.11
23.386826 41.11
23.450825 41.11
23.514828 41.11
23.578576 41.67
23.632187 41.11
23.690830 41.67
23.754939 41.67
23.813830 41.11
23.872580 41.11
23.931319 41.11
23.990316 41.11
24.049191 41.11
24.099816 41.67
24.159817 41.11
24.219817 41.11
24.279817 41.11
24.343818 41.11
24.407834 41.67
24.471833 41.11
24.535834 41.11
24.599837 41.11
24.674321 41.11
24.729196 41.67
24.779822 41.11
24.854323 41.11
24.923323 41.11
24.992837 41.11
25.072327 41.67
25.131325 41.11
25.195326 41.11
25.254201 41.11
25.328327 41.11
25.392328 41.11
25.461842 41.11
25.541332 41.11
25.600204 41.11
25.665454 41.11
25.724205 41.11
25.789455 41.11
25.848080 41.11
25.917081 41.11
25.970596 41.11
26.036082 41.11
26.089598 41.11
26.140957 41.11
26.194598 41.11
26.245959 41.11
26.304475 41.11
26.363210 41.11
26.432085 41.11
26.490476 41.11
26.549086 41.11
26.607476 41.11
26.666087 41.11
26.724479 41.11
26.783087 41.11
26.852088 41.11
26.910489 41.11
26.969089 41.11
27.019729 41.11
27.102090 41.11
27.152732 41.11
27.235091 41.11
27.285731 41.11
27.363967 41.11
27.414733 41.11
27.478496 41.11
27.537094 41.11
27.611094 41.11
27.688494 41.11
27.747223 41.11
27.811225 41.11
27.875097 41.11
27.949232 41.11
28.028372 41.11
28.087227 41.11
28.159739 41.11
28.239229 41.11
28.303100 41.11
28.367231 41.11
28.458237 41.11
28.513602 41.11
28.577102 41.11
28.645978 41.11
28.716631 41.11
28.780104 41.11
28.843980 41.11
28.909508 41.11
28.968105 41.11
29.038482 41.11
29.097106 41.11
29.167483 41.11
29.226107 41.11
29.296484 41.11
29.355108 41.11
29.418984 41.11
29.472498 41.11
29.541110 41.11
29.615110 41.11
29.688986 41.11
29.743750 41.11
29.808988 41.11
29.877987 41.11
29.928751 41.11
29.987113 41.11
30.060990 41.11
30.116990 41.11
30.167755 41.11
30.226516 41.11
30.295116 41.11
30.368991 41.11
30.442992 41.11
30.516867 41.11
30.567756 41.11
30.626392 41.11
30.684994 41.11
30.750869 41.11
30.801760 41.11
30.858271 41.11
30.917121 41.11
30.981122 41.11
31.046871 41.11
31.112275 41.11
31.171123 41.11
31.236998 41.11
31.305874 41.11
31.376526 41.11
31.440125 41.11
31.498876 41.11
31.569526 41.11
31.633268 41.11
31.692002 41.11
31.760768 41.11
31.815519 41.11
31.889254 41.11
31.943129 41.11
32.001879 41.11
32.067381 41.11
32.131130 41.11
32.189880 41.11
32.260406 41.11
32.310132 41.11
32.375383 41.11
32.425133 41.11
32.493884 41.11
32.562884 41.11
32.633386 41.11
32.682885 41.11
32.753386 41.11
32.802885 41.11
32.873387 41.11
32.918886 41.11
32.992888 41.11
33.056888 41.11
33.120888 41.11
33.184889 41.11
33.258890 41.11
33.327890 41.11
33.401890 41.11
33.475892 41.11
33.549892 41.11
33.623892 41.11
33.697893 41.11
33.766894 41.11
33.840894 41.11
33.914895 41.11
33.983895 41.11
34.057896 41.11
34.131897 41.11
34.205897 41.11
34.279898 41.11
34.353898 41.11
34.428023 41.11
34.501899 41.11
34.576025 41.11
34.639540 41.11
34.698151 41.11
34.751543 41.11
34.811792 41.11
34.877281 41.11
34.941293 41.11
35.006903 41.11
35.075904 41.11
35.145030 41.11
35.203905 41.11
35.264297 41.11
35.322906 41.11
35.383296 41.11
35.442032 41.11
35.500782 41.11
35.566299 41.11
35.624908 41.11
35.693910 41.11
35.757784 41.11
35.826801 41.11
35.895802 41.11
35.959911 41.11
36.028912 41.11
36.097912 41.11
36.166913 41.11
36.230788 41.11
36.299802 41.11
36.368915 41.11
36.437915 41.11
36.506916 41.11
36.575916 41.11
36.639792 41.11
36.708809 41.11
36.772793 41.11
36.841807 41.11
36.910809 41.11
36.974919 41.11
37.043920 41.11
37.107795 41.11
37.176812 41.11
37.240797 41.11
37.304797 41.11
37.368797 41.11
37.432797 41.11
37.501813 41.11
37.570815 41.11
37.634799 41.11
37.698801 41.11
37.768050 41.11
37.821816 41.11
37.885818 41.11
37.949816 41.11
38.013816 41.11
38.077820 41.11
38.136817 41.11
38.200819 41.11
38.264819 41.11
38.328821 41.11
38.392821 41.11
38.451822 41.11
38.515820 41.11
38.579823 41.11
38.643821 41.11
38.707823 41.11
38.766822 41.11
38.830826 41.11
38.894823 41.11
38.958826 41.11
39.022828 41.11
39.081828 41.11
39.145828 41.11
39.209937 41.11
39.263826 41.11
39.327829 41.11
39.391830 41.11
39.455829 41.11
39.524831 41.11
39.588833 41.11
39.652832 41.11
39.711832 41.11
39.775831 41.11
39.839833 41.11
39.903833 41.11
39.967835 41.11
40.026835 41.11
40.090833 41.11
40.154835 41.11
40.218836 41.11
40.282836 41.11
40.341837 41.11
40.405838 41.11
40.469838 41.11
40.533839 41.11
40.597590 41.11
40.666715 41.11
40.726824 41.11
40.787081 41.11
40.832590 41.11
40.883201 41.11
40.941826 41.11
41.002083 41.11
41.047592 41.11
41.098202 41.11
41.156828 41.11
41.220469 41.11
41.273954 41.11
41.327596 41.11
41.378204 41.11
41.436830 41.11
41.500471 41.11
41.553956 41.11
41.607596 41.11
41.667207 41.11
41.725832 41.11
41.789475 41.11
41.842722 41.11
41.916473 41.11
41.975084 41.11
42.044085 41.11
42.112726 41.11
42.181726 41.11
42.253478 41.11
42.306728 41.11
42.375729 41.11
42.444488 41.11
42.497728 41.11
42.569732 41.11
42.638732 41.11
42.716090 41.11
42.779731 41.11
42.848733 41.11
42.926091 41.11
42.991342 41.11
43.055093 41.11
43.124093 41.11
43.194345 41.11
43.258094 41.11
43.335497 41.11
43.400846 41.11
43.454495 41.11
43.519847 41.11
43.573498 41.11
43.638997 41.11
43.684740 41.11
43.748499 41.11
43.819001 41.11
43.864740 41.11
43.933500 41.11
44.004000 41.11
44.049742 41.11
44.118378 41.11
44.171853 41.11
44.225503 41.11
44.296004 41.11
44.359745 41.11
44.428378 41.11
44.481855 41.11
44.535506 41.11
44.599105 41.11
44.662746 41.11
44.731382 41.11
44.784857 41.11
44.838498 41.11
44.902108 41.11
44.965983 41.11
45.034984 41.11
45.098984 41.11
45.167985 41.11
45.236752 41.11
45.300626 41.11
45.364388 41.11
45.417861 41.11
45.471631 41.11
45.545388 41.11
45.614390 41.11
45.667864 41.11
45.728390 41.11
45.802391 41.11
45.855865 41.11
45.905865 41.11
45.961116 41.11
46.026242 41.11
46.079868 41.11
46.129867 41.11
46.190394 41.11
46.243868 41.11
46.307507 41.11
46.377870 41.11
46.431510 41.11
46.505396 41.11
46.554872 41.11
46.623512 41.11
46.693873 41.11
46.739511 41.11
46.809873 41.11
46.855511 41.11
46.925875 41.11
46.971514 41.11
47.041876 41.11
47.087514 41.11
47.161252 41.11
47.217280 41.11
47.291277 41.11
47.365281 41.11
47.434404 41.11
47.508281 41.11
47.577406 41.11
47.646282 41.11
47.720280 41.11
47.784405 41.11
47.853406 41.11
47.927284 41.11
47.991383 41.11
48.054883 41.11
48.123508 41.11
48.197260 41.11
48.250508 41.11
48.319516 41.11
48.378389 41.11
48.442296 41.11
48.506417 41.11
48.570406 41.11
48.640443 41.11
48.701808 41.67
48.757141 41.67
48.810765 41.67
48.860890 41.67
48.919787 41.67
48.980142 41.67
49.029788 41.67
49.088892 41.67
49.149142 41.67
49.200822 41.67
49.255020 41.67
49.313770 41.67
49.374144 41.67
49.430145 41.67
49.486456 41.67
49.541664 41.67
49.595302 41.67
49.651302 41.67
49.715301 41.67
49.779673 41.67
49.829776 41.67
49.893775 41.67
49.962899 41.67
50.021792 41.67
50.091680 41.67
50.156670 41.67
50.202403 42.22
50.266310 42.22
50.330306 42.22
50.389785 42.22
50.454674 42.22
50.515404 42.22
50.579309 42.22
50.643604 42.22
50.698037 42.22
50.762909 42.22
50.832423 42.22
50.901798 42.22
50.965911 42.22
51.030318 42.22
51.091158 42.22
51.150313 42.22
51.214315 42.22
51.275163 42.22
51.334321 42.22
51.393316 42.22
51.457316 42.22
51.516317 42.22
51.580915 42.22
51.634681 42.22
51.695163 42.22
51.759316 42.22
51.820177 42.22
51.879922 42.22
51.939331 42.22
51.998326 42.22
52.058682 42.22
52.124446 42.78
52.178923 42.78
52.238423 42.78
52.302323 42.78
52.362686 42.78
52.428578 42.78
52.478801 42.78
52.539332 42.78
52.598326 42.78
52.658686 42.78
52.724339 42.78
52.789338 42.78
52.854373 42.78
52.910730 42.78
52.970499 42.78
53.030587 42.78
53.090368 42.78
53.155622 42.78
53.222189 42.78
53.287490 42.78
53.341935 42.78
53.406680 42.78
53.476307 42.78
53.550337 42.78
53.609807 42.78
53.665697 43.33
53.726734 42.78
53.780940 42.78
53.845564 43.33
53.901184 43.33
53.960445 43.33
54.019184 43.33
54.083182 43.33
54.142182 43.33
54.201339 43.33
54.260813 43.33
54.319823 43.33
54.389186 43.33
54.448185 43.33
54.517185 43.33
54.576187 43.33
54.640338 43.33
54.694187 43.33
54.749189 43.33
54.813188 43.33
54.877189 43.33
54.946189 43.33
55.005189 43.33
55.060344 43.33
55.119190 43.33
55.174193 43.33
55.238194 43.33
55.293066 43.33
55.343818 43.33
55.404568 43.33
55.450068 43.33
55.500693 43.33
55.564193 43.33
55.638069 43.33
55.693195 43.33
55.757355 43.33
55.816708 43.33
55.886071 43.33
55.951199 43.33
56.015200 43.33
56.088948 43.33
56.152573 43.33
56.222954 43.33
56.287074 43.33
56.347464 43.33
56.410080 43.33
56.479079 43.33
56.548209 43.33
56.617400 43.33
56.671208 43.33
56.739952 43.33
56.804203 43.33
56.857707 43.33
56.917954 43.33
56.991955 43.33
57.060954 43.33
57.125080 43.33
57.193728 43.33
57.247462 43.33
57.313082 43.33
57.372085 43.33
57.431088 43.33
57.504959 43.33
57.558338 43.33
57.622224 43.33
57.680962 43.33
57.746086 43.33
57.816492 43.33
57.871337 43.33
57.929837 43.33
57.983088 43.33
58.043492 43.33
58.098481 43.33
58.162340 43.33
58.217493 43.33
58.277496 43.33
58.341607 43.33
58.405092 43.33
58.468967 43.33
58.537967 43.33
58.606843 43.33
58.672226 43.33
58.736094 43.33
58.799844 43.33
58.858495 42.78
58.927097 42.78
59.000846 42.78
59.054098 42.78
59.127848 42.78
59.181501 42.78
59.261226 42.78
59.319849 42.78
59.393974 42.78
59.467975 42.78
59.541976 42.78
59.615976 42.78
59.689976 42.78
59.764102 42.78
59.832977 42.78
59.902384 42.78
59.953502 42.78
60.027479 42.78
60.101239 42.78
60.164855 42.78
60.238856 42.78
60.303627 42.78
60.364111 42.78
60.413982 42.78
60.484381 42.78
60.542984 42.78
60.606859 42.78
60.672389 42.78
60.732360 42.78
60.797990 42.78
60.862249 42.78
60.917112 42.78
60.982365 42.78
61.027862 42.78
61.096863 42.78
61.161113 42.78
61.219864 42.78
61.283865 42.78
61.352740 42.78
61.426865 42.78
61.500991 42.78
61.574992 42.78
61.639117 42.78
61.697992 42.78
61.771868 42.78
61.840744 42.78
61.910372 42.78
61.974640 42.78
62.038387 42.78
62.112388 42.78
62.182747 42.78
62.252133 42.78
62.311251 42.78
62.381998 42.78
62.455873 42.78
62.529750 42.78
62.594000 42.78
62.667764 42.78
62.741876 42.78
62.815878 42.78
62.884641 42.78
62.943278 42.78
63.007393 42.78
63.066003 42.78
63.139879 42.78
63.208754 42.78
63.274256 42.78
63.329282 42.78
63.399386 42.78
63.470291 42.78
63.529132 42.78
63.589133 42.78
63.644133 42.78
63.690009 42.78
63.749410 42.78
63.815289 42.78
63.874010 42.78
63.932885 42.78
63.996886 42.78
64.070646 42.78
64.123891 42.78
64.197641 42.78
64.250891 42.78
64.324641 42.78
64.377892 42.78
64.452015 42.78
64.515890 42.78
64.589640 42.78
64.642890 42.78
64.716641 42.78
64.769891 42.78
64.843660 42.78
64.897018 42.78
64.960643 42.78
65.013894 42.78
65.082894 42.78
65.151916 42.78
65.209027 42.78
65.260793 42.78
65.334662 42.78
65.389791 42.78
65.459023 42.78
65.522913 42.78
65.588033 42.78
65.647028 42.78
65.705901 42.78
65.769901 42.78
65.838780 42.78
65.903038 42.78
65.963179 42.78
66.021778 42.78
66.085778 42.78
66.146183 42.78
66.210307 42.78
66.274307 42.78
66.333307 42.78
66.392031 42.78
66.452157 42.78
66.497656 42.78
66.547030 42.78
66.607158 42.78
66.652659 42.78
66.707158 42.78
66.765783 42.78
66.829784 42.78
66.893909 42.78
66.957678 42.78
67.022702 42.78
67.081788 42.78
67.145535 42.78
67.198787 42.78
67.257679 42.78
67.321163 42.78
67.385166 42.78
67.443789 42.78
67.507805 42.78
67.571664 42.78
67.636914 42.78
67.705540 42.78
67.758791 42.78
67.832541 42.78
67.885791 42.78
67.959542 42.78
68.012792 42.78
68.086543 42.78
68.145294 42.78
68.209169 42.78
68.273322 42.78
68.328420 42.78
68.389074 42.22
68.447922 42.78
68.506797 42.78
68.570689 42.78
68.639798 42.78
68.703690 42.78
68.768798 42.22
68.827687 42.78
68.882806 42.78
68.936695 42.78
69.005676 42.78
69.070805 42.78
69.129693 42.78
69.200084 42.78
69.250350 42.78
69.300054 42.78
69.368695 42.22
69.432697 42.22
69.503062 42.22
69.548806 42.78
69.602944 42.78
69.657560 42.22
69.708186 42.78
69.771685 42.22
69.845437 42.22
69.898686 42.22
69.962809 42.78
70.021577 42.22
70.085185 42.22
70.143935 42.22
70.202701 42.22
70.266703 42.78
70.340436 42.22
70.393686 42.22
70.467437 42.78
70.520689 42.22
70.594439 42.22
70.647689 42.22
70.716707 42.22
70.780705 42.22
70.854457 42.22
70.908066 42.22
70.972067 42.22
71.041193 42.22
71.101711 42.22
71.165694 42.78
71.239461 42.78
71.297945 42.22
71.348070 42.78
71.406949 42.22
71.452948 42.22
71.504071 42.78
71.568072 42.22
71.626714 42.22
71.686978 42.22
71.732716 42.22
71.796465 42.22
71.852980 42.22
71.911466 42.22
71.962075 42.22
72.020825 42.22
72.079457 42.22
72.134576 42.22
72.203827 42.22
72.262469 42.22
72.322954 42.22
72.368468 42.22
72.428453 42.22
72.497469 42.22
72.566484 42.78
72.640359 42.22
72.709473 42.22
72.764081 42.22
72.822956 42.22
72.891725 42.22
72.960333 42.22
73.013834 42.22
73.072340 42.78
73.125588 42.22
73.194337 42.22
73.247586 42.22
73.321339 42.22
73.374590 42.22
73.438523 42.22
73.502338 42.22
73.557338 42.22
73.610605 42.22
73.679339 42.22
73.732606 42.22
73.806342 42.22
73.880341 42.22
73.935221 42.22
73.995221 42.22
74.048492 42.22
74.113606 42.22
74.172484 42.22
74.236486 42.22
74.296874 42.22
74.355373 42.22
74.410225 42.22
74.468845 42.22
74.534519 42.22
74.603364 42.22
74.663224 42.22
74.712847 42.22
74.781489 42.22
74.850375 42.22
74.906482 42.22
74.965623 42.22
75.015493 42.22
75.085107 42.22
75.140505 42.22
75.214231 42.22
75.264976 42.22
75.328727 42.22
75.387381 42.22
75.452390 42.22
75.526232 42.22
75.589382 42.22
75.645621 42.22
75.709854 42.22
75.784481 42.22
75.853498 42.22
75.922499 42.22
75.991236 42.22
76.060236 42.22
76.129387 42.22
76.198528 42.22
76.257238 42.22
76.321861 42.22
76.385863 42.22
76.450502 42.22
76.509508 42.22
76.568501 42.22
76.627739 42.22
76.693392 42.22
76.762277 42.22
76.825989 42.22
76.891114 42.22
76.945118 42.22
77.009246 42.22
77.064365 42.22
77.125116 42.22
77.189275 42.22
77.242867 42.22
77.303117 42.22
77.356742 42.22
77.406743 42.22
77.476245 42.22
77.531638 42.22
77.595750 42.22
77.659633 42.22
77.719010 42.22
77.778397 42.22
77.844776 42.22
77.890249 42.22
77.946267 42.22
78.015705 42.22
78.076378 42.22
78.140510 42.22
78.199277 42.22
78.268278 42.22
78.327391 42.22
78.386376 42.22
78.460255 42.22
78.524281 42.22
78.593279 42.22
78.653378 42.22
78.722298 42.22
78.791772 42.22
78.850894 42.22
78.912131 42.22
78.976757 42.22
79.046293 42.22
79.110455 42.22
79.164760 42.22
79.223784 42.22
79.288385 42.22
79.349134 42.22
79.424295 42.22
79.490826 42.22
79.546453 42.22
79.600891 42.22
79.660442 42.22
79.715291 42.22
79.776142 42.22
79.835343 42.22
79.899780 42.22
79.960414 42.22
80.025270 42.22
80.089297 42.22
80.149780 42.22
80.204657 42.22
80.268781 42.22
80.332769 42.22
80.396644 42.22
