0.000000 0.000000
0.074285 0.90
0.135995 0.89
0.205990 0.87
0.264988 0.88
0.323737 0.87
0.387736 0.91
0.461737 0.87
0.535738 0.89
0.609863 0.87
0.673738 0.87
0.738283 0.88
0.798127 0.89
0.859875 0.87
0.925295 0.80
0.990285 0.79
1.044510 0.79
1.103258 0.77
1.167259 0.79
1.236258 0.81
1.294744 0.80
1.363869 0.78
1.428884 0.77
1.490520 0.79
1.550000 0.78
1.608873 0.79
1.672997 0.79
1.731747 0.79
1.805748 0.79
1.874873 0.78
1.938749 0.78
2.002875 0.77
2.066875 0.79
2.130751 0.78
2.194877 0.80
2.258876 0.78
2.322753 0.79
2.386878 0.80
2.450878 0.79
2.514754 0.79
2.578879 0.79
2.637755 0.78
2.701756 0.79
2.765756 0.78
2.829756 0.78
2.893882 0.78
2.952757 0.79
3.016883 0.80
3.075883 0.77
3.139884 0.79
3.198759 0.77
3.262885 0.78
3.321760 0.79
3.385886 0.78
3.444761 0.76
3.508887 0.78
3.567762 0.79
3.632013 0.78
3.701292 0.78
3.765166 0.78
3.829293 0.80
3.903765 0.78
3.967891 0.77
4.031890 0.79
4.095767 0.78
4.159892 0.78
4.218893 0.80
4.277893 0.77
4.336769 0.79
4.400894 0.77
4.454770 0.77
4.508145 0.80
4.573664 0.78
4.637771 0.79
4.701646 0.77
4.765289 0.77
4.823772 0.80
4.882290 0.79
4.940773 0.80
5.000553 0.79
5.059150 0.78
5.119650 0.78
5.184554 0.78
5.239151 0.78
5.297776 0.78
5.348901 0.79
5.403652 0.80
5.468557 0.79
5.523153 0.77
5.581653 0.78
5.645308 0.78
5.698780 0.78
5.762672 0.77
5.822562 0.79
5.887562 0.77
5.956782 0.78
6.016563 0.79
6.080907 0.80
6.141185 0.79
6.205037 0.78
6.269186 0.79
6.334785 0.78
6.393785 0.81
6.452660 0.78
6.516911 0.77
6.580787 0.78
6.639787 0.77
6.698663 0.78
6.762788 0.77
6.821788 0.79
6.885789 0.81
6.944665 0.78
7.008790 0.79
7.062790 0.79
7.126791 0.79
7.185791 0.78
7.244667 0.79
7.303792 0.80
7.367668 0.79
7.426794 0.80
7.490669 0.80
7.554794 0.79
7.613670 0.78
7.672795 0.78
7.731796 0.78
7.790672 0.80
7.849797 0.78
7.913672 0.77
7.972798 0.78
8.036674 0.78
8.105674 0.81
8.164800 0.80
8.214204 0.78
8.269056 0.81
8.324090 0.77
8.379091 0.80
8.438926 0.78
8.502927 0.78
8.568456 0.79
8.618091 0.79
8.682088 0.78
8.737090 0.77
8.802679 0.78
8.861573 0.78
8.925805 0.80
8.980681 0.79
9.039682 0.79
9.098807 0.78
9.167932 0.78
9.237337 0.77
9.306683 0.78
9.365684 0.79
9.429684 0.80
9.488685 0.80
9.552686 0.79
9.611811 0.78
9.680936 0.78
9.750342 0.78
9.819579 0.78
9.878688 0.78
9.932689 0.79
9.991689 0.78
10.050582 0.79
10.109690 0.80
10.168690 0.79
10.227589 0.77
10.286691 0.78
10.345692 0.79
10.399692 0.79
10.458584 0.77
10.517693 0.79
10.576693 0.80
10.635586 0.80
10.694695 0.79
10.753695 0.78
10.808695 0.78
10.867588 0.78
10.926696 0.78
10.980697 0.78
11.039698 0.78
11.094697 0.80
11.149698 0.78
11.204698 0.79
11.259699 0.79
11.314699 0.79
11.369700 0.78
11.424701 0.79
11.479701 0.77
11.534701 0.79
11.589701 0.80
11.644702 0.79
11.699702 0.77
11.754703 0.79
11.813579 0.79
11.872704 0.77
11.927705 0.77
11.982705 0.80
12.037706 0.78
12.092706 0.78
12.156598 0.80
12.215707 0.78
12.279597 0.79
12.338708 0.80
12.402599 0.76
12.461709 0.78
12.525601 0.77
12.584710 0.79
12.643353 0.78
12.702353 0.79
12.776211 0.78
12.838212 0.78
12.898737 0.80
12.963339 0.80
13.032213 0.79
13.092352 0.80
13.166355 0.79
13.240355 0.78
13.314357 0.77
13.388357 0.80
13.462358 0.79
13.517357 0.80
13.586217 0.78
13.656718 0.79
13.716593 0.78
13.771357 0.80
13.840236 0.78
13.909361 0.76
13.978487 0.80
14.042236 0.78
14.111237 0.78
14.185239 0.79
14.259239 0.79
14.333240 0.80
14.402488 0.77
14.466250 0.80
14.535365 0.80
14.595252 0.80
14.655240 0.78
14.729103 0.77
14.788726 0.79
14.852227 0.78
14.920852 0.76
14.979228 0.80
15.053369 0.78
15.122620 0.76
15.181244 0.79
15.250247 0.78
15.324257 0.79
15.398248 0.81
15.472260 0.79
15.541259 0.79
15.610497 0.79
15.674250 0.78
15.748626 0.77
15.814501 0.77
15.878259 0.79
15.947502 0.78
16.011504 0.78
16.075377 0.78
16.144264 0.78
16.218263 0.78
16.292263 0.78
16.361115 0.78
16.426740 0.77
16.485265 0.79
16.549117 0.79
16.614742 0.77
16.673509 0.78
16.728269 0.77
16.792143 0.78
16.856509 0.79
16.906121 0.79
16.971744 0.79
17.030512 0.78
17.080122 0.78
17.145746 0.79
17.209621 0.79
17.278872 0.78
17.347998 0.77
17.417125 0.78
17.481125 0.79
17.545129 0.79
17.609516 0.78
17.673516 0.78
17.737278 0.77
17.801128 0.78
17.865153 0.77
17.929279 0.78
17.993132 0.79
18.057393 0.79
18.121131 0.79
18.190280 0.78
18.249272 0.77
18.313522 0.78
18.379133 0.78
18.443520 0.77
18.507283 0.77
18.571134 0.77
18.635135 0.79
18.699135 0.78
18.763138 0.77
18.823635 0.80
18.887635 0.78
18.953276 0.78
19.022402 0.77
19.077137 0.79
19.141140 0.78
19.200139 0.79
19.264139 0.79
19.328140 0.77
19.387141 0.80
19.451141 0.80
19.515290 0.78
19.574166 0.77
19.638145 0.78
19.702143 0.77
19.766143 0.79
19.829641 0.79
19.888018 0.78
19.949393 0.79
20.000019 0.79
20.054518 0.79
20.118019 0.80
20.186645 0.79
20.245019 0.79
20.313645 0.80
20.372148 0.79
20.435646 0.79
20.494021 0.77
20.562648 0.77
20.621023 0.79
20.689649 0.78
20.748024 0.78
20.816650 0.78
20.875025 0.77
20.943651 0.79
21.002152 0.77
21.065652 0.80
21.124026 0.78
21.192653 0.78
21.251033 0.79
21.319654 0.78
21.378035 0.78
21.446655 0.78
21.505035 0.76
21.573656 0.78
21.642406 0.80
21.705907 0.78
21.771037 0.79
21.839658 0.80
21.894658 0.77
21.949534 0.77
22.007910 0.80
22.071410 0.77
22.134910 0.80
22.200162 0.80
22.250913 0.80
22.299043 0.79
22.355288 0.78
22.405913 0.79
22.454042 0.79
22.514163 0.78
22.572539 0.78
22.630914 0.80
22.699540 0.78
22.757915 0.78
22.819290 0.79
22.869917 0.78
22.924417 0.78
22.987917 0.78
23.056543 0.79
23.114918 0.78
23.183543 0.80
23.260420 0.78
23.323919 0.80
23.392545 0.78
23.450920 0.78
23.519547 0.79
23.578048 0.80
23.641547 0.77
23.699923 0.77
23.768549 0.79
23.826924 0.80
23.895550 0.80
23.953925 0.79
24.022550 0.79
24.080926 0.77
24.149551 0.76
24.208053 0.79
24.271552 0.77
24.329928 0.79
24.398554 0.79
24.453429 0.77
24.513430 0.79
24.573430 0.78
24.633430 0.77
24.693431 0.79
24.753557 0.77
24.808432 0.80
24.868432 0.78
24.931932 0.78
25.001810 0.79
25.056309 0.78
25.119809 0.80
25.181185 0.80
25.240812 0.77
25.288935 0.78
25.349063 0.77
25.404063 0.79
25.455187 0.79
25.505814 0.79
25.553938 0.78
25.617438 0.80
25.675813 0.79
25.744439 0.78
25.802814 0.78
25.871440 0.79
25.929815 0.78
25.998441 0.80
26.056816 0.80
26.130692 0.80
26.199318 0.78
26.262818 0.78
26.331444 0.78
26.389819 0.78
26.458446 0.80
26.516820 0.79
26.585446 0.78
26.643822 0.79
26.712447 0.78
26.770822 0.78
26.844698 0.78
26.904823 0.79
26.973449 0.77
27.031825 0.79
27.100450 0.79
27.158826 0.78
27.227452 0.78
27.282326 0.80
27.342327 0.80
27.402328 0.78
27.462328 0.78
27.522329 0.80
27.582329 0.78
27.642330 0.79
27.702330 0.79
27.762330 0.78
27.822331 0.78
27.880707 0.80
27.942083 0.79
27.992709 0.77
28.047208 0.79
28.110708 0.79
28.172085 0.77
28.231711 0.79
28.286210 0.79
28.349710 0.77
28.411086 0.77
28.470712 0.80
28.518836 0.80
28.582337 0.77
28.640712 0.81
28.709338 0.79
28.767713 0.79
28.841589 0.78
28.910215 0.79
28.973715 0.79
29.042341 0.79
29.100716 0.79
29.169342 0.78
29.227717 0.78
29.296343 0.78
29.354718 0.78
29.423343 0.81
29.481719 0.79
29.555595 0.79
29.615720 0.78
29.684345 0.78
29.742721 0.78
29.811349 0.78
29.869723 0.80
29.938348 0.78
29.993226 0.78
30.053227 0.79
30.113224 0.78
30.173226 0.78
30.233226 0.78
30.296726 0.78
30.365352 0.80
30.420227 0.79
30.478603 0.78
30.538604 0.77
30.603853 0.79
30.667354 0.78
30.722230 0.80
30.780605 0.78
30.845856 0.80
30.900856 0.79
30.951981 0.78
31.002609 0.80
31.057110 0.80
31.120608 0.78
31.189233 0.78
31.247734 0.79
31.311235 0.79
31.369610 0.79
31.430985 0.79
31.481612 0.79
31.536112 0.78
31.599612 0.77
31.668236 0.78
31.726613 0.78
31.795238 0.79
31.853614 0.79
31.922239 0.80
31.980615 0.79
32.049240 0.78
32.107615 0.80
32.176241 0.78
32.234742 0.77
32.298242 0.79
32.356618 0.78
32.425243 0.79
32.483618 0.78
32.552244 0.79
32.610619 0.80
32.679245 0.79
32.734121 0.78
32.797621 0.78
32.866246 0.78
32.921124 0.78
32.981124 0.79
33.041124 0.78
33.101125 0.79
33.161125 0.78
33.221125 0.79
33.279500 0.78
33.339500 0.78
33.404751 0.77
33.459751 0.80
33.510876 0.80
33.570504 0.78
33.618628 0.79
33.678753 0.79
33.729878 0.78
33.788254 0.77
33.846629 0.79
33.902879 0.78
33.953507 0.79
34.008006 0.79
34.071506 0.79
34.140133 0.78
34.198507 0.78
34.267134 0.79
34.325508 0.77
34.394136 0.80
34.452509 0.80
34.521137 0.78
34.579510 0.80
34.648138 0.78
34.706511 0.78
34.775139 0.78
34.833513 0.78
34.902139 0.79
34.960513 0.78
35.029140 0.80
35.087515 0.78
35.156141 0.80
35.214516 0.78
35.283142 0.80
35.341517 0.79
35.410143 0.79
35.468517 0.80
35.537144 0.80
35.595518 0.78
35.664145 0.79
35.719019 0.78
35.779019 0.77
35.839020 0.78
35.899021 0.79
35.981022 0.77
36.041022 0.78
36.099398 0.77
36.164648 0.79
36.229399 0.78
36.292899 0.80
36.356400 0.78
36.421650 0.79
36.476651 0.79
36.531650 0.79
36.590026 0.78
36.648402 0.79
36.709778 0.77
36.760403 0.79
36.814903 0.78
36.878403 0.78
36.947035 0.78
37.005405 0.79
37.074036 0.79
37.132406 0.78
37.201037 0.79
37.259407 0.79
37.328034 0.78
37.386408 0.79
37.455037 0.80
37.513410 0.80
37.582039 0.79
37.640410 0.78
37.709040 0.78
37.767410 0.78
37.836043 0.78
37.894412 0.77
37.963042 0.79
38.021413 0.78
38.090044 0.77
38.145043 0.79
38.203415 0.79
38.272044 0.78
38.327043 0.79
38.385416 0.79
38.454048 0.79
38.508916 0.78
38.572417 0.79
38.641044 0.79
38.695918 0.79
38.759419 0.78
38.828046 0.78
38.886420 0.80
38.946545 0.79
39.001546 0.79
39.056546 0.78
39.107672 0.78
39.157048 0.78
39.211922 0.78
39.270298 0.79
39.331674 0.78
39.381050 0.78
39.439425 0.79
39.502925 0.79
39.561300 0.79
39.622675 0.79
39.673303 0.77
39.727801 0.79
39.791302 0.79
39.859927 0.77
39.918303 0.78
39.986928 0.79
40.045305 0.79
40.113930 0.79
40.172306 0.78
40.240931 0.78
40.299306 0.79
40.367932 0.79
40.426307 0.78
40.494933 0.78
40.553308 0.79
40.621934 0.79
40.680309 0.79
40.748935 0.79
40.807311 0.77
40.875936 0.77
40.934312 0.79
41.002936 0.78
41.061312 0.78
41.129937 0.80
41.188314 0.79
41.256938 0.79
41.311814 0.80
41.371815 0.77
41.431815 0.77
41.491815 0.78
41.551816 0.78
41.611816 0.79
41.671817 0.79
41.731817 0.78
41.790193 0.79
41.855443 0.79
41.910444 0.80
41.961570 0.78
42.019945 0.77
42.074821 0.79
42.133196 0.79
42.194571 0.78
42.243946 0.79
42.302324 0.80
42.358573 0.78
42.409199 0.77
42.463698 0.79
42.527200 0.77
42.595825 0.78
42.654200 0.77
42.722826 0.79
42.781201 0.77
42.849827 0.77
42.908202 0.79
42.976827 0.79
43.035204 0.80
43.103829 0.78
43.162204 0.80
43.230830 0.79
43.289206 0.78
43.357831 0.78
43.416206 0.79
43.484832 0.78
43.543207 0.77
43.611833 0.77
43.670208 0.79
43.738834 0.78
43.793834 0.78
43.852210 0.78
43.920836 0.79
43.975835 0.79
44.030711 0.78
44.090711 0.79
44.150712 0.78
44.210712 0.78
44.270713 0.79
44.330713 0.79
44.394214 0.78
44.462839 0.79
44.517715 0.80
44.576092 0.78
44.637466 0.79
44.695841 0.80
44.750717 0.78
44.809093 0.79
44.870468 0.77
44.921096 0.79
44.975594 0.78
45.039096 0.78
45.100470 0.80
45.149845 0.78
45.208220 0.78
45.271721 0.78
45.330098 0.79
45.391472 0.79
45.442099 0.77
45.496598 0.79
45.560100 0.79
45.628725 0.79
45.687101 0.79
45.755725 0.78
45.814101 0.79
45.882726 0.78
45.941102 0.77
46.009728 0.78
46.068104 0.77
46.136729 0.79
46.195105 0.79
46.263729 0.78
46.322108 0.78
46.385730 0.79
46.444106 0.77
46.512731 0.78
46.571108 0.77
46.639732 0.77
46.694733 0.78
46.749733 0.79
46.808110 0.78
46.876733 0.78
46.931609 0.76
46.995111 0.79
47.063735 0.78
47.118611 0.78
47.178612 0.79
47.238612 0.80
47.298612 0.77
47.353612 0.80
47.413613 0.79
47.473614 0.80
47.528614 0.79
47.586990 0.77
47.656622 0.79
47.715745 0.78
47.774744 0.77
47.833634 0.79
47.892635 0.79
47.949385 0.79
48.014996 0.79
48.079124 0.79
48.143122 0.78
48.207429 0.79
48.276748 0.78
48.335747 0.78
48.394747 0.78
48.453641 0.80
48.512753 0.78
48.587156 0.79
48.646126 0.79
48.709999 0.79
48.779341 0.78
48.840311 0.77
48.895755 0.78
48.961003 0.79
49.025158 0.79
49.089544 0.78
49.146527 0.78
49.205757 0.78
49.266046 0.77
49.330284 0.80
49.385541 0.78
49.442536 0.80
49.503302 0.79
49.560162 0.77
49.619160 0.78
49.678164 0.78
49.737160 0.78
49.801284 0.79
49.861159 0.78
49.920159 0.78
49.974418 0.79
50.029929 0.80
50.077282 0.78
50.131012 0.79
50.195012 0.78
50.246288 0.78
50.303016 0.77
50.367014 0.79
50.418278 0.79
50.473014 0.79
50.524281 0.79
50.574019 0.79
50.633017 0.78
50.684306 0.79
50.758408 0.78
50.817017 0.77
50.881646 0.78
50.945536 0.79
51.009535 0.77
51.073410 0.77
51.137428 0.78
51.197026 0.79
51.261023 0.77
51.330022 0.79
51.393896 0.79
51.453419 0.79
51.517417 0.78
51.581413 0.78
51.650541 0.78
51.709042 0.76
51.763038 0.79
51.822026 0.77
51.885901 0.79
51.949541 0.79
52.008043 0.79
52.067156 0.77
52.131035 0.78
52.189543 0.78
52.247903 0.78
52.313422 0.79
52.379432 0.78
52.440337 0.78
52.505058 0.79
52.575229 0.78
52.629411 0.79
52.689568 0.78
52.754907 0.79
52.819294 0.78
52.894297 0.78
52.948325 0.79
53.004814 0.79
53.060038 0.78
53.114298 0.79
53.184441 0.79
53.249302 0.78
53.319436 0.78
53.389685 0.78
53.449299 0.79
53.508303 0.79
53.572053 0.79
53.625915 0.78
53.685820 0.78
53.744353 0.79
53.802916 0.79
53.867821 0.79
53.927815 0.78
53.982320 0.78
54.051417 0.79
54.109918 0.78
54.178794 0.79
54.247669 0.78
54.306344 0.79
54.364798 0.79
54.428925 0.79
54.497801 0.78
54.571797 0.78
54.645798 0.78
54.714548 0.78
54.773303 0.78
54.833439 0.79
54.886924 0.78
54.950675 0.79
55.011079 0.78
55.074926 0.78
55.138801 0.78
55.207802 0.77
55.276802 0.79
55.345569 0.78
55.401708 0.78
55.451446 0.78
55.515447 0.77
55.584309 0.78
55.653449 0.79
55.704708 0.78
55.759447 0.77
55.810712 0.77
55.858106 0.79
55.927307 0.79
55.985683 0.78
56.059684 0.78
56.121087 0.77
56.171714 0.77
56.240560 0.79
56.314812 0.79
56.378687 0.78
56.452688 0.79
56.521438 0.79
56.575092 0.78
56.638826 0.78
56.704065 0.78
56.758576 0.78
56.822196 0.77
56.885941 0.77
56.955197 0.78
57.013827 0.79
57.072943 0.78
57.132320 0.79
57.185818 0.78
57.249568 0.79
57.323693 0.78
57.398211 0.78
57.456697 0.78
57.525460 0.76
57.578948 0.79
57.637696 0.80
57.711572 0.78
57.775464 0.78
57.830573 0.79
57.899465 0.78
57.952949 0.79
58.011574 0.78
58.073701 0.78
58.137591 0.78
58.202826 0.79
58.256095 0.78
58.319702 0.80
58.373108 0.78
58.436828 0.78
58.490109 0.77
58.548704 0.78
58.617704 0.78
58.681832 0.79
58.742834 0.79
58.796832 0.79
58.856609 0.78
58.903956 0.78
58.963607 0.79
59.010958 0.78
59.085960 0.78
59.141211 0.78
59.198137 0.78
59.252145 0.78
59.311382 0.79
59.370839 0.79
59.429711 0.78
59.498711 0.79
59.567587 0.79
59.632618 0.78
59.688618 0.78
59.748589 0.79
59.817714 0.78
59.886715 0.79
59.955716 0.78
60.024716 0.79
60.093716 0.78
60.162717 0.77
60.231717 0.78
60.300467 0.78
60.369120 0.79
60.435234 0.78
60.493845 0.77
60.557594 0.79
60.626595 0.78
60.690220 0.78
60.748597 0.78
60.813171 0.79
60.868228 0.77
60.923103 0.78
60.983102 0.79
61.043103 0.79
61.103104 0.80
61.163103 0.78
61.228854 0.79
61.285602 0.77
61.354244 0.79
61.412601 0.79
61.472727 0.80
61.527727 0.79
61.586988 0.78
61.641254 0.78
61.696249 0.77
61.761511 0.79
61.811134 0.78
61.869981 0.79
61.934260 0.78
61.998860 0.78
62.053858 0.78
62.108733 0.78
62.172608 0.80
62.236859 0.79
62.291748 0.77
62.361989 0.76
62.426145 0.80
62.480986 0.78
62.544986 0.79
62.613986 0.78
62.678000 0.80
62.736619 0.79
62.800119 0.77
62.858491 0.79
62.927117 0.79
62.985492 0.78
63.054142 0.77
63.117991 0.77
63.182147 0.79
63.246146 0.79
63.320634 0.77
63.379496 0.77
63.443636 0.78
63.502744 0.78
63.561494 0.79
63.630121 0.78
63.685149 0.78
63.743626 0.79
63.802749 0.77
63.861623 0.77
63.920747 0.77
63.984622 0.77
64.043748 0.80
64.102763 0.79
64.162632 0.78
64.216520 0.80
64.280752 0.77
64.339626 0.79
64.398642 0.78
64.457751 0.78
64.512378 0.78
64.565876 0.79
64.629377 0.77
64.703628 0.78
64.758409 0.80
64.809408 0.79
64.874407 0.78
64.934520 0.79
64.998755 0.79
65.053646 0.78
65.112757 0.77
65.167757 0.77
65.217891 0.77
65.277012 0.78
65.339419 0.78
65.403759 0.78
65.467760 0.78
65.531651 0.78
65.585764 0.79
65.649262 0.77
65.718262 0.78
65.786886 0.78
65.850387 0.79
65.919012 0.79
65.993530 0.79
66.057264 0.79
66.115890 0.79
66.181280 0.77
66.243282 0.79
66.314545 0.78
66.368533 0.78
66.421892 0.78
66.480284 0.80
66.540410 0.79
66.604019 0.78
66.659037 0.78
66.713896 0.78
66.773898 0.79
66.832272 0.79
66.900898 0.79
66.960898 0.78
67.019287 0.78
67.084647 0.78
67.139535 0.79
67.203301 0.79
67.272302 0.78
67.341302 0.78
67.405655 0.78
67.460653 0.79
67.515652 0.77
67.570303 0.79
67.640306 0.79
67.687777 0.79
67.762552 0.77
67.812782 0.80
67.871299 0.78
67.940279 0.78
68.014298 0.77
68.078307 0.79
68.154321 0.79
68.223300 0.79
68.292297 0.78
68.360907 0.79
68.419426 0.79
68.482912 0.79
68.541289 0.79
68.609912 0.79
68.668287 0.77
68.736915 0.78
68.795288 0.78
68.869289 0.78
68.943181 0.78
69.017190 0.78
69.080789 0.78
69.146318 0.77
69.220552 0.78
69.279681 0.80
69.354307 0.79
69.422915 0.79
69.477917 0.78
69.546792 0.78
69.611315 0.79
69.677320 0.80
69.746324 0.79
69.797669 0.79
69.863170 0.79
69.932311 0.78
69.996803 0.79
70.056200 0.79
70.125297 0.77
70.190797 0.79
70.244200 0.79
70.300549 0.79
70.359327 0.79
70.423680 0.77
70.482675 0.78
70.541317 0.78
70.597550 0.79
70.648176 0.79
70.702676 0.79
70.766176 0.78
70.834804 0.79
70.893178 0.78
70.961803 0.79
71.020178 0.79
71.088804 0.78
71.147197 0.79
71.212187 0.78
71.266684 0.79
71.330185 0.79
71.398810 0.78
71.457186 0.78
71.531186 0.78
71.600434 0.78
71.664201 0.77
71.733089 0.79
71.795185 0.78
71.861203 0.79
71.925686 0.80
71.994687 0.79
72.058813 0.78
72.117688 0.77
72.191939 0.77
72.266454 0.77
72.325330 0.78
72.394331 0.78
72.463332 0.79
72.527209 0.79
72.591331 0.78
72.650567 0.79
72.724692 0.79
72.788569 0.77
72.852694 0.79
72.906100 0.78
72.970078 0.79
73.031451 0.80
73.091087 0.78
73.145573 0.79
73.209076 0.78
73.277700 0.79
73.336823 0.79
73.398590 0.79
73.472698 0.78
73.527468 0.79
73.591105 0.79
73.665216 0.79
73.734703 0.78
73.788108 0.77
73.862217 0.79
73.931203 0.78
74.000204 0.79
74.064376 0.78
74.123707 0.78
74.177082 0.79
74.251205 0.78
74.320205 0.79
74.389206 0.78
74.453370 0.78
74.518121 0.79
74.582710 0.80
74.646709 0.79
74.707111 0.78
74.776112 0.78
74.850210 0.79
74.914496 0.78
74.974269 0.78
75.038355 0.78
75.102478 0.79
75.171479 0.78
75.242713 0.78
75.303232 0.78
75.363714 0.77
75.422119 0.78
75.491120 0.78
75.551591 0.78
75.615591 0.79
75.674122 0.78
75.738131 0.79
75.799129 0.78
75.863120 0.77
75.922380 0.79
75.986594 0.78
76.040236 0.78
76.099096 0.79
76.163128 0.78
76.227367 0.79
76.291725 0.78
76.355597 0.77
76.414238 0.79
76.473488 0.77
76.537239 0.79
76.596102 0.78
76.659974 0.79
76.724128 0.79
76.782601 0.79
76.846727 0.79
76.910852 0.79
76.979977 0.77
77.049154 0.80
77.113257 0.79
77.171978 0.79
77.240854 0.80
77.299483 0.78
77.363255 0.78
77.427112 0.80
77.487981 0.78
77.556982 0.78
77.620981 0.79
77.690508 0.78
77.751248 0.79
77.806740 0.77
77.876889 0.77
77.937737 0.79
77.997500 0.79
78.062891 0.78
78.114253 0.79
78.174250 0.79
78.228863 0.78
78.293740 0.77
78.346239 0.77
78.410618 0.79
78.475391 0.78
78.529493 0.78
78.593507 0.79
78.652124 0.77
78.706145 0.78
78.770170 0.77
78.823992 0.78
78.878152 0.78
78.937757 0.78
78.996996 0.77
79.056134 0.76
79.120250 0.80
79.170132 0.79
79.230947 0.79
79.285393 0.79
79.349667 0.80
79.414520 0.78
79.483752 0.79
79.543757 0.77
79.607623 0.76
79.676873 0.79
79.741000 0.79
79.805000 0.78
79.863500 0.79
79.932754 0.79
79.997176 0.79
80.052520 0.79
80.116639 0.79
80.181154 0.78
80.232646 0.78
80.296512 0.79
80.360507 0.78
80.424521 0.79
80.483523 0.79
80.552523 0.77
80.608798 0.78
80.672398 0.78
80.732525 0.79
80.788788 0.77
80.843633 0.78
80.902405 0.79
80.958788 0.79
81.006350 0.77
81.065384 0.78
81.123760 0.78
81.192511 0.80
81.256512 0.78
81.310012 0.78
81.368763 0.78
81.437763 0.79
81.507263 0.79
81.577017 0.78
81.631143 0.79
81.680892 0.79
81.745018 0.79
81.809016 0.77
81.873147 0.78
81.923795 0.79
81.978268 0.77
82.041768 0.78
82.111268 0.78
82.174894 0.78
82.238409 0.77
82.291770 0.77
82.360645 0.77
82.429401 0.80
82.483021 0.80
82.541446 0.79
82.596277 0.78
82.660401 0.78
82.718898 0.77
82.782416 0.78
82.840902 0.79
82.909907 0.78
82.973418 0.78
83.033776 0.77
83.102777 0.79
83.171567 0.78
83.235530 0.79
83.304904 0.77
83.360422 0.77
83.420903 0.77
83.479407 0.79
83.534405 0.77
83.589307 0.79
83.644455 0.78
83.704695 0.77
83.763418 0.78
83.822911 0.79
83.873206 0.79
83.927285 0.77
83.987784 0.78
84.043204 0.78
84.102923 0.79
84.157046 0.78
84.225723 0.80
84.284913 0.80
84.349058 0.78
84.399670 0.78
84.454172 0.78
84.518924 0.80
84.588917 0.80
84.642793 0.79
84.701789 0.77
84.758042 0.77
84.808726 0.79
84.872667 0.78
84.937700 0.80
84.996917 0.7