0.000000 0.000000
0.087813 0.87
0.156042 0.87
0.217379 0.87
0.276253 0.87
0.353863 0.87
0.417486 0.87
0.476375 0.87
0.540376 0.87
0.617867 0.87
0.686738 0.87
0.751126 0.87
0.812538 0.87
0.873901 0.87
0.939125 0.87
1.004155 0.87
1.065648 0.88
1.113021 0.87
1.166873 0.87
1.217646 0.88
1.265017 0.87
1.323744 0.88
1.388062 0.87
1.447753 0.79
1.517878 0.79
1.573026 0.79
1.631621 0.78
1.705879 0.79
1.764621 0.79
1.829650 0.79
1.898622 0.79
1.962390 0.79
2.015879 0.78
2.079750 0.79
2.148750 0.79
2.212625 0.78
2.281751 0.79
2.345751 0.79
2.414752 0.79
2.483503 0.78
2.547395 0.79
2.600879 0.78
2.664754 0.78
2.733505 0.78
2.793630 0.79
2.867631 0.79
2.931395 0.79
2.995157 0.79
3.048757 0.78
3.107398 0.79
3.176150 0.78
3.231401 0.79
3.300149 0.79
3.355400 0.79
3.405400 0.79
3.455400 0.79
3.505402 0.79
3.555403 0.79
3.605400 0.79
3.660762 0.79
3.729763 0.79
3.793638 0.79
3.848402 0.79
3.917016 0.79
3.980515 0.79
4.040641 0.79
4.087893 0.79
4.137268 0.79
4.190517 0.79
4.242894 0.79
4.293521 0.79
4.357020 0.79
4.420519 0.79
4.484020 0.79
4.547519 0.78
4.608523 0.79
4.672022 0.78
4.735520 0.79
4.799022 0.78
4.862522 0.78
4.923524 0.79
4.987024 0.79
5.050524 0.79
5.114026 0.79
5.177526 0.78
5.251401 0.79
5.320027 0.79
5.383526 0.79
5.447029 0.78
5.502029 0.80
5.557031 0.79
5.612029 0.79
5.667030 0.79
5.730530 0.79
5.804407 0.79
5.864531 0.79
5.928032 0.79
5.983033 0.78
6.043033 0.78
6.103034 0.79
6.163033 0.79
6.223034 0.79
6.283035 0.79
6.343035 0.79
6.397912 0.78
6.461411 0.79
6.521537 0.78
6.576537 0.78
6.636163 0.79
6.689413 0.78
6.745663 0.78
6.801416 0.79
6.864916 0.79
6.919788 0.78
6.978539 0.79
7.042540 0.78
7.106540 0.79
7.170665 0.79
7.234541 0.80
7.298541 0.78
7.362541 0.78
7.426542 0.78
7.490543 0.79
7.550793 0.79
7.609544 0.80
7.669795 0.80
7.723670 0.79
7.787545 0.79
7.851546 0.78
7.915546 0.79
7.979672 0.78
8.043672 0.79
8.107673 0.79
8.171673 0.79
8.235674 0.79
8.299549 0.79
8.363799 0.79
8.427927 0.78
8.491926 0.79
8.550927 0.79
8.615078 0.79
8.679068 0.79
8.742929 0.79
8.807066 0.79
8.865930 0.78
8.929956 0.79
8.993931 0.79
9.068681 0.79
9.121932 0.79
9.181080 0.79
9.234556 0.79
9.298683 0.79
9.351933 0.79
9.416085 0.79
9.469558 0.78
9.533684 0.79
9.583073 0.79
9.636685 0.78
9.691313 0.79
9.751314 0.79
9.804938 0.79
9.868938 0.79
9.938688 0.79
9.997688 0.78
10.056689 0.79
10.107316 0.79
10.165940 0.78
10.229967 0.78
10.291318 0.79
10.349943 0.79
10.415320 0.79
10.479332 0.79
10.544333 0.78
10.618459 0.79
10.682443 0.78
10.740818 0.79
10.804320 0.78
10.867819 0.79
10.931320 0.79
10.994820 0.79
11.058321 0.78
11.121821 0.79
11.185321 0.79
11.248822 0.79
11.312323 0.79
11.375823 0.78
11.439324 0.78
11.502825 0.78
11.557825 0.79
11.612825 0.79
11.672826 0.78
11.732826 0.78
11.792826 0.79
11.852827 0.79
11.912827 0.78
11.972827 0.78
12.032828 0.79
12.092829 0.79
12.152829 0.79
12.212830 0.79
12.272831 0.79
12.336332 0.79
12.391331 0.79
12.446332 0.79
12.493582 0.79
12.542959 0.79
12.596208 0.79
12.648583 0.78
12.697960 0.79
12.751210 0.79
12.803584 0.79
12.854211 0.79
12.917711 0.79
12.981211 0.79
13.033587 0.78
13.084213 0.79
13.147712 0.79
13.211213 0.79
13.274713 0.79
13.338214 0.79
13.401714 0.79
13.465216 0.79
13.528715 0.79
13.592216 0.78
13.655716 0.78
13.719217 0.79
13.782717 0.78
13.846218 0.79
13.909719 0.78
13.973219 0.79
14.036720 0.78
14.100220 0.79
14.163720 0.79
14.227221 0.79
14.290722 0.79
14.345722 0.78
14.409223 0.78
14.472723 0.79
14.532724 0.78
14.596225 0.79
14.659724 0.79
14.719725 0.79
14.779726 0.79
14.839726 0.78
14.894602 0.79
14.958102 0.79
15.018228 0.79
15.081727 0.79
15.136603 0.79
15.200104 0.78
15.261606 0.78
15.325132 0.78
15.394373 0.79
15.454132 0.78
15.515732 0.79
15.574374 0.78
15.634135 0.78
15.708134 0.79
15.773135 0.79
15.836609 0.78
15.900109 0.78
15.952485 0.78
16.003112 0.79
16.066611 0.79
16.130112 0.79
16.193611 0.78
16.257112 0.79
16.320612 0.78
16.384114 0.79
16.447614 0.79
16.511114 0.80
16.574615 0.79
16.638115 0.79
16.701616 0.79
16.765116 0.78
16.828617 0.79
16.892118 0.78
16.955618 0.78
17.019118 0.78
17.082618 0.79
17.137620 0.78
17.192620 0.79
17.256121 0.79
17.319621 0.79
17.379622 0.79
17.439622 0.78
17.499623 0.78
17.559623 0.79
17.619623 0.79
17.679624 0.79
17.739624 0.79
17.794500 0.78
17.858000 0.79
17.918001 0.79
17.978126 0.79
18.033127 0.78
18.080377 0.78
18.129753 0.78
18.183003 0.79
18.235379 0.78
18.284754 0.79
18.338005 0.78
18.390380 0.79
18.439755 0.78
18.493006 0.79
18.545381 0.79
18.596007 0.79
18.659507 0.78
18.723007 0.79
18.786508 0.79
18.850008 0.78
18.913508 0.79
18.977010 0.78
19.040510 0.79
19.104011 0.79
19.167511 0.79
19.231012 0.79
19.294512 0.78
19.358013 0.79
19.421513 0.79
19.485014 0.79
19.548514 0.78
19.612014 0.79
19.675515 0.79
19.739016 0.79
19.802516 0.79
19.866017 0.79
19.929517 0.78
19.984517 0.78
20.039518 0.79
20.099518 0.79
20.159519 0.79
20.219519 0.78
20.279520 0.79
20.339521 0.79
20.399520 0.78
20.459521 0.79
20.523022 0.79
20.586522 0.79
20.641398 0.78
20.704899 0.78
20.761150 0.79
20.819524 0.78
20.877901 0.79
20.934150 0.79
20.992525 0.79
21.050902 0.79
21.103276 0.78
21.153902 0.78
21.217403 0.78
21.280903 0.80
21.344404 0.78
21.407905 0.78
21.460279 0.78
21.510906 0.79
21.574405 0.79
21.637907 0.79
21.701406 0.78
21.764908 0.79
21.817283 0.79
21.885908 0.79
21.949408 0.79
22.012910 0.79
22.076409 0.79
22.139910 0.78
22.203410 0.79
22.266912 0.79
22.330411 0.79
22.393913 0.79
22.457412 0.79
22.520913 0.79
22.584413 0.78
22.648039 0.79
22.706414 0.78
22.769916 0.79
22.833415 0.79
22.888416 0.79
22.951918 0.78
23.015417 0.79
23.075417 0.79
23.138919 0.78
23.198543 0.78
23.253419 0.78
23.313420 0.79
23.373420 0.79
23.429797 0.79
23.493421 0.78
23.551796 0.80
23.611923 0.79
23.675422 0.79
23.730298 0.79
23.793798 0.78
23.846173 0.78
23.895549 0.78
23.948799 0.79
24.001175 0.79
24.051802 0.79
24.115300 0.79
24.178801 0.78
24.242427 0.79
24.300802 0.79
24.364303 0.79
24.427803 0.79
24.491304 0.79
24.554804 0.79
24.607180 0.78
24.657805 0.79
24.721306 0.80
24.784806 0.78
24.848307 0.78
24.911807 0.78
24.975308 0.78
25.038808 0.78
25.102309 0.79
25.165809 0.79
25.229435 0.79
25.287809 0.79
25.351311 0.78
25.414811 0.79
25.478312 0.78
25.541812 0.79
25.605313 0.79
25.668813 0.79
25.732315 0.79
25.792314 0.79
25.847315 0.78
25.907315 0.78
25.967316 0.79
26.022316 0.78
26.082317 0.79
26.145817 0.79
26.209443 0.78
26.283194 0.78
26.346693 0.79
26.406819 0.79
26.461819 0.79
26.516820 0.79
26.564071 0.80
26.613445 0.79
26.666697 0.78
26.726822 0.79
26.774073 0.79
26.824699 0.78
26.888198 0.79
26.951698 0.78
27.015199 0.79
27.078699 0.79
27.139701 0.79
27.203201 0.79
27.266701 0.79
27.330202 0.79
27.393702 0.79
27.454704 0.79
27.518203 0.79
27.581704 0.79
27.645204 0.79
27.708704 0.78
27.782580 0.79
27.851205 0.80
27.914706 0.79
27.978206 0.79
28.041708 0.79
28.105208 0.79
28.168708 0.79
28.232209 0.78
28.295709 0.79
28.359210 0.79
28.414210 0.78
28.477710 0.79
28.541211 0.79
28.601212 0.79
28.664713 0.78
28.728213 0.79
28.788213 0.79
28.848214 0.79
28.908214 0.79
28.968214 0.78
29.023090 0.79
29.086591 0.79
29.146591 0.79
29.206716 0.79
29.261717 0.79
29.312842 0.79
29.368595 0.78
29.432093 0.79
29.495594 0.79
29.547971 0.79
29.598596 0.79
29.662095 0.79
29.725596 0.78
29.777973 0.79
29.828599 0.79
29.892097 0.79
29.955598 0.79
30.019098 0.79
30.082598 0.78
30.146099 0.79
30.209599 0.78
30.283475 0.79
30.352101 0.79
30.415601 0.79
30.479102 0.78
30.542602 0.78
30.606103 0.78
30.669730 0.78
30.738605 0.79
30.802132 0.78
30.865605 0.78
30.947606 0.78
31.011132 0.79
31.069608 0.78
31.133133 0.79
31.201738 0.79
31.270484 0.79
31.330609 0.79
31.394109 0.79
31.454110 0.79
31.514111 0.79
31.574111 0.78
31.634112 0.78
31.694112 0.79
31.754113 0.79
31.814113 0.79
31.877613 0.79
31.941113 0.79
31.995990 0.78
32.054490 0.78
32.110743 0.79
32.166491 0.79
32.229992 0.79
32.293491 0.78
32.345870 0.78
32.412492 0.79
32.464871 0.79
32.531494 0.79
32.583870 0.79
32.647494 0.78
32.699872 0.79
32.750496 0.79
32.813996 0.79
32.877496 0.78
32.940997 0.78
33.004497 0.79
33.067998 0.79
33.131498 0.78
33.194999 0.79
33.258499 0.78
33.321999 0.79
33.385501 0.78
33.449000 0.79
33.512501 0.79
33.576002 0.79
33.639502 0.79
33.713378 0.78
33.773503 0.78
33.837004 0.79
33.900505 0.79
33.964005 0.79
34.027505 0.79
34.091007 0.79
34.154506 0.79
34.218007 0.79
34.281507 0.78
34.345009 0.79
34.408508 0.78
34.472010 0.79
34.532014 0.79
34.592010 0.79
34.652011 0.79
34.706887 0.79
34.770386 0.79
34.830387 0.79
34.890513 0.79
34.945512 0.79
35.000513 0.79
35.047763 0.78
35.101015 0.79
35.159389 0.79
35.211765 0.79
35.262392 0.79
35.325892 0.79
35.389392 0.79
35.441767 0.79
35.492394 0.78
35.550894 0.78
35.614394 0.79
35.677895 0.78
35.736394 0.78
35.799895 0.79
35.863395 0.79
35.926897 0.79
35.990397 0.78
36.053898 0.78
36.117398 0.79
36.180899 0.78
36.244399 0.78
36.307900 0.79
36.366399 0.79
36.429901 0.79
36.493400 0.78
36.556902 0.79
36.620401 0.79
36.683902 0.79
36.747402 0.78
36.810903 0.79
36.874404 0.79
36.937904 0.78
36.997907 0.78
37.052905 0.78
37.116405 0.79
37.179906 0.79
37.239907 0.79
37.299908 0.79
37.359908 0.79
37.414782 0.79
37.478283 0.79
37.534534 0.79
37.592910 0.78
37.647784 0.78
37.711285 0.79
37.771411 0.78
37.826411 0.79
37.881411 0.78
37.939787 0.78
38.003287 0.79
38.055663 0.79
38.105039 0.78
38.158288 0.79
38.221789 0.79
38.285290 0.78
38.348791 0.79
38.412291 0.79
38.475791 0.78
38.539292 0.79
38.602792 0.79
38.666293 0.79
38.729793 0.79
38.793294 0.78
38.856794 0.79
38.920295 0.79
38.983795 0.79
39.047295 0.78
39.110796 0.79
39.174296 0.78
39.237797 0.79
39.301297 0.79
39.364798 0.78
39.428299 0.78
39.491799 0.79
39.555300 0.78
39.618800 0.79
39.682301 0.78
39.745801 0.79
39.809302 0.79
39.872802 0.78
39.932803 0.79
39.996303 0.79
40.059803 0.79
40.119805 0.79
40.179805 0.79
40.234680 0.79
40.298181 0.79
40.358307 0.78
40.421807 0.78
40.476683 0.78
40.540183 0.79
40.600308 0.78
40.655309 0.79
40.706434 0.79
40.762186 0.78
40.825685 0.78
40.889186 0.80
40.941561 0.78
40.994811 0.78
41.053187 0.79
41.116687 0.79
41.180189 0.79
41.243688 0.79
41.307189 0.78
41.370689 0.78
41.434190 0.80
41.497690 0.79
41.561191 0.79
41.624691 0.79
41.688192 0.79
41.751693 0.79
41.815193 0.79
41.878694 0.79
41.942194 0.78
42.005695 0.78
42.069195 0.79
42.132696 0.79
42.187696 0.79
42.251197 0.78
42.314697 0.78
42.378198 0.78
42.441698 0.78
42.505199 0.79
42.568699 0.79
42.628699 0.79
42.688700 0.78
42.752201 0.79
42.815701 0.79
42.875702 0.78
42.935701 0.79
42.995702 0.79
43.050578 0.78
43.114078 0.79
43.174204 0.80
43.233829 0.79
43.287080 0.79
43.343330 0.79
43.399083 0.79
43.462581 0.79
43.526082 0.79
43.582332 0.79
43.640708 0.79
43.699083 0.78
43.751458 0.78
43.802085 0.79
43.865584 0.78
43.929086 0.79
43.992585 0.78
44.056086 0.79
44.119586 0.79
44.183088 0.79
44.246587 0.79
44.310088 0.79
44.373589 0.78
44.437089 0.79
44.500589 0.79
44.564091 0.79
44.627591 0.79
44.691091 0.79
44.754592 0.78
44.818093 0.79
44.881592 0.78
44.945093 0.78
45.008593 0.78
45.072095 0.79
45.135594 0.79
45.199095 0.79
45.262595 0.79
45.326097 0.79
45.389597 0.79
45.453098 0.79
45.516598 0.79
45.576598 0.78
45.636599 0.78
45.696599 0.79
45.756600 0.79
45.820101 0.79
45.883600 0.78
45.943601 0.79
45.998476 0.78
46.061977 0.79
46.122103 0.79
46.173228 0.79
46.227729 0.78
46.280979 0.79
46.333355 0.79
46.383982 0.79
46.447480 0.79
46.511106 0.79
46.558356 0.78
46.608983 0.79
46.672483 0.79
46.735982 0.79
46.788358 0.79
46.847985 0.78
46.911484 0.79
46.974984 0.78
47.038485 0.78
47.101986 0.78
47.165486 0.79
47.228987 0.79
47.292487 0.79
47.355988 0.79
47.419488 0.79
47.482988 0.79
47.546489 0.79
47.610115 0.79
47.678870 0.78
47.738991 0.78
47.802491 0.78
47.865993 0.79
47.929493 0.79
47.984493 0.79
48.039494 0.79
48.094494 0.79
48.149494 0.79
48.213022 0.79
48.277147 0.79
48.341022 0.78
48.415148 0.79
48.478878 0.79
48.552874 0.79
48.612999 0.79
48.672623 0.79
48.731000 0.78
48.786024 0.79
48.858626 0.78
48.922501 0.79
48.981502 0.79
49.046902 0.79
49.112377 0.79
49.175879 0.78
49.232129 0.78
49.287883 0.78
49.351379 0.79
49.415379 0.78
49.474269 0.78
49.532911 0.79
49.597032 0.79
49.657506 0.79
49.715884 0.79
49.779382 0.78
49.842884 0.79
49.906384 0.78
49.969885 0.79
50.033385 0.79
50.096886 0.79
50.160386 0.79
50.223887 0.79
50.287387 0.79
50.351405 0.79
50.404919 0.79
50.469282 0.79
50.533287 0.79
50.592517 0.78
50.651516 0.79
50.715641 0.79
50.774409 0.79
50.835532 0.79
50.895287 0.78
50.961645 0.79
51.022283 0.79
51.080921 0.79
51.141290 0.79
51.201927 0.78
51.265925 0.79
51.329926 0.79
51.395435 0.78
51.462072 0.78
51.515936 0.78
51.574933 0.79
51.633928 0.79
51.697929 0.78
51.756929 0.78
51.821027 0.79
51.890055 0.78
51.948928 0.79
52.013298 0.79
52.072404 0.79
52.131421 0.79
52.195528 0.79
52.254420 0.78
52.319307 0.78
52.384323 0.78
52.459223 0.78
52.524451 0.78
52.595009 0.78
52.660162 0.79
52.714171 0.78
52.779033 0.78
52.834909 0.79
52.893412 0.79
52.953866 0.78
53.012912 0.78
53.077538 0.79
53.137314 0.79
53.207112 0.79
53.261548 0.78
53.316807 0.78
53.372541 0.79
53.442332 0.78
53.516960 0.78
53.581322 0.79
53.647414 0.79
53.713954 0.79
53.773168 0.78
53.832545 0.78
53.897419 0.78
53.956434 0.79
54.018167 0.78
54.081667 0.79
54.142168 0.79
54.200948 0.79
54.255420 0.78
54.306701 0.79
54.360295 0.78
54.418795 0.79
54.479059 0.79
54.542671 0.79
54.595047 0.79
54.658802 0.79
54.717798 0.78
54.781673 0.78
54.847189 0.79
54.916204 0.78
54.974800 0.78
55.022051 0.79
55.072683 0.78
55.141552 0.78
55.205676 0.79
55.279688 0.79
55.343428 0.78
55.397102 0.78
55.450805 0.79
55.515681 0.79
55.579196 0.78
55.643180 0.79
55.701683 0.79
55.765432 0.78
55.819101 0.78
55.872682 0.78
55.947078 0.79
56.005808 0.79
56.064809 0.79
56.123187 0.79
56.181685 0.79
56.252560 0.79
56.312814 0.79
56.371437 0.79
56.431687 0.79
56.505687 0.79
56.579688 0.78
56.653689 0.78
56.727688 0.78
56.791218 0.78
56.846329 0.78
56.901315 0.79
56.956317 0.78
57.008595 0.78
57.055982 0.78
57.114706 0.78
57.178568 0.78
57.233568 0.78
57.289818 0.79
57.345570 0.78
57.409069 0.78
57.472570 0.79
57.524976 0.78
57.583571 0.79
57.635976 0.78
57.694699 0.78
57.741960 0.79
57.796575 0.79
57.848977 0.78
57.902826 0.78
57.966576 0.79
58.035699 0.78
58.104825 0.78
58.168576 0.79
58.242826 0.78
58.306577 0.78
58.380827 0.79
58.449578 0.79
58.523578 0.79
58.587329 0.78
58.656080 0.79
58.714580 0.79
58.788581 0.79
58.852346 0.79
58.905831 0.79
58.969582 0.79
59.043582 0.78
59.112582 0.79
59.176083 0.79
59.239584 0.79
59.303084 0.79
59.368586 0.79
59.437586 0.78
59.506711 0.79
59.575712 0.78
59.644588 0.79
59.699837 0.79
59.753352 0.79
59.803339 0.79
59.853089 0.78
59.908108 0.79
59.963358 0.79
60.018356 0.79
60.077108 0.79
60.141357 0.79
60.200110 0.78
60.260217 0.79
60.313718 0.79
60.377593 0.79
60.424844 0.79
60.483594 0.78
60.538219 0.78
60.591595 0.78
60.647497 0.79
60.703498 0.78
60.762112 0.78
60.825974 0.79
60.894999 0.79
60.953598 0.78
61.009502 0.79
61.068116 0.79
61.137116 0.78
61.195600 0.78
61.256504 0.78
61.320148 0.79
61.383978 0.79
61.450123 0.78
61.514144 0.78
61.582979 0.79
61.641479 0.78
61.704979 0.79
61.763479 0.79
61.838018 0.78
61.896482 0.78
61.959981 0.79
62.014982 0.78
62.073482 0.79
62.137108 0.78
62.197869 0.79
62.256484 0.79
62.320000 0.79
62.385484 0.78
62.454485 0.79
62.517986 0.79
62.592361 0.78
62.655987 0.79
62.711016 0.79
62.774866 0.78
62.839005 0.79
62.904422 0.79
62.964023 0.79
63.033741 0.79
63.097490 0.78
63.161491 0.79
63.216141 0.79
63.269367 0.79
63.321742 0.78
63.374992 0.78
63.433368 0.78
63.502619 0.79
63.566619 0.78
63.630746 0.78
63.689620 0.79
63.753494 0.79
63.817620 0.79
63.881622 0.79
63.950622 0.79
64.010876 0.78
64.075026 0.78
64.149624 0.78
64.213499 0.79
64.277625 0.79
64.341750 0.78
64.400625 0.78
64.464751 0.79
64.523626 0.78
64.587627 0.78
64.656628 0.78
64.721139 0.78
64.774880 0.78
64.838378 0.79
64.901907 0.79
64.962505 0.78
65.026631 0.79
65.090882 0.79
65.149632 0.79
65.208632 0.78
65.272508 0.79
65.336383 0.79
65.400509 0.78
65.464927 0.78
65.525519 0.79
65.579950 0.79
65.643927 0.78
65.707919 0.79
65.771917 0.79
65.835917 0.79
65.901774 0.79
65.962518 0.79
66.022640 0.79
66.081389 0.78
66.145515 0.78
66.209515 0.78
66.275296 0.78
66.339517 0.79
66.403517 0.78
66.467517 0.78
66.531643 0.79
66.590394 0.79
66.654646 0.79
66.713520 0.78
66.777645 0.78
66.836521 0.79
66.905288 0.79
66.974535 0.79
67.035522 0.78
67.104648 0.79
67.163413 0.79
67.227523 0.79
67.296649 0.79
67.355524 0.78
67.419524 0.78
67.488525 0.78
67.552275 0.79
67.626416 0.79
67.690526 0.78
67.749527 0.79
67.808528 0.78
67.867654 0.79
67.926529 0.78
67.985405 0.79
68.049530 0.78
68.113405 0.79
68.177531 0.79
68.236531 0.79
68.289782 0.78
68.353782 0.79
68.417939 0.79
68.471409 0.79
68.535534 0.79
68.594410 0.79
68.658535 0.79
68.713660 0.79
68.768661 0.78
68.823661 0.79
68.878662 0.79
68.937537 0.79
68.996538 0.79
69.055538 0.79
69.110539 0.78
69.165539 0.79
69.220539 0.79
69.271190 0.79
69.322191 0.80
69.373193 0.79
69.436666 0.79
69.491542 0.78
69.550542 0.78
69.609543 0.78
69.673544 0.78
69.732168 0.79
69.806061 0.79
69.866544 0.79
69.925797 0.79
69.989796 0.78
70.055061 0.79
70.115672 0.79
70.174547 0.79
70.238548 0.78
70.297548 0.78
70.351299 0.78
70.420316 0.79
70.484317 0.79
70.553068 0.79
70.613550 0.79
70.667060 0.78
70.736318 0.79
70.794676 0.78
70.854677 0.78
70.918177 0.79
70.981678 0.79
71.041678 0.79
71.096574 0.78
71.160056 0.79
71.225180 0.79
71.286056 0.79
71.349555 0.79
71.413059 0.79
71.473456 0.78
71.539211 0.78
71.603338 0.79
71.657309 0.78
71.726060 0.79
71.778435 0.79
71.829066 0.79
71.892563 0.78
71.956076 0.79
72.015811 0.79
72.069190 0.79
72.127565 0.79
72.191066 0.80
72.243440 0.79
72.303070 0.78
72.366567 0.79
72.430565 0.79
72.484207 0.78
72.548067 0.79
72.617192 0.78
72.686067 0.79
72.760693 0.79
72.825212 0.78
72.889319 0.79
72.948097 0.79
73.017085 0.78
73.091196 0.79
73.160077 0.78
73.219460 0.79
73.285322 0.79
73.345578 0.79
73.406710 0.79
73.471219 0.79
73.540215 0.79
73.609215 0.79
73.678093 0.78
73.746980 0.79
73.810840 0.78
73.867995 0.79
73.926987 0.78
73.995982 0.79
74.064980 0.79
74.130453 0.78
74.188965 0.79
74.249086 0.79
74.296335 0.78
74.345708 0.79
74.398960 0.79
74.455209 0.79
74.510963 0.79
74.570250 0.78
74.624720 0.79
74.684098 0.78
74.744459 0.78
74.798338 0.78
74.862710 0.78
74.926460 0.79
74.984962 0.79
75.055836 0.79
75.115963 0.79
75.184963 0.79
75.250090 0.79
75.318966 0.78
75.382465 0.80
75.446092 0.78
75.504466 0.79
75.567969 0.79
75.631472 0.78
75.694972 0.78
75.758469 0.78
75.821972 0.79
75.885470 0.78
75.948972 0.79
76.012469 0.79
76.071095 0.79
76.134997 0.78
76.204002 0.79
76.268001 0.78
76.332001 0.79
76.400973 0.79
76.469973 0.79
76.538974 0.78
76.607974 0.79
76.671474 0.79
76.737369 0.79
76.796225 0.79
76.860351 0.79
76.918851 0.79
76.987851 0.78
77.048477 0.78
77.113978 0.78
77.174371 0.78
77.232853 0.79
77.297869 0.79
77.367246 0.78
77.425981 0.78
77.486498 0.79
77.555498 0.78
77.629374 0.79
77.687864 0.78
77.753358 0.79
77.816866 0.79
77.886367 0.79
77.945359 0.79
78.009375 0.78
78.068291 0.79
78.127750 0.79
78.188614 0.79
78.257988 0.78
78.326988 0.78
78.395988 0.78
78.454867 0.78
78.523740 0.78
78.578868 0.78
78.648144 0.79
78.707019 0.79
78.770873 0.79
78.840035 0.79
78.898992 0.78
78.958871 0.79
79.022872 0.79
79.092147 0.78
79.152369 0.79
79.217871 0.78
79.282029 0.79
79.350746 0.79
79.402370 0.78
79.453496 0.78
79.505775 0.79
79.564372 0.79
79.624498 0.78
79.677999 0.78
79.732499 0.79
79.791376 0.78
79.855392 0.79
79.914391 0.79
79.978252 0.78
80.041883 0.79
80.097782 0.78
80.156378 0.79
80.220269 0.79
80.273905 0.78
80.330394 0.79
80.394379 0.78
80.458396 0.78
80.522380 0.78
80.586380 0.79
80.650506 0.78
80.709272 0.78
80.767916 0.79
80.831892 0.79
80.900758 0.79
80.969923 0.78
81.033910 0.79
81.097913 0.78
81.162385 0.79
81.220763 0.78
81.284387 0.79
81.343387 0.79
81.407387 0.79
81.476638 0.79
81.540513 0.79
81.599279 0.78
81.657766 0.79
81.731920 0.78
81.800766 0.79
81.869919 0.79
81.928919 0.78
81.992767 0.79
82.056899 0.78
82.115284 0.79
82.175394 0.78
82.239412 0.79
82.292049 0.79
82.350926 0.79
82.409923 0.78
82.478648 0.78
82.531022 0.79
82.584773 0.78
82.640654 0.78
82.694289 0.79
82.749416 0.78
82.808347 0.78
82.861051 0.79
82.915779 0.79
82.974775 0.79
83.043650 0.78
83.096032 0.79
83.151056 0.78
83.204777 0.79
83.273777 0.79
83.337930 0.78
83.407302 0.78
83.465779 0.78
83.521681 0.79
83.585172 0.79
83.649295 0.79
83.723173 0.78
83.786656 0.79
83.860661 0.78
83.924979 0.78
83.979316 0.78
84.043307 0.79
84.117411 0.78
84.186428 0.79
84.255304 0.79
84.314287 0.79
84.373301 0.79
