0.000000 0.000000
0.041762 4.68
0.098891 2.66
0.168791 2.66
0.233504 2.66
0.292380 2.66
0.378262 2.66
0.428378 2.66
0.492378 2.66
0.556379 2.66
0.628738 2.66
0.702755 2.66
0.763672 2.66
0.823506 2.66
0.884899 2.66
0.955392 4.34
1.020262 4.34
1.076495 4.34
1.123874 4.34
1.177743 4.34
1.228493 4.34
1.275873 4.34
1.339744 4.34
1.399065 4.34
1.464038 4.34
1.528750 4.34
1.583880 4.34
1.647622 4.34
1.716747 4.34
1.780498 4.34
1.840498 4.34
1.914498 4.34
1.973137 4.34
2.026750 4.34
2.090625 4.34
2.159625 4.34
2.228627 4.34
2.292626 4.34
2.356627 4.34
2.425628 4.34
2.494393 4.34
2.558145 4.68
2.611754 4.34
2.680754 4.34
2.746029 4.34
2.809505 4.34
2.883506 4.34
2.942272 4.34
3.005883 4.34
3.059508 4.34
3.118150 4.34
3.188515 4.34
3.242151 4.34
3.312516 4.34
3.366151 4.34
3.416152 4.34
3.466152 4.34
3.516153 4.34
3.566153 4.34
3.616154 4.34
3.671638 4.34
3.740513 4.34
3.804514 4.34
3.859153 4.34
3.927766 4.34
3.996391 4.34
4.051392 4.34
4.098643 4.34
4.148017 4.34
4.206393 4.34
4.253642 4.34
4.304269 4.34
4.367767 4.34
4.436395 4.34
4.494770 4.34
4.563395 4.34
4.619271 4.34
4.682771 4.34
4.751397 4.34
4.809772 4.34
4.878399 4.34
4.934274 4.34
4.997773 4.34
5.066400 4.34
5.124774 4.34
5.193400 4.34
5.262151 4.34
5.330777 4.34
5.399403 4.34
5.459529 4.34
5.514530 4.34
5.569531 4.34
5.624531 4.34
5.677780 4.34
5.746405 4.34
5.816907 4.34
5.880407 4.34
5.940534 4.34
5.995409 4.34
6.055410 4.34
6.115410 4.34
6.175411 4.34
6.235412 4.34
6.295412 4.34
6.355412 4.34
6.408660 4.34
6.477286 4.34
6.532286 4.34
6.592412 4.34
6.646915 4.34
6.705288 4.34
6.756413 4.34
6.812165 4.34
6.875664 4.34
6.930664 4.34
6.989431 4.34
7.053432 4.34
7.117431 4.34
7.181432 4.34
7.245431 4.34
7.309432 4.34
7.373433 4.34
7.437434 4.34
7.501435 4.68
7.561669 4.34
7.620435 4.34
7.680795 4.34
7.734421 4.34
7.798437 4.34
7.862436 4.34
7.926438 4.34
7.990438 4.34
8.054422 4.34
8.118423 4.34
8.182424 4.34
8.246424 4.34
8.310440 4.34
8.374550 4.34
8.443927 4.34
8.507930 4.34
8.566928 4.34
8.630928 4.34
8.694928 4.34
8.758929 4.34
8.822933 4.34
8.881931 4.34
8.945955 4.34
9.009931 4.34
9.079431 4.34
9.137935 4.34
9.191807 4.34
9.245446 4.34
9.309433 4.34
9.367934 4.34
9.426809 4.34
9.480452 4.34
9.544434 4.34
9.593810 4.34
9.647436 4.34
9.702077 4.34
9.762074 4.34
9.820938 4.34
9.884938 4.34
9.949438 4.34
10.008439 4.34
10.067439 4.34
10.118081 4.34
10.181941 4.34
10.245967 4.34
10.302080 4.34
10.365944 4.34
10.426081 4.34
10.495207 4.34
10.560208 4.34
10.634569 4.34
10.693194 4.34
10.751568 4.34
10.820194 4.34
10.878570 4.34
10.947196 4.34
11.005571 4.34
11.074196 4.34
11.132572 4.34
11.201197 4.34
11.259572 4.34
11.328198 4.34
11.386573 4.34
11.455199 4.34
11.515326 4.34
11.570327 4.34
11.625202 4.34
11.685201 4.34
11.745203 4.34
11.805202 4.34
11.865203 4.34
11.925204 4.34
11.985205 4.34
12.045205 4.34
12.105206 4.34
12.165206 4.34
12.225206 4.34
12.288706 4.34
12.347082 4.34
12.402082 4.34
12.457082 4.34
12.504332 4.34
12.553707 4.34
12.612084 4.34
12.659334 4.34
12.708709 4.34
12.767085 4.34
12.814335 4.34
12.864961 4.34
12.928461 4.34
12.997086 4.34
13.044338 4.34
13.094963 4.34
13.158462 4.34
13.227088 4.34
13.285464 4.34
13.354090 4.34
13.412465 4.34
13.481090 4.34
13.539466 4.34
13.608092 4.34
13.666467 4.34
13.735092 4.34
13.793467 4.34
13.862094 4.34
13.920469 4.34
13.989095 4.34
14.047470 4.34
14.116097 4.34
14.174471 4.34
14.243097 4.34
14.303222 4.34
14.356473 4.34
14.425098 4.34
14.485100 4.34
14.543474 4.34
14.612099 4.34
14.672102 4.34
14.732101 4.34
14.792101 4.34
14.852103 4.34
14.905352 4.34
14.973978 4.34
15.034103 4.34
15.094104 4.34
15.147354 4.34
15.215980 4.34
15.272369 4.34
15.341132 4.34
15.405132 4.34
15.469983 4.34
15.531608 4.34
15.585134 4.34
15.650134 4.34
15.723984 4.34
15.788984 4.34
15.847360 4.34
15.915986 4.34
15.963236 4.34
16.013863 4.34
16.077362 4.34
16.145987 4.34
16.204363 4.34
16.272988 4.34
16.331363 4.34
16.399989 4.34
16.458365 4.34
16.526990 4.34
16.585365 4.34
16.653991 4.34
16.712366 4.34
16.780992 4.34
16.839368 4.34
16.907993 4.34
16.966369 4.34
17.034994 4.34
17.095121 4.34
17.150121 4.34
17.203371 4.34
17.271995 4.34
17.331998 4.34
17.391999 4.34
17.451999 4.68
17.511999 4.34
17.572000 4.34
17.632000 4.34
17.692001 4.34
17.752001 4.34
17.805250 4.34
17.870376 4.34
17.933878 4.34
17.988878 4.34
18.043878 4.34
18.091128 4.34
18.140503 4.34
18.198880 4.34
18.246129 4.34
18.295504 4.34
18.353880 4.34
18.401130 4.34
18.450505 4.34
18.508881 4.34
18.556131 4.34
18.606756 4.34
18.670257 4.34
18.738884 4.34
18.797258 4.34
18.865884 4.34
18.924259 4.34
18.992886 4.34
19.051260 4.34
19.119886 4.34
19.178261 4.34
19.246887 4.34
19.305262 4.34
19.373889 4.34
19.432264 4.34
19.500890 4.34
19.559264 4.34
19.627891 4.34
19.686265 4.34
19.754892 4.34
19.813266 4.34
19.881893 4.34
19.942018 4.34
19.997020 4.34
20.051895 4.34
20.111896 4.34
20.171896 4.34
20.231897 4.34
20.291896 4.34
20.351897 4.34
20.411898 4.34
20.475397 4.34
20.538898 4.34
20.598899 4.34
20.652148 4.34
20.720774 4.34
20.771901 4.34
20.835399 4.34
20.893776 4.34
20.944902 4.34
21.008401 4.34
21.066776 4.34
21.114026 4.34
21.164652 4.34
21.233277 4.34
21.296779 4.34
21.355154 4.34
21.423780 4.34
21.471030 4.34
21.521655 4.34
21.585156 4.34
21.653781 4.34
21.712157 4.34
21.780782 4.34
21.833158 4.34
21.901784 4.34
21.960159 4.34
22.028785 4.34
22.087160 4.34
22.155784 4.34
22.214161 4.34
22.282786 4.34
22.341162 4.34
22.409787 4.34
22.468163 4.34
22.536788 4.34
22.595164 4.34
22.658789 4.34
22.717165 4.34
22.785790 4.34
22.845917 4.34
22.899166 4.34
22.967791 4.34
23.027794 4.34
23.086168 4.34
23.154793 4.34
23.214419 4.34
23.265795 4.34
23.325796 4.34
23.385797 4.34
23.440545 4.34
23.509297 4.34
23.567671 4.34
23.627797 4.34
23.687799 4.34
23.741049 4.34
23.809674 4.34
23.856925 4.34
23.906299 4.34
23.964675 4.34
24.011927 4.34
24.062551 4.34
24.126051 4.34
24.194676 4.34
24.258302 4.34
24.316678 4.34
24.375053 4.34
24.443679 4.34
24.502054 4.34
24.570679 4.34
24.617930 4.34
24.668555 4.34
24.732056 4.34
24.800682 4.34
24.859057 4.34
24.927682 4.34
24.986058 4.34
25.054683 4.34
25.113059 4.34
25.181685 4.34
25.245310 4.34
25.303685 4.34
25.362061 4.34
25.430686 4.34
25.489062 4.34
25.557687 4.34
25.616063 4.34
25.684689 4.34
25.744693 4.34
25.804691 4.34
25.859690 4.34
25.919692 4.34
25.979692 4.34
26.034693 4.34
26.098193 4.34
26.161692 4.34
26.225318 4.34
26.293944 4.34
26.362569 4.34
26.417570 4.34
26.472570 4.34
26.527570 4.34
26.574820 4.34
26.624196 4.34
26.682572 4.34
26.737572 4.34
26.784822 4.34
26.835448 4.34
26.898949 4.34
26.967574 4.34
27.025951 4.34
27.094575 4.34
27.150450 4.34
27.213953 4.34
27.282577 4.34
27.340953 4.34
27.409577 4.34
27.465453 4.34
27.528955 4.34
27.597579 4.34
27.655956 4.34
27.724580 4.34
27.793331 4.34
27.861957 4.34
27.930582 4.34
27.988958 4.34
28.057582 4.34
28.115959 4.34
28.184583 4.34
28.242961 4.34
28.311584 4.34
28.371712 4.34
28.424962 4.34
28.493586 4.34
28.553588 4.34
28.611964 4.34
28.680588 4.34
28.740590 4.34
28.800591 4.34
28.860591 4.34
28.920592 4.34
28.980592 4.34
29.033840 4.34
29.098967 4.34
29.162467 4.34
29.217467 4.34
29.272468 4.34
29.323593 4.34
29.379343 4.34
29.442844 4.34
29.511469 4.34
29.558719 4.34
29.609345 4.34
29.672845 4.34
29.741471 4.34
29.788721 4.34
29.839347 4.34
29.902848 4.34
29.971473 4.68
30.029849 4.34
30.098474 4.34
30.156849 4.34
30.225475 4.34
30.294225 4.34
30.362851 4.34
30.431476 4.34
30.489851 4.34
30.558478 4.34
30.616853 4.34
30.685730 4.34
30.754481 4.34
30.812865 4.34
30.881481 4.34
30.963482 4.34
31.021866 4.34
31.085483 4.34
31.145622 4.34
31.212483 4.34
31.282984 4.34
31.346484 4.34
31.406486 4.34
31.466486 4.34
31.526488 4.34
31.586489 4.34
31.646489 4.34
31.706488 4.34
31.766490 4.34
31.829988 4.34
31.893489 4.34
31.953490 4.34
32.006739 4.34
32.070366 4.34
32.121490 4.34
32.177241 4.34
32.240741 4.34
32.309367 4.34
32.356618 4.34
32.428369 4.34
32.475618 4.34
32.547370 4.34
32.594619 4.34
32.663370 4.34
32.710620 4.34
32.761246 4.34
32.824746 4.34
32.893374 4.68
32.951746 4.34
33.020373 4.34
33.078748 4.34
33.147374 4.68
33.205749 4.68
33.274375 4.34
33.332750 4.68
33.401376 4.34
33.459751 4.34
33.528377 4.34
33.586752 4.34
33.655378 4.34
33.725879 4.34
33.789379 4.34
33.847755 4.34
33.916379 4.68
33.974755 4.68
34.043381 4.68
34.101756 4.68
34.170382 4.68
34.228757 4.34
34.297383 4.34
34.355758 4.34
34.424384 4.34
34.484386 4.68
34.544386 4.68
34.604387 4.34
34.664388 4.34
34.717636 4.34
34.782762 4.34
34.846262 4.34
34.901263 4.34
34.956263 4.34
35.011264 4.34
35.058514 4.34
35.116891 4.34
35.175265 4.34
35.222516 4.34
35.273141 4.34
35.336641 4.34
35.405267 4.34
35.452517 4.34
35.503142 4.34
35.561643 4.34
35.630269 4.34
35.688644 4.34
35.752270 4.34
35.810645 4.34
35.879271 4.34
35.937646 4.34
36.006272 4.34
36.064648 4.34
36.133272 4.34
36.191648 4.34
36.260274 4.34
36.318650 4.34
36.382275 4.34
36.440650 4.34
36.509276 4.34
36.567651 4.34
36.636277 4.34
36.694652 4.34
36.763277 4.34
36.821654 4.34
36.890279 4.34
36.950280 4.34
37.013906 4.34
37.063655 4.34
37.132281 4.34
37.192282 4.34
37.252282 4.34
37.312283 4.34
37.372284 4.34
37.425533 4.34
37.494158 4.34
37.545284 4.34
37.605285 4.34
37.658535 4.34
37.727161 4.34
37.782161 4.34
37.837161 4.34
37.892162 4.34
37.950537 4.34
38.019163 4.34
38.066413 4.34
38.115788 4.34
38.174165 4.34
38.232539 4.34
38.301165 4.34
38.359540 4.34
38.428167 4.34
38.486541 4.34
38.555168 4.34
38.613542 4.34
38.682168 4.34
38.740543 4.34
38.809169 4.34
38.867545 4.34
38.936170 4.34
38.994546 4.34
39.063171 4.34
39.121546 4.34
39.190173 4.34
39.248547 4.34
39.317173 4.34
39.375549 4.34
39.444174 4.34
39.502550 4.34
39.571176 4.34
39.629551 4.34
39.698176 4.34
39.756552 4.34
39.825177 4.34
39.885179 4.34
39.943553 4.34
40.012180 4.34
40.072181 4.34
40.132181 4.34
40.192182 4.34
40.245431 4.34
40.314056 4.34
40.374182 4.34
40.434184 4.34
40.487432 4.34
40.556059 4.34
40.611059 4.34
40.666059 4.34
40.717185 4.34
40.772937 4.34
40.836436 4.34
40.905061 4.34
40.952311 4.34
41.010686 4.34
41.069063 4.34
41.127438 4.34
41.196063 4.34
41.254439 4.34
41.323064 4.34
41.381440 4.34
41.450065 4.34
41.508441 4.34
41.577066 4.34
41.635442 4.34
41.704068 4.34
41.762442 4.34
41.831068 4.34
41.889444 4.34
41.958070 4.34
42.016445 4.34
42.085071 4.34
42.145197 4.34
42.198446 4.34
42.267071 4.34
42.325448 4.34
42.394073 4.34
42.452449 4.34
42.521074 4.34
42.581077 4.34
42.641076 4.34
42.699450 4.34
42.768076 4.34
42.828078 4.34
42.888078 4.34
42.948080 4.34
43.008079 4.34
43.061329 4.34
43.129956 4.34
43.190079 4.34
43.244579 4.34
43.302956 4.34
43.354081 4.34
43.409831 4.34
43.473332 4.34
43.541958 4.34
43.593083 4.34
43.656583 4.34
43.714960 4.34
43.762209 4.34
43.812834 4.34
43.876335 4.34
43.944961 4.34
44.003336 4.34
44.071962 4.34
44.130337 4.34
44.198964 4.34
44.257338 4.34
44.325965 4.34
44.384339 4.34
44.452966 4.34
44.511340 4.34
44.579967 4.34
44.638341 4.34
44.706968 4.34
44.765342 4.34
44.833970 4.34
44.892344 4.34
44.960969 4.34
45.019345 4.34
45.087970 4.34
45.146345 4.34
45.214971 4.34
45.273346 4.34
45.341972 4.34
45.400347 4.34
45.468973 4.34
45.528974 4.34
45.588975 4.34
45.648974 4.34
45.708976 4.34
45.772475 4.34
45.835975 4.34
45.895977 4.34
45.955977 4.34
46.009227 4.34
46.077852 4.34
46.132853 4.34
46.183979 4.34
46.238479 4.34
46.296854 4.34
46.344104 4.34
46.394729 4.34
46.458231 4.34
46.521862 4.34
46.569107 4.34
46.619732 4.34
46.683233 4.34
46.751864 4.34
46.799109 4.34
46.858733 4.34
46.922235 4.34
46.990863 4.34
47.049236 4.34
47.117865 4.34
47.176237 4.34
47.244865 4.34
47.303238 4.34
47.371870 4.34
47.430238 4.34
47.498869 4.34
47.557239 4.34
47.620869 5.69
47.691366 6.36
47.754870 6.36
47.813242 6.36
47.881870 6.36
47.941994 6.36
47.996994 6.36
48.051995 6.68
48.106996 6.68
48.160245 6.68
48.229147 6.68
48.287879 6.68
48.356880 6.68
48.425879 7.02
48.494999 7.02
48.568748 7.02
48.628875 7.02
48.683374 7.02
48.741749 7.02
48.796911 7.02
48.869501 7.37
48.938627 7.37
48.997627 7.37
49.057752 7.37
49.123128 7.37
49.191753 7.37
49.242880 7.37
49.298629 7.69
49.367630 7.37
49.426272 7.69
49.485030 7.69
49.549032 7.69
49.607757 7.69
49.673382 7.69
49.731757 7.69
49.790133 8.03
49.858758 8.03
49.917133 8.03
49.985759 8.03
50.044135 8.03
50.112760 8.03
50.171136 8.35
50.239761 8.35
50.298137 8.35
50.362281 8.35
50.421041 8.35
50.480044 8.35
50.544289 8.35
50.608643 8.70
50.667642 8.70
50.726408 8.70
50.786922 8.70
50.846526 8.70
50.907930 8.70
50.972394 8.70
51.033044 9.04
51.097079 9.04
51.153807 9.04
51.212772 9.04
51.276771 9.04
51.345926 9.04
51.411658 9.04
51.473067 9.36
51.526776 9.36
51.585774 9.04
51.644774 9.36
51.708775 9.36
51.767775 9.36
51.831776 9.36
51.900775 9.36
51.959776 9.71
52.029531 9.71
52.088529 9.71
52.147420 9.71
52.206403 9.71
52.270545 9.71
52.335537 10.03
52.400415 9.71
52.470361 9.71
52.540807 10.03
52.606103 9.71
52.671162 9.71
52.725180 9.71
52.790232 10.03
52.845658 9.71
52.909535 10.03
52.964785 10.03
53.023661 9.71
53.088544 9.71
53.153543 9.71
53.218198 10.03
53.272541 9.71
53.327794 10.03
53.383432 10.03
53.458420 9.71
53.527788 10.03
53.597555 9.71
53.663541 10.03
53.724951 9.71
53.784072 10.03
53.843420 9.71
53.913542 9.71
53.972551 10.03
54.028918 10.03
54.094043 10.03
54.152949 10.03
54.211669 10.03
54.266295 10.03
54.317421 10.03
54.376185 10.03
54.429802 10.03
54.489797 10.03
54.558547 10.03
54.605797 9.71
54.669801 9.71
54.728674 10.03
54.797549 10.03
54.863304 10.03
54.926927 10.03
54.985551 10.03
55.032801 10.03
55.083682 10.03
55.152426 10.03
55.221677 10.03
55.295556 10.03
55.354231 10.03
55.408103 10.03
55.461556 10.03
55.526430 10.03
55.595323 9.71
55.653932 10.03
55.717557 10.03
55.776198 10.03
55.829933 10.03
55.888685 10.03
55.957808 10.03
56.016698 10.03
56.075559 10.03
56.133965 10.03
56.197815 10.03
56.265061 10.03
56.323564 10.03
56.382186 10.03
56.447687 10.03
56.521690 10.03
56.595564 10.03
56.669563 10.03
56.743565 10.03
56.803595 10.03
56.862191 10.03
56.917191 10.03
56.972223 10.03
57.019442 10.03
57.066818 9.71
57.130819 9.71
57.190967 9.36
57.249447 8.70
57.300569 8.03
57.356319 8.03
57.419819 8.03
57.488445 8.03
57.535821 8.03
57.599447 8.03
57.646822 8.03
57.705454 8.03
57.752702 7.69
57.812448 7.69
57.859824 7.69
57.913703 7.69
57.982577 7.69
58.051700 7.37
58.115701 7.37
58.184451 7.37
58.253702 7.37
58.322577 7.37
58.391702 7.37
58.465454 7.02
58.539454 7.02
58.598098 7.02
58.666830 7.02
58.730580 7.02
58.804456 7.02
58.863101 7.02
58.916707 7.02
58.985457 7.02
59.059458 7.02
59.128458 7.02
59.186834 7.02
59.255459 7.02
59.315615 7.02
59.379477 7.02
59.453587 7.02
59.517467 7.02
59.586462 7.02
59.655351 7.02
59.710587 7.02
59.764105 7.02
59.814105 7.37
59.865465 7.02
59.920496 7.02
59.974109 7.02
60.029107 7.02
60.093110 7.02
60.152109 7.02
60.216111 7.02
60.270969 7.02
60.324593 7.02
60.388344 7.02
60.435594 7.02
60.494469 7.02
60.548970 7.02
60.602484 7.02
60.658362 7.02
60.714237 7.02
60.777974 7.02
60.841974 7.02
60.905722 7.02
60.964490 7.02
61.020224 7.02
61.084117 7.02
61.152975 7.02
61.211476 7.02
61.267243 7.02
61.331179 7.02
61.396535 7.02
61.466139 7.02
61.530119 7.02
61.593728 7.02
61.657354 7.02
61.715729 7.02
61.779489 7.02
61.853984 7.02
61.912357 7.02
61.972511 7.02
62.025733 7.02
62.089358 7.02
62.152983 7.02
62.208610 7.02
62.272359 7.02
62.332390 7.02
62.401486 7.02
62.470360 7.02
62.534279 7.02
62.608236 7.02
62.668392 7.02
62.726865 7.02
62.790865 7.02
62.854867 7.02
62.915375 7.02
62.980023 7.02
63.044492 7.02
63.108380 7.02
63.172379 7.02
63.226872 7.02
63.285257 7.02
63.332492 7.02
63.390872 7.02
63.449384 7.02
63.513494 7.02
63.577370 7.02
63.641494 7.02
63.700495 7.02
63.764386 7.02
63.828387 7.02
63.892497 7.02
63.961497 7.02
64.026875 7.02
64.091027 7.02
64.160499 7.02
64.224375 7.02
64.288500 7.02
64.352502 7.02
64.411501 7.02
64.475502 7.02
64.534503 7.02
64.598377 7.02
64.667503 7.02
64.732047 7.02
64.785628 7.02
64.854254 7.02
64.914405 7.02
64.973256 7.02
65.037380 7.02
65.101631 7.02
65.160507 7.02
65.219382 7.02
65.283401 7.02
65.347274 7.02
65.411401 7.02
65.481018 7.02
65.536519 6.68
65.595765 6.68
65.659935 6.68
65.723928 6.68
65.787917 6.68
65.851889 6.68
65.918071 6.68
65.973393 6.68
66.033390 6.68
66.092279 6.68
66.156390 6.68
66.220391 6.68
66.286284 6.68
66.350409 6.68
66.414392 6.68
66.478393 6.68
66.542393 6.68
66.601284 6.68
66.665521 6.68
66.724270 6.68
66.788396 6.68
66.847412 6.68
66.921289 6.68
66.987343 6.68
67.046413 6.68
67.115398 6.68
67.174273 6.68
67.238399 6.68
67.307400 6.68
67.366291 6.68
67.430414 6.68
67.499275 6.68
67.568292 6.68
67.637291 6.68
67.701420 6.68
67.760404 6.68
67.819404 6.68
67.878403 6.68
67.937405 6.68
67.996298 6.68
68.060281 6.68
68.124295 6.68
68.188406 6.68
68.247297 6.68
68.305783 6.68
68.369783 6.68
68.428659 6.68
68.482284 6.68
68.546426 6.68
68.605300 6.68
68.669427 6.68
68.724428 6.68
68.784661 6.68
68.834429 6.68
68.889412 6.68
68.948413 6.68
69.007430 6.68
69.066413 6.68
69.121414 6.68
69.176429 6.68
69.231303 6.68
69.281943 6.68
69.332942 6.68
69.383918 6.68
69.447417 6.68
69.502434 6.68
69.561417 6.68
69.620418 6.68
69.684433 6.68
69.748044 6.68
69.818544 6.68
69.877420 6.68
69.936799 6.68
70.005796 6.36
70.067547 6.36
70.126423 6.36
70.185438 6.36
70.249440 6.36
70.308423 6.36
70.362071 6.36
70.431067 6.36
70.495065 6.68
70.565550 6.68
70.624426 6.68
70.683067 6.68
70.747051 6.68
70.807053 6.36
70.865427 6.36
70.934053 6.36
70.994054 6.36
71.054055 6.36
71.107308 6.68
71.172431 6.36
71.241056 6.36
71.296805 6.36
71.360306 6.36
71.428932 6.36
71.486060 6.36
71.555326 6.36
71.614327 6.36
71.668059 6.68
71.741939 6.68
71.789187 6.36
71.839811 6.36
71.903312 6.36
71.971964 6.36
72.026561 6.36
72.079942 6.36
72.138315 6.36
72.206943 6.36
72.254191 6.36
72.313817 6.36
72.377318 6.36
72.441440 6.36
72.494968 6.36
72.563972 6.36
72.627970 6.36
72.702085 6.36
72.776708 6.36
72.835974 6.36
72.900088 6.36
72.964085 6.68
73.032975 6.36
73.101975 6.36
73.176346 6.36
73.232078 6.68
73.296088 6.68
73.358109 6.36
73.417724 6.36
73.482092 6.68
73.550979 6.68
73.619981 6.68
73.693981 6.68
73.762952 6.68
73.821840 6.68
73.878993 6.36
73.943081 6.36
74.012079 6.36
74.080828 6.36
74.141344 6.36
74.204838 6.36
74.259834 6.36
74.307085 6.36
74.356459 6.36
74.414834 6.36
74.465962 6.36
74.521711 6.36
74.581210 6.36
74.635723 6.36
74.699985 6.36
74.755352 6.36
74.809102 6.36
74.873460 6.36
74.937225 6.36
75.000836 6.36
75.066593 6.36
75.131837 6.36
75.200837 6.36
75.265987 6.36
75.334840 6.36
75.393215 6.36
75.456840 6.36
75.515216 6.36
75.583841 6.36
75.642222 6.36
75.710844 6.36
75.769219 6.36
75.837845 6.36
75.896220 6.36
75.964846 6.36
76.023362 6.36
76.081845 6.36
76.151123 6.36
76.220148 6.36
76.284125 6.36
76.347847 6.36
76.416848 6.36
76.485848 6.36
76.554849 6.36
76.623849 6.36
76.683891 6.36
76.748104 6.36
76.806977 6.36
76.871143 6.36
76.934853 6.36
77.004044 6.36
77.060883 6.36
77.124728 6.36
77.185121 6.36
77.248854 6.36
77.313983 6.36
77.377980 6.36
77.436733 6.36
77.502481 6.36
77.571482 6.36
77.640125 6.36
77.703733 6.36
77.764135 6.36
77.832865 6.36
77.897132 6.36
77.956110 6.36
78.020136 6.36
78.079130 6.36
78.140399 6.36
78.199490 6.36
78.268738 6.36
78.337738 6.36
78.406868 6.36
78.471018 6.36
78.536291 6.36
78.595019 6.36
78.659023 6.36
78.717871 6.36
78.786747 6.36
78.850871 6.36
78.909743 6.36
78.974873 6.36
79.038994 6.36
79.102871 6.36
79.164896 6.36
79.234023 6.36
79.292747 6.36
79.363297 6.36
79.414778 6.36
79.469372 6.36
79.516498 6.36
79.576776 6.36
79.635265 6.36
79.688749 6.36
79.743374 6.36
79.807500 6.36
79.871500 6.36
79.930401 6.36
79.989016 6.36
80.052752 6.36
80.108657 6.36
80.172502 6.36
80.231030 6.36
80.284629 6.36
80.346379 6.36
80.410509 6.36
80.474506 6.36
80.538510 6.36
80.602506 6.36
80.661398 6.36
80.720035 6.36
80.778757 6.36
80.842758 6.36
80.916759 6.36
80.980759 6.36
81.044634 6.36
81.108760 6.36
81.178260 6.36
81.236639 6.36
81.300512 6.36
81.359513 6.36
81.423512 6.36
81.487388 6.36
81.551389 6.36
81.610042 6.36
81.673640 6.36
81.742640 6.36
81.816766 6.36
81.880767 6.36
81.939768 6.36
82.008768 6.36
82.067646 6.36
82.127695 6.36
82.191394 6.36
82.255520 6.36
82.302912 6.36
82.361771 6.36
82.420646 6.36
82.494521 6.36
82.541926 6.36
82.595647 6.36
82.651397 6.36
82.706675 6.36
82.760274 6.36
82.824524 6.36
82.871775 6.36
82.931943 6.36
82.985650 6.36
83.059525 6.36
83.106779 6.36
83.161931 6.36
83.215652 6.36
83.289778 6.36
83.348653 6.36
83.423172 6.36
83.476654 6.36
83.532408 6.36
83.601280 6.36
83.665298 6.36
83.733937 6.36
83.802532 6.36
83.876788 6.36
83.935973 6.36
83.995411 6.36
84.059288 6.36
8