0.000000 0.000000
0.041641 4.34
0.112283 2.66
0.182630 2.66
0.237908 2.66
0.296904 2.34
0.355749 2.66
0.425268 2.66
0.483750 2.66
0.544376 2.66
0.603267 2.66
0.661752 2.66
0.731780 2.34
0.802156 2.34
0.867280 2.66
0.921654 4.02
0.986635 4.02
1.056633 4.34
1.120631 4.34
1.174272 4.34
1.232905 4.34
1.297032 4.02
1.361031 4.34
1.417052 4.34
1.488928 4.34
1.547919 4.34
1.612037 4.34
1.681634 4.34
1.747400 4.34
1.808034 4.34
1.871914 4.34
1.940914 4.34
2.015512 4.34
2.084763 4.34
2.148763 4.34
2.212763 4.34
2.282039 4.34
2.345915 4.34
2.410039 4.34
2.468765 4.34
2.532892 4.34
2.591766 4.34
2.650767 4.34
2.714894 4.34
2.773767 4.34
2.837767 4.34
2.896894 4.34
2.955769 4.34
3.019769 4.34
3.083770 4.34
3.147769 4.34
3.211896 4.34
3.270771 4.34
3.334771 4.34
3.395022 4.34
3.453772 4.34
3.517773 4.34
3.581773 4.34
3.645924 4.34
3.704774 4.34
3.768775 4.34
3.832775 4.34
3.896776 4.34
3.960902 4.34
4.019776 4.34
4.083777 4.34
4.147778 4.34
4.211779 4.34
4.285778 4.34
4.356153 4.34
4.419654 4.34
4.478029 4.34
4.546654 4.34
4.605029 4.34
4.673656 4.34
4.733783 4.34
4.788658 4.34
4.847031 4.34
4.915657 4.34
4.979283 4.34
5.030658 4.34
5.090659 4.34
5.145660 4.34
5.205660 4.34
5.265661 4.34
5.320661 4.34
5.380661 4.34
5.433911 4.34
5.502536 4.34
5.553662 4.34
5.617162 4.34
5.675538 4.34
5.726663 4.34
5.781163 4.34
5.839539 4.34
5.890664 4.34
5.946415 4.34
6.009916 4.34
6.078541 4.34
6.125791 4.34
6.176416 4.34
6.239918 4.34
6.308542 4.34
6.366919 4.34
6.435543 4.34
6.493919 4.34
6.562544 4.34
6.631295 4.34
6.699922 4.34
6.768546 4.34
6.826923 4.34
6.895547 4.34
6.953924 4.34
7.022548 4.34
7.080923 4.34
7.149548 4.34
7.207924 4.34
7.276549 4.34
7.347051 4.34
7.410551 4.34
7.468927 4.34
7.537552 4.34
7.595927 4.34
7.664552 4.34
7.724554 4.34
7.784555 4.34
7.844555 4.34
7.904556 4.34
7.964556 4.34
8.024557 4.34
8.084557 4.34
8.137805 4.34
8.202932 4.34
8.266431 4.34
8.326557 4.34
8.400432 4.34
8.455433 4.34
8.506558 4.34
8.561059 4.34
8.619434 4.34
8.677809 4.34
8.746435 4.34
8.793685 4.34
8.862436 4.34
8.920811 4.34
8.989437 4.34
9.036688 4.34
9.087313 4.34
9.150814 4.34
9.219438 4.34
9.277814 4.34
9.346440 4.34
9.404816 4.34
9.473441 4.34
9.531817 4.34
9.600441 4.34
9.658817 4.34
9.727443 4.34
9.785818 4.34
9.854444 4.34
9.923195 4.34
9.991819 4.34
10.060445 4.34
10.118820 4.34
10.187446 4.34
10.247573 4.34
10.302573 4.34
10.355822 4.34
10.424448 4.34
10.482823 4.34
10.551448 4.34
10.611450 4.34
10.669824 4.34
10.738450 4.34
10.798452 4.34
10.858453 4.34
10.918453 4.34
10.978453 4.34
11.041954 4.34
11.100328 4.34
11.160453 4.34
11.223955 4.34
11.282329 4.34
11.337329 4.34
11.384579 4.34
11.442956 4.34
11.501456 4.34
11.555957 4.34
11.614332 4.34
11.661582 4.34
11.710958 4.34
11.769332 4.34
11.827708 4.34
11.896350 4.34
11.954710 4.34
12.018352 4.34
12.082101 4.34
12.145711 4.34
12.209352 4.02
12.267712 4.34
12.331353 4.34
12.394964 4.34
12.453463 4.34
12.527355 4.34
12.587491 4.02
12.645965 4.34
12.699466 4.34
12.773356 4.34
12.857483 4.34
12.915967 4.34
12.969358 4.34
13.041468 4.34
13.115360 4.34
13.178969 4.34
13.239358 4.34
13.302994 4.34
13.357998 4.34
13.423373 4.34
13.481850 4.34
13.554472 4.34
13.613362 4.34
13.685853 4.34
13.744852 4.34
13.808854 4.34
13.872855 4.34
13.936856 4.34
14.009475 4.34
14.068367 4.34
14.142126 4.34
14.201002 4.34
14.264856 4.34
14.328856 4.34
14.401478 4.34
14.460368 4.34
14.524479 4.34
14.583479 4.34
14.642368 4.34
14.706369 4.34
14.762105 4.34
14.825605 4.34
14.894231 4.34
14.952606 4.34
15.021232 4.34
15.079607 4.34
15.143232 4.34
15.201608 4.34
15.270234 4.34
15.328608 4.34
15.397235 4.34
15.455610 4.34
15.524236 4.34
15.582611 4.34
15.651236 4.34
15.711363 4.34
15.764612 4.34
15.833238 4.34
15.893364 4.34
15.948364 4.34
16.003364 4.34
16.056614 4.34
16.125240 4.34
16.185241 4.34
16.243616 4.34
16.312241 4.34
16.372242 4.34
16.432243 4.34
16.495869 4.34
16.547244 4.02
16.600493 4.34
16.665619 4.34
16.729120 4.34
16.784120 4.34
16.839120 4.34
16.894121 4.34
16.949121 4.34
17.004122 4.34
17.059121 4.02
17.106372 4.34
17.155747 4.34
17.214122 4.34
17.261373 4.34
17.310749 4.34
17.369124 4.34
17.427499 4.34
17.496125 4.34
17.554500 4.34
17.623126 4.34
17.681501 4.34
17.750127 4.34
17.808502 4.34
17.877128 4.34
17.935503 4.34
18.004128 4.34
18.062504 4.34
18.131130 4.34
18.189505 4.34
18.258131 4.34
18.316506 4.02
18.385131 4.34
18.445258 4.34
18.498507 4.34
18.567132 4.34
18.625508 4.34
18.694134 4.34
18.754261 4.34
18.807510 4.34
18.876135 4.34
18.934510 4.34
19.003136 4.34
19.063138 4.34
19.123138 4.34
19.183139 4.34
19.243139 4.34
19.303139 4.34
19.363139 4.34
19.423140 4.34
19.476389 4.34
19.545015 4.34
19.600015 4.02
19.655017 4.34
19.702266 4.34
19.751641 4.34
19.810019 4.34
19.857267 4.34
19.912144 4.34
19.965394 4.34
20.034018 4.34
20.085144 4.34
20.140895 4.34
20.204394 4.34
20.273020 4.34
20.320271 4.34
20.370896 4.34
20.434397 4.34
20.503022 4.34
20.561398 4.34
20.630023 4.34
20.688398 4.34
20.757024 4.34
20.815399 4.34
20.884025 4.34
20.942400 4.34
21.011026 4.02
21.069401 4.34
21.138027 4.34
21.196402 4.02
21.265027 4.34
21.323403 4.02
21.392028 4.34
21.450404 4.34
21.519029 4.34
21.579156 4.34
21.632406 4.34
21.701031 4.34
21.761032 4.34
21.819407 4.34
21.888032 4.34
21.948034 4.34
22.008034 4.34
22.068034 4.34
22.128035 4.34
22.188035 4.34
22.241285 4.34
22.309911 4.34
22.370036 4.34
22.430037 4.34
22.483287 4.34
22.551912 4.34
22.603038 4.34
22.666537 4.34
22.724916 4.34
22.779916 4.34
22.831039 4.34
22.886790 4.34
22.950290 4.34
23.018917 4.34
23.077291 4.34
23.145918 4.34
23.204292 4.34
23.272919 4.34
23.331293 4.34
23.399920 4.34
23.458294 4.34
23.526920 4.34
23.585294 4.34
23.653920 4.34
23.712296 4.34
23.780921 4.34
23.839297 4.34
23.907922 4.34
23.966298 4.34
24.034923 4.34
24.093298 4.34
24.161925 4.34
24.220299 4.34
24.288925 4.34
24.347300 4.34
24.415927 4.34
24.476053 4.34
24.530928 4.34
24.590927 4.34
24.650928 4.34
24.710929 4.34
24.770929 4.34
24.830931 4.34
24.890932 4.34
24.950931 4.34
25.014431 4.34
25.072806 4.02
25.137934 4.34
25.201432 4.34
25.259807 4.34
25.310934 4.34
25.365432 4.34
25.423808 4.34
25.478808 4.34
25.529935 4.34
25.585685 4.34
25.649185 4.34
25.717810 4.34
25.768937 4.02
25.824686 4.34
25.883187 4.34
25.951812 4.34
25.999062 4.34
26.049688 4.34
26.113189 4.34
26.181814 4.34
26.240189 4.34
26.308815 4.34
26.367190 4.34
26.430815 4.34
26.489191 4.34
26.557817 4.34
26.616192 4.34
26.684817 4.34
26.743192 4.34
26.811818 4.34
26.870194 4.34
26.938819 4.34
26.997194 4.34
27.060820 4.34
27.119196 4.34
27.187821 4.34
27.246197 4.34
27.314822 4.34
27.374824 4.34
27.434824 4.34
27.494825 4.34
27.554824 4.34
27.614825 4.34
27.678450 4.34
27.729826 4.34
27.789826 4.34
27.844827 4.02
27.904827 4.34
27.964828 4.34
28.019829 4.34
28.083328 4.34
28.141704 4.34
28.196703 4.34
28.243954 4.34
28.293330 4.34
28.351705 4.34
28.406705 4.34
28.453956 4.34
28.504581 4.34
28.568082 4.34
28.636707 4.34
28.695083 4.34
28.763708 4.34
28.822083 4.34
28.890708 4.34
28.954334 4.34
29.012710 4.34
29.071085 4.34
29.139710 4.34
29.198086 4.34
29.266712 4.34
29.325087 4.34
29.393712 4.34
29.452088 4.34
29.520713 4.34
29.584338 4.34
29.642714 4.34
29.701090 4.34
29.769715 4.34
29.828091 4.34
29.896716 4.34
29.955119 4.34
30.018851 4.34
30.087850 4.34
30.156850 4.34
30.225849 4.34
30.296095 4.34
30.364720 4.34
30.424723 4.34
30.484723 4.34
30.551346 4.34
30.606347 4.34
30.661222 4.34
30.724723 4.34
30.788349 4.34
30.856974 4.34
30.925600 4.34
30.993975 4.34
31.062600 4.34
31.109856 4.34
31.160476 4.34
31.223976 4.34
31.292602 4.34
31.339854 4.34
31.390477 4.34
31.453978 4.34
31.522604 4.34
31.569856 4.34
31.620479 4.34
31.683980 4.34
31.752605 4.34
31.810981 4.34
31.879606 4.34
31.951356 4.34
32.019982 4.34
32.088607 4.34
32.146983 4.34
32.215608 4.34
32.279234 4.34
32.337609 4.34
32.395984 4.34
32.464611 4.34
32.522985 4.34
32.591610 4.34
32.649986 4.34
32.718612 4.34
32.776988 4.34
32.845613 4.34
32.909239 4.34
32.971114 4.34
33.034614 4.34
33.098240 4.34
33.149617 4.34
33.207991 4.34
33.276616 4.34
33.336618 4.34
33.396618 4.34
33.456619 4.34
33.516619 4.34
33.576619 4.34
33.629870 4.34
33.694994 4.34
33.758494 4.34
33.813495 4.02
33.868495 4.02
33.915745 4.02
33.965121 4.34
34.023497 4.02
34.070747 4.34
34.120123 4.02
34.178498 4.02
34.236875 4.02
34.305499 4.34
34.352749 4.34
34.403374 4.02
34.466876 4.34
34.535500 4.34
34.593877 4.02
34.662501 4.02
34.720879 4.34
34.789502 4.34
34.847879 4.34
34.916504 4.02
34.974880 4.34
35.043504 4.34
35.101881 4.34
35.170505 4.34
35.228881 4.34
35.297506 4.34
35.366256 4.34
35.434883 4.34
35.503507 4.34
35.561884 4.34
35.630508 4.34
35.690636 4.34
35.745636 4.34
35.800636 4.34
35.853886 4.34
35.922511 4.34
35.982513 4.34
36.042513 4.34
36.102514 4.34
36.162514 4.34
36.222515 4.34
36.282515 4.34
36.342516 4.34
36.395764 4.34
36.464389 4.34
36.519390 4.34
36.574390 4.34
36.629391 4.34
36.676641 4.34
36.726017 4.34
36.784392 4.34
36.831641 4.34
36.882268 4.34
36.945768 4.34
37.014394 4.34
37.061644 4.34
37.112269 4.34
37.175770 4.34
37.244395 4.34
37.302771 4.34
37.371396 4.34
37.427271 4.34
37.490772 4.34
37.559397 4.34
37.617774 4.34
37.686398 4.02
37.742274 4.34
37.805774 4.34
37.874400 4.34
37.932775 4.34
38.001401 4.34
38.070152 4.34
38.138777 4.34
38.207402 4.34
38.265778 4.34
38.334403 4.34
38.392779 4.34
38.461404 4.34
38.519779 4.34
38.588405 4.34
38.646781 4.34
38.715406 4.34
38.785781 4.34
38.854406 4.34
38.914409 4.34
38.974409 4.02
39.034410 4.34
39.094410 4.34
39.154411 4.34
39.214410 4.34
39.277912 4.02
39.341410 4.34
39.401412 4.34
39.454661 4.34
39.523287 4.34
39.578288 4.34
39.629413 4.34
39.692915 4.34
39.751289 4.34
39.802414 4.34
39.865916 4.34
39.924290 4.34
39.971541 4.34
40.022166 4.34
40.085666 4.34
40.154292 4.34
40.212667 4.34
40.281293 4.34
40.339669 4.34
40.408293 4.34
40.466668 4.34
40.535294 4.34
40.593669 4.34
40.662296 4.34
40.720671 4.34
40.784296 4.34
40.842672 4.34
40.911297 4.34
40.969673 4.34
41.038298 4.34
41.096673 4.34
41.165299 4.34
41.223674 4.34
41.292301 4.34
41.350675 4.34
41.414301 4.34
41.474428 4.34
41.529304 4.34
41.589304 4.34
41.649304 4.34
41.709305 4.34
41.772931 4.34
41.841554 4.34
41.910180 4.34
41.970306 4.02
42.030307 4.34
42.090306 4.02
42.150307 4.34
42.208807 4.34
42.267182 4.02
42.318308 4.34
42.381808 4.34
42.440184 4.34
42.491309 4.34
42.554810 4.34
42.613185 4.34
42.671560 4.34
42.740186 4.34
42.791311 4.02
42.854812 4.02
42.913187 4.34
42.971563 4.34
43.040188 4.34
43.098563 4.34
43.167189 4.34
43.225564 4.34
43.294190 4.34
43.352565 4.34
43.421191 4.34
43.479566 4.34
43.548192 4.34
43.606567 4.34
43.675193 4.34
43.733568 4.34
43.802193 4.34
43.860569 4.34
43.929195 4.02
43.987570 4.34
44.056196 4.34
44.114571 4.34
44.183197 4.34
44.241572 4.34
44.310197 4.34
44.370200 4.34
44.428573 4.34
44.497199 4.02
44.557200 4.02
44.620700 4.34
44.684200 4.34
44.744202 4.34
44.804202 4.34
44.857451 4.34
44.926077 4.34
44.986203 4.34
45.040703 4.34
45.099078 4.34
45.154079 4.34
45.209078 4.34
45.256329 4.34
45.311206 4.34
45.364455 4.34
45.433081 4.34
45.480332 4.34
45.529706 4.34
45.588081 4.34
45.639207 4.34
45.694959 4.34
45.758458 4.34
45.827084 4.34
45.885459 4.02
45.954085 4.34
46.012460 4.34
46.081085 4.34
46.139461 4.34
46.208086 4.34
46.271712 4.34
46.337106 4.34
46.406230 4.34
46.476589 4.34
46.540117 4.34
46.614232 4.34
46.683230 4.34
46.753591 4.34
46.807117 4.34
46.880968 4.34
46.936219 4.34
46.994718 4.34
47.060234 4.34
47.133970 4.34
47.189096 4.34
47.252996 4.34
47.308470 4.34
47.362121 4.34
47.426122 4.34
47.485123 4.34
47.554122 4.34
47.618124 4.34
47.687123 4.34
47.745998 4.34
47.815475 4.34
47.869126 4.34
47.938001 4.34
47.994726 4.34
48.058600 4.34
48.117365 4.02
48.176126 4.02
48.250727 4.34
48.319367 4.34
48.383005 4.34
48.447128 4.34
48.516370 4.34
48.585605 5.00
48.639130 6.01
48.703131 6.01
48.777007 6.36
48.846133 6.36
48.915137 6.36
48.986137 6.36
49.052138 6.36
49.118136 6.36
49.187748 6.68
49.249173 6.68
49.319022 6.68
49.388737 6.68
49.459612 6.68
49.529745 6.68
49.599741 6.68
49.664146 6.68
49.728614 7.02
49.789744 7.02
49.854132 7.02
49.918740 7.02
49.974146 7.02
50.033020 7.37
50.102745 7.37
50.161743 7.37
50.226021 7.37
50.285021 7.37
50.354749 7.37
50.413746 7.37
50.478027 7.69
50.533262 7.69
50.588260 7.69
50.643269 7.69
50.707624 7.69
50.766387 7.69
50.820026 7.69
50.875264 7.69
50.930388 8.03
50.982131 8.03
51.046752 8.03
51.111391 8.03
51.165389 8.03
51.219026 8.03
51.283754 8.03
51.348394 8.03
51.402018 8.35
51.471752 8.35
51.541763 8.35
51.606758 8.35
51.671020 8.35
51.737035 8.35
51.796021 8.70
51.855764 8.70
51.915277 8.70
51.974008 8.70
52.043507 8.70
52.107764 8.70
52.161760 8.70
52.220758 8.70
52.279383 9.04
52.338274 9.04
52.397433 9.04
52.458766 9.04
52.523638 9.04
52.587636 9.04
52.662040 9.36
52.728016 9.36
52.787014 9.36
52.846041 9.36
52.909917 9.36
52.974043 9.36
53.038767 9.36
53.103015 9.71
53.167044 9.71
53.230764 9.71
53.297145 9.71
53.356645 9.71
53.421016 9.71
53.481919 9.71
53.541669 9.71
53.606649 10.03
53.666292 9.71
53.731316 9.71
53.791773 9.71
53.856899 10.03
53.921648 9.71
53.981189 10.03
54.035659 10.03
54.100661 9.71
54.165024 9.71
54.224900 9.71
54.289149 10.03
54.353273 9.71
54.412152 10.03
54.476187 10.03
54.535177 10.03
54.594174 9.71
54.653046 10.03
54.722653 9.71
54.786150 9.71
54.850168 9.71
54.913927 9.71
54.987904 10.03
55.051778 9.71
55.121028 9.71
55.186908 10.03
55.245783 9.71
55.315529 9.71
55.381056 9.71
55.445049 9.71
55.514656 9.71
55.580410 9.71
55.640912 9.71
55.709966 9.71
55.768784 9.71
55.828809 10.03
55.883784 9.71
55.937035 10.03
56.000940 10.03
56.064952 10.03
56.123790 10.03
56.188187 10.03
56.241788 10.03
56.311208 9.71
56.357054 9.71
56.416200 9.71
56.469667 9.71
56.524790 10.03
56.594436 9.71
56.659062 9.71
56.717792 9.71
56.781791 10.03
56.846057 10.03
56.905125 10.03
56.964000 10.03
57.028315 10.03
57.098547 9.71
57.157555 10.03
57.222428 10.03
57.292063 10.03
57.351061 10.03
57.410067 10.03
57.464100 10.03
57.518064 10.03
57.577421 10.03
57.652547 10.03
57.711065 10.03
57.770548 10.03
57.829049 9.71
57.892799 10.03
57.967424 10.03
58.031551 9.71
58.086678 9.71
58.156198 10.03
58.214806 10.03
58.284094 10.03
58.342955 9.71
58.398083 9.04
58.451803 8.70
58.515803 8.03
58.574679 7.69
58.634429 7.02
58.698561 6.68
58.755681 6.68
58.814323 6.36
58.865431 6.36
58.929556 6.36
58.980962 6.36
59.036057 6.36
59.089683 6.36
59.153683 6.36
59.227559 6.36
59.274809 6.36
59.333685 6.36
59.408445 6.36
59.467977 6.36
59.521686 6.36
59.585687 6.36
59.659562 6.36
59.725327 6.36
59.800331 6.36
59.863968 6.36
59.927563 6.36
59.974967 6.36
60.028689 6.36
60.097691 6.36
60.161690 6.36
60.230332 6.36
60.293968 6.36
60.347691 6.36
60.416692 0.05
60.487128 6.36
60.556697 6.36
60.630570 6.36
60.689336 6.36
60.757976 6.36
60.811695 6.36
60.881453 6.36
60.940321 6.36
61.004337 6.36
61.072977 6.36
61.126573 6.36
61.195698 6.36
61.260456 0.05
61.321346 6.36
61.386470 6.36
61.445325 6.36
61.508825 6.36
61.567576 6.36
61.631830 6.36
61.685704 6.36
61.754577 6.36
61.814578 6.36
61.867828 6.36
61.932954 6.36
61.996458 6.36
62.051455 6.36
62.106454 6.36
62.153830 6.36
62.222455 6.36
62.273580 6.36
62.333872 6.36
62.393351 6.36
62.456832 6.36
62.520457 6.36
62.576707 6.36
62.627334 6.36
62.691476 6.36
62.749835 6.36
62.818585 6.36
62.874335 6.01
62.932836 6.36
63.001712 0.05
63.065461 6.36
63.123837 6.36
63.192463 6.36
63.261213 6.36
63.329838 6.36
63.398481 6.36
63.456850 6.36
63.525468 6.36
63.583848 6.36
63.652467 6.36
63.710851 6.36
63.774467 6.36
63.848468 0.05
63.912093 6.36
63.967594 6.36
64.041486 6.36
64.105123 6.36
64.160470 6.36
64.224596 0.05
64.298471 6.36
64.357125 12.32
64.407097 6.36
64.457112 0.05
64.512473 6.36
64.571098 12.32
64.639724 6.36
64.703474 6.36
64.772349 0.05
64.827725 6.36
64.886353 0.05
64.941726 6.01
65.005352 6.36
65.061727 12.32
65.125477 12.32
65.189728 12.32
65.249239 6.01
65.314127 12.32
65.378010 6.36
65.431479 6.36
65.487372 6.36
65.543373 6.36
65.618239 12.32
65.669360 6.01
65.725373 6.01
65.794482 6.01
65.850371 6.36
65.906374 6.01
65.966743 6.01
66.026020 0.05
66.085017 6.01
66.154499 6.36
66.223735 6.36
66.287361 12.32
66.362258 6.36
66.420737 0.05
66.484487 0.05
66.554897 12.32
66.620363 12.32
66.689364 6.01
66.748017 6.36
66.808490 6.36
66.872615 12.32
66.941365 6.36
67.010491 12.32
67.084366 6.36
67.153367 6.36
67.213396 0.05
67.267010 6.36
67.316994 6.36
67.382399 6.36
67.436030 6.36
67.500370 6.36
67.564496 0.05
67.638260 6.36
67.685621 6.36
67.740622 6.36
67.795747 6.36
67.854372 6.36
67.923390 6.36
67.992498 6.36
68.056374 6.36
68.112124 6.36
68.170624 6.36
68.229250 6.36
68.285267 0.05
68.341265 6.36
68.397266 6.36
68.471403 6.36
68.537757 6.36
68.602022 6.36
68.658128 6.36
68.721629 0.05
68.790253 6.36
68.848631 6.36
68.907255 6.36
68.976270 6.36
69.045395 6.36
69.109381 6.36
69.173395 6.36
69.242266 6.36
69.300637 6.36
69.369262 6.36
69.427636 6.36
69.496261 6.36
69.554637 6.36
69.608886 6.36
69.664512 6.36
69.723511 6.36
69.782511 6.36
69.841387 6.36
69.905388 6.36
69.969390 6.36
70.033405 6.36
70.102407 6.36
70.166390 6.36
70.230281 6.36
70.294397 6.36
70.358391 6.36
70.417281 6.36
70.481392 6.36
70.550285 6.36
70.614286 6.36
70.683921 12.32
70.747769 6.36
70.811769 6.36
70.875923 6.36
70.939770 6.36
71.003770 6.36
71.074076 6.36
71.125295 6.36
71.189290 6.36
71.253397 6.36
71.317397 6.36
71.376398 6.36
71.451295 6.36
71.520401 6.36
71.579400 6.36
71.630025 6.01
71.688775 6.36
71.752933 6.36
71.813651 0.05
71.867418 6.36
71.931402 6.36
71.990402 6.36
72.049402 6.36
72.113419 6.36
72.177296 6.36
72.241404 6.36
72.300420 6.36
72.359297 6.01
72.423298 6.36
72.487406 6.36
72.546407 6.36
72.605282 6.36
72.669408 0.05
72.728408 6.36
72.787534 12.32
72.841534 0.05
72.895409 6.36
72.954300 6.36
73.018427 6.36
73.077411 6.36
73.136429 6.36
73.195536 6.36
73.249417 6.36
73.304540 6.36
73.358414 6.36
73.417413 6.36
73.476414 6.36
73.535415 6.36
73.599330 12.32
73.654965 6.36
73.709916 6.36
73.764945 6.36
73.828791 12.32
73.888918 6.36
73.952417 6.36
74.013194 6.36
74.070205 6.36
74.125309 6.36
74.175943 6.36
74.234944 6.36
74.294945 6.36
74.355314 6.36
74.429671 6.36
74.481200 6.36
74.545313 6.36
74.614313 6.36
74.678172 6.36
74.746799 6.36
74.821312 6.36
74.890423 6.36
74.954313 6.36
75.019549 0.05
75.080205 6.36
75.139068 0.05
75.203067 6.36
75.272067 6.36
75.341070 6.36
75.410222 12.32
75.469811 6.36
75.534076 6.36
75.598055 6.36
75.666959 6.36
75.727447 6.36
75.785959 6.36
75.846322 6.36
75.904960 6.36
75.973969 6.36
76.043433 6.36
76.102075 6.36
76.176948 6.36
76.246436 6.36
76.310077 6.36
76.374075 6.36
76.447966 6.36
76.517079 6.36
76.581076 0.05
76.636812 6.36
76.695688 6.36
76.769688 6.36
76.844078 6.36
76.917985 6.36
76.992354 6.36
77.045969 6.36
77.109973 6.36
77.179080 6.36
77.243112 6.36
77.312084 6.36
77.383107 6.36
77.447334 6.36
77.510973 6.36
77.585082 12.32
77.659337 6.36
77.717973 0.05
77.791975 0.05
77.866337 0.05
77.925089 6.36
77.989086 6.01
78.058238 0.05
78.122698 12.32
78.191957 6.01
78.256090 12.32
78.325347 6.01
78.384117 12.32
78.453702 0.05
78.522826 0.05
78.584827 6.36
78.643452 12.32
78.701827 0.05
78.755344 6.36
78.813829 0.05
78.879579 6.36
78.944830 6.36
78.999829 0.05
79.060330 6.01
79.118830 6.36
79.180455 0.05
79.239086 12.32
79.294224 6.36
79.357833 0.05
79.418347 0.05
79.481833 12.32
79.550964 12.32
79.609837 0.05
79.673834 12.32
79.729226 6.36
79.797852 12.32
79.866836 0.05
79.940836 12.32
80.009837 6.36
80.084105 0.05
80.143360 6.36
80.201963 6.36
80.275838 6.36
80.334214 6.36
80.389232 6.36
80.457847 12.32
80.526848 12.32
80.595848 6.36
80.655994 6.36
80.721466 6.36
80.779849 6.01
80.850342 12.32
80.908849 6.01
80.977997 6.01
81.052095 12.32
81.116099 6.36
81.174849 0.05
81.243849 6.01
81.312848 6.36
81.381998 6.36
81.445723 12.32
81.506347 12.32
81.561348 0.05
81.619728 6.36
81.674723 0.05
81.736349 6.36
81.794724 6.36
81.842004 6.01
81.892725 0.05
81.947863 0.05
82.011728 6.36
82.062859 6.36
82.126857 6.36
82.190729 6.36
82.237978 0.05
82.288603 0.05
82.352104 6.01
82.410729 6.01
82.457980 6.01
82.508731 12.32
82.582856 0.05
82.646860 12.32
82.720731 0.05
82.784482 6.36
82.853488 6.01
82.912126 0.05
82.970864 6.36
83.030003 6.36
83.094499 6.36
83.168752 6.36
83.238361 6.36
83.292500 6.36
83.351487 12.32
83.415492 6.36
83.481932 6.36
83.550737 6.36
83.614621 6.36
83.680365 6.36
83.735865 0.05
83.804740 6.01
83.869499 0.05
83.938905 6.01
84.003006 6.36
84.061746 6.36
84.125498 6.36
84.179386 0.05
84.244619 6.36
84.303493 6.36
84.363750 6.36
84.422494 6.36
84.475995 6.36
84.539904 6.36
84.599377 6.01
84.668746 6.36
84.732622 6.36
84.798497 6.36
84.857247 6.36
84.915874 12.32
84.966499 6.36
85.020027 0.05
85.078749 6.36
85.147925 6.36
85.206753 6.36
85.270750 6.36
85.329750 6.36
85.389054 6.36
85.442752 6.36
85.497907 6.36
85.556910 6.36
85.626004 6.36
85.689753 12.32
85.758380 6.36
85.833052 6.36
85.887507 12.32
85.952059 6.36
86.006882 6.36
86.065756 6.36
86.124921 6.36
86.189507 6.36
86.248398 6.36
86.312633 6.68
86.372760 6.68
86.427761 6.36
86.481009 6.36
86.549634 6.36
86.608010 6.68
86.676635 6.36
86.736637 6.68
86.796637 6.68
86.855012 6.68
86.923637 6.68
86.983638 6.68
87.042013 6.36
87.110638 6.36
87.170640 6.68
87.230640 6.68
87.290641 6.68
87.350641 6.36
87.403892 6.68
87.472517 6.68
87.527767 6.68
87.591643 6.68
87.660643 6.68
87.734519 6.36
87.781769 6.68
87.850520 6.68
87.909287 6.68
87.977925 6.68
88.031646 6.68
88.087412 6.68
88.146161 6.68
88.199772 6.36
88.268523 6.68
88.327292 6.68
88.391166 6.36
88.449774 6.68
88.518525 6.68
88.577291 6.36
88.651167 6.68
88.704776 6.36
88.773527 6.68
88.832295 6.68
88.901169 6.68
88.954653 6.68
89.028528 6.68
89.087293 6.36
89.151172 6.68
89.204779 6.68
89.263655 6.68
89.327656 6.36
89.396781 6.36
89.465532 6.68
89.539532 6.68
89.598300 6.68
89.668562 6.68
89.722298 6.68
89.791301 6.68
89.860302 6.68
89.929300 6.36
89.998303 6.68
90.062053 6.68
90.125786 6.68
90.189412 6.68
90.236787 6.68
90.295663 6.68
90.354663 6.68
90.418413 6.68
90.465789 6.68
90.525066 6.68
90.578665 6.68
90.637665 6.68
90.701666 6.68
90.765666 6.68
90.816435 6.68
90.885417 6.68
90.954418 6.68
91.023418 6.36
91.092418 6.68
91.161669 6.68
91.225670 6.68
91.294545 6.36
91.368670 6.68
91.432671 6.36
91.496547 6.36
91.565422 6.68
91.634673 6.68
91.698423 6.36
91.767674 6.68
91.831674 6.68
91.895550 6.68
91.964550 6.68
92.038426 6.68
92.102441 6.68
92.166552 6.68
92.230677 6.36
92.289677 6.68
92.348428 6.68
92.412429 6.68
92.476679 6.68
92.540429 6.68
92.604429 6.68
92.668680 6.68
92.732431 6.68
92.796556 6.68
92.860681 6.68
92.919557 6.68
92.983682 6.68
93.042683 6.68
93.101433 6.68
93.165684 6.68
93.224684 6.68
93.283435 6.68
93.347436 6.68
93.411561 6.68
93.475686 6.68
93.534437 6.68
93.598687 6.68
93.657563 6.68
93.717812 6.68
93.767688 6.36
93.826689 6.68
93.885689 6.68
93.944565 6.68
94.018971 6.68
94.082971 6.68
94.147081 6.36
94.207334 6.68
94.276567 6.68
94.336568 6.68
94.395443 6.68
94.459568 6.68
94.523694 6.68
94.582569 6.36
94.648472 6.68
94.712570 6.68
94.771571 6.68
94.830571 6.68
94.889697 6.68
94.948447 6.68
95.012572 6.68
95.067573 6.68
95.131463 6.68
95.200467 6.68
95.264574 6.68
95.323575 6.68
95.382575 6.68
95.441576 6.68
95.500701 6.68
95.554576 6.68
95.613577 6.36
95.672452 6.68
95.731453 6.68
95.790468 6.68
95.850579 6.68
95.905579 6.68
95.960579 6.36
96.015580 6.68
96.070580 6.68
96.125581 6.36
96.184581 6.36
96.253223 6.36
96.300457 6.36
96.364351 6.36
96.428351 6.36
96.492475 6.36
96.556584 6.36
96.625349 6.36
96.681256 6.36
96.750209 6.36
96.808585 6.36
96.877210 6.36
96.935586 6.36
97.004211 6.36
97.062587 6.36
97.131213 6.36
97.189587 6.36
97.258213 6.36
97.316588 0.05
97.385214 6.36
97.443589 6.36
97.512215 6.36
97.570590 6.36
97.639216 6.36
97.697591 6.36
97.763367 6.36
97.827230 6.36
97.896373 6.36
97.960601 6.36
98.014345 6.36
98.088851 6.36
98.163360 6.36
98.227363 6.36
98.291364 6.36
98.361479 6.36
98.430854 6.36
98.500367 6.36
98.564474 6.36
98.628599 6.36
98.678474 6.36
98.733475 6.36
98.788475 6.36
98.843476 6.36
98.898476 6.36
98.953477 6.36
99.008477 6.36
99.063478 6.36
99.118478 6.36
99.173370 6.36
99.224006 6.36
99.284009 6.36
99.339132 6.36
99.399480 6.36
99.454498 6.36
99.509481 6.36
99.564481 6.36
99.634011 6.36
99.694606 6.36
99.744374 6.36
99.808374 6.36
99.877126 6.36
99.946376 6.36
100.010484 6.36
100.079868 6.36
100.154378 6.36
100.218486 6.36
100.284265 6.36
100.350267 6.36
100.419130 6.36
100.483014 6.36
100.548738 6.36
100.607738 6.36
100.677256 6.36
100.741365 6.36
100.800383 6.36
100.859383 0.05
100.918366 6.36
100.977491 6.36
101.031383 6.36
101.090384 6.36
101.149493 6.36
101.203385 6.36
101.262383 6.36
101.321494 6.36
101.375386 6.36
101.430496 6.36
101.484387 6.36
101.543496 6.36
101.593386 6.36
101.662746 6.36
101.718903 6.36
101.769902 6.36
101.824901 6.36
101.875902 6.36
101.926904 6.36
101.986904 6.36
102.037905 0.05
102.092904 6.36
102.143905 6.36
102.203906 6.36
102.258893 6.36
102.322391 6.36
102.377392 6.36
102.432393 6.36
102.487393 6.36
102.551503 6.36
102.610396 6.36
102.674379 6.36
102.733396 6.36
102.797505 6.36
102.861911 0.05
102.922630 6.36
102.983274 6.36
103.047397 12.32
103.113161 6.36
103.182910 6.36
103.243508 6.36
103.297276 6.36
103.361759 6.36
103.422509 6.36
103.476403 6.36
103.530039 6.36
103.599636 0.05
103.655403 6.36
103.709403 6.36
103.763404 6.36
103.817405 6.36
103.871040 6.36
103.926278 6.36
103.981281 6.36
104.040407 6.36
104.099041 6.36
104.162919 6.36
104.228515 6.36
104.292766 0.05
104.356641 12.32
104.425641 6.36
104.494517 6.36
104.554643 6.36
104.628643 6.36
104.692394 6.36
104.745925 6.36
104.815019 6.36
104.884020 6.36
104.953021 6.36
105.022021 6.36
105.085927 6.36
105.154927 6.36
105.223928 0.05
105.292928 6.36
105.361927 6.36
105.430928 6.36
105.499930 6.36
105.568931 6.36
105.637929 6.36
105.706931 6.36
105.775931 6.36
105.844932 6.36
105.913932 6.36
105.982933 6.36
106.051932 6.36
106.120931 6.36
106.189932 6.36
106.259298 6.36
106.327934 6.36
106.402296 6.36
106.465938 6.36
106.540298 6.36
106.609782 6.36
106.673533 6.36
106.742659 6.36
106.811534 6.36
106.880660 6.36
106.949660 6.36
107.009786 6.36
107.071786 6.36
107.133787 6.36
107.195787 6.36
107.256304 0.05
107.314943 6.36
107.384055 6.36
107.442789 6.36
107.503306 6.36
107.556790 6.36
107.622541 6.36
107.681306 6.36
107.739943 6.36
107.803946 6.36
107.867946 6.36
107.932071 6.36
107.990793 6.36
108.065669 6.36
108.124668 6.36
108.183544 6.36
108.242310 6.36
108.295948 6.36
108.360550 6.36
108.435076 6.36
108.493952 6.36
108.557797 6.36
108.632673 6.36
108.691423 6.01
108.750315 6.36
108.808953 6.36
108.872799 6.36
108.947675 6.36
109.006550 6.36
109.075953 6.36
109.140081 6.36
109.204081 6.36
109.262802 6.36
109.337678 6.36
109.396428 6.36
109.461958 6.36
109.520958 6.36
109.584804 6.36
109.659680 6.36
109.718431 6.36
109.778835 6.36
109.842959 6.36
109.901807 6.36
109.960808 6.36
110.019808 6.36
110.083808 6.36
110.142809 6.36
110.206809 6.36
110.265810 6.36
110.329810 6.36
110.388811 6.36
110.452811 6.36
110.511812 6.36
110.575812 6.36
110.634812 6.36
110.698813 12.32
110.757814 6.36
110.821814 6.36
110.880814 6.36
110.944815 6.36
111.003815 6.36
111.067815 6.36
111.126816 6.36
111.190816 6.36
111.249817 12.32
111.313818 12.32
111.372818 6.36
111.436818 6.36
111.500693 0.05
111.559068 6.36
111.627694 6.36
111.686070 6.36
111.754694 6.36
111.813071 6.36
111.881696 12.32
111.940071 6.36
112.008696 6.36
112.067072 6.36
112.135697 6.36
112.194073 0.05
112.262698 6.36
112.322700 6.36
112.382700 6.36
112.442701 6.36
112.502701 0.05
112.562701 6.36
112.622702 6.36
112.675952 6.36
112.741077 12.32
112.809702 6.36
112.869327 6.36
112.937954 6.36
113.006578 6.36
113.061579 6.36
113.112705 6.36
113.176206 6.36
113.234580 6.36
113.281831 6.36
113.332457 6.36
113.395958 0.05
113.464583 6.36
113.511833 6.36
113.562458 6.36
113.625959 6.36
113.694584 6.36
113.752960 6.36
113.821585 6.36
113.879960 6.36
113.948586 6.36
114.006961 6.36
114.075587 6.36
114.133963 6.36
114.202588 6.36
114.260963 0.05
114.329588 6.36
114.387964 6.36
114.456589 6.36
114.514965 6.36
114.583590 6.36
114.641966 12.32
114.710591 6.36
114.768966 6.36
114.837592 6.36
114.895967 6.36
114.964593 6.36
115.024606 6.36
115.084597 6.36
115.144597 12.32
115.202970 12.32
115.271596 6.36
115.342000 6.36
115.395723 6.36
115.464473 12.32
115.511723 6.36
115.566728 0.05
115.631133 6.36
115.691632 6.36
115.745129 6.36
115.809120 6.36
115.868381 6.36
115.927101 6.36
115.985477 6.36
116.050855 6.36
116.109856 6.36
116.168480 6.36
116.215855 6.36
116.270050 6.36
116.323729 6.36
116.392605 6.36
116.466480 6.36
116.525106 6.36
116.578731 6.36
116.638607 6.36
116.707482 6.36
116.766123 6.36
116.819733 6.36
116.888483 6.36
116.952279 6.36
117.026484 6.36
117.095735 6.36
117.161014 6.36
117.214611 6.36
117.283736 6.36
117.352616 6.36
117.421487 6.36
117.479902 6.36
117.538613 6.36
117.612489 6.36
117.676117 6.36
117.741615 6.36
117.805615 6.36
117.874616 6.36
117.944900 6.36
117.998617 6.36
118.067367 6.36
118.126243 6.36
118.195618 6.36
118.264619 6.36
118.328619 6.36
118.387495 6.36
118.461745 6.36
118.525370 6.36
118.576746 6.36
118.635621 6.36
118.699497 6.36
118.763623 6.36
118.827498 6.36
118.883373 6.36
118.939749 6.36
118.993624 6.36
119.062749 6.36
119.126375 6.36
119.195625 6.36
119.254626 6.36
119.318626 12.32
119.377502 6.36
119.446396 6.36
119.515628 6.36
119.584628 6.36
119.648628 6.36
119.717504 6.36
119.786630 6.36
119.850381 6.36
119.924381 6.36
119.993631 6.36
120.057389 6.36
120.131383 6.36
120.201388 6.36
120.265511 6.36
120.334385 6.36
120.398634 6.36
120.467385 6.36
120.531515 6.36
120.595386 6.36
120.664511 6.36
120.728636 6.36
120.787513 12.32
120.851388 6.36
120.915263 6.36
120.973916 6.36
121.029029 6.36
121.080281 6.36
121.140920 6.36
121.204918 6.36
121.273920 6.36
121.342921 6.36
121.411922 6.36
121.475922 6.36
121.541283 6.36
121.588768 6.36
121.642394 6.36
121.706287 6.36
121.762305 6.36
121.818287 6.36
121.882412 6.36
121.951285 6.36
122.007288 6.36
122.081411 6.36
122.137163 6.36
122.195927 6.36
122.259926 6.36
122.323928 6.36
122.387928 6.36
122.451930 6.36
122.515928 6.36
122.574930 6.36
122.638931 6.36
122.702932 6.36
122.772777 6.36
122.826417 6.36
122.895403 6.36
122.959539 6.36
123.018404 6.36
123.084432 6.36
123.143295 6.36
123.207296 6.36
123.271423 6.36
123.335408 12.32
123.399423 6.36
123.463548 6.36
123.522422 6.36
123.591783 6.36
123.652298 6.36
123.713315 6.36
123.782159 6.36
123.842284 6.36
123.902285 6.36
123.962301 6.36
124.015535 6.36
124.084161 6.36
124.135286 6.36
124.189786 6.36
124.248162 6.36
124.303162 6.36
124.358163 6.36
124.413164 6.36
124.464290 6.36
124.527789 6.36
124.586165 6.36
124.633416 6.36
124.684040 6.36
124.747541 6.36
124.816166 6.36
124.863429 6.36
124.914042 6.36
124.982792 6.36
125.041168 6.36
125.099543 6.36
125.168169 6.36
125.226544 6.36
125.295172 6.36
125.358796 6.36
125.422951 6.36
125.493672 6.36
125.547315 6.36
125.611440 6.36
125.685798 6.36
125.755315 6.36
125.824425 6.36
125.883300 6.36
125.947425 0.05
126.006430 6.36
126.065302 6.36
126.129427 6.36
126.188428 6.36
126.257805 6.36
126.318428 6.36
126.377446 6.36
126.436446 6.36
126.495554 6.36
126.549436 6.36
126.603447 6.36
126.662447 6.36
126.721556 6.36
126.775556 6.36
126.829432 6.36
126.888557 6.36
126.942557 6.36
126.992328 6.36
127.050808 6.36
127.110965 6.36
127.169684 6.36
127.223075 6.36
127.281434 6.36
127.336455 6.36
127.400075 6.36
127.447447 6.36
127.511077 6.36
127.571448 6.36
127.626452 6.36
127.686951 6.36
127.750439 6.36
127.810689 6.36
127.860314 6.36
127.919940 6.36
127.983439 6.36
128.052065 6.36
128.110440 6.36
128.179066 6.36
128.237442 6.36
128.301067 6.36
128.359580 6.36
128.423068 6.36
128.481447 6.36
128.550069 6.36
128.608444 6.36
128.677069 6.36
128.735446 6.36
128.804070 6.36
128.864197 6.36
128.917446 6.36
128.986072 6.36
129.046213 6.36
129.101200 6.36
129.156075 6.36
129.211074 6.36
129.271080 6.36
129.329449 6.36
129.398075 6.36
129.457700 6.36
129.509077 6.36
129.569077 6.36
129.629080 6.36
129.689078 6.36
129.742338 6.36
129.810954 6.36
129.865954 6.36
129.920954 6.36
129.972216 6.36
130.045955 6.36
130.093205 6.36
130.142580 6.36
130.200969 6.36
130.259332 6.36
130.327957 6.36
130.386332 6.36
130.449959 6.36
130.508333 6.36
130.576959 6.36
130.635334 6.36
130.703960 6.36
130.762348 6.36
130.830960 6.36
130.889336 6.36
130.957961 6.36
131.016336 6.36
131.084962 6.36
131.143337 6.36
131.211964 6.36
131.270339 6.36
131.338976 6.36
131.397340 6.36
131.465965 6.36
131.524341 6.36
131.592967 6.36
131.651342 12.32
131.719967 6.36
131.780093 6.36
131.835094 6.36
131.890094 6.36
131.945095 6.36
131.999970 6.36
132.059971 6.36
132.119971 6.36
132.179972 6.36
132.239972 6.36
132.299972 6.36
132.359978 6.36
132.419973 6.36
132.483479 6.36
132.538348 6.36
132.601869 6.36
132.661974 6.36
132.716610 12.32
132.785225 6.36
132.848854 6.36
132.896100 6.36
132.946737 6.36
133.010226 6.36
133.078855 6.36
133.126102 6.36
133.176739 6.36
133.240228 6.36
133.303854 6.36
133.362229 6.36
133.430857 12.32
133.489230 6.36
133.552857 0.05
133.611231 6.36
133.679859 6.36
133.738232 6.36
133.806858 6.36
133.865233 6.36
133.933859 0.05
133.992234 6.36
134.060860 6.36
134.119235 0.05
134.182861 0.05
134.241236 6.36
134.309872 6.36
134.368236 6.36
134.431999 6.36
134.502362 6.36
134.565864 6.36
134.624239 6.36
134.692864 12.32
134.752990 6.36
134.807866 6.36
134.867868 6.36
134.927866 6.36
134.987881 6.36
135.047867 6.36
135.111378 6.36
135.174868 6.36
135.238368 6.36
135.296743 6.36
135.351996 6.36
135.410745 6.36
135.469371 6.36
135.527872 6.36
135.591746 6.36
135.648384 6.36
135.701873 6.36
135.766137 6.36
135.824875 6.36
135.883749 6.36
135.945749 6.36
136.007749 6.36
136.071906 6.36
136.130750 6.36
136.196626 6.36
136.260501 6.36
136.324627 6.36
136.394030 6.36
136.457909 6.36
136.521879 6.36
136.591136 6.36
136.649880 6.36
136.714034 6.36
136.772880 6.36
136.837023 6.36
136.895756 6.36
136.965147 0.05
137.029036 6.36
137.093147 6.36
137.157151 6.36
137.215885 6.36
137.280061 12.32
137.339010 6.36
137.403013 6.36
137.466760 0.05
137.536039 6.36
137.599887 6.36
137.654887 6.36
137.719039 6.36
137.777918 6.36
137.841763 6.36
137.906041 6.36
137.970527 6.36
138.035521 6.36
138.094929 6.36
138.153968 6.36
138.212766 6.36
138.271766 6.36
138.335766 6.36
138.391020 6.36
138.451530 6.36
138.510518 6.36
138.569654 6.36
138.633769 6.36
138.694152 6.36
138.749396 6.36
138.808413 6.36
138.872521 6.36
138.926658 6.36
138.987149 6.36
139.042523 6.36
139.101412 6.36
139.165655 6.36
139.229648 6.36
139.288399 6.36
139.352413 6.36
139.416653 6.36
139.480902 6.36
139.545026 6.36
139.603776 6.36
139.675171 6.36
139.728776 6.36
139.792904 6.36
139.856778 12.32
139.920778 6.36
139.979778 6.36
140.038782 6.36
140.102781 6.36
140.166909 6.36
140.220907 6.36
140.277784 6.36
140.341908 6.36
140.398791 6.36
140.462784 6.36
140.522540 6.36
140.582913 6.36
140.643536 6.36
140.694785 6.36
140.758916 6.36
140.817537 6.36
140.878427 6.36
140.942425 6.36
141.012182 6.36
141.076302 6.36
141.140663 6.36
141.204801 6.36
141.269182 6.36
141.322930 6.36
141.376789 6.36
141.427539 6.36
141.493790 6.36
141.544415 6.36
141.608666 6.36
141.672672 6.36
141.742183 6.36
141.806433 6.36
141.866668 6.36
141.930797 6.36
141.989670 6.36
142.059420 6.36
142.117920 6.36
142.176546 6.36
142.250796 6.36
142.314546 6.36
142.383796 6.36
142.448319 6.36
142.512314 6.36
142.576548 6.36
142.635461 6.36
142.694801 6.36
142.753690 6.36
142.812799 6.36
142.876675 6.36
142.940551 6.36
143.009801 6.36
143.073677 6.36
143.134694 6.36
143.193679 6.36
143.262553 6.36
143.331678 6.36
143.396324 6.36
143.460322 6.36
143.520564 6.36
143.584820 12.32
143.640565 6.36
143.694196 6.36
143.754587 6.36
143.808199 6.36
143.872327 6.36
143.931325 6.36
143.990086 6.36
144.043434 6.36
144.100452 6.36
144.147809 6.36
144.206560 6.36
144.261202 6.36
144.319810 6.36
144.373562 6.36
144.429458 6.36
144.485454 6.36
144.541478 6.36
144.611211 6.36
144.670358 6.36
144.723813 6.36
144.787826 6.36
144.841817 6.36
144.900830 6.36
144.954691 6.36
145.018706 6.36
145.083333 6.36
145.137080 6.36
145.201083 6.36
145.254443 6.36
145.323568 6.36
145.392569 6.36
145.456569 6.36
145.525698 6.36
145.589572 6.36
145.656696 6.36
145.725446 6.36
145.789698 6.36
145.853575 6.36
145.917447 6.36
145.981700 0.05
146.040700 6.36
146.099835 6.36
146.153574 0.05
146.224461 6.36
146.279451 0.05
146.338361 12.32
146.412456 6.01
146.476705 6.36
146.535454 6.36
146.595578 6.36
146.654578 6.36
146.718956 6.36
146.772704 6.36
146.845454 6.36
146.909455 6.36
146.968097 6.36
147.028236 6.36
147.087096 6.36
147.150706 6.36
147.205215 6.36
147.263959 6.36
147.328100 6.36
147.386708 6.36
147.450712 6.36
147.509585 6.36
147.560240 6.36
147.624102 6.36
147.689381 6.36
147.763726 6.36
147.813587 6.36
147.888099 6.36
147.962714 6.36
148.022119 6.36
148.085713 6.36
148.144714 6.36
148.208340 6.36
148.291118 6.36
148.359966 6.36
148.420358 6.36
148.484254 6.36
148.544716 6.36
148.603471 6.36
148.662592 6.36
148.726723 6.36
148.780344 6.36
148.838997 6.36
148.894471 6.36
148.958598 6.36
149.017362 6.36
149.087106 6.36
149.141004 6.36
149.201866 6.36
149.251972 6.36
149.303387 6.36
149.362601 6.36
149.421474 6.36
149.480364 6.36
149.544612 6.36
149.609011 6.36
149.664481 6.36
149.721005 6.36
149.776023 6.36
149.840604 6.36
149.899603 6.36
149.954857 6.36
150.018856 6.36
150.105007 6.36
150.165132 6.36
150.220132 6.36
150.274044 6.36
150.340153 6.36
150.391126 6.36
150.442141 6.36
150.497482 6.36
150.561482 6.36
150.625482 6.36
150.684610 6.36
150.743612 6.36
150.807859 6.36
150.872261 6.36
150.931487 6.36
150.996124 6.36
151.055490 6.36
151.114614 6.36
151.183863 6.36
151.243061 6.36
151.307487 6.36
151.366363 6.36
151.430615 6.36
151.484364 6.36
151.550368 6.36
151.614493 6.36
151.673366 6.36
151.737615 6.36
151.796366 6.36
151.865622 6.36
151.930027 6.36
151.994395 6.36
152.058873 6.36
152.128631 6.36
152.183045 6.36
152.254886 6.36
152.324497 6.36
152.383498 6.36
152.447886 6.36
152.508281 6.36
152.568046 6.36
152.627498 6.36
152.682623 6.36
152.736498 6.36
152.791498 6.36
152.846499 6.36
152.910503 6.36
152.969376 6.36
153.029142 6.36
153.089271 6.36
153.149628 6.36
153.199376 6.36
153.259130 6.36
153.323505 6.36
153.393163 6.36
153.453883 6.36
153.510031 6.36
153.575059 6.36
153.636384 6.36
153.695899 6.36
153.760382 6.36
153.819758 6.36
153.885757 6.36
153.946900 6.36
154.017757 6.36
154.087273 6.36
154.157773 6.36
154.222509 6.36
154.276151 6.36
154.345153 6.36
154.414152 6.36
154.488041 6.36
154.550262 6.36
154.609153 6.36
154.673521 6.36
154.732929 6.36
154.797527 6.36
154.856516 6.36
154.910156 12.32
154.979031 0.05
155.034530 6.36
155.090143 6.36
155.159282 6.36
155.220416 6.36
155.274392 6.36
155.333392 12.32
155.397159 6.36
155.471161 6.36
155.540402 6.36
155.599771 6.36
155.669311 6.36
155.739399 6.36
155.798415 6.36
155.862775 6.36
155.928412 6.36
155.987772 6.36
156.062442 6.36
156.121397 6.36
156.190943 6.36
156.246026 6.36
156.315169 6.36
156.389652 6.36
156.443539 6.36
156.518907 6.36
156.572916 6.36
156.642779 6.36
156.706780 6.36
156.770653 6.36
156.831665 6.36
156.901171 6.36
156.970424 6.36
157.029407 6.36
157.093918 6.36
157.172031 6.36
157.246031 6.36
157.320157 6.36
157.389174 6.36
157.458032 6.36
157.522077 6.36
157.586050 6.36
157.650049 6.36
157.713910 6.36
157.767535 6.36
157.817426 6.36
157.876053 0.05
157.940051 6.36
158.004056 6.36
158.068055 6.36
158.132057 6.36
158.201057 6.36
158.265054 6.36
158.334423 6.36
158.389667 12.32
158.453793 6.36
158.512540 6.36
158.572541 6.36
158.627669 6.36
158.692952 6.36
158.763316 6.36
158.832683 0.05
158.902670 6.36
158.972063 6.36
159.036184 6.36
159.100191 6.36
159.164672 6.36
159.235807 6.36
159.295317 6.36
159.359808 6.36
159.429301 6.36
159.498800 6.36
159.554080 6.36
159.615085 6.36
159.674084 6.36
159.733207 6.36
159.813803 6.36
159.867811 6.36
159.932683 6.36
159.999057 6.36
160.058084 6.36
160.117333 6.36
160.176681 6.36
160.246074 6.36
160.309930 6.36
160.379691 6.36
160.433197 6.36
160.486934 6.36
160.546078 6.36
160.601322 6.36
160.660689 6.36
160.730686 6.36
160.795689 6.36
160.856078 6.36
160.915214 6.36
160.969691 6.36
161.025208 6.36
161.078812 6.36
161.139823 6.36
161.205815 6.36
161.253331 6.36
161.303566 6.36
161.378689 6.36
161.451695 6.36
161.516336 6.36
161.575575 6.36
161.650703 6.36
161.715697 6.36
161.785694 6.36
161.855820 6.36
161.930702 6.36
162.014697 6.36
162.079697 6.36
162.138569 6.36
162.213820 6.36
162.283213 6.36
162.342571 6.36
162.401211 6.36
162.454988 6.36
162.519339 6.36
162.578697 6.36
162.637696 6.36
162.696572 6.36
162.760698 6.36
162.820233 6.36
162.873952 6.36
162.938231 6.36
162.993966 6.36
163.058714 6.36
163.114095 6.36
163.172827 6.36
163.237330 6.36
163.290828 6.36
163.354986 6.36
163.413981 6.36
163.484830 6.36
163.548983 6.36
163.607954 6.36
163.666828 6.36
163.736466 6.36
163.796706 6.36
163.862956 6.36
163.926831 6.36
163.982349 6.36
164.040853 6.36
164.104710 6.36
164.157473 6.36
164.216466 6.36
164.285711 6.36
164.355593 6.36
164.414962 6.36
164.484599 6.36
164.549717 6.36
164.619868 6.36
164.684341 6.36
164.754255 6.36
164.819092 6.36
164.882714 6.36
164.965466 6.36
165.029475 6.36
165.098713 6.36
165.157119 6.36
165.220847 6.36
165.284970 6.36
165.349467 6.36
165.414242 6.36
165.491968 6.36
165.551471 6.36
165.615470 6.36
165.684851 6.36
165.748719 6.36
165.817721 6.36
165.886996 6.36
165.950850 6.36
166.010020 6.36
166.069471 6.36
166.133601 6.36
166.192725 6.36
166.257599 6.36
166.318481 6.36
166.373727 6.36
166.443602 6.36
166.505148 6.36
166.555020 6.36
166.610486 6.36
166.675264 6.36
166.753484 6.36
166.809029 6.36
166.863489 6.36
166.923028 6.36
166.977491 6.36
167.037025 6.36
167.096486 6.36
167.155372 6.36
167.233485 6.36
167.292372 6.36
167.356378 6.36
167.421024 6.36
167.474734 6.36
167.553133 6.36
167.631490 6.36
167.696491 6.36
167.755743 6.36
167.825039 6.36
167.879500 6.36
167.940496 6.36
167.996008 6.36
168.052054 6.36
168.102494 6.36
168.161864 6.36
168.233742 6.36
168.289010 6.36
168.343373 6.36
168.402870 6.36
168.457390 6.36
168.516741 6.36
168.587116 6.36
168.640741 6.36
168.715873 6.36
168.784490 6.36
168.843387 6.36
168.901868 6.36
168.966386 6.36
169.029869 6.36
169.089136 6.36
169.158369 6.36
169.214499 6.36
169.265872 12.32
169.324623 6.36
169.389996 6.36
169.448636 0.05
169.513143 6.36
169.582270 6.36
169.642371 6.36
169.705873 6.36
169.774623 12.32
169.839513 6.36
169.895139 6.36
169.948749 6.36
170.007754 6.36
170.066752 12.32
170.135506 6.36
170.204754 12.32
170.269296 6.36
170.333257 6.36
170.401880 6.36
170.465629 6.36
170.530152 6.36
170.588882 6.36
170.648388 6.36
170.712885 6.36
170.785413 6.36
170.838883 6.36
170.907632 6.36
170.976636 6.36
171.051148 6.36
171.121664 6.36
171.175154 6.36
171.244153 6.36
171.313156 6.36
171.378636 6.36
171.437155 6.36
171.500888 6.36
171.564512 6.36
171.624515 6.36
171.683889 6.36
171.742513 6.36
171.806904 6.36
171.860766 6.36
171.921087 6.36
171.985768 6.36
172.044530 6.36
172.104143 6.36
172.150142 6.36
172.219148 6.36
172.282768 6.36
172.342292 6.36
172.401145 6.36
172.465298 6.36
172.520521 6.36
172.576399 6.36
172.628292 6.36
172.681772 6.36
172.740532 6.36
172.806529 6.36
172.870525 6.36
172.939779 6.36
173.004296 6.36
173.058150 6.36
173.122191 6.36
173.191399 6.36
173.261302 6.36
173.331153 6.36
173.400409 6.36
173.470298 6.36
173.531597 6.36
173.601157 6.36
173.675031 6.36
173.735656 6.36
173.805659 6.36
173.865302 6.36
173.926600 6.36
173.986286 6.36
174.051314 6.36
174.112788 6.36
174.168566 6.36
174.228164 6.36
174.294570 6.36
174.354310 6.36
174.415797 6.36
174.475669 6.36
174.530059 6.36
174.593665 6.36
174.663289 6.36
174.714420 6.36
174.773164 6.36
174.832676 12.32
174.888184 0.05
174.948297 6.36
175.003288 6.36
175.058677 6.36
175.123078 6.36
175.187554 6.36
175.242917 6.36
175.306919 12.32
175.367541 0.05
175.431290 6.36
175.487196 6.36
175.540667 6.36
175.605079 6.36
175.668920 6.36
175.722545 6.36
175.786418 6.36
175.856189 6.36
175.914925 6.36
175.975451 6.36
176.039924 6.36
176.104555 6.36
176.165319 6.36
176.240557 6.36
176.315428 6.36
176.380205 6.36
176.441680 6.36
176.501093 6.36
176.560553 6.36
176.621460 6.36
176.681183 6.36
176.746220 6.36
176.807682 6.36
176.866931 6.36
176.936444 6.36
177.005677 6.36
177.064552 6.36
177.123427 6.36
177.187553 6.36
177.246932 6.36
177.311563 6.36
177.366100 6.36
177.430570 6.36
177.485214 6.36
177.551445 6.36
177.612818 6.36
177.683101 6.36
177.756445 6.36
177.821102 6.36
177.881134 6.36
177.945945 6.36
177.997069 6.36
178.056221 6.01
178.122126 6.36
178.187112 6.36
178.246576 6.36
178.301211 6.36
178.366105 6.36
178.417085 6.36
178.482103 6.36
178.537574 6.36
178.592119 6.36
178.651694 6.36
178.707219 6.36
178.773087 6.36
178.832700 6.36
178.903118 6.36
178.964579 6.36
179.019121 6.36
179.089236 6.36
179.159580 6.36
179.213573 6.36
179.282331 6.36
179.337697 6.36
179.410956 6.36
179.472327 6.36
179.536572 6.36
179.596126 6.36
179.665449 6.36
179.724953 6.36
179.789584 6.36
179.843953 6.36
179.908452 6.36
179.962957 6.36
180.022582 6.36
180.076974 6.36
180.136221 6.36
180.195222 6.36
180.269956 6.36
180.323704 6.36
180.382964 6.36
180.436704 6.36
180.490589 6.36
180.546085 6.36
180.607114 6.36
180.668465 6.36
180.722835 6.36
180.801479 6.36
180.855835 6.36
180.925967 6.36
180.990838 6.36
181.057034 6.36
181.121964 6.36
181.186973 6.36
181.251967 6.36
181.307471 6.36
181.361719 6.36
181.431473 6.36
181.486130 6.36
181.556091 6.36
181.622349 6.36
181.688967 6.36
181.754037 6.36
181.831293 6.36
181.891116 6.36
181.966603 6.36
182.028028 6.36
182.089470 6.36
182.154388 6.36
182.213859 6.36
182.283856 6.36
182.353123 6.36
182.418024 6.36
182.484238 6.36
182.548486 6.36
182.612855 6.36
182.682477 6.36
182.741719 6.36
182.807848 6.36
182.872131 6.36
182.933124 6.36
182.992857 6.36
183.059163 6.36
183.123725 6.36
183.188041 6.36
183.258354 6.36
183.322866 6.01
183.387870 0.05
183.452868 6.36
183.514375 6.36
183.568353 6.36
183.627379 6.36
183.686130 6.36
183.745024 6.36
183.814352 0.05
183.873374 6.36
183.928481 6.36
183.982135 6.36
184.046860 6.36
184.105864 6.36
184.161380 6.36
184.225731 6.36
184.289373 12.32
184.353007 6.36
184.422485 12.32
184.486012 6.36
184.550381 6.36
184.609110 6.36
184.678877 6.36
184.743370 6.36
184.802745 6.36
184.873033 6.36
184.942878 6.36
185.007366 6.36
185.061748 6.36
185.126887 6.36
185.196749 6.36
185.266496 6.36
185.341878 6.36
185.401494 6.36
185.457152 6.36
185.518161 6.36
185.582366 6.36
185.646743 6.36
185.711280 6.36
185.765748 6.36
185.824745 6.36
185.883752 6.36
185.948026 6.36
186.013754 6.36
186.073266 6.36
186.132016 6.36
186.196622 6.36
186.271757 6.36
186.336625 6.36
186.395759 6.36
186.460756 6.36
186.530750 6.36
186.595757 6.36
186.660395 6.36
186.719749 6.36
186.783764 6.36
186.843503 6.36
186.898501 6.36
186.948758 6.36
187.008380 6.36
187.074507 6.36
187.124258 6.36
187.193627 6.36
187.268020 6.36
187.332038 6.36
187.401630 6.36
187.476037 6.36
187.545757 6.36
187.601051 6.36
187.660273 6.36
187.714135 6.36
187.778280 6.36
187.842008 6.36
187.902884 6.36
187.977648 6.36
188.039075 6.36
188.098762 6.36
188.163658 6.36
188.223390 6.36
188.282771 6.36
188.344290 6.36
188.398642 6.36
188.457515 6.36
188.526637 6.36
188.596043 6.36
188.665143 6.36
188.724766 6.36
188.783653 6.36
188.848646 6.36
188.907518 6.36
188.977652 6.36
189.033145 6.36
189.097520 6.36
189.161408 6.36
189.221648 6.36
189.281769 6.36
189.329302 6.36
189.384522 6.36
189.448771 6.36
189.513296 6.36
189.559290 6.36
189.618655 6.36
189.683651 6.36
189.753780 12.32
189.817931 6.36
189.882655 6.36
189.943026 6.36
190.002306 6.36
190.072782 6.36
190.142786 6.36
190.213158 6.36
190.272970 6.36
190.348784 6.36
190.424307 6.36
190.489303 6.36
190.554309 6.36
190.619304 6.36
190.685288 6.36
190.748783 6.36
190.807156 6.36
190.875778 6.36
190.934154 6.36
191.002778 6.36
191.061154 6.36
191.129779 12.32
191.189919 6.36
191.244936 6.36
191.308936 6.36
191.372783 6.36
191.447658 6.36
191.501285 6.36
191.560198 6.36
191.610413 6.36
191.670945 6.36
191.739668 6.36
191.794956 6.36
191.853953 6.36
191.913543 6.36
191.968825 0.05
192.028550 6.36
192.088062 6.36
192.147674 6.36
192.219672 6.36
192.286068 6.36
192.350797 6.36
192.414675 6.36
192.478675 0.05
192.559553 6.36
192.624676 6.36
192.690674 6.36
192.752194 6.36
192.811420 6.36
192.886550 12.32
192.956053 6.36
193.011800 6.36
193.070797 6.36
193.139677 6.36
193.198050 6.36
193.266683 6.36
193.336555 6.36
193.406247 6.36
193.475801 12.32
193.540068 6.36
193.595680 6.36
193.664964 6.36
193.729302 6.36
193.787688 6.36
193.846059 0.05
193.904971 0.05
193.966034 6.36
194.021811 6.36
194.091446 6.36
194.155682 6.36
194.230566 6.36
194.291940 0.05
194.350946 6.36
194.414692 6.36
194.474330 6.36
194.544570 6.36
194.605563 6.36
194.658817 6.36
194.728984 6.36
194.788570 6.36
194.854817 6.36
194.905952 6.36
194.964685 6.36
195.038560 6.36
195.085810 6.36
195.144561 6.36
195.191813 6.36
195.242437 6.36
195.305966 6.36
195.369690 6.36
195.443814 6.36
195.507691 6.36
195.581689 6.36
195.655691 6.36
195.729565 6.36
195.788337 6.36
195.852207 6.36
195.905816 6.36
195.964568 6.36
196.033982 6.36
196.087695 6.36
196.151959 6.36
196.211573 6.36
196.280696 6.36
196.345581 6.36
196.420342 6.36
196.479461 6.36
196.543986 6.36
196.598353 6.36
196.663455 6.36
196.722828 6.36
196.778452 6.36
196.837701 6.36
196.897465 6.36
196.960623 6.36
197.021625 6.36
197.081349 6.36
197.145342 6.36
197.199452 6.36
197.254702 6.36
197.323704 6.36
197.383828 6.36
197.443362 6.36
197.498331 6.36
197.567464 6.36
197.628836 6.36
197.682581 6.36
197.748499 6.36
197.812097 6.36
197.870585 6.36
197.934456 6.36
197.996124 6.36
198.049708 6.36
198.118584 6.36
198.182711 6.36
198.241587 6.36
198.311233 6.36
198.367374 6.36
198.426365 6.36
198.477354 6.36
198.536232 6.36
198.606249 6.36
198.673655 6.36
198.733364 6.36
198.792717 6.36
198.857726 6.36
198.922483 6.36
198.992511 6.36
199.062359 6.36
199.121852 6.36
199.181472 6.36
199.246382 6.36
199.311351 6.36
199.381384 6.36
199.446372 6.36
199.507874 6.36
199.562385 6.36
199.618350 6.36
199.683374 6.36
199.744727 6.36
199.809376 6.36
199.866861 6.36
199.926352 6.36
199.985735 6.36
200.041476 6.36
200.100863 6.36
200.156481 6.36
200.215869 6.36
200.271625 6.36
200.327104 6.36
200.397400 6.36
200.463488 6.36
200.523266 6.36
200.584255 6.36
200.643730 6.36
200.708120 6.36
200.777016 6.36
200.837497 6.36
200.901603 6.36
200.961733 6.36
201.016729 6.36
201.086382 6.36
201.150483 6.36
201.220367 6.36
201.285130 6.36
201.341620 6.36
201.406367 6.36
201.471265 6.36
201.531051 6.36
201.600739 6.36
201.665272 6.36
201.724735 6.36
201.789022 6.36
201.858485 6.36
201.927736 6.36
201.997128 6.36
202.061140 6.36
202.125014 6.36
202.185488 6.36
202.251521 6.36
202.310488 6.36
202.374739 6.36
202.428739 6.36
202.484529 6.36
202.543492 6.36
202.613121 6.36
202.672495 6.36
202.737128 6.36
202.807124 6.36
202.866631 6.36
202.927505 6.36
202.987267 6.36
203.052050 6.36
203.122124 6.36
203.177266 6.36
203.238501 6.36
203.302748 6.36
203.358396 6.36
203.422637 6.36
203.483411 6.36
203.543626 6.36
203.603079 6.36
203.662755 6.36
203.708753 6.36
203.764002 6.36
203.829269 6.36
203.893774 6.36
203.949132 6.36
204.003030 6.36
204.074930 6.36
204.131516 6.36
204.187137 6.36
204.257133 6.36
204.317204 6.36
204.378635 0.05
204.442929 6.36
204.512922 12.32
204.577509 6.36
204.636885 6.36
204.690771 6.36
204.747061 6.36
204.813425 6.36
204.873147 6.36
204.932387 12.32
204.997070 6.36
205.058437 6.36
205.118064 6.36
205.184428 6.36
205.243388 6.36
205.309415 6.36
205.368386 6.36
205.434416 6.36
205.493402 6.36
205.559293 6.36
205.618403 6.36
205.682896 6.36
205.738172 6.36
205.804270 6.36
205.864393 6.36
205.924177 6.36
205.989145 6.36
206.045150 6.36
206.106650 6.36
206.161770 6.36
206.222422 6.36
206.287058 6.36
206.345934 6.36
206.406410 6.36
206.470523 6.36
206.530898 6.36
206.595189 6.36
206.665167 6.36
206.730934 6.36
206.791526 6.36
206.850416 6.36
206.920656 6.36
206.976047 6.36
207.035659 6.36
207.091175 6.36
207.157104 6.36
207.218658 6.36
207.288966 6.36
207.348663 6.36
207.413531 6.36
207.480348 6.36
207.545052 6.36
207.606334 6.36
207.671429 6.36
207.732279 6.36
207.785528 6.36
207.854156 6.36
207.914283 6.36
207.969282 6.36
208.022536 6.36
208.091157 6.36
208.154791 6.36
208.216658 12.32
208.280169 6.36
208.343662 6.36
208.402160 6.36
208.462159 6.36
208.525659 6.36
208.589162 6.36
208.649162 6.36
208.712663 6.36
208.771040 6.36
208.826050 0.05
208.877172 6.36
208.940663 6.36
208.999037 6.36
209.046288 6.36
209.101164 6.36
209.154417 6.36
209.223040 6.36
209.270290 6.36
209.319665 6.36
209.378040 6.36
209.425291 6.36
209.475917 6.36
209.539416 6.36
209.608042 6.36
209.655292 6.36
209.705922 6.36
209.769419 6.36
209.838052 6.36
209.901672 6.36
209.960044 6.36
210.018419 6.36
210.087058 6.36
210.145423 6.36
210.214061 6.36
210.272427 6.36
210.341050 6.36
210.399435 6.36
210.468055 6.36
210.531681 6.36
210.600430 6.36
210.669059 6.36
210.727434 6.36
210.796062 6.36
210.859685 6.36
210.921561 6.36
210.985187 6.36
211.058933 0.05
211.124192 6.36
211.179061 6.36
211.239065 6.36
211.299063 6.36
211.362565 6.36
211.420941 6.36
211.481062 6.36
211.535569 6.36
211.593938 6.36
211.648943 6.36
211.703941 6.36
211.758939 6.36
211.813949 6.36
211.861187 6.36
211.911822 6.36
211.975318 6.36
212.043951 6.36
212.091198 6.36
212.141817 6.36
212.205315 6.36
212.273942 6.36
212.321190 6.36
212.371825 12.32
212.435315 6.36
212.503940 6.36
212.551191 6.36
212.601815 6.36
212.665321 6.36
212.733944 6.36
212.792323 6.36
212.860949 6.36
212.919323 6.36
212.987949 0.05
213.046329 6.36
213.114952 6.36
213.173323 6.36
213.241956 6.36
213.300324 6.36
213.368958 6.36
213.439451 6.36
213.502955 6.36
213.563078 6.36
213.621581 6.36
213.683455 6.36
213.746956 6.36
213.807086 6.36
213.862080 6.36
213.917084 6.36
213.971959 6.36
214.035586 6.36
214.086961 6.36
214.146957 6.36
214.206960 6.36
214.260335 0.05
214.323838 0.05
214.378838 6.36
214.437207 6.36
214.505863 6.36
214.565961 6.36
214.629463 6.36
214.687836 6.36
214.738957 6.36
214.794706 6.36
214.858206 6.36
214.926835 6.36
214.974083 6.36
215.024706 6.36
215.088210 6.36
215.156870 6.36
215.212713 6.36
215.276212 6.36
215.344866 6.36
215.403214 6.36
215.471837 6.36
215.540588 6.36
215.609219 6.36
215.677852 6.36
215.736213 6.36
215.795103 6.36
215.858591 6.36
215.917717 6.36
215.976591 6.36
216.045241 6.36
216.104122 6.36
216.165029 6.36
216.234856 6.36
216.306003 6.36
216.363007 6.36
216.422040 6.36
216.477729 6.36
216.537138 6.36
216.596005 6.36
216.665720 6.36
216.724730 12.32
216.781724 0.05
216.840722 6.36
216.900252 6.36
216.950602 6.36
217.020609 6.36
217.085606 6.36
217.150131 6.36
217.205610 6.36
217.260884 6.36
217.320605 6.36
217.381012 6.36
217.445611 6.36
217.510607 6.36
217.566043 6.36
217.621488 6.36
217.687608 6.36
217.752741 6.36
217.814025 6.36
217.874140 12.32
217.933608 6.36
217.987123 6.36
218.051615 6.36
218.105133 6.36
218.163860 6.36
218.227731 6.36
218.297016 6.36
218.355863 6.36
218.430138 6.36
218.489015 0.05
218.552485 6.36
218.621872 6.36
218.685735 6.36
218.755021 6.36
218.813735 6.36
218.872115 6.36
218.936256 6.36
218.990009 6.36
219.049009 6.36
219.114900 6.36
219.179620 6.36
219.239117 6.36
219.293505 6.36
219.354916 6.36
219.414501 6.36
219.479625 6.36
219.540493 6.36
219.611780 6.36
219.672257 6.36
219.729258 6.36
219.790020 6.36
219.848743 6.36
219.912898 6.36
219.971897 6.36
220.035744 6.36
220.094745 6.36
220.158745 6.36
220.217745 6.36
220.282134 6.36
220.337498 6.36
220.401005 6.36
220.470501 6.36
220.529008 6.36
220.597755 6.36
220.671627 6.36
220.730009 6.36
220.798627 6.36
220.845892 6.36
220.905025 6.36
220.963761 6.36
221.023635 6.36
221.082006 12.32
221.146141 6.36
221.209886 6.36
221.269635 6.36
221.328010 6.36
221.396764 6.36
221.470763 6.36
221.541141 6.36
221.604637 6.36
221.663008 6.36
221.731632 6.36
221.790007 6.36
221.858635 6.36
221.917009 6.36
221.985640 6.36
222.045764 6.36
222.104270 6.36
222.162768 6.36
222.233149 6.36
222.296645 6.36
222.356807 6.36
222.420766 6.36
222.484763 6.36
222.540056 6.36
222.593766 6.36
222.652961 6.36
222.712522 6.36
222.778929 6.36
222.833431 6.36
222.903522 6.36
222.968403 6.36
223.033401 6.36
223.103407 6.36
223.168401 6.01
223.234706 0.05
223.299524 6.36
223.356523 6.36
223.417970 6.36
223.477398 6.36
223.536161 6.36
223.589926 6.36
223.648521 6.36
223.713292 6.36
223.777166 6.36
223.830775 6.36
223.900650 6.36
223.965045 6.36
224.019404 6.36
224.083778 6.36
224.148535 6.36
224.217776 6.36
224.276776 6.36
224.340651 0.05
224.404778 6.36
224.474171 6.01
224.533427 0.05
224.598408 6.36
224.657782 6.36
224.729533 6.36
224.793657 6.36
224.857781 6.36
224.916658 6.36
224.980657 6.36
225.041302 6.36
225.105794 6.36
225.160312 0.05
225.221734 6.36
225.276447 0.05
225.337790 6.36
225.392318 6.36
225.457420 6.36
225.514541 6.36
225.578797 6.36
225.632788 6.36
225.691664 6.36
225.751061 6.36
225.809799 6.36
225.864317 6.36
225.928415 6.36
225.980321 12.32
226.045312 6.36
226.115427 6.36
226.190965 6.36
226.245322 6.36
226.304974 12.32
226.369817 12.32
226.424325 6.36
226.489318 6.36
226.554429 12.32
226.626092 12.32
226.700060 6.36
226.759073 6.36
226.833074 6.36
226.892064 6.36
226.945672 6.36
227.009548 6.36
227.068547 6.36
227.142548 6.36
227.211672 6.36
227.270428 6.36
227.334675 6.36
227.399208 6.36
227.463678 6.36
227.533332 6.36
227.594808 6.36
227.649305 6.36
227.703333 6.36
227.759073 6.36
227.818334 6.36
227.879812 6.36
227.934327 6.36
227.995817 6.36
228.050328 6.36
228.105680 6.36
228.164681 6.36
228.228560 6.36
228.292684 6.36
228.346681 6.36
228.406212 6.36
228.465560 6.36
228.524821 6.36
228.580567 6.36
228.640081 6.36
228.706216 6.36
228.771334 6.36
228.832820 6.36
228.883214 6.36
228.942700 6.36
228.997350 6.36
229.063441 6.36
229.128218 6.36
229.193338 6.36
229.264950 6.36
229.335340 6.36
229.405348 6.36
229.471447 6.36
229.537953 6.36
229.608345 6.36
229.678344 6.36
229.748700 6.36
229.804111 6.36
229.869336 6.36
229.935823 6.36
229.997340 6.36
230.062346 6.36
230.132577 12.32
230.199220 6.36
230.265509 6.36
230.330580 6.36
230.395220 6.36
230.451222 6.36
230.510575 6.36
230.569700 6.36
230.628980 6.01
230.693586 6.36
230.749491 6.36
230.808576 6.36
230.868231 6.36
230.924102 6.36
230.978231 6.36
231.044462 6.36
231.103579 6.36
231.162577 12.32
231.221577 6.36
231.280580 0.05
231.339955 6.36
231.403829 6.36
231.462956 6.36
231.531956 6.36
231.595992 0.05
231.659986 6.36
231.718709 6.36
231.768582 0.05
231.827349 6.36
231.887347 6.36
231.956474 6.36
232.020836 6.36
232.066584 6.36
232.127093 0.05
232.191964 6.36
232.255593 6.36
232.319218 6.36
232.390030 6.36
232.451364 6.36
232.520968 6.36
232.586156 12.32
232.647359 6.36
232.711353 6.36
232.780345 0.05
232.850713 6.36
232.914215 6.36
232.974348 6.36
233.033145 6.36
233.099106 6.36
233.164123 6.36
233.230472 6.36
233.297106 6.36
233.361725 6.36
233.423258 6.36
233.492872 6.36
233.553471 6.36
233.617856 0.05
233.688032 6.36
233.749232 6.36
233.814123 6.36
233.870041 6.36
233.934854 6.36
233.999603 6.36
234.059126 6.36
234.116383 6.36
234.175984 6.36
234.241021 6.36
234.306045 6.36
234.371019 6.36
234.421985 6.36
234.486153 6.36
234.552251 6.36
234.612026 6.36
234.676606 6.36
234.730480 6.36
234.785479 6.36
234.840370 6.36
234.904479 6.36
234.963480 6.36
235.018374 6.36
235.082370 6.36
235.151860 6.36
235.208123 6.36
235.274284 6.36
235.338251 6.36
235.409742 6.36
235.480030 6.36
235.539619 6.36
235.594035 6.36
235.660258 6.36
235.729892 6.36
235.795737 6.36
235.861284 6.36
235.925486 6.36
235.994867 6.36
236.064489 6.36
236.128740 6.36
236.198492 6.36
236.252261 6.36
236.321388 6.36
236.380367 6.36
236.439493 6.36
236.498744 6.36
236.568393 6.36
236.627885 6.36
236.692389 6.36
236.757396 6.36
236.811889 6.36
236.876508 6.36
236.926909 6.36
236.986500 6.36
237.046915 6.36
237.106383 6.36
237.160374 6.36
237.224748 6.36
237.294498 6.36
237.348391 6.36
237.407502 6.36
237.457499 0.05
237.511393 6.36
237.566503 6.36
237.620268 6.36
237.675501 6.36
237.739751 6.36
237.796006 6.36
237.867268 6.36
237.927395 6.36
237.991753 6.36
238.057037 6.36
238.121398 6.36
238.176398 6.36
238.231396 6.36
238.296279 6.36
238.355258 6.36
238.419133 6.36
238.483930 6.36
238.549758 6.36
238.619411 6.36
238.678384 6.36
238.747140 6.36
238.816280 6.36
238.875772 6.36
238.940915 6.36
239.007014 6.36
239.071763 6.36
239.131429 6.36
239.185767 6.36
239.250772 6.36
239.325140 6.36
239.394414 6.36
239.458640 6.36
239.528771 6.36
239.588288 6.36
239.647777 6.36
239.712777 6.36
239.777770 6.36
239.838774 6.36
239.903772 6.36
239.973778 6.36
240.038777 6.36
240.103783 6.36
240.168784 6.36
240.228293 6.36
240.293425 6.36
240.343781 6.36
240.403294 6.36
240.464072 6.36
240.523651 6.36
240.589772 6.36
240.643647 6.36
240.702287 6.36
240.760900 6.36
240.822901 6.36
240.893906 6.36
240.958404 6.36
241.012025 6.36
241.089037 6.36
241.153780 6.36
241.218304 6.36
241.272660 6.36
241.337028 6.36
241.401154 6.36
241.464903 6.36
241.528932 6.36
241.592905 6.36
241.662170 6.36
241.721029 6.36
241.789905 6.36
241.859050 6.36
241.928030 6.36
241.997172 6.36
242.061049 6.36
242.130072 6.36
242.194076 6.36
242.258084 6.36
242.322082 6.36
242.386051 6.36
242.455072 6.36
242.510302 6.36
242.565305 6.36
242.629792 6.36
242.690414 6.36
242.745937 6.36
242.805669 6.36
242.866336 6.36
242.916672 6.36
242.981671 6.36
243.041328 6.36
243.096801 6.36
243.157045 6.36
243.221056 6.36
243.293541 6.36
243.362669 6.36
243.421669 6.36
243.475184 6.36
243.529675 6.36
243.599065 6.36
243.659681 6.36
243.724678 6.36
243.789186 6.36
243.843679 6.36
243.908678 6.36
243.972431 6.36
244.030989 6.36
244.095802 6.36
244.165332 6.36
244.229676 6.36
244.288674 6.36
244.353070 6.36
244.417318 6.36
244.471079 6.36
244.537177 6.36
244.601553 6.36
244.667678 6.36
244.726683 6.36
244.785689 6.36
244.844933 6.36
244.904565 6.36
244.964208 6.36
245.018560 6.36
245.093343 6.36
245.168116 6.36
245.219816 6.36
245.279564 6.36
245.334685 6.36
245.391817 6.36
245.452690 6.36
245.509821 6.36
245.569697 6.36
245.625437 6.36
245.689434 6.36
245.748076 6.36
245.806811 6.36
245.865686 6.36
245.913077 6.36
245.972085 6.36
246.022083 6.36
246.075813 6.36
246.140568 6.36
246.199944 6.36
246.258817 6.36
246.318579 6.36
246.383572 6.36
246.443225 6.36
246.508218 6.36
246.573240 6.36
246.651453 6.36
246.721572 6.36
246.775445 6.36
246.845089 6.36
246.899090 6.36
246.952955 6.36
247.022460 6.36
247.086569 6.36
247.140444 6.36
247.204445 6.36
247.268446 6.36
247.332447 6.36
247.391449 6.36
247.450450 6.36
247.514449 6.36
247.573337 6.36
247.638699 0.05
247.704699 6.36
247.770833 12.32
247.831584 6.36
247.892753 6.36
247.957118 6.36
248.007459 6.36
248.068731 6.36
248.138463 6.36
248.203585 6.36
248.260582 6.36
248.325462 6.36
248.385126 6.36
248.440467 6.36
248.505586 6.36
248.566226 6.36
248.626965 6.36
248.692133 0.05
248.751595 6.36
248.816466 6.36
248.875586 6.36
248.932352 6.36
248.992713 6.36
249.056979 6.36
249.112723 6.36
249.172359 6.36
249.236970 6.36
249.291468 6.36
249.355336 6.36
249.424358 6.36
249.482963 6.36
249.549240 6.36
249.618716 6.36
249.677588 6.36
249.752230 6.36
249.816344 6.36
249.880720 6.36
249.944717 6.36
250.014600 6.36
250.089857 6.36
250.154601 6.36
250.224854 6.36
250.283762 6.36
250.343046 6.36
250.394599 6.36
250.460753 6.36
250.521725 6.36
250.585723 6.36
250.649721 6.36
250.723596 6.36
250.779471 6.36
250.838365 6.36
250.924365 6.36
250.988364 6.36
251.052365 6.36
251.118610 6.36
251.169475 6.36
251.228728 6.36
251.293369 6.36
251.363036 6.36
251.433250 6.36
251.503059 6.36
251.573265 6.36
251.642874 6.36
251.697492 6.36
251.772858 6.36
251.836729 6.36
251.900729 6.36
251.959730 6.36
252.023733 6.36
252.087857 6.36
252.141732 6.36
252.200608 6.36
252.275267 6.36
252.345238 6.36
252.403863 6.36
252.457748 6.36
252.527254 6.36
252.596737 6.36
252.666128 6.36
252.744495 6.36
252.808740 6.36
252.872746 6.36
252.939371 6.36
253.009286 6.36
253.074377 6.36
253.139262 6.36
253.198875 6.36
253.253373 6.36
253.312882 6.36
253.367404 6.36
253.428874 6.36
253.483282 6.36
253.548283 6.36
253.607748 0.05
253.668499 6.36
253.728268 6.36
253.782288 6.36
253.847394 6.36
253.908625 6.36
253.969505 6.36
254.025286 6.36
254.090287 6.36
254.155280 6.36
254.214750 6.36
254.278498 6.36
254.333748 6.36
254.392623 6.36
254.456626 6.36
254.520624 6.36
254.579628 6.36
254.639750 6.36
254.698627 6.36
254.758752 6.36
254.817501 6.36
254.886630 6.36
254.946752 6.36
255.005630 6.36
255.065755 6.36
255.124641 6.36
255.200278 6.36
255.264507 6.36
255.324308 6.36
255.385635 6.36
255.450283 6.36
255.509759 6.36
255.568899 6.36
255.630284 6.36
255.700136 6.36
255.764765 6.36
255.819140 6.36
255.883771 6.36
255.937762 6.36
255.991511 6.36
256.055763 6.36
256.111516 6.36
256.170772 6.36
256.225289 6.36
256.286642 6.36
256.345390 6.36
256.414890 6.36
256.470154 6.36
256.529644 6.36
256.588392 6.36
256.652391 6.36
256.716519 6.36
256.781173 6.36
256.840773 6.36
256.894645 6.36
256.953645 6.36
257.013152 6.36
257.066897 6.36
257.130926 6.36
257.195646 6.36
257.254395 6.36
257.314523 6.36
257.373397 6.36
257.432653 6.36
257.486397 6.36
257.550396 6.36
257.614398 6.36
257.670176 6.36
257.723901 0.05
257.787900 6.36
257.851899 6.36
257.915900 6.36
257.979904 6.36
258.039154 6.36
258.103652 6.36
258.162402 6.36
258.226903 6.36
258.280663 6.36
258.340184 6.36
258.404530 6.36
258.469536 6.36
258.531080 6.36
258.596197 6.36
258.669539 6.36
258.736103 6.36
258.797417 6.36
258.857053 6.36
258.916666 6.36
258.971186 6.36
259.037671 6.36
259.097545 6.36
259.152059 6.36
259.211670 6.36
259.267313 6.36
259.332195 6.36
259.402547 6.36
259.456919 6.36
259.527090 6.36
259.592086 6.36
259.657099 6.36
259.722092 6.36
259.792107 6.36
259.857047 6.36
259.927082 6.36
259.992112 6.36
260.053095 6.36
260.108553 6.36
260.163204 6.36
260.229190 6.36
260.290098 6.36
260.351097 6.36
260.416105 6.36
260.477554 6.36
260.527674 6.36
260.586672 6.36
260.642301 6.36
260.706549 6.36
260.767115 6.36
260.833189 6.36
260.902548 6.36
260.961926 6.36
261.031191 6.36
261.100800 6.36
261.165219 6.36
261.224925 6.36
261.284553 6.36
261.349205 6.36
261.409099 6.36
261.464813 6.36
261.535113 6.36
261.599972 6.36
261.659562 6.36
261.713939 6.36
261.784098 6.36
261.840123 6.36
261.904197 6.36
261.968197 6.36
262.034183 6.36
262.093560 6.36
262.152809 6.36
262.213198 6.36
262.279206 6.36
262.343811 6.36
262.413200 6.36
262.477812 6.36
262.541943 6.36
262.606946 6.36
262.676813 6.36
262.746944 6.36
262.811944 6.36
262.867448 6.36
262.921961 6.36
262.986944 6.36
263.042447 6.36
263.096948 6.36
263.156213 6.36
263.226237 6.36
263.290945 6.36
263.349817 6.36
263.414569 6.36
263.478966 6.36
263.543949 6.36
263.608571 6.36
263.662952 6.36
263.724202 6.36
263.788948 6.36
263.842970 6.36
263.907211 6.36
263.981081 6.36
264.050823 6.36
264.114819 6.36
264.178696 6.36
264.239217 6.36
264.303217 6.36
264.372219 6.36
264.436457 6.36
264.495450 6.36
264.559965 6.36
264.620957 6.36
264.680242 6.36
264.739959 6.36
264.804832 6.36
264.864356 6.36
264.920085 6.36
264.979707 6.36
265.040834 6.36
265.102086 6.36
265.157379 6.36
265.216865 6.36
265.281834 6.36
265.341359 6.36
265.395838 6.36
265.455346 6.36
265.509835 6.36
265.570836 6.36
265.624857 6.36
265.689967 6.36
265.756126 6.36
265.815871 6.36
265.880853 6.36
265.931961 6.36
265.997350 6.36
266.066346 6.36
266.125850 6.36
266.189586 6.36
266.243103 6.36
266.306961 6.36
266.372117 6.36
266.436105 6.36
266.505103 6.36
266.569103 6.36
266.638232 6.36
266.702107 6.36
266.771232 6.36
266.843590 6.36
266.902267 6.36
266.971720 6.36
267.035849 6.36
267.105093 6.36
267.179857 6.36
267.240853 6.36
267.313720 6.36
267.372853 6.36
267.430099 6.36
267.499851 6.36
267.564124 6.36
267.623125 6.36
267.692723 6.36
267.762115 6.36
267.821133 6.36
267.885727 6.36
267.944724 6.36
268.009725 6.36
268.069355 6.36
268.128737 6.36
268.193733 6.36
268.263730 6.36
268.328734 6.36
268.393732 6.36
268.458125 6.36
268.518739 6.36
268.583013 6.36
268.642139 6.36
268.711604 6.36
268.772163 6.36
268.832734 6.36
268.891732 6.36
268.961867 6.36
269.050736 6.36
269.105860 6.36
269.175734 6.36
269.234612 6.36
269.304394 6.36
269.357985 6.36
269.422743 6.36
269.487741 6.36
269.541377 6.36
269.595744 6.36
269.660744 6.36
269.714876 6.36
269.779877 6.36
269.850386 6.36
269.909024 6.36
269.973738 6.36
270.032754 6.36
270.094276 6.36
270.148746 6.36
270.218751 6.36
270.278638 6.36
270.338014 6.36
270.395048 6.36
270.455747 6.36
270.520139 6.36
270.584756 6.36
270.640496 6.36
270.701503 6.36
270.763882 6.36
270.828760 6.36
270.894910 6.36
270.958747 6.36
271.025272 6.36
271.084757 6.36
271.141879 6.36
271.200878 6.36
271.281628 6.36
271.335509 6.36
271.400511 6.36
271.465271 6.36
271.520503 6.36
271.584880 6.36
271.643753 6.36
271.709638 6.36
271.779629 6.36
271.839024 6.36
271.914632 6.36
271.968515 6.36
272.040391 6.36
272.110133 6.36
272.169036 6.36
272.228278 6.36
272.282037 6.36
272.352289 6.36
272.416759 6.36
272.481515 6.36
272.553406 6.36
272.628768 6.36
272.705900 6.36
272.776291 6.36
272.833900 6.36
272.893514 12.32
272.959644 6.36
273.020644 6.36
273.081913 6.36
273.141525 6.36
273.206017 6.36
273.264926 6.36
273.321804 6.36
273.380892 6.36
273.441770 6.36
273.501520 6.36
273.556655 6.36
273.618087 6.36
273.672395 6.36
273.728069 6.36
273.787653 6.36
273.842775 6.36
273.902528 6.36
273.963777 6.36
274.023397 6.36
274.089527 6.36
274.149152 6.36
274.214087 6.36
274.268534 6.36
274.328152 6.36
274.395655 6.36
274.457173 6.36
274.521651 6.36
274.586187 6.36
274.650292 6.36
274.709533 6.36
274.774532 6.36
274.844174 6.36
274.914663 6.36
274.990156 6.36
275.051305 6.36
275.121659 6.36
275.187787 6.36
275.252914 6.36
275.319422 6.36
275.378408 6.36
275.450282 6.36
275.509540 6.36
275.574665 6.36
275.644670 6.36
275.710794 6.36
275.766537 6.36
275.836543 6.36
275.893789 6.36
275.962925 6.36
276.018793 6.36
276.072303 6.36
276.122548 6.36
276.179669 6.36
276.244414 6.36
276.303547 6.36
276.370190 6.36
276.434917 6.36
276.489420 6.36
276.550670 6.36
276.615426 6.36
276.680427 6.36
276.750309 6.36
276.809183 6.36
276.878920 6.36
276.932930 6.36
276.987431 6.36
277.052423 6.36
277.122551 6.36
277.198070 6.36
277.267667 6.36
277.342186 6.36
277.395950 6.36
277.454668 6.36
277.523545 6.36
277.592544 6.36
277.661672 6.36
277.726086 6.36
277.791098 6.36
277.860800 6.36
277.920432 6.36
277.987096 6.36
278.047548 6.36
278.116798 6.36
278.185674 6.36
278.254679 6.36
278.323550 6.36
278.382191 6.36
278.446318 6.36
278.515325 6.36
278.579323 6.36
278.638194 6.36
278.693699 6.36
278.752933 6.36
278.811680 6.36
278.871332 6.36
278.932567 6.36
279.002443 6.36
279.069341 6.36
279.128811 6.36
279.183336 6.36
279.248207 6.36
279.303697 6.36
279.373947 6.36
279.424333 6.36
279.494445 6.36
279.555819 6.36
279.615208 0.05
279.685451 6.36
279.746818 6.36
279.806448 6.36
279.867946 6.36
279.918331 6.36
279.982823 6.36
280.037341 6.36
280.092444 6.36
280.153823 6.36
280.218948 6.36
280.264821 6.36
280.319344 6.36
280.384449 6.36
280.449351 6.36
280.514341 6.36
280.579216 6.36
280.649344 6.36
280.714450 6.36
280.784704 6.36
280.849829 6.36
280.904343 6.36
280.964221 6.36
281.039074 6.36
281.098353 6.36
281.158367 6.36
281.219826 6.36
281.279456 6.36
281.339213 6.36
281.400599 6.36
281.460367 6.36
281.521832 6.36
281.576224 6.36
281.630368 6.36
281.696578 6.36
281.762585 6.36
281.818099 6.36
281.887579 6.36
281.965459 6.36
282.029704 6.36
282.084228 0.05
282.148455 6.36
282.212715 6.36
282.263375 6.36
282.329353 6.36
282.390716 6.36
282.446231 6.36
282.510710 6.36
282.565235 6.36
282.626233 6.36
282.677372 6.36
282.743474 6.36
282.803233 6.36
282.862100 6.36
282.925959 6.36
282.979351 6.36
283.043100 6.36
283.112116 6.36
283.184115 6.36
283.258461 6.36
283.314226 6.36
283.377229 6.36
283.437228 6.36
283.500963 6.36
283.559729 6.36
283.619248 6.36
283.667157 6.36
283.728486 6.36
283.798128 6.36
283.868244 6.36
283.933366 6.36
284.003247 6.36
284.064729 6.36
284.124006 6.36
284.193468 6.36
284.258472 6.36
284.322597 6.36
284.377020 6.36
284.435999 6.36
284.500601 6.36
284.569472 6.36
284.642262 6.36
284.703477 12.32
284.762600 6.36
284.823376 6.36
284.884020 6.36
284.949038 6.36
285.015113 6.36
285.076398 6.36
285.136155 6.36
285.201108 6.36
285.252242 6.36
285.313617 6.36
285.378609 6.36
285.439115 6.36
285.494489 6.36
285.555378 6.36
285.621383 6.36
285.682132 6.36
285.737492 6.36
285.798393 6.36
285.859128 6.36
285.914491 6.36
285.979494 6.36
286.035128 6.36
286.101864 6.36
286.172020 6.36
286.232491 6.36
286.297369 6.36
286.367024 6.36
286.437260 6.36
286.502258 6.36
286.577024 6.36
286.641491 6.36
286.702377 6.36
286.762037 6.36
286.826491 6.36
286.886122 6.36
286.947374 6.36
287.012040 6.36
287.071494 6.36
287.125883 6.36
287.185051 6.36
287.250060 6.36
287.309497 6.36
287.369049 6.36
287.434003 6.36
287.498497 6.36
287.568146 6.36
287.623874 6.36
287.687877 6.36
287.742748 6.36
287.796499 6.36
287.855623 6.36
287.905633 6.36
287.959498 6.36
288.020272 6.36
288.080054 6.36
288.129751 6.36
288.195150 6.36
288.270249 6.36
288.335395 6.36
288.404878 6.36
288.461289 6.36
288.521070 6.36
288.582508 6.36
288.638285 6.36
288.697893 6.36
288.758508 6.36
288.817507 6.36
288.886509 6.36
288.956163 6.36
289.022764 0.05
289.087509 6.36
289.152408 6.36
289.212057 6.36
289.282156 6.36
289.347030 6.36
289.411510 6.36
289.484514 6.36
289.543513 6.36
289.608019 6.36
289.678396 6.36
289.732514 6.36
289.801142 6.36
289.865516 6.36
289.924913 6.36
289.986275 6.36
290.046061 6.36
290.107522 6.36
290.162020 6.36
290.223163 6.36
290.282898 6.36
290.352143 6.36
290.416525 6.36
290.472652 6.36
290.537395 6.36
290.598149 6.36
290.668055 6.36
290.733769 6.36
290.792907 6.36
290.852415 6.36
290.921770 6.36
290.991647 6.36
291.050906 6.36
291.115907 6.36
291.180649 6.36
291.250905 6.36
291.315778 6.36
291.385909 6.36
291.450947 6.36
291.510166 6.36
291.574168 6.36
291.643774 6.36
291.707774 6.36
291.776776 6.36
291.840779 6.36
291.904650 6.36
291.970169 6.36
292.044187 6.36
292.118779 6.36
292.193201 6.36
292.259158 6.36
292.328204 6.36
292.392304 6.36
292.458176 6.36
292.527170 6.36
292.596175 6.36
292.660409 6.36
292.719413 6.36
292.778051 6.36
292.842050 6.36
292.906785 6.36
292.967164 6.36
293.024037 6.36
293.083180 6.36
293.147431 6.36
293.201319 6.36
293.260661 6.36
293.330419 6.36
293.389789 6.36
293.448665 6.36
293.512803 6.36
293.566665 6.36
293.627102 6.36
293.686800 6.36
293.746310 6.36
293.806800 6.36
293.871924 6.36
293.936682 6.36
294.002805 6.36
294.067797 6.36
294.127325 6.36
294.192429 6.36
294.242548 6.36
294.292803 6.36
294.357804 6.36
294.417426 6.36
294.467804 6.36
294.532804 6.36
294.592457 6.36
294.657429 6.36
294.722323 6.36
294.781062 6.36
294.850065 6.36
294.914062 6.36
294.978068 6.36
295.037068 6.36
295.106065 6.36
295.175677 6.36
295.244555 6.36
295.314325 6.36
295.367929 6.36
295.432811 6.36
295.497808 6.36
295.556818 6.36
295.617818 6.36
295.679077 6.36
295.743814 6.36
295.805340 6.36
295.860936 6.36
295.916690 6.36
295.977943 6.36
296.042696 6.36
296.107439 6.36
296.166074 6.36
296.226696 6.36
296.291688 6.36
296.346937 6.36
296.406694 6.36
296.467944 6.36
296.532689 6.36
296.597692 6.36
296.657335 6.36
296.712826 6.36
296.778952 6.36
296.838695 6.36
296.908822 6.36
296.970214 6.36
297.029703 6.36
297.094704 6.36
297.159695 6.36
297.218693 6.36
297.283334 6.36
297.342205 6.36
297.396699 6.36
297.461203 6.36
297.525336 6.36
297.579135 6.36
297.648567 6.36
297.718703 6.36
297.783088 6.36
297.847703 6.36
297.912706 6.36
297.982699 6.36
298.042350 6.36
298.102260 6.36
298.161836 6.36
298.232235 6.36
298.286579 6.36
298.352719 6.36
298.412582 6.36
298.471954 6.36
298.531707 6.36
298.596706 6.36
298.651957 6.36
298.716590 6.36
298.771955 6.36
298.831587 6.36
298.887229 6.36
298.941239 6.36
298.991588 6.36
299.056590 6.36
299.112103 6.36
299.167589 6.36
299.227239 6.36
299.281352 12.32
299.331590 6.36
299.401714 6.36
299.473587 6.36
299.538710 6.36
299.599585 6.36
299.664592 6.36
299.724105 6.36
299.783101 6.36
299.841709 6.36
299.910709 6.36
299.979835 6.36
300.048835 6.36
300.131478 6.36
300.190104 6.36
300.248712 6.36
300.317712 6.36
300.386713 6.36
300.458713 6.36
300.528589 6.36
300.592592 6.36
300.657030 6.36
300.726717 6.36
300.802137 6.36
300.857859 6.36
300.927484 6.36
300.986119 6.36
301.044851 6.36
301.108718 6.36
301.178008 6.36
301.236850 6.36
301.300851 6.36
301.365599 6.36
301.434487 6.36
301.495742 6.36
301.554853 6.36
301.615790 6.36
301.675483 6.36
301.735015 6.36
301.786781 6.36
301.846479 6.36
301.901727 6.36
301.966483 6.36
302.031608 6.36
302.088729 6.36
302.148485 6.36
302.209487 6.36
302.269011 6.36
302.323486 6.36
302.388484 6.36
302.442492 6.36
302.502119 6.36
302.557736 6.36
302.622492 6.36
302.687617 6.36
302.753610 6.36
302.823484 6.36
302.882862 6.36
302.942016 6.36
302.996496 6.36
303.056031 6.36
303.111615 6.36
303.176496 6.36
303.240735 6.36
303.316118 6.36
303.371490 6.36
303.436054 6.36
303.486493 6.36
303.551492 6.36
303.605376 6.36
303.675501 6.36
303.737033 6.36
303.797044 6.36
303.848750 6.36
303.908494 6.36
303.969750 6.36
304.029376 6.36
304.088995 6.36
304.140749 6.36
304.207050 6.36
304.262874 6.36
304.321743 6.36
304.386496 6.36
304.438030 6.36
304.491744 6.36
304.550622 6.36
304.619496 6.36
304.673139 6.36
304.719387 6.36
304.778265 6.36
304.825498 6.36
304.876499 6.36
304.931747 6.36
304.997629 6.36
305.052875 6.36
305.111624 6.36
305.167499 6.36
305.223148 6.36
305.276754 6.36
305.335755 6.36
305.399626 6.36
305.459888 6.36
305.514403 6.36
305.578754 6.36
305.643511 6.36
305.719091 6.36
305.794515 6.36
305.870063 6.36
305.934885 6.36
305.989388 6.36
306.054390 6.36
306.120650 6.36
306.179658 6.36
306.244149 6.36
306.297631 6.36
306.372149 6.36
306.440888 6.36
306.494634 6.36
306.558635 6.36
306.627635 6.36
306.696900 6.36
306.755635 6.36
306.819636 6.36
306.883512 6.36
306.942155 6.36
307.002655 6.36
307.066763 6.36
307.131286 6.36
307.190895 6.36
307.249641 6.36
307.323651 6.36
307.382767 6.36
307.452419 6.36
307.522289 6.36
307.581519 6.36
307.641288 6.36
307.700648 6.36
307.765405 6.36
307.826782 6.36
307.880781 6.36
307.945306 6.36
308.010027 6.36
308.063520 6.36
308.118162 6.36
308.187647 6.36
308.246396 6.36
308.303524 6.36
308.367777 6.36
308.431662 6.36
308.491169 6.36
308.547289 6.36
308.611304 6.36
308.670151 6.36
308.734527 6.36
308.809408 6.36
308.879176 6.36
308.948401 6.36
309.017540 6.36
309.076528 6.36
309.152553 6.36
309.216780 6.36
309.275528 6.36
309.339656 6.36
309.399046 6.36
309.473664 6.36
309.540289 6.36
309.599658 6.36
309.658406 6.36
309.722913 6.36
309.776533 6.36
309.836055 6.36
309.906307 6.36
309.967185 6.36
310.048419 6.36
310.113175 6.36
310.174435 6.36
310.234061 6.36
310.304182 6.36
310.358320 6.36
310.409418 6.36
310.475196 6.36
310.535193 6.36
310.594794 6.36
310.654185 6.36
310.713673 6.36
310.773180 6.36
310.838193 6.36
310.903190 6.36
310.954173 6.36
311.022933 6.36
311.088423 6.36
311.149448 6.36
311.214196 6.36
311.269559 6.36
311.339809 6.36
311.390195 6.36
311.455199 6.36
311.520213 6.36
311.579678 6.36
311.640801 6.36
311.695183 6.36
311.760320 6.36
311.825200 6.36
311.884321 6.36
311.948428 6.36
312.014198 6.36
312.073074 6.36
312.139436 6.36
312.199202 6.36
312.268436 6.36
312.338811 6.36
312.398323 6.36
312.463207 6.36
312.526439 6.36
312.585934 6.36
312.656343 6.36
312.716079 6.36
312.776091 6.36
312.849443 6.36
312.910312 6.36
312.969683 6.36
313.029099 6.36
313.088222 6.36
313.149565 6.36
313.204104 6.36
313.263698 6.36
313.319335 6.36
313.374988 6.36
313.441123 6.36
313.506134 6.36
313.571108 6.36
313.636117 6.36
313.701121 6.36
313.756442 6.36
313.816114 6.36
313.881081 6.36
313.936454 6.36
313.992117 6.36
314.057112 6.36
314.108353 6.36
314.168139 6.36
314.241320 6.36
314.315450 6.36
314.375824 6.36
314.429572 6.36
314.488949 6.36
314.553572 0.05
314.612331 6.36
314.673699 6.36
314.732450 6.36
314.796331 6.36
314.856583 6.36
314.911122 6.36
314.971830 6.36
315.030455 6.36
315.090097 6.36
315.156581 6.36
315.211136 6.36
315.273330 6.36
315.332827 6.36
315.393953 6.36
315.468584 6.36
315.522955 6.36
315.582581 6.36
315.646976 6.36
315.708252 6.36
315.767968 6.36
315.832585 6.36
315.886971 6.36
315.951374 6.36
316.020224 6.36
316.085705 6.36
316.135579 6.36
316.185456 6.36
316.244222 6.36
316.304111 6.36
316.373363 6.36
316.432959 6.36
316.501715 6.36
316.560978 6.36
316.620337 6.36
316.675468 6.36
316.729973 6.36
316.799713 6.36
316.859837 6.36
316.927712 6.36
316.986473 6.36
317.046131 6.36
317.112235 6.36
317.181230 6.36
317.246229 6.36
317.323837 6.36
317.387838 6.36
317.456464 6.36
317.520231 6.36
317.602847 6.36
317.688848 6.36
317.752716 6.36
317.814592 6.36
317.878120 6.36
317.942236 6.36
318.019720 6.36
318.080122 6.36
318.150032 6.36
318.220348 6.36
318.274472 6.36
318.328472 6.36
318.387853 6.36
318.447002 6.36
318.513364 6.36
318.577722 6.36
318.643733 6.36
318.708728 6.36
318.769101 6.36
318.833474 6.36
318.887131 6.36
318.946128 6.36
319.005130 6.36
319.064132 6.36
319.138857 6.36
319.197862 6.36
319.256729 6.36
319.326379 6.36
319.386028 6.36
319.455895 6.36
319.520483 6.36
319.576253 6.36
319.634983 6.36
319.682481 6.36
319.736735 6.36
319.800877 6.36
319.875372 6.36
319.929865 6.36
319.999743 6.36
320.065747 6.36
320.135364 6.36
320.189129 6.36
320.258872 6.36
320.323375 6.36
320.388262 6.36
320.466743 6.36
320.542384 6.36
320.596492 6.36
320.650130 6.36
320.714132 6.36
320.778742 6.36
320.848392 6.36
320.902744 6.36
320.962259 6.36
321.021006 6.36
321.080008 6.36
321.149616 6.36
321.210752 6.36
321.270389 6.36
321.323996 6.36
321.393745 6.36
321.458380 6.36
321.512388 6.36
321.573043 6.36
321.633750 6.36
321.692623 6.36
321.753754 6.36
321.818752 6.36
321.878386 6.36
321.928754 6.36
321.988399 6.36
322.038389 6.36
322.088756 6.36
322.153754 6.36
322.214039 6.36
322.273757 6.36
322.333382 6.36
322.393754 6.36
322.452766 6.36
322.517754 6.36
322.571760 6.36
322.636763 6.36
322.696159 6.36
322.756763 6.36
322.821765 6.36
322.881279 6.36
322.940763 6.36
323.007516 6.36
323.077297 6.36
323.131762 6.36
323.196762 6.36
323.266767 6.36
323.331764 6.36
323.393034 6.36
323.452768 6.36
323.512767 6.36
323.572155 6.36
323.631768 6.36
323.691285 6.36
323.747015 6.36
323.808070 6.36
323.867768 6.36
323.929029 6.36
323.994057 6.36
324.049769 6.36
324.114160 6.36
324.183779 6.36
324.250016 6.36
324.310903 6.36
324.370649 6.36
324.425770 6.36
324.490650 6.36
324.546295 6.36
324.601646 6.36
324.657152 6.36
324.722151 6.36
324.782772 6.36
324.844152 6.36
324.904777 6.36
324.971295 6.36
325.036307 6.36
325.101170 6.36
325.160656 6.36
325.225652 6.36
325.284903 6.36
325.344657 6.36
325.409654 6.36
325.463167 6.36
325.533299 6.36
325.593173 6.36
325.652165 6.36
325.710902 6.36
325.770167 6.36
325.834675 6.36
325.894302 6.36
325.947906 6.36
326.012172 6.36
326.076654 6.36
326.140939 6.36
326.207430 6.36
326.271911 6.36
326.330910 6.36
326.395069 6.36
326.454408 6.36
326.507784 6.36
326.578921 6.36
326.644915 6.36
326.703911 6.36
326.763314 6.36
326.827409 6.36
326.893665 6.36
326.949185 6.36
327.002788 6.36
327.068793 6.36
327.128544 6.36
327.188110 6.36
327.242544 6.36
327.302059 6.36
327.355789 6.36
327.415671 6.36
327.477090 6.36
327.536554 6.36
327.597799 6.36
327.657422 6.36
327.727062 6.36
327.780792 6.36
327.836061 6.36
327.889933 6.36
327.960088 6.36
328.014316 6.36
328.089678 6.36
328.160202 6.36
328.224925 6.36
328.289547 6.36
328.354068 6.36
328.413082 6.36
328.467554 6.36
328.532551 6.36
328.596562 6.36
328.661554 6.36
328.721071 6.36
328.775082 6.36
328.826806 6.36
328.886555 6.36
328.952813 6.36
329.012563 6.36
329.077556 6.36
329.133111 6.36
329.184814 6.36
329.245556 6.36
329.305107 6.36
329.356939 6.36
329.416432 6.36
329.482563 6.36
329.543562 6.36
329.605034 6.36
329.656812 6.36
329.713986 6.36
329.778435 6.36
329.833433 6.36
329.897935 6.36
329.951685 6.36
330.015683 6.36
330.074686 6.36
330.144444 6.36
330.205572 6.36
330.271689 6.36
330.327562 6.36
330.380450 6.36
330.444328 6.36
330.508327 6.36
330.577975 6.36
330.636951 6.36
330.691451 6.36
330.746946 6.36
330.808221 6.36
330.878452 6.36
330.943445 6.36
331.007817 6.36
331.067095 6.36
331.126336 6.36
331.201447 6.36
331.265947 6.36
331.324946 6.36
331.378694 6.36
331.443214 6.36
331.502453 6.36
331.562140 6.36
331.628341 6.36
331.692953 6.36
331.747458 6.36
331.811950 6.36
331.871580 6.36
331.941829 6.36
332.006219 6.36
332.070341 6.36
332.134951 6.36
332.188577 6.36
332.257700 6.36
332.316825 6.36
332.386459 6.36
332.451349 6.36
332.515703 6.36
332.576583 6.36
332.649833 6.01
332.708867 6.36
332.763354 6.36
332.824592 6.36
332.883707 6.36
332.942580 6.36
333.012330 6.36
333.071363 6.36
333.136144 6.36
333.196710 6.36
333.255974 6.36
333.311597 6.36
333.371358 6.36
333.436362 6.36
333.501251 6.36
333.571125 6.36
333.627352 6.36
333.686713 6.36
333.750588 6.36
333.809711 6.36
333.882713 6.36
333.946969 6.36
333.997375 6.36
334.062468 6.36
334.134142 6.36
334.204486 6.36
334.269352 6.36
334.334365 6.36
334.399219 6.36
334.468737 6.36
334.533740 6.36
334.593112 6.36
334.657358 6.36
334.716716 6.36
334.775592 6.36
334.839718 6.36
334.898595 6.36
334.981240 6.36
335.046023 6.36
335.102004 6.36
335.163384 6.36
335.224725 6.36
335.283723 6.36
335.342722 6.36
335.401721 6.36
335.460722 6.36
335.519722 6.36
335.578473 6.36
335.642474 6.36
335.701128 6.36
335.760127 6.36
335.810128 6.36
335.870484 6.36
335.924130 6.36
335.983128 6.36
336.042130 6.36
336.106871 6.36
336.160729 6.36
336.221375 6.36
336.268868 6.36
336.314606 6.36
336.373873 6.36
336.424257 6.36
336.489252 6.36
336.540494 6.36
336.600256 6.36
336.665130 6.36
336.721495 6.36
336.781256 6.36
336.846131 6.36
336.910744 6.36
336.965396 6.36
337.040738 6.36
337.095056 6.36
337.165368 6.36
337.230255 6.36
337.295264 6.36
337.355041 6.36
337.425261 6.36
337.490024 6.36
337.554615 6.36
337.619044 6.36
337.684125 6.36
337.754133 6.36
337.818748 6.36
337.873267 6.36
337.934630 6.36
337.994267 6.36
338.059268 6.36
338.120496 6.36
338.184619 6.36
338.243994 6.36
338.308273 6.36
338.364017 6.36
338.428015 6.36
338.487278 6.36
338.543395 6.36
338.608127 6.36
338.662281 6.36
338.727280 0.05
338.793378 6.36
338.857751 6.36
338.917136 6.36
338.975624 6.36
339.036133 6.36
339.091505 6.36
339.156004 6.36
339.220757 6.36
339.280511 6.36
339.341380 6.36
339.415254 6.36
339.468128 6.36
339.519127 6.36
339.583759 6.36
339.629763 6.36
339.685045 6.36
339.745146 6.36
339.809516 6.36
339.874022 6.36
339.938007 6.36
339.998408 6.36
340.062507 6.36
340.126507 6.36
340.187390 6.36
340.251633 6.36
340.316514 6.36
340.388390 6.36
340.454399 6.36
340.514056 6.36
340.575393 6.36
340.635020 6.36
340.696391 6.36
340.762766 6.36
340.817021 6.36
340.878395 6.36
340.937899 6.36
340.998895 6.36
341.068530 6.36
341.127929 6.36
341.192522 6.36
341.257177 6.36
341.326390 6.36
341.390898 6.36
341.460519 6.36
341.519397 6.36
341.574645 6.36
341.629080 6.36
341.693398 6.36
341.757393 6.36
341.816394 6.36
341.874769 6.36
341.928394 6.36
341.996770 6.36
342.050395 6.36
342.119396 6.36
342.174649 6.36
342.224399 6.36
342.288903 6.36
342.344526 6.36
342.394399 6.36
342.458525 6.36
342.517655 6.36
342.563528 6.36
342.617908 6.36
342.682664 6.36
342.747532 6.36
342.802182 6.36
342.863043 6.36
342.927910 6.36
342.997405 6.36
343.062184 6.36
343.151087 6.36
343.212543 6.36
343.266912 6.36
343.337087 6.36
343.398416 6.36
343.457953 6.36
343.522428 6.36
343.582089 6.36
343.648421 6.36
343.702918 6.36
343.767920 6.36
343.838100 6.36
343.903081 6.36
343.968084 6.36
344.034166 6.36
344.093426 6.36
344.149162 6.36
344.203090 6.36
344.269170 6.36
344.333162 6.36
344.387787 6.36
344.456538 6.36
344.515179 6.36
344.569789 6.36
344.633794 6.36
344.697666 6.36
344.751927 6.36
344.811548 6.36
344.871795 6.36
344.940419 6.36
345.000793 6.36
345.066064 6.36
345.130312 6.36
345.191191 6.36
345.260931 6.36
345.325809 6.36
345.389797 6.36
345.453798 6.36
345.512937 6.36
345.577189 6.36
345.646929 6.36
345.702324 6.36
345.764195 6.36
345.838801 6.36
345.903427 6.36
345.962434 6.36
346.016805 6.36
346.086680 6.36
346.142437 6.36
346.196807 6.36
346.261934 6.36
346.326326 6.36
346.395337 6.36
346.454807 6.36
346.519337 6.36
346.573819 6.36
346.638811 6.36
346.705185 6.36
346.765817 6.36
346.830307 6.36
346.889942 6.36
346.951334 6.36
347.005078 6.36
347.069451 6.36
347.128820 6.36
347.187561 6.36
347.237815 6.36
347.307813 6.36
347.368080 6.36
347.432819 6.36
347.497820 6.36
347.557210 6.36
347.616820 6.36
347.677824 6.36
347.747828 6.36
347.812821 6.36
347.879572 6.36
347.954826 6.36
348.019830 6.36
348.080823 6.36
348.135947 6.36
348.196444 6.36
348.256568 6.36
348.316694 6.36
348.375443 6.36
348.429697 6.36
348.499454 6.36
348.564458 6.36
348.620449 6.36
348.679091 6.36
348.743359 6.36
348.802448 6.36
348.861833 6.36
348.936828 6.36
349.001826 6.36
349.066218 6.36
349.130582 6.36
349.185987 6.36
349.245707 6.36
349.310709 6.36
349.369956 6.36
349.439702 6.36
349.504333 6.36
349.558339 6.36
349.608708 6.36
349.664116 6.36
349.723592 6.36
349.789710 6.36
349.844963 6.36
349.903458 6.36
349.958963 6.36
350.019970 6.36
350.075337 6.36
350.129715 6.36
350.189353 6.36
350.239717 6.36
350.289460 6.36
350.347959 6.36
350.402591 6.36
350.461208 6.36
350.525713 6.36
350.586361 6.36
350.640090 6.36
350.704104 12.32
350.763374 6.36
350.813227 12.32
350.871963 6.36
350.936237 12.32
350.990231 6.36
351.044120 6.36
351.113720 6.36
351.177966 6.36
351.258870 6.36
351.334363 6.36
351.395468 6.36
351.459732 6.36
351.519121 6.36
351.588855 6.36
351.663721 6.36
351.728258 6.36
351.782723 6.36
351.847723 6.36
351.917732 6.36
351.982734 6.36
352.044247 6.36
352.104034 6.36
352.163867 6.36
352.224983 6.36
352.284605 6.36
352.354732 6.36
352.410247 6.36
352.475250 6.36
352.525478 6.36
352.590013 12.32
352.655127 6.36
352.709611 6.36
352.769019 0.05
352.829867 6.36
352.889609 0.05
352.949248 6.36
353.004605 6.36
353.058489 6.36
353.122860 6.36
353.187141 6.36
353.241117 6.36
353.305480 6.36
353.380736 6.36
353.447023 6.36
353.502125 6.36
353.556489 0.05
353.621614 6.36
353.686055 6.36
353.756258 6.36
353.821259 6.36
353.880620 6.36
353.950739 6.36
354.020487 6.36
354.079360 6.36
354.138011 6.36
354.202014 6.36
354.266015 6.36
354.325016 6.36
354.389014 6.36
354.453377 6.36
354.512016 6.36
354.576016 6.36
354.639488 6.36
354.703614 6.36
354.757130 6.36
354.816019 6.36
354.875020 6.36
354.933867 6.36
354.997867 6.36
355.062506 6.36
355.137021 6.36
355.191501 6.36
355.251050 6.36
355.304874 6.36
355.364024 6.36
355.418502 6.36
355.473757 6.36
355.532999 6.36
355.587506 6.36
355.652510 6.36
355.712000 6.36
355.772757 6.36
355.832514 6.36
355.888033 6.36
355.938033 6.36
355.992507 6.36
356.048023 6.36
356.097881 6.36
356.158942 6.36
356.214514 6.36
356.273919 6.36
356.338511 6.36
356.399386 6.36
356.465023 6.36
356.518755 6.36
356.583139 6.36
356.636754 6.36
356.701508 6.36
356.762141 6.36
356.826383 6.36
356.887065 6.36
356.941521 6.36
357.006511 6.36
357.065403 6.36
357.129399 6.36
357.203399 6.36
357.262383 6.36
357.321512 6.36
357.385398 6.36
357.454402 6.36
357.523762 6.36
357.587763 6.36
357.651762 6.36
357.722764 6.36
357.791762 6.36
357.855762 6.36
357.919763 6.36
357.989056 6.36
358.042764 6.36
358.106641 6.36
358.166644 6.36
358.230648 6.36
358.294895 6.36
358.363767 6.36
358.428080 6.36
358.488518 6.36
358.549394 6.36
358.608404 6.36
358.672771 6.36
358.731900 6.36
358.785783 6.36
358.855774 6.36
358.920414 6.36
358.990400 6.36
359.050648 6.36
359.120290 6.36
359.184775 6.36
359.235398 6.36
359.294953 6.36
359.349080 6.36
359.409400 6.36
359.467928 6.36
359.521781 6.36
359.572775 6.36
359.641650 6.36
359.697401 6.36
359.755903 6.36
359.824527 6.36
359.883170 6.36
359.942189 6.36
359.995653 6.36
360.069528 6.36
360.138778 6.36
360.202404 6.36
360.260906 6.36
360.319530 6.36
360.377907 6.36
360.441531 6.36
360.510532 6.36
360.574532 6.36
360.643658 6.36
360.712533 6.36
360.771173 6.36
360.831660 6.36
360.895534 6.36
360.959535 6.36
361.033661 6.36
361.097537 6.36
361.166662 6.36
361.230662 6.36
361.294665 6.36
361.358668 6.36
361.417540 6.36
361.472184 6.36
361.536057 6.36
361.595183 6.36
361.642292 6.36
361.705790 6.36
361.774666 6.36
361.824307 6.36
361.889190 6.36
361.959048 6.36
362.018343 6.36
362.083320 6.36
362.148175 6.36
362.204297 6.36
362.267795 6.36
362.336424 6.36
362.383796 6.36
362.443320 6.36
362.498427 6.36
362.572550 6.36
362.636673 6.36
362.701327 6.36
362.766439 6.36
362.843557 6.36
362.903322 6.36
362.967678 6.36
363.031802 6.36
363.091073 6.36
363.144552 6.36
363.204326 6.36
363.263560 6.36
363.327555 6.36
363.388575 6.36
363.447811 6.36
363.501557 6.36
363.571204 6.36
363.630340 6.36
363.691559 6.36
363.756210 6.36
363.821228 6.36
363.887438 6.36
363.948463 6.36
364.008332 6.36
364.069438 6.36
364.133687 6.36
364.198352 6.36
364.267437 6.36
364.333461 6.36
364.394337 6.36
364.464225 6.36
364.529214 6.36
364.584695 6.36
364.638691 6.36
364.699447 6.36
364.759074 6.36
364.823570 6.36
364.883216 6.36
364.943201 6.36
364.998696 6.36
365.059994 6.36
365.130360 6.36
365.196467 6.36
365.261222 6.36
365.321221 6.36
365.386073 6.36
365.456347 6.36
365.516226 6.36
365.589458 6.36
365.649219 6.36
365.722454 6.36
365.792215 6.36
365.856462 6.36
365.916224 6.36
365.986229 6.36
366.047712 6.36
366.107581 6.36
366.162234 6.36
366.223726 6.36
366.278226 6.36
366.339714 6.36
366.394226 6.36
366.453332 6.36
366.522985 6.36
366.592592 6.36
366.648331 6.36
366.703331 6.36
366.767712 6.36
366.840346 6.36
366.910130 6.36
366.974580 6.36
367.024582 6.36
367.085088 6.36
367.144470 6.36
367.199459 6.36
367.248835 6.36
367.302584 6.36
367.371833 6.36
367.425336 6.36
367.489963 6.36
367.559589 6.36
367.623334 6.36
367.692352 6.36
367.762135 6.36
367.820837 6.36
367.880836 6.36
367.931851 6.36
368.009592 6.36
368.068589 6.36
368.137856 6.36
368.197150 6.36
368.258236 6.36
368.317969 6.36
368.386847 6.36
368.440358 6.36
368.509852 6.36
368.592218 6.36
368.650596 6.36
368.714593 6.36
368.781361 6.36
368.850218 6.36
368.919238 6.36
368.979030 6.36
369.046363 6.36
369.110486 6.36
369.170016 6.36
369.234476 6.36
369.293348 6.36
369.357597 6.36
369.411982 6.36
369.482112 6.36
369.543481 6.36
369.598031 6.36
369.657490 6.36
369.712024 6.36
369.777037 6.36
369.842015 6.36
369.907026 6.36
369.962613 6.36
370.016863 6.36
370.083033 6.36
370.140255 6.36
370.199863 6.36
370.266032 6.36
370.331045 6.36
370.390484 6.36
370.451143 6.36
370.517018 6.36
370.577482 6.36
370.638261 6.36
370.704737 6.36
370.750610 6.36
370.811744 6.36
370.882059 6.36
370.943364 6.36
371.003138 6.36
371.069747 6.36
371.140030 6.36
371.205031 6.36
371.275032 6.36
371.344490 6.36
371.