0.000000 0.000000
0.084814 0.91
0.151050 0.90
0.199168 0.89
0.255416 0.90
0.315042 0.89
0.369540 0.89
0.433041 0.89
0.494416 0.88
0.545042 0.90
0.593166 0.90
0.649417 0.88
0.704380 0.88
0.774674 0.89
0.850212 0.90
0.925905 0.78
0.996209 0.78
1.060674 0.78
1.119672 0.77
1.183546 0.78
1.252547 0.79
1.321547 0.78
1.385937 0.80
1.456220 0.78
1.515678 0.78
1.574677 0.79
1.633675 0.81
1.687080 0.80
1.756551 0.78
1.825551 0.79
1.894552 0.78
1.963553 0.79
2.027677 0.79
2.088201 0.78
2.152203 0.79
2.216079 0.77
2.285203 0.79
2.354206 0.80
2.418208 0.77
2.482082 0.78
2.546205 0.78
2.610448 0.79
2.680960 0.79
2.750449 0.78
2.814558 0.79
2.878559 0.77
2.938934 0.79
3.008061 0.78
3.067062 0.78
3.131063 0.79
3.195087 0.76
3.259087 0.79
3.323064 0.80
3.382065 0.78
3.446065 0.80
3.510066 0.77
3.569065 0.79
3.633094 0.77
3.697065 0.81
3.766068 0.78
3.829940 0.78
3.898942 0.81
3.968067 0.78
4.037067 0.78
4.114568 0.78
4.167943 0.78
4.242071 0.79
4.305945 0.80
4.374945 0.77
4.446954 0.79
4.515953 0.78
4.593460 0.78
4.662462 0.77
4.731572 0.77
4.790073 0.77
4.859075 0.78
4.922956 0.80
4.991955 0.80
5.069467 0.78
5.138466 0.80
5.207576 0.79
5.262468 0.77
5.326702 0.79
5.376577 0.81
5.431579 0.79
5.486469 0.78
5.542854 0.79
5.598857 0.79
5.654856 0.78
5.718106 0.81
5.776960 0.79
5.840960 0.79
5.904961 0.80
5.968962 0.81
6.032963 0.78
6.100473 0.77
6.164474 0.80
6.241833 0.80
6.315963 0.77
6.379963 0.80
6.443963 0.80
6.507963 0.80
6.571962 0.79
6.630962 0.81
6.694963 0.80
6.758963 0.79
6.822970 0.78
6.886969 0.79
6.945969 0.76
7.009969 0.79
7.073966 0.78
7.137840 0.78
7.206967 0.80
7.266118 0.77
7.325116 0.77
7.384001 0.80
7.443120 0.76
7.501997 0.78
7.561000 0.78
7.620002 0.79
7.679002 0.80
7.737997 0.78
7.796997 0.80
7.856121 0.79
7.912846 0.77
7.977000 0.79
8.036000 0.80
8.094997 0.79
8.153990 0.77
8.212974 0.79
8.276974 0.80
8.340975 0.78
8.404976 0.80
8.468976 0.79
8.522850 0.77
8.586726 0.79
8.648127 0.79
8.698728 0.76
8.753245 0.76
8.811728 0.79
8.873127 0.78
8.927853 0.77
8.991853 0.77
9.055729 0.80
9.119854 0.80
9.183730 0.80
9.254131 0.80
9.308606 0.80
9.368248 0.79
9.426732 0.76
9.495496 0.76
9.554246 0.79
9.612734 0.79
9.681500 0.79
9.734985 0.77
9.793610 0.78
9.863737 0.79
9.917377 0.79
9.986251 0.77
10.044737 0.79
10.113862 0.78
10.182738 0.78
10.251502 0.77
10.304992 0.78
10.363739 0.77
10.432505 0.79
10.485991 0.79
10.544616 0.79
10.604741 0.79
10.673510 0.78
10.728617 0.78
10.788743 0.80
10.852509 0.79
10.902510 0.81
10.952509 0.78
11.017645 0.80
11.071259 0.78
11.131511 0.76
11.190397 0.78
11.243871 0.79
11.302621 0.80
11.362872 0.79
11.421748 0.78
11.481650 0.78
11.529024 0.77
11.578624 0.78
11.640026 0.77
11.689624 0.77
11.751024 0.78
11.800625 0.76
11.870653 0.79
11.927025 0.79
11.981626 0.79
12.043019 0.79
12.092627 0.79
12.166753 0.79
12.223030 0.78
12.286628 0.79
12.355253 0.80
12.413628 0.80
12.487504 0.77
12.547130 0.79
12.610630 0.77
12.679255 0.79
12.737631 0.80
12.806256 0.79
12.864632 0.78
12.938634 0.80
13.012759 0.78
13.081635 0.79
13.155885 0.79
13.219635 0.76
13.293636 0.80
13.367761 0.77
13.436762 0.79
13.505638 0.79
13.579888 0.79
13.643638 0.78
13.717764 0.80
13.781639 0.80
13.850889 0.78
13.914641 0.79
13.978641 0.77
14.042642 0.80
14.106767 0.77
14.170642 0.79
14.234768 0.76
14.298893 0.80
14.357644 0.79
14.421770 0.80
14.485769 0.79
14.549646 0.77
14.613771 0.78
14.677646 0.76
14.741647 0.78
14.805648 0.78
14.869648 0.79
14.933539 0.80
15.002649 0.79
15.066649 0.78
15.130775 0.80
15.194900 0.80
15.264175 0.79
15.328167 0.79
15.392177 0.80
15.456175 0.79
15.520177 0.78
15.575029 0.79
15.639179 0.80
15.703030 0.78
15.772545 0.78
15.841655 0.76
15.905655 0.78
15.969656 0.81
16.033657 0.77
16.097782 0.77
16.161657 0.78
16.220658 0.78
16.279908 0.79
16.349035 0.77
16.408036 0.80
16.472036 0.79
16.536036 0.80
16.600186 0.80
16.664052 0.78
16.723054 0.78
16.787055 0.78
16.846039 0.77
16.906416 0.79
16.954662 0.78
17.018664 0.77
17.082664 0.78
17.146664 0.81
17.210915 0.80
17.279914 0.78
17.343416 0.78
17.404792 0.76
17.455418 0.79
17.509917 0.80
17.573416 0.77
17.634792 0.76
17.694420 0.79
17.748918 0.78
17.812419 0.79
17.873794 0.78
17.924421 0.77
17.978920 0.77
18.042420 0.78
18.111048 0.79
18.169421 0.78
18.238048 0.80
18.296422 0.79
18.365049 0.79
18.423423 0.78
18.492050 0.79
18.550425 0.80
18.619051 0.79
18.677426 0.79
18.746052 0.79
18.804426 0.78
18.873053 0.77
18.931426 0.78
19.000054 0.76
19.058428 0.77
19.127054 0.77
19.185429 0.78
19.254056 0.79
19.312429 0.80
19.381057 0.80
19.435931 0.78
19.495931 0.78
19.555931 0.79
19.619432 0.80
19.688059 0.79
19.742933 0.77
19.806433 0.80
19.875061 0.78
19.929934 0.79
20.006935 0.79
20.065687 0.78
20.120450 0.78
20.184064 0.80
20.258451 0.80
20.323320 0.78
20.374320 0.79
20.425321 0.79
20.476342 0.79
20.545456 0.77
20.610316 0.77
20.664940 0.81
20.723566 0.77
20.783317 0.79
20.837941 0.77
20.896568 0.80
20.960208 0.78
21.019943 0.77
21.078568 0.77
21.142221 0.78
21.202460 0.78
21.271218 0.78
21.330945 0.78
21.391223 0.78
21.465224 0.78
21.525463 0.78
21.594223 0.78
21.654464 0.78
21.723223 0.78
21.786823 0.77
21.841957 0.79
21.902227 0.79
21.965700 0.77
22.025957 0.78
22.098469 0.78
22.158701 0.80
22.224228 0.80
22.293230 0.79
22.367228 0.77
22.435962 0.79
22.501704 0.78
22.565230 0.77
22.633959 0.79
22.688830 0.79
22.747205 0.77
22.812456 0.78
22.877207 0.78
22.925331 0.78
22.985457 0.78
23.040457 0.80
23.095458 0.79
23.150459 0.78
23.201584 0.78
23.250961 0.79
23.309334 0.80
23.365584 0.76
23.416211 0.79
23.470710 0.79
23.534212 0.79
23.602837 0.76
23.661213 0.81
23.729837 0.77
23.788213 0.79
23.856839 0.78
23.915214 0.78
23.983839 0.80
24.042215 0.79
24.110840 0.77
24.169216 0.79
24.237841 0.79
24.296217 0.77
24.364843 0.78
24.423218 0.78
24.491843 0.77
24.550219 0.78
24.618844 0.77
24.677220 0.78
24.745845 0.78
24.804220 0.77
24.872846 0.79
24.927846 0.79
24.986222 0.80
25.054848 0.80
25.113223 0.80
25.181849 0.78
25.236724 0.79
25.296724 0.77
25.356725 0.78
25.416725 0.79
25.476725 0.77
25.536726 0.80
25.596726 0.79
25.660227 0.78
25.720352 0.78
25.775352 0.79
25.826478 0.81
25.875854 0.77
25.934229 0.79
25.990479 0.80
26.041106 0.78
26.095605 0.79
26.159105 0.78
26.227731 0.80
26.286107 0.79
26.347482 0.80
26.398108 0.79
26.452608 0.78
26.516108 0.80
26.584734 0.78
26.643109 0.79
26.711735 0.80
26.770111 0.79
26.838735 0.80
26.897111 0.80
26.965737 0.78
27.024112 0.79
27.092738 0.80
27.151113 0.79
27.219739 0.80
27.278114 0.77
27.346739 0.80
27.401740 0.78
27.460115 0.79
27.528740 0.79
27.587117 0.80
27.655741 0.78
27.710742 0.78
27.765743 0.79
27.820742 0.77
27.875618 0.79
27.935619 0.80
27.995619 0.79
28.055619 0.79
28.115620 0.77
28.175621 0.80
28.235621 0.79
28.295621 0.77
28.355622 0.80
28.415622 0.78
28.475623 0.80
28.539123 0.81
28.607749 0.79
28.666124 0.78
28.726250 0.81
28.777375 0.78
28.835751 0.77
28.894126 0.78
28.950377 0.79
29.001002 0.77
29.049127 0.79
29.114004 0.77
29.168503 0.78
29.232004 0.79
29.300629 0.80
29.359008 0.78
29.422630 0.78
29.481007 0.78
29.549630 0.80
29.608007 0.79
29.676631 0.79
29.735008 0.80
29.803632 0.77
29.862009 0.78
29.930634 0.80
29.989012 0.79
30.052634 0.77
30.111011 0.79
30.179635 0.77
30.238012 0.78
30.306636 0.79
30.365013 0.78
30.433637 0.77
30.488638 0.80
30.547014 0.78
30.615639 0.80
30.670514 0.79
30.730514 0.77
30.790515 0.81
30.850640 0.78
30.909017 0.79
30.977642 0.79
31.032516 0.80
31.092517 0.77
31.152518 0.78
31.210893 0.79
31.276019 0.78
31.344645 0.78
31.399519 0.80
31.454520 0.77
31.512895 0.78
31.574271 0.77
31.633898 0.78
31.682022 0.79
31.745522 0.79
31.803897 0.79
31.865273 0.77
31.915900 0.77
31.964025 0.80
32.020275 0.78
32.070900 0.77
32.125400 0.77
32.188900 0.78
32.257526 0.80
32.315901 0.79
32.384527 0.78
32.442903 0.78
32.511528 0.79
32.569903 0.77
32.638528 0.79
32.697029 0.80
32.760530 0.80
32.818904 0.77
32.887531 0.78
32.945906 0.77
33.014531 0.79
33.072907 0.77
33.141532 0.79
33.199908 0.78
33.268533 0.79
33.328784 0.78
33.388909 0.77
33.457535 0.78
33.513812 0.78
33.568536 0.78
33.627662 0.78
33.687538 0.79
33.746663 0.78
33.806539 0.77
33.865664 0.80
33.926816 0.80
33.972814 0.78
34.027428 0.80
34.091428 0.78
34.155430 0.76
34.210542 0.79
34.269432 0.79
34.328067 0.80
34.386917 0.77
34.450918 0.79
34.510821 0.78
34.560435 0.78
34.624435 0.79
34.693434 0.79
34.757434 0.78
34.810920 0.79
34.874922 0.77
34.933547 0.78
34.992436 0.80
35.056437 0.79
35.120437 0.78
35.184437 0.77
35.248439 0.78
35.312446 0.79
35.376314 0.78
35.445316 0.78
35.519317 0.77
35.577801 0.80
35.641552 0.78
35.710802 0.80
35.774553 0.77
35.843553 0.79
35.897058 0.79
35.961446 0.79
36.030319 0.78
36.099332 0.78
36.168319 0.77
36.237320 0.80
36.306324 0.79
36.375323 0.78
36.444321 0.78
36.513449 0.78
36.577450 0.77
36.630809 0.78
36.694560 0.79
36.758199 0.77
36.818578 0.79
36.871079 0.77
36.925686 0.78
36.987080 0.79
37.036812 0.79
37.101714 0.78
37.149090 0.76
37.203689 0.79
37.272689 0.79
37.334065 0.80
37.393706 0.78
37.441065 0.79
37.491707 0.79
37.546205 0.80
37.609692 0.79
37.678331 0.79
37.736692 0.78
37.805332 0.78
37.863693 0.78
37.935459 0.78
37.993820 0.79
38.057695 0.76
38.131570 0.79
38.191461 0.78
38.249821 0.79
38.318571 0.77
38.387221 0.80
38.450697 0.78
38.519339 0.78
38.577699 0.80
38.646340 0.79
38.701342 0.78
38.759700 0.78
38.828339 0.80
38.888702 0.78
38.962577 0.79
39.036702 0.77
39.105466 0.80
39.155469 0.78
39.205471 0.78
39.274470 0.79
39.324468 0.77
39.409959 0.80
39.478959 0.78
39.537706 0.79
39.615232 0.80
39.670473 0.78
39.722961 0.78
39.781583 0.79
39.850475 0.78
39.914111 0.79
39.977584 0.80
40.038963 0.81
40.093710 0.78
40.165835 0.80
40.229836 0.78
40.289587 0.78
40.345588 0.80
40.401589 0.78
40.457589 0.79
40.513613 0.78
40.569590 0.77
40.625589 0.78
40.685715 0.79
40.754590 0.79
40.824591 0.79
40.884591 0.79
40.958591 0.77
41.027592 0.78
41.096592 0.79
41.170593 0.77
41.244594 0.78
41.318594 0.78
41.392720 0.80
41.461721 0.80
41.530720 0.78
41.599846 0.78
41.663597 0.78
41.732847 0.80
41.796597 0.79
41.870723 0.78
41.939599 0.81
42.013724 0.79
42.077600 0.79
42.141600 0.78
42.205601 0.78
42.269601 0.80
42.333601 0.78
42.397727 0.78
42.461602 0.78
42.525603 0.80
42.589604 0.78
42.653604 0.79
42.717605 0.80
42.781605 0.77
42.845731 0.78
42.909606 0.79
42.973607 0.77
43.037606 0.79
43.101732 0.80
43.165608 0.78
43.229608 0.78
43.293733 0.78
43.357609 0.77
43.421609 0.79
43.485611 0.79
43.549611 0.78
43.613611 0.78
43.677611 0.79
43.741737 0.78
43.805613 0.78
43.869613 0.80
43.933613 0.77
43.997614 0.78
44.061615 0.77
44.125615 0.77
44.189741 0.80
44.253616 0.79
44.317616 0.79
44.381617 0.78
44.445617 0.79
44.509743 0.80
44.573618 0.78
44.637743 0.80
44.701620 0.77
44.760620 0.78
44.824620 0.78
44.888621 0.80
44.952746 0.80
45.016622 0.80
45.075623 0.78
45.129138 0.79
45.182748 0.79
45.251624 0.79
45.315624 0.80
45.379874 0.79
45.449001 0.78
45.508000 0.78
45.572002 0.79
45.636002 0.79
45.705519 0.77
45.774752 0.80
45.825378 0.77
45.880007 0.77
45.940004 0.80
46.000029 0.80
46.055022 0.77
46.120380 0.79
46.175006 0.79
46.244522 0.80
46.313631 0.78
46.377631 0.77
46.441632 0.80
46.500275 0.79
46.564009 0.80
46.628009 0.77
46.692010 0.79
46.752527 0.79
46.821885 0.80
46.896275 0.80
46.956528 0.80
47.025761 0.79
47.089277 0.77
47.153014 0.78
47.213529 0.76
47.277279 0.78
47.337404 0.80
47.401015 0.78
47.456403 0.79
47.520016 0.80
47.575407 0.78
47.639017 0.78
47.689017 0.78
47.739018 0.78
47.789018 0.80
47.839018 0.78
47.902893 0.77
47.953020 0.81
48.003033 0.80
48.072020 0.77
48.135894 0.77
48.194536 0.78
48.258412 0.79
48.323298 0.81
48.377038 0.79
48.431897 0.78
48.490538 0.78
48.554539 0.79
48.614279 0.78
48.672773 0.80
48.736540 0.78
48.800541 0.76
48.860281 0.79
48.914776 0.79
48.978651 0.79
49.033652 0.79
49.088653 0.76
49.143653 0.78
49.213310 0.79
49.272655 0.78
49.327655 0.78
49.396905 0.79
49.457655 0.78
49.514659 0.77
49.580425 0.79
49.644546 0.77
49.703657 0.79
49.769673 0.79
49.834431 0.78
49.898661 0.78
49.962910 0.79
50.037427 0.79
50.091793 0.80
50.151309 0.80
50.217556 0.80
50.271316 0.79
50.335661 0.78
50.394790 0.78
50.455553 0.80
50.509303 0.79
50.573664 0.78
50.632577 0.78
50.693440 0.78
50.758312 0.79
50.817434 0.78
50.881434 0.77
50.941791 0.78
50.995435 0.78
51.059435 0.79
51.123309 0.79
51.192309 0.79
51.256440 0.78
51.320437 0.79
51.379436 0.78
51.443185 0.80
51.512560 0.79
51.573447 0.78
51.632800 0.79
51.696798 0.78
51.760797 0.78
51.814686 0.80
51.874452 0.78
51.935213 0.78
51.999675 0.77
52.069078 0.79
52.133446 0.80
52.197677 0.78
52.277443 0.76
52.331316 0.80
52.400451 0.77
52.459450 0.79
52.523447 0.79
52.587205 0.79
52.653447 0.78
52.712452 0.79
52.776450 0.77
52.840446 0.79
52.904681 0.78
52.965198 0.79
53.031685 0.78
53.095808 0.80
53.159807 0.76
53.228684 0.77
53.298199 0.78
53.362455 0.78
53.421825 0.78
53.486824 0.77
53.542570 0.78
53.602343 0.76
53.667336 0.79
53.726455 0.78
53.780456 0.80
53.841457 0.78
53.902349 0.78
53.967342 0.77
54.026189 0.78
54.091693 0.77
54.160690 0.77
54.219820 0.78
54.278218 0.78
54.347360 0.78
54.401568 0.76
54.470567 0.77
54.524466 0.79
54.588570 0.78
54.657694 0.77
54.721569 0.78
54.785073 0.80
54.854221 0.78
54.923584 0.80
54.998077 0.80
55.057702 0.79
55.121700 0.78
55.185956 0.77
55.247107 0.78
55.306349 0.78
55.386346 0.77
55.447106 0.78
55.510700 0.77
55.569076 0.79
55.637704 0.77
55.691228 0.76
55.754956 0.78
55.815202 0.80
55.878702 0.78
55.937082 0.78
56.000828 0.78
56.059204 0.79
56.128204 0.79
56.191704 0.77
56.246580 0.77
56.306705 0.78
56.361581 0.76
56.421581 0.77
56.481582 0.79
56.550708 0.78
56.619962 0.78
56.689115 0.78
56.740338 0.78
56.790966 0.79
56.845465 0.78
56.904098 0.79
56.968847 0.79
57.033722 0.79
57.098124 0.79
57.157255 0.77
57.216484 0.78
57.271969 0.78
57.331342 0.77
57.381227 0.79
57.445850 0.78
57.510347 0.77
57.570473 0.78
57.633974 0.78
57.702851 0.78
57.768003 0.79
57.832972 0.78
57.887471 0.77
57.946360 0.78
58.015722 0.78
58.079470 0.78
58.137973 0.79
58.197096 0.77
58.261487 0.78
58.325597 0.79
58.389722 0.78
58.458993 0.80
58.522991 0.79
58.586598 0.79
58.649229 0.77
58.708240 0.79
58.766599 0.78
58.830600 0.77
58.894725 0.78
58.955115 0.79
59.019226 0.77
59.082978 0.78
59.146601 0.79
59.207242 0.79
59.270980 0.80
59.340118 0.78
59.403981 0.77
59.473498 0.77
59.534149 0.78
59.592984 0.78
59.657013 0.77
59.720985 0.79
59.789983 0.78
59.845252 0.80
59.894859 0.79
59.956250 0.78
60.006860 0.78
60.056501 0.79
60.120485 0.80
60.189609 0.79
60.242988 0.78
60.299253 0.77
60.353736 0.78
60.413505 0.77
60.477487 0.78
60.541612 0.78
60.600505 0.78
60.658990 0.78
60.722489 0.78
60.786489 0.77
60.850490 0.79
60.914489 0.78
60.973141 0.80
61.036741 0.78
61.097017 0.77
61.156245 0.80
61.219995 0.79
61.283743 0.78
61.343995 0.78
61.407995 0.78
61.466996 0.79
61.530996 0.79
61.594870 0.79
61.663998 0.79
61.727998 0.78
61.791747 0.76
61.865872 0.77
61.935000 0.80
61.993499 0.78
62.051874 0.79
62.110500 0.79
62.174392 0.77
62.234881 0.78
62.288753 0.77
62.353752 0.78
62.408269 0.78
62.471752 0.78
62.533128 0.78
62.587752 0.80
62.649128 0.78
62.703753 0.80
62.769030 0.76
62.828779 0.80
62.878396 0.79
62.936882 0.79
62.995755 0.78
63.057131 0.78
63.111881 0.78
63.168132 0.77
63.222882 0.79
63.282788 0.77
63.332400 0.79
63.391274 0.79
63.454759 0.79
63.523385 0.78
63.581760 0.77
63.650402 0.76
63.708764 0.79
63.778765 0.80
63.833763 0.78
63.902390 0.79
63.960765 0.79
64.035027 0.80
64.093639 0.79
64.153889 0.78
64.222639 0.78
64.282890 0.78
64.346516 0.79
64.410285 0.78
64.484282 0.79
64.544517 0.78
64.608286 0.79
64.668285 0.78
64.723394 0.79
64.778535 0.77
64.828536 0.77
64.878537 0.79
64.948676 0.77
64.996051 0.78
65.050771 0.78
65.110647 0.77
65.164162 0.79
65.227772 0.80
65.286523 0.80
65.345288 0.78
65.403774 0.79
65.463651 0.78
65.522166 0.77
65.580775 0.79
65.640651 0.79
65.696652 0.78
65.752652 0.79
65.808652 0.79
65.863298 0.78
65.922309 0.77
65.981168 0.80
66.044903 0.78
66.108779 0.78
66.168655 0.79
66.233536 0.78
66.292783 0.76
66.356782 0.78
66.420781 0.79
66.495672 0.79
66.569782 0.80
66.638657 0.79
66.707423 0.80
66.760909 0.79
66.819659 0.78
66.888424 0.79
66.941785 0.80
67.005910 0.80
67.069661 0.77
67.133911 0.80
67.197787 0.80
67.261787 0.79
67.325788 0.79
67.394538 0.79
67.463789 0.79
67.532665 0.78
67.606790 0.80
67.670666 0.80
67.739670 0.77
67.803916 0.77
67.867792 0.79
67.926917 0.79
67.985918 0.80
68.045801 0.80
68.102555 0.78
68.156187 0.78
68.220188 0.79
68.284199 0.80
68.348186 0.79
68.407804 0.80
68.472083 0.76
68.535673 0.77
68.591922 0.80
68.646673 0.79
68.715673 0.79
68.780804 0.78
68.846557 0.77
68.896052 0.79
68.960202 0.78
69.015052 0.77
69.073801 0.80
69.135062 0.77
69.195680 0.78
69.259679 0.79
69.323553 0.78
69.397554 0.79
69.461335 0.78
69.520563 0.78
69.589184 0.80
69.647560 0.77
69.711182 0.80
69.769684 0.78
69.838694 0.77
69.903688 0.79
69.976685 0.79
70.035809 0.79
70.094558 0.80
70.158198 0.79
70.218562 0.79
70.277686 0.78
70.341577 0.78
70.410453 0.77
70.475686 0.80
70.530686 0.78
70.594187 0.77
70.652688 0.80
70.707688 0.79
70.760939 0.78
70.816064 0.79
70.874564 0.79
70.939441 0.81
70.987564 0.79
71.043815 0.79
71.098456 0.78
71.172567 0.79
71.228817 0.79
71.279443 0.79
71.334071 0.79
71.392568 0.79
71.457473 0.78
71.512069 0.80
71.570569 0.79
71.635446 0.78
71.689945 0.77
71.753571 0.78
71.818447 0.77
71.873075 0.78
71.931697 0.78
71.995448 0.78
72.060074 0.77
72.118448 0.77
72.187073 0.77
72.245574 0.77
72.309324 0.79
72.383451 0.77
72.457342 0.77
72.517451 0.78
72.586577 0.79
72.650577 0.79
72.714577 0.78
72.778714 0.77
72.843346 0.78
72.912834 0.78
72.973582 0.80
73.037082 0.78
73.091959 0.80
73.156081 0.78
73.219963 0.79
73.284475 0.79
73.348109 0.77
73.407112 0.79
73.462114 0.80
73.515709 0.78
73.582963 0.78
73.641965 0.77
73.701086 0.76
73.754710 0.78
73.818586 0.80
73.877461 0.77
73.946716 0.78
73.997346 0.79
74.051841 0.79
74.115341 0.77
74.183971 0.78
74.242466 0.80
74.307345 0.78
74.361715 0.80
74.416245 0.79
74.477360 0.79
74.546716 0.76
74.610359 0.79
74.679173 0.77
74.753469 0.79
74.817344 0.78
74.885970 0.79
74.949845 0.77
75.032221 0.78
75.096220 0.78
75.164846 0.78
75.224973 0.77
75.285472 0.79
75.348973 0.79
75.409611 0.79
75.479352 0.79
75.543474 0.78
75.602252 0.78
75.665976 0.79
75.721240 0.78
75.795601 0.78
75.854227 0.77
75.919351 0.77
75.987978 0.80
76.042979 0.77
76.096478 0.78
76.154980 0.76
76.218854 0.78
76.277604 0.79
76.336246 0.77
76.401605 0.76
76.465247 0.79
76.530481 0.79
76.599487 0.78
76.650612 0.79
76.709736 0.80
76.768252 0.79
76.838738 0.79
76.902486 0.78
76.960859 0.78
77.030381 0.79
77.094617 0.78
77.149864 0.78
77.208255 0.78
77.278264 0.78
77.342738 0.76
77.406612 0.79
77.456741 0.77
77.521497 0.78
77.581394 0.77
77.642622 0.78
77.708171 0.79
77.772390 0.76
77.841384 0.78
77.905160 0.78
77.964626 0.78
78.028504 0.78
78.093396 0.77
78.157506 0.80
78.227391 0.79
78.288432 0.79
78.342759 0.80
78.398125 0.79
78.462752 0.79
78.532074 0.77
78.595875 0.80
78.650872 0.78
78.705876 0.78
78.760749 0.78
78.826248 0.78
78.894873 0.77
78.949873 0.78
79.004750 0.80
79.063393 0.76
79.118127 0.80
79.167877 0.76
79.221376 0.78
79.286127 0.77
79.334400 0.79
79.398509 0.79
79.457628 0.79
79.512635 0.78
79.576271 0.77
79.645148 0.78
79.719270 0.79
79.784132 0.79
79.840505 0.79
79.895276 0.79
79.955759 0.80
80.014132 0.77
80.083135 0.79
80.153134 0.78
80.222134 0.79
80.296134 0.78
80.370135 0.78
80.444165 0.78
80.503139 0.78
80.572136 0.78
80.640761 0.78
80.699137 0.78
80.767765 0.78
80.826140 0.79
80.897394 0.79
80.961155 0.79
81.035390 0.79
81.099017 0.78
81.163157 0.80
81.222655 0.79
81.294312 0.79
81.348655 0.80
81.409144 0.78
81.478410 0.78
81.542162 0.78
81.606166 0.78
81.672285 0.80
81.727525 0.80
81.791167 0.77
81.860022 0.76
81.929023 0.78
81.998288 0.79
82.053398 0.79
82.112167 0.78
82.170773 0.79
82.232649 0.79
82.291025 0.78
82.360165 0.78
82.429026 0.78
82.498165 0.77
82.562153 0.78
82.631176 0.78
82.695028 0.79
82.759028 0.78
82.823056 0.79
82.892034 0.79
82.956424 0.78
83.011535 0.79
83.070171 0.78
83.134186 0.80
83.198035 0.78
83.262198 0.80
83.332430 0.78
83.391163 0.78
83.450063 0.78
83.519175 0.78
83.583196 0.80
83.652786 0.77
83.718660 0.79
83.788431 0.78
83.853052 0.80
83.912071 0.80
83.976423 0.77
84.030662 0.80
84.084039 0.78
84.143185 0.77
84.204322 0.78
84.259542 0.79
84.328802 0.79
84.393312 0.79
84.443309 0.79
84.501918 0.78
84.567306 0.78
84.627181 0.79
84.696070 0.78
84.765043 0.78
84.839186 0.78
84.890294 0.79
84.949071 0.77
85.000310 0.79
85.059958 0.79
85.109545 0.79
85.168186 0.79
85.223191 0.79
85.282963 0.78
85.339550 0.78
85.403422 0.78
85.467441 0.79
85.531549 0.78
85.595569 0.80
85.661078 0.78
85.720056 0.77
85.784452 0.77
85.848429 0.79
85.912552 0.78
85.971552 0.78
86.030081 0.79
86.088558 0.78
86.146928 0.78
86.211056 0.78
86.279930 0.79
86.344086 0.78
86.402555 0.78
86.456430 0.79
86.522088 0.78
86.581215 0.79
86.634933 0.79
86.699058 0.77
86.760200 0.80
86.819088 0.79
86.883212 0.77
86.942086 0.78
87.006215 0.79
87.065090 0.79
87.129214 0.79
87.193215 0.78
87.248062 0.79
87.312091 0.78
87.375937 0.80
87.440093 0.80
87.503813 0.79
87.569219 0.78
87.623939 0.77
87.679218 0.77
87.733940 0.77
87.785208 0.79
87.835845 0.79
87.883209 0.78
87.937941 0.79
87.994208 0.79
88.044847 0.78
88.099460 0.78
88.157943 0.78
88.226818 0.79
88.283222 0.77
88.337694 0.78
88.397462 0.79
88.455954 0.78
88.524820 0.79
88.593821 0.79
88.662821 0.80
88.731822 0.77
88.800823 0.77
88.869698 0.77
88.933339 0.78
89.002340 0.78
89.065956 0.79
89.129959 0.80
89.193958 0.78
89.257958 0.77
89.326827 0.77
89.395577 0.80
89.454467 0.79
89.523345 0.77
89.586956 0.77
89.650829 0.79
89.719579 0.79
89.778472 0.79
89.847347 0.77
89.916472 0.79
89.985348 0.78
90.054475 0.79
90.118475 0.76
90.182474 0.79
90.246476 0.79
90.302739 0.78
90.350111 0.78
90.404963 0.79
90.468835 0.80
90.532835 0.78
90.596962 0.78
90.651741 0.78
90.701478 0.78
90.752741 0.78
90.800115 0.79
90.849713 0.78
90.919743 0.78
90.967118 0.79
91.030966 0.79
91.089715 0.78
91.149743 0.78
91.206244 0.79
91.264841 0.80
91.323482 0.77
91.376974 0.77
91.435842 0.77
91.499843 0.78
91.563483 0.80
91.616974 0.79
91.675844 0.78
91.739719 0.78
91.803845 0.80
91.867845 0.79
91.932007 0.78
91.990846 0.79
92.054847 0.78
92.118847 0.78
92.182848 0.76
92.246724 0.78
92.315849 0.80
92.379849 0.77
92.443850 0.77
92.507850 0.80
92.566850 0.78
92.630851 0.78
92.694727 0.80
92.763852 0.77
92.822727 0.80
92.891493 0.77
92.944009 0.79
93.002854 0.77
93.066855 0.77
93.130730 0.76
93.199855 0.77
93.258855 0.80
93.318010 0.78
93.367732 0.78
93.426373 0.79
93.477637 0.77
93.525012 0.78
93.575014 0.78
93.624734 0.80
93.688609 0.78
93.762735 0.78
93.826610 0.79
93.897378 0.77
93.956126 0.79
94.007017 0.78
94.071378 0.80
94.124862 0.78
94.183612 0.78
94.245017 0.77
94.308863 0.81
94.372739 0.77
94.431739 0.77
94.500615 0.77
94.569615 0.78
94.643741 0.77
94.707616 0.78
94.776742 0.78
94.845742 0.78
94.909743 0.80
94.978744 0.80
95.042869 0.80
95.101744 0.78
95.170745 0.80
95.234245 0.79
95.292620 0.80
95.361246 0.77
95.419621 0.78
95.488247 0.76
95.546622 0.78
95.615248 0.77
95.673623 0.79
95.742248 0.79
95.800624 0.78
95.869250 0.79
95.924125 0.79
95.984126 0.77
96.044126 0.77
96.104127 0.77
96.164127 0.79
96.224127 0.78
96.282502 0.80
96.347753 0.80
96.411254 0.78
96.466130 0.79
96.524505 0.80
96.585880 0.77
96.640631 0.79
96.704631 0.79
96.758757 0.77
96.817759 0.79
96.881633 0.79
96.945759 0.79
97.009759 0.78
97.073634 0.78
97.137760 0.77
97.201760 0.76
97.265636 0.77
97.329761 0.77
97.393762 0.78
97.457637 0.80
97.521763 0.80
97.585763 0.77
97.649638 0.79
97.713889 0.77
97.788764 0.78
97.852643 0.77
97.918640 0.78
97.987767 0.78
98.051770 0.78
98.110768 0.78
98.170084 0.78
98.229159 0.77
98.282768 0.80
98.346647 0.78
98.405519 0.79
98.474770 0.77
98.538645 0.78
98.602771 0.78
98.663646 0.78
98.722647 0.79
98.781772 0.78
98.846052 0.78
98.905053 0.80
98.964178 0.77
99.033774 0.78
99.097649 0.79
99.156775 0.80
99.217055 0.78
99.281055 0.78
99.335901 0.78
99.401432 0.80
99.461542 0.79
99.525777 0.78
99.580778 0.80
99.635653 0.79
99.694654 0.78
99.753654 0.78
99.817780 0.79
99.872655 0.78
99.931780 0.80
99.986655 0.79
100.045656 0.78
100.104549 0.78
100.168782 0.78
100.238061 0.78
100.312658 0.79
100.371659 0.78
100.430659 0.79
100.494785 0.80
100.564065 0.78
100.638551 0.79
100.702787 0.79
100.766662 0.78
100.830662 0.77
100.889788 0.78
100.958913 0.79
101.018068 0.79
101.092665 0.79
101.146665 0.78
101.200665 0.79
101.254666 0.78
101.313559 0.77
101.372666 0.78
101.426666 0.77
101.485667 0.79
101.544558 0.77
101.603668 0.79
101.662668 0.80
101.716669 0.79
101.775562 0.77
101.834669 0.79
101.893670 0.80
101.943670 0.78
101.997671 0.79
102.056671 0.77
102.106672 0.79
102.165672 0.78
102.220672 0.78
102.275673 0.78
102.330673 0.78
102.385674 0.80
102.440674 0.79
102.490549 0.78
102.554318 0.79
102.624331 0.78
102.680328 0.79
102.735205 0.78
102.809442 0.78
102.873567 0.76
102.932678 0.79
102.987678 0.79
103.042447 0.79
103.106569 0.77
103.165679 0.79
103.225930 0.78
103.280679 0.78
103.335680 0.79
103.390681 0.79
103.454434 0.78
103.523325 0.79
103.597448 0.77
103.661575 0.78
103.720684 0.78
103.786684 0.78
103.852211 0.78
103.916211 0.80
103.990327 0.78
104.059575 0.78
104.118454 0.79
104.173687 0.79
104.237330 0.77
104.306216 0.79
104.370453 0.79
104.434457 0.79
104.487814 0.79
104.546331 0.79
104.615457 0.78
104.674457 0.78
104.734941 0.78
104.798816 0.80
104.864222 0.77
104.924221 0.79
104.993221 0.78
105.057221 0.76
105.126585 0.77
105.181224 0.77
105.245462 0.79
105.305945 0.79
105.364821 0.77
105.433696 0.78
105.497463 0.78
105.561226 0.79
105.630588 0.79
105.694463 0.77
105.758467 0.78
105.822464 0.78
105.886104 0.79
105.955105 0.79
106.024105 0.77
106.093701 0.80
106.157826 0.80
106.216345 0.80
106.280470 0.78
106.344471 0.79
106.408346 0.77
106.477704 0.79
106.546830 0.78
106.607233 0.79
106.681234 0.78
106.747235 0.79
106.813235 0.79
106.877476 0.79
106.941243 0.78
107.010476 0.78
107.074235 0.80
107.143351 0.77
107.196709 0.78
107.255710 0.79
107.319710 0.78
107.393836 0.78
107.448586 0.80
107.512837 0.80
107.574712 0.77
107.628116 0.79
107.693588 0.77
107.752240 0.79
107.812839 0.78
107.873119 0.78
107.937483 0.79
107.987243 0.79
108.047841 0.79
108.113484 0.78
108.163243 0.79
108.227244 0.79
108.296359 0.77
108.351856 0.79
108.421365 0.77
108.480249 0.79
108.544595 0.79
108.613720 0.78
108.672095 0.79
108.740720 0.79
108.799095 0.78
108.867721 0.79
108.926097 0.78
108.994722 0.76
109.053097 0.79
109.121722 0.79
109.180098 0.79
109.248723 0.78
109.307099 0.78
109.375724 0.78
109.434100 0.79
109.502725 0.80
109.561101 0.78
109.629726 0.80
109.688102 0.80
109.756727 0.79
109.811728 0.77
109.866603 0.78
109.926603 0.79
109.986604 0.77
110.046604 0.78
110.106604 0.80
110.166606 0.76
110.230106 0.80
110.298732 0.78
110.353607 0.78
110.417107 0.80
110.473357 0.79
110.532984 0.77
110.598234 0.80
110.649359 0.79
110.708985 0.79
110.763485 0.77
110.826986 0.79
110.888361 0.78
110.938987 0.78
110.987112 0.78
111.043362 0.78
111.093989 0.79
111.148488 0.80
111.211989 0.78
111.280614 0.76
111.338990 0.77
111.407615 0.78
111.465991 0.80
111.534616 0.79
111.592992 0.80
111.661617 0.79
111.719993 0.79
111.788618 0.79
111.846994 0.79
111.915618 0.80
111.973995 0.78
112.042619 0.78
112.100996 0.78
112.169620 0.78
112.227997 0.78
112.296622 0.77
112.354998 0.78
112.423622 0.77
112.481998 0.78
112.550623 0.78
112.609000 0.80
112.677624 0.78
112.732500 0.80
112.796001 0.79
112.864626 0.77
112.919501 0.77
112.979502 0.77
113.039502 0.79
113.099502 0.79
113.159503 0.78
113.219503 0.78
113.279504 0.79
113.339504 0.80
113.399505 0.78
113.463006 0.78
113.519258 0.80
113.578038 0.78
113.637037 0.78
113.701133 0.79
113.760038 0.79
113.824134 0.77
113.883039 0.78
113.947135 0.77
114.006025 0.79
114.070165 0.78
114.129041 0.78
114.193166 0.79
114.251512 0.79
114.310040 0.78
114.369043 0.78
114.433168 0.78
114.492044 0.79
114.556169 0.77
114.619889 0.79
114.684046 0.77
114.748167 0.78
114.811891 0.78
114.876045 0.80
114.940172 0.77
114.998767 0.78
115.059536 0.76
115.118644 0.77
115.177519 0.80
115.238048 0.78
115.302161 0.79
115.361050 0.79
115.425170 0.80
115.484022 0.78
115.548049 0.78
115.607170 0.78
115.671148 0.79
115.729773 0.78
115.793524 0.78
115.854431 0.77
115.909524 0.79
115.974061 0.78
116.024300 0.79
116.088414 0.76
116.145179 0.79
116.196412 0.80
116.260781 0.77
116.330810 0.80
116.378170 0.78
116.432903 0.76
116.496904 0.78
116.555904 0.80
116.619908 0.79
116.683780 0.78
116.752548 0.78
116.811423 0.79
116.880546 0.78
116.939549 0.79
117.003297 0.79
117.062423 0.79
117.131909 0.78
117.190909 0.78
117.249909 0.77
117.313910 0.79
117.372910 0.76
117.437189 0.78
117.506426 0.79
117.570303 0.79
117.628912 0.79
117.692663 0.80
117.753068 0.79
117.806913 0.78
117.870664 0.78
117.934664 0.76
117.995069 0.77
118.053790 0.79
118.122555 0.79
118.181433 0.78
118.250308 0.79
118.310559 0.77
118.369435 0.77
118.425697 0.78
118.479187 0.80
118.540698 0.78
118.599436 0.79
118.658436 0.80
118.723744 0.78
118.783700 0.78
118.835188 0.79
118.888921 0.78
118.943702 0.77
118.991049 0.76
119.049673 0.79
119.111078 0.76
119.161191 0.81
119.230440 0.79
119.289191 0.80
119.347800 0.77
119.411675 0.77
119.481703 0.78
119.541801 0.77
119.607317 0.79
119.660677 0.78
119.734802 0.78
119.798446 0.78
119.852194 0.77
119.926197 0.77
119.984804 0.80
120.053680 0.79
120.122326 0.77
120.180681 0.78
120.254806 0.79
120.323937 0.78
120.387808 0.80
120.451808 0.79
120.520809 0.80
120.589809 0.78
120.653809 0.76
120.717810 0.79
120.781810 0.79
120.845686 0.77
120.919689 0.76
120.983326 0.77
121.052188 0.76
121.107329 0.78
121.166204 0.78
121.226336 0.78
121.279689 0.79
121.343456 0.77
121.407207 0.79
121.462205 0.78
121.536209 0.78
121.594692 0.79
121.658333 0.78
121.716692 0.78
121.781569 0.79
121.836223 0.77
121.894569 0.77
121.964570 0.78
122.012819 0.78
122.063945 0.78
122.127696 0.80
122.196967 0.78
122.246697 0.76
122.315697 0.80
122.380602 0.78
122.435227 0.78
122.493955 0.77
122.548699 0.77
122.613603 0.79
122.663109 0.77
122.732215 0.79
122.790700 0.77
122.854701 0.79
122.918576 0.78
122.987702 0.79
123.056827 0.78
123.115828 0.78
123.179703 0.79
123.248704 0.78
123.326147 0.78
123.390234 0.78
123.454580 0.78
123.528711 0.76
123.587224 0.80
123.645707 0.78
123.723082 0.77
123.783583 0.78
123.857709 0.79
123.926709 0.78
123.990584 0.80
124.059585 0.77
124.133711 0.79
124.192711 0.77
124.256711 0.80
124.315712 0.78
124.379713 0.78
124.443713 0.77
124.502213 0.79
124.556103 0.77
124.620119 0.79
124.679089 0.78
124.743118 0.78
124.807105 0.80
124.872470 0.78
124.926096 0.80
124.989973 0.77
125.054234 0.81
125.117969 0.79
125.182121 0.80
125.242122 0.77
125.306122 0.80
125.375101 0.81
125.433720 0.78
125.497720 0.77
125.561364 0.80
125.616126 0.79
125.685364 0.80
125.741476 0.77
125.796115 0.78
125.860116 0.79
125.918724 0.78
125.977474 0.76
126.051849 0.79
126.120976 0.79
126.195601 0.79
126.259601 0.79
126.323855 0.80
126.393134 0.79
126.467352 0.78
126.527478 0.81
126.596104 0.78
126.660146 0.79
126.734731 0.76
126.788856 0.77
126.857981 0.79
126.922731 0.79
126.986999 0.79
127.040983 0.78
127.094607 0.79
127.153501 0.80
127.217498 0.77
127.286985 0.78
127.346247 0.78
127.409985 0.79
127.459873 0.77
127.528987 0.78
127.594736 0.77
127.649487 0.76
127.713737 0.78
127.768505 0.79
127.837613 0.78
127.901752 0.79
127.962020 0.78
128.031864 0.78
128.096009 0.79
128.155992 0.77
128.216370 0.79
128.266019 0.79
128.325992 0.79
128.386617 0.78
128.450618 0.78
128.509743 0.79
128.564507 0.79
128.634512 0.77
128.698882 0.79
128.762996 0.79
128.827387 0.77
128.896023 0.79
128.960264 0.79
129.020622 0.79
129.085027 0.76
129.149149 0.78
129.213513 0.79
129.277873 0.76
129.333516 0.79
129.392750 0.77
129.456268 0.79
129.516517 0.79
129.575626 0.78
129.634501 0.79
129.693003 0.80
129.753519 0.77
129.817394 0.78
129.881510 0.79
129.945272 0.78
130.014284 0.79
130.088284 0.79
130.157418 0.80
130.226756 0.80
130.290756 0.80
130.354257 0.78
130.428272 0.79
130.499024 0.79
130.573273 0.78
130.642525 0.77
130.702263 0.78
130.766275 0.80
130.822635 0.78
130.877276 0.78
130.951527 0.78
131.010276 0.78
131.084887 0.77
131.143281 0.77
131.212514 0.78
131.276281 0.77
131.340281 0.80
131.414765 0.80
131.480405 0.79
131.549405 0.78
131.618407 0.79
131.684169 0.79
131.758170 0.79
131.827536 0.79
131.891768 0.78
131.960894 0.77
132.025172 0.77
132.094174 0.78
132.158410 0.78
132.217413 0.79
132.281411 0.77
132.340414 0.80
132.404287 0.79
132.468177 0.78
132.542655 0.78
132.608177 0.80
132.668649 0.78
132.727414 0.80
132.791417 0.77
132.855415 0.78
132.914415 0.79
132.978415 0.77
133.032418 0.79
133.096651 0.78
133.151528 0.80
133.210172 0.77
133.279420 0.77
133.343296 0.79
133.412420 0.80
133.466531 0.77
133.516422 0.79
133.575298 0.78
133.631531 0.80
133.681656 0.80
133.745782 0.78
133.804657 0.80
133.863783 0.77
133.917783 0.78
133.986784 0.78
134.050784 0.79
134.105663 0.78
134.160535 0.79
134.210177 0.78
134.269304 0.79
134.333789 0.80
134.402662 0.78
134.477191 0.78
134.536429 0.79
134.600430 0.80
134.664306 0.78
134.728182 0.78
134.797553 0.78
134.861917 0.78
134.933042 0.78
135.002433 0.77
135.061195 0.79
135.135550 0.80
135.201185 0.79
135.270669 0.80
135.344669 0.79
135.408794 0.78
135.472545 0.79
135.546796 0.76
135.610796 0.79
135.670671 0.79
135.729188 0.78
135.789797 0.77
135.851922 0.77
135.921049 0.80
135.990439 0.79
136.040191 0.79
136.099054 0.78
136.163442 0.79
136.213080 0.78
136.277443 0.79
136.327052 0.77
136.391055 0.79
136.455445 0.78
136.505081 0.77
136.569443 0.79
136.638803 0.78
136.707929 0.79
136.777055 0.79
136.841209 0.78
136.905197 0.77
136.964084 0.77
137.033208 0.78
137.097089 0.78
137.161337 0.77
137.215088 0.80
137.279462 0.78
137.340198 0.79
137.404559 0.79
137.473934 0.78
137.538061 0.77
137.602062 0.77
137.666062 0.78
137.730454 0.77
137.796066 0.78
137.865204 0.80
137.929063 0.79
137.998205 0.79
138.062217 0.78
138.121206 0.79
138.180207 0.77
138.244208 0.79
138.308225 0.77
138.372339 0.79
138.432067 0.78
138.501584 0.78
138.561942 0.78
138.622339 0.78
138.675955 0.78
138.755596 0.80
138.821073 0.78
138.880465 0.80
138.949696 0.80
139.008962 0.78
139.089957 0.79
139.154828 0.80
139.219112 0.79
139.278473 0.78
139.339702 0.78
139.409584 0.79
139.474471 0.78
139.544354 0.79
139.614474 0.79
139.674137 0.78
139.738705 0.79
139.797705 0.78
139.856579 0.80
139.926249 0.76
139.985233 0.79
140.039351 0.79
140.100241 0.78
140.159591 0.77
140.229834 0.76
140.294364 0.79
140.354137 0.80
140.429596 0.79
140.505133 0.78
140.570144 0.79
140.631465 0.79
140.691143 0.80
140.752486 0.80
140.817227 0.79
140.876001 0.77
140.930377 0.80
140.990154 0.79
141.049723 0.78
141.109368 0.78
141.169132 0.79
141.223368 0.79
141.283141 0.78
141.344221 0.78
141.405148 0.79
141.460717 0.78
141.521236 0.79
141.570970 0.79
141.630368 0.80
141.692718 0.78
141.753371 0.79
141.813134 0.78
141.867375 0.79
141.921473 0.80
141.981856 0.76
142.035846 0.78
142.105232 0.77
142.160599 0.79
142.219486 0.80
142.280371 0.78
142.344980 0.79
142.410154 0.78
142.479978 0.79
142.555501 0.78
142.620134 0.79
142.678974 0.78
142.742851 0.79
142.816725 0.80
142.880492 0.77
142.944601 0.80
143.013991 0.80
143.072983 0.78
143.127174 0.80
143.188148 0.79
143.248480 0.79
143.312982 0.78
143.376981 0.76
143.436481 0.78
143.495497 0.78
143.559606 0.79
143.619606 0.77
143.678609 0.76
143.738481 0.79
143.797496 0.77
143.861497 0.79
143.925611 0.78
143.976735 0.78
144.026486 0.79
144.085380 0.78
144.141737 0.78
144.196154 0.77
144.255254 0.77
144.317746 0.79
144.372156 0.77
144.442157 0.78
144.496865 0.79
144.556277 0.78
144.620382 0.78
144.679258 0.78
144.732738 0.78
144.790754 0.78
144.844867 0.78
144.908867 0.79
144.973389 0.80
145.048282 0.79
145.102287 0.77
145.171508 0.79
145.230868 0.78
145.299742 0.79
145.368744 0.78
145.437744 0.77
145.511870 0.78
145.575745 0.79
145.639746 0.78
145.708496 0.77
145.767263 0.78
145.825876 0.78
145.884875 0.78
145.949007 0.78
146.015626 0.78
146.085192 0.78
146.144879 0.79
146.199295 0.80
146.255528 0.77
146.314880 0.79
146.374280 0.78
146.428273 0.80
146.489284 0.77
146.549009 0.77
146.610287 0.78
146.666257 0.78
146.730891 0.79
146.792173 0.78
146.853289 0.78
146.909412 0.78
146.969174 0.78
147.029067 0.79
147.090404 0.79
147.149271 0.79
147.207756 0.77
147.268013 0.80
147.317759 0.77
147.369185 0.77
147.433888 0.79
147.499646 0.76
147.558761 0.78
147.615211 0.79
147.674889 0.77
147.733762 0.78
147.788014 0.80
147.842888 0.77
147.902015 0.78
147.956638 0.78
148.031283 0.79
148.095765 0.78
148.160196 0.78
148.219893 0.78
148.270055 0.77
148.329282 0.80
148.387905 0.79
148.447160 0.79
148.511159 0.78
148.570898 0.79
148.631770 0.78
148.701897 0.78
148.760896 0.79
148.819770 0.79
148.883769 0.78
148.945298 0.77
149.003895 0.78
149.064774 0.78
149.123901 0.78
149.183204 0.78
149.242291 0.77
149.307036 0.77
149.366292 0.78
149.435165 0.77
149.499307 0.78
149.558159 0.78
149.618166 0.77
149.687786 0.78
149.741275 0.81
149.801788 0.77
149.862779 0.78
149.926530 0.80
149.992032 0.79
150.056297 0.78
150.125906 0.78
150.184908 0.78
150.235039 0.78
150.300534 0.78
150.355042 0.77
150.410537 0.78
150.458665 0.79
150.523539 0.79
150.574546 0.77
150.628784 0.79
150.687787 0.79
150.751788 0.78
150.810785 0.80
150.889205 0.78
150.954799 0.79
151.019917 0.79
151.085544 0.80
151.136543 0.77
151.187541 0.78
151.237038 0.79
151.301191 0.79
151.375788 0.78
151.436916 0.79
151.506328 0.78
151.575789 0.77
151.639920 0.80
151.709557 0.78
151.783916 0.77
151.853194 0.78
151.917198 0.78
151.981044 0.79
152.040206 0.78
152.109793 0.80
152.163669 0.80
152.222187 0.78
152.281673 0.78
152.340797 0.80
152.399671 0.78
152.453188 0.78
152.512204 0.77
152.586923 0.78
152.651213 0.78
152.725799 0.78
152.779799 0.80
152.838799 0.77
152.893935 0.77
152.964433 0.78
153.024801 0.80
153.078801 0.80
153.134239 0.77
153.203679 0.77
153.262931 0.79
153.328432 0.80
153.379446 0.78
153.438806 0.80
153.493812 0.80
153.563684 0.79
153.622939 0.80
153.682944 0.77
153.736810 0.80
153.787083 0.78
153.857331 0.79
153.926945 0.78
154.004562 0.78
154.060693 0.79
154.122064 0.78
154.186812 0.78
154.240686 0.78
154.294942 0.78
154.359062 0.79
154.419686 0.77
154.478311 0.80
154.538690 0.78
154.611091 0.79
154.671580 0.77
154.730064 0.78
154.793938 0.77
154.854456 0.77
154.923565 0.78
154.987457 0.78
155.056571 0.76
155.120566 0.79
155.179457 0.79
155.238457 0.78
155.304071 0.79
155.363445 0.79
155.432828 0.79
155.487074 0.78
155.542493 0.77
155.609124 0.77
155.673846 0.77
155.739131 0.78
155.798826 0.77
155.858585 0.79
155.923579 0.79
155.982587 0.78
156.052575 0.78
156.111585 0.80
156.170960 0.78
156.240583 0.79
156.304467 0.79
156.373579 0.76
156.432577 0.80
156.491702 0.78
156.548332 0.78
156.631237 0.80
156.695704 0.78
156.773703 0.80
156.837704 0.79
156.896707 0.80
156.946706 0.80
156.996705 0.78
157.071222 0.78
157.145707 0.78
157.228707 0.79
157.303234 0.78
157.386122 0.77
157.450480 0.79
157.514724 0.80
157.568838 0.79
157.629476 0.79
157.688480 0.79
157.747476 0.78
157.811484 0.80
157.875713 0.78
157.940490 0.79
157.999841 0.78
158.064473 0.80
158.125721 0.77
158.185475 0.78
158.255597 0.78
158.310842 0.78
158.369842 0.77
158.433717 0.78
158.503362 0.77
158.567601 0.80
158.624847 0.78
158.690503 0.79
158.760603 0.77
158.826483 0.77
158.896604 0.80
158.962493 0.80
159.017724 0.80
159.077722 0.78
159.142239 0.78
159.211364 0.79
159.280238 0.78
159.354725 0.78
159.429725 0.76
159.493851 0.79
159.563245 0.79
159.627612 0.79
159.699497 0.78
159.763861 0.78
159.839609 0.80
159.909737 0.80
159.969485 0.77
160.039509 0.78
160.109609 0.79
160.174489 0.77
160.235482 0.77
160.299501 0.79
160.358480 0.78
160.422121 0.78
160.496496 0.79
160.555734 0.80
160.614734 0.79
160.680619 0.78
160.734863 0.78
160.809746 0.80
160.870618 0.78
160.930114 0.77
160.994614 0.78
161.053737 0.77
161.107255 0.76
161.167737 0.78
161.217623 0.78
161.273131 0.79
161.336862 0.77
161.398863 0.78
161.452238 0.79
161.516491 0.78
161.566116 0.78
161.630384 0.78
161.689286 0.79
161.753259 0.79
161.813615 0.79
161.877747 0.79
161.936506 0.79
161.991258 0.78
162.060271 0.79
162.129147 0.79
162.198387 0.79
162.262391 0.78
162.321264 0.79
162.390754 0.80
162.460518 0.78
162.530390 0.78
162.589391 0.77
162.648638 0.78
162.707748 0.76
162.766756 0.78
162.836251 0.80
162.905509 0.78
162.975504 0.78
163.045511 0.79
163.105276 0.79
163.175407 0.79
163.234761 0.78
163.299512 0.78
163.359277 0.79
163.413397 0.79
163.476184 0.77
163.530635 0.80
163.595418 0.78
163.641513 0.79
163.706418 0.78
163.763015 0.79
163.827401 0.79
163.877132 0.78
163.941009 0.77
164.005008 0.78
164.070633 0.77
164.129633 0.78
164.188274 0.79
164.248887 0.79
164.310634 0.78
164.364176 0.78
164.423013 0.79
164.487011 0.77
164.551012 0.78
164.620279 0.78
164.684279 0.78
164.748211 0.78
164.817763 0.77
164.871159 0.79
164.935406 0.76
164.985431 0.78
165.054890 0.78
165.124524 0.79
165.178643 0.78
165.232142 0.76
165.291898 0.78
165.351396 0.79
165.421311 0.78
165.475522 0.77
165.545433 0.78
165.615649 0.80
165.687309 0.78
165.748303 0.78
165.802531 0.78
165.872653 0.79
165.944532 0.77
166.004530 0.78
166.058652 0.78
166.117779 0.80
166.187417 0.78
166.253417 0.79
166.319171 0.80
166.378419 0.78
166.438525 0.80
166.507903 0.77
166.566652 0.77
166.626206 0.78
166.686906 0.78
166.746435 0.80
166.806207 0.77
166.871216 0.77
166.932663 0.78
166.992567 0.79
167.053435 0.79
167.113197 0.78
167.173325 0.78
167.234662 0.77
167.299439 0.78
167.359039 0.76
167.434181 0.78
167.493036 0.79
167.552036 0.79
167.611430 0.76
167.686046 0.78
167.761431 0.78
167.831546 0.77
167.896792 0.78
167.956446 0.80
168.015665 0.78
168.074554 0.80
168.138556 0.78
168.202546 0.78
168.261542 0.79
168.325558 0.79
168.390046 0.78
168.459542 0.77
168.529215 0.77
168.583076 0.80
168.647217 0.79
168.706045 0.79
168.765186 0.79
168.824546 0.80
168.878049 0.78
168.932046 0.78
168.991053 0.80
169.052049 0.80
169.116050 0.79
169.175047 0.78
169.238921 0.79
169.305052 0.79
169.363925 0.79
169.423329 0.78
169.488217 0.79
169.558059 0.78
169.628220 0.78
169.677799 0.80
169.746924 0.80
169.816457 0.78
169.885928 0.78
169.950056 0.78
170.009324 0.79
170.073323 0.77
170.137321 0.79
170.190805 0.78
170.254931 0.77
170.306210 0.79
170.356343 0.80
170.415558 0.78
170.481567 0.77
170.546687 0.78
170.611346 0.77
170.677457 0.78
170.761249 0.78
170.831333 0.79
170.896250 0.78
170.966463 0.80
171.036473 0.80
171.106692 0.78
171.173066 0.80
171.236939 0.79
171.300938 0.78
171.365941 0.80
171.430344 0.80
171.490070 0.78
171.559964 0.80
171.625073 0.78
171.694314 0.78
171.754460 0.79
171.812943 0.78
171.881942 0.78
171.940442 0.79
172.009943 0.79
172.079079 0.79
172.130321 0.79
172.185459 0.78
172.245944 0.78
172.304460 0.78
172.371973 0.78
172.435955 0.78
172.500578 0.78
172.564699 0.78
172.630344 0.78
172.699824 0.78
172.759207 0.78
172.818960 0.79
172.884720 0.78
172.948956 0.80
173.026833 0.76
173.090826 0.78
173.154700 0.77
173.223827 0.79
173.282829 0.78
173.342117 0.79
173.400957 0.78
173.459957 0.78
173.518829 0.79
173.578232 0.80
173.637478 0.78
173.702237 0.78
173.761708 0.79
173.830830 0.78
173.894705 0.78
173.969131 0.78
174.033240 0.79
174.097976 0.79
174.167836 0.80
174.242847 0.80
174.307972 0.79
174.367364 0.79
174.427217 0.78
174.486990 0.80
174.548489 0.78
174.608161 0.78
174.665724 0.78
174.720256 0.79
174.779975 0.79
174.844235 0.79
174.908480 0.79
174.972716 0.79
175.037222 0.80
175.096845 0.80
175.155978 0.79
175.222224 0.78
175.278364 0.77
175.334165 0.77
175.393847 0.80
175.444155 0.79
175.503471 0.78
175.576137 0.77
175.635848 0.79
175.695161 0.78
175.759981 0.80
175.816610 0.76
175.871165 0.78
175.936978 0.78
175.983160 0.76
176.042860 0.78
176.102387 0.78
176.162153 0.79
176.216371 0.78
176.275995 0.77
176.340258 0.79
176.401156 0.79
176.461604 0.79
176.521851 0.77
176.585600 0.79
176.659853 0.78
176.724261 0.78
176.794164 0.78
176.853232 0.78
176.917737 0.79
176.972173 0.78
177.031858 0.80
177.092984 0.80
177.167734 0.80
177.226987 0.79
177.291250 0.78
177.361170 0.78
177.420254 0.77
177.490163 0.79
177.549861 0.78
177.614746 0.80
177.669158 0.78
177.725245 0.78
177.781243 0.79
177.846012 0.79
177.910868 0.77
177.972003 0.78
178.032863 0.77
178.088258 0.78
178.149246 0.78
178.209867 0.80
178.264615 0.79
178.328739 0.79
178.392739 0.79
178.451739 0.79
178.505865 0.78
178.564616 0.79
178.629004 0.79
178.692994 0.78
178.758504 0.77
178.817745 0.78
178.881881 0.79
178.941246 0.79
179.005748 0.78
179.069745 0.78
179.128880 0.80
179.194624 0.78
179.259006 0.78
179.332166 0.79
179.396882 0.78
179.456756 0.78
179.510886 0.78
179.570634 0.78
179.621007 0.80
179.689026 0.78
179.748632 0.76
179.810012 0.79
179.869883 0.77
179.934886 0.81
179.994759 0.78
180.059641 0.77
180.121012 0.78
180.175169 0.77
180.234890 0.76
180.294760 0.78
180.355631 0.79
180.420635 0.79
180.474892 0.79
180.531188 0.77
180.590761 0.79
180.645297 0.77
180.705014 0.78
180.772637 0.79
180.831760 0.79
180.890760 0.78
180.955524 0.78
181.019894 0.79
181.081015 0.79
181.141398 0.79
181.195893 0.79
181.247765 0.79
181.297770 0.79
181.358644 0.78
181.423648 0.78
181.493895 0.80
181.563894 0.76
181.628893 0.79
181.698534 0.80
181.773768 0.77
181.823899 0.78
181.880196 0.78
181.944904 0.78
182.009769 0.80
182.064893 0.79
182.136649 0.77
182.196059 0.78
182.262656 0.78
182.324191 0.79
182.383919 0.77
182.443775 0.77
182.504656 0.78
182.564166 0.78
182.633780 0.78
182.703902 0.77
182.768060 0.80
182.839900 0.79
182.900658 0.79
182.970904 0.78
183.025037 0.79
183.084784 0.78
183.144529 0.79
183.198913 0.79
183.263904 0.78
183.328789 0.78
183.388533 0.77
183.447912 0.79
183.503780 0.79
183.567789 0.79
183.627537 0.77
183.694046 0.77
183.753788 0.77
183.813535 0.80
183.877422 0.77
183.941032 0.79
184.015542 0.80
184.079424 0.76
184.143910 0.77
184.207909 0.78
184.267540 0.79
184.321537 0.78
184.380794 0.78
184.445917 0.79
184.511921 0.79
184.577539 0.77
184.636797 0.80
184.696545 0.79
184.757302 0.77
184.811799 0.76
184.871544 0.79
184.927561 0.78
184.988793 0.79
185.058552 0.79
185.124922 0.78
185.191046 0.79
185.250560 0.78
185.314310 0.79
185.383416 0.80
185.452799 0.80
185.511920 0.79
185.575918 0.79
185.634920 0.78
185.703669 0.79
185.769547 0.79
185.833458 0.77
185.894925 0.77
185.969459 0.78
186.034555 0.78
186.095801 0.79
186.155559 0.78
186.216802 0.77
186.276468 0.78
186.335189 0.77
186.404441 0.79
186.468190 0.77
186.537441 0.79
186.601430 0.78
186.665442 0.80
186.724443 0.80
186.788441 0.77
186.852445 0.77
186.912677 0.78
186.971179 0.78
187.045569 0.78
187.095195 0.76
187.164196 0.78
187.225680 0.77
187.284430 0.78
187.348447 0.80
187.412573 0.78
187.462196 0.77
187.536447 0.78
187.600453 0.79
187.664450 0.76
187.728325 0.79
187.797064 0.79
187.861451 0.79
187.925452 0.79
187.989456 0.79
188.048452 0.78
188.112566 0.78
188.176814 0.78
188.241470 0.79
188.306230 0.78
188.365698 0.77
188.421965 0.77
188.486577 0.77
188.546347 0.79
188.602462 0.79
188.663197 0.78
188.727337 0.77
188.781704 0.78
188.842229 0.79
188.906700 0.79
188.986573 0.79
189.070352 0.80
189.131574 0.79
189.194096 0.78
189.248577 0.79
189.309583 0.80
189.383118 0.79
189.442581 0.79
189.507705 0.77
189.568577 0.78
189.628347 0.78
189.693257 0.79
189.759832 0.78
189.820579 0.78
189.890711 0.77
189.951581 0.79
190.011361 0.80
190.076354 0.78
190.130230 0.79
190.189468 0.79
190.239112 0.78
190.303471 0.79
190.353234 0.78
190.417475 0.79
190.481704 0.80
190.546230 0.78
190.600227 0.79
190.659350 0.79
190.718706 0.79
190.787960 0.78
190.852224 0.78
190.921236 0.80
190.990234 0.78
191.054113 0.78
191.118119 0.79
191.192474 0.79
191.261584 0.77
191.320242 0.78
191.379244 0.80
191.438357 0.78
191.497240 0.78
191.566600 0.79
191.632479 0.78
191.702224 0.78
191.756489 0.80
191.815728 0.79
191.876469 0.80
191.941130 0.78
192.005483 0.78
192.065968 0.79
192.135246 0.79
192.199245 0.77
192.263246 0.78
192.321968 0.80
192.386247 0.78
192.445233 0.77
192.495490 0.79
192.565230 0.78
192.623980 0.77
192.688366 0.78
192.738239 0.79
192.797116 0.79
192.856126 0.79
192.910243 0.78
192.969486 0.79
193.034269 0.78
193.087978 0.78
193.158150 0.78
193.233364 0.77
193.303610 0.79
193.368249 0.79
193.427489 0.78
193.486730 0.78
193.545728 0.80
193.609981 0.77
193.674374 0.80
193.738606 0.79
193.797743 0.77
193.861857 0.80
193.936254 0.78
193.990109 0.78
194.054273 0.76
194.113161 0.79
194.187985 0.80
194.258162 0.77
194.317362 0.79
194.382168 0.79
194.447010 0.79
194.511487 0.79
194.567383 0.78
194.621487 0.78
194.691141 0.77
194.754988 0.79
194.821618 0.80
194.885992 0.78
194.950271 0.80
195.004992 0.80
195.064391 0.79
195.123998 0.78
195.190257 0.78
195.245501 0.79
195.299004 0.78
195.354393 0.78
195.414161 0.78
195.473393 0.78
195.533180 0.79
195.592497 0.79
195.652192 0.78
195.722499 0.80
195.787185 0.79
195.857519 0.79
195.922398 0.79
195.982005 0.79
196.057630 0.79
196.117276 0.79
196.177876 0.77
196.232532 0.79
196.302627 0.79
196.367876 0.79
196.432502 0.78
196.496500 0.78
196.566003 0.79
196.630526 0.77
196.695257 0.77
196.756003 0.78
196.820267 0.78
196.883751 0.80
196.958006 0.76
197.022004 0.78
197.086278 0.79
197.150394 0.79
197.214636 0.78
197.280506 0.79
197.344507 0.78
197.404884 0.78
197.469275 0.78
197.540317 0.78
197.595511 0.77
197.645511 0.76
197.700509 0.79
197.750511 0.77
197.805761 0.77
197.874888 0.79
197.938884 0.78
198.002760 0.79
198.077032 0.80
198.146404 0.78
198.210889 0.80
198.275047 0.78
198.324889 0.78
198.388888 0.77
198.448783 0.79
198.496160 0.78
198.545890 0.76
198.615649 0.78
198.675163 0.78
198.745028 0.78
198.804516 0.77
198.857892 0.77
198.926892 0.76
198.985410 0.79
199.049286 0.78
199.102893 0.80
199.171893 0.77
199.235769 0.78
199.309898 0.78
199.373895 0.78
199.437520 0.78
199.496285 0.78
199.549896 0.79
199.618900 0.80
199.687773 0.78
199.752192 0.80
199.816306 0.79
199.876777 0.80
199.935902 0.77
199.999901 0.79
200.059303 0.78
200.123431 0.79
200.183208 0.77
200.237531 0.80
200.297304 0.78
200.366544 0.78
200.425294 0.79
200.485544 0.77
200.549169 0.77
200.614783 0.78
200.674686 0.77
200.733298 0.76
200.788530 0.77
200.841035 0.78
200.899783 0.78
200.963914 0.80
201.033912 0.78
201.097660 0.77
201.153227 0.77
201.212914 0.80
201.283048 0.79
201.349311 0.79
201.415320 0.79
201.476217 0.80
201.530434 0.80
201.606050 0.80
201.666918 0.77
201.732054 0.80
201.802045 0.78
201.856916 0.77
201.916418 0.80
201.986228 0.77
202.045924 0.79
202.110590 0.78
202.177221 0.81
202.236921 0.78
202.307456 0.79
202.385797 0.79
202.449932 0.78
202.514187 0.79
202.569930 0.77
202.629804 0.78
202.684051 0.79
202.743960 0.78
202.810209 0.79
202.865802 0.79
202.930929 0.79
202.995808 0.79
203.057450 0.78
203.121937 0.80
203.179060 0.79
203.238929 0.80
203.300059 0.77
203.359808 0.77
203.420936 0.77
203.481810 0.78
203.546555 0.80
203.616064 0.76
203.680932 0.78
203.745828 0.77
203.813684 0.79
203.889191 0.78
203.958683 0.77
204.017807 0.78
204.082201 0.78
204.151941 0.79
204.232813 0.79
204.287062 0.78
204.357204 0.80
204.417695 0.78
204.482817 0.78
204.547563 0.78
204.617829 0.79
204.667941 0.78
204.738242 0.77
204.808337 0.80
204.873071 0.79
204.929209 0.80
204.989460 0.78
205.058690 0.78
205.127693 0.78
205.186815 0.79
205.250689 0.78
205.319693 0.80
205.385566 0.77
205.445074 0.78
205.506230 0.79
205.580943 0.78
205.640068 0.78
205.698967 0.79
205.753075 0.79
205.814070 0.78
205.879131 0.79
205.943959 0.78
206.010258 0.80
206.069826 0.78
206.125709 0.78
206.185353 0.77
206.245113 0.79
206.304978 0.77
206.369827 0.80
206.434703 0.79
206.499703 0.80
206.549981 0.78
206.609706 0.79
206.659963 0.79
206.724230 0.79
206.798700 0.80
206.870958 0.79
206.934954 0.79
206.999103 0.76
207.063105 0.78
207.123959 0.78
207.193589 0.78
207.254964 0.78
207.315463 0.78
207.374983 0.80
207.439586 0.77
207.503845 0.79
207.558122 0.78
207.618842 0.79
207.683839 0.78
207.748595 0.80
207.809991 0.78
207.893721 0.78
207.958718 0.78
208.023599 0.77
208.084979 0.77
208.141255 0.78
208.214226 0.79
208.278840 0.80
208.345244 0.78
208.404844 0.78
208.478148 0.80
208.537846 0.81
208.607972 0.79
208.672846 0.77
208.732126 0.78
208.791728 0.79
208.856598 0.78
208.910851 0.78
208.970600 0.79
209.031721 0.77
209.085718 0.79
209.144485 0.79
209.214123 0.80
209.283594 0.77
209.337849 0.79
209.396973 0.78
209.450856 0.79
209.510601 0.79
209.569724 0.78
209.635734 0.80
209.692356 0.76
209.751857 0.78
209.811605 0.80
209.881734 0.79
209.939153 0.78
210.003863 0.78
210.063736 0.80
210.128605 0.77
210.182864 0.78
210.239148 0.79
210.308987 0.79
210.373859 0.79
210.443738 0.78
210.515610 0.77
210.580611 0.79
210.645735 0.79
210.717616 0.78
210.779164 0.79
210.838870 0.78
210.895179 0.79
210.954860 0.79
211.019379 0.79
211.084146 0.78
211.148995 0.76
211.208742 0.78
211.263000 0.78
211.322742 0.80
211.382384 0.76
211.457865 0.78
211.518254 0.79
211.582744 0.77
211.636865 0.78
211.697254 0.79
211.756508 0.79
211.820621 0.78
211.885744 0.79
211.944866 0.79
212.010264 0.79
212.074508 0.80
212.138625 0.78
212.193868 0.80
212.262741 0.78
212.321868 0.79
212.380513 0.79
212.439386 0.78
212.508746 0.79
212.583516 0.78
212.642508 0.78
212.712627 0.78
212.767873 0.76
212.827510 0.80
212.892519 0.80
212.957392 0.78
213.011749 0.78
213.076383 0.79
213.151879 0.79
213.217642 0.79
213.289503 0.78
213.348637 0.76
213.408511 0.79
213.473524 0.79
213.538535 0.77
213.603506 0.80
213.664765 0.81
213.724508 0.78
213.794509 0.79
213.859508 0.77
213.918641 0.77
213.978390 0.80
214.032634 0.79
214.110757 0.78
214.184882 0.80
214.245272 0.78
214.304272 0.79
214.368400 0.77
214.437274 0.80
214.506510 0.78
214.567272 0.79
214.636514 0.79
214.690398 0.80
214.743885 0.79
214.809886 0.79
214.869764 0.79
214.928764 0.78
214.987762 0.77
215.057644 0.78
215.116766 0.80
215.186902 0.80
215.246645 0.79
215.311524 0.78
215.372293 0.79
215.426654 0.79
215.486417 0.79
215.551414 0.79
215.616433 0.79
215.681414 0.77
215.746424 0.78
215.807167 0.77
215.866778 0.78
215.937029 0.80
215.996523 0.77
216.066543 0.77
216.136035 0.78
216.201031 0.76
216.260648 0.80
216.324646 0.78
216.383174 0.79
216.447541 0.79
216.516774 0.79
216.570416 0.79
216.634414 0.78
216.698166 0.78
216.762401 0.78
216.826168 0.78
216.890544 0.78
216.964902 0.80
217.027169 0.78
217.096529 0.80
217.171032 0.79
217.245169 0.79
217.314420 0.78
217.378174 0.76
217.444031 0.78
217.513538 0.77
217.569034 0.79
217.633192 0.78
217.699788 0.77
217.761785 0.78
217.821545 0.79
217.877039 0.77
217.936794 0.76
217.996544 0.78
218.066326 0.78
218.144313 0.80
218.209321 0.78
218.274315 0.79
218.335073 0.78
218.399428 0.77
218.449178 0.78
218.508464 0.80
218.574041 0.79
218.638430 0.76
218.697667 0.78
218.762217 0.78
218.837673 0.79
218.902552 0.79
218.962197 0.78
219.012547 0.80
219.077554 0.78
219.147673 0.80
219.217572 0.79
219.287437 0.79
219.357451 0.79
219.429191 0.78
219.483680 0.78
219.543552 0.79
219.608329 0.76
219.673324 0.78
219.734585 0.79
219.795434 0.78
219.851055 0.78
219.901558 0.78
219.961555 0.79
220.015683 0.79
220.072449 0.78
220.137230 0.77
220.196471 0.77
220.250554 0.79
220.311336 0.78
220.357453 0.78
220.417931 0.79
220.462804 0.78
220.532053 0.76
220.596083 0.76
220.655198 0.78
220.714476 0.78
220.773573 0.78
220.837558 0.78
220.907232 0.79
220.966059 0.78
221.025061 0.79
221.084057 0.78
221.148058 0.79
221.207061 0.78
221.271059 0.78
221.335060 0.80
221.399060 0.78
221.463061 0.77
221.527062 0.77
221.586470 0.78
221.655566 0.81
221.714459 0.77
221.783688 0.78
221.837207 0.80
221.896690 0.78
221.950207 0.79
222.014343 0.76
222.084068 0.76
222.143226 0.80
222.204336 0.77
222.268817 0.78
222.329461 0.79
222.388211 0.77
222.458253 0.80
222.518466 0.77
222.583076 0.78
222.637326 0.80
222.702238 0.80
222.754205 0.78
222.813216 0.77
222.867353 0.76
222.927133 0.78
222.988382 0.77
223.048207 0.79
223.113124 0.79
223.163345 0.78
223.223123 0.80
223.284147 0.79
223.349135 0.78
223.413968 0.79
223.479148 0.79
223.544125 0.81
223.600891 0.78
223.655357 0.77
223.715121 0.80
223.780216 0.77
223.840963 0.78
223.916483 0.78
223.973359 0.77
224.037835 0.77
224.102103 0.77
224.151958 0.78
224.216133 0.78
224.288961 0.79
224.362142 0.78
224.426969 0.76
224.497136 0.76
224.567480 0.76
224.632147 0.78
224.697136 0.79
224.757911 0.80
224.823137 0.78
224.883969 0.79
224.959473 0.80
225.024360 0.78
225.084142 0.78
225.145112 0.78
225.206123 0.77
225.259971 0.80
225.337596 0.81
225.397227 0.80
225.461718 0.78
225.528503 0.77
225.593366 0.77
225.650371 0.77
225.706226 0.77
225.765844 0.80
225.834974 0.77
225.893842 0.77
225.957971 0.79
226.016844 0.78
226.076720 0.80
226.131469 0.77
226.195484 0.77
226.255243 0.79
226.319371 0.77
226.383493 0.77
226.458985 0.78
226.513232 0.80
226.572995 0.80
226.642981 0.77
226.708001 0.78
226.772986 0.78
226.833985 0.78
226.904153 0.79
226.968734 0.78
227.038235 0.78
227.097993 0.80
227.168185 0.79
227.238150 0.79
227.297993 0.79
227.367986 0.78
227.432861 0.80
227.502249 0.78
227.566997 0.77
227.628235 0.80
227.687492 0.80
227.747302 0.76
227.806861 0.79
227.877011 0.78
227.942003 0.78
227.996179 0.80
228.056007 0.78
228.120739 0.79
228.186784 0.80
228.241242 0.79
228.300872 0.78
228.361997 0.81
228.432002 0.76
228.497012 0.79
228.558387 0.78
228.618177 0.79
228.674401 0.78
228.739189 0.79
228.799020 0.77
228.858871 0.78
228.923873 0.77
228.983875 0.77
229.045006 0.79
229.111273 0.77
229.172164 0.79
229.231876 0.78
229.296875 0.78
229.367005 0.79
229.433271 0.78
229.499010 0.77
229.559878 0.80
229.620623 0.79
229.672389 0.80
229.737745 0.78
229.802195 0.80
229.857626 0.77
229.905001 0.77
229.955257 0.79
230.010628 0.78
230.066639 0.78
230.121198 0.80
230.180755 0.77
230.234759 0.78
230.299032 0.80
230.360054 0.79
230.425048 0.78
230.495276 0.78
230.564763 0.79
230.623628 0.78
230.692755 0.78
230.751881 0.78
230.815632 0.77
230.880011 0.77
230.955195 0.78
231.011412 0.78
231.070759 0.79
231.132211 0.78
231.188410 0.77
231.248015 0.77
231.307262 0.76
231.367014 0.79
231.421136 0.77
231.485762 0.78
231.544891 0.79
231.609890 0.77
231.671014 0.78
231.730773 0.78
231.791888 0.80
231.862193 0.80
231.923024 0.76
231.978520 0.78
232.028774 0.77
232.088392 0.78
232.148021 0.79
232.203523 0.80
232.262779 0.79
232.327904 0.80
232.384522 0.78
232.440023 0.78
232.499775 0.80
232.559303 0.80
232.619212 0.76
232.680025 0.78
232.739777 0.79
232.799775 0.80
232.870035 0.80
232.938029 0.78
233.002900 0.78
233.072776 0.80
233.131774 0.80
233.195908 0.80
233.255026 0.78
233.324905 0.79
233.384781 0.78
233.457910 0.79
233.523035 0.77
233.577173 0.79
233.636914 0.80
233.693304 0.78
233.758039 0.79
233.823038 0.78
233.879176 0.80
233.938916 0.78
233.995305 0.80
234.060036 0.79
234.115172 0.80
234.175668 0.78
234.235157 0.76
234.294171 0.79
234.358788 0.78
234.419659 0.77
234.474065 0.79
234.534915 0.79
234.594672 0.78
234.659669 0.80
234.724664 0.79
234.783784 0.80
234.838784 0.78
234.897659 0.79
234.956786 0.79
235.011415 0.78
235.062416 0.78
235.131786 0.78
235.186917 0.77
235.252420 0.80
235.321796 0.77
235.387793 0.78
235.442541 0.79
235.506924 0.78
235.565915 0.77
235.641047 0.80
235.710794 0.79
235.765918 0.76
235.835668 0.77
235.894680 0.78
235.956196 0.77
236.015922 0.80
236.080932 0.78
236.140925 0.80
236.202243 0.78
236.261925 0.78
236.317574 0.80
236.376797 0.77
236.440796 0.80
236.506436 0.80
236.575921 0.78
236.636672 0.79
236.690673 0.79
236.744563 0.78
236.803933 0.77
236.863929 0.79
236.923564 0.79
236.984932 0.78
237.041074 0.77
237.100811 0.78
237.160556 0.81
237.214555 0.80
237.268807 0.76
237.329565 0.80
237.394564 0.78
237.455316 0.76
237.524576 0.78
237.588445 0.78
237.657324 0.77
237.726557 0.77
237.790323 0.80
237.860932 0.79
237.929933 0.78
237.993934 0.78
238.048810 0.80
238.131579 0.78
238.195687 0.80
238.245456 0.78
238.309450 0.80
238.373449 0.78
238.438320 0.78
238.492935 0.76
238.547811 0.79
238.616936 0.79
238.686470 0.80
238.745457 0.79
238.804818 0.80
238.864340 0.80
238.933701 0.79
238.998696 0.80
239.074139 0.78
239.133828 0.78
239.193573 0.78
239.252827 0.80
239.309147 0.78
239.373569 0.79
239.437572 0.78
239.501586 0.78
239.560461 0.80
239.624463 0.77
239.688571 0.79
239.747467 0.77
239.811572 0.78
239.870576 0.79
239.929823 0.78
239.990229 0.79
240.049575 0.79
240.108574 0.78
240.172576 0.79
240.232824 0.79
240.296958 0.79
240.370959 0.78
240.436591 0.79
240.482704 0.79
240.546702 0.79
240.616348 0.79
240.675469 0.79
240.734470 0.80
240.793453 0.80
240.857474 0.79
240.916581 0.77
240.971706 0.78
241.036481 0.76
241.109476 0.79
241.168717 0.78
241.238849 0.80
241.304708 0.79
241.374237 0.81
241.438244 0.80
241.497587 0.79
241.554477 0.79
241.618477 0.79
241.677476 0.80
241.737250 0.80
241.806463 0.79
241.870478 0.78
241.940595 0.79
242.010716 0.77
242.075716 0.78
242.135366 0.78
242.189738 0.78
242.249475 0.78
242.314363 0.79
242.379483 0.78
242.444489 0.78
242.499727 0.79
242.559479 0.78
242.624490 0.81
242.689503 0.80
242.750368 0.78
242.804729 0.80
242.860854 0.78
242.920369 0.79
242.974728 0.79
243.035604 0.77
243.100366 0.79
243.159606 0.77
243.224099 0.79
243.294388 0.79
243.359246 0.78
243.418725 0.80
243.480727 0.80
243.550380 0.79
243.615270 0.77
243.674478 0.78
243.724250 0.78
243.783369 0.76
243.838863 0.80
243.903990 0.77
243.959608 0.79
244.019380 0.78
244.083985 0.77
244.145106 0.80
244.205615 0.77
244.269731 0.80
244.339389 0.79
244.398732 0.79
244.463382 0.78
244.528273 0.78
244.592612 0.78
244.652387 0.78
244.711511 0.78
244.776391 0.76
244.841286 0.77
244.902618 0.79
244.967616 0.77
245.028118 0.80
245.078615 0.77
245.134115 0.78
245.189619 0.78
245.249395 0.76
245.303376 0.78
245.364869 0.79
245.429384 0.80
245.486259 0.78
245.545289 0.78
245.604628 0.80
245.665393 0.79
245.722244 0.77
245.781620 0.81
245.842130 0.79
245.906258 0.79
245.966617 0.78
246.021617 0.78
246.085742 0.77
246.144493 0.77
246.208493 0.79
246.272619 0.80
246.326138 0.78
246.390119 0.77
246.453996 0.77
246.513996 0.80
246.577997 0.79
246.642387 0.77
246.691998 0.79
246.756122 0.76
246.819999 0.78
246.889264 0.76
246.953000 0.78
247.017004 0.80
247.081267 0.79
247.145002 0.80
247.214265 0.78
247.278159 0.79
247.342003 0.79
247.406127 0.78
247.465270 0.78
247.524004 0.79
247.588006 0.78
247.652020 0.79
247.711008 0.77
247.775009 0.78
247.839009 0.80
247.903008 0.80
247.972271 0.78
248.036012 0.78
248.100009 0.78
248.164009 0.78
248.233286 0.78
248.290134 0.77
248.354010 0.78
248.423011 0.78
248.492038 0.78
248.556041 0.78
248.620013 0.79
248.684013 0.79
248.748014 0.78
248.807014 0.79
248.871014 0.80
248.935015 0.80
248.999015 0.78
249.063016 0.80
249.122771 0.79
249.187018 0.78
249.246017 0.76
249.310161 0.80
249.369160 0.79
249.434024 0.78
249.493022 0.80
249.547422 0.79
249.612025 0.77
249.671219 0.77
249.736199 0.78
249.795524 0.80
249.865544 0.78
249.930170 0.78
249.984435 0.80
250.044195 0.81
250.103413 0.79
250.163218 0.79
250.229422 0.78
250.301429 0.78
250.362423 0.78
250.422115 0.80
250.492299 0.77
250.553439 0.79
250.614444 0.77
250.675177 0.80
250.740218 0.77
250.796038 0.76
250.857447 0.79
250.914565 0.80
250.974202 0.78
251.031540 0.77
251.091306 0.77
251.146796 0.78
251.208305 0.78
251.268039 0.78
251.329307 0.77
251.389040 0.79
251.444671 0.79
251.511309 0.79
251.575911 0.77
251.639910 0.79
251.699786 0.77
251.749303 0.79
251.805786 0.79
251.853187 0.79
251.902911 0.78
251.959190 0.80
252.008786 0.78
252.065180 0.78
252.120665 0.77
252.179413 0.77
252.243437 0.78
252.302540 0.80
252.367224 0.80
252.437169 0.77
252.492329 0.78
252.558677 0.79
252.623190 0.78
252.688053 0.76
252.758444 0.77
252.823333 0.77
252.883065 0.80
252.941918 0.78
253.010923 0.78
253.064796 0.79
253.138921 0.80
253.197923 0.78
253.262061 0.79
253.327104 0.78
253.393551 0.77
253.464925 0.81
253.530925 0.78
253.590235 0.78
253.649930 0.81
253.708802 0.78
253.779074 0.78
253.844128 0.77
253.901332 0.80
253.957454 0.78
254.022058 0.78
254.081067 0.78
254.134057 0.80
254.192678 0.77
254.253466 0.76
254.322680 0.79
254.382326 0.77
254.443096 0.80
254.493250 0.80
254.553065 0.78
254.610455 0.79
254.670235 0.77
254.729942 0.78
254.791461 0.78
254.856195 0.78
254.915937 0.78
254.971249 0.78
255.036337 0.78
255.097085 0.78
255.168968 0.80
255.233690 0.77
255.303975 0.77
255.373235 0.77
255.437944 0.79
255.508069 0.77
255.554067 0.77
255.614945 0.80
255.679959 0.77
255.744964 0.80
255.810199 0.78
255.869944 0.80
255.937604 0.79
256.001691 0.80
256.070818 0.77
256.136944 0.78
256.201240 0.78
256.265968 0.77
256.329697 0.79
256.404827 0.78
256.460337 0.78
256.521472 0.79
256.581244 0.79
256.640711 0.79
256.708772 0.77
256.763248 0.78
256.824141 0.80
256.883831 0.78
256.944962 0.77
257.002487 0.77
257.058126 0.79
257.117835 0.78
257.179357 0.79
257.238961 0.80
257.300114 0.77
257.359835 0.79
257.418973 0.79
257.485216 0.78
257.541831 0.78
257.601148 0.78
257.660837 0.77
257.721588 0.78
257.776141 0.78
257.835838 0.79
257.905975 0.78
257.976231 0.77
258.059979 0.81
258.126215 0.79
258.181661 0.79
258.236157 0.80
258.295840 0.79
258.365975 0.78
258.437972 0.78
258.497369 0.79
258.557151 0.79
258.615714 0.80
258.679219 0.77
258.738137 0.80
258.797226 0.81
258.856981 0.78
258.918364 0.78
258.987596 0.76
259.056346 0.78
259.115844 0.78
259.188727 0.77
259.247718 0.79
259.302148 0.79
259.367141 0.79
259.431852 0.77
259.496978 0.79
259.556723 0.78
259.615845 0.79
259.670117 0.79
259.720231 0.77
259.775108 0.77
259.835478 0.79
259.899846 0.78
259.969849 0.78
260.033602 0.80
260.093728 0.80
260.148978 0.77
260.209504 0.79
260.269153 0.78
260.329727 0.79
260.390502 0.77
260.450147 0.78
260.505371 0.79
260.561489 0.77
260.612482 0.77
260.667737 0.79
260.717991 0.80
260.782857 0.77
260.837855 0.80
260.893143 0.78
260.948175 0.80
261.018385 0.78
261.073859 0.77
261.123865 0.76
261.188864 0.80
261.259149 0.80
261.319620 0.78
261.379146 0.77
261.443866 0.80
261.503614 0.78
261.564861 0.78
261.614860 0.77
261.684736 0.79
261.738861 0.79
261.808613 0.79
261.872872 0.79
261.932620 0.81
261.993866 0.77
262.058621 0.80
262.119997 0.79
262.184626 0.77
262.246249 0.78
262.305744 0.79
262.359874 0.79
262.416168 0.78
262.475745 0.78
262.537173 0.79
262.596873 0.78
262.656623 0.79
262.717382 0.80
262.786742 0.80
262.845742 0.79
262.899743 0.78
262.953620 0.77
263.012512 0.78
263.076511 0.78
263.136374 0.79
263.205746 0.78
263.260746 0.79
263.315748 0.79
263.370510 0.80
263.434514 0.78
263.498516 0.78
263.562515 0.76
263.626516 0.78
263.705376 0.79
263.761376 0.80
263.821875 0.77
263.892379 0.77
263.961751 0.78
264.012377 0.80
264.076753 0.78
264.135520 0.77
264.194629 0.78
264.249379 0.78
264.304881 0.78
264.358881 0.79
264.419630 0.78
264.484511 0.80
264.545884 0.79
264.602206 0.80
264.661889 0.77
264.723171 0.80
264.792757 0.76
264.856274 0.77
264.919882 0.77
264.980276 0.78
265.042526 0.80
265.106526 0.78
265.170524 0.78
265.234275 0.79
265.291012 0.78
265.341013 0.79
265.415276 0.77
265.485766 0.79
265.545017 0.79
265.605763 0.79
265.669277 0.79
265.725638 0.78
265.784514 0.79
265.848407 0.76
265.917280 0.78
265.978640 0.78
266.036891 0.78
266.100891 0.79
266.169892 0.79
266.226298 0.78
266.281291 0.78
266.334892 0.80
266.394767 0.80
266.458646 0.78
266.513645 0.79
266.574528 0.77
266.633899 0.78
266.692521 0.79
266.756412 0.78
266.825401 0.79
266.889543 0.78
266.953290 0.79
267.027414 0.81
267.096403 0.80
267.165541 0.79
267.229542 0.77
267.293166 0.80
267.362418 0.80
267.431416 0.78
267.500419 0.77
267.569542 0.78
267.633417 0.77
267.702295 0.78
267.757546 0.77
267.821543 0.78
267.885547 0.78
267.949420 0.78
268.008422 0.77
268.061906 0.78
268.125907 0.78
268.191176 0.77
268.250793 0.80
268.306914 0.78
268.376537 0.79
268.426428 0.78
268.480536 0.79
268.539429 0.78
268.603667 0.78
268.672912 0.78
268.732669 0.79
268.792435 0.80
268.846308 0.78
268.915675 0.78
268.970665 0.77
269.044663 0.78
269.114432 0.80
269.169925 0.77
269.229673 0.78
269.294311 0.77
269.364576 0.80
269.434921 0.80
269.499677 0.78
269.559445 0.79
269.624446 0.77
269.689455 0.77
269.754441 0.77
269.814096 0.80
269.884300 0.79
269.948683 0.78
270.008442 0.77
270.073190 0.80
270.137440 0.79
270.201189 0.77
270.265439 0.79
270.329442 0.78
270.393441 0.79
270.457448 0.79
270.521316 0.79
270.590442 0.78
270.654192 0.79
270.723443 0.78
270.787322 0.78
270.856441 0.78
270.920318 0.76
270.989445 0.76
271.053193 0.79
271.127572 0.79
271.193059 0.79
271.257210 0.78
271.326323 0.77
271.386684 0.78
271.440197 0.79
271.504209 0.80
271.564807 0.79
271.626807 0.79
271.688937 0.77
271.758448 0.77
271.813450 0.78
271.868451 0.77
271.918064 0.77
271.982061 0.80
272.046200 0.79
272.110065 0.79
272.174452 0.79
272.224203 0.80
272.288215 0.77
272.352206 0.80
272.416063 0.80
272.485203 0.78
272.554236 0.76
272.618567 0.79
272.687693 0.79
272.751694 0.81
272.815692 0.79
272.885225 0.77
272.944211 0.78
273.013579 0.77
273.073344 0.78
273.127572 0.76
273.199490 0.77
273.269700 0.78
273.339576 0.78
273.404576 0.78
273.463698 0.78
273.528206 0.77
273.587108 0.78
273.660242 0.78
273.714347 0.78
273.775356 0.79
273.836210 0.79
273.890588 0.79
273.951709 0.78
274.007709 0.79
274.063474 0.80
274.128480 0.78
274.184709 0.78
274.244487 0.78
274.303716 0.78
274.364350 0.81
274.414240 0.81
274.468367 0.78
274.527457 0.77
274.588714 0.80
274.653714 0.78
274.714118 0.77
274.773239 0.79
274.823473 0.78
274.882492 0.77
274.947364 0.79
275.008712 0.78
275.084134 0.78
275.159597 0.78
275.224145 0.77
275.299592 0.76
275.369846 0.78
275.429718 0.77
275.489235 0.77
275.543116 0.77
275.602115 0.77
275.660971 0.78
275.725357 0.81
275.789714 0.80
275.848714 0.79
275.907482 0.79
275.971727 0.78
276.036487 0.80
276.105969 0.80
276.176147 0.78
276.237491 0.79
276.298728 0.79
276.358145 0.77
276.412364 0.80
276.476596 0.78
276.530595 0.77
276.585469 0.79
276.650850 0.78
276.700470 0.78
276.755721 0.77
276.814722 0.78
276.873721 0.81
276.932597 0.78
276.996487 0.79
277.055117 0.78
277.114139 0.78
277.172976 0.79
277.232375 0.76
277.293231 0.78
277.342979 0.78
277.398382 0.79
277.458150 0.78
277.516981 0.77
277.575979 0.78
277.635480 0.79
277.705166 0.78
277.770154 0.79
277.829607 0.78
277.889380 0.81
277.950380 0.79
278.009994 0.79
278.085501 0.78
278.155180 0.76
278.220169 0.77
278.285158 0.78
278.344503 0.78
278.408611 0.78
278.467485 0.76
278.537241 0.79
278.598151 0.79
278.657268 0.79
278.732252 0.80
278.797155 0.79
278.862164 0.78
278.921996 0.77
278.992176 0.80
279.054999 0.77
279.105263 0.79
279.174490 0.78
279.238992 0.78
279.302993 0.78
279.357242 0.78
279.424492 0.77
279.484247 0.79
279.550621 0.79
279.606002 0.77
279.667266 0.78
279.726622 0.79
279.782523 0.80
279.842282 0.78
279.902020 0.80
279.967011 0.79
280.032002 0.78
280.086278 0.79
280.146005 0.77
280.200039 0.79
280.258874 0.78
280.313166 0.78
280.362750 0.79
280.433013 0.78
280.498046 0.80
280.557634 0.78
280.613284 0.78
280.673006 0.80
280.742879 0.79
280.818006 0.79
280.872264 0.80
280.942638 0.78
281.007633 0.78
281.072199 0.78
281.141882 0.78
281.217013 0.80
281.282012 0.76
281.335756 0.79
281.400291 0.78
281.454008 0.78
281.517759 0.79
281.577283 0.78
281.641420 0.78
281.708022 0.78
281.773016 0.76
281.838065 0.79
281.898894 0.78
281.960176 0.77
282.029525 0.78
282.089285 0.78
282.149022 0.79
282.214022 0.79
282.275548 0.78
282.335424 0.81
282.395187 0.78
282.459898 0.77
282.521200 0.79
282.571393 0.79
282.626273 0.80
282.684773 0.78
282.748903 0.79
282.808904 0.80
282.873896 0.77
282.924206 0.77
282.983903 0.79
283.053897 0.80
283.108893 0.78
283.160020 0.79
283.209768 0.78
283.264025 0.79
283.314064 0.78
283.367775 0.78
283.432036 0.78
283.496901 0.78
283.555774 0.79
283.619897 0.79
283.683772 0.78
283.742772 0.77
283.806773 0.80
283.875898 0.76
283.939649 0.80
284.003774 0.79
284.072900 0.78
284.136775 0.79
284.200776 0.80
284.270311 0.78
284.339656 0.78
284.406430 0.76
284.473203 0.78
284.532915 0.80
284.598179 0.79
284.657911 0.80
284.712176 0.79
284.768431 0.78
284.832658 0.79
284.897789 0.79
284.957789 0.80
285.019044 0.78
285.078796 0.79
285.140165 0.77
285.199793 0.79
285.264795 0.76
285.325924 0.76
285.386791 0.80
285.448309 0.80
285.518350 0.79
285.574149 0.78
285.638918 0.77
285.689042 0.78
285.753921 0.78
285.804543 0.80
285.860050 0.78
285.919542 0.78
285.993792 0.78
286.052922 0.78
286.114545 0.79
286.175220 0.78
286.250799 0.78
286.311554 0.79
286.366058 0.77
286.425799 0.80
286.485234 0.79
286.542050 0.79
286.601674 0.80
286.665797 0.80
286.730673 0.78
286.800234 0.78
286.866807 0.79
286.931802 0.79
286.990800 0.77
287.051927 0.78
287.116332 0.76
287.183057 0.78
287.249804 0.79
287.304061 0.78
287.360328 0.78
287.432065 0.78
287.491930 0.80
287.548179 0.79
287.608813 0.80
287.670342 0.77
287.729931 0.79
287.793427 0.78
287.853804 0.79
287.912682 0.77
287.971805 0.77
288.025807 0.78
288.089556 0.79
288.158199 0.78
288.222211 0.80
288.281939 0.79
288.341061 0.77
288.399685 0.76
288.458060 0.79
288.516683 0.77
288.575688 0.79
288.625938 0.77
288.690063 0.79
288.750943 0.79
288.810439 0.76
288.871812 0.77
288.932695 0.79
289.000941 0.79
289.070971 0.78
289.130701 0.80
289.185815 0.77
289.265697 0.76
289.330696 0.78
289.384977 0.79
289.444982 0.79
289.514945 0.79
289.584825 0.78
289.655074 0.79
289.725134 0.79
289.800576 0.77
289.861572 0.78
289.923242 0.79
290.002822 0.79
290.072576 0.78
290.132243 0.78
290.201830 0.78
290.266833 0.78
290.320962 0.79
290.381982 0.77
290.438230 0.78
290.497703 0.79
290.551829 0.77
290.613223 0.77
290.677588 0.78
290.742589 0.78
290.798075 0.81
290.856832 0.78
290.921706 0.76
290.980828 0.78
291.045585 0.81
291.110584 0.79
291.180589 0.77
291.245585 0.77
291.315709 0.80
291.376588 0.77
291.441587 0.78
291.502337 0.78
291.571975 0.79
291.637348 0.80
291.702125 0.77
291.762711 0.78
291.828719 0.79
291.889596 0.79
291.950343 0.76
292.009842 0.78
292.066136 0.79
292.130718 0.76
292.191600 0.79
292.256360 0.79
292.315713 0.79
292.367587 0.78
292.428355 0.79
292.487715 0.79
292.537845 0.78
292.607284 0.78
292.666845 0.77
292.720843 0.78
292.774720 0.78
292.844728 0.77
292.915970 0.76
292.975849 0.81
293.040848 0.77
293.095161 0.80
293.154730 0.76
293.214347 0.79
293.280602 0.78
293.350851 0.79
293.404870 0.77
293.469852 0.79
293.527477 0.78
293.581600 0.79
293.635611 0.79
293.700492 0.77
293.759726 0.78
293.824240 0.79
293.888509 0.80
293.958605 0.78
294.012495 0.78
294.071736 0.79
294.131506 0.79
294.181731 0.79
294.265615 0.80
294.326502 0.80
294.385352 0.78
294.444737 0.79
294.508854 0.80
294.574737 0.78
294.639250 0.79
294.705506 0.79
294.775611 0.80
294.841623 0.77
294.906737 0.77
294.966507 0.80
295.020742 0.76
295.085870 0.79
295.151612 0.80
295.202735 0.80
295.272514 0.77
295.331372 0.78
295.406747 0.80
295.466114 0.80
295.525745 0.77
295.585515 0.80
295.650404 0.77
295.720624 0.80
295.790866 0.79
295.846998 0.77
295.906745 0.79
295.960742 0.78
296.016997 0.79
296.076620 0.78
296.135868 0.76
296.195625 0.78
296.260383 0.78
296.314625 0.78
296.369001 0.77
296.433632 0.79
296.493408 0.76
296.558390 0.79
296.623400 0.79
296.688396 0.76
296.742249 0.77
296.812396 0.77
296.877292 0.78
296.936517 0.78
296.995634 0.80
297.065249 0.78
297.135397 0.79
297.200253 0.80
297.264634 0.78
297.324416 0.78
297.389396 0.79
297.448397 0.79
297.498629 0.80
297.568153 0.77
297.642267 0.77
297.711268 0.79
297.775270 0.80
297.839268 0.79
297.908760 0.78
297.969632 0.78
298.038768 0.77
298.109014 0.81
298.164633 0.80
298.224413 0.79
298.289407 0.77
298.348895 0.78
298.408639 0.79
298.479014 0.80
298.554413 0.79
298.619300 0.77
298.683521 0.76
298.748522 0.77
298.808016 0.78
298.863645 0.78
298.923519 0.78
298.988156 0.77
299.058425 0.80
299.115892 0.78
299.185516 0.78
299.260019 0.79
299.324527 0.78
299.384291 0.79
299.438161 0.79
299.497525 0.77
299.553029 0.80
299.612412 0.79
299.662160 0.79
299.721018 0.79
299.785293 0.77
299.839164 0.79
299.898288 0.77
299.957430 0.78
300.023529 0.78
300.084774 0.80
300.145290 0.78
300.199526 0.77
300.260056 0.80
300.324174 0.79
300.388414 0.77
300.443175 0.77
300.502026 0.80
300.566175 0.78
300.630053 0.77
300.694413 0.78
300.763774 0.79
300.832899 0.78
300.902026 0.79
300.966026 0.79
301.030417 0.77
301.094420 0.77
301.158057 0.78
301.222421 0.77
301.281780 0.78
301.353308 0.78
301.423537 0.80
301.488050 0.79
301.563670 0.78
301.623431 0.80
301.682532 0.79
301.746660 0.78
301.810782 0.80
301.873037 0.79
301.939036 0.76
302.003037 0.76
302.067426 0.79
302.132911 0.80
302.202040 0.76
302.266071 0.79
302.329911 0.78
302.399037 0.79
302.459537 0.79
302.518038 0.77
302.582038 0.78
302.646039 0.79
302.705057 0.79
302.769044 0.79
302.833041 0.78
302.897041 0.80
302.961041 0.77
303.025042 0.79
303.089043 0.79
303.158043 0.76
303.222316 0.77
303.286543 0.81
303.345557 0.80
303.409546 0.79
303.468546 0.78
303.532565 0.78
303.596546 0.78
303.655546 0.79
303.724924 0.79
303.794051 0.80
303.853048 0.78
303.917049 0.78
303.981049 0.77
304.045202 0.77
304.104053 0.76
304.163053 0.78
304.227053 0.78
304.286207 0.78
304.345053 0.79
304.405931 0.78
304.480333 0.77
304.535933 0.78
304.605210 0.78
304.664197 0.78
304.723684 0.76
304.812075 0.80
304.873338 0.78
304.932935 0.80
304.999334 0.79
305.067331 0.79
305.128564 0.77
305.193072 0.78
305.253810 0.80
305.318342 0.79
305.378067 0.78
305.436935 0.79
305.500934 0.76
305.564935 0.78
305.616202 0.78
305.665810 0.80
305.734811 0.79
305.796216 0.77
305.845942 0.78
305.904939 0.77
305.964340 0.78
306.029070 0.80
306.092941 0.78
306.165333 0.78
306.224457 0.78
306.288583 0.78
306.357960 0.79
306.421943 0.77
306.490070 0.78
306.562336 0.79
306.620944 0.78
306.685076 0.80
306.743960 0.80
306.816071 0.78
306.879821 0.79
306.949204 0.77
307.020963 0.77
307.085076 0.80
307.149464 0.79
307.208464 0.76
307.273898 0.78
307.324346 0.78
307.379864 0.80
307.444208 0.78
307.503959 0.79
307.565120 0.78
307.624369 0.79
307.681361 0.80
307.746247 0.79
307.815466 0.78
307.879469 0.80
307.943231 0.79
308.007469 0.80
308.084828 0.79
308.143960 0.76
308.202961 0.80
308.261960 0.78
308.321734 0.78
308.371472 0.78
308.424960 0.79
308.483960 0.79
308.538713 0.78
308.586111 0.79
308.649832 0.79
308.706083 0.77
308.756708 0.78
308.811210 0.79
308.874711 0.79
308.936085 0.79
308.986712 0.80
309.041213 0.78
309.104710 0.78
309.166091 0.78
309.216714 0.78
309.271214 0.79
309.334712 0.80
309.403338 0.80
309.461720 0.77
309.535591 0.77
309.604227 0.77
309.667723 0.78
309.736344 0.79
309.794717 0.78
309.863344 0.79
309.921718 0.79
309.990349 0.78
310.043723 0.78
310.112354 0.76
310.167355 0.78
310.227598 0.81
310.287728 0.79
310.356355 0.78
310.414723 0.79
310.483353 0.79
310.538353 0.80
310.593234 0.79
310.646603 0.78
310.715228 0.80
310.775234 0.78
310.835361 0.79
310.888729 0.79
310.944986 0.78
311.004612 0.79
311.059105 0.77
311.114165 0.79
311.173864 0.80
311.233251 0.76
311.292247 0.78
311.361855 0.80
311.420729 0.78
311.476156 0.76
311.535860 0.76
311.601655 0.79
311.665857 0.79
311.716160 0.77
311.770140 0.78
311.829863 0.79
311.894862 0.78
311.964996 0.78
312.036868 0.77
312.101861 0.76
312.160860 0.79
312.225737 0.77
312.289989 0.78
312.345170 0.77
312.404382 0.77
312.468255 0.79
312.529385 0.76
312.599031 0.79
312.657865 0.78
312.719167 0.77
312.783869 0.77
312.848253 0.80
312.902258 0.77
312.966873 0.78
313.031882 0.80
313.090743 0.79
313.154742 0.77
313.214153 0.80
313.267868 0.79
313.327394 0.77
313.386874 0.77
313.446258 0.80
313.511317 0.78
313.575872 0.78
313.641753 0.78
313.695875 0.77
313.750623 0.79
313.806008 0.79
313.871005 0.79
313.926502 0.79
313.981880 0.79
314.047880 0.76
314.097877 0.78
314.162757 0.78
314.224279 0.77
314.283888 0.78
314.344757 0.77
314.405508 0.79
314.460888 0.78
314.507010 0.79
314.566633 0.79
314.637511 0.79
314.692631 0.79
314.746756 0.77
314.801012 0.79
314.865764 0.78
314.919758 0.78
314.973757 0.78
315.032883 0.78
315.096770 0.78
315.169060 0.78
315.233134 0.79
315.294295 0.79
315.360639 0.78
315.419761 0.77
315.479642 0.79
315.541284 0.80
315.605896 0.79
315.662293 0.78
315.728891 0.78
315.793646 0.79
315.855048 0.77
315.919891 0.78
315.981291 0.77
316.041041 0.79
316.105649 0.79
316.170650 0.78
316.235644 0.79
316.290025 0.79
316.346186 0.77
316.415530 0.78
316.482148 0.80
316.546646 0.78
316.606083 0.78
316.666906 0.80
316.722439 0.77
316.786903 0.76
316.846657 0.81
316.916540 0.79
316.986652 0.78
317.051652 0.78
317.121907 0.80
317.181661 0.80
317.242408 0.78
317.301908 0.79
317.361660 0.77
317.422404 0.78
317.477783 0.78
317.549658 0.78
317.610415 0.78
317.664907 0.79
317.720444 0.78
317.771436 0.79
317.822422 0.79
317.891776 0.79
317.946902 0.76
318.021420 0.79
318.090778 0.79
318.156420 0.79
318.225779 0.78
318.291654 0.79
318.355780 0.79
318.421655 0.78
318.475792 0.79
318.536657 0.77
318.597915 0.78
318.654081 0.79
318.723659 0.77
318.782425 0.80
318.846034 0.79
318.915431 0.78
318.984788 0.79
319.050552 0.77
319.114427 0.78
319.183426 0.79
319.252305 0.79
319.317789 0.77
319.376663 0.77
319.430918 0.78
319.491307 0.79
319.555058 0.80
319.610797 0.78
319.670550 0.79
319.740670 0.78
319.801549 0.80
319.866549 0.77
319.926058 0.78
319.985799 0.79
320.045550 0.78
320.099547 0.79
320.169925 0.78
320.230801 0.78
320.287673 0.78
320.347921 0.78
320.412437 0.80
320.481679 0.80
320.557053 0.80
320.631566 0.80
320.692804 0.77
320.762571 0.78
320.826685 0.77
320.893565 0.78
320.958448 0.78
321.028455 0.78
321.098683 0.78
321.173930 0.80
321.237928 0.79
321.302555 0.79
321.366575 0.79
321.430815 0.78
321.491428 0.80
321.545689 0.76
321.599933 0.78
321.669446 0.78
321.733197 0.80
321.791805 0.78
321.852323 0.79
321.917931 0.78
321.987450 0.78
322.051449 0.78
322.115447 0.80
322.179206 0.78
322.249934 0.79
322.309810 0.80
322.363202 0.78
322.428810 0.78
322.487452 0.78
322.551203 0.78
322.620453 0.78
322.684453 0.76
322.743691 0.80
322.808333 0.78
322.867207 0.80
322.941205 0.79
323.005456 0.78
323.065192 0.78
323.121565 0.78
323.176220 0.80
323.236194 0.77
323.300584 0.77
323.364569 0.79
323.428704 0.79
323.488467 0.78
323.553234 0.78
323.612609 0.78
323.682829 0.80
323.747575 0.77
323.836620 0.77
323.906826 0.78
323.982357 0.80
324.047346 0.79
324.122964 0.77
324.182713 0.77
324.243704 0.78
324.308358 0.77
324.373357 0.80
324.438350 0.79
324.492579 0.78
324.556577 0.77
324.622106 0.79
324.692354 0.77
324.746224 0.79
324.810590 0.79
324.870356 0.78
324.935228 0.76
325.005363 0.78
325.070362 0.78
325.124227 0.77
325.179590 0.79
325.239357 0.76
325.298836 0.79
325.354591 0.77
325.414339 0.77
325.468352 0.79
325.527973 0.80
325.592971 0.79
325.652356 0.78
325.717341 0.78
325.767594 0.78
325.831849 0.78
325.891593 0.79
325.975591 0.79
326.034715 0.77
326.093716 0.78
326.147104 0.78
326.217261 0.78
326.267596 0.78
326.327159 0.78
326.397367 0.79
326.462368 0.80
326.521728 0.78
326.581367 0.78
326.646365 0.79
326.700603 0.79
326.761605 0.77
326.821366 0.80
326.871603 0.77
326.932608 0.80
326.993474 0.79
327.057236 0.79
327.116167 0.79
327.180597 0.78
327.254975 0.80
327.319492 0.78
327.383736 0.78
327.444499 0.80
327.509108 0.79
327.573126 0.79
327.646976 0.78
327.716489 0.79
327.777136 0.80
327.841728 0.79
327.900602 0.78
327.965609 0.79
328.026376 0.78
328.076106 0.80
328.135141 0.78
328.194382 0.78
328.250985 0.77
328.305383 0.78
328.366735 0.78
328.431145 0.79
328.506612 0.79
328.582166 0.79
328.657616 0.78
328.732994 0.77
328.797862 0.76
328.862381 0.79
328.934152 0.79
328.993392 0.77
329.063521 0.77
329.128382 0.79
329.192738 0.76
329.257272 0.79
329.316380 0.76
329.375114 0.78
329.439624 0.77
329.504115 0.79
329.563619 0.80
329.635382 0.79
329.699526 0.77
329.760392 0.80
329.825245 0.79
329.884504 0.80
329.945391 0.78
329.999747 0.78
330.065503 0.78
330.126390 0.78
330.180495 0.77
330.241186 0.80
330.302394 0.80
330.367249 0.78
330.421409 0.77
330.481179 0.77
330.546176 0.78
330.600406 0.79
330.660169 0.79
330.725006 0.79
330.791405 0.79
330.851195 0.79
330.912628 0.78
330.977279 0.79
331.038193 0.80
331.103164 0.77
331.153405 0.78
331.214397 0.78
331.269883 0.79
331.330761 0.79
331.390409 0.79
331.450010 0.76
331.520184 0.76
331.585145 0.78
331.644275 0.80
331.709182 0.80
331.774187 0.79
331.839021 0.79
331.914513 0.80
331.979888 0.77
332.039279 0.77
332.098647 0.78
332.158153 0.79
332.217520 0.80
332.289416 0.78
332.343639 0.77
332.415412 0.77
332.472421 0.80
332.542176 0.78
332.603202 0.80
332.663025 0.76
332.718892 0.78
332.786897 0.79
332.837414 0.78
332.903177 0.78
332.961898 0.79
333.021651 0.78
333.081289 0.79
333.141022 0.77
333.195287 0.80
333.249286 0.80
333.309026 0.80
333.370204 0.78
333.435022 0.80
333.500027 0.77
333.565032 0.79
333.621772 0.76
333.692028 0.77
333.751540 0.79
333.804434 0.79
333.874652 0.79
333.945048 0.77
334.004303 0.78
334.064029 0.79
334.134423 0.79
334.204657 0.79
334.269660 0.79
334.334421 0.78
334.394081 0.79
334.458778 0.79
334.528348 0.79
334.603318 0.79
334.662907 0.78
334.732905 0.77
334.797302 0.79
334.856032 0.80
334.910308 0.78
334.970217 0.77
335.040426 0.77
335.105433 0.78
335.177304 0.80
335.241920 0.78
335.307040 0.77
335.372041 0.77
335.441911 0.80
335.506322 0.79
335.560305 0.78
335.624918 0.78
335.679441 0.80
335.743913 0.78
335.805047 0.80
335.866452 0.79
335.935913 0.78
335.997219 0.78
336.056916 0.78
336.115914 0.78
336.174788 0.79
336.238788 0.77
336.302788 0.76
336.366539 0.79
336.425304 0.79
336.483789 0.77
336.542540 0.78
336.606556 0.78
336.659042 0.78
336.717791 0.79
336.782668 0.79
336.830044 0.78
336.884917 0.79
336.948793 0.78
337.005044 0.79
337.070922 0.78
337.130212 0.78
337.200247 0.79
337.265050 0.79
337.319923 0.78
337.383922 0.78
337.443318 0.77
337.512928 0.77
337.573926 0.79
337.633319 0.80
337.692343 0.77
337.762448 0.80
337.828800 0.79
337.897675 0.80
337.971801 0.78
338.040801 0.78
338.113321 0.78
338.172196 0.79
338.236196 0.79
338.295683 0.77
338.355091 0.79
338.414198 0.76
338.473813 0.77
338.528204 0.78
338.584455 0.78
338.644805 0.79
338.708806 0.77
338.772931 0.80
338.836934 0.81
338.895808 0.77
338.954809 0.76
339.018810 0.77
339.082809 0.78
339.141811 0.77
339.205939 0.78
339.259937 0.78
339.310064 0.77
339.380594 0.78
339.434942 0.78
339.480941 0.78
339.535941 0.79
339.614241 0.78
339.689462 0.79
339.758814 0.78
339.818571 0.77
339.878690 0.79
339.943569 0.78
339.998205 0.78
340.057209 0.78
340.115817 0.76
340.174944 0.79
340.258071 0.80
340.327571 0.79
340.391944 0.78
340.454213 0.79
340.523572 0.78
340.587954 0.79
340.656957 0.78
340.717824 0.79
340.776955 0.79
340.841698 0.78
340.900964 0.78
340.970580 0.79
341.048826 0.77
341.107825 0.78
341.166712 0.79
341.220827 0.79
341.281959 0.80
341.346230 0.79
341.410829 0.78
341.464835 0.79
341.529707 0.80
341.584115 0.79
341.644506 0.80
341.698833 0.78
341.768838 0.78
341.830219 0.77
341.895127 0.79
341.954970 0.79
342.009246 0.80
342.068240 0.80
342.132842 0.78
342.193120 0.78
342.253841 0.79
342.314721 0.79
342.373837 0.80
342.423845 0.78
342.480508 0.76
342.540132 0.79
342.596475 0.79
342.656137 0.80
342.721144 0.77
342.781844 0.79
342.842716 0.80
342.902149 0.80
342.958473 0.78
343.013848 0.78
343.078851 0.77
343.143595 0.79
343.213598 0.78
343.274977 0.78
343.339720 0.78
343.400976 0.80
343.465723 0.77
343.519722 0.77
343.580977 0.78
343.640608 0.80
343.701975 0.78
343.771485 0.79
343.841162 0.78
343.910847 0.78
343.970147 0.78
344.039854 0.78
344.104130 0.78
344.163854 0.79
344.228609 0.79
344.289496 0.78
344.348857 0.78
344.408611 0.78
344.469729 0.79
344.528728 0.78
344.594370 0.79
344.658603 0.79
344.712857 0.78
344.777507 0.77
344.842135 0.80
344.902360 0.79
344.971741 0.80
345.026854 0.77
345.091136 0.76
345.165860 0.77
345.229983 0.77
345.290735 0.77
345.340738 0.78
345.397366 0.78
345.456734 0.76
345.518363 0.79
345.577860 0.79
345.652615 0.78
345.717501 0.77
345.792862 0.79
345.862995 0.77
345.923872 0.79
345.995506 0.78
346.055864 0.77
346.125251 0.79
346.189738 0.79
346.254743 0.80
346.324618 0.79
346.383616 0.78
346.447739 0.79
346.506750 0.78
346.581279 0.78
346.640872 0.80
346.696998 0.78
346.761496 0.77
346.826515 0.78
346.880746 0.80
346.939871 0.80
346.999523 0.80
347.060756 0.76
347.115001 0.79
347.179517 0.78
347.243634 0.78
347.313497 0.79
347.368753 0.76
347.423005 0.76
347.487516 0.80
347.546883 0.76
347.612878 0.80
347.678626 0.80
347.735635 0.80
347.796523 0.79
347.861505 0.79
347.920521 0.78
347.984519 0.80
348.038754 0.78
348.102628 0.77
348.157519 0.77
348.216755 0.79
348.275253 0.79
348.343879 0.78
348.402259 0.78
348.476399 0.78
348.540523 0.79
348.601400 0.78
348.665514 0.80
348.735525 0.79
348.789763 0.78
348.849024 0.79
348.908764 0.78
348.973515 0.80
349.029405 0.79
349.093529 0.77
349.157895 0.79
349.216760 0.78
349.280265 0.79
349.349020 0.78
349.408764 0.78
349.473644 0.79
349.538524 0.78
349.597891 0.78
349.656891 0.78
349.726649 0.77
349.786412 0.78
349.856417 0.80
349.921526 0.77
349.986288 0.78
350.052897 0.78
350.112653 0.78
350.173414 0.79
350.236893 0.78
350.291903 0.78
350.352419 0.79
350.417423 0.79
350.482437 0.80
350.547294 0.77
350.601655 0.78
350.661427 0.78
350.726422 0.77
350.791531 0.79
350.852559 0.79
350.922652 0.79
350.992427 0.78
351.057443 0.78
351.122299 0.77
351.197546 0.79
351.253031 0.77
351.322171 0.78
351.392428 0.78
351.457169 0.77
351.526420 0.78
351.590417 0.78
351.649173 0.76
351.713425 0.78
351.777547 0.79
351.852534 0.77
351.907427 0.77
351.971422 0.80
352.035407 0.78
352.099425 0.78
352.163423 0.80
352.222160 0.78
352.296552 0.79
352.365918 0.80
352.425431 0.79
352.484545 0.77
352.544308 0.79
352.605668 0.80
352.666673 0.76
352.726437 0.78
352.787795 0.79
352.852549 0.79
352.912313 0.77
352.968318 0.80
353.038438 0.79
353.088182 0.78
353.143551 0.79
353.207667 0.78
353.272549 0.78
353.326803 0.78
353.386549 0.77
353.451320 0.78
353.512078 0.80
353.572047 0.76
353.631327 0.79
353.696316 0.80
353.766443 0.80
353.816052 0.78
353.875188 0.77
353.925555 0.80
353.984060 0.77
354.042551 0.79
354.107432 0.79
354.177685 0.79
354.253323 0.77
354.312931 0.78
354.377335 0.80
354.442324 0.78
354.507179 0.80
354.576449 0.78
354.637443 0.78
354.701052 0.78
354.765561 0.78
354.825219 0.79
354.884180 0.79
354.948564 0.77
355.008223 0.76
355.083685 0.77
355.137567 0.78
355.197229 0.80
355.253332 0.78
355.317346 0.81
355.378226 0.78
355.437562 0.79
355.507071 0.78
355.573813 0.79
355.633463 0.79
355.688938 0.78
355.744065 0.78
355.810350 0.79
355.865062 0.80
355.920466 0.78
355.975941 0.79
356.030329 0.77
356.079937 0.78
356.144062 0.78
356.203063 0.77
356.267092 0.77
356.331063 0.76
356.395095 0.78
356.459090 0.78
356.533218 0.78
356.597218 0.78
356.661068 0.78
356.712330 0.78
356.766940 0.78
356.823486 0.76
356.882693 0.81
356.948463 0.78
357.002342 0.80
357.061070 0.80
357.130825 0.76
357.195981 0.77
357.265698 0.78
357.325346 0.77
357.397238 0.78
357.456701 0.80
357.521597 0.80
357.591828 0.77
357.656361 0.78
357.726620 0.77
357.796699 0.79
357.855699 0.78
357.909226 0.79
357.972825 0.78
358.036574 0.81
358.090104 0.79
358.154103 0.78
358.218347 0.78
358.283958 0.77
358.348220 0.78
358.407237 0.76
358.464232 0.79
358.523222 0.80
358.576960 0.80
358.641129 0.78
358.697866 0.77
358.748143 0.78
358.809257 0.78
358.870712 0.79
358.930369 0.78
358.986589 0.78
359.046355 0.77
359.096722 0.79
359.156360 0.80
359.216123 0.79
359.269970 0.78
359.348134 0.79
359.412971 0.77
359.488220 0.79
359.554974 0.80
359.629968 0.79
359.705489 0.79
359.766363 0.78
359.826852 0.78
359.886721 0.78
359.945973 0.80
360.005227 0.80
360.077136 0.78
360.131367 0.78
360.190596 0.78
360.264980 0.77
360.319363 0.78
360.384228 0.79
360.455974 0.79
360.530848 0.80
360.586376 0.80
360.647368 0.78
360.713369 0.78
360.774240 0.77
360.843485 0.79
360.912846 0.78
360.981472 0.80
361.045472 0.79
361.109598 0.78
361.173489 0.77
361.237491 0.78
361.301491 0.78
361.365491 0.79
361.420492 0.80
361.473984 0.79
361.528980 0.77
361.582854 0.77
361.642731 0.78
361.692479 0.79
361.743734 0.78
361.793478 0.78
361.852482 0.79
361.911500 0.79
361.980855 0.78
362.044856 0.79
362.109110 0.78
362.158987 0.79
362.208859 0.80
362.273155 0.79
362.332359 0.77
362.396251 0.79
362.465867 0.79
362.529862 0.78
362.594737 0.76
362.655238 0.79
362.724489 0.79
362.793862 0.80
362.853256 0.79
362.923044 0.80
362.993182 0.79
363.052513 0.77
363.111998 0.77
363.176995 0.78
363.236504 0.78
363.300254 0.79
363.353866 0.78
363.417490 0.80
363.470992 0.77
363.529865 0.78
363.593741 0.80
363.662867 0.78
363.726867 0.78
363.795742 0.78
363.864494 0.77
363.928259 0.79
363.986869 0.76
364.055745 0.78
364.124870 0.78
364.188871 0.79
364.247874 0.77
364.301497 0.80
364.361164 0.78
364.416878 0.78
364.477875 0.80
364.539181 0.80
364.595408 0.78
364.655038 0.78
364.704882 0.78
364.769014 0.80
364.829126 0.80
364.891004 0.78
364.960877 0.78
365.024627 0.76
365.099882 0.80
365.159257 0.78
365.223884 0.77
365.284632 0.78
365.343881 0.80
365.403630 0.80
365.463755 0.78
365.533131 0.78
365.591756 0.78
365.660886 0.79
365.724632 0.78
365.789635 0.79
365.849762 0.80
365.918509 0.78
365.987134 0.79
366.050760 0.80
366.114261 0.79
366.172634 0.79
366.246636 0.77
366.315262 0.80
366.373640 0.78
366.447638 0.79
366.516763 0.80
366.580263 0.79
366.638639 0.78
366.712771 0.80
366.776890 0.78
366.835406 0.81
366.888891 0.80
366.952766 0.78
367.016767 0.78
367.080896 0.78
367.139282 0.78
367.203899 0.81
367.263272 0.77
367.321771 0.78
367.385770 0.78
367.450192 0.79
367.502056 0.77
367.567552 0.79
367.618301 0.79
367.687649 0.80
367.756647 0.78
367.820647 0.78
367.880776 0.77
367.934900 0.79
367.984777 0.78
368.048649 0.80
368.099064 0.80
368.163779 0.78
368.222775 0.77
368.286776 0.78
368.336905 0.78
368.391654 0.80
368.446094 0.79
368.505788 0.78
368.570659 0.77
368.629782 0.79
368.688914 0.79
368.753658 0.79
368.817412 0.78
368.877916 0.78
368.947661 0.79
369.017191 0.78
369.076909 0.78
369.135667 0.79
369.199163 0.78
369.260081 0.77
369.319318 0.78
369.379086 0.80
369.439088 0.79
369.498673 0.79
369.560087 0.79
369.615922 0.79
369.675680 0.78
369.737312 0.79
369.797096 0.78
369.853361 0.80
369.913089 0.79
369.972922 0.76
370.032672 0.80
370.086794 0.78
370.156542 0.77
370.226054 0.79
370.286923 0.78
370.346673 0.79
370.400667 0.78
370.459792 0.78
370.525446 0.79
370.579075 0.78
370.634073 0.78
370.690452 0.80
370.739920 0.77
370.804076 0.80
370.860458 0.78
370.910075 0.81
370.965076 0.77
371.021470 0.80
371.072457 0.78
371.122083 0.79
371.178455 0.77
371.237800 0.78
371.292806 0.79
371.353679 0.77
371.413095 0.79
371.478936 0.79
371.535226 0.77
371.594806 0.77
371.658812 0.77
371.723692 0.78
371.793433 0.76
371.867678 0.79
371.931679 0.76
371.995806 0.78
372.059679 0.79
372.118806 0.79
372.182683 0.78
372.241680 0.77
372.295682 0.77
372.354582 0.78
372.418684 0.78
372.477685 0.80
372.531686 0.80
372.585685 0.79
372.639583 0.77
372.693094 0.76
372.757938 0.77
372.827688 0.77
372.891700 0.78
372.952568 0.78
373.006818 0.79
373.071