0.000000 0.000000
0.090454 0.88
0.155399 0.87
0.224128 0.87
0.279127 0.87
0.342626 0.87
0.406126 0.87
0.469627 0.87
0.533126 0.87
0.588127 0.87
0.643128 0.87
0.707018 0.87
0.768298 0.87
0.833317 0.87
0.889020 0.87
0.954016 0.87
1.015136 0.87
1.080884 0.87
1.140008 0.88
1.198883 0.87
1.258009 0.87
1.313009 0.87
1.372026 0.88
1.433021 0.79
1.499015 0.79
1.565013 0.78
1.620012 0.78
1.678887 0.79
1.734013 0.79
1.788888 0.78
1.843888 0.79
1.898888 0.78
1.953889 0.79
2.017890 0.78
2.072890 0.79
2.127890 0.78
2.186780 0.78
2.242523 0.79
2.296142 0.79
2.354532 0.78
2.415524 0.79
2.469143 0.79
2.527785 0.78
2.592525 0.78
2.651394 0.78
2.712020 0.78
2.775784 0.79
2.844396 0.78
2.913022 0.79
2.976897 0.78
3.040898 0.78
3.104898 0.78
3.168540 0.79
3.242400 0.79
3.311025 0.79
3.374541 0.79
3.448539 0.78
3.522542 0.79
3.596544 0.80
3.670403 0.78
3.735543 0.79
3.809545 0.78
3.883548 0.79
3.957405 0.79
4.023031 0.79
4.077782 0.79
4.141423 0.79
4.211907 0.79
4.265421 0.79
4.339424 0.78
4.413424 0.79
4.465785 0.78
4.529426 0.79
4.603426 0.79
4.655911 0.79
4.709552 0.79
4.778675 0.79
4.842553 0.79
4.911427 0.79
4.985680 0.78
5.041417 0.78
5.104914 0.79
5.168414 0.79
5.231914 0.79
5.295416 0.78
5.358916 0.79
5.422416 0.79
5.485917 0.78
5.549417 0.79
5.612917 0.78
5.676418 0.79
5.739919 0.79
5.803419 0.79
5.866919 0.79
5.930420 0.79
5.993920 0.80
6.057421 0.79
6.120922 0.79
6.175922 0.79
6.239423 0.78
6.302923 0.78
6.357924 0.79
6.421424 0.79
6.484924 0.78
6.548425 0.79
6.611925 0.79
6.671925 0.79
6.731926 0.79
6.791927 0.79
6.851927 0.78
6.911928 0.79
6.971929 0.79
7.026804 0.78
7.090306 0.79
7.153805 0.79
7.217306 0.79
7.277431 0.79
7.324681 0.78
7.374057 0.79
7.427308 0.79
7.490807 0.78
7.554309 0.78
7.606684 0.78
7.659933 0.79
7.718310 0.79
7.770685 0.79
7.821311 0.78
7.884811 0.79
7.948312 0.79
8.000687 0.79
8.051313 0.78
8.109813 0.79
8.173314 0.79
8.236814 0.79
8.300440 0.79
8.358815 0.79
8.422316 0.79
8.485815 0.79
8.549316 0.79
8.612817 0.79
8.676318 0.78
8.739817 0.78
8.803319 0.78
8.866819 0.79
8.930445 0.79
8.988820 0.79
9.052321 0.79
9.115820 0.79
9.170821 0.79
9.234323 0.79
9.297822 0.79
9.357822 0.78
9.417823 0.79
9.477823 0.79
9.537825 0.79
9.597824 0.79
9.657825 0.79
9.717951 0.79
9.772826 0.78
9.836327 0.78
9.887452 0.78
9.941952 0.78
9.995202 0.79
10.047578 0.79
10.096953 0.78
10.150330 0.78
10.197579 0.78
10.250830 0.78
10.309205 0.78
10.372707 0.79
10.436206 0.78
10.488582 0.78
10.539210 0.79
10.602708 0.78
10.666208 0.79
10.739209 0.79
10.802709 0.79
10.866209 0.79
10.929711 0.78
10.993211 0.79
11.056836 0.78
11.115212 0.79
11.178712 0.79
11.242212 0.79
11.305713 0.79
11.369213 0.79
11.432715 0.79
11.496222 0.79
11.559716 0.79
11.623222 0.78
11.686841 0.78
11.745223 0.79
11.808717 0.79
11.872223 0.79
11.935718 0.78
11.990719 0.79
12.045719 0.79
12.109222 0.79
12.172720 0.79
12.227720 0.79
12.287721 0.79
12.347722 0.79
12.402722 0.79
12.462722 0.79
12.522723 0.79
12.577723 0.78
12.637724 0.79
12.701228 0.78
12.764849 0.79
12.818100 0.79
12.870476 0.79
12.919850 0.79
12.973102 0.79
13.025478 0.79
13.078727 0.79
13.137102 0.79
13.198105 0.79
13.261604 0.79
13.325104 0.78
13.377479 0.79
13.428106 0.78
13.491605 0.79
13.555106 0.79
13.631982 0.79
13.700607 0.79
13.764107 0.78
13.827608 0.79
13.891109 0.79
13.954735 0.79
14.013109 0.79
14.076610 0.79
14.140111 0.78
14.203611 0.78
14.267111 0.78
14.330612 0.78
14.394113 0.79
14.457613 0.79
14.521114 0.79
14.584740 0.79
14.643115 0.79
14.706615 0.79
14.770116 0.78
14.833617 0.78
14.897117 0.79
14.960618 0.79
15.020619 0.78
15.080618 0.79
15.140618 0.79
15.195619 0.78
15.248024 0.79
15.301760 0.79
15.349022 0.79
15.402637 0.79
15.466638 0.79
15.521623 0.79
15.585624 0.79
15.644124 0.79
15.708125 0.79
15.772125 0.78
15.836125 0.79
15.900126 0.79
15.964126 0.79
16.028126 0.79
16.097002 0.79
16.166128 0.79
16.235003 0.79
16.298768 0.79
16.362768 0.79
16.416256 0.78
16.480005 0.79
16.543770 0.79
16.593407 0.79
16.656882 0.78
16.710648 0.79
16.784524 0.78
16.843009 0.79
16.906775 0.79
16.965651 0.79
17.034525 0.79
17.088010 0.78
17.151776 0.79
17.205262 0.78
17.269012 0.78
17.343012 0.79
17.406784 0.78
17.465652 0.79
17.524264 0.79
17.588014 0.78
17.651780 0.78
17.710532 0.79
17.765783 0.79
17.815783 0.79
17.865780 0.79
17.911782 0.78
17.961784 0.79
18.007782 0.79
18.057784 0.79
18.107782 0.79
18.176394 0.78
18.240020 0.79
18.295271 0.79
18.358895 0.79
18.415272 0.78
18.478897 0.79
18.531273 0.79
18.595022 0.79
18.655924 0.78
18.711899 0.79
18.767899 0.78
18.823901 0.79
18.879901 0.79
18.940025 0.78
19.008901 0.79
19.069902 0.79
19.139027 0.79
19.213028 0.79
19.282153 0.79
19.350904 0.79
19.415904 0.79
19.489904 0.78
19.554905 0.79
19.619906 0.78
19.694031 0.79
19.758157 0.78
19.827032 0.79
19.900909 0.79
19.975159 0.79
20.043909 0.79
20.117909 0.79
20.191910 0.78
20.261036 0.78
20.325036 0.79
20.393912 0.79
20.467912 0.79
20.536787 0.79
20.605414 0.79
20.660664 0.79
20.710664 0.79
20.760665 0.79
20.810679 0.78
20.860430 0.78
20.915292 0.79
20.970293 0.78
21.025316 0.79
21.089316 0.79
21.153294 0.78
21.217295 0.78
21.281295 0.79
21.341571 0.79
21.400296 0.79
21.460685 0.79
21.519310 0.79
21.583297 0.79
21.647322 0.78
21.711298 0.78
21.775299 0.78
21.839300 0.78
21.903314 0.79
21.967300 0.79
22.028803 0.79
22.082301 0.79
22.146301 0.79
22.210302 0.79
22.274450 0.78
22.338454 0.79
22.399806 0.79
22.453304 0.79
22.517455 0.79
22.581306 0.78
22.645305 0.78
22.709306 0.79
22.784056 0.78
22.847931 0.79
22.911932 0.78
22.975932 0.79
23.040058 0.78
23.103934 0.79
23.172934 0.79
23.242310 0.79
23.306311 0.79
23.365311 0.78
23.429311 0.79
23.493312 0.79
23.562452 0.79
23.616062 0.79
23.669315 0.79
23.733315 0.79
23.792315 0.79
23.856465 0.79
23.909940 0.79
23.968941 0.79
24.033066 0.79
24.083694 0.79
24.143695 0.79
24.203695 0.79
24.263695 0.79
24.322319 0.79
24.386320 0.78
24.450320 0.79
24.514321 0.79
24.578321 0.80
24.652946 0.79
24.713071 0.79
24.763699 0.79
24.827838 0.79
24.901948 0.79
24.971324 0.79
25.045841 0.79
25.109950 0.78
25.173950 0.79
25.238075 0.79
25.301841 0.79
25.370951 0.78
25.440328 0.78
25.514843 0.79
25.578828 0.79
25.647578 0.78
25.702829 0.78
25.771579 0.78
25.826845 0.79
25.890719 0.79
25.954332 0.79
26.014847 0.78
26.073333 0.79
26.123207 0.79
26.178334 0.79
26.228208 0.78
26.283209 0.79
26.341960 0.79
26.410850 0.79
26.469210 0.79
26.527850 0.79
26.586212 0.79
26.644854 0.78
26.703213 0.79
26.761852 0.79
26.830855 0.78
26.889213 0.78
26.947856 0.79
27.003590 0.79
27.075729 0.79
27.136592 0.79
27.208732 0.79
27.269593 0.79
27.341731 0.79
27.398594 0.79
27.457225 0.78
27.515857 0.78
27.584733 0.79
27.667227 0.79
27.725860 0.79
27.789859 0.79
27.858971 0.79
27.922736 0.79
28.010499 0.79
28.070973 0.78
28.143500 0.78
28.212738 0.79
28.286975 0.79
28.350976 0.79
28.423231 0.79
28.495619 0.79
28.560977 0.79
28.624744 0.79
28.693504 0.79
28.763979 0.79
28.822746 0.79
28.886506 0.79
28.951980 0.79
29.015507 0.78
29.080982 0.78
29.144507 0.78
29.209982 0.80
29.273507 0.78
29.338983 0.79
29.397747 0.79
29.456235 0.79
29.524985 0.79
29.588509 0.79
29.662625 0.79
29.727493 0.78
29.782512 0.79
29.856753 0.79
29.912495 0.79
29.970989 0.79
30.034515 0.79
30.095496 0.79
30.151496 0.79
30.205115 0.79
30.278990 0.79
30.342507 0.79
30.416508 0.78
30.490508 0.79
30.551499 0.78
30.605118 0.79
30.663757 0.79
30.732995 0.80
30.785520 0.78
30.840395 0.79
30.900871 0.79
30.964872 0.78
31.028997 0.79
31.094397 0.79
31.154872 0.78
31.218999 0.79
31.284639 0.79
31.353400 0.79
31.423875 0.79
31.477640 0.79
31.546400 0.79
31.612001 0.78
31.670767 0.78
31.739401 0.79
31.799379 0.79
31.868003 0.79
31.926880 0.79
31.980643 0.79
32.049521 0.78
32.114880 0.79
32.168648 0.79
32.237407 0.79
32.293882 0.79
32.352409 0.78
32.408883 0.79
32.467409 0.79
32.536409 0.79
32.610410 0.78
32.666773 0.78
32.730410 0.78
32.786776 0.79
32.850414 0.79
32.902762 0.79
32.966414 0.78
33.035654 0.79
33.099654 0.79
33.163529 0.79
33.232403 0.79
33.301403 0.79
33.375390 0.78
33.449391 0.79
33.523392 0.78
33.597393 0.79
33.671393 0.79
33.745533 0.79
33.814394 0.79
33.888394 0.79
33.962537 0.78
34.031395 0.78
34.105396 0.79
34.179397 0.79
34.253398 0.79
34.327398 0.79
34.401399 0.78
34.475399 0.79
34.549400 0.79
34.623401 0.79
34.682026 0.79
34.735402 0.79
34.793902 0.79
34.859402 0.78
34.919903 0.78
34.985544 0.78
35.049280 0.79
35.118296 0.78
35.187795 0.79
35.246406 0.79
35.306782 0.79
35.365406 0.78
35.425782 0.79
35.484550 0.79
35.548423 0.79
35.608784 0.78
35.667301 0.79
35.736302 0.79
35.805424 0.79
35.874437 0.78
35.943803 0.78
36.002305 0.79
36.071304 0.79
36.140303 0.78
36.209308 0.79
36.278438 0.79
36.347442 0.79
36.411290 0.78
36.480292 0.79
36.549292 0.79
36.618292 0.78
36.687441 0.78
36.756683 0.79
36.820444 0.79
36.889443 0.79
36.958810 0.79
37.017296 0.79
37.086296 0.79
37.155444 0.78
37.224686 0.79
37.288686 0.78
37.352689 0.79
37.416691 0.79
37.480447 0.78
37.549448 0.79
37.618688 0.79
37.682688 0.79
37.746689 0.79
37.805304 0.79
37.864303 0.79
37.928303 0.79
37.992304 0.79
38.056304 0.78
38.120306 0.79
38.179305 0.78
38.243306 0.79
38.307306 0.79
38.371307 0.78
38.435309 0.80
38.494308 0.79
38.558308 0.79
38.622308 0.79
38.686310 0.79
38.750312 0.78
38.809310 0.79
38.873310 0.79
38.937311 0.79
39.001312 0.78
39.065314 0.78
39.124313 0.79
39.188313 0.79
39.247316 0.78
39.306314 0.78
39.370315 0.78
39.434314 0.79
39.503316 0.79
39.567316 0.78
39.631317 0.79
39.695319 0.78
39.754318 0.79
39.818318 0.79
39.882319 0.79
39.946321 0.78
40.010322 0.79
40.069321 0.79
40.133321 0.79
40.197322 0.79
40.261323 0.79
40.325325 0.78
40.384324 0.79
40.448324 0.79
40.512325 0.79
40.576198 0.79
40.640074 0.79
40.709075 0.79
40.769200 0.78
40.816476 0.80
40.867076 0.79
40.925589 0.79
40.984202 0.79
41.031478 0.79
41.082078 0.79
41.140591 0.79
41.199204 0.78
41.257829 0.79
41.311330 0.78
41.362080 0.79
41.420594 0.79
41.479206 0.78
41.537831 0.78
41.591333 0.79
41.651083 0.79
41.709596 0.80
41.768207 0.79
41.826599 0.79
41.890084 0.79
41.953723 0.78
42.022726 0.79
42.096599 0.78
42.155086 0.79
42.227087 0.79
42.290601 0.79
42.349087 0.78
42.418088 0.79
42.481602 0.79
42.543089 0.79
42.612089 0.78
42.694732 0.78
42.763606 0.79
42.822091 0.79
42.904731 0.79
42.973607 0.78
43.033733 0.79
43.102735 0.79
43.176611 0.79
43.236736 0.79
43.314228 0.79
43.382970 0.78
43.438225 0.80
43.501972 0.79
43.557227 0.78
43.621098 0.78
43.668372 0.79
43.727098 0.79
43.795974 0.79
43.848376 0.79
43.906975 0.79
43.980975 0.79
44.033376 0.79
44.091976 0.79
44.155744 0.79
44.209232 0.79
44.272978 0.78
44.343503 0.79
44.401979 0.79
44.465745 0.79
44.519236 0.79
44.582856 0.78
44.646509 0.79
44.704982 0.79
44.768745 0.79
44.822236 0.79
44.885858 0.78
44.944624 0.79
45.013623 0.79
45.077623 0.78
45.146623 0.78
45.220511 0.80
45.273986 0.79
45.343112 0.78
45.401754 0.78
45.455256 0.78
45.518988 0.79
45.587989 0.78
45.651752 0.78
45.710503 0.79
45.775990 0.78
45.839756 0.78
45.889754 0.79
45.944991 0.79
46.008508 0.79
46.063756 0.78
46.113758 0.78
46.169118 0.79
46.227758 0.79
46.291393 0.78
46.354870 0.79
46.415245 0.79
46.478995 0.79
46.538761 0.79
46.607395 0.79
46.670872 0.79
46.723249 0.78
46.786873 0.78
46.839249 0.79
46.902874 0.80
46.955250 0.79
47.018875 0.79
47.071251 0.79
47.134875 0.79
47.195878 0.78
47.264877 0.79
47.338878 0.78
47.413003 0.79
47.481879 0.79
47.556004 0.79
47.619879 0.79
47.693880 0.79
47.768131 0.79
47.832006 0.78
47.900882 0.79
47.970132 0.79
48.038758 0.79
48.107383 0.78
48.170883 0.79
48.234384 0.79
48.298012 0.79
48.362140 0.79
48.421013 0.78
48.485012 0.78
48.549013 0.78
48.613328 0.78
48.683664 0.78
48.739393 0.79
48.794657 0.79
48.844657 0.78
48.903521 0.79
48.962393 0.79
49.013548 0.78
49.072659 0.79
49.131419 0.79
49.182671 0.78
49.238521 0.78
49.292302 0.79
49.356394 0.79
49.408800 0.79
49.464800 0.78
49.525149 0.79
49.579022 0.79
49.629802 0.79
49.694022 0.79
49.757897 0.79
49.813526 0.79
49.872400 0.79
49.936399 0.78
50.000399 0.79
50.069912 0.79
50.134906 0.79
50.186154 0.79
50.245027 0.78
50.308902 0.79
50.373352 0.79
50.438158 0.78
50.494031 0.78
50.558029 0.79
50.622029 0.78
50.681563 0.79
50.741324 0.78
50.811033 0.79
50.880312 0.79
50.944329 0.79
51.008910 0.79
51.073159 0.79
51.134034 0.78
51.193033 0.78
51.257164 0.79
51.318037 0.79
51.377036 0.79
51.435910 0.79
51.500036 0.78
51.559327 0.78
51.618432 0.79
51.673805 0.78
51.737913 0.79
51.802164 0.79
51.863467 0.78
51.923044 0.78
51.982042 0.78
52.037166 0.79
52.102694 0.78
52.162468 0.78
52.222047 0.79
52.280918 0.79
52.341168 0.78
52.406746 0.78
52.462470 0.78
52.523048 0.79
52.582047 0.78
52.637171 0.79
52.702718 0.79
52.767500 0.79
52.837841 0.78
52.892364 0.78
52.953953 0.79
53.013936 0.78
53.073810 0.78
53.138937 0.79
53.204064 0.79
53.265622 0.79
53.325477 0.79
53.385184 0.79
53.454930 0.78
53.523682 0.79
53.593362 0.78
53.647461 0.79
53.708491 0.78
53.764509 0.79
53.824184 0.79
53.885057 0.78
53.943949 0.80
54.003056 0.79
54.061938 0.78
54.125932 0.78
54.185061 0.79
54.239061 0.79
54.298339 0.79
54.367812 0.78
54.431935 0.79
54.490687 0.78
54.559936 0.78
54.618811 0.79
54.678062 0.79
54.732937 0.79
54.791690 0.78
54.855814 0.79
54.919689 0.79
54.988940 0.78
55.044064 0.78
55.097815 0.79
55.158069 0.79
55.216831 0.78
55.276942 0.78
55.327599 0.78
55.386691 0.78
55.433942 0.79
55.484569 0.78
55.548067 0.78
55.611572 0.79
55.676825 0.78
55.735699 0.78
55.795200 0.78
55.864695 0.78
55.924699 0.78
55.998948 0.78
56.062588 0.78
56.136453 0.79
56.201607 0.78
56.270950 0.79
56.326083 0.78
56.386708 0.79
56.457600 0.79
56.526830 0.78
56.595584 0.78
56.654954 0.79
56.713580 0.78
56.782594 0.79
56.841597 0.78
56.900081 0.78
56.965584 0.78
57.039722 0.78
57.103515 0.78
57.172476 0.78
57.231339 0.79
57.286464 0.78
57.355837 0.79
57.414959 0.79
57.478497 0.79
57.542213 0.79
57.595605 0.79
57.659729 0.78
57.719461 0.78
57.793461 0.79
57.855225 0.78
57.908598 0.79
57.966962 0.78
58.025603 0.79
58.082342 0.79
58.141090 0.78
58.199608 0.78
58.256090 0.78
58.320091 0.78
58.388966 0.79
58.447607 0.78
58.516593 0.79
58.585609 0.78
58.645498 0.79
58.714725 0.79
58.778612 0.78
58.837094 0.79
58.910972 0.78
58.974472 0.79
59.037971 0.79
59.101474 0.79
59.165228 0.79
59.234490 0.78
59.298615 0.79
59.367504 0.79
59.441491 0.79
59.515504 0.79
59.589494 0.79
59.663494 0.78
59.737506 0.79
59.811620 0.79
59.880891 0.79
59.937381 0.78
60.005979 0.78
60.079979 0.78
60.138480 0.79
60.212496 0.79
60.281874 0.79
60.342647 0.79
60.397858 0.79
60.461358 0.79
60.526858 0.78
60.590750 0.79
60.654500 0.79
60.710985 0.78
60.776408 0.79
60.846113 0.78
60.900862 0.79
60.959361 0.79
61.011736 0.79
61.075613 0.79
61.144864 0.79
61.198518 0.78
61.262508 0.79
61.331489 0.79
61.400394 0.78
61.474395 0.78
61.548368 0.78
61.622867 0.78
61.676635 0.78
61.745383 0.78
61.819494 0.78
61.888874 0.79
61.952997 0.78
62.016997 0.79
62.091001 0.78
62.164872 0.79
62.230408 0.78
62.290000 0.79
62.355401 0.78
62.429388 0.79
62.503391 0.79
62.577750 0.79
62.641388 0.79
62.715392 0.79
62.789402 0.78
62.863279 0.78
62.922002 0.78
62.991128 0.78
63.049753 0.79
63.113379 0.79
63.187520 0.79
63.251256 0.78
63.311405 0.78
63.377891 0.79
63.447294 0.79
63.513008 0.79
63.567883 0.79
63.628008 0.79
63.673775 0.79
63.727766 0.79
63.797385 0.79
63.857760 0.79
63.911415 0.79
63.975415 0.79
64.044262 0.79
64.107766 0.78
64.171267 0.78
64.234766 0.79
64.298270 0.78
64.361767 0.78
64.425269 0.79
64.494390 0.79
64.563267 0.79
64.626765 0.79
64.690267 0.78
64.753766 0.78
64.817271 0.79
64.880768 0.79
64.939393 0.79
64.997768 0.78
65.061394 0.79
65.125298 0.78
65.187338 0.78
65.242793 0.79
65.308293 0.78
65.371773 0.78
65.432304 0.79
65.501398 0.79
65.571549 0.79
65.630904 0.78
65.684402 0.78
65.748404 0.78
65.812306 0.79
65.881305 0.79
65.940151 0.79
66.005653 0.79
66.064307 0.79
66.128305 0.79
66.188779 0.78
66.252779 0.78
66.311780 0.79
66.375905 0.79
66.429155 0.79
66.481530 0.78
66.530906 0.79
66.584156 0.78
66.636537 0.79
66.691034 0.79
66.749659 0.79
66.808314 0.79
66.872426 0.78
66.936312 0.79
67.001187 0.78
67.065556 0.78
67.124287 0.78
67.182661 0.79
67.241429 0.78
67.305038 0.79
67.363788 0.78
67.427682 0.79
67.486320 0.79
67.550318 0.79
67.619039 0.79
67.679164 0.79
67.742671 0.78
67.806166 0.78
67.869667 0.78
67.933167 0.79
67.996667 0.79
68.060168 0.78
68.123794 0.78
68.187801 0.78
68.251796 0.79
68.310688 0.79
68.365812 0.78
68.426324 0.79
68.485422 0.78
68.549299 0.78
68.618173 0.79
68.682323 0.79
68.751049 0.78
68.811325 0.78
68.866464 0.79
68.920446 0.78
68.979050 0.78
69.053052 0.78
69.108177 0.79
69.177052 0.79
69.233813 0.79
69.283803 0.78
69.352572 0.79
69.411179 0.79
69.480056 0.79
69.532447 0.78
69.586451 0.78
69.641437 0.79
69.692061 0.78
69.755560 0.79
69.819059 0.79
69.882560 0.79
69.946324 0.78
70.000184 0.79
70.068934 0.79
70.122590 0.79
70.181185 0.79
70.245186 0.79
70.314060 0.78
70.377561 0.79
70.441062 0.78
70.504562 0.78
70.568063 0.79
70.631563 0.79
70.695190 0.79
70.759190 0.79
70.828066 0.79
70.891834 0.78
70.950709 0.79
71.019711 0.79
71.080195 0.79
71.144194 0.78
71.213069 0.79
71.276712 0.79
71.331837 0.79
71.390720 0.79
71.436712 0.78
71.482696 0.78
71.546714 0.78
71.610462 0.79
71.663947 0.78
71.716351 0.79
71.775198 0.79
71.834980 0.78
71.890199 0.79
71.945951 0.79
72.004718 0.79
72.058201 0.78
72.118347 0.79
72.182508 0.79
72.241202 0.79
72.305077 0.79
72.352331 0.79
72.407078 0.79
72.476079 0.79
72.545205 0.78
72.613955 0.79
72.688206 0.78
72.747831 0.79
72.806714 0.79
72.875475 0.79
72.933958 0.79
72.997724 0.78
73.051090 0.79
73.109465 0.79
73.167962 0.79
73.231464 0.78
73.294964 0.79
73.358465 0.79
73.422213 0.79
73.481088 0.79
73.539492 0.79
73.594481 0.79
73.652963 0.78
73.716463 0.79
73.779963 0.79
73.853965 0.79
73.917465 0.78
73.977490 0.79
74.032341 0.79
74.095841 0.78
74.151093 0.78
74.215093 0.79
74.278968 0.78
74.334094 0.79
74.392498 0.79
74.447498 0.79
74.512894 0.79
74.576847 0.78
74.641877 0.78
74.696739 0.79
74.765374 0.79
74.823848 0.79
74.884878 0.79
74.949374 0.79
74.999228 0.79
75.063420 0.78
75.124229 0.79
75.187851 0.79
75.248880 0.79
75.307494 0.78
75.366102 0.79
75.425852 0.79
75.499858 0.78
75.573231 0.78
75.623901 0.79
75.688481 0.79
75.763105 0.79
75.832106 0.78
75.901106 0.78
75.964857 0.79
76.038982 0.79
76.108108 0.78
76.176983 0.79
76.235987 0.78
76.300394 0.79
76.369516 0.79
76.434122 0.79
76.493111 0.78
76.547114 0.79
76.606401 0.79
76.666864 0.79
76.735863 0.79
76.809864 0.78
76.873394 0.79
76.928628 0.79
76.987990 0.79
77.048115 0.78
77.107269 0.78
77.167866 0.78
77.226617 0.79
77.285392 0.78
77.340631 0.79
77.390636 0.79
77.454995 0.79
77.515124 0.79
77.574296 0.79
77.638371 0.78
77.697426 0.78
77.762003 0.79
77.826626 0.79
77.874121 0.79
77.924783 0.79
77.994378 0.78
78.054874 0.79
78.118876 0.79
78.177881 0.78
78.246875 0.79
78.311125 0.79
78.370126 0.79
78.433876 0.78
78.502877 0.78
78.571894 0.78
78.632003 0.79
78.701006 0.78
78.770380 0.79
78.834512 0.79
78.894137 0.79
78.955310 0.78
79.019399 0.78
79.088889 0.78
79.148329 0.79
79.207427 0.79
79.271898 0.79
79.331138 0.78
79.397420 0.79
79.467325 0.79
79.529900 0.78
79.584435 0.78
79.643892 0.78
79.694015 0.79
79.758142 0.78
79.819020 0.78
79.878391 0.78
79.944019 0.78
79.998298 0.78
80.073019 0.79
80.128151 0.78
80.188391 0.78
80.247297 0.79
80.311313 0.79
80.375143 0.79
80.439295 0.78
80.503394 0.79
80.562296 0.78
80.631895 0.79
80.692145 0.78
80.753675 0.79
80.812272 0.79
80.881896 0.78
80.945772 0.79
81.010023 0.79
81.060671 0.78
81.114298 0.79
81.175655 0.79
81.229309 0.78
81.294775 0.78
81.358909 0.78
81.412900 0.79
81.476903 0.79
81.540903 0.79
81.610026 0.79
81.669028 0.79
81.728034 0.79
81.788789 0.78
81.853029 0.79
81.911923 0.78
81.971031 0.79
82.030162 0.78
82.101921 0.78
82.160906 0.78
82.215157 0.79
82.289550 0.79
82.348311 0.79
82.412162 0.79
82.472534 0.79
82.528037 0.79
82.581910 0.78
82.636315 0.79
82.697044 0.79
82.756162 0.79
82.825704 0.79
82.894663 0.79
82.960680 0.79
83.025914 0.79
83.081040 0.78
83.139915 0.78
83.189314 0.78
83.239043 0.78
83.297670 0.79
83.357836 0.79
83.408043 0.79
83.463047 0.79
83.533047 0.79
83.588184 0.79
83.653563 0.79
83.715171 0.79
83.780579 0.79
83.839186 0.78
83.908813 0.79
83.977819 0.79
84.036796 0.79
84.100922 0.79
84.160178 0.79
84.219054 0.79
84.290713 0.78
84.360437 0.79
84.415567 0.78
84.489696 0.78
84.558815 0.79
84.618074 0.79
84.677317 0.79
84.736177 0.79
84.795929 0.79
84.849935 0.78
84.904080 0.78
84.970464 0.79
85.030069 0.79
85.096948 0.79
85.166936 0.79
85.236184 0.79
85.305453 0.79
85.374811 0.79
85.429192 0.79
85.488705 0.79
85.548193 0.79
85.607813 0.78
85.666943 0.78
85.729714 0.79