0.000000 0.000000
0.058055 61.00
0.109891 61.00
0.179739 61.00
0.244377 61.00
0.308378 61.00
0.390636 61.00
0.444378 61.00
0.508377 61.00
0.572378 61.00
0.644738 61.00
0.718882 61.00
0.774622 61.00
0.836126 61.00
0.896066 61.00
0.966387 61.00
1.036495 61.00
1.089023 61.00
1.134743 61.00
1.188492 61.00
1.241016 61.00
1.286742 61.00
1.350494 61.00
1.410069 61.00
1.475037 61.00
1.539748 61.00
1.594746 61.00
1.663620 61.00
1.727622 61.00
1.796385 61.00
1.856497 61.00
1.930388 61.00
1.983879 61.00
2.037624 61.00
2.106625 61.00
2.175624 61.00
2.244626 61.00
2.308626 61.00
2.372627 61.00
2.441502 61.00
2.505141 61.00
2.568879 61.00
2.622503 61.00
2.691504 61.00
2.756754 61.00
2.825505 61.00
2.899381 61.00
2.958272 61.00
3.016757 61.00
3.075382 61.00
3.134148 61.00
3.199398 61.00
3.258147 61.00
3.323399 61.00
3.378517 61.00
3.428517 61.00
3.478518 61.00
3.528518 61.00
3.578519 61.00
3.628518 61.00
3.687513 61.00
3.756389 61.00
3.820388 61.00
3.875019 61.00
3.938515 61.00
4.008893 61.00
4.063893 61.00
4.109391 61.00
4.158767 61.00
4.218895 61.00
4.264393 61.00
4.315019 61.00
4.378519 61.00
4.452270 61.00
4.505519 61.00
4.579396 61.00
4.630022 61.00
4.693522 61.00
4.767272 61.00
4.820522 61.00
4.894398 61.00
4.945024 61.00
5.008523 61.00
5.082276 61.00
5.135525 61.00
5.209400 61.00
5.278027 61.00
5.341528 61.00
5.415277 61.00
5.470277 61.00
5.525278 61.00
5.580279 61.00
5.635279 61.00
5.688528 61.00
5.762405 61.00
5.827656 61.00
5.896281 61.00
5.951282 61.00
6.006157 61.00
6.066158 61.00
6.126159 61.00
6.186158 61.00
6.246159 61.00
6.306159 61.00
6.366159 61.00
6.419410 61.00
6.489786 61.00
6.544786 61.00
6.608286 61.00
6.657661 61.00
6.717788 61.00
6.772288 61.00
6.822914 61.00
6.886553 61.00
6.941414 61.00
7.005429 61.00
7.069428 61.00
7.133431 61.00
7.197541 61.00
7.261432 61.00
7.325432 61.00
7.389433 61.00
7.453431 61.00
7.517434 61.00
7.572419 61.00
7.636434 61.00
7.691669 61.00
7.750545 61.00
7.814437 61.00
7.878435 61.00
7.942434 61.00
8.006437 61.00
8.070436 61.00
8.134436 61.00
8.198549 61.00
8.262424 61.00
8.326440 61.00
8.385425 61.00
8.459927 61.00
8.518927 61.00
8.582928 61.00
8.646928 61.00
8.710931 61.00
8.774929 61.00
8.833930 61.00
8.897954 61.00
8.961957 61.00
9.025934 61.00
9.090197 61.00
9.148932 61.00
9.202557 61.00
9.261446 61.00
9.320198 61.00
9.383934 61.00
9.437558 61.00
9.496450 61.00
9.555201 61.00
9.604560 61.00
9.658201 61.00
9.712811 61.00
9.772937 61.00
9.836937 61.00
9.900967 61.00
9.960328 61.00
10.019189 61.00
10.078205 61.00
10.128814 61.00
10.197940 61.00
10.261966 61.00
10.312816 61.00
10.381942 62.00
10.436817 62.00
10.511082 61.00
10.576083 61.00
10.645458 61.00
10.709068 61.00
10.762318 61.00
10.836070 61.00
10.889319 61.00
10.963071 61.00
11.016320 61.00
11.090072 61.00
11.143322 61.00
11.217072 61.00
11.270322 61.00
11.344073 61.00
11.397324 61.00
11.471074 61.00
11.526074 61.00
11.581075 61.00
11.635951 61.00
11.695952 61.00
11.755952 61.00
11.815953 61.00
11.875953 61.00
11.935954 61.00
11.995955 61.00
12.055955 61.00
12.115955 61.00
12.175956 61.00
12.235955 61.00
12.299455 61.00
12.359581 61.00
12.414581 61.00
12.469582 61.00
12.515082 61.00
12.564458 61.00
12.624584 61.00
12.670084 61.00
12.719459 61.00
12.779584 61.00
12.825085 61.00
12.875710 61.00
12.939211 61.00
13.009586 61.00
13.055087 61.00
13.105712 61.00
13.169212 61.00
13.242964 61.00
13.296213 61.00
13.369965 61.00
13.423214 61.00
13.496966 61.00
13.550216 61.00
13.623967 61.00
13.677217 61.00
13.750968 61.00
13.804218 61.00
13.877968 61.00
13.931219 61.00
14.004970 61.00
14.058220 61.00
14.131971 61.00
14.185221 61.00
14.258972 61.00
14.313973 62.00
14.367222 62.00
14.440974 61.00
14.495848 61.00
14.554224 61.00
14.627975 61.00
14.682849 61.00
14.742850 61.00
14.802851 61.00
14.862851 61.00
14.916102 61.00
14.986477 61.00
15.049978 61.00
15.104853 61.00
15.158104 61.00
15.228480 61.00
15.283130 61.00
15.357133 61.00
15.420981 61.00
15.482482 61.00
15.542374 61.00
15.600983 61.00
15.665983 61.00
15.739866 62.00
15.804865 61.00
15.858109 61.00
15.928485 61.00
15.973986 61.00
16.024610 61.00
16.088111 61.00
16.161867 61.00
16.215112 61.00
16.288867 61.00
16.342113 61.00
16.415868 61.00
16.469114 61.00
16.542869 61.00
16.596115 61.00
16.669872 61.00
16.723116 61.00
16.796869 61.00
16.850117 61.00
16.923870 61.00
16.977118 61.00
17.050871 61.00
17.105871 61.00
17.160871 61.00
17.214120 61.00
17.287872 61.00
17.342746 61.00
17.402747 61.00
17.462747 61.00
17.522747 61.00
17.582748 61.00
17.642748 61.00
17.702749 61.00
17.762750 61.00
17.816000 61.00
17.881125 61.00
17.946376 61.00
18.001376 61.00
18.056377 61.00
18.101879 61.00
18.151253 61.00
18.211379 61.00
18.256879 61.00
18.306255 61.00
18.366380 61.00
18.411881 61.00
18.461256 61.00
18.521380 61.00
18.566882 61.00
18.617506 61.00
18.681007 61.00
18.754757 61.00
18.808009 61.00
18.881758 61.00
18.935010 61.00
19.008760 61.00
19.062010 61.00
19.135761 61.00
19.189011 61.00
19.262762 61.00
19.316012 61.00
19.389763 61.00
19.443013 61.00
19.516764 61.00
19.570014 61.00
19.643765 61.00
19.697015 61.00
19.770765 61.00
19.824016 61.00
19.897767 61.00
19.952767 61.00
20.007768 61.00
20.062643 61.00
20.122643 61.00
20.182644 61.00
20.242644 61.00
20.302645 61.00
20.362645 61.00
20.422645 61.00
20.486147 61.00
20.554772 61.00
20.609648 61.00
20.662898 61.00
20.733274 61.00
20.787774 61.00
20.846149 61.00
20.906275 61.00
20.960775 61.00
21.019151 61.00
21.079277 61.00
21.124777 61.00
21.175402 61.00
21.244028 61.00
21.312653 61.00
21.365904 61.00
21.436279 61.00
21.481779 61.00
21.532405 61.00
21.595906 61.00
21.669656 61.00
21.722907 61.00
21.793282 61.00
21.843908 61.00
21.917657 61.00
21.970910 61.00
22.044659 61.00
22.097910 61.00
22.171660 61.00
22.224911 61.00
22.298661 62.00
22.351912 62.00
22.425662 61.00
22.478913 61.00
22.552663 61.00
22.605914 61.00
22.674664 61.00
22.727914 61.00
22.801665 61.00
22.856665 61.00
22.909917 61.00
22.983667 61.00
23.038542 61.00
23.096919 61.00
23.170668 61.00
23.226795 61.00
23.276544 61.00
23.336545 61.00
23.396544 61.00
23.456420 61.00
23.520046 61.00
23.580171 61.00
23.643671 61.00
23.698547 61.00
23.751798 61.00
23.822174 61.00
23.867674 61.00
23.917049 61.00
23.977175 61.00
24.022675 62.00
24.073301 62.00
24.136801 61.00
24.210551 61.00
24.269052 61.00
24.332552 61.00
24.385803 62.00
24.459553 62.00
24.512804 61.00
24.583180 61.00
24.628680 61.00
24.679305 61.00
24.742806 61.00
24.816556 61.00
24.869807 61.00
24.943557 61.00
24.996808 61.00
25.070558 61.00
25.123809 61.00
25.197559 61.00
25.256060 61.00
25.319560 61.00
25.372810 61.00
25.446562 61.00
25.499812 61.00
25.573562 61.00
25.626813 61.00
25.700563 61.00
25.755439 61.00
25.815439 61.00
25.870441 61.00
25.930440 61.00
25.990441 61.00
26.045441 61.00
26.108942 61.00
26.177567 61.00
26.241193 61.00
26.304694 61.00
26.375069 61.00
26.430070 61.00
26.485070 61.00
26.540070 61.00
26.585571 61.00
26.634947 62.00
26.695071 62.00
26.750072 61.00
26.795572 61.00
26.846198 61.00
26.909698 61.00
26.983448 61.00
27.036699 61.00
27.110450 61.00
27.161200 61.00
27.224701 61.00
27.298451 62.00
27.351701 62.00
27.425452 61.00
27.476203 61.00
27.539704 61.00
27.613454 61.00
27.666703 61.00
27.740455 61.00
27.809205 61.00
27.872706 61.00
27.946456 61.00
27.999706 61.00
28.073457 61.00
28.126708 62.00
28.200459 62.00
28.253709 61.00
28.327459 61.00
28.382460 61.00
28.435710 61.00
28.509461 61.00
28.564336 61.00
28.622712 61.00
28.696462 61.00
28.751338 61.00
28.811338 61.00
28.871339 61.00
28.931340 61.00
28.991340 61.00
29.044590 61.00
29.109716 61.00
29.174967 62.00
29.229968 62.00
29.284969 61.00
29.339467 61.00
29.390093 61.00
29.453593 61.00
29.523970 61.00
29.569470 61.00
29.620094 61.00
29.683595 61.00
29.753973 61.00
29.799471 61.00
29.850097 61.00
29.913597 61.00
29.987348 61.00
30.040598 61.00
30.114350 61.00
30.167599 61.00
30.241475 61.00
30.310101 61.00
30.373601 61.00
30.447352 61.00
30.500602 62.00
30.574353 62.00
30.627603 61.00
30.696480 61.00
30.770372 61.00
30.823605 61.00
30.897356 61.00
30.979358 61.00
31.032607 61.00
31.101374 61.00
31.156372 61.00
31.228483 61.00
31.293733 61.00
31.362360 61.00
31.417234 61.00
31.477235 61.00
31.537236 61.00
31.597235 61.00
31.657238 61.00
31.717238 61.00
31.777237 61.00
31.840738 61.00
31.909364 61.00
31.964238 61.00
32.017490 61.00
32.082870 61.00
32.137366 61.00
32.187991 61.00
32.251491 62.00
32.321872 62.00
32.367367 62.00
32.440872 62.00
32.486368 61.00
32.559876 61.00
32.605370 61.00
32.675871 61.00
32.721370 61.00
32.771995 61.00
32.835498 61.00
32.909247 61.00
32.962497 61.00
33.036248 61.00
33.089498 61.00
33.163248 61.00
33.216499 61.00
33.290250 61.00
33.343499 61.00
33.417250 61.00
33.470501 61.00
33.544252 61.00
33.597501 61.00
33.671377 61.00
33.736627 61.00
33.805254 61.00
33.858504 61.00
33.932255 61.00
33.985505 62.00
34.059256 62.00
34.112506 62.00
34.186257 62.00
34.239507 61.00
34.313257 61.00
34.366508 61.00
34.440258 61.00
34.495134 61.00
34.555134 61.00
34.615135 61.00
34.675136 61.00
34.728386 62.00
34.793511 62.00
34.858761 62.00
34.913762 62.00
34.968763 61.00
35.023763 61.00
35.069263 61.00
35.127639 62.00
35.187765 62.00
35.233265 62.00
35.283892 62.00
35.347391 61.00
35.417767 61.00
35.463267 61.00
35.513893 61.00
35.572392 61.00
35.646144 61.00
35.699394 61.00
35.768144 61.00
35.821395 61.00
35.895145 61.00
35.948396 61.00
36.022147 61.00
36.075397 61.00
36.149148 61.00
36.202397 61.00
36.276149 61.00
36.329399 61.00
36.398150 61.00
36.451400 61.00
36.525151 62.00
36.578400 62.00
36.652152 61.00
36.705401 61.00
36.779153 61.00
36.832403 61.00
36.906154 61.00
36.961029 61.00
37.026280 61.00
37.074404 61.00
37.148156 62.00
37.203031 62.00
37.263031 61.00
37.323032 61.00
37.383033 61.00
37.436282 61.00
37.506658 61.00
37.561159 61.00
37.616034 61.00
37.669285 61.00
37.739660 62.00
37.794661 62.00
37.849661 61.00
37.908036 61.00
37.961287 61.00
38.031663 61.00
38.077163 61.00
38.126539 61.00
38.190039 61.00
38.243289 61.00
38.317040 61.00
38.370290 62.00
38.444041 62.00
38.497292 62.00
38.571042 62.00
38.624292 61.00
38.698043 61.00
38.751293 61.00
38.825044 61.00
38.878294 61.00
38.952045 62.00
39.005296 62.00
39.079046 61.00
39.132296 61.00
39.206047 61.00
39.259298 61.00
39.333048 62.00
39.386299 62.00
39.460049 61.00
39.513300 61.00
39.587050 61.00
39.640301 61.00
39.714051 62.00
39.767301 62.00
39.841052 61.00
39.895929 61.00
39.954304 61.00
40.028053 61.00
40.082931 61.00
40.142931 61.00
40.202931 62.00
40.256181 62.00
40.326556 62.00
40.390057 62.00
40.444933 61.00
40.498183 61.00
40.568558 61.00
40.623558 61.00
40.678558 61.00
40.733060 61.00
40.783684 61.00
40.847185 61.00
40.917561 61.00
40.963061 61.00
41.021437 61.00
41.084938 61.00
41.138188 61.00
41.211939 61.00
41.265188 61.00
41.338940 61.00
41.392190 61.00
41.465941 61.00
41.519190 61.00
41.592943 61.00
41.646191 61.00
41.719944 62.00
41.773193 62.00
41.846945 61.00
41.900194 61.00
41.973945 61.00
42.027195 61.00
42.100946 62.00
42.155946 62.00
42.209197 61.00
42.282947 61.00
42.336197 61.00
42.409949 61.00
42.463198 61.00
42.536950 61.00
42.591824 61.00
42.651824 61.00
42.710200 61.00
42.783952 61.00
42.838826 61.00
42.898826 61.00
42.958827 61.00
43.018828 61.00
43.072078 61.00
43.142454 61.00
43.205955 61.00
43.255330 61.00
43.315455 61.00
43.369956 61.00
43.420581 61.00
43.484081 61.00
43.554456 61.00
43.608959 61.00
43.667333 61.00
43.727458 61.00
43.772961 61.00
43.823584 61.00
43.887085 61.00
43.960835 61.00
44.014086 61.00
44.087836 61.00
44.141087 61.00
44.214837 61.00
44.268088 61.00
44.341839 61.00
44.395089 61.00
44.468839 61.00
44.522090 61.00
44.595840 61.00
44.649091 61.00
44.722841 61.00
44.776092 61.00
44.849842 61.00
44.903094 61.00
44.976843 61.00
45.030093 61.00
45.103844 61.00
45.157095 61.00
45.230845 61.00
45.284096 61.00
45.357846 62.00
45.411097 62.00
45.484848 61.00
45.539723 61.00
45.599723 61.00
45.659724 61.00
45.719724 61.00
45.783225 61.00
45.851850 62.00
45.906725 62.00
45.966726 61.00
46.019977 61.00
46.090353 61.00
46.145353 61.00
46.199853 61.00
46.249229 61.00
46.309355 62.00
46.354854 62.00
46.405480 62.00
46.468981 61.00
46.534356 61.00
46.579862 61.00
46.630482 61.00
46.693983 61.00
46.764357 61.00
46.809863 61.00
46.869483 61.00
46.932984 61.00
47.006734 61.00
47.059985 61.00
47.133735 61.00
47.186986 62.00
47.260736 62.00
47.313987 62.00
47.387738 62.00
47.440989 62.00
47.514739 62.00
47.567989 61.00
47.636870 61.00
47.702116 61.00
47.770741 61.00
47.823992 61.00
47.897742 61.00
47.952742 61.00
48.007743 61.00
48.062743 61.00
48.117744 61.00
48.170995 61.00
48.239878 61.00
48.304020 61.00
48.373023 61.00
48.442022 61.00
48.510874 61.00
48.581248 61.00
48.644748 61.00
48.694124 61.00
48.754249 61.00
48.813027 62.00
48.885501 62.00
48.949502 61.00
49.008392 61.00
49.070378 61.00
49.133878 61.00
49.204253 61.00
49.258753 61.00
49.309379 61.00
49.378395 61.00
49.437021 61.00
49.495755 61.00
49.559756 61.00
49.620395 61.00
49.684132 61.00
49.747632 61.00
49.800884 62.00
49.874633 62.00
49.927885 61.00
50.001634 61.00
50.054886 61.00
50.128634 61.00
50.181887 61.00
50.255636 61.00
50.308916 61.00
50.373043 61.00
50.431918 61.00
50.490764 61.00
50.555289 61.00
50.619516 61.00
50.678516 61.00
50.737284 61.00
50.797766 61.00
50.857529 61.00
50.918770 61.00
50.984795 61.00
51.043768 62.00
51.107940 62.00
51.164646 61.00
51.228929 61.00
51.292770 61.00
51.361924 61.00
51.424301 61.00
51.483942 61.00
51.542938 61.00
51.601931 61.00
51.660773 61.00
51.724928 61.00
51.783774 61.00
51.847649 61.00
51.916930 61.00
51.975781 61.00
52.040405 62.00
52.099420 62.00
52.163527 61.00
52.222420 61.00
52.281541 61.00
52.346534 61.00
52.416287 61.00
52.486550 61.00
52.557227 61.00
52.617206 61.00
52.681949 61.00
52.736208 61.00
52.802789 61.00
52.861533 61.00
52.920410 61.00
52.980942 61.00
53.039794 61.00
53.099543 61.00
53.164541 61.00
53.229056 61.00
53.283429 61.00
53.344102 61.00
53.399541 62.00
53.474553 62.00
53.543914 61.00
53.610327 61.00
53.676304 61.00
53.735792 61.00
53.795069 61.00
53.859551 61.00
53.924315 61.00
53.985082 61.00
54.039672 61.00
54.104793 61.00
54.163793 61.00
54.227544 61.00
54.278699 61.00
54.328311 61.00
54.386952 61.00
54.446099 61.00
54.500672 61.00
54.571047 62.00
54.616672 62.00
54.685800 61.00
54.744673 61.00
54.810077 61.00
54.879177 61.00
54.937800 62.00
54.998080 62.00
55.043550 61.00
55.099551 61.00
55.163203 61.00
55.237552 61.00
55.311426 62.00
55.364930 62.00
55.418804 62.00
55.477554 62.00
55.537195 62.00
55.611321 62.00
55.664680 62.00
55.733430 62.00
55.786956 62.00
55.840806 62.00
55.904810 61.00
55.968684 61.00
56.032808 62.00
56.091433 62.00
56.144684 62.00
56.215689 62.00
56.275810 61.00
56.339437 61.00
56.394710 62.00
56.463687 62.00
56.537563 61.00
56.611438 61.00
56.685439 61.00
56.759440 61.00
56.814315 61.00
56.874565 61.00
56.929566 61.00
56.984595 61.00
57.031973 61.00
57.077692 61.00
57.141696 61.00
57.201819 61.00
57.261980 61.00
57.316461 61.00
57.367069 61.00
57.430569 61.00
57.500975 62.00
57.546695 62.00
57.611975 62.00
57.657696 61.00
57.717952 61.00
57.763448 61.00
57.824975 61.00
57.870827 62.00
57.929700 62.00
57.998574 61.00
58.062450 61.00
58.126575 62.00
58.200468 62.00
58.264451 62.00
58.338577 62.00
58.407577 62.00
58.481453 62.00
58.555328 61.00
58.614080 61.00
58.677705 61.00
58.746456 61.00
58.820331 61.00
58.873831 61.00
58.927457 61.00
59.001457 62.00
59.075457 62.00
59.144332 61.00
59.197584 61.00
59.271334 62.00
59.326478 62.00
59.395461 61.00
59.469586 61.00
59.533461 61.00
59.602586 61.00
59.667837 62.00
59.721338 62.00
59.776490 61.00
59.826465 61.00
59.876241 61.00
59.931355 61.00
59.990119 61.00
60.045108 61.00
60.109118 61.00
60.168109 61.00
60.232093 61.00
60.281717 61.00
60.340468 61.00
60.400843 62.00
60.446469 62.00
60.510344 61.00
60.559719 61.00
60.618345 61.00
60.674359 61.00
60.725109 61.00
60.793997 61.00
60.857974 61.00
60.916472 61.00
60.980349 61.00
61.030974 61.00
61.100116 61.00
61.163724 62.00
61.227350 61.00
61.277976 61.00
61.341980 61.00
61.407353 61.00
61.482247 62.00
61.546103 62.00
61.604604 61.00
61.673245 61.00
61.726604 62.00
61.795480 62.00
61.864733 61.00
61.928266 61.00
61.983248 62.00
62.036482 62.00
62.105247 62.00
62.165560 62.00
62.219484 62.00
62.288252 62.00
62.343135 62.00
62.417485 62.00
62.486235 62.00
62.550360 62.00
62.618986 61.00
62.679112 61.00
62.742865 61.00
62.806864 61.00
62.870867 61.00
62.931625 61.00
62.996269 62.00
63.055365 62.00
63.124379 61.00
63.188241 61.00
63.237615 61.00
63.297742 61.00
63.343242 61.00
63.401617 61.00
63.465386 62.00
63.529369 62.00
63.593387 61.00
63.652384 61.00
63.716370 61.00
63.780384 61.00
63.844387 61.00
63.908372 61.00
63.977497 62.00
64.042875 62.00
64.107028 62.00
64.176499 62.00
64.240392 62.00
64.304375 62.00
64.363392 61.00
64.427501 61.00
64.486391 62.00
64.550377 62.00
64.614251 62.00
64.683378 62.00
64.742893 62.00
64.796378 62.00
64.870128 62.00
64.925270 62.00
64.989255 62.00
65.053393 62.00
65.112381 61.00
65.171397 61.00
65.235399 61.00
65.299401 61.00
65.363276 62.00
65.427390 62.00
65.491930 62.00
65.547517 62.00
65.611763 62.00
65.675918 62.00
65.739899 62.00
65.803914 62.00
65.868150 62.00
65.928955 62.00
65.989406 62.00
66.044265 62.00
66.108279 62.00
66.172282 62.00
66.236408 61.00
66.302283 61.00
66.366267 62.00
66.430267 62.00
66.494392 62.00
66.553283 62.00
66.617288 61.00
66.676395 61.00
66.740285 62.00
66.799288 62.00
66.863270 62.00
66.937287 62.00
66.998287 62.00
67.062397 62.00
67.126288 62.00
67.190290 62.00
67.254414 62.00
67.318290 62.00
67.382288 61.00
67.446274 62.00
67.515292 62.00
67.584151 61.00
67.653292 61.00
67.712294 62.00
67.771294 62.00
67.830293 62.00
67.889296 62.00
67.948297 61.00
68.012296 61.00
68.076280 62.00
68.140294 62.00
68.199301 61.00
68.258048 61.00
68.321781 62.00
68.385782 62.00
68.439408 62.00
68.498298 61.00
68.557301 61.00
68.621300 62.00
68.680303 62.00
68.735302 62.00
68.795411 62.00
68.845303 62.00
68.900305 62.00
68.959304 61.00
69.018305 61.00
69.077305 62.00
69.132289 62.00
69.187305 62.00
69.242039 61.00
69.292789 61.00
69.343789 62.00
69.394666 62.00
69.458291 62.00
69.513309 62.00
69.572310 61.00
69.631293 61.00
69.695308 61.00
69.764044 61.00
69.829434 62.00
69.888309 62.00
69.952799 62.00
70.021796 62.00
70.078439 62.00
70.137315 62.00
70.196297 62.00
70.260304 62.00
70.319316 62.00
70.377951 62.00
70.447192 62.00
70.510954 62.00
70.576441 62.00
70.635318 62.00
70.699068 62.00
70.762926 62.00
70.817801 62.00
70.876177 62.00
70.949929 62.00
71.004805 62.00
71.064803 61.00
71.118057 61.00
71.183181 62.00
71.256931 62.00
71.307555 61.00
71.371055 61.00
71.441443 62.00
71.496807 62.00
71.566077 62.00
71.625323 62.00
71.684074 61.00
71.754436 61.00
71.799937 61.00
71.850561 62.00
71.914061 62.00
71.987936 62.00
72.037327 62.00
72.095816 62.00
72.149068 62.00
72.219441 62.00
72.264944 62.00
72.324567 61.00
72.388067 61.00
72.452332 62.00
72.511084 62.00
72.580093 61.00
72.643817 61.00
72.718085 62.00
72.787704 62.00
72.852087 61.00
72.916337 61.00
72.979945 62.00
73.049086 61.00
73.117820 61.00
73.187220 62.00
73.242821 62.00
73.312101 61.00
73.368952 61.00
73.428709 61.00
73.497977 61.00
73.566978 62.00
73.635825 62.00
73.709978 62.00
73.778825 62.00
73.834460 62.00
73.895098 62.00
73.958985 61.00
74.027979 61.00
74.093453 62.00
74.152092 62.00
74.217336 61.00
74.272334 61.00
74.317834 61.00
74.367208 61.00
74.427333 61.00
74.481836 61.00
74.532460 61.00
74.592222 62.00
74.646866 62.00
74.716238 62.00
74.766134 62.00
74.819973 62.00
74.884349 62.00
74.947989 62.00
75.013461 62.00
75.082711 62.00
75.147990 62.00
75.216712 62.00
75.281838 62.00
75.350714 62.00
75.403967 62.00
75.472714 62.00
75.525968 62.00
75.599717 62.00
75.652973 62.00
75.726720 62.00
75.779972 62.00
75.853720 61.00
75.906971 61.00
75.980720 62.00
76.034111 62.00
76.097845 62.00
76.161845 62.00
76.230997 62.00
76.295001 62.00
76.363999 62.00
76.432972 62.00
76.501847 62.00
76.570848 61.00
76.639723 61.00
76.694853 61.00
76.758976 61.00
76.822851 62.00
76.881851 62.00
76.950851 62.00
77.020249 62.00
77.071727 62.00
77.137353 62.00
77.195978 62.00
77.264731 62.00
77.324732 62.00
77.388730 62.00
77.449372 62.00
77.518497 62.00
77.587375 62.00
77.650982 61.00
77.716375 61.00
77.774866 61.00
77.848738 61.00
77.908018 62.00
77.966867 62.00
78.030863 62.00
78.090018 62.00
78.151259 62.00
78.215615 62.00
78.284737 61.00
78.353875 61.00
78.423022 62.00
78.481739 62.00
78.547142 62.00
78.605740 62.00
78.669870 62.00
78.733872 62.00
78.802876 62.00
78.867025 62.00
78.925617 62.00
78.991022 62.00
79.049743 61.00
79.118871 61.00
79.175749 62.00
79.244876 62.00
79.308746 62.00
79.375818 62.00
79.425622 61.00
79.481774 61.00
79.532497 62.00
79.587500 62.00
79.646026 62.00
79.704623 62.00
79.759502 62.00
79.818266 62.00
79.882375 62.00
79.946506 61.00
79.999756 61.00
80.068626 61.00
80.124502 61.00
80.183269 62.00
80.241884 62.00
80.297156 62.00
80.362379 62.00
80.421256 62.00
80.485272 62.00
80.549255 61.00
80.613396 61.00
80.677506 62.00
80.730757 62.00
80.794917 62.00
80.858633 62.00
80.932758 62.00
80.996758 62.00
81.060759 62.00
81.124905 62.00
81.189010 62.00
81.252512 62.00
81.311405 62.00
81.370262 62.00
81.439387 62.00
81.503262 62.00
81.567513 61.00
81.620763 61.00
81.689639 62.00
81.758640 62.00
81.832765 62.00
81.896922 62.00
81.955895 62.00
82.024922 61.00
82.083518 61.00
82.138394 62.00
82.207522 62.00
82.268045 62.00
82.313770 62.00
82.377924 62.00
82.436645 62.00
82.507052 62.00
82.552772 62.00
82.611522 62.00
82.662291 62.00
82.717416 62.00
82.776289 62.00
82.837053 62.00
82.882523 62.00
82.942774 62.00
83.001650 62.00
83.072025 62.00
83.117777 62.00
83.172776 62.00
83.231527 62.00
83.300652 62.00
83.364778 62.00
83.433932 62.00
83.492528 62.00
83.543157 61.00
83.617297 61.00
83.681173 62.00
83.744656 62.00
83.818531 62.00
83.892909 62.00
83.946963 62.00
84.006161 61.00
84.075177 61.00
84.144175 61.00
84.213175 61.00
84.282321 61.00
84.341082 61.00
84.400306 62.00
84.458916 62.00
84.517538 62.00
84.576980 62.00
84.633664 62.00
84.707414 62.00
84.762438 62.00
84.836415 62.00
84.896544 61.00
84.951570 61.00
84.997308 62.00
85.051042 62.00
85.114544 62.00
85.188543 62.00
85.258945 62.00
85.304668 62.00
85.369947 61.00
85.415669 61.00
85.475949 61.00
85.521670 62.00
85.590546 62.00
85.654422 62.00
85.710547 62.00
85.775949 62.00
85.821672 62.00
85.890422 62.00
85.949424 62.00
86.013424 62.00
86.087438 62.00
86.151424 62.00
86.216440 62.00
86.280426 61.00
86.354552 61.00
86.418427 62.00
86.482427 62.00
86.551428 62.00
86.625445 62.00
86.694444 62.00
86.768444 62.00
86.837430 62.00
86.906431 61.00
86.975432 61.00
87.044682 62.00
87.113448 62.00
87.182433 62.00
87.246434 62.00
87.310434 62.00
87.379434 62.00
87.443451 62.00
87.507451 62.00
87.571437 62.00
87.645437 62.00
87.714438 62.00
87.778453 62.00
87.842454 62.00
87.906454 62.00
87.970454 62.00
88.034565 62.00
88.098440 62.00
88.162457 61.00
88.226458 61.00
88.290457 62.00
88.354457 62.00
88.418457 62.00
88.482568 62.00
88.546460 62.00
88.610705 62.00
88.665695 62.00
88.725820 62.00
88.771320 62.00
88.821947 62.00
88.885446 62.00
88.954197 62.00
89.007447 62.00
89.081198 62.00
89.134448 62.00
89.208200 62.00
89.261449 62.00
89.335200 62.00
89.388450 62.00
89.462201 62.00
89.515451 62.00
89.584203 62.00
89.637452 62.00
89.711204 62.00
89.764454 61.00
89.838205 61.00
89.891454 62.00
89.955471 62.00
90.019222 62.00
90.082957 62.00
90.146958 61.00
90.210976 61.00
90.274961 62.00
90.344474 62.00
90.403459 62.00
90.467474 62.00
90.531461 62.00
90.595585 62.00
90.649461 62.00
90.713478 62.00
90.777587 61.00
90.831226 61.00
90.894965 62.00
90.958965 62.00
91.022966 62.00
91.086969 62.00
91.146595 62.00
91.200595 62.00
91.250593 62.00
91.300467 62.00
91.355232 62.00
91.405842 62.00
91.474969 62.00
91.525843 62.00
91.600469 61.00
91.655235 61.00
91.711119 61.00
91.761845 62.00
91.830972 62.00
91.881846 62.00
91.941848 62.00
92.001847 62.00
92.065847 62.00
92.124974 62.00
92.199365 62.00
92.268113 62.00
92.326599 62.00
92.385116 61.00
92.459240 61.00
92.533240 62.00
92.607241 62.00
92.679242 62.00
92.753243 62.00
92.830254 62.00
92.895479 62.00
92.954131 62.00
93.023130 62.00
93.087276 62.00
93.151254 62.00
93.220130 61.00
93.275132 61.00
93.333483 61.00
93.392133 61.00
93.461247 62.00
93.530135 62.00
93.607485 62.00
93.671251 62.00
93.735376 62.00
93.794376 62.00
93.849376 61.00
93.908375 61.00
93.967379 62.00
94.026379 62.00
94.081140 62.00
94.145380 62.00
94.200385 62.00
94.255381 62.00
94.310139 62.00
94.374382 62.00
94.440123 62.00
94.501058 62.00
94.566047 62.00
94.625246 62.00
94.699393 62.00
94.769140 62.00
94.838372 62.00
94.902371 62.00
94.966137 62.00
95.016747 62.00
9