0.000000 0.000000
0.085073 0.87
0.142628 0.87
0.197155 0.88
0.256388 0.87
0.334023 0.87
0.398384 0.87
0.476021 0.87
0.529620 0.87
0.593261 0.87
0.653496 0.87
0.731512 0.87
0.782041 0.88
0.841758 0.87
0.906774 0.87
0.978294 0.88
1.033753 0.88
1.083751 0.87
1.142249 0.88
1.194623 0.88
1.245251 0.89
1.308749 0.87
1.367641 0.87
1.432639 0.79
1.487046 0.79
1.551631 0.79
1.615886 0.79
1.681280 0.78
1.734883 0.79
1.800282 0.79
1.855281 0.78
1.908913 0.79
1.970274 0.79
2.023915 0.79
2.098272 0.78
2.172631 0.78
2.236507 0.78
2.305633 0.79
2.369509 0.79
2.433633 0.79
2.497151 0.79
2.557635 0.79
2.621151 0.78
2.676402 0.79
2.734886 0.79
2.795151 0.79
2.850404 0.79
2.919151 0.80
2.974404 0.79
3.043153 0.79
3.103513 0.78
3.167404 0.79
3.231155 0.79
3.291516 0.79
3.355155 0.78
3.420641 0.79
3.484156 0.78
3.540517 0.79
3.604159 0.79
3.663893 0.79
3.732643 0.79
3.796159 0.80
3.870158 0.78
3.929896 0.79
3.998646 0.79
4.062161 0.79
4.136412 0.79
4.205162 0.79
4.266154 0.79
4.319773 0.79
4.370647 0.79
4.424415 0.79
4.493163 0.79
4.562415 0.79
4.631166 0.78
4.705165 0.79
4.779540 0.79
4.843166 0.79
4.917168 0.79
4.986417 0.78
5.055170 0.79
5.129169 0.79
5.203054 0.79
5.258421 0.79
5.327168 0.79
5.401056 0.78
5.456421 0.79
5.525057 0.79
5.599057 0.78
5.657783 0.79
5.731533 0.78
5.790425 0.78
5.859175 0.79
5.933173 0.78
6.007035 0.79
6.058427 0.79
6.127036 0.79
6.192160 0.79
6.255661 0.80
6.315661 0.78
6.370537 0.78
6.434039 0.79
6.494164 0.79
6.553788 0.79
6.607040 0.78
6.667165 0.78
6.722165 0.79
6.777165 0.79
6.832165 0.79
6.879416 0.79
6.932667 0.79
6.991041 0.80
7.054541 0.79
7.118043 0.78
7.181542 0.79
7.245044 0.79
7.297419 0.78
7.348045 0.79
7.411545 0.79
7.475045 0.79
7.538546 0.79
7.602046 0.79
7.676048 0.79
7.750049 0.79
7.824048 0.79
7.898049 0.78
7.972050 0.78
8.046067 0.79
8.120067 0.78
8.194066 0.79
8.268065 0.79
8.342067 0.79
8.416317 0.80
8.485316 0.79
8.554069 0.79
8.628070 0.79
8.702070 0.78
8.776071 0.79
8.850081 0.79
8.924073 0.78
8.989447 0.79
9.053073 0.78
9.122324 0.79
9.177447 0.78
9.236324 0.79
9.300084 0.78
9.360435 0.79
9.419086 0.78
9.482939 0.79
9.552087 0.79
9.612437 0.79
9.670939 0.79
9.736454 0.79
9.791454 0.80
9.846454 0.78
9.904964 0.79
9.974080 0.79
10.038080 0.79
10.101957 0.79
10.171091 0.79
10.231458 0.79
10.289943 0.80
10.353944 0.79
10.422944 0.79
10.492334 0.78
10.556333 0.79
10.620095 0.79
10.689096 0.79
10.758095 0.79
10.822086 0.78
10.891337 0.79
10.955098 0.78
11.024096 0.79
11.093464 0.79
11.157462 0.79
11.221465 0.79
11.287340 0.79
11.351100 0.79
11.420099 0.79
11.489102 0.79
11.558101 0.79
11.627342 0.78
11.691104 0.78
11.760103 0.79
11.828954 0.78
11.898219 0.79
11.956955 0.79
12.020955 0.80
12.084955 0.79
12.143957 0.78
12.208107 0.79
12.271958 0.79
12.335957 0.79
12.399959 0.78
12.463959 0.78
12.527962 0.78
12.586961 0.78
12.650960 0.79
12.714961 0.78
12.778961 0.79
12.842964 0.79
12.901962 0.79
12.965962 0.78
13.029963 0.80
13.093964 0.78
13.157967 0.79
13.216965 0.78
13.280965 0.79
13.344966 0.79
13.408984 0.79
13.468117 0.79
13.526984 0.78
13.590982 0.79
13.650118 0.78
13.708968 0.80
13.777969 0.79
13.841970 0.79
13.905969 0.78
13.969973 0.79
14.028970 0.79
14.092971 0.79
14.156972 0.79
14.220972 0.78
14.284975 0.79
14.343973 0.79
14.407973 0.79
14.471974 0.79
14.535974 0.79
14.599977 0.79
14.658975 0.79
14.722976 0.78
14.786850 0.79
14.834126 0.78
14.897726 0.79
14.966726 0.79
15.035852 0.79
15.083127 0.79
15.133729 0.78
15.192367 0.79
15.261369 0.79
15.330244 0.79
15.388729 0.79
15.457729 0.78
15.521246 0.79
15.579730 0.78
15.648731 0.79
15.717731 0.79
15.786733 0.79
15.850250 0.79
15.908732 0.79
15.977733 0.79
16.046734 0.79
16.115734 0.79
16.179252 0.79
16.237736 0.79
16.306735 0.80
16.375736 0.78
16.444737 0.79
16.513737 0.78
16.577237 0.79
16.640737 0.79
16.704238 0.79
16.767738 0.79
16.844614 0.79
16.899870 0.79
16.963870 0.79
17.032872 0.79
17.096872 0.79
17.160874 0.79
17.224876 0.78
17.294019 0.79
17.357877 0.79
17.430383 0.79
17.494385 0.79
17.558385 0.80
17.635876 0.79
17.686622 0.79
17.734023 0.78
17.792621 0.79
17.845021 0.79
17.903623 0.78
17.956023 0.79
18.014624 0.79
18.085151 0.79
18.143750 0.78
18.199625 0.79
18.247027 0.80
18.305626 0.80
18.376150 0.79
18.434626 0.79
18.498391 0.78
18.551878 0.78
18.615628 0.79
18.680629 0.79
18.739394 0.79
18.803155 0.79
18.861881 0.78
18.925630 0.78
18.990631 0.78
19.064506 0.79
19.128399 0.78
19.181884 0.78
19.245884 0.79
19.309885 0.79
19.373509 0.79
19.433635 0.78
19.497398 0.79
19.550760 0.79
19.609398 0.79
19.668151 0.78
19.726636 0.79
19.800636 0.79
19.869762 0.78
19.928404 0.79
19.978404 0.79
20.028402 0.79
20.097280 0.79
20.152405 0.78
20.202406 0.79
20.252407 0.79
20.302406 0.79
20.357641 0.79
20.416040 0.79
20.479517 0.78
20.539893 0.78
20.603643 0.78
20.664519 0.79
20.711894 0.79
20.770519 0.79
20.826895 0.79
20.890645 0.79
20.937896 0.78
21.001646 0.79
21.048897 0.79
21.112646 0.79
21.173523 0.79
21.229523 0.79
21.285524 0.78
21.341524 0.79
21.410648 0.79
21.479774 0.78
21.535526 0.78
21.595650 0.79
21.669651 0.79
21.733651 0.78
21.802401 0.79
21.871027 0.79
21.934527 0.79
21.998028 0.79
22.061527 0.79
22.125029 0.79
22.188528 0.79
22.252029 0.79
22.315529 0.79
22.389405 0.79
22.458031 0.79
22.521531 0.79
22.585032 0.80
22.648531 0.79
22.712032 0.78
22.767033 0.78
22.822033 0.78
22.882034 0.79
22.942034 0.79
23.002034 0.78
23.062035 0.80
23.122035 0.79
23.182036 0.78
23.242036 0.79
23.302037 0.79
23.362037 0.79
23.422038 0.79
23.476914 0.79
23.540413 0.78
23.600538 0.78
23.647789 0.78
23.697164 0.79
23.750415 0.79
23.810541 0.79
23.868916 0.78
23.932416 0.79
23.984791 0.78
24.035418 0.80
24.093918 0.79
24.157418 0.79
24.220920 0.79
24.279419 0.79
24.342921 0.79
24.406420 0.79
24.469922 0.80
24.533421 0.78
24.596923 0.79
24.660421 0.79
24.723923 0.78
24.787423 0.80
24.850924 0.78
24.909423 0.79
24.972926 0.79
25.036424 0.79
25.099926 0.79
25.163425 0.79
25.226928 0.79
25.290426 0.79
25.353928 0.78
25.417428 0.79
25.480929 0.78
25.539428 0.79
25.602930 0.79
25.657931 0.79
25.717931 0.79
25.777931 0.79
25.841431 0.78
25.904932 0.79
25.964933 0.79
26.024933 0.79
26.084933 0.79
26.139807 0.79
26.203308 0.79
26.263308 0.79
26.323434 0.78
26.378434 0.79
26.429559 0.79
26.485312 0.79
26.548810 0.79
26.612311 0.79
26.672437 0.79
26.723561 0.79
26.779314 0.79
26.842812 0.78
26.906314 0.79
26.962568 0.79
27.018317 0.79
27.081815 0.78
27.145315 0.79
27.208816 0.79
27.272316 0.79
27.335816 0.79
27.399317 0.79
27.462817 0.79
27.526318 0.78
27.589818 0.78
27.653319 0.79
27.716819 0.78
27.780320 0.78
27.843820 0.78
27.907321 0.79
27.970820 0.79
28.034321 0.79
28.097822 0.79
28.161322 0.79
28.224823 0.79
28.288324 0.79
28.351823 0.78
28.415325 0.79
28.478825 0.79
28.538825 0.79
28.602325 0.79
28.665826 0.79
28.725827 0.79
28.785826 0.78
28.845828 0.80
28.905828 0.78
28.965828 0.78
29.025829 0.79
29.085829 0.79
29.145829 0.79
29.209330 0.78
29.264331 0.79
29.319331 0.79
29.374331 0.79
29.429331 0.79
29.476582 0.79
29.529832 0.79
29.588208 0.79
29.640583 0.79
29.691211 0.79
29.754709 0.79
29.818210 0.78
29.881710 0.79
29.945211 0.79
29.997586 0.79
30.048212 0.78
30.111712 0.78
30.175213 0.79
30.238712 0.79
30.302214 0.79
30.365713 0.79
30.429215 0.79
30.492714 0.78
30.556215 0.78
30.619716 0.79
30.683216 0.79
30.746717 0.79
30.810217 0.78
30.873718 0.80
30.937218 0.79
31.000718 0.78
31.064219 0.79
31.127720 0.79
31.191220 0.79
31.254720 0.78
31.318221 0.79
31.381721 0.79
31.441722 0.79
31.501721 0.79
31.561722 0.79
31.621723 0.79
31.681723 0.79
31.741723 0.78
31.796599 0.79
31.860099 0.79
31.920100 0.79
31.980225 0.79
32.041103 0.79
32.104601 0.79
32.168102 0.79
32.224353 0.78
32.278853 0.78
32.332103 0.79
32.395604 0.79
32.459105 0.79
32.511480 0.79
32.560855 0.79
32.614106 0.80
32.677606 0.79
32.741107 0.78
32.793482 0.78
32.844108 0.79
32.907607 0.80
32.971108 0.79
33.034609 0.79
33.098135 0.78
33.161609 0.79
33.225109 0.79
33.288610 0.78
33.352111 0.78
33.415611 0.78
33.479112 0.79
33.542612 0.79
33.606113 0.79
33.669613 0.79
33.733113 0.79
33.796614 0.79
33.860115 0.79
33.923614 0.79
33.978615 0.79
34.042116 0.79
34.105616 0.79
34.169117 0.78
34.232617 0.79
34.292617 0.79
34.352618 0.78
34.412619 0.79
34.472618 0.79
34.532619 0.79
34.587495 0.78
34.650995 0.79
34.711121 0.79
34.770746 0.79
34.829122 0.79
34.892622 0.78
34.950998 0.79
35.003373 0.79
35.052749 0.79
35.105999 0.79
35.158374 0.78
35.209000 0.78
35.272499 0.78
35.336001 0.79
35.399501 0.79
35.463001 0.79
35.526502 0.78
35.590002 0.79
35.653502 0.78
35.717003 0.79
35.780503 0.79
35.844004 0.79
35.907505 0.78
35.971130 0.79
36.029506 0.79
36.093006 0.78
36.156506 0.79
36.220007 0.78
36.283508 0.79
36.347008 0.78
36.410508 0.79
36.474009 0.78
36.537508 0.79
36.592509 0.79
36.656010 0.79
36.719510 0.79
36.774511 0.79
36.829511 0.79
36.884512 0.79
36.944512 0.78
37.008013 0.79
37.071513 0.79
37.131513 0.78
37.191514 0.79
37.251515 0.79
37.315015 0.79
37.378515 0.78
37.442015 0.79
37.505516 0.79
37.569017 0.78
37.632517 0.78
37.687393 0.79
37.750894 0.79
37.803268 0.79
37.852644 0.79
37.905895 0.79
37.958270 0.79
38.008896 0.79
38.072395 0.79
38.135897 0.79
38.188272 0.79
38.238897 0.79
38.302397 0.79
38.365898 0.79
38.429397 0.79
38.492899 0.79
38.556398 0.79
38.619900 0.79
38.683400 0.78
38.746901 0.78
38.810400 0.78
38.874528 0.78
38.938528 0.79
39.013054 0.79
39.082529 0.79
39.151529 0.79
39.220530 0.78
39.295055 0.79
39.358933 0.79
39.423057 0.79
39.486933 0.79
39.550933 0.79
39.614934 0.79
39.678933 0.79
39.742935 0.79
39.806939 0.79
39.878035 0.79
39.941936 0.79
40.011186 0.79
40.075300 0.78
40.133937 0.79
40.203178 0.78
40.261915 0.79
40.320941 0.79
40.379939 0.79
40.439039 0.79
40.502916 0.79
40.566916 0.79
40.630916 0.79
40.694916 0.78
40.758920 0.79
40.817918 0.79
40.881917 0.79
40.945945 0.79
41.004919 0.80
41.063943 0.79
41.127919 0.79
41.191921 0.79
41.255923 0.79
41.314921 0.79
41.378921 0.79
41.442922 0.79
41.506922 0.79
41.570925 0.78
41.629923 0.79
41.693923 0.80
41.757924 0.79
41.821925 0.79
41.885927 0.78
41.944953 0.79
42.008926 0.79
42.072926 0.78
42.136942 0.79
42.200930 0.79
42.259928 0.79
42.323929 0.79
42.387955 0.79
42.451930 0.79
42.515932 0.79
42.574930 0.79
42.638931 0.79
42.702932 0.79
42.766932 0.78
42.830935 0.79
42.889932 0.78
42.953933 0.79
43.017808 0.79
43.086808 0.79
43.150809 0.79
43.219683 0.80
43.288685 0.79
43.357685 0.79
43.418686 0.79
43.482203 0.79
43.540811 0.79
43.597088 0.78
43.647689 0.79
43.706330 0.79
43.775327 0.79
43.844330 0.79
43.902956 0.79
43.961689 0.78
44.027331 0.79
44.096331 0.79
44.160332 0.79
44.229332 0.78
44.298332 0.78
44.367333 0.78
44.436333 0.79
44.505335 0.78
44.574207 0.79
44.632819 0.79
44.696820 0.79
44.755695 0.79
44.829696 0.78
44.898696 0.78
44.967697 0.79
45.036822 0.79
45.095465 0.79
45.148949 0.79
45.212824 0.79
45.271465 0.79
45.325225 0.79
45.383825 0.79
45.452576 0.79
45.516215 0.79
45.571465 0.79
45.621465 0.79
45.676702 0.79
45.735220 0.79
45.795828 0.78
45.855580 0.79
45.902972 0.79
45.961829 0.79
46.016471 0.79
46.075344 0.80
46.128830 0.79
46.179609 0.78
46.230957 0.78
46.294582 0.79
46.350958 0.78
46.414582 0.78
46.470958 0.79
46.534584 0.79
46.586960 0.78
46.645709 0.79
46.692961 0.79
46.756586 0.79
46.808977 0.79
46.872586 0.79
46.946837 0.79
47.015837 0.79
47.070713 0.79
47.139713 0.79
47.208589 0.79
47.282589 0.78
47.351714 0.79
47.420590 0.78
47.494590 0.79
47.568717 0.79
47.637842 0.79
47.701717 0.79
47.770592 0.78
47.844843 0.79
47.908594 0.79
47.982719 0.79
48.051720 0.79
48.116596 0.79
48.190720 0.79
48.254721 0.79
48.323597 0.79
48.397598 0.78
48.461723 0.79
48.525598 0.79
48.589474 0.79
48.658099 0.79
48.718098 0.79
48.778099 0.80
48.838100 0.79
48.893274 0.78
48.952983 0.79
49.018855 0.79
49.073854 0.78
49.132728 0.78
49.201990 0.79
49.266870 0.78
49.321858 0.79
49.376856 0.79
49.435855 0.79
49.486537 0.79
49.541870 0.79
49.605983 0.79
49.660857 0.79
49.711510 0.79
49.762513 0.79
49.821870 0.79
49.880985 0.79
49.939867 0.79
50.003610 0.79
50.064543 0.78
50.124149 0.79
50.189504 0.79
50.258487 0.79
50.322017 0.79
50.381271 0.78
50.442742 0.79
50.502147 0.79
50.576868 0.79
50.642739 0.79
50.697266 0.79
50.758744 0.79
50.812870 0.78
50.873741 0.79
50.937616 0.78
51.001745 0.79
51.060744 0.78
51.119871 0.78
51.180743 0.79
51.239638 0.79
51.299033 0.79
51.368621 0.78
51.432875 0.79
51.497022 0.78
51.557271 0.79
51.621748 0.79
51.680747 0.79
51.739498 0.79
51.803623 0.78
51.862753 0.78
51.917750 0.79
51.972876 0.79
52.038404 0.78
52.102517 0.79
52.162754 0.79
52.221753 0.79
52.276752 0.80
52.340627 0.79
52.404758 0.79
52.450756 0.78
52.509754 0.78
52.564754 0.79
52.623629 0.78
52.687630 0.79
52.742758 0.79
52.788757 0.79
52.838756 0.79
52.897631 0.79
52.961631 0.78
53.026046 0.79
53.100634 0.79
53.164757 0.79
53.223758 0.79
53.290077 0.78
53.349639 0.78
53.409083 0.78
53.473774 0.78
53.538931 0.79
53.598774 0.78
53.663515 0.78
53.721916 0.79
53.787404 0.79
53.846769 0.79
53.911769 0.78
53.972936 0.79
54.042771 0.79
54.098015 0.78
54.158516 0.79
54.222641 0.79
54.281515 0.78
54.345517 0.78
54.409642 0.79
54.468643 0.78
54.532392 0.79
54.583519 0.79
54.647769 0.78
54.711900 0.78
54.776020 0.79
54.829522 0.79
54.889772 0.79
54.953960 0.78
55.015298 0.79
55.070522 0.78
55.134523 0.79
55.198777 0.79
55.257526 0.78
55.321421 0.79
55.380525 0.79
55.440649 0.79
55.499526 0.78
55.563939 0.80
55.633417 0.79
55.692542 0.79
55.752654 0.78
55.807652 0.79
55.866528 0.79
55.930529 0.78
55.999779 0.79
56.074979 0.78
56.133785 0.78
56.188779 0.78
56.247530 0.78
56.306532 0.79
56.370657 0.79
56.429783 0.78
56.499157 0.79
56.559657 0.78
56.623409 0.79
56.692783 0.79
56.751935 0.79
56.826534 0.79
56.890785 0.79
56.945785 0.78
57.009791 0.78
57.084537 0.78
57.148413 0.79
57.207414 0.79
57.271664 0.79
57.332199 0.78
57.387307 0.79
57.442544 0.78
57.501939 0.78
57.562180 0.78
57.631181 0.78
57.700566 0.78
57.766670 0.79
57.825792 0.79
57.900167 0.78
57.952542 0.79
58.016544 0.78
58.080562 0.79
58.139547 0.79
58.194671 0.79
58.253170 0.79
58.322344 0.78
58.381547 0.78
58.440807 0.79
58.505438 0.78
58.569672 0.78
58.633548 0.78
58.692423 0.78
58.761425 0.79
58.825550 0.78
58.884425 0.79
58.948551 0.79
59.012550 0.79
59.076201 0.79
59.145074 0.79
59.200553 0.79
59.259190 0.78
59.323316 0.78
59.392067 0.79
59.458056 0.78
59.529195 0.78
59.593555 0.79
59.647073 0.79
59.712556 0.79
59.771074 0.79
59.840074 0.78
59.903682 0.79
59.969058 0.78
60.024326 0.78
60.088074 0.78
60.157078 0.78
60.231453 0.79
60.295560 0.78
60.345436 0.78
60.409077 0.79
60.483062 0.78
60.552076 0.79
60.611812 0.78
60.680562 0.78
60.734314 0.79
60.794691 0.79
60.869204 0.79
60.938207 0.80
61.007441 0.78
61.066331 0.79
61.136000 0.79
61.207334 0.79
61.271334 0.79
61.340334 0.79
61.409086 0.78
61.478590 0.78
61.553333 0.79
61.621946 0.78
61.690570 0.80
61.744321 0.79
61.813086 0.79
61.888130 0.79
61.957822 0.78
62.021698 0.79
62.095574 0.78
62.156091 0.79
62.230702 0.79
62.296099 0.79
62.369952 0.79
62.425338 0.78
62.494092 0.79
62.558990 0.79
62.620984 0.78
62.684578 0.78
62.750346 0.78
62.814096 0.78
62.877982 0.79
62.938474 0.79
63.004226 0.79
63.068110 0.79
63.123081 0.78
63.192100 0.79
63.248582 0.78
63.318468 0.79
63.384125 0.79
63.447989 0.78
63.522227 0.79
63.585989 0.79
63.649961 0.79
63.702335 0.78
63.752961 0.79
63.816461 0.79
63.874986 0.78
63.939837 0.79
64.003462 0.79
64.068247 0.79
64.127715 0.79
64.186465 0.78
64.249979 0.79
64.313464 0.79
64.377002 0.78
64.441116 0.78
64.505121 0.78
64.574592 0.79
64.632995 0.79
64.697000 0.79
64.761114 0.79
64.824971 0.78
64.889111 0.78
64.958595 0.78
65.022470 0.79
65.088114 0.79
65.152005 0.79
65.221112 0.79
65.285001 0.78
65.354240 0.78
65.418004 0.79
65.483241 0.79
65.546975 0.79
65.600474 0.79
65.666006 0.78
65.719476 0.78
65.770601 0.79
65.830898 0.78
65.891372 0.79
65.944979 0.79
66.005477 0.79
66.069478 0.79
66.133354 0.79
66.197118 0.79
66.260853 0.79
66.329855 0.79
66.403854 0.78
66.472855 0.79
66.545114 0.78
66.614108 0.78
66.673857 0.79
66.737375 0.78
66.795858 0.79
66.869866 0.79
66.944741 0.78
67.014488 0.79
67.083377 0.79
67.141986 0.78
67.210986 0.79
67.279869 0.78
67.348867 0.79
67.412379 0.79
67.475869 0.79
67.539363 0.79
67.602869 0.78
67.673888 0.79
67.738134 0.79
67.797019 0.79
67.861021 0.79
67.930132 0.78
67.989021 0.79
68.043507 0.78
68.097497 0.78
68.153774 0.78
68.208771 0.78
68.267494 0.79
68.328772 0.79
68.380514 0.79
68.440275 0.79
68.495498 0.79
68.542777 0.78
68.596386 0.78
68.651388 0.79
68.709875 0.79
68.779626 0.79
68.838391 0.78
68.897391 0.79
68.955875 0.79
69.019875 0.79
69.088750 0.79
69.141126 0.79
69.191779 0.79
69.245376 0.79
69.319377 0.79
69.377751 0.79
69.441270 0.79
69.500380 0.80
69.558753 0.79
69.622253 0.79
69.685753 0.79
69.749254 0.78
69.812900 0.78
69.872403 0.79
69.936397 0.78
69.995037 0.78
70.058888 0.79
70.117922 0.78
70.176924 0.79
70.246009 0.79
70.309924 0.79
70.368919 0.79
70.433040 0.78
70.491921 0.78
70.556296 0.79
70.617157 0.79
70.676405 0.78
70.735388 0.78
70.809280 0.79
70.864263 0.79
70.925025 0.78
70.975395 0.78
71.025518 0.79
71.084409 0.79
71.134391 0.79
71.194917 0.79
71.255033 0.79
71.325043 0.79
71.383767 0.78
71.452642 0.79
71.512768 0.79
71.576922 0.78
71.635775 0.79
71.695923 0.79
71.754770 0.78
71.813395 0.79
71.872288 0.78
71.930772 0.78
71.994772 0.79
72.058933 0.79
72.123040 0.79
72.176773 0.79
72.245648 0.78
72.306674 0.78
72.360275 0.79
72.424290 0.78
72.488291 0.80
72.552292 0.78
72.610929 0.79
72.674651 0.79
72.738417 0.78
72.803075 0.78
72.856941 0.78
72.915779 0.78
72.979779 0.79
73.048780 0.78
73.117530 0.79
73.177664 0.79
73.242160 0.79
73.305657 0.79
73.369158 0.79
73.432656 0.79
73.506532 0.79
73.567195 0.79
73.628164 0.79
73.694177 0.78
73.768177 0.78
73.823427 0.79
73.882302 0.79
73.952090 0.78
74.016790 0.78
74.080663 0.79
74.139162 0.79
74.194302 0.79
74.247788 0.79
74.312192 0.78
74.381039 0.79
74.439540 0.78
74.491945 0.78
74.541290 0.79
74.594541 0.79
74.646943 0.79
74.710541 0.79
74.781041 0.79
74.839792 0.79
74.903667 0.79
74.968569 0.78
75.025197 0.78
75.083794 0.79
75.134546 0.79
75.193310 0.78
75.262046 0.79
75.320546 0.79
75.394421 0.79
75.458047 0.78
75.516673 0.79
75.585673 0.79
75.659548 0.79
75.733552 0.79
75.797049 0.78
75.855803 0.79
75.924675 0.79
75.983051 0.79
76.041551 0.78
76.110993 0.79
76.177681 0.79
76.241803 0.79
76.305553 0.78
76.369318 0.79
76.422804 0.78
76.486810 0.79
76.546205 0.79
76.606083 0.79
76.676073 0.78
76.735328 0.79
76.785325 0.78
76.844182 0.79
76.904558 0.79
76.973434 0.78
77.033959 0.79
77.097963 0.79
77.153326 0.79
77.216971 0.79
77.282690 0.78
77.341562 0.79
77.401813 0.78
77.465688 0.79
77.521474 0.79
77.590567 0.79
77.659689 0.79
77.715440 0.78
77.778971 0.78
77.848214 0.79
77.904470 0.78
77.968816 0.79
78.023817 0.79
78.088571 0.79
78.158579 0.79
78.223575 0.78
78.299109 0.79
78.364233 0.79
78.423822 0.78
78.488578 0.78
78.558229 0.79
78.622572 0.80
78.691835 0.79
78.753245 0.79
78.823103 0.79
78.889323 0.78
78.951325 0.78
79.011574 0.80
79.069949 0.78
79.133449 0.79
79.196951 0.79
79.260449 0.79
79.323951 0.79
79.389326 0.79
79.453578 0.79
79.512451 0.78
79.586452 0.78
79.660340 0.79
79.728955 0.79
79.788954 0.79
79.848958 0.79
79.903709 0.78
79.958401 0.80
80.017833 0.78
80.076462 0.79
80.140834 0.78
80.204339 0.79
80.278582 0.79
80.342584 0.79
80.397961 0.79
80.467967 0.79
80.538390 0.79
80.593366 0.78
80.652474 0.78
80.716586 0.79
80.780467 0.79
80.844713 0.79
80.899848 0.78
80.974714 0.79
81.034168 0.79
81.100351 0.79
81.164842 0.78
81.218968 0.79
81.288591 0.79
81.347718 0.78
81.406995 0.78
81.481232 0.79
81.536467 0.79
81.605235 0.79
81.665998 0.79
81.730236 0.79
81.785848 0.78
81.863594 0.79
81.927845 0.79
81.993596 0.78
82.052475 0.78
82.111596 0.79
82.180364 0.79
82.249722 0.78
82.308348 0.79
82.372005 0.79
82.430847 0.79
82.496600 0.79
82.560599 0.79
82.619599 0.79
82.683725 0.79
82.747479 0.78
82.811605 0.79
82.865494 0.79
82.926144 0.79
82.998727 0.78
83.053853 0.78
83.117728 0.78
83.181370 0.79
83.255480 0.79
83.324855 0.79
83.383374 0.78
83.448480 0.80
83.520607 0.79
83.579483 0.79
83.639607 0.78
83.703248 0.78
83.777389 0.78
83.843359 0.79
83.912359 0.79
83.972292 0.79
84.030738 0.78
84.094249 0.78
84.163386 0.79
84.245868 0.78
84.309737 0.79
84.370378 0.78
84.439262 0.79
84.502738 0.79
84.566615 0.78
84.625744 0.79
84.691740 0.78
84.752750 0.79
84.817060 0.79
84.885748 0.79
84.947039 0.79
85.008506 0.79
85.067294 0.78
85.136888 0.80
85.206749 0.78
85.272620 0.78
85.331928 0.79
85.391264 0.79
85.450620 0.79
85.514122 0.78
85.583380 0.79
85.642138 0.78
85.706878 0.78
85.771404 0.78
85.826632 0.79
85.890883 0.78
85.949624 0.78
86.013634 0.79
86.072638 0.79
86.136131 0.79
86.205126 0.80
86.275883 0.79
86.339752 0.79
86.398894 0.79
86.462753 0.79
86.536629 0.79
86.600145 0.78
86.674147 0.79
86.739147 0.79
86.813631 0.78
86.879398 0.78
86.943398 0.79
87.007397 0.78
87.071401 0.78
87.135400 0.78
87.204633 0.78
87.270401 0.79
87.339401 0.79
87.403402 0.79
87.472403 0.78
87.541154 0.79
87.615154 0.79
87.684404 0.79
87.748763 0.78
87.813405 0.78
87.877280 0.79
87.941043 0.79
88.010640 0.79
88.085515 0.78
88.149157 0.79
88.223409 0.79
88.287409 0.79
88.351047 0.79
88.415044 0.79
88.484161 0.79
88.550048 0.79
88.609048 0.79
88.678411 0.78
88.737160 0.79
88.784413 0.79
88.839521 0.79
88.893288 0.79
88.962772 0.79
89.017647 0.79
89.083051 0.78
89.142288 0.78
89.206166 0.78
89.270054 0.79
89.334051 0.78
89.408650 0.79
89.477775 0.79
89.523526 0.78
89.577166 0.79
89.646417 0.79
89.705055 0.78
89.769056 0.79
89.833054 0.79
89.897058 0.79
89.966171 0.79
90.035422 0.79
90.099655 0.79
90.163656 0.79
90.238061 0.79
90.307657 0.79
90.382422 0.78
90.441033 0.79
90.510176 0.78
90.574033 0.78
90.648534 0.79
90.709302 0.79
90.773302 0.78
90.842301 0.79
90.911035 0.79
90.976428 0.78
91.035179 0.79
91.099177 0.79
91.162931 0.79
91.232178 0.79
91.296039 0.79
91.356539 0.79
91.422182 0.79
91.486182 0.78
91.550180 0.78
91.614184 0.78
91.678194 0.79
91.742183 0.79
91.806183 0.78
91.870185 0.79
91.934184 0.79
91.998186 0.78
92.062434 0.79
92.121186 0.78
92.185045 0.79
92.254189 0.78
92.318188 0.79
92.382189 0.79
92.446187 0.79
92.510440 0.78
92.569048 0.78
92.632925 0.79
92.702189 0.78
92.766190 0.78
92.830193 0.79
92.894191 0.78
92.958443 0.78
93.017081 0.79
93.086318 0.79
93.150321 0.78
93.214321 0.79
93.273071 0.79
93.342445 0.78
93.408321 0.79
93.472320 0.79
93.536085 0.79
93.594964 0.79
93.659072 0.79
93.718074 0.79
93.776936 0.78
93.841326 0.79
93.905326 0.79
93.963934 0.79
94.027935 0.78
94.091938 0.79
94.150936 0.78
94.214936 0.79
94.278937 0.78
94.342937 0.78
94.406940 0.79
94.465938 0.78
94.529938 0.78
94.593968 0.78
94.657940 0.79
94.721942 0.79
94.780940 0.79
94.844941 0.78
94.908941 0.79
94.972942 0.78
95.036945 0.79
95.095943 0.78
95.159943 0.79
95.223944 0.79
95.287944 0.79
95.351976 0.79
95.410945 0.78
95.474945 0.79
95.538946 0.78
95.602947 0.79
95.666950 0.78
95.725948 0.79
95.789948 0.79
95.853948 0.78
95.917949 0.78
95.981952 0.79
96.041090 0.79
96.099977 0.79
96.168698 0.79
96.237324 0.79
96.292325 0.78
96.347325 0.79
96.402326 0.79
96.465825 0.79
96.529326 0.78
96.584327 0.78
96.644327 0.78
96.704328 0.78
96.759328 0.79
96.819329 0.79
96.879329 0.78
96.939329 0.79
96.999330 0.79
97.059331 0.79
97.114206 0.79
97.177706 0.78
97.237832 0.79
97.288958 0.79
97.344708 0.79
97.408208 0.79
97.471708 0.79
97.524084 0.79
97.574710 0.79
97.634836 0.78
97.698836 0.79
97.762712 0.78
97.832362 0.79
97.896353 0.79
97.965231 0.79
98.023838 0.79
98.087987 0.79
98.146839 0.79
98.210967 0.79
98.274840 0.78
98.343591 0.80
98.402356 0.79
98.466232 0.79
98.524842 0.79
98.588718 0.78
98.657718 0.78
98.726844 0.79
98.785469 0.79
98.839248 0.79
98.892720 0.78
98.966720 0.79
99.030471 0.79
99.085721 0.78
99.159847 0.79
99.218472 0.79
99.268488 0.79
99.323847 0.79
99.392599 0.79
99.451116 0.78
99.507615 0.79
99.558990 0.78
99.617850 0.79
99.681600 0.78
99.740118 0.79
99.795130 0.79
99.848602 0.78
99.908852 0.78
99.967853 0.79
100.036853 0.79
100.100604 0.78
100.152979 0.79
100.216854 0.79
100.272636 0.78
100.331245 0.78
100.389856 0.79
100.458856 0.79
100.522857 0.79
100.586732 0.79
100.650732 0.79
100.709248 0.80
100.773252 0.79
100.850866 0.79
100.919735 0.78
100.979610 0.79
101.043138 0.79
101.101736 0.79
101.160140 0.79
101.242868 0.78
101.306870 0.79
101.375870 0.79
101.444738 0.79
101.503382 0.78
101.567382 0.79
101.622615 0.79
101.699870 0.79
101.767383 0.79
101.829384 0.78
101.884870 0.79
101.948871 0.79
102.007618 0.79
102.081872 0.79
102.140871 0.78
102.209872 0.79
102.268619 0.79
102.323875 0.79
102.387875 0.79
102.446875 0.78
102.505875 0.79
102.564747 0.79
102.623390 0.78
102.679526 0.78
102.726876 0.78
102.785748 0.78
102.849875 0.79
102.913875 0.79
102.977750 0.79
103.037879 0.79
103.096751 0.79
103.152502 0.78
103.208502 0.78
103.268627 0.79
103.329503 0.78
103.385504 0.79
103.454879 0.79
103.513629 0.79
103.588159 0.79
103.658520 0.79
103.727756 0.79
103.791756 0.78
103.855632 0.78
103.929883 0.78
103.993757 0.79
104.057633 0.79
104.126884 0.78
104.192884 0.78
104.251634 0.78
104.325759 0.78
104.389635 0.79
104.458636 0.78
104.522761 0.80
104.586761 0.79
104.645762 0.79
104.709638 0.79
104.778763 0.79
104.837763 0.78
104.901764 0.79
104.970639 0.79
105.034641 0.79
105.098641 0.79
105.162766 0.79
105.221516 0.79
105.285642 0.79
105.349642 0.78
105.413643 0.79
105.477768 0.79
105.536644 0.80
105.600644 0.79
105.660770 0.79
105.719770 0.78
105.778770 0.79
105.837646 0.79
105.901771 0.79
105.960647 0.79
106.020772 0.79
106.079648 0.79
106.139773 0.79
106.198773 0.79
106.257649 0.78
106.321524 0.78
106.385650 0.78
106.449776 0.79
106.508651 0.79
106.572776 0.79
106.636903 0.78
106.706420 0.79
106.775653 0.78
106.839778 0.78
106.898779 0.79
106.957654 0.78
107.027059 0.78
107.090906 0.79
107.155060 0.79
107.219060 0.79
107.277907 0.79
107.342058 0.79
107.406062 0.79
107.475533 0.79
107.539783 0.79
107.598411 0.79
107.667426 0.78
107.731534 0.78
107.795786 0.79
107.854660 0.79
107.908036 0.78
107.972037 0.78
108.037427 0.79
108.106662 0.79
108.166788 0.78
108.221664 0.79
108.274915 0.79
108.339039 0.78
108.403544 0.78
108.467916 0.68
108.533291 0.70
108.595321 0.72
108.655792 0.72
108.714667 0.71
108.769435 0.73
108.843919 0.71
108.909294 0.72
108.964294 0.72
109.024295 0.71
109.082921 0.69
109.143438 0.67
109.208796 0.73
109.263671 0.71
109.318439 0.69
109.383797 0.71
109.442673 0.70
109.497190 0.69
109.566189 0.71
109.630191 0.69
109.690799 0.67
109.754800 0.70
109.820800 0.72
109.884676 0.73
109.948677 0.72
110.012677 0.71
110.076444 0.69
110.145444 0.72
110.209320 0.73
110.283444 0.73
110.347321 0.69
110.421446 0.68
110.485447 0.71
110.554445 0.69
110.618681 0.72
110.677450 0.69
110.741447 0.71
110.805682 0.72
110.869450 0.74
110.933199 0.73
111.002329 0.72
111.071453 0.73
111.140450 0.71
111.209451 0.70
111.273452 0.70
111.342452 0.68
111.411452 0.73
111.480453 0.70
111.544453 0.68
111.608564 0.68
111.667456 0.71
111.723214 0.71
111.776815 0.73
111.845815 0.75
111.904458 0.73
111.968458 0.71
112.028692 0.68
112.092458 0.72
112.161460 0.73
112.225460 0.73
112.281202 0.71
112.334818 0.68
112.403820 0.73
112.463820 0.71
112.522460 0.75
112.591463 0.73
112.660464 0.74
112.729464 0.68
112.798465 0.72
112.867464 0.73
112.931465 0.73
113.000342 0.71
113.064466 0.75
113.128341 0.73
113.192341 0.68
113.256342 0.69
113.325090 0.71
113.394468 0.72
113.458468 0.71
113.522342 0.72
113.586220 0.71
113.646703 0.71
113.707095 0.81
113.776346 0.83
113.840096 0.81
113.905830 0.81
113.969580 0.84
114.023346 0.82
114.087348 0.82
114.156349 0.82
114.220350 0.85
114.284350 0.83
114.348350 0.83
114.412225 0.82
114.459584 0.82
114.518352 0.83
114.587227 0.82
114.651351 0.82
114.715101 0.81
114.784352 0.84
114.843355 0.81
114.912104 0.82
114.977463 0.82
115.036356 0.81
115.106367 0.70
115.165593 0.70
115.224355 0.70
115.278598 0.70
115.348595 0.70
115.402362 0.70
115.471092 0.70
115.534591 0.70
115.598109 0.70
115.667342 0.70
115.736344 0.70
115.800107 0.70
115.874607 0.69
115.938720 0.70
116.004117 0.70
116.073114 0.70
116.133603 0.70
116.190351 0.70
116.250478 0.70
116.304488 0.70
116.368117 0.70
116.426600 0.70
116.492241 0.70
116.561099 0.70
116.630100 0.70
116.685100 0.70
116.745726 0.70
116.798977 0.70
116.869476 0.70
116.927981 0.70
116.996978 0.70
117.062478 0.70
117.126121 0.70
117.194980 0.69
117.261999 0.70
117.318009 0.70
117.378606 0.70
117.442606 0.70
117.500982 0.70
117.553357 0.70
117.617138 0.70
117.686123 0.70
117.755138 0.70
117.818984 0.70
117.887985 0.70
117.962235 0.70
118.026140 0.70
118.095251 0.70
118.164253 0.70
118.227987 0.70
118.297016 0.70
118.366128 0.70
118.435018 0.70
118.517867 0.70
118.578615 0.70
118.647868 0.70
118.705146 0.70
118.764144 0.70
118.833746 0.70
118.903147 0.70
118.972617 0.70
119.046871 0.70
119.107136 0.70
119.171023 0.70
119.240512 0.70
119.304496 0.70
119.379148 0.70
119.443388 0.70
119.502027 0.70
119.566137 0.70
119.630138 0.70
119.694152 0.70
119.748876 0.70
119.813154 0.70
119.871878 0.70
119.941154 0.70
120.013626 0.70
120.067152 0.69
120.131143 0.70
120.195154 0.70
120.259155 0.70
120.323029 0.70
120.392144 0.70
120.451155 0.70
120.515148 0.70
120.573881 0.70
120.637883 0.70
120.706756 0.70
120.775756 0.70
120.834522 0.70
120.893507 0.70
120.957507 0.70
121.021508 0.70
121.087383 0.70
121.146151 0.70
121.205149 0.70
121.263886 0.70
121.332760 0.70
121.391636 0.69
121.452151 0.70
121.516152 0.70
121.580042 0.70
121.644280 0.70
121.708155 0.69
121.772042 0.70
121.841280 0.70
121.894890 0.70
121.964514 0.69
122.035265 0.69
122.099016 0.70
122.153516 0.70
122.217409 0.70
122.268517 0.70
122.332531 0.70
122.391284 0.70
122.450048 0.70
122.513894 0.70
122.574268 0.70
122.638064 0.70
122.697036 0.70
122.755896 0.70
122.819897 0.70
122.875771 0.70
122.939415 0.70
123.008398 0.70
123.072290 0.69
123.130924 0.70
123.194900 0.70
123.259776 0.70
123.313399 0.69
123.371775 0.70
123.441150 0.70
123.499902 0.70
123.563903 0.70
123.622527 0.70
123.681403 0.70
123.745403 0.70
123.809404 0.70
123.868295 0.71
123.926905 0.69
123.990905 0.70
124.049423 0.70
124.113531 0.70
124.177280 0.70
124.240781 0.70
124.304281 0.70
124.367782 0.70
124.431294 0.70
124.486283 0.70
124.549782 0.70
124.613283 0.70
124.676783 0.70
124.740284 0.70
124.800285 0.70
124.860285 0.70
124.920286 0.70
124.975286 0.70
125.035287 0.70
125.095287 0.70
125.155288 0.70
125.218788 0.70
125.282288 0.70
125.337164 0.70
125.400664 0.70
125.453040 0.70
125.502415 0.70
125.555665 0.70
125.615791 0.70
125.663041 0.70
125.716292 0.70
125.771167 0.70
125.834676 0.70
125.898167 0.69
125.961669 0.70
126.014044 0.70
126.068550 0.70
126.137170 0.70
126.200670 0.70
126.264171 0.70
126.327673 0.70
126.391173 0.70
126.454672 0.70
126.518173 0.70
126.581675 0.70
126.645174 0.70
126.708674 0.70
126.772178 0.69
126.835675 0.70
126.899175 0.70
126.962676 0.70
127.026176 0.70
127.089677 0.69
127.153177 0.70
127.216677 0.70
127.280178 0.70
127.343690 0.70
127.407179 0.70
127.470679 0.70
127.534180 0.70
127.594183 0.70
127.657680 0.69
127.721324 0.70
127.790074 0.70
127.848683 0.70
127.922684 0.70
127.977324 0.70
128.030684 0.70
128.077964 0.71
128.141559 0.70
128.201684 0.70
128.248937 0.70
128.299571 0.70
128.363061 0.70
128.426561 0.70
128.478937 0.70
128.529573 0.70
128.593063 0.69
128.656563 0.70
128.720064 0.70
128.783564 0.70
128.847065 0.69
128.910565 0.70
128.974066 0.70
129.037565 0.70
129.101079 0.70
129.164566 0.70
129.228078 0.70
129.291568 0.70
129.355078 0.70
129.418569 0.69
129.482069 0.70
129.545570 0.70
129.609070 0.70
129.672570 0.70
129.736071 0.70
129.799572 0.70
129.863072 0.70
129.926573 0.70
129.990073 0.70
130.053584 0.70
130.117074 0.70
130.172078 0.70
130.227075 0.70
130.290586 0.70
130.354076 0.70
130.414076 0.69
130.474076 0.70
130.534077 0.70
130.594078 0.70
130.654078 0.69
130.714079 0.70
130.774079 0.70
130.834079 0.70
130.888955 0.70
130.952455 0.70
131.004830 0.71
131.073456 0.70
131.125831 0.70
131.175207 0.70
131.228460 0.70
131.288582 0.70
131.335832 0.70
131.385208 0.70
131.438458 0.70
131.501960 0.70
131.565464 0.70
131.628961 0.70
131.692461 0.70
131.755962 0.70
131.819464 0.70
131.882963 0.70
131.946463 0.70
132.009964 0.70
132.073464 0.70
132.136965 0.69
132.200464 0.70
132.263965 0.70
132.327465 0.70
132.390979 0.70
132.454466 0.70
132.517978 0.70
132.581467 0.70
132.644969 0.70
132.708468 0.70
132.771970 0.70
132.835469 0.70
132.898970 0.70
132.953970 0.70
133.017477 0.70
133.080972 0.71
133.135972 0.69
133.195972 0.70
133.255973 0.70
133.315973 0.70
133.375974 0.70
133.435974 0.70
133.495975 0.70
133.555975 0.70
133.619475 0.70
133.693350 0.70
133.758475 0.70
133.819352 0.70
133.882851 0.70
133.946352 0.70
134.006478 0.70
134.061478 0.70
134.108728 0.70
134.161979 0.70
134.220354 0.70
134.272736 0.70
134.336355 0.70
134.388742 0.70
134.452356 0.70
134.504732 0.70
134.555357 0.70
134.618869 0.70
134.682358 0.70
134.745889 0.70
134.809359 0.70
134.872858 0.70
134.936360 0.70
134.999865 0.70
135.063361 0.70
135.126866 0.70
135.190361 0.70
135.253868 0.71
135.317362 0.70
135.380868 0.70
135.444365 0.70
135.507866 0.70
135.571368 0.70
135.634867 0.69
135.698365 0.70
135.761867 0.70
135.816868 0.70
135.880366 0.70
135.954242 0.70
136.019367 0.71
136.082872 0.70
136.142872 0.70
136.202874 0.70
136.262880 0.70
136.322874 0.70
136.386375 0.70
136.449874 0.70
136.509874 0.70
136.569874 0.70
136.624747 0.70
136.688248 0.70
136.748373 0.70
136.803373 0.70
136.850623 0.70
136.903874 0.70
136.962249 0.70
137.014625 0.70
137.065251 0.70
137.128751 0.70
137.192251 0.70
137.244627 0.70
137.295253 0.70
137.358752 0.70
137.422253 0.70
137.485753 0.70
137.549254 0.70
137.612754 0.70
137.676258 0.70
137.739756 0.70
137.803763 0.70
137.873158 0.70
137.935633 0.70
137.989508 0.70
138.053922 0.70
138.117920 0.70
138.192385 0.70
138.261524 0.70
138.316059 0.70
138.380515 0.70
138.439513 0.70
138.498513 0.70
138.557637 0.70
138.611638 0.70
138.665763 0.70
138.729925 0.70
138.789645 0.70
138.855518 0.70
138.914931 0.70
138.973923 0.70
139.033520 0.70
139.087518 0.69
139.142651 0.70
139.199644 0.70
139.256653 0.70
139.321523 0.70
139.376655 0.70
139.446777 0.70
139.518209 0.70
139.578772 0.70
139.644291 0.70
139.708649 0.70
139.758658 0.70
139.819290 0.70
139.884659 0.70
139.945293 0.70
140.014782 0.70
140.073648 0.70
140.137783 0.70
140.203182 0.70
140.267536 0.70
140.331775 0.70
140.401526 0.70
140.465526 0.70
140.529530 0.70
140.593528 0.70
140.658157 0.70
140.722530 0.70
140.776961 0.69
140.841783 0.70
140.906438 0.71
140.960785 0.69
141.024658 0.70
141.078532 0.70
141.137538 0.70
141.203299 0.70
141.262298 0.70
141.326299 0.70
141.385544 0.70
141.450033 0.70
141.505797 0.70
141.564950 0.70
141.623799 0.70
141.688178 0.70
141.753663 0.70
141.819176 0.70
141.879536 0.70
141.938662 0.70
142.004178 0.70
142.068038 0.70
142.137038 0.70
142.206039 0.70
142.275165 0.70
142.339039 0.70
142.404541 0.70
142.458041 0.70
142.514541 0.70
142.568041 0.70
142.642042 0.70
142.716182 0.69
142.780043 0.70
142.849044 0.70
142.914544 0.70
142.968050 0.70
143.032797 0.70
143.091546 0.70
143.152171 0.71
143.221224 0.69
143.301549 0.70
143.362559 0.70
143.426548 0.70
143.485048 0.70
143.554673 0.70
143.620317 0.70
143.679194 0.70
143.748682 0.70
143.813428 0.70
143.872687 0.70
143.942806 0.70
143.998563 0.70
144.068983 0.70
144.128692 0.70
144.188435 0.70
144.252680 0.70
144.316680 0.70
144.380683 0.70
144.439680 0.70
144.513557 0.70
144.573557 0.70
144.628434 0.70
144.691933 0.70
144.755441 0.70
144.818936 0.70
144.879060 0.70
144.938689 0.70
144.991937 0.70
145.052060 0.70
145.111687 0.70
145.164938 0.70
145.225063 0.70
145.272315 0.70
145.321688 0.70
145.374937 0.70
145.435063 0.70
145.495188 0.70
145.550938 0.70
145.614443 0.70
145.677941 0.70
145.730325 0.70
145.780944 0.70
145.844442 0.70
145.907949 0.70
145.971443 0.70
146.034944 0.70
146.098442 0.70
146.161947 0.70
146.225456 0.70
146.288950 0.70
146.352446 0.70
146.415947 0.70
146.484572 0.70
146.542946 0.70
146.606458 0.69
146.661446 0.70
146.724957 0.70
146.788449 0.70
146.851949 0.70
146.915451 0.70
146.978954 0.70
147.042455 0.70
147.105964 0.70
147.169458 0.70
147.224470 0.69
147.284579 0.70
147.339453 0.70
147.399458 0.70
147.454455 0.71
147.509336 0.70
147.572830 0.70
147.637954 0.70
147.701458 0.70
147.756333 0.70
147.819830 0.70
147.888994 0.70
147.947987 0.70
148.003362 0.70
148.062459 0.70
148.118896 0.70
148.177833 0.70
148.241834 0.70
148.306084 0.69
148.370126 0.70
148.428989 0.70
148.488105 0.70
148.546998 0.70
148.611000 0.70
148.670002 0.70
148.729250 0.70
148.794135 0.70
148.848105 0.70
148.912720 0.70
148.966592 0.70
149.030716 0.70
149.084465 0.70
149.149234 0.70
149.202999 0.70
149.273244 0.70
149.332595 0.70
149.393372 0.70
149.454367 0.70
149.519391 0.70
149.580371 0.70
149.645270 0.70
149.706372 0.70
149.776365 0.70
149.840596 0.70
149.901363 0.70
149.956345 0.70
150.022158 0.70
150.088242 0.70
150.152476 0.70
150.209115 0.70
150.264367 0.70
150.329851 0.70
150.383476 0.70
150.449367 0.70
150.509984 0.70
150.564374 0.70
150.629793 0.70
150.685484 0.70
150.739492 0.70
150.795361 0.70
150.856376 0.70
150.914854 0.70
150.975246 0.70
151.034251 0.71
151.103372 0.70
151.172372 0.70
151.241371 0.70
151.315249 0.70
151.373732 0.70
151.426124 0.70
151.489857 0.70
151.553988 0.70
151.612986 0.70
151.677612 0.70
151.741870 0.69
151.806254 0.70
151.870250 0.70
151.928874 0.70
151.988145 0.70
152.042024 0.70
152.106364 0.70
152.175873 0.70
152.245149 0.70
152.298740 0.70
152.364258 0.70
152.429779 0.70
152.493869 0.70
152.552868 0.70
152.617130 0.70
152.680743 0.70
152.741273 0.70
152.801872 0.70
152.856393 0.70
152.915389 0.70
152.979384 0.70
153.032027 0.70
153.090880 0.70
153.149880 0.70
153.208882 0.70
153.273503 0.70
153.327159 0.70
153.387898 0.70
153.438036 0.70
153.492134 0.70
153.552884 0.70
153.607037 0.70
153.661066 0.70
153.720145 0.70
153.790147 0.70
153.854882 0.70
153.914415 0.70
153.979041 0.70
154.033137 0.70
154.108508 0.70
154.169888 0.70
154.224405 0.70
154.284077 0.70
154.359512 0.70
154.419048 0.70
154.472886 0.70
154.531891 0.70
154.591056 0.70
154.644895 0.70
154.704288 0.70
154.763165 0.70
154.832140 0.70
154.895636 0.70
154.959135 0.70
155.022633 0.70
155.086144 0.70
155.141136 0.70
155.204635 0.70
155.268141 0.70
155.331638 0.70
155.395146 0.70
155.458641 0.70
155.522149 0.70
155.585642 0.70
155.649150 0.70
155.704141 0.70
155.764141 0.70
155.819144 0.70
155.879152 0.70
155.937521 0.70
155.997643 0.70
156.061151 0.70
156.121146 0.71
156.181145 0.70
156.239521 0.70
156.299648 0.71
156.346904 0.70
156.396272 0.70
156.449526 0.70
156.505775 0.70
156.561525 0.70
156.620025 0.70
156.678772 0.70
156.738216 0.70
156.802650 0.70
156.867436 0.70
156.933943 0.70
156.993662 0.70
157.063779 0.70
157.118306 0.70
157.177651 0.70
157.246932 0.70
157.306278 0.70
157.360083 0.70
157.430302 0.70
157.489165 0.70
157.554068 0.70
157.623169 0.70
157.682299 0.70
157.751160 0.70
157.820781 0.70
157.884668 0.70
157.943780 0.70
158.007406 0.69
158.068659 0.70
158.127301 0.70
158.191163 0.70
158.255659 0.70
158.320314 0.70
158.381662 0.70
158.446310 0.70
158.502303 0.70
158.561163 0.70
158.625062 0.69
158.690663 0.70
158.754537 0.70
158.818970 0.69
158.890666 0.70
158.949800 0.70
159.000193 0.70
159.051421 0.70
159.111195 0.70
159.170795 0.70
159.225201 0.70
159.284929 0.70
159.356430 0.70
159.412198 0.70
159.471675 0.70
159.526210 0.70
159.582425 0.70
159.637678 0.69
159.692196 0.70
159.756673 0.71
159.816196 0.70
159.872429 0.70
159.927429 0.70
159.991545 0.70
160.069673 0.69
160.125426 0.70
160.179178 0.70
160.238925 0.69
160.308806 0.70
160.370197 0.70
160.429809 0.70
160.491203 0.70
160.545072 0.70
160.614552 0.70
160.683679 0.70
160.753069 0.70
160.827802 0.69
160.886679 0.70
160.950680 0.70
161.019934 0.69
161.083930 0.70
161.153430 0.70
161.217682 0.70
161.276682 0.71
161.335683 0.70
161.399555 0.70
161.457931 0.70
161.527559 0.70
161.596685 0.69
161.655808 0.69
161.709683 0.70
161.764101 0.70
161.833583 0.70
161.892684 0.70
161.946686 0.70
162.001816 0.69
162.066816 0.70
162.120688 0.70
162.171128 0.70
162.230817 0.70
162.290084 0.70
162.354816 0.70
162.409691 0.70
162.468944 0.70
162.534576 0.70
162.584823 0.70
162.649820 0.70
162.714702 0.70
162.779821 0.70
162.844704 0.70
162.890698 0.70
162.945692 0.70
163.000817 0.70
163.059695 0.70
163.114820 0.70
163.173819 0.70
163.248821 0.70
163.307822 0.70
163.372705 0.70
163.437576 0.70
163.497144 0.70
163.561952 0.70
163.626582 0.70
163.681121 0.69
163.742342 0.70
163.801955 0.70
163.862452 0.70
163.926955 0.70
163.987469 0.70
164.051702 0.70
164.105578 0.70
164.165141 0.70
164.224833 0.70
164.291462 0.69
164.351129 0.70
164.416139 0.70
164.475964 0.70
164.540708 0.70
164.605710 0.70
164.677348 0.70
164.741834 0.70
164.802594 0.70
164.852965 0.70
164.906834 0.70
164.970833 0.70
165.039832 0.70
165.103833 0.70
165.162480 0.70
165.222720 0.70
165.286834 0.70
165.345835 0.70
165.404460 0.70
165.464838 0.70
165.528837 0.70
165.598592 0.70
165.662839 0.70
165.726839 0.70
165.800713 0.70
165.870841 0.70
165.934840 0.70
166.004362 0.70
166.073600 0.70
166.139971 0.70
166.209853 0.70
166.285367 0.70
166.351853 0.70
166.421487 0.70
166.490844 0.70
166.554844 0.70
166.624132 0.70
166.693488 0.70
166.758127 0.70
166.827360 0.70
166.891471 0.70
166.960369 0.70
167.024472 0.70
167.088494 0.70
167.142850 0.70
167.203490 0.70
167.262604 0.70
167.340850 0.70
167.394605 0.70
167.453240 0.70
167.517729 0.70
167.581727 0.70
167.647608 0.70
167.708107 0.70
167.769055 0.71
167.840481 0.70
167.899882 0.69
167.960143 0.70
168.024857 0.70
168.085137 0.70
168.149613 0.70
168.210249 0.70
168.274734 0.70
168.340608 0.70
168.405049 0.70
168.467379 0.70
168.526618 0.70
168.591489 0.71
168.650737 0.70
168.725736 0.70
168.790399 0.70
168.854988 0.70
168.915275 0.70
168.990740 0.70
169.060511 0.70
169.119380 0.69
169.178489 0.70
169.237740 0.70
169.307023 0.69
169.376741 0.70
169.451620 0.70
169.526617 0.70
169.591499 0.70
169.661384 0.70
169.715885 0.70
169.775623 0.69
169.855629 0.70
169.916624 0.70
169.983268 0.70
170.038496 0.70
170.088506 0.70
170.153502 0.70
170.218280 0.70
170.272499 0.70
170.331499 0.70
170.385137 0.70
170.449158 0.70
170.509750 0.70
170.570027 0.70
170.629754 0.70
170.688627 0.70
170.749511 0.70
170.814505 0.70
170.868510 0.70
170.933508 0.70
170.997879 0.70
171.054628 0.70
171.124284 0.70
171.183756 0.70
171.244148 0.70
171.303634 0.70
171.362632 0.70
171.427276 0.70
171.482508 0.70
171.547515 0.70
171.612280 0.71
171.666769 0.70
171.726512 0.70
171.790646 0.70
171.849510 0.70
171.908401 0.70
171.972635 0.71
172.042150 0.70
172.106172 0.70
172.165029 0.70
172.229030 0.70
172.298155 0.70
172.362152 0.69
172.426282 0.70
172.490158 0.70
172.559411 0.70
172.620158 0.70
172.689644 0.70
172.748641 0.69
172.807641 0.70
172.873517 0.70
172.939160 0.70
172.998051 0.70
173.057293 0.70
173.112772 0.70
173.176897 0.70
173.242901 0.70
173.302408 0.69
173.372526 0.70
173.431649 0.70
173.492405 0.70
173.558647 0.70
173.628779 0.70
173.684650 0.71
173.749656 0.70
173.819777 0.70
173.890306 0.70
173.955162 0.70
174.020079 0.70
174.079297 0.70
174.143777 0.69
174.213056 0.70
174.282902 0.70
174.347156 0.70
174.411416 0.70
174.470166 0.70
174.534655 0.70
174.588170 0.70
174.652784 0.70
174.716910 0.71
174.788539 0.70
174.863174 0.69
174.927781 0.70
174.990331 0.70
175.049535 0.70
175.108533 0.70
175.172909 0.70
175.242424 0.70
175.313917 0.70
175.373306 0.70
175.440102 0.70
175.490307 0.70
175.551549 0.70
175.611039 0.70
175.675425 0.70
175.732177 0.70
175.796671 0.70
175.855412 0.70
175.910413 0.69
175.972413 0.70
176.031082 0.70
176.089947 0.70
176.149039 0.70
176.203546 0.70
176.263081 0.69
176.327929 0.70
176.383547 0.70
176.453680 0.69
176.515096 0.70
176.569552 0.70
176.629316 0.70
176.693419 0.70
176.767921 0.70
176.827044 0.70
176.885798 0.70
176.954925 0.70
177.013922 0.70
177.072799 0.70
177.142087 0.70
177.201205 0.70
177.266093 0.70
177.329925 0.70
177.393925 0.70
177.463066 0.70
177.526925 0.70
177.595678 0.70
177.656553 0.70
177.715425 0.70
177.779553 0.70
177.832805 0.70
177.902555 0.70
177.966555 0.70
178.025431 0.70
178.089433 0.70
178.153445 0.70
178.217430 0.70
178.281555 0.70
178.340430 0.70
178.404446 0.70
178.468446 0.70
178.532449 0.70
178.598077 0.70
178.661935 0.70
178.725936 0.70
178.784689 0.70
178.845562 0.70
178.905687 0.70
178.966947 0.70
179.021460 0.70
179.073125 0.70
179.138088 0.70
179.202951 0.70
179.257447 0.70
179.317108 0.70
179.381944 0.69
179.440815 0.70
179.500447 0.70
179.565069 0.70
179.623817 0.70
179.693694 0.70
179.762956 0.70
179.813214 0.70
179.872243 0.70
179.945219 0.70
180.015351 0.70
180.090825 0.70
180.155828 0.70
180.220827 0.70
180.287359 0.70
180.357234 0.70
180.427357 0.70
180.487133 0.70
180.551835 0.70
180.616831 0.70
180.686964 0.70
180.741460 0.70
180.797221 0.70
180.863360 0.70
180.923126 0.70
180.977242 0.70
181.037132 0.70
181.101966 0.70
181.157851 0.70
181.212352 0.70
181.277136 0.70
181.338352 0.70
181.397965 0.70
181.452480 0.70
181.513833 0.69
181.572833 0.70
181.636831 0.70
181.700836 0.70
181.754833 0.70
181.813959 0.70
181.863961 0.70
181.922833 0.70
181.973374 0.70
182.033127 0.70
182.102100 0.69
182.167586 0.70
182.221105 0.70
182.290712 0.70
182.338103 0.70
182.403136 0.70
182.465356 0.70
182.518979 0.70
182.575591 0.70
182.640152 0.70
182.710363 0.70
182.769373 0.70
182.829145 0.70
182.894160 0.70
182.959372 0.70
183.019135 0.70
183.091099 0.70
183.165475 0.70
183.248850 0.70
183.303222 0.70
183.368229 0.70
183.443097 0.70
183.506594 0.69
183.580853 0.70
183.644848 0.70
183.699361 0.71
183.752846 0.70
183.811721 0.70
183.875849 0.70
183.935116 0.70
183.990243 0.70
184.059852 0.70
184.113724 0.69
184.177732 0.70
184.236725 0.69
184.296851 0.70
184.350725 0.70
184.414853 0.70
184.474244 0.70
184.533118 0.70
184.598728 0.70
184.657854 0.69
184.716875 0.70
184.762856 0.70
184.817857 0.70
184.877261 0.70
184.933486 0.70
184.984487 0.70
185.053484 0.70
185.105258 0.70
185.169858 0.70
185.224882 0.70
185.280386 0.70
185.359987 0.70
185.420735 0.70
185.484503 0.70
185.549175 0.70
185.618611 0.70
185.678267 0.70
185.738028 0.70
185.802612 0.70
185.862148 0.70
185.931746 0.70
185.986260 0.70
186.045881 0.70
186.107273 0.69
186.172030 0.69
186.241751 0.70
186.295741 0.70
186.365269 0.70
186.425026 0.70
186.489748 0.70
186.544267 0.70
186.605630 0.70
186.660148 0.70
186.719747 0.69
186.774274 0.70
186.834167 0.70
186.893756 0.70
186.953628 0.70
187.008038 0.70
187.079424 0.70
187.139039 0.70
187.199635 0.70
187.260384 0.70
187.330632 0.70
187.390274 0.70
187.455133 0.70
187.510422 0.70
187.565752 0.70
187.626637 0.70
187.687424 0.70
187.742888 0.70
187.803632 0.70
187.863138 0.70
187.928134 0.70
187.992380 0.69
188.061754 0.70
188.120628 0.70
188.184754 0.70
188.243754 0.70
188.298756 0.70
188.353757 0.70
188.413072 0.70
188.483051 0.70
188.553068 0.70
188.612764 0.70
188.663048 0.70
188.727520 0.70
188.797404 0.70
188.862160 0.70
188.927045 0.70
188.991641 0.70
189.056047 0.69
189.125771 0.70
189.187054 0.70
189.246522 0.70
189.301065 0.70
189.360656 0.71
189.415081 0.70
189.479894 0.70
189.544776 0.70
189.614896 0.70
189.681528 0.70
189.736074 0.70
189.795643 0.69
189.855059 0.70
189.924643 0.70
189.984077 0.70
190.048408 0.70
190.120149 0.70
190.180770 0.70
190.235087 0.70
190.285037 0.70
190.334782 0.70
190.399776 0.70
190.464651 0.70
190.519086 0.70
190.578776 0.70
190.644779 0.70
190.711528 0.70
190.771085 0.70
190.830780 0.70
190.901085 0.69
190.960656 0.70
191.020077 0.70
191.079786 0.70
191.144529 0.70
191.204098 0.70
191.269072 0.70
191.333296 0.70
191.388779 0.70
191.443780 0.70
191.503162 0.70
191.574417 0.70
191.634185 0.70
191.704408 0.70
191.763920 0.70
191.828657 0.70
191.892666 0.70
191.946784 0.70
192.000919 0.70
192.060665 0.70
192.119914 0.70
192.175547 0.70
192.229786 0.69
192.290794 0.70
192.357538 0.70
192.416430 0.70
192.480427 0.70
192.544174 0.70
192.599426 0.70
192.668427 0.70
192.732302 0.70
192.795913 0.70
192.855180 0.70
192.920672 0.70
192.981919 0.70
193.037310 0.70
193.107549 0.70
193.157666 0.70
193.216182 0.70
193.282169 0.70
193.346439 0.70
193.410794 0.70
193.485424 0.70
193.539926 0.70
193.599421 0.70
193.660682 0.71
193.725675 0.70
193.798800 0.70
193.860428 0.70
193.914682 0.70
193.979679 0.69
194.054551 0.70
194.113807 0.70
194.175175 0.70
194.239939 0.69
194.299679 0.70
194.369680 0.70
194.428675 0.70
194.487441 0.69
194.556677 0.70
194.610551 0.70
194.669449 0.70
194.733427 0.69
194.803327 0.70
194.874177 0.70
194.943803 0.70
195.003433 0.70
195.069185 0.70
195.132684 0.70
195.197567 0.70
195.262564 0.70
195.323810 0.70
195.382820 0.70
195.447309 0.70
195.511815 0.70
195.567584 0.70
195.632330 0.70
195.696563 0.69
195.755700 0.70
195.820572 0.70
195.881064 0.70
195.932309 0.70
195.992561 0.69
196.051329 0.70
196.115439 0.70
196.179812 0.70
196.238690 0.70
196.313081 0.70
196.377081 0.70
196.437564 0.70
196.501457 0.70
196.556566 0.70
196.620334 0.70
196.679443 0.70
196.743691 0.71
196.803821 0.70
196.867692 0.70
196.936695 0.70
197.005693 0.70
197.064335 0.70
197.123087 0.70
197.192576 0.70
197.257576 0.70
197.316699 0.70
197.386227 0.70
197.445338 0.70
197.509456 0.70
197.563344 0.70
197.627709 0.70
197.692705 0.70
197.757235 0.70
197.811709 0.70
197.871223 0.70
197.930584 0.70
197.991832 0.70
198.045575 0.70
198.106711 0.70
198.165702 0.70
198.231353 0.70
198.285344 0.71
198.344714 0.70
198.404460 0.70
198.458100 0.70
198.527830 0.70
198.581580 0.70
198.646985 0.71
198.707473 0.70
198.766351 0.70
198.821460 0.70
198.871458 0.70
198.925715 0.70
198.981233 0.70
199.045973 0.69
199.105717 0.69
199.165358 0.70
199.219723 0.70
199.279466 0.70
199.338589 0.70
199.408479 0.70
199.463463 0.70
199.518466 0.70
199.572106 0.70
199.631358 0.70
199.695464 0.70
199.748964 0.70
199.818466 0.70
199.871966 0.70
199.950480 0.70
200.020359 0.70
200.076480 0.69
200.146596 0.70
200.216471 0.70
200.283240 0.70
200.348151 0.70
200.414723 0.69
200.478844 0.70
200.539469 0.70
200.598112 0.70
200.657113 0.70
200.721362 0.70
200.780112 0.70
200.844362 0.70
200.903115 0.70
200.962116 0.70
201.031598 0.70
201.095601 0.70
201.169979 0.70
201.234117 0.70
201.298004 0.70
201.367369 0.70
201.425976 0.70
201.473243 0.70
201.536977 0.70
201.588121 0.70
201.652119 0.70
201.710978 0.70
201.771478 0.69
201.835370 0.70
201.893853 0.70
201.959354 0.70
202.017980 0.70
202.078356 0.70
202.136981 0.70
202.205983 0.70
202.269373 0.70
202.323615 0.70
202.387735 0.70
202.446610 0.70
202.505737 0.70
202.570030 0.70
202.639986 0.70
202.704146 0.70
202.774274 0.69
202.839385 0.70
202.914750 0.69
202.984019 0.70
203.053276 0.70
203.112614 0.70
203.171378 0.70
203.230490 0.70
203.294618 0.70
203.364151 0.70
203.423147 0.70
203.477166 0.70
203.527368 0.70
203.581154 0.70
203.645620 0.69
203.704626 0.70
203.765126 0.70
203.815158 0.70
203.874629 0.70
203.936045 0.70
203.986267 0.70
204.043289 0.70
204.108269 0.70
204.169505 0.70
204.225282 0.70
204.286045 0.70
204.336279 0.70
204.397041 0.71
204.452281 0.70
204.517276 0.70
204.574149 0.70
204.628138 0.70
204.682038 0.70
204.737280 0.70
204.802277 0.70
204.872137 0.70
204.922283 0.70
204.987151 0.70
205.041512 0.70
205.101281 0.70
205.174515 0.71
205.234181 0.70
205.293642 0.70
205.360137 0.70
205.414511 0.70
205.479284 0.69
205.544156 0.70
205.603516 0.70
205.668638 0.71
205.740395 0.70
205.815891 0.70
205.880521 0.70
205.940391 0.70
206.015151 0.70
206.074146 0.70
206.129385 0.70
206.193410 0.70
206.257387 0.70
206.326765 0.70
206.396049 0.70
206.455148 0.70
206.517771 0.70
206.577392 0.70
206.637152 0.69
206.703058 0.70
206.767774 0.70
206.823397 0.70
206.873394 0.70
206.937776 0.70
206.993398 0.70
207.048902 0.70
207.103414 0.70
207.150646 0.70
207.198051 0.70
207.251768 0.69
207.299045 0.70
207.349645 0.70
207.397048 0.69
207.450769 0.70
207.498047 0.70
207.552770 0.70
207.616772 0.70
207.676423 0.70
207.732152 0.70
207.807040 0.70
207.861427 0.70
207.926062 0.70
207.991195 0.70
208.061424 0.70
208.125445 0.70
208.189658 0.70
208.258904 0.70
208.318296 0.70
208.382532 0.71
208.448780 0.70
208.518187 0.70
208.588306 0.70
208.657791 0.70
208.722788 0.70
208.787419 0.70
208.847187 0.70
208.917069 0.70
208.970781 0.70
209.034656 0.70
209.108657 0.70
209.178175 0.70
209.244194 0.70
209.308787 0.69
209.377658 0.70
209.447179 0.70
209.502411 0.70
209.552427 0.70
209.616662 0.70
209.685914 0.70
209.740039 0.70
209.804105 0.70
209.868919 0.70
209.927663 0.70
209.982914 0.70
210.036791 0.70
210.105665 0.70
210.169793 0.70
210.233673 0.70
210.288921 0.70
210.342793 0.70
210.402322 0.70
210.462088 0.70
210.523546 0.70
210.571121 0.70
210.627548 0.70
210.681172 0.70
210.745668 0.70
210.814669 0.70
210.888545 0.70
210.952045 0.70
211.015671 0.70
211.084672 0.70
211.153797 0.70
211.222672 0.70
211.291673 0.70
211.347549 0.70
211.406191 0.70
211.470193 0.70
211.528802 0.70
211.588090 0.70
211.652177 0.70
211.722098 0.70
211.791070 0.69
211.849935 0.70
211.903555 0.70
211.972938 0.69
212.046204 0.70
212.105816 0.70
212.165815 0.70
212.220330 0.70
212.280113 0.70
212.350329 0.70
212.400200 0.70
212.464810 0.70
212.523558 0.70
212.593106 0.70
212.656935 0.70
212.712199 0.70
212.762185 0.70
212.827448 0.70
212.887065 0.70
212.951079 0.70
213.006344 0.70
213.072444 0.70
213.138448 0.70
213.193947 0.70
213.250452 0.70
213.310220 0.70
213.369946 0.70
213.440219 0.70
213.499948 0.70
213.570225 0.70
213.629951 0.70
213.705113 0.70
213.775215 0.69
213.831467 0.70
213.891227 0.70
213.957455 0.70
214.022217 0.69
214.081822 0.70
214.141137 0.70
214.200957 0.70
214.265830 0.70
214.319834 0.70
214.386111 0.70
214.456125 0.70
214.522704 0.70
214.577141 0.70
214.638833 0.70
214.704326 0.70
214.764460 0.70
214.823956 0.70
214.888709 0.70
214.943228 0.70
215.004589 0.70
215.059144 0.70
215.124099 0.70
215.189131 0.70
215.248709 0.70
215.308121 0.70
215.372708 0.70
215.431830 0.70
215.490841 0.70
215.555709 0.70
215.614832 0.70
215.664961 0.70
215.730406 0.70
215.786147 0.70
215.852379 0.70
215.918349 0.70
215.977966 0.70
216.042712 0.70
216.102835 0.69
216.161473 0.70
216.217135 0.70
216.268344 0.70
216.331834 0.70
216.395477 0.70
216.469711 0.70
216.524712 0.70
216.583587 0.70
216.653124 0.70
216.717353 0.70
216.782131 0.70
216.851466 0.69
216.915987 0.69
216.985971 0.70
217.044591 0.70
217.113967 0.70
217.179468 0.70
217.253969 0.70
217.328359 0.70
217.402718 0.70
217.466483 0.70
217.530594 0.70
217.589469 0.70
217.653485 0.70
217.722470 0.70
217.791491 0.70
217.855364 0.70
217.929491 0.70
217.993473 0.70
218.057851 0.70
218.127724 0.70
218.186734 0.69
218.250849 0.70
218.315128 0.70
218.379853 0.70
218.438500 0.70
218.499239 0.70
218.554732 0.70
218.608754 0.70
218.673736 0.70
218.743893 0.70
218.815258 0.69
218.870734 0.70
218.920990 0.70
218.980737 0.70
219.041492 0.70
219.096046 0.70
219.162266 0.70
219.217990 0.70
219.279507 0.70
219.338482 0.70
219.402482 0.70
219.471360 0.70
219.535485 0.70
219.604236 0.70
219.673499 0.70
219.728140 0.70
219.783612 0.70
219.842869 0.70
219.901487 0.70
219.965489 0.70
220.034488 0.70
220.098508 0.70
220.167489 0.70
220.227165 0.70
220.296617 0.70
220.350382 0.70
220.409743 0.70
220.470886 0.70
220.530624 0.71
220.603874 0.70
220.663631 0.70
220.724876 0.70
220.803632 0.70
220.870035 0.70
220.929504 0.70
220.979887 0.70
221.039624 0.69
221.104633 0.70
221.169627 0.70
221.234266 0.70
221.309750 0.70
221.374632 0.69
221.439630 0.70
221.504634 0.70
221.570632 0.70
221.624753 0.70
221.683754 0.70
221.747625 0.70
221.803151 0.70
221.862396 0.70
221.931396 0.70
222.000882 0.70
222.054752 0.70
222.113269 0.70
222.177396 0.70
222.246629 0.69
222.300145 0.70
222.374397 0.70
222.443630 0.69
222.502397 0.70
222.561759 0.70
222.625760 0.70
222.690402 0.70
222.754893 0.69
222.814516 0.70
222.879515 0.70
222.949644 0.70
223.014517 0.70
223.084646 0.70
223.149404 0.70
223.213166 0.70
223.277407 0.70
223.341513 0.70
223.395282 0.70
223.459515 0.70
223.523764 0.70
223.598765 0.70
223.659020 0.70
223.723518 0.70
223.777283 0.70
223.836161 0.70
223.895048 0.70
223.955517 0.70
224.009037 0.70
224.073174 0.70
224.132769 0.70
224.202410 0.70
224.257394 0.70
224.321770 0.69
224.375161 0.70
224.434165 0.70
224.493163 0.70
224.552295 0.70
224.611305 0.70
224.675647 0.70
224.734647 0.70
224.798522 0.70
224.857416 0.70
224.916052 0.70
224.976526 0.70
225.030055 0.70
225.090525 0.70
225.149418 0.70
225.208166 0.70
225.267657 0.70
225.342779 0.70
225.412294 0.70
225.471912 0.70
225.531664 0.70
225.596537 0.70
225.666542 0.70
225.731540 0.70
225.801676 0.70
225.866543 0.70
225.931537 0.70
225.996665 0.70
226.056307 0.70
226.110420 0.70
226.171793 0.70
226.241427 0.69
226.291791 0.70
226.349309 0.70
226.403670 0.70
226.468435 0.70
226.529304 0.70
226.589927 0.70
226.649163 0.70
226.708670 0.70
226.769419 0.70
226.834098 0.70
226.889676 0.70
226.954435 0.69
227.008073 0.70
227.063671 0.69
227.113418 0.69
227.167216 0.70
227.226415 0.70
227.285044 0.69
227.349183 0.70
227.413042 0.70
227.474922 0.70
227.540919 0.69
227.610314 0.69
227.674044 0.70
227.734419 0.69
227.787920 0.70
227.857044 0.70
227.926170 0.70
227.990047 0.70
228.059440 0.70
228.117928 0.70
228.182048 0.70
228.259674 0.69
228.313193 0.69
228.377067 0.70
228.446076 0.70
228.510067 0.70
228.574685 0.70
228.633446 0.70
228.692439 0.70
228.757434 0.70
228.816555 0.70
228.881335 0.70
228.943941 0.70
229.013445 0.70
229.083449 0.71
229.147564 0.70
229.207333 0.70
229.268467 0.70
229.335213 0.70
229.385563 0.70
229.444450 0.69
229.505332 0.70
229.566343 0.70
229.631339 0.70
229.692332 0.70
229.757343 0.70
229.816577 0.70
229.870563 0.70
229.935207 0.70
229.989222 0.70
230.054342 0.70
230.119210 0.70
230.183953 0.70
230.243569 0.69
230.304347 0.70
230.369341 0.70
230.434344 0.70
230.504699 0.70
230.574458 0.70
230.638442 0.70
230.702566 0.70
230.756209 0.70
230.815085 0.69
230.878944 0.70
230.943084 0.70
231.006946 0.70
231.070946 0.70
231.134946 0.70
231.198948 0.70
231.262946 0.70
231.327091 0.70
231.385948 0.70
231.449948 0.70
231.513952 0.70
231.572951 0.70
231.636951 0.70
231.700950 0.70
231.765116 0.70
231.823951 0.70
231.883459 0.70
231.938959 0.70
231.998231 0.70
232.063232 0.70
232.128225 0.70
232.189465 0.70
232.249081 0.70
232.307830 0.70
232.366955 0.70
232.430957 0.70
232.490118 0.69
232.548830 0.70
232.617836 0.70
232.681705 0.70
232.746465 0.70
232.800460 0.70
232.869982 0.70
232.924465 0.70
232.984122 0.70
233.049151 0.71
233.114105 0.70
233.167835 0.70
233.228476 0.70
233.297230 0.70
233.350965 0.70
233.409837 0.70
233.473971 0.70
233.532837 0.70
233.596839 0.70
233.660967 0.69
233.720255 0.70
233.785242 0.70
233.855237 0.70
233.909159 0.70
233.978993 0.70
234.033475 0.70
234.093242 0.70
234.158160 0.70
234.219476 0.70
234.284598 0.70
234.340277 0.70
234.405113 0.70
234.459365 0.70
234.523846 0.70
234.587848 0.70
234.647367 0.70
234.716359 0.70
234.785847 0.70
234.839848 0.70
234.903849 0.70
234.958100 0.70
235.014612 0.70
235.074358 0.70
235.134144 0.70
235.200113 0.70
235.261376 0.70
235.321113 0.70
235.386152 0.70
235.442648 0.70
235.512479 0.70
235.566248 0.70
235.631157 0.70
235.696149 0.70
235.760880 0.70
235.815379 0.70
235.874376 0.70
235.938741 0.70
236.002729 0.70
236.072735 0.70
236.136857 0.70
236.195732 0.70
236.259733 0.70
236.323868 0.70
236.379159 0.70
236.443249 0.70
236.518739 0.70
236.584614 0.70
236.649260 0.70
236.719257 0.70
236.789528 0.70
236.855873 0.70
236.920383 0.70
236.992738 0.70
237.056737 0.70
237.129267 0.69
237.188141 0.70
237.251872 0.69
237.319382 0.70
237.391869 0.69
237.459381 0.70
237.523869 0.70
237.582746 0.70
237.642034 0.70
237.707744 0.70
237.767396 0.70
237.828749 0.70
237.884066 0.70
237.949065 0.69
238.014166 0.70
238.084265 0.70
238.144057 0.70
238.218775 0.70
238.272389 0.69
238.337057 0.70
238.408545 0.70
238.460070 0.70
238.525066 0.70
238.590044 0.70
238.654758 0.70
238.709278 0.70
238.768896 0.70
238.843568 0.70
238.899276 0.70
238.969423 0.70
239.032046 0.70
239.102048 0.70
239.167050 0.70
239.237073 0.70
239.303888 0.70
239.349886 0.69
239.404280 0.69
239.464049 0.70
239.522885 0.70
239.587150 0.70
239.661887 0.70
239.720935 0.70
239.786758 0.70
239.850633 0.70
239.919760 0.69
239.989277 0.70
240.062278 0.70
240.121174 0.69
240.174763 0.70
240.233762 0.70
240.292888 0.70
240.353763 0.70
240.412892 0.70
240.473766 0.70
240.532763 0.70
240.596890 0.70
240.657641 0.70
240.721765 0.70
240.780768 0.70
240.839765 0.69
240.898767 0.70
240.957892 0.70
241.027643 0.70
241.092052 0.70
241.156046 0.70
241.215166 0.70
241.275400 0.70
241.330402 0.69
241.389774 0.70
241.439772 0.70
241.489907 0.70
241.550654 0.69
241.600774 0.70
241.651154 0.70
241.711778 0.69
241.762162 0.70
241.822928 0.70
241.883654 0.70
241.943086 0.70
242.008071 0.70
242.072539 0.70
242.131782 0.70
242.177907 0.70
242.247422 0.70
242.317062 0.70
242.381418 0.70
242.455904 0.70
242.525532 0.70
242.589657 0.70
242.662060 0.70
242.721788 0.70
242.788074 0.70
242.852541 0.70
242.907086 0.70
242.966661 0.70
243.021083 0.70
243.080664 0.70
243.134662 0.70
243.189102 0.70
243.248787 0.70
243.310094 0.70
243.369790 0.70
243.431108 0.70
243.490674 0.70
243.545082 0.70
243.609796 0.70
243.674794 0.70
243.744788 0.70
243.799796 0.69
243.874664 0.70
243.925088 0.69
243.994792 0.70
244.044801 0.70
244.109798 0.70
244.174669 0.70
244.229791 0.70
244.288667 0.69
244.352919 0.70
244.418436 0.70
244.492921 0.70
244.558544 0.70
244.613795 0.70
244.663795 0.69
244.722923 0.70
244.797796 0.70
244.863799 0.70
244.922672 0.70
244.977798 0.70
245.032799 0.70
245.091806 0.70
245.158428 0.70
245.227675 0.70
245.288939 0.70
245.348681 0.70
245.415435 0.70
245.469937 0.70
245.534807 0.70
245.599941 0.70
245.659684 0.70
245.720806 0.70
245.782113 0.70
245.841691 0.70
245.903252 0.70
245.963104 0.70
246.024559 0.70
246.089328 0.70
246.163684 0.69
246.222808 0.70
246.283431 0.69
246.343111 0.70
246.403809 0.70
246.467810 0.70
246.533437 0.70
246.591809 0.70
246.667445 0.70
246.727102 0.70
246.782444 0.70
246.836943 0.70
246.890814 0.70
246.962260 0.70
247.017944 0.70
247.078694 0.70
247.139444 0.70
247.189691 0.70
247.245697 0.70
247.310567 0.70
247.365208 0.70
247.434690 0.70
247.498816 0.70
247.563698 0.70
247.633195 0.70
247.698567 0.70
247.752820 0.70
247.827697 0.71
247.881700 0.70
247.945461 0.70
248.009213 0.70
248.073822 0.70
248.143579 0.70
248.204953 0.70
248.269580 0.70
248.328833 0.70
248.404096 0.70
248.470836 0.70
248.530579 0.70
248.589708 0.70
248.656458 0.70
248.710829 0.70
248.770582 0.70
248.840977 0.70
248.899706 0.69
248.960466 0.70
249.024343 0.70
249.088456 0.70
249.148578 0.70
249.202837 0.70
249.262583 0.70
249.316350 0.70
249.370836 0.70
249.430586 0.70
249.500474 0.70
249.564974 0.70
249.625595 0.70
249.690593 0.70
249.755354 0.70
249.825360 0.70
249.879840 0.70
249.933712 0.70
249.992848 0.70
250.052357 0.70
250.107590 0.70
250.177715 0.70
250.236839 0.70
250.297368 0.69
250.356352 0.70
250.426366 0.70
250.476591 0.70
250.526589 0.69
250.580355 0.70
250.644716 0.70
250.714367 0.70
250.768721 0.70
250.837968 0.69
250.896845 0.70
250.955715 0.70
251.024970 0.70
251.078719 0.69
251.142721 0.70
251.206721 0.70
251.270719 0.70
251.345367 0.70
251.409345 0.70
251.468728 0.70
251.528475 0.70
251.583609 0.70
251.640610 0.70
251.703099 0.70
251.769165 0.70
251.823728 0.70
251.884100 0.70
251.939730 0.70
251.999375 0.70
252.053142 0.70
252.108736 0.70
252.168480 0.70
252.229735 0.70
252.289483 0.70
252.344855 0.70
252.400184 0.70
252.475498 0.69
252.529730 0.70
252.590013 0.70
252.650603 0.70
252.719603 0.70
252.788478 0.70
252.847121 0.70
252.907479 0.70
252.966135 0.70
253.035135 0.70
253.099134 0.70
253.168869 0.70
253.224377 0.70
253.283376 0.71
253.347869 0.70
253.404738 0.70
253.464168 0.70
253.534379 0.70
253.593748 0.70
253.658254 0.70
253.717613 0.69
253.782151 0.70
253.846498 0.70
253.911495 0.70
253.976491 0.70
254.041502 0.70
254.108262 0.70
254.164058 0.70
254.225047 0.70
254.284619 0.70
254.343616 0.70
254.412869 0.69
254.475142 0.70
254.539383 0.69
254.598389 0.70
254.659621 0.70
254.718619 0.70
254.779408 0.70
254.840393 0.70
254.905285 0.70
254.955509 0.70
255.017875 0.70
255.077629 0.70
255.138379 0.70
255.208511 0.70
255.270888 0.70
255.330628 0.70
255.390280 0.70
255.455382 0.70
255.516137 0.70
255.581052 0.70
255.636631 0.70
255.701509 0.70
255.771633 0.70
255.831138 0.69
255.896063 0.70
255.960632 0.70
256.025641 0.70
256.090403 0.70
256.140641 0.70
256.210889 0.70
256.280898 0.70
256.351059 0.70
256.421154 0.70
256.486077 0.70
256.561512 0.69
256.620635 0.70
256.690402 0.70
256.744294 0.70
256.809282 0.70
256.874045 0.70
256.938037 0.70
256.999027 0.70
257.058031 0.70
257.117141 0.70
257.172389 0.70
257.233645 0.70
257.293286 0.70
257.354152 0.70
257.408521 0.70
257.468289 0.70
257.529299 0.71
257.590646 0.70
257.650144 0.70
257.709160 0.70
257.763520 0.70
257.817668 0.70
257.877299 0.70
257.942290 0.70
258.003037 0.70
258.053284 0.70
258.112412 0.70
258.178294 0.69
258.239293 0.70
258.309029 0.69
258.373295 0.70
258.426899 0.70
258.490899 0.70
258.546165 0.70
258.604905 0.70
258.664155 0.70
258.717902 0.70
258.776921 0.70
258.841528 0.70
258.900404 0.70
258.974908 0.70
259.033902 0.70
259.103417 0.70
259.177905 0.70
259.241904 0.70
259.306404 0.70
259.370529 0.69
259.429533 0.70
259.493405 0.69
259.567911 0.70
259.626909 0.70
259.690908 0.70
259.760784 0.70
259.830187 0.70
259.892790 0.69
259.948161 0.70
260.008792 0.70
260.064540 0.70
260.124037 0.70
260.178436 0.69
260.234312 0.70
260.296928 0.70
260.351317 0.70
260.417918 0.70
260.472195 0.70
260.538544 0.70
260.595668 0.70
260.650664 0.70
260.716416 0.70
260.767667 0.70
260.828959 0.70
260.888416 0.70
260.961442 0.70
261.021064 0.70
261.076553 0.70
261.146797 0.70
261.202422 0.70
261.267318 0.70
261.342797 0.69
261.402199 0.70
261.472553 0.70
261.542933 0.69
261.602805 0.70
261.673192 0.70
261.738198 0.70
261.813801 0.70
261.878806 0.70
261.943803 0.70
262.003322 0.70
262.073341 0.70
262.148553 0.70
262.208199 0.70
262.273198 0.70
262.337937 0.70
262.397811 0.70
262.467804 0.70
262.534440 0.70
262.594203 0.70
262.653333 0.70
262.718332 0.70
262.777807 0.70
262.832331 0.70
262.889983 0.70
262.949816 0.70
263.004465 0.70
263.065810 0.71
263.125440 0.70
263.186826 0.70
263.245971 0.70
263.296333 0.70
263.350209 0.70
263.409204 0.70
263.468332 0.70
263.528106 0.70
263.589214 0.70
263.655816 0.71
263.710321 0.70
263.770115 0.70
263.835108 0.70
263.904821 0.70
263.959341 0.70
264.018947 0.70
264.080115 0.70
264.145107 0.70
264.215344 0.70
264.271124 0.70
264.336106 0.70
264.401138 0.70
264.471336 0.70
264.530825 0.70
264.585344 0.70
264.645105 0.70
264.710138 0.70
264.780341 0.70
264.845453 0.71
264.905219 0.70
264.975113 0.70
265.044952 0.70
265.099342 0.70
265.164128 0.70
265.229222 0.69
265.304705 0.70
265.369704 0.70
265.429342 0.70
265.490836 0.70
265.545347 0.70
265.606709 0.70
265.661242 0.70
265.720974 0.70
265.782354 0.70
265.843977 0.70
265.899966 0.70
265.961233 0.71
266.020978 0.70
266.081964 0.70
266.146962 0.70
266.208100 0.70
266.279468 0.69
266.338832 0.71
266.397579 0.70
266.462099 0.69
266.526099 0.69
266.595831 0.70
266.649097 0.70
266.703958 0.70
266.769460 0.70
266.824461 0.69
266.879462 0.70
266.932959 0.70
266.997100 0.70
267.061100 0.70
267.126464 0.70
267.177465 0.70
267.228466 0.70
267.282101 0.70
267.345964 0.70
267.409963 0.70
267.468712 0.69
267.527839 0.70
267.596471 0.70
267.670473 0.70
267.726484 0.70
267.795716 0.70
267.845843 0.70
267.910239 0.70
267.969600 0.70
268.034002 0.69
268.103843 0.70
268.170113 0.70
268.240145 0.70
268.305141 0.70
268.359238 0.70
268.418608 0.70
268.473154 0.70
268.532731 0.70
268.587246 0.70
268.651848 0.70
268.705847 0.70
268.759847 0.71
268.818847 0.70
268.877597 0.70
268.941722 0.70
269.005723 0.70
269.069975 0.70
269.139489 0.70
269.199879 0.70
269.258850 0.70
269.319365 0.70
269.378603 0.69
269.447988 0.70
269.518252 0.70
269.588267 0.70
269.654894 0.70
269.719875 0.70
269.783606 0.69
269.847983 0.70
269.898731 0.70
269.949159 0.70
270.018405 0.69
270.082892 0.70
270.147618 0.71
270.201872 0.70
270.266879 0.70
270.331739 0.70
270.377872 0.70
270.438617 0.70
270.498260 0.70
270.564876 0.70
270.629740 0.70
270.704622 0.70
270.769500 0.70
270.829161 0.70
270.893877 0.70
270.960620 0.70
271.020125 0.69
271.081626 0.70
271.146744 0.70
271.221747 0.70
271.283036 0.70
271.347751 0.70
271.412752 0.70
271.487746 0.70
271.554131 0.70
271.613753 0.70
271.674883 0.70
271.737501 0.70
271.791876 0.70
271.858509 0.70
271.912883 0.69
271.979507 0.70
272.034064 0.70
272.100293 0.70
272.159750 0.70
272.213882 0.70
272.283502 0.70
272.347760 0.70
272.408390 0.70
272.487393 0.70
272.547625 0.70
272.602512 0.70
272.656876 0.70
272.717394 0.70
272.791883 0.70
272.857755 0.70
272.912762 0.70
272.984259 0.70
273.048883 0.70
273.114763 0.70
273.179761 0.70
273.249907 0.70
273.318078 0.70
273.377636 0.70
273.437139 0.70
273.503763 0.70
273.564512 0.70
273.628646 0.70
273.683098 0.70
273.742769 0.70
273.809517 0.70
273.868890 0.70
273.929635 0.70
273.988762 0.70
274.054648 0.70
274.124764 0.70
274.190404 0.70
274.250065 0.70
274.315061 0.70
274.376401 0.70
274.432176 0.70
274.491896 0.70
274.551644 0.70
274.606048 0.70
274.670409 0.70
274.725900 0.70
274.785648 0.70
274.849906 0.70
274.909655 0.70
274.970772 0.70
275.040653 0.70
275.106651 0.69
275.163659 0.70
275.229658 0.70
275.295651 0.70
275.361163 0.70
275.436272 0.69
275.502292 0.70
275.566652 0.70
275.620399 0.70
275.684920 0.70
275.744655 0.70
275.819659 0.70
275.895057 0.70
275.961529 0.70
276.028071 0.70
276.098778 0.70
276.164172 0.70
276.233653 0.70
276.292655 0.70
276.351963 0.70
276.422157 0.70
276.486421 0.70
276.545788 0.70
276.615985 0.70
276.686418 0.70
276.740914 0.70
276.800037 0.70
276.866536 0.70
276.925207 0.70
276.988658 0.70
277.052178 0.70
277.117039 0.70
277.187790 0.70
277.257416 0.70
277.313039 0.70
277.377791 0.70
277.433317 0.70
277.487797 0.70
277.551665 0.70
277.621793 0.70
277.686542 0.70
277.747307 0.70
277.807548 0.70
277.871665 0.70
277.937307 0.70
277.996668 0.70
278.062081 0.70
278.121800 0.70
278.181545 0.70
278.240802 0.70
278.305927 0.70
278.367192 0.70
278.431169 0.70
278.497047 0.70
278.566929 0.70
278.637196 0.70
278.692549 0.70
278.757552 0.70
278.822551 0.70
278.881319 0.70
278.950927 0.70
279.009674 0.70
279.079065 0.70
279.138315 0.70
279.197556 0.70
279.262553 0.71
279.327426 0.70
279.381806 0.70
279.437557 0.70
279.507687 0.70
279.583202 0.70
279.649680 0.70
279.716335 0.70
279.766809 0.70
279.831441 0.70
279.896441 0.70
279.959059 0.70
280.014814 0.70
280.076190 0.70
280.130561 0.69
280.197100 0.70
280.253988 0.70
280.318081 0.70
280.376567 0.70
280.437189 0.70
280.501453 0.70
280.551444 0.70
280.616334 0.70
280.666693 0.70
280.726445 0.70
280.791215 0.70
280.845693 0.70
280.905444 0.70
280.966344 0.70
281.016576 0.70
281.077444 0.70
281.142124 0.70
281.212197 0.70
281.272106 0.70
281.342478 0.70
281.413947 0.69
281.473086 0.70
281.532700 0.70
281.586569 0.70
281.655447 0.70
281.714572 0.70
281.772956 0.70
281.836451 0.70
281.899948 0.70
281.963450 0.70
282.026952 0.70
282.090579 0.70
282.148957 0.69
282.212450 0.70
282.275946 0.70
282.339448 0.70
282.403076 0.70
282.461447 0.70
282.516448 0.71
282.571451 0.70
282.626454 0.70
282.686575 0.70
282.751827 0.70
282.811956 0.70
282.875452 0.70
282.942150 0.70
283.000959 0.70
283.059453 0.70
283.119462 0.70
283.180584 0.70
283.240355 0.70
283.301589 0.70
283.361350 0.70
283.426356 0.69
283.491229 0.70
283.551843 0.70
283.616972 0.70
283.687237 0.70
283.733354 0.70
283.798341 0.70
283.857463 0.70
283.915844 0.70
283.985588 0.70
284.050362 0.70
284.115238 0.70
284.161359 0.70
284.225588 0.69
284.290344 0.70
284.359340 0.70
284.422839 0.70
284.491966 0.70
284.562259 0.70
284.632093 0.69
284.696841 0.70
284.760723 0.70
284.827477 0.70
284.902973 0.70
284.972972 0.70
285.039598 0.69
285.101138 0.70
285.160477 0.70
285.230598 0.70
285.289359 0.70
285.342971 0.70
285.406970 0.70
285.470970 0.70
285.534971 0.70
285.598972 0.70
285.663111 0.70
285.726976 0.70
285.785973 0.70
285.849973 0.70
285.909494 0.70
285.959474 0.69
286.012975 0.70
286.077371 0.70
286.133728 0.70
286.187241 0.70
286.244244 0.70
286.303001 0.70
286.357483 0.70
286.417149 0.70
286.471377 0.70
286.532616 0.70
286.597481 0.70
286.662255 0.70
286.727255 0.70
286.786494 0.70
286.842254 0.70
286.907153 0.70
286.966250 0.70
287.036374 0.70
287.102248 0.70
287.167732 0.70
287.241857 0.70
287.305868 0.70
287.378251 0.70
287.442489 0.70
287.507161 0.70
287.566360 0.69
287.627266 0.70
287.692135 0.70
287.755736 0.70
287.829874 0.70
287.894018 0.70
287.952874 0.70
288.013263 0.70
288.077365 0.69
288.137163 0.70
288.189267 0.70
288.248379 0.70
288.308164 0.70
288.370747 0.70
288.430397 0.70
288.489276 0.70
288.553385 0.70
288.617386 0.70
288.681873 0.70
288.740878 0.70
288.795147 0.70
288.855881 0.70
288.920398 0.70
288.980059 0.70
289.045748 0.70
289.100752 0.70
289.148147 0.70
289.214160 0.70
289.279174 0.70
289.345754 0.70
289.418758 0.70
289.484631 0.70
289.543252 0.70
289.612892 0.70
289.695141 0.70
289.770400 0.70
289.834127 0.70
289.892878 0.70
289.957394 0.70
290.010754 0.70
290.080045 0.69
290.133905 0.70
290.192754 0.69
290.256886 0.70
290.320630 0.70
290.384403 0.70
290.448131 0.70
290.506760 0.70
290.570886 0.70
290.629893 0.70
290.683760 0.70
290.743388 0.70
290.812133 0.70
290.875633 0.70
290.939133 0.70
291.002634 0.70
291.066135 0.70
291.121151 0.70
291.181896 0.70
291.240636 0.69
291.304138 0.70
291.364138 0.70
291.427764 0.70
291.486139 0.70
291.546140 0.70
291.601416 0.70
291.665770 0.70
291.724266 0.70
291.790072 0.70
291.850773 0.70
291.919643 0.70
291.984083 0.70
292.044563 0.69
292.105772 0.69
292.160296 0.70
292.213771 0.70
292.268187 0.70
292.338402 0.70
292.390070 0.70
292.455098 0.70
292.524651 0.70
292.581030 0.70
292.644658 0.70
292.709153 0.70
292.779322 0.70
292.843651 0.70
292.908086 0.70
292.972961 0.70
293.026951 0.70
293.086658 0.70
293.152532 0.70
293.221531 0.70
293.285027 0.70
293.348528 0.70
293.422411 0.70
293.482914 0.70
293.552659 0.70
293.617033 0.70
293.680666 0.70
293.749417 0.70
293.810034 0.70
293.873533 0.70
293.937040 0.70
294.002409 0.70
294.062543 0.70
294.136535 0.70
294.200035 0.69
294.255043 0.70
294.310035 0.70
294.370036 0.70
294.430037 0.70
294.490042 0.70
294.550042 0.70
294.608413 0.70
294.668670 0.69
294.718175 0.70
294.771666 0.70
294.840415 0.69
294.900665 0.70
294.956415 0.70
295.019923 0.70
295.078417 0.71
295.130792 0.70
295.181425 0.70
295.244924 0.70
295.308802 0.70
295.359173 0.70
295.415422 0.70
295.468921 0.70
295.532427 0.70
295.595921 0.70
295.659669 0.70
295.719798 0.70
295.774295 0.70
295.842922 0.70
295.906674 0.70
295.971422 0.70
296.034928 0.70
296.098560 0.70
296.165213 0.70
296.224074 0.70
296.282425 0.70
296.345928 0.70
296.400928 0.70
296.456934 0.71
296.534931 0.70
296.595811 0.69
296.657059 0.70
296.720931 0.69
296.782206 0.70
296.842081 0.70
296.901684 0.70
296.955693 0.70
297.014935 0.69
297.083935 0.70
297.138815 0.70
297.197685 0.70
297.252125 0.70
297.311814 0.70
297.370685 0.70
297.425111 0.70
297.484438 0.70
297.549082 0.70
297.618949 0.70
297.683816 0.70
297.758687 0.70
297.817942 0.70
297.883574 0.70
297.934076 0.70
297.993818 0.70
298.059572 0.69
298.114130 0.70
298.173694 0.70
298.228125 0.70
298.287825 0.70
298.352694 0.70
298.416945 0.69
298.481209 0.70
298.544815 0.69
298.599691 0.70
298.654818 0.70
298.705692 0.70
298.760817 0.70
298.819819 0.70
298.878460 0.70
298.947950 0.70
299.006820 0.70
299.071827 0.70
299.138344 0.70
299.197706 0.70
299.259136 0.70
299.319115 0.70
299.383700 0.69
299.443115 0.70
299.496825 0.70
299.562468 0.70
299.616702 0.69
299.670454 0.70
299.734714 0.70
299.800827 0.70
299.861961 0.70
299.921706 0.70
299.982466 0.70
300.036978 0.70
300.096708 0.70
300.162714 0.70
300.227714 0.70
300.292584 0.70
300.346985 0.70
300.406713 0.70
300.471468 0.70
300.525964 0.69
300.585712 0.70
300.646468 0.70
300.700971 0.70
300.760587 0.70
300.821228 0.70
300.880967 0.70
300.945712 0.70
301.010716 0.70
301.082224 0.70
301.142713 0.70
301.192723 0.70
301.242714 0.70
301.292714 0.70
301.346724 0.70
301.410839 0.70
301.486141 0.70
301.545844 0.70
301.620968 0.70
301.690843 0.70
301.754843 0.70
301.824849 0.70
301.899842 0.70
301.964722 0.70
302.030844 0.70
302.094843 0.70
302.158842 0.70
302.224483 0.70
302.288486 0.70
302.352487 0.70
302.416484 0.70
302.480485 0.70
302.544360 0.70
302.608114 0.70
302.677857 0.70
302.738363 0.70
302.807849 0.70
302.872476 0.70
302.931611 0.70
302.996613 0.70
303.061603 0.70
303.122378 0.70
303.176885 0.70
303.236480 0.70
303.290887 0.70
303.350612 0.69
303.411107 0.70
303.470871 0.70
303.526610 0.70
303.599482 0.70
303.658389 0.70
303.712732 0.70
303.781857 0.70
303.842262 0.70
303.906374 0.70
303.970867 0.69
304.035486 0.70
304.099514 0.70
304.166055 0.70
304.230869 0.70
304.291616 0.69
304.356615 0.71
304.426498 0.70
304.487879 0.70
304.547491 0.70
304.606746 0.70
304.671748 0.70
304.741888 0.70
304.810872 0.69
304.881035 0.70
304.956157 0.70
305.039743 0.69
305.104393 0.70
305.158884 0.70
305.218620 0.70
305.283624 0.69
305.344624 0.70
305.411130 0.70
305.489754 0.69
305.549497 0.70
305.603504 0.70
305.668506 0.70
305.733140 0.70
305.788752 0.70
305.848503 0.70
305.918634 0.70
305.983510 0.70
306.048510 0.70
306.102757 0.70
306.162510 0.70
306.216125 0.70
306.267500 0.69
306.321411 0.70
306.385498 0.70
306.439274 0.70
306.493504 0.70
306.547127 0.70
306.607628 0.70
306.668274 0.70
306.732631 0.70
306.791629 0.70
306.861630 0.70
306.926283 0.70
306.986141 0.70
307.056278 0.70
307.110762 0.70
307.170512 0.70
307.231172 0.70
307.303145 0.70
307.362761 0.70
307.422285 0.70
307.478036 0.70
307.542635 0.70
307.601642 0.71
307.666517 0.69
307.725520 0.70
307.789015 0.70
307.852511 0.70
307.913516 0.71
307.967422 0.69
308.026012 0.70
308.090521 0.70
308.155518 0.70
308.214515 0.70
308.275771 0.70
308.340519 0.70
308.405150 0.70
308.465896 0.69
308.521395 0.69
308.580030 0.70
308.644043 0.70
308.703035 0.70
308.767288 0.70
308.826292 0.70
308.880038 0.70
308.944653 0.70
309.005425 0.70
309.066063 0.70
309.130779 0.70
309.187921 0.70
309.247281 0.70
309.306654 0.70
309.367408 0.70
309.426411 0.70
309.485050 0.70
309.549164 0.70
309.612899 0.70
309.677162 0.70
309.741165 0.70
309.805042 0.71
309.869165 0.70
309.933294 0.70
309.992027 0.70
310.061302 0.71
310.125904 0.70
310.190661 0.69
310.255179 0.70
310.314406 0.69
310.373781 0.70
310.429541 0.70
310.504178 0.70
310.562905 0.70
310.632421 0.70
310.698430 0.70
310.759032 0.70
310.818157 0.70
310.877319 0.70
310.932913 0.70
310.997534 0.70
311.061408 0.70
311.120176 0.70
311.184158 0.70
311.248175 0.70
311.307077 0.70
311.361786 0.71
311.430912 0.69
311.494914 0.70
311.558912 0.70
311.622913 0.70
311.686914 0.70
311.743413 0.70
311.807428 0.70
311.876950 0.70
311.949416 0.70
312.018790 0.70
312.082917 0.70
312.138547 0.69
312.203182 0.70
312.261949 0.70
312.312551 0.70
312.372171 0.70
312.431170 0.70
312.495928 0.70
312.551553 0.70
312.615925 0.70
312.685925 0.70
312.745320 0.70
312.798922 0.70
312.857422 0.70
312.927046 0.70
312.991207 0.70
313.052555 0.71
313.112070 0.70
313.171436 0.69
313.246939 0.70
313.305959 0.70
313.369928 0.70
313.434442 0.70
313.509113 0.70
313.561198 0.70
313.620432 0.70
313.684442 0.70
313.744203 0.70
313.806830 0.70
313.871569 0.70
313.927330 0.70
313.993968 0.69
314.053226 0.70
314.118204 0.70
314.184205 0.70
314.243454 0.70
314.294685 0.69
314.350454 0.70
314.419818 0.70
314.479447 0.70
314.539207 0.70
314.591688 0.70
314.639079 0.69
314.693439 0.70
314.757342 0.69
314.819943 0.70
314.874442 0.70
314.944221 0.70
315.014577 0.70
315.086102 0.70
315.144815 0.70
315.209226 0.70
315.268207 0.70
315.343570 0.70
315.413820 0.70
315.478136 0.70
315.543112 0.70
315.607953 0.70
315.666947 0.70
315.725958 0.70
315.779946 0.70
315.844351 0.70
315.919830 0.70
315.978823 0.70
316.048827 0.70
316.113828 0.70
316.173111 0.70
316.232829 0.70
316.294224 0.70
316.358836 0.70
316.413349 0.70
316.468958 0.70
316.523117 0.70
316.583827 0.70
316.648349 0.70
316.712362 0.70
316.772123 0.71
316.833353 0.70
316.894358 0.70
316.954127 0.70
317.020833 0.70
317.071149 0.70
317.137834 0.70
317.198589 0.70
317.258357 0.70
317.318127 0.70
317.379352 0.70
317.434843 0.70
317.499963 0.70
317.550358 0.70
317.615094 0.70
317.680128 0.70
317.745126 0.70
317.815138 0.70
317.881977 0.70
317.951987 0.70
318.017132 0.70
318.082135 0.70
318.141360 0.70
318.192591 0.70
318.253145 0.70
318.317089 0.70
318.375713 0.69
318.445838 0.70
318.509966 0.70
318.573839 0.70
318.634843 0.70
318.693842 0.70
318.752841 0.69
318.807233 0.70
318.871109 0.70
318.935243 0.70
319.009592 0.70
319.079242 0.70
319.143973 0.70
319.198130 0.70
319.264850 0.70
319.319244 0.70
319.383598 0.70
319.452846 0.70
319.502975 0.70
319.558238 0.69
319.623144 0.70
319.684117 0.70
319.748242 0.69
319.807115 0.70
319.871725 0.70
319.940724 0.70
320.004598 0.70
320.068599 0.70
320.132849 0.70
320.191850 0.70
320.245118 0.70
320.314116 0.70
320.372726 0.70
320.431117 0.70
320.500120 0.70
320.564120 0.70
320.615244 0.70
320.679121 0.70
320.743119 0.70
320.802272 0.70
320.866160 0.70
320.940606 0.70
321.000142 0.70
321.064613 0.70
321.120039 0.70
321.189735 0.70
321.244270 0.70
321.314616 0.70
321.376055 0.70
321.435881 0.70
321.492031 0.70
321.567121 0.70
321.632139 0.70
321.696878 0.70
321.758265 0.70
321.819747 0.70
321.879260 0.70
321.939041 0.70
322.001878 0.70
322.063128 0.70
322.122875 0.70
322.179035 0.70
322.243752 0.70
322.308883 0.70
322.382266 0.70
322.443626 0.71
322.498151 0.70
322.557877 0.70
322.622748 0.70
322.681745 0.70
322.749132 0.69
322.814047 0.70
322.883391 0.70
322.938631 0.70
322.993281 0.70
323.054626 0.70
323.113879 0.70
323.179414 0.70
323.238751 0.70
323.297878 0.70
323.361877 0.70
323.426034 0.70
323.491625 0.70
323.546750 0.70
323.605756 0.70
323.655754 0.70
323.714755 0.70
323.779284 0.70
323.839176 0.70
323.899758 0.70
323.959041 0.70
324.033900 0.70
324.103757 0.70
324.158056 0.70
324.228139 0.70
324.293047 0.70
324.352764 0.70
324.414138 0.70
324.472905 0.70
324.538263 0.69
324.598892 0.70
324.663763 0.70
324.724761 0.69
324.794637 0.69
324.853762 0.70
324.907774 0.70
324.972403 0.70
325.032080 0.70
325.091641 0.70
325.150763 0.70
325.205068 0.69
325.264769 0.70
325.334767 0.70
325.395765 0.69
325.454891 0.70
325.513777 0.70
325.578769 0.70
325.637895 0.70
325.702519 0.70
325.762777 0.70
325.832520 0.70
325.888074 0.69
325.947778 0.69
326.012397 0.69
326.067396 0.70
326.114653 0.70
326.168396 0.70
326.220090 0.70
326.279783 0.69
326.344649 0.70
326.405281 0.70
326.465083 0.70
326.524651 0.70
326.588522 0.70
326.649650 0.70
326.704651 0.70
326.763416 0.70
326.837901 0.70
326.903417 0.70
326.977779 0.69
327.037913 0.70
327.112416 0.70
327.186778 0.70
327.252652 0.70
327.317083 0.71
327.386407 0.70
327.474660 0.70
327.538424 0.70
327.602422 0.70
327.666423 0.70
327.735660 0.69
327.796660 0.70
327.862175 0.70
327.936429 0.70
328.005426 0.70
328.069425 0.70
328.133791 0.70
328.199410 0.70
328.268166 0.70
328.328289 0.69
328.393671 0.70
328.458675 0.69
328.523667 0.70
328.589669 0.70
328.655545 0.70
328.714667 0.69
328.779670 0.70
328.843792 0.70
328.907791 0.70
328.966552 0.69
329.020182 0.70
329.081540 0.70
329.140432 0.70
329.204184 0.70
329.274667 0.70
329.333668 0.70
329.397184 0.70
329.449543 0.70
329.513669 0.70
329.577187 0.70
329.651448 0.70
329.711545 0.70
329.775185 0.70
329.850098 0.70
329.924190 0.70
329.998553 0.70
330.057424 0.70
330.126441 0.70
330.204192 0.70
330.273317 0.70
330.332554 0.70
330.391425 0.70
330.455804 0.70
330.525553 0.70
330.584804 0.70
330.648929 0.70
330.708446 0.70
330.767449 0.70
330.831563 0.70
330.901070 0.70
330.970448 0.70
331.029683 0.70
331.095566 0.70
331.160567 0.70
331.230450 0.70
331.294322 0.70
331.358324 0.70
331.422327 0.70
331.486201 0.69
331.548060 0.70
331.614095 0.70
331.674565 0.70
331.733329 0.69
331.797563 0.70
331.851463 0.70
331.912331 0.70
331.971820 0.70
332.036693 0.70
332.102102 0.70
332.161821 0.70
332.221570 0.70
332.280693 0.70
332.340816 0.70
332.410818 0.70
332.471087 0.70
332.540818 0.70
332.594693 0.70
332.663945 0.70
332.728572 0.70
332.782089 0.70
332.841825 0.70
332.901575 0.70
332.955339 0.70
333.019087 0.70
333.083337 0.70
333.152697 0.69
333.211826 0.70
333.281336 0.70
333.345338 0.70
333.409700 0.69
333.479109 0.70
333.548831 0.70
333.610700 0.70
333.671582 0.70
333.734121 0.70
333.789468 0.70
333.839709 0.70
333.899353 0.70
333.953706 0.70
334.018710 0.70
334.074478 0.70
334.124457 0.70
334.189462 0.70
334.250231 0.70
334.300460 0.70
334.354119 0.70
334.413713 0.70
334.469119 0.70
334.524589 0.70
334.596059 0.70
334.655099 0.70
334.719468 0.70
334.778712 0.70
334.833586 0.70
334.894030 0.70
334.958099 0.70
335.022115 0.70
335.081231 0.70
335.150600 0.71
335.226140 0.70
335.296122 0.70
335.355721 0.70
335.420595 0.70
335.484474 0.70
335.547977 0.70
335.622719 0.69
335.687473 0.70
335.752476 0.69
335.827469 0.70
335.881109 0.69
335.945593 0.70
336.004725 0.70
336.064366 0.70
336.130490 0.70
336.184475 0.70
336.245608 0.70
336.305364 0.70
336.366605 0.70
336.426244 0.70
336.480475 0.70
336.541380 0.70
336.602602 0.70
336.662372 0.70
336.723166 0.70
336.777604 0.70
336.838477 0.70
336.895158 0.70
336.949605 0.70
337.009247 0.70
337.073384 0.70
337.138254 0.70
337.188606 0.70
337.238374 0.70
337.297604 0.70
337.352980 0.70
337.421855 0.70
337.478113 0.70
337.537856 0.70
337.606855 0.70
337.676137 0.70
337.739855 0.70
337.809985 0.70
337.878983 0.70
337.937371 0.70
337.995981 0.70
338.054373 0.70
338.112982 0.70
338.171373 0.70
338.229983 0.69
338.288375 0.70
338.346984 0.70
338.405375 0.70
338.463985 0.70
338.522377 0.70
338.585867 0.70
338.659987 0.70
338.729017 0.70
338.793014 0.70
338.857030 0.70
338.916005 0.69
338.979872 0.70
339.043364 0.70
339.106870 0.70
339.171026 0.70
339.230022 0.70
339.289026 0.70
339.358280 0.70
339.419499 0.70
339.479037 0.70
339.538132 0.70
339.593796 0.70
339.653501 0.70
339.708785 0.70
339.769808 0.70
339.825285 0.70
339.885880 0.70
339.942254 0.70
340.005756 0.70
340.066502 0.70
340.130389 0.70
340.200040 0.69
340.258877 0.70
340.323037 0.70
340.378278 0.70
340.442629 0.70
340.502277 0.70
340.567282 0.70
340.632140 0.70
340.686509 0.70
340.746281 0.70
340.811300 0.70
340.876279 0.70
340.941135 0.70
340.991819 0.70
341.051511 0.70
341.107280 0.70
341.166509 0.70
341.226280 0.70
341.291283 0.70
341.350396 0.70
341.425906 0.70
341.492027 0.70
341.552833 0.70
341.613807 0.70
341.669514 0.70
341.739395 0.70
341.799140 0.70
341.860408 0.70
341.926300 0.70
341.989107 0.70
342.050413 0.70
342.114930 0.70
342.179419 0.70
342.238390 0.70
342.297407 0.70
342.361764 0.70
342.420766 0.70
342.484944 0.70
342.549525 0.70
342.604768 0.70
342.665947 0.70
342.730527 0.70
342.778144 0.69
342.831767 0.70
342.895767 0.70
342.964768 0.70
343.033643 0.70
343.086048 0.70
343.144643 0.69
343.218770 0.70
343.288023 0.70
343.341773 0.69
343.405943 0.70
343.470291 0.70
343.540303 0.70
343.615778 0.71
343.674949 0.70
343.729428 0.70
343.785161 0.70
343.855153 0.70
343.925092 0.69
343.995156 0.70
344.060080 0.70
344.120690 0.70
344.190171 0.70
344.260096 0.70
344.325159 0.70
344.378941 0.70
344.443788 0.70
344.508940 0.70
344.562910 0.70
344.619711 0.70
344.680786 0.70
344.735305 0.69
344.796165 0.70
344.857168 0.70
344.922076 0.69
344.987309 0.70
345.047188 0.70
345.109581 0.70
345.165312 0.70
345.225088 0.70
345.291790 0.70
345.341950 0.70
345.396309 0.70
345.455329 0.70
345.515099 0.70
345.576311 0.70
345.630330 0.70
345.690104 0.70
345.760309 0.70
345.830445 0.70
345.895329 0.70
345.954954 0.70
346.009322 0.70
346.069248 0.70
346.128962 0.69
346.183112 0.70
346.253334 0.70
346.312672 0.70
346.377678 0.69
346.447989 0.70
346.512798 0.70
346.567325 0.70
346.626974 0.70
346.688317 0.70
346.748101 0.70
346.813197 0.70
346.883356 0.70
346.943101 0.70
347.009805 0.70
347.064198 0.70
347.139680 0.70
347.204679 0.70
347.264118 0.70
347.329205 0.70
347.388806 0.70
347.443125 0.70
347.502974 0.70
347.567681 0.70
347.632336 0.70
347.692099 0.69
347.758681 0.70
347.824493 0.70
347.884248 0.70
347.943809 0.69
347.993998 0.70
348.058982 0.70
348.123684 0.70
348.178996 0.70
348.244005 0.70
348.314310 0.70
348.365977 0.70
348.430355 0.70
348.486078 0.70
348.551691 0.70
348.606990 0.70
348.671081 0.70
348.740821 0.70
348.799822 0.70
348.845815 0.70
348.905219 0.70
348.960701 0.70
349.010984 0.71
349.081123 0.70
349.156696 0.70
349.210818 0.70
349.261217 0.70
349.320988 0.70
349.385695 0.70
349.440819 0.70
349.495096 0.69
349.559083 0.70
349.623825 0.70
349.684696 0.70
349.748707 0.70
349.810120 0.70
349.879823 0.70
349.934013 0.70
349.993826 0.70
350.055109 0.70
350.114102 0.70
350.173827 0.70
350.235117 0.70
350.299833 0.70
350.361229 0.70
350.422703 0.70
350.482232 0.70
350.541837 0.70
350.606829 0.70
350.661013 0.70
350.720838 0.70
350.785831 0.70
350.845108 0.70
350.909577 0.70
350.973827 0.70
351.043578 0.70
351.102830 0.70
351.156704 0.70
351.215829 0.70
351.285706 0.70
351.344707 0.70
351.403706 0.70
351.453708 0.70
351.512708 0.70
351.567707 0.69
351.622709 0.70
351.677833 0.70
351.728138 0.69
351.787840 0.70
351.852712 0.70
351.914135 0.70
351.973716 0.70
352.023712 0.70
352.078835 0.70
352.144479 0.70
352.208587 0.70
352.268712 0.70
352.332838 0.69
352.397251 0.70
352.463845 0.70
352.516717 0.70
352.575727 0.71
352.637137 0.70
352.701971 0.70
352.766602 0.70
352.826377 0.70
352.886011 0.70
352.946979 0.70
353.017174 0.70
353.076973 0.70
353.141727 0.70
353.202974 0.69
353.262364 0.70
353.331594 0.70
353.395855 0.70
353.460361 0.70
353.529723 0.70
353.583597 0.70
353.642722 0.70
353.707602 0.70
353.766852 0.70
353.830977 0.70
353.889975 0.70
353.954476 0.70
354.018368 0.70
354.087609 0.70
354.141477 0.70
354.205604 0.70
354.264493 0.70
354.319854 0.70
354.385505 0.70
354.439857 0.70
354.504483 0.70
354.568372 0.70
354.632524 0.70
354.686372 0.70
354.755736 0.70
354.825507 0.70
354.894483 0.70
354.955737 0.70
355.021737 0.69
355.085733 0.70
355.149248 0.70
355.218374 0.70
355.287250 0.70
355.361485 0.70
355.430489 0.70
355.500038 0.70
355.559612 0.70
355.624393 0.70
355.684051 0.70
355.753887 0.70
355.823888 0.70
355.883618 0.70
355.937258 0.70
356.001876 0.70
356.066873 0.70
356.126158 0.70
356.191044 0.70
356.250627 0.70
356.315496 0.70
356.379873 0.70
356.444622 0.70
356.508746 0.70
356.567744 0.70
356.626618 0.70
356.685619 0.69
356.739149 0.70
356.803385 0.70
356.872745 0.70
356.941745 0.70
357.000150 0.69
357.069139 0.70
357.133388 0.70
357.202747 0.70
357.261748 0.70
357.325749 0.69
357.384749 0.69
357.458624 0.70
357.522879 0.70
357.587637 0.70
357.656755 0.70
357.715753 0.70
357.779755 0.70
357.838754 0.70
357.902754 0.70
357.967272 0.70
358.026505 0.70
358.085506 0.70
358.144638 0.70
358.203632 0.70
358.262633 0.70
358.328641 0.70
358.403401 0.70
358.467634 0.70
358.528641 0.70
358.592759 0.70
358.659408 0.70
358.713763 0.70
358.767636 0.70
358.828290 0.70
358.887919 0.69
358.949409 0.70
359.013764 0.70
359.078638 0.70
359.144514 0.70
359.198515 0.70
359.252524 0.70
359.322284 0.70
359.381772 0.70
359.441525 0.70
359.511287 0.70
359.577071 0.70
359.632529 0.70
359.697521 0.70
359.756935 0.69
359.810656 0.70
359.885520 0.70
359.939775 0.70
359.999531 0.70
360.064523 0.70
360.129529 0.70
360.190657 0.70
360.260150 0.70
360.319293 0.69
360.378304 0.70
360.442165 0.70
360.506650 0.70
360.571407 0.70
360.630168 0.70
360.699648 0.70
360.774413 0.70
360.833292 0.70
360.902655 0.69
360.966526 0.70
361.016783 0.70
361.081428 0.70
361.135169 0.70
361.204654 0.70
361.263661 0.70
361.327653 0.70
361.392534 0.70
361.453533 0.69
361.514032 0.70
361.574786 0.70
361.634540 0.70
361.698656 0.70
361.763306 0.70
361.817787 0.70
361.873072 0.70
361.932159 0.70
361.996420 0.70
362.055540 0.70
362.121417 0.70
362.182189 0.69
362.241664 0.70
362.308191 0.70
362.367675 0.70
362.426538 0.70
362.491196 0.70
362.550798 0.69
362.612082 0.70
362.667424 0.70
362.732313 0.70
362.797313 0.70
362.851429 0.70
362.916421 0.70
362.970672 0.70
363.040554 0.70
363.116097 0.70
363.171673 0.70
363.241552 0.70
363.317108 0.70
363.387315 0.70
363.437427 0.70
363.502434 0.70
363.567067 0.70
363.637106 0.70
363.707326 0.70
363.771959 0.71
363.836187 0.70
363.894924 0.69
363.964196 0.70
364.023069 0.70
364.082071 0.70
364.146333 0.70
364.207681 0.70
364.272431 0.70
364.325930 0.70
364.385684 0.70
364.445334 0.70
364.511681 0.70
364.571205 0.70
364.625565 0.70
364.690198 0.70
364.754323 0.70
364.813335 0.70
364.877448 0.70
364.942932 0.70
365.003311 0.70
365.063933 0.70
365.123565 0.70
365.179117 0.69
365.229562 0.70
365.281217 0.70
365.331565 0.70
365.387103 0.70
365.437203 0.70
365.487344 0.70
365.552209 0.70
365.617086 0.70
365.671346 0.70
365.736338 0.70
365.801341 0.70
365.871449 0.70
365.946944 0.70
366.016817 0.70
366.086085 0.70
366.144941 0.70
366.214945 0.69
366.279699 0.70
366.346352 0.70
366.405443 0.70
366.469441 0.70
366.533457 0.70
366.597442 0.71
366.671567 0.70
366.741333 0.70
366.799947 0.70
366.863946 0.70
366.933445 0.71
366.997448 0.70
367.061446 0.70
367.130698 0.71
367.182350 0.70
367.247344 0.70
367.313576 0.70
367.372325 0.70
367.425950 0.70
367.490453 0.70
367.554331 0.70
367.615740 0.70
367.685327 0.70
367.740590 0.70
367.801959 0.70
367.855957 0.70
367.906705 0.70
367.970209 0.70
368.033710 0.70
368.093830 0.70
368.152330 0.70
368.207216 0.70
368.265961 0.71
368.326102 0.70
368.379833 0.70
368.444466 0.71
368.498460 0.70
368.568588 0.71
368.634969 0.70
368.694588 0.70
368.764120 0.70
368.817974 0.70
368.871711 0.71
368.940835 0.70
368.988102 0.70
369.047212 0.70
369.101250 0.70
369.166236 0.71
369.240588 0.70
369.304971 0.70
369.364471 0.70
369.429129 0.70
369.483263 0.70
369.553478 0.70
369.618114 0.70
369.672373 0.70
369.743795 0.70
369.808857 0.70
369.873374 0.69
369.943372 0.70
370.007972 0.70
370.072851 0.70
370.127388 0.70
370.186974 0.70
370.252741 0.70
370.312484 0.70
370.373724 0.70
370.443480 0.70
370.504849 0.70
370.559143 0.70
370.614475 0.70
370.668241 0.70
370.732851 0.70
370.801725 0.70
370.870734 0.70
370.934729 0.70
370.990374 0.70
371.044377 0.70
371.103853 0.70
371.162728 0.70
371.226887 0.70
371.280851 0.70
371.340881 0.70
371.391379 0.70
371.445246 0.69
371.522740 0.70
371.578253 0.70
371.642985 0.69
371.715739 0.70
371.785892 0.69
371.841254 0.70
371.900252 0.70
371.959252 0.70
372.028858 0.70
372.093382 0.70
372.158046 0.70
372.217251 0.70
372.276138 0.70
372.350880 0.70
372.409735 0.70
372.478735 0.70
372.547875 0.70
372.606737 0.69
372.671261 0.70
372.746168 0.70
372.814021 0.70
372.868395 0.70
372.928279 0.70
372.988034 0.70
373.0491