0.000000 0.000000
0.058022 61.00
0.128508 61.00
0.183038 61.00
0.242501 61.00
0.301139 61.00
0.370138 61.00
0.425140 61.00
0.480024 61.00
0.535027 61.00
0.593500 62.00
0.648625 62.00
0.704330 62.00
0.764056 61.00
0.824170 61.00
0.885017 62.00
0.949887 62.00
1.014882 61.00
1.073632 61.00
1.123506 61.00
1.182147 61.00
1.240506 61.00
1.317764 61.00
1.387296 61.00
1.447056 61.00
1.511766 61.00
1.572277 61.00
1.631272 61.00
1.708909 61.00
1.768766 61.00
1.842765 61.00
1.897765 61.00
1.961765 61.00
2.016767 61.00
2.071767 61.00
2.135768 61.00
2.190769 61.00
2.254770 61.00
2.309769 61.00
2.373770 61.00
2.437776 61.00
2.501772 61.00
2.574282 62.00
2.633282 62.00
2.697282 62.00
2.761284 61.00
2.825284 61.00
2.884285 61.00
2.943285 61.00
3.007284 61.00
3.066284 61.00
3.130396 61.00
3.189285 61.00
3.253287 61.00
3.312397 61.00
3.371289 61.00
3.435291 61.00
3.494040 61.00
3.557776 61.00
3.611399 61.00
3.665040 61.00
3.718401 61.00
3.768290 61.00
3.827178 61.00
3.886166 61.00
3.950294 61.00
4.014294 61.00
4.078292 61.00
4.137170 61.00
4.196169 61.00
4.260294 61.00
4.315172 61.00
4.379297 61.00
4.443298 61.00
4.507298 61.00
4.576808 61.00
4.640807 61.00
4.704809 61.00
4.768811 61.00
4.823660 61.00
4.892786 61.00
4.956786 61.00
5.020786 61.00
5.080788 61.00
5.149788 61.00
5.213789 61.00
5.277789 61.00
5.343289 61.00
5.402055 61.00
5.471304 61.00
5.535306 61.00
5.594056 62.00
5.659291 62.00
5.713308 61.00
5.767180 61.00
5.826182 61.00
5.885182 61.00
5.944185 61.00
6.003185 61.00
6.062183 61.00
6.121183 61.00
6.180186 61.00
6.239185 61.00
6.298186 61.00
6.362188 61.00
6.421189 61.00
6.480188 61.00
6.543949 61.00
6.617800 61.00
6.668675 61.00
6.727300 61.00
6.785951 61.00
6.854801 61.00
6.905676 61.00
6.956677 61.00
7.007677 61.00
7.066302 61.00
7.125068 61.00
7.189068 61.00
7.257945 61.00
7.326945 61.00
7.377680 61.00
7.441555 61.00
7.505070 61.00
7.578823 61.00
7.652823 61.00
7.703682 61.00
7.767558 61.00
7.831074 61.00
7.904810 61.00
7.973560 61.00
8.037075 61.00
8.110812 61.00
8.184812 61.00
8.253562 61.00
8.317079 61.00
8.390938 61.00
8.456330 61.00
8.514939 61.00
8.588816 61.00
8.662817 61.00
8.736816 61.00
8.810942 61.00
8.884818 61.00
8.950082 61.00
9.023819 61.00
9.089082 61.00
9.162820 61.00
9.231695 61.00
9.293446 61.00
9.357085 61.00
9.422446 61.00
9.491322 61.00
9.555323 61.00
9.614213 61.00
9.672848 61.00
9.737214 61.00
9.795963 61.00
9.860214 61.00
9.918852 61.00
9.982854 61.00
10.056967 61.00
10.130976 61.00
10.204855 61.00
10.278844 61.00
10.342845 61.00
10.416847 61.00
10.485847 61.00
10.549847 61.00
10.613971 61.00
10.678095 61.00
10.741849 61.00
10.805974 61.00
10.869850 61.00
10.933850 61.00
10.997975 61.00
11.061852 61.00
11.125852 61.00
11.194852 61.00
11.268985 61.00
11.342838 61.00
11.411839 61.00
11.475987 61.00
11.539840 61.00
11.603841 61.00
11.667983 61.00
11.731842 61.00
11.795842 62.00
11.864981 62.00
11.928843 61.00
11.992843 61.00
12.061844 61.00
12.116844 61.00
12.180719 61.00
12.244469 61.00
12.313595 61.00
12.373846 61.00
12.428847 61.00
12.483848 61.00
12.544346 62.00
12.602849 62.00
12.666849 61.00
12.735999 61.00
12.794723 61.00
12.858724 61.00
12.924350 61.00
12.988350 61.00
13.046992 62.00
13.110726 62.00
13.179726 61.00
13.243727 61.00
13.312727 61.00
13.381728 61.00
13.445729 61.00
13.514880 61.00
13.583856 61.00
13.647856 61.00
13.711857 61.00
13.775732 61.00
13.844731 61.00
13.913733 61.00
13.977732 61.00
14.041734 61.00
14.115860 61.00
14.184861 61.00
14.254011 61.00
14.317886 61.00
14.381885 61.00
14.456487 61.00
14.522250 61.00
14.582488 61.00
14.651613 61.00
14.720888 61.00
14.789879 61.00
14.864490 61.00
14.924764 61.00
14.970366 61.00
15.025762 61.00
15.075384 61.00
15.134492 61.00
15.198384 61.00
15.253492 61.00
15.317385 61.00
15.381384 61.00
15.445384 61.00
15.509386 61.00
15.568495 61.00
15.621746 61.00
15.685621 62.00
15.754622 62.00
15.823622 61.00
15.889139 61.00
15.934623 61.00
16.006624 61.00
16.075625 61.00
16.152750 62.00
16.221625 62.00
16.290627 61.00
16.359377 61.00
16.428390 61.00
16.505760 61.00
16.574761 61.00
16.643760 61.00
16.707630 61.00
16.776505 61.00
16.829764 61.00
16.898765 62.00
16.967763 62.00
17.036766 61.00
17.105765 61.00
17.164633 61.00
17.233911 61.00
17.297910 61.00
17.361912 61.00
17.425910 61.00
17.493386 61.00
17.553651 61.00
17.609036 61.00
17.659913 61.00
17.723914 61.00
17.782770 61.00
17.855152 61.00
17.918639 61.00
17.982640 61.00
18.046641 61.00
18.110641 61.00
18.176040 61.00
18.221641 61.00
18.285642 61.00
18.359644 61.00
18.423644 61.00
18.487644 61.00
18.551645 61.00
18.615645 61.00
18.674645 61.00
18.738646 61.00
18.802648 62.00
18.866798 62.00
18.925798 61.00
18.984799 61.00
19.038648 61.00
19.102797 61.00
19.161794 61.00
19.220650 61.00
19.284650 61.00
19.348651 61.00
19.412652 61.00
19.481652 61.00
19.545797 61.00
19.604653 61.00
19.668796 62.00
19.727796 62.00
19.786654 61.00
19.850796 61.00
19.909656 61.00
19.973657 61.00
20.032656 61.00
20.096657 61.00
20.160658 61.00
20.224658 61.00
20.288659 61.00
20.347659 61.00
20.411660 61.00
20.475660 61.00
20.539661 61.00
20.598411 61.00
20.649052 61.00
20.712661 61.00
20.772788 61.00
20.826413 61.00
20.877054 61.00
20.940664 61.00
21.005938 61.00
21.051415 61.00
21.102056 61.00
21.165665 61.00
21.234291 61.00
21.287792 61.00
21.341668 61.00
21.406945 61.00
21.461418 61.00
21.525183 61.00
21.583669 61.00
21.642544 62.00
21.706545 62.00
21.770546 61.00
21.834546 61.00
21.898546 61.00
21.962547 61.00
22.031547 61.00
22.095423 61.00
22.169548 61.00
22.233549 61.00
22.307299 61.00
22.366190 61.00
22.430190 61.00
22.494192 61.00
22.558067 61.00
22.622069 61.00
22.696193 61.00
22.760194 61.00
22.820303 61.00
22.875573 61.00
22.939305 61.00
22.994451 61.00
23.044452 61.00
23.094196 61.00
23.154322 62.00
23.209453 62.00
23.263072 61.00
23.328324 61.00
23.380825 61.00
23.430433 61.00
23.500826 62.00
23.549826 62.00
23.599435 62.00
23.673311 62.00
23.725826 62.00
23.771436 61.00
23.841828 61.00
23.887437 61.00
23.957814 61.00
24.007438 61.00
24.077814 61.00
24.123439 61.00
24.197315 61.00
24.253329 62.00
24.309206 62.00
24.374332 61.00
24.430331 61.00
24.486332 61.00
24.551318 61.00
24.620318 61.00
24.689319 61.00
24.763320 61.00
24.819333 61.00
24.888445 61.00
24.962321 61.00
25.031322 62.00
25.105447 61.00
25.174323 61.00
25.248324 61.00
25.322323 61.00
25.396324 61.00
25.470325 61.00
25.544326 62.00
25.608340 61.00
25.682344 61.00
25.756452 61.00
25.830343 61.00
25.899344 61.00
25.963343 61.00
26.027343 61.00
26.091344 61.00
26.155456 62.00
26.219344 62.00
26.283347 61.00
26.347348 61.00
26.411345 61.00
26.475346 61.00
26.539347 61.00
26.603459 61.00
26.667348 61.00
26.731348 61.00
26.795350 61.00
26.859352 61.00
26.923337 61.00
26.987354 61.00
27.051463 61.00
27.115355 61.00
27.179352 61.00
27.243353 62.00
27.307357 62.00
27.371357 61.00
27.435340 61.00
27.499482 62.00
27.563355 62.00
27.627359 61.00
27.691357 61.00
27.755356 61.00
27.819358 61.00
27.893871 61.00
27.957997 61.00
28.021873 62.00
28.085871 62.00
28.149874 62.00
28.213876 62.00
28.277879 61.00
28.342363 61.00
28.406362 61.00
28.470365 62.00
28.534350 62.00
28.598475 61.00
28.657367 61.00
28.721367 62.00
28.785368 62.00
28.849368 62.00
28.913478 62.00
28.967243 61.00
29.026366 61.00
29.090369 61.00
29.149243 61.00
29.213368 61.00
29.277481 61.00
29.336371 61.00
29.395248 61.00
29.459482 61.00
29.509249 61.00
29.573371 61.00
29.628358 62.00
29.687250 62.00
29.751375 61.00
29.806360 61.00
29.870375 61.00
29.944889 61.00
30.005486 61.00
30.065863 61.00
30.116737 62.00
30.171737 62.00
30.235891 62.00
30.299875 62.00
30.369255 61.00
30.433379 61.00
30.488255 61.00
30.552381 61.00
30.607255 62.00
30.671383 62.00
30.754143 61.00
30.823381 61.00
30.889018 61.00
30.947743 61.00
31.003271 61.00
31.067258 61.00
31.131021 61.00
31.195261 61.00
31.259262 61.00
31.323137 61.00
31.392140 61.00
31.461022 61.00
31.519498 61.00
31.578025 61.00
31.636374 61.00
31.695023 61.00
31.761751 61.00
31.820376 61.00
31.879027 61.00
31.948027 61.00
32.006378 61.00
32.065026 61.00
32.115629 61.00
32.179379 61.00
32.238031 61.00
32.288630 61.00
32.352380 62.00
32.411030 62.00
32.460381 61.00
32.519032 61.00
32.588033 61.00
32.638633 61.00
32.702383 61.00
32.761032 61.00
32.811762 61.00
32.871634 62.00
32.931764 62.00
32.991636 61.00
33.051763 61.00
33.120766 61.00
33.180766 61.00
33.240767 61.00
33.306279 61.00
33.374912 61.00
33.440389 61.00
33.499041 61.00
33.564279 61.00
33.623279 61.00
33.697282 62.00
33.756283 62.00
33.811517 61.00
33.875041 61.00
33.945518 61.00
34.009044 61.00
34.072920 61.00
34.136919 61.00
34.205920 61.00
34.271396 61.00
34.326047 61.00
34.379522 61.00
34.444806 62.00
34.503648 62.00
34.573287 61.00
34.627165 61.00
34.686165 62.00
34.745164 62.00
34.804040 62.00
34.863166 62.00
34.922166 62.00
34.981164 61.00
35.040043 61.00
35.108926 62.00
35.159653 62.00
35.210654 61.00
35.265654 61.00
35.316654 62.00
35.371654 62.00
35.426655 62.00
35.485281 61.00
35.543799 61.00
35.617797 61.00
35.682934 62.00
35.733657 62.00
35.788658 62.00
35.849298 61.00
35.907934 61.00
35.981786 61.00
36.055935 61.00
36.120786 61.00
36.171660 61.00
36.230287 62.00
36.288938 62.00
36.354303 61.00
36.412939 61.00
36.486817 61.00
36.552305 62.00
36.610938 62.00
36.676303 62.00
36.734942 62.00
36.808791 61.00
36.877666 61.00
36.938043 62.00
37.001667 62.00
37.065418 62.00
37.129059 62.00
37.202794 61.00
37.266670 61.00
37.326421 62.00
37.390060 62.00
37.453672 61.00
37.508421 61.00
37.572062 62.00
37.635825 62.00
37.709825 62.00
37.780312 62.00
37.825813 62.00
37.891312 62.00
37.936801 61.00
38.007314 61.00
38.052802 62.00
38.123317 62.00
38.168803 61.00
38.242804 61.00
38.308428 61.00
38.377304 61.00
38.422805 62.00
38.496946 62.00
38.570806 62.00
38.634931 62.00
38.708807 61.00
38.782932 61.00
38.856808 61.00
38.930933 61.00
39.004809 61.00
39.078810 61.00
39.147810 61.00
39.216935 62.00
39.290812 61.00
39.364813 61.00
39.438936 61.00
39.512938 61.00
39.586829 62.00
39.660831 62.00
39.734940 62.00
39.808832 62.00
39.882816 62.00
39.951817 62.00
40.012317 62.00
40.070818 61.00
40.131085 61.00
40.194819 62.00
40.255084 62.00
40.313694 61.00
40.379319 61.00
40.437821 61.00
40.498321 61.00
40.556822 62.00
40.625962 62.00
40.684697 61.00
40.748698 61.00
40.814323 62.00
40.876340 62.00
40.934825 61.00
41.003825 61.00
41.072826 61.00
41.127826 61.00
41.196978 61.00
41.260702 61.00
41.324827 61.00
41.388703 61.00
41.452703 61.00
41.516970 61.00
41.580705 62.00
41.649855 62.00
41.718858 61.00
41.787982 62.00
41.851858 62.00
41.921332 61.00
41.979973 61.00
42.043859 61.00
42.112985 61.00
42.176859 62.00
42.245860 62.00
42.314861 62.00
42.383863 62.00
42.447862 61.00
42.522587 61.00
42.591864 61.00
42.657462 61.00
42.726463 61.00
42.795464 61.00
42.864464 61.00
42.933465 61.00
42.993732 61.00
43.043465 61.00
43.103859 61.00
43.167717 61.00
43.231717 61.00
43.295718 61.00
43.359860 61.00
43.413719 62.00
43.477719 62.00
43.541720 62.00
43.605720 62.00
43.669721 61.00
43.728722 61.00
43.792863 61.00
43.851723 61.00
43.910723 61.00
43.974723 61.00
44.038724 62.00
44.102724 62.00
44.166725 62.00
44.225725 62.00
44.289726 61.00
44.353726 61.00
44.417727 61.00
44.481728 61.00
44.540727 61.00
44.604728 61.00
44.668729 61.00
44.732729 61.00
44.796730 62.00
44.855730 62.00
44.919731 61.00
44.983732 61.00
45.047732 61.00
45.111732 61.00
45.170732 61.00
45.234733 61.00
45.298734 61.00
45.362734 61.00
45.426735 61.00
45.485735 61.00
45.545736 62.00
45.604736 62.00
45.668737 62.00
45.732738 62.00
45.796738 61.00
45.860739 61.00
45.919739 62.00
45.978489 62.00
46.029132 61.00
46.087740 61.00
46.148014 61.00
46.193491 61.00
46.244133 61.00
46.302743 62.00
46.363019 62.00
46.422869 61.00
46.476619 61.00
46.559260 62.00
46.623259 62.00
46.692260 61.00
46.755897 62.00
46.809496 62.00
46.860138 62.00
46.918622 61.00
46.987623 61.00
47.056622 62.00
47.130624 61.00
47.199624 61.00
47.271374 61.00
47.324625 61.00
47.393626 62.00
47.462377 62.00
47.515626 61.00
47.598268 61.00
47.656629 62.00
47.725629 62.00
47.797880 62.00
47.861630 62.00
47.930630 62.00
47.999381 61.00
48.054381 61.00
48.109382 61.00
48.178274 62.00
48.247274 62.00
48.319772 61.00
48.384767 61.00
48.439160 61.00
48.491915 61.00
48.542635 61.00
48.606641 61.00
48.667016 62.00
48.722546 62.00
48.768277 62.00
48.823543 62.00
48.870915 62.00
48.916642 62.00
48.970516 62.00
49.029640 61.00
49.083515 61.00
49.142390 61.00
49.195060 61.00
49.254052 62.00
49.313048 62.00
49.372047 62.00
49.431044 61.00
49.495048 61.00
49.554049 62.00
49.607769 62.00
49.661519 62.00
49.725520 62.00
49.800654 62.00
49.865401 62.00
49.929524 61.00
49.988523 61.00
50.052536 61.00
50.112298 61.00
50.187527 62.00
50.246525 62.00
50.305525 62.00
50.364661 62.00
50.429655 62.00
50.494404 62.00
50.558527 62.00
50.617527 62.00
50.678536 62.00
50.743177 62.00
50.807173 62.00
50.866169 62.00
50.930045 61.00
50.994533 61.00
51.053532 61.00
51.117531 62.00
51.181532 62.00
51.240662 62.00
51.290661 62.00
51.349659 62.00
51.408533 61.00
51.472535 61.00
51.541415 62.00
51.602412 62.00
51.661536 62.00
51.715411 62.00
51.785813 62.00
51.831843 62.00
51.895947 61.00
51.960414 61.00
52.019413 62.00
52.083539 62.00
52.147918 61.00
52.217416 61.00
52.276291 62.00
52.340416 62.00
52.409420 62.00
52.478919 62.00
52.548419 62.00
52.617309 62.00
52.691557 62.00
52.761674 62.00
52.827254 62.00
52.903336 61.00
52.970057 61.00
53.031485 61.00
53.096560 61.00
53.150684 62.00
53.216336 62.00
53.283206 62.00
53.353563 62.00
53.415062 62.00
53.470808 62.00
53.529554 61.00
53.593431 61.00
53.657426 62.00
53.717071 62.00
53.776306 62.00
53.841560 62.00
53.900679 62.00
53.959308 62.00
54.033561 62.00
54.092431 62.00
54.151305 62.00
54.210430 62.00
54.279431 62.00
54.348307 62.00
54.417307 62.00
54.476199 62.00
54.530809 62.00
54.599934 62.00
54.653437 62.00
54.717074 62.00
54.770310 62.00
54.847561 62.00
54.901317 61.00
54.970964 61.00
55.034815 62.00
55.100205 62.00
55.156206 62.00
55.212449 62.00
55.267564 62.00
55.317569 62.00
55.376442 62.00
55.450848 62.00
55.509567 62.00
55.573208 62.00
55.642209 62.00
55.711208 62.00
55.780193 62.00
55.844324 61.00
55.903319 61.00
55.977323 61.00
56.041194 61.00
56.115345 62.00
56.184322 62.00
56.248322 62.00
56.317197 62.00
56.382451 61.00
56.451075 61.00
56.504324 62.00
56.568075 62.00
56.623076 62.00
56.683327 62.00
56.747344 62.00
56.821341 62.00
56.885327 61.00
56.954858 61.00
57.009983 61.00
57.078708 61.00
57.142461 62.00
57.196330 62.00
57.260354 61.00
57.319337 61.00
57.374334 62.00
57.428333 62.00
57.478461 62.00
57.545286 62.00
57.618594 62.00
57.679252 62.00
57.749475 62.00
57.803989 62.00
57.868591 62.00
57.924869 62.00
57.975868 62.00
58.032462 62.00
58.091229 62.00
58.160712 62.00
58.224713 62.00
58.288870 62.00
58.343714 62.00
58.407714 62.00
58.472118 61.00
58.531881 61.00
58.596215 62.00
58.665216 62.00
58.729093 62.00
58.794345 62.00
58.858360 61.00
58.932719 61.00
58.996875 62.00
59.062345 62.00
59.116238 61.00
59.184970 61.00
59.238227 62.00
59.311974 62.00
59.365223 62.00
59.438972 62.00
59.492222 61.00
59.566109 61.00
59.639979 61.00
59.694856 61.00
59.754855 62.00
59.814854 62.00
59.878354 61.00
59.942360 61.00
60.006731 62.00
60.076248 62.00
60.135243 62.00
60.204244 62.00
60.263230 62.00
60.323877 62.00
60.379235 62.00
60.434358 62.00
60.488251 62.00
60.547249 62.00
60.605982 62.00
60.675369 62.00
60.739737 62.00
60.799892 62.00
60.864252 62.00
60.919250 62.00
60.974235 62.00
61.031178 62.00
61.095252 62.00
61.154253 62.00
61.222862 61.00
61.276112 61.00
61.349863 62.00
61.403113 62.00
61.476864 62.00
61.530115 62.00
61.604240 62.00
61.668256 62.00
61.732008 62.00
61.790993 62.00
61.859618 62.00
61.923617 62.00
61.982135 61.00
62.055869 61.00
62.118153 62.00
62.176623 62.00
62.231871 62.00
62.292151 62.00
62.356121 62.00
62.419872 62.00
62.483622 62.00
62.547884 62.00
62.612017 62.00
62.675625 62.00
62.729016 62.00
62.803016 62.00
62.873375 62.00
62.931882 62.00
62.990878 62.00
63.060002 62.00
63.130377 62.00
63.179878 62.00
63.245503 62.00
63.314503 62.00
63.388504 62.00
63.462630 62.00
63.526762 62.00
63.591910 62.00
63.671642 62.00
63.741258 62.00
63.800034 62.00
63.868762 62.00
63.937762 62.00
64.012016 62.00
64.081385 62.00
64.146510 62.00
64.215279 62.00
64.273915 62.00
64.342914 62.00
64.407034 62.00
64.470917 62.00
64.539915 62.00
64.613919 62.00
64.682916 62.00
64.753647 62.00
64.817925 62.00
64.877032 62.00
64.950777 62.00
65.024776 62.00
65.094043 62.00
65.158153 62.00
65.226775 62.00
65.281648 62.00
65.334898 61.00
65.400023 61.00
65.460023 62.00
65.519653 62.00
65.580169 62.00
65.638929 62.00
65.699273 62.00
65.748781 62.00
65.814273 62.00
65.869658 62.00
65.929154 62.00
65.987918 62.00
66.048275 62.00
66.102777 62.00
66.153527 62.00
66.212663 62.00
66.286807 62.00
66.355652 62.00
66.420654 62.00
66.494805 62.00
66.545529 62.00
66.599172 62.00
66.662823 62.00
66.726921 62.00
66.795814 61.00
66.864811 61.00
66.933921 62.00
67.007658 62.00
67.081811 62.00
67.155658 62.00
67.208924 62.00
67.277811 62.00
67.341926 62.00
67.415817 62.00
67.480179 62.00
67.543819 62.00
67.612803 62.00
67.686665 61.00
67.741664 61.00
67.796664 62.00
67.860665 62.00
67.929821 62.00
68.003823 62.00
68.063549 62.00
68.119931 62.00
68.193668 62.00
68.267820 62.00
68.341818 62.00
68.407179 62.00
68.460672 62.00
68.524671 62.00
68.595313 62.00
68.653951 62.00
68.714313 62.00
68.783314 62.00
68.852298 62.00
68.910941 62.00
68.974674 62.00
69.038675 62.00
69.107675 62.00
69.173177 61.00
69.218677 61.00
69.287551 62.00
69.340803 62.00
69.414552 62.00
69.467804 62.00
69.541554 62.00
69.594806 62.00
69.668554 62.00
69.721806 62.00
69.795555 62.00
69.848807 62.00
69.922557 62.00
69.975936 62.00
70.039682 62.00
70.113836 62.00
70.183059 62.00
70.252570 62.00
70.316854 61.00
70.384847 61.00
70.448841 62.00
70.512687 62.00
70.581562 61.00
70.636562 61.00
70.691688 62.00
70.760689 62.00
70.829688 62.00
70.898689 62.00
70.968080 62.00
71.026827 62.00
71.090321 62.00
71.155445 62.00
71.215444 62.00
71.278946 62.00
71.337443 62.00
71.390694 62.00
71.451210 62.00
71.515211 62.00
71.584196 62.00
71.653446 62.00
71.706696 62.00
71.767212 62.00
71.831323 62.00
71.889963 62.00
71.945213 62.00
72.003699 62.00
72.072573 61.00
72.137573 61.00
72.188199 62.00
72.251699 62.00
72.320700 62.00
72.394451 62.00
72.449828 62.00
72.503703 62.00
72.567453 62.00
72.626346 62.00
72.685346 62.00
72.749455 62.00
72.813454 62.00
72.872347 62.00
72.936220 62.00
73.000221 62.00
73.069332 62.00
73.133481 62.00
73.194464 62.00
73.249712 62.00
73.313710 62.00
73.377584 62.00
73.446864 62.00
73.510460 62.00
73.563710 62.00
73.637461 62.00
73.690711 62.00
73.764462 61.00
73.819337 61.00
73.888113 61.00
73.942714 62.00
74.002868 62.00
74.061870 61.00
74.115590 61.00
74.179591 62.00
74.249983 62.00
74.295592 62.00
74.359592 62.00
74.433848 62.00
74.492719 62.00
74.551719 62.00
74.610594 62.00
74.674595 62.00
74.744985 62.00
74.790595 62.00
74.854596 62.00
74.928347 62.00
74.986875 62.00
75.045472 62.00
75.105223 62.00
75.169115 61.00
75.238115 61.00
75.307726 62.00
75.366601 62.00
75.430601 62.00
75.504352 62.00
75.563245 62.00
75.627103 62.00
75.692732 62.00
75.752229 62.00
75.816120 62.00
75.885122 62.00
75.953886 62.00
76.012616 61.00
76.086356 61.00
76.145258 62.00
76.204110 62.00
76.269357 62.00
76.328249 62.00
76.392235 62.00
76.452515 62.00
76.511611 62.00
76.571135 62.00
76.624487 62.00
76.688486 62.00
76.757487 62.00
76.822903 62.00
76.872487 62.00
76.942890 62.00
76.997366 62.00
77.061364 62.00
77.111992 62.00
77.181005 62.00
77.244743 62.00
77.298492 62.00
77.362373 62.00
77.413042 62.00
77.477622 62.00
77.537267 62.00
77.596129 62.00
77.660273 62.00
77.725384 62.00
77.794495 62.00
77.864871 62.00
77.910373 62.00
77.961000 62.00
78.019625 61.00
78.078372 61.00
78.129002 61.00
78.192498 61.00
78.261248 62.00
78.330501 62.00
78.405050 61.00
78.463778 61.00
78.522268 62.00
78.586252 62.00
78.656381 62.00
78.720377 62.00
78.784378 61.00
78.858775 61.00
78.922255 62.00
78.975632 62.00
79.029507 62.00
79.093254 62.00
79.148256 62.00
79.203511 62.00
79.272382 62.00
79.341384 62.00
79.415259 62.00
79.470411 62.00
79.520389 62.00
79.579008 62.00
79.639411 62.00
79.693014 62.00
79.756895 62.00
79.816514 62.00
79.881922 62.00
79.940891 62.00
80.009916 62.00
80.063639 62.00
80.127264 62.00
80.187769 62.00
80.233514 62.00
80.302280 62.00
80.352894 62.00
80.416641 61.00
80.476770 61.00
80.522390 62.00
80.591158 62.00
80.644393 62.00
80.718285 62.00
80.768897 62.00
80.827519 62.00
80.886413 62.00
80.950270 62.00
81.019286 62.00
81.088652 62.00
81.152272 62.0