0.000000 0.000000
0.085138 0.87
0.144887 0.87
0.208365 0.88
0.268485 0.87
0.331985 0.87
0.386985 0.87
0.441985 0.87
0.496985 0.87
0.551986 0.87
0.606987 0.87
0.666987 0.87
0.727652 0.87
0.777877 0.87
0.838903 0.87
0.903899 0.87
0.964892 0.87
1.034995 0.87
1.093994 0.87
1.152992 0.87
1.218395 0.87
1.282396 0.87
1.351520 0.87
1.411132 0.78
1.470878 0.78
1.531408 0.79
1.595764 0.79
1.650885 0.79
1.709522 0.78
1.771401 0.79
1.831997 0.78
1.906523 0.78
1.975998 0.79
2.045525 0.78
2.109400 0.79
2.173400 0.79
2.248001 0.79
2.317001 0.79
2.386252 0.79
2.450002 0.79
2.519003 0.79
2.588129 0.78
2.641379 0.79
2.710530 0.79
2.779770 0.79
2.843771 0.79
2.907530 0.79
2.971412 0.79
3.035385 0.78
3.104534 0.78
3.162882 0.79
3.226383 0.79
3.289883 0.79
3.353385 0.78
3.416884 0.79
3.480386 0.78
3.543885 0.79
3.603886 0.79
3.667387 0.79
3.730886 0.79
3.790887 0.78
3.851012 0.78
3.905888 0.79
3.965889 0.79
4.020889 0.79
4.080890 0.79
4.135765 0.79
4.199265 0.79
4.259392 0.79
4.310516 0.78
4.366269 0.79
4.429767 0.79
4.493268 0.78
4.545643 0.79
4.596269 0.78
4.659769 0.78
4.723270 0.79
4.786770 0.79
4.850271 0.79
4.913771 0.79
4.977271 0.79
5.040772 0.79
5.104273 0.79
5.167773 0.79
5.231273 0.78
5.294899 0.79
5.353274 0.79
5.416775 0.79
5.480276 0.79
5.543776 0.78
5.607277 0.79
5.670777 0.79
5.734279 0.79
5.797778 0.78
5.861279 0.79
5.924904 0.79
5.983279 0.78
6.046780 0.79
6.110281 0.79
6.173781 0.79
6.237282 0.79
6.300782 0.78
6.360783 0.79
6.420783 0.79
6.480784 0.78
6.535784 0.78
6.595784 0.79
6.655785 0.79
6.710786 0.79
6.770786 0.79
6.830787 0.78
6.881912 0.79
6.936788 0.79
6.991663 0.79
7.055163 0.79
7.107539 0.79
7.156914 0.79
7.210164 0.79
7.270290 0.78
7.342166 0.79
7.411292 0.78
7.478167 0.78
7.530559 0.79
7.581195 0.79
7.639686 0.79
7.698170 0.79
7.772170 0.78
7.841170 0.78
7.923811 0.79
7.992813 0.79
8.061812 0.79
8.144175 0.79
8.214175 0.78
8.277675 0.79
8.341174 0.79
8.404676 0.79
8.468175 0.79
8.542050 0.79
8.610677 0.78
8.674177 0.79
8.737677 0.78
8.801177 0.79
8.864679 0.79
8.919679 0.79
8.983179 0.78
9.046679 0.79
9.106680 0.79
9.170180 0.79
9.233681 0.78
9.293682 0.78
9.353682 0.79
9.413808 0.78
9.468683 0.78
9.528684 0.78
9.588684 0.79
9.648685 0.79
9.707059 0.79
9.767185 0.79
9.830686 0.79
9.885561 0.79
9.949061 0.79
10.005314 0.79
10.059813 0.78
10.113063 0.79
10.172813 0.79
10.226064 0.79
10.278439 0.78
10.329066 0.79
10.392565 0.79
10.456065 0.78
10.508442 0.79
10.559067 0.79
10.622567 0.79
10.686067 0.79
10.749568 0.78
10.813068 0.79
10.874070 0.78
10.937570 0.79
11.001070 0.79
11.064571 0.79
11.128071 0.79
11.201946 0.78
11.270572 0.78
11.334072 0.78
11.397574 0.79
11.461073 0.79
11.524575 0.78
11.588075 0.78
11.651575 0.78
11.715076 0.79
11.778576 0.79
11.842076 0.79
11.915952 0.79
11.981078 0.78
12.044579 0.79
12.104579 0.79
12.164579 0.79
12.224580 0.79
12.284581 0.78
12.344581 0.78
12.404581 0.78
12.464582 0.79
12.524582 0.79
12.584583 0.79
12.639459 0.79
12.702958 0.79
12.755335 0.79
12.818960 0.78
12.871336 0.79
12.920711 0.78
12.973961 0.79
13.026338 0.78
13.076964 0.79
13.140462 0.79
13.203962 0.79
13.267463 0.79
13.330964 0.78
13.383341 0.79
13.433965 0.79
13.497465 0.78
13.560965 0.78
13.624466 0.78
13.687966 0.79
13.751467 0.79
13.814967 0.79
13.878468 0.79
13.941969 0.80
14.005469 0.79
14.068970 0.79
14.132470 0.79
14.195971 0.79
14.269846 0.79
14.329972 0.78
14.393472 0.78
14.456973 0.79
14.520474 0.78
14.583974 0.78
14.647475 0.79
14.710974 0.78
14.774476 0.79
14.834476 0.79
14.894476 0.79
14.957976 0.79
15.021477 0.78
15.081479 0.79
15.136354 0.79
15.199854 0.78
15.264979 0.78
15.328479 0.79
15.383356 0.79
15.446856 0.78
15.506981 0.79
15.558107 0.79
15.612607 0.79
15.665858 0.79
15.725983 0.78
15.773235 0.79
15.823859 0.79
15.887360 0.79
15.950860 0.80
16.014362 0.79
16.077861 0.79
16.141363 0.79
16.204862 0.79
16.268364 0.79
16.331863 0.79
16.395364 0.78
16.453864 0.79
16.517365 0.79
16.580865 0.79
16.644366 0.78
16.707866 0.79
16.771366 0.79
16.834867 0.79
16.898368 0.79
16.961868 0.79
17.025369 0.79
17.083869 0.79
17.147371 0.79
17.210870 0.79
17.274371 0.79
17.337871 0.79
17.401372 0.79
17.456372 0.78
17.519873 0.79
17.583374 0.79
17.643374 0.79
17.706875 0.80
17.770376 0.78
17.830376 0.78
17.890379 0.79
17.945377 0.79
18.005378 0.79
18.060251 0.79
18.123752 0.80
18.183878 0.78
18.238878 0.79
18.293879 0.79
18.348880 0.79
18.403879 0.78
18.458880 0.79
18.510005 0.79
18.565757 0.79
18.629256 0.78
18.692757 0.79
18.745134 0.79
18.798383 0.78
18.856758 0.79
18.920259 0.79
18.983759 0.79
19.047260 0.79
19.110760 0.79
19.174261 0.78
19.237761 0.78
19.301262 0.78
19.364763 0.79
19.428262 0.79
19.491764 0.78
19.555264 0.79
19.618764 0.78
19.682265 0.79
19.745766 0.78
19.809265 0.79
19.872766 0.79
19.936267 0.78
19.999767 0.79
20.063267 0.79
20.126768 0.79
20.190269 0.78
20.253769 0.78
20.317270 0.78
20.377270 0.79
20.440771 0.79
20.504271 0.79
20.564271 0.79
20.624273 0.78
20.684273 0.78
20.744273 0.78
20.804274 0.79
20.864274 0.78
20.924274 0.79
20.979150 0.78
21.042651 0.78
21.098901 0.79
21.157276 0.78
21.212153 0.78
21.275652 0.78
21.328028 0.79
21.377404 0.79
21.430654 0.79
21.483029 0.79
21.533655 0.79
21.597155 0.79
21.660656 0.79
21.713031 0.78
21.763657 0.78
21.827157 0.78
21.890657 0.79
21.954157 0.79
22.017659 0.78
22.081159 0.79
22.144660 0.79
22.208160 0.79
22.271660 0.79
22.335161 0.80
22.398661 0.78
22.462162 0.79
22.525663 0.79
22.589164 0.78
22.652664 0.79
22.716164 0.79
22.771164 0.79
22.834665 0.79
22.898165 0.78
22.961666 0.78
23.025166 0.79
23.080167 0.79
23.143668 0.79
23.207168 0.78
23.267168 0.79
23.327169 0.79
23.387169 0.78
23.447170 0.79
23.507170 0.79
23.567171 0.79
23.627171 0.79
23.682048 0.79
23.745548 0.79
23.805674 0.79
23.860674 0.79
23.907924 0.78
23.957305 0.79
24.010550 0.78
24.062926 0.79
24.112305 0.79
24.165550 0.79
24.221802 0.79
24.277553 0.79
24.341051 0.79
24.404553 0.79
24.468053 0.78
24.531554 0.79
24.595054 0.79
24.658555 0.79
24.722055 0.79
24.785556 0.79
24.849056 0.79
24.912557 0.79
24.976057 0.79
25.039558 0.79
25.103058 0.78
25.166559 0.78
25.230059 0.79
25.293560 0.78
25.357060 0.79
25.420561 0.78
25.484061 0.79
25.547562 0.78
25.611062 0.78
25.674563 0.79
25.738064 0.79
25.801565 0.79
25.865065 0.79
25.928564 0.79
25.992065 0.79
26.052066 0.79
26.112067 0.79
26.172067 0.79
26.232068 0.78
26.292068 0.80
26.352068 0.79
26.406943 0.78
26.470445 0.78
26.535570 0.79
26.599070 0.79
26.653945 0.79
26.717446 0.79
26.773697 0.79
26.829448 0.79
26.892947 0.78
26.956449 0.78
27.008824 0.79
27.059450 0.79
27.122950 0.79
27.186450 0.79
27.249951 0.79
27.313451 0.79
27.376951 0.79
27.440452 0.79
27.503952 0.79
27.567454 0.79
27.630953 0.78
27.694455 0.78
27.757955 0.79
27.821456 0.78
27.884956 0.79
27.948456 0.79
28.011957 0.79
28.075457 0.79
28.138958 0.79
28.202458 0.80
28.265959 0.79
28.320959 0.78
28.375959 0.78
28.439461 0.78
28.502960 0.79
28.557960 0.79
28.612961 0.78
28.667962 0.78
28.731462 0.79
28.794963 0.79
28.854963 0.79
28.914964 0.79
28.974964 0.79
29.034965 0.79
29.094966 0.79
29.154966 0.80
29.214966 0.78
29.269842 0.79
29.333343 0.79
29.389593 0.78
29.444092 0.79
29.517844 0.79
29.581345 0.78
29.641470 0.78
29.688720 0.79
29.738096 0.79
29.791347 0.79
29.843722 0.79
29.894349 0.78
29.957848 0.79
30.021473 0.79
30.079848 0.78
30.143350 0.79
30.206849 0.79
30.270351 0.79
30.333850 0.78
30.397352 0.79
30.460851 0.79
30.524354 0.78
30.587852 0.78
30.651478 0.78
30.709853 0.79
30.773355 0.79
30.836854 0.79
30.900356 0.79
30.963855 0.79
31.027356 0.78
31.090856 0.78
31.154358 0.79
31.217858 0.79
31.281483 0.79
31.339858 0.79
31.403360 0.78
31.466859 0.79
31.530361 0.79
31.593860 0.78
31.653862 0.79
31.713862 0.79
31.773862 0.78
31.833863 0.79
31.893989 0.78
31.948863 0.79
32.008864 0.79
32.068989 0.79
32.142740 0.78
32.206240 0.78
32.266367 0.79
32.317491 0.79
32.371992 0.79
32.425242 0.80
32.481493 0.79
32.539868 0.78
32.598244 0.79
32.661744 0.79
32.725244 0.79
32.777620 0.79
32.828246 0.78
32.891746 0.78
32.955246 0.79
33.018747 0.79
33.082247 0.78
33.145748 0.78
33.209248 0.78
33.272749 0.78
33.336249 0.79
33.399750 0.79
33.463250 0.78
33.526875 0.78
33.585252 0.79
33.648752 0.78
33.712253 0.79
33.775753 0.79
33.839253 0.79
33.902754 0.78
33.966255 0.78
34.029756 0.78
34.093255 0.78
34.156882 0.78
34.222131 0.79
34.282257 0.79
34.345883 0.79
34.400759 0.78
34.464259 0.79
34.527884 0.78
34.582760 0.79
34.642760 0.79
34.697761 0.79
34.757761 0.79
34.817762 0.79
34.872762 0.78
34.932763 0.79
34.992763 0.79
35.047763 0.78
35.106139 0.78
35.166264 0.79
35.221264 0.79
35.268515 0.79
35.317890 0.79
35.371141 0.78
35.431266 0.78
35.478517 0.79
35.529143 0.79
35.592643 0.78
35.656143 0.78
35.717144 0.79
35.780645 0.79
35.844144 0.79
35.907645 0.79
35.971146 0.79
36.032147 0.79
36.095647 0.79
36.159147 0.79
36.222648 0.78
36.286148 0.79
36.360024 0.79
36.428650 0.78
36.492149 0.79
36.555650 0.78
36.619150 0.78
36.682651 0.79
36.746151 0.79
36.809652 0.78
36.873153 0.79
36.936653 0.78
37.000154 0.79
37.074029 0.79
37.142655 0.79
37.197655 0.78
37.257656 0.79
37.317656 0.79
37.381157 0.80
37.444657 0.78
37.504658 0.79
37.568159 0.79
37.627784 0.79
37.701535 0.79
37.765035 0.78
37.825160 0.78
37.888661 0.79
37.948662 0.79
38.007037 0.79
38.067162 0.79
38.118288 0.78
38.187038 0.78
38.239415 0.79
38.290041 0.79
38.353539 0.79
38.417041 0.79
38.480541 0.79
38.544041 0.78
38.607542 0.79
38.671042 0.79
38.734543 0.79
38.798169 0.79
38.867169 0.79
38.914420 0.78
38.978045 0.78
39.041572 0.79
39.105047 0.79
39.168571 0.79
39.232173 0.79
39.300923 0.79
39.369575 0.79
39.433049 0.79
39.496576 0.78
39.551576 0.78
39.606576 0.79
39.670176 0.79
39.742306 0.79
39.805928 0.78
39.868053 0.79
39.945307 0.78
40.009054 0.78
40.083180 0.78
40.152180 0.78
40.210820 0.78
40.269579 0.79
40.324820 0.78
40.383455 0.78
40.442182 0.78
40.506058 0.78
40.570935 0.79
40.626315 0.79
40.712460 0.79
40.763824 0.79
40.827462 0.79
40.891061 0.79
40.960061 0.79
41.020963 0.79
41.076939 0.78
41.132939 0.78
41.188939 0.79
41.244940 0.79
41.300940 0.79
41.356940 0.79
41.412941 0.79
41.468942 0.78
41.524942 0.79
41.580943 0.78
41.636943 0.79
41.705943 0.79
41.779943 0.79
41.854069 0.78
41.927944 0.79
41.997070 0.79
42.071070 0.79
42.140070 0.78
42.208947 0.79
42.283072 0.78
42.347198 0.78
42.411073 0.78
42.480074 0.78
42.543949 0.79
42.613075 0.78
42.681950 0.79
42.756076 0.79
42.819952 0.79
42.893952 0.78
42.963078 0.78
43.027078 0.78
43.090954 0.79
43.155079 0.79
43.219080 0.78
43.282955 0.79
43.347081 0.79
43.411082 0.79
43.475082 0.79
43.538958 0.78
43.603083 0.79
43.667083 0.79
43.731084 0.79
43.794960 0.78
43.859085 0.79
43.923085 0.78
43.987086 0.78
44.051086 0.78
44.114962 0.79
44.178963 0.79
44.243088 0.79
44.303214 0.78
44.362088 0.79
44.425964 0.79
44.490090 0.79
44.553966 0.78
44.617966 0.79
44.682841 0.79
44.746342 0.79
44.809841 0.80
44.873343 0.79
44.936843 0.78
45.000345 0.78
45.063844 0.79
45.127344 0.78
45.190845 0.79
45.259470 0.79
45.324721 0.79
45.388346 0.79
45.451847 0.79
45.515348 0.79
45.573848 0.79
45.637349 0.79
45.700849 0.78
45.764350 0.79
45.824351 0.79
45.887850 0.79
45.951351 0.79
46.011351 0.78
46.071353 0.79
46.131353 0.79
46.191356 0.78
46.265228 0.79
46.328729 0.79
46.388855 0.79
46.443855 0.78
46.498856 0.78
46.549981 0.78
46.608357 0.79
46.666731 0.79
46.719106 0.79
46.768482 0.78
46.821733 0.79
46.874108 0.78
46.924735 0.79
46.988234 0.79
47.051734 0.79
47.104110 0.79
47.154736 0.79
47.218235 0.79
47.281736 0.78
47.345237 0.79
47.408738 0.79
47.472238 0.79
47.535739 0.78
47.599239 0.78
47.663248 0.79
47.729697 0.79
47.799401 0.79
47.858759 0.79
47.927993 0.79
47.992373 0.79
48.047887 0.79
48.116885 0.79
48.185884 0.79
48.255250 0.79
48.321766 0.79
48.386122 0.78
48.439997 0.79
48.499123 0.78
48.558373 0.79
48.617889 0.79
48.676891 0.79
48.745889 0.79
48.809765 0.79
48.865438 0.78
48.920780 0.79
48.981128 0.79
49.035002 0.78
49.094002 0.78
49.158256 0.79
49.223768 0.79
49.289004 0.78
49.344004 0.78
49.399129 0.79
49.464137 0.79
49.523546 0.79
49.578772 0.78
49.644007 0.79
49.699146 0.79
49.764139 0.79
49.819261 0.79
49.894010 0.79
49.958259 0.79
50.028145 0.79
50.090682 0.79
50.155014 0.78
50.210138 0.79
50.264012 0.79
50.328266 0.79
50.397544 0.78
50.458263 0.79
50.527543 0.79
50.590028 0.78
50.651440 0.78
50.716144 0.79
50.782142 0.78
50.841266 0.78
50.902147 0.78
50.968269 0.79
51.023785 0.78
51.087785 0.79
51.156538 0.78
51.222790 0.79
51.281661 0.80
51.342020 0.78
51.395789 0.78
51.454538 0.78
51.513793 0.79
51.573899 0.79
51.628898 0.78
51.683898 0.78
51.738899 0.79
51.803277 0.78
51.862151 0.79
51.922275 0.79
51.981151 0.78
52.056039 0.79
52.121032 0.79
52.171156 0.79
52.231558 0.79
52.295547 0.79
52.361044 0.79
52.431037 0.78
52.496035 0.78
52.560282 0.79
52.625294 0.79
52.685040 0.79
52.750052 0.78
52.815046 0.79
52.880046 0.78
52.945169 0.78
53.010295 0.79
53.075046 0.79
53.145174 0.78
53.205827 0.78
53.260165 0.79
53.319164 0.78
53.383286 0.79
53.443553 0.79
53.517562 0.78
53.586540 0.78
53.660826 0.79
53.724415 0.79
53.784790 0.78
53.848808 0.79
53.912806 0.78
53.976924 0.79
54.040542 0.78
54.114548 0.79
54.168048 0.78
54.233832 0.79
54.292543 0.79
54.356171 0.78
54.411045 0.79
54.462170 0.79
54.517045 0.79
54.571922 0.78
54.635422 0.79
54.693921 0.79
54.752423 0.79
54.822923 0.79
54.881452 0.78
54.946926 0.78
55.005682 0.78
55.064704 0.78
55.133590 0.78
55.202931 0.78
55.276927 0.79
55.340575 0.79
55.409580 0.78
55.478451 0.79
55.549179 0.78
55.607929 0.79
55.666572 0.78
55.730460 0.79
55.804557 0.78
55.873932 0.79
55.932695 0.79
56.001603 0.78
56.065583 0.79
56.129434 0.79
56.203312 0.79
56.269060 0.78
56.332935 0.79
56.391826 0.79
56.450690 0.78
56.514437 0.78
56.578578 0.78
56.636938 0.79
56.695466 0.78
56.764462 0.79
56.830068 0.78
56.904565 0.78
56.968597 0.78
57.034352 0.79
57.098066 0.79
57.161941 0.78
57.221942 0.78
57.276943 0.79
57.331833 0.79
57.395569 0.79
57.459694 0.79
57.518360 0.78
57.583821 0.78
57.637373 0.79
57.706571 0.79
57.770323 0.79
57.839357 0.78
57.903465 0.78
57.963824 0.79
58.022451 0.78
58.083074 0.78
58.137950 0.79
58.206950 0.78
58.266951 0.79
58.335827 0.78
58.394736 0.79
58.459600 0.78
58.518356 0.79
58.582471 0.78
58.646483 0.79
58.710473 0.78
58.779961 0.78
58.844706 0.79
58.903586 0.79
58.967483 0.79
59.031359 0.78
59.105472 0.78
59.169362 0.79
59.238361 0.78
59.307361 0.78
59.376485 0.79
59.445486 0.79
59.509368 0.79
59.578490 0.78
59.647489 0.79
59.716490 0.79
59.785621 0.78
59.839464 0.78
59.903481 0.79
59.972965 0.78
60.027965 0.78
60.096967 0.79
60.165967 0.79
60.226485 0.79
60.290371 0.78
60.349218 0.79
60.418373 0.78
60.482345 0.79
60.529740 0.79
60.593845 0.79
60.657719 0.79
60.716346 0.78
60.781720 0.79
60.840374 0.79
60.900375 0.79
60.960848 0.78
61.024722 0.79
61.088223 0.79
61.140599 0.78
61.195224 0.79
61.259351 0.79
61.317725 0.79
61.381225 0.79
61.444726 0.78
61.508226 0.79
61.571727 0.79
61.635228 0.78
61.698727 0.79
61.762228 0.79
61.825729 0.79
61.889229 0.79
61.952730 0.79
62.011237 0.79
62.074734 0.78
62.138232 0.79
62.201732 0.79
62.265232 0.78
62.328745 0.79
62.383740 0.79
62.449113 0.79
62.518362 0.79
62.576735 0.79
62.640235 0.79
62.703749 0.79
62.763737 0.79
62.827237 0.78
62.890737 0.79
62.950738 0.79
63.005614 0.79
63.069114 0.79
63.129239 0.78
63.184239 0.79
63.239240 0.79
63.290367 0.78
63.346117 0.78
63.409617 0.79
63.473118 0.79
63.525493 0.79
63.589117 0.79
63.641498 0.79
63.692120 0.79
63.750619 0.78
63.814123 0.78
63.877623 0.78
63.941124 0.79
63.993500 0.78
64.044126 0.78
64.107625 0.78
64.166647 0.78
64.220771 0.79
64.279773 0.79
64.354000 0.78
64.422641 0.79
64.486126 0.79
64.555257 0.79
64.613894 0.78
64.682645 0.78
64.736252 0.78
64.805004 0.79
64.860254 0.79
64.924254 0.78
64.993255 0.79
65.062255 0.78
65.131131 0.78
65.205257 0.78
65.274260 0.79
65.338259 0.79
65.402258 0.79
65.471134 0.79
65.536037 0.79
65.587414 0.78
65.646260 0.79
65.697038 0.79
65.755778 0.79
65.814527 0.79
65.873012 0.79
65.925416 0.79
65.984144 0.79
66.040041 0.79
66.103529 0.79
66.162014 0.79
66.231265 0.80
66.295016 0.79
66.358769 0.79
66.422534 0.79
66.481017 0.79
66.544786 0.79
66.598268 0.79
66.662268 0.78
66.721550 0.79
66.791269 0.79
66.860020 0.78
66.923790 0.79
66.977271 0.78
67.041021 0.78
67.115022 0.78
67.189147 0.79
67.258148 0.79
67.327149 0.79
67.396149 0.79
67.465672 0.79
67.524025 0.78
67.587777 0.79
67.656541 0.78
67.715152 0.79
67.784028 0.79
67.848562 0.78
67.907029 0.78
67.981029 0.79
68.044795 0.79
68.100029 0.79
68.169163 0.79
68.228034 0.79
68.297033 0.79
68.360673 0.78
68.415797 0.79
68.465675 0.79
68.520820 0.78
68.585539 0.79
68.649410 0.79
68.704802 0.78
68.763561 0.78
68.827411 0.78
68.882541 0.78
68.933288 0.79
68.997037 0.79
69.051804 0.78
69.115414 0.78
69.178913 0.79
69.235289 0.78
69.294426 0.78
69.352922 0.79
69.405295 0.79
69.459794 0.79
69.528419 0.79
69.591920 0.78
69.666044 0.79
69.726948 0.78
69.790418 0.78
69.854045 0.78
69.918935 0.79
69.992935 0.80
70.058232 0.79
70.117575 0.78
70.176171 0.78
70.245047 0.79
70.319048 0.79
70.393049 0.79
70.462711 0.79
70.521573 0.78
70.585425 0.79
70.643943 0.79
70.707455 0.79
70.772927 0.80
70.842056 0.79
70.906179 0.79
70.964928 0.78
71.029054 0.78
71.093179 0.78
71.152054 0.78
71.217866 0.79
71.282621 0.79
71.341460 0.78
71.405459 0.79
71.470813 0.78
71.524459 0.79
71.594321 0.79
71.658462 0.79
71.722588 0.79
71.781312 0.79
71.845464 0.78
71.910861 0.79
71.975189 0.78
72.034188 0.79
72.084812 0.78
72.138316 0.79
72.203843 0.79
72.262316 0.79
72.327196 0.78
72.377193 0.79
72.430942 0.79
72.494939 0.79
72.550844 0.79
72.614317 0.78
72.673494 0.79
72.743196 0.79
72.802195 0.78
72.861194 0.79
72.919944 0.79
72.984194 0.79
73.043195 0.79
73.101945 0.78
73.170945 0.79
73.235071 0.79
73.299072 0.79
73.362947 0.78
73.417346 0.79
73.486478 0.78
73.546952 0.79
73.610949 0.79
73.675200 0.78
73.734085 0.78
73.788079 0.79
73.847078 0.78
73.906077 0.79
73.969827 0.79
74.033720 0.79
74.103097 0.79
74.153090 0.79
74.202463 0.79
74.255711 0.79
74.315833 0.78
74.370831 0.78
74.425833 0.78
74.473219 0.79
74.538213 0.79
74.602376 0.79
74.663739 0.79
74.728083 0.79
74.787083 0.79
74.846397 0.79
74.911221 0.78
74.975363 0.79
75.039211 0.78
75.103366 0.79
75.168741 0.78
75.222368 0.79
75.296594 0.79
75.350370 0.79
75.419713 0.78
75.483213 0.79
75.541969 0.78
75.605966 0.79
75.669966 0.78
75.733841 0.78
75.792215 0.78
75.855717 0.78
75.919408 0.79
75.989736 0.78
76.058845 0.78
76.117380 0.78
76.181349 0.78
76.239846 0.79
76.299106 0.79
76.352973 0.79
76.417222 0.78
76.486739 0.78
76.556102 0.78
76.616849 0.79
76.685725 0.79
76.754626 0.79
76.823975 0.78
76.887600 0.78
76.951229 0.79
77.009979 0.79
77.068852 0.79
77.132730 0.79
77.191233 0.78
77.260104 0.79
77.318979 0.79
77.374106 0.79
77.432980 0.79
77.483639 0.78
77.540110 0.78
77.600622 0.79
77.652982 0.79
77.707984 0.78
77.763112 0.79
77.818108 0.78
77.872984 0.79
77.931984 0.79
77.982641 0.79
78.041109 0.79
78.104626 0.79
78.165612 0.79
78.229111 0.78
78.292986 0.79
78.356987 0.79
78.410988 0.79
78.475116 0.78
78.538613 0.79
78.602114 0.78
78.665740 0.79
78.734990 0.79
78.798991 0.79
78.862490 0.79
78.931632 0.79
79.005508 0.79
79.065992 0.78
79.129760 0.78
79.198509 0.79
79.269251 0.78
79.328120 0.79
79.383120 0.78
79.443513 0.79
79.509000 0.79
79.567998 0.79
79.626639 0.79
79.682000 0.78
79.746123 0.78
79.820125 0.78
79.885645 0.79
79.960000 0.79
80.013518 0.78
80.088001 0.78
80.141626 0.78
80.210770 0.79
80.269518 0.79
80.343532 0.79
80.412633 0.79
80.468129 0.79
80.537506 0.78
80.602880 0.79
80.657534 0.80
80.731765 0.79
80.800649 0.79
80.869523 0.79
80.943536 0.79
81.012776 0.78
81.071524 0.78
81.145643 0.79
81.215011 0.79
81.270136 0.78
81.339657 0.79
81.398778 0.79
81.467780 0.79
81.536530 0.78
81.610780 0.79
81.679532 0.78
81.753542 0.78
81.822658 0.78
81.886538 0.79
81.955539 0.78
82.030017 0.79
82.085017 0.79
82.150517 0.79
82.224533 0.78
82.298662 0.79
82.367520 0.78
82.436660 0.79
82.505521 0.79
82.560438 0.78
82.624538 0.78
82.688398 0.79
82.744915 0.78
82.803399 0.79
82.867429 0.79
82.936530 0.79
82.996899 0.79
83.050525 0.78
83.119401 0.78
83.188430 0.79
83.248918 0.79
83.307545 0.79
83.368031 0.79
83.436903 0.79
83.495794 0.78
83.554546 0.80
83.618410 0.78
83.678905 0.79
83.743158 0.79
83.807781 0.78
83.871806 0.78
83.936169 0.79
84.000410 0.78
84.063911 0.78
84.127909 0.79
84.186674 0.79
84.250550 0.79
84.314442 0.78
84.378917 0.79
84.437412 0.79
84.501440 0.79
84.570414 0.79
84.645038 0.79
84.718915 0.78
84.777416 0.79
84.851556 0.79
84.920416 0.78
84.994416 0.78
85.063556 0.79
85.132417 0.78
85.206796 0.79
85.270682 0.79
85.334293 0.