0.000000 0.000000
0.047250 42.78
0.112248 42.78
0.177236 42.22
0.256593 42.22
0.321108 42.22
0.384865 42.22
0.443728 42.22
0.531343 42.22
0.605343 42.22
0.679344 42.22
0.744245 42.22
0.809232 42.22
0.884753 41.67
0.944606 41.67
1.020118 41.67
1.095003 42.22
1.169598 42.22
1.243349 42.22
1.317349 42.22
1.381614 42.22
1.441608 42.22
1.516739 42.22
1.575603 41.67
1.629477 42.22
1.688243 42.22
1.757477 41.67
1.826242 41.67
1.891769 41.67
1.955759 41.67
2.014604 41.67
2.073355 41.67
2.133857 41.67
2.197606 41.67
2.266356 41.67
2.336859 41.67
2.397123 41.67
2.455885 41.67
2.524761 41.67
2.574609 41.67
2.643485 41.67
2.717485 41.67
2.782861 41.67
2.851737 41.67
2.897487 41.67
2.967889 41.67
3.013488 41.67
3.077363 41.67
3.146363 41.67
3.220364 41.67
3.294365 41.67
3.368366 41.67
3.442366 41.67
3.516492 41.67
3.585492 41.67
3.654493 41.67
3.728493 41.67
3.797369 41.67
3.866495 41.67
3.940370 41.67
4.014496 41.67
4.088372 41.67
4.157371 41.67
4.231372 41.67
4.300499 41.67
4.369373 41.67
4.438374 41.67
4.512375 41.67
4.586375 41.67
4.660376 41.67
4.734377 41.67
4.808377 41.67
4.877377 41.67
4.946504 41.67
5.015379 41.67
5.084505 41.67
5.153896 41.67
5.217380 41.67
5.277631 41.67
5.327381 41.67
5.396381 41.67
5.460258 41.67
5.529383 41.67
5.598509 41.67
5.662384 41.67
5.726260 41.67
5.795259 41.67
5.845885 41.67
5.909385 41.67
5.979788 41.67
6.038512 41.67
6.098790 41.67
6.167790 41.67
6.226513 41.67
6.290389 41.67
6.354389 41.67
6.418390 41.67
6.487390 41.67
6.551266 41.67
6.620391 41.67
6.684267 41.67
6.748268 41.67
6.817393 41.67
6.886393 41.67
6.950519 41.67
7.014395 41.67
7.078271 41.67
7.142271 41.67
7.206288 41.67
7.270397 41.67
7.339397 41.67
7.408523 41.67
7.472287 41.67
7.541289 41.67
7.610400 41.67
7.674399 41.67
7.738276 41.67
7.807526 41.67
7.871292 41.67
7.935277 41.67
8.004294 41.67
8.068293 41.67
8.132292 41.67
8.191296 41.67
8.255293 41.67
8.319294 41.67
8.383296 41.67
8.447296 41.67
8.506295 41.67
8.570296 41.67
8.634298 41.67
8.698408 41.67
8.757409 41.67
8.816409 41.67
8.870300 41.67
8.934410 41.67
8.993410 41.67
9.052411 41.67
9.111412 41.67
9.170301 41.67
9.234413 41.67
9.293304 41.67
9.357303 41.67
9.416306 41.67
9.480415 41.67
9.539306 41.67
9.598305 41.67
9.662415 41.67
9.721417 41.67
9.775292 41.67
9.839309 41.67
9.903309 41.67
9.962306 41.67
10.026309 41.67
10.090310 41.67
10.154311 41.67
10.218310 41.67
10.277313 41.67
10.341312 41.67
10.405311 41.67
10.469312 41.67
10.533313 41.67
10.592315 41.67
10.656313 41.67
10.720313 41.67
10.784314 41.67
10.848315 41.67
10.908558 41.67
10.954066 41.67
11.003426 41.67
11.057066 41.67
11.107677 41.67
11.166303 41.67
11.221561 41.67
11.267071 41.67
11.319561 41.67
11.365196 41.67
11.439196 41.67
11.503197 41.67
11.567196 41.67
11.631195 41.67
11.695197 41.67
11.759072 41.67
11.818683 41.67
11.877559 41.67
11.941559 41.67
12.005560 41.67
12.069560 41.67
12.133560 41.67
12.202312 41.67
12.261200 41.67
12.329952 41.67
12.383563 41.67
12.447563 41.67
12.511563 41.67
12.575564 41.67
12.639440 41.67
12.693206 41.67
12.756956 41.67
12.810566 41.67
12.874567 41.67
12.938567 41.67
13.007567 41.67
13.071568 41.67
13.141968 41.67
13.195569 41.67
13.260837 41.67
13.317473 41.67
13.372846 41.67
13.429473 41.67
13.483963 41.67
13.544463 41.67
13.590212 41.67
13.653961 41.67
13.719449 41.67
13.764963 41.67
13.818324 41.67
13.881965 41.67
13.940325 41.67
14.000479 41.67
14.063576 41.67
14.122091 41.67
14.192453 41.67
14.237967 41.67
14.288578 41.67
14.352329 41.67
14.410967 41.67
14.461579 41.67
14.530330 41.67
14.588982 41.67
14.657983 41.67
14.708581 41.67
14.772332 41.67
14.835832 41.67
14.889100 41.67
14.962985 41.67
15.031982 41.67
15.086460 41.67
15.155335 41.67
15.213987 41.67
15.277586 41.67
15.341225 41.67
15.409865 41.67
15.463337 41.67
15.516995 41.67
15.590990 41.67
15.656339 41.67
15.709988 41.67
15.775340 41.67
15.828993 41.67
15.897867 41.67
15.966992 41.67
16.040868 41.67
16.123369 41.67
16.176993 41.67
16.245845 41.67
16.311094 41.67
16.384844 41.67
16.439721 41.67
16.499721 41.67
16.559721 41.67
16.619722 41.67
16.672971 41.67
16.746722 41.67
16.799973 41.67
16.870349 41.67
16.915849 41.67
16.989725 41.67
17.042975 41.67
17.113352 41.67
17.158850 41.67
17.209476 41.67
17.272976 41.67
17.341728 41.67
17.394978 41.67
17.465354 41.67
17.510853 41.67
17.584729 41.67
17.637979 41.67
17.711730 41.67
17.764981 41.67
17.838731 41.67
17.891981 41.67
17.965733 41.67
18.018982 41.67
18.092734 41.67
18.145983 41.67
18.219738 41.67
18.283359 41.67
18.351985 41.67
18.425737 41.67
18.478986 41.67
18.552738 41.67
18.605987 41.67
18.679739 41.67
18.732988 41.67
18.806741 41.67
18.861614 41.67
18.919989 41.67
18.993742 41.11
19.048615 41.67
19.108616 41.67
19.168616 41.67
19.228617 41.67
19.288617 41.67
19.352243 41.11
19.403618 41.11
19.456869 41.11
19.530745 41.67
19.585619 41.11
19.638871 41.11
19.704247 41.11
19.759247 41.11
19.804747 41.67
19.854122 41.11
19.914248 41.11
19.968748 41.11
20.019373 41.11
20.082874 41.67
20.153250 41.11
20.198751 41.11
20.249374 41.11
20.312876 41.11
20.386626 41.11
20.439877 41.11
20.513627 41.11
20.566878 41.11
20.640628 41.11
20.693879 41.11
20.767629 41.11
20.820880 41.11
20.894630 41.11
20.947881 41.11
21.016631 41.11
21.069882 41.11
21.143632 41.11
21.196883 41.11
21.270633 41.11
21.323885 41.11
21.397634 41.11
21.450885 41.11
21.524635 41.11
21.579636 41.11
21.634638 41.11
21.689511 41.11
21.749512 41.11
21.809512 41.11
21.867888 41.11
21.941639 41.11
21.996514 41.11
22.056514 41.11
22.116516 41.11
22.176516 41.11
22.236515 41.11
22.296516 41.11
22.356517 41.11
22.415018 41.11
22.475144 41.11
22.520643 41.11
22.570019 41.11
22.630145 41.11
22.685146 41.11
22.740145 41.11
22.785645 41.11
22.835021 41.11
22.895147 41.11
22.949646 41.11
23.000272 41.11
23.063775 41.11
23.137523 41.11
23.190774 41.11
23.264524 41.11
23.317776 41.11
23.391525 41.11
23.444777 41.11
23.518526 41.11
23.571778 41.11
23.645527 41.11
23.698779 41.11
23.772528 41.11
23.825781 41.11
23.899529 41.11
23.952782 41.11
24.026530 41.11
24.079782 41.11
24.153531 41.11
24.206784 41.11
24.280532 41.11
24.335532 41.11
24.390533 41.11
24.443785 41.11
24.517535 41.11
24.572410 41.11
24.632409 41.11
24.692411 41.11
24.752411 41.11
24.812411 41.11
24.872412 41.11
24.932413 41.11
24.985662 41.11
25.056040 41.11
25.111040 41.11
25.166041 41.11
25.221041 41.11
25.276042 41.11
25.331043 41.11
25.385541 41.11
25.443917 41.11
25.504044 41.11
25.559045 41.11
25.604543 41.11
25.653918 41.11
25.714046 41.11
25.759545 41.11
25.810170 41.11
25.873671 41.11
25.944048 41.11
25.989546 41.11
26.040172 41.11
26.103671 41.11
26.177423 41.11
26.230672 41.11
26.304424 41.11
26.367924 41.11
26.431425 41.11
26.484675 41.11
26.558425 41.11
26.611676 41.11
26.685426 41.11
26.738677 41.11
26.812428 41.11
26.865679 41.11
26.939429 41.11
26.992679 41.11
27.066430 41.11
27.121430 41.11
27.174681 41.11
27.248431 41.11
27.301681 41.11
27.375432 41.11
27.430307 41.11
27.490308 41.11
27.548684 41.11
27.622434 41.11
27.677309 41.11
27.730560 41.11
27.800938 41.11
27.864436 41.11
27.913813 41.11
27.973939 41.11
28.037437 41.11
28.095814 41.11
28.155939 41.11
28.210438 41.11
28.268816 41.11
28.328942 41.11
28.374440 41.11
28.425066 41.11
28.488566 41.11
28.562316 41.11
28.615567 41.11
28.685945 41.11
28.731443 41.11
28.782068 41.11
28.845569 41.11
28.919319 41.11
28.972570 41.11
29.046321 41.11
29.099571 41.11
29.173321 41.11
29.226572 41.11
29.300323 41.11
29.353573 41.11
29.427324 41.11
29.480574 41.11
29.554325 41.11
29.607575 41.11
29.681326 41.11
29.734576 41.11
29.808326 41.11
29.861577 41.11
29.935328 41.11
29.988578 41.11
30.062454 41.11
30.127712 41.11
30.191455 41.11
30.265457 41.11
30.325713 41.11
30.389457 41.11
30.449716 41.11
30.509836 41.11
30.570334 41.11
30.644334 41.11
30.714837 41.11
30.773586 41.11
30.833838 41.11
30.892586 41.11
30.956462 41.11
31.021838 41.11
31.080588 41.11
31.144463 41.11
31.213339 41.11
31.282339 41.11
31.351340 41.11
31.415341 41.11
31.484465 41.11
31.553345 41.11
31.612967 41.11
31.676593 41.11
31.740468 41.11
31.814218 41.11
31.867468 41.11
31.941219 41.11
31.994470 41.11
32.068220 41.11
32.121470 41.11
32.195222 41.11
32.248472 41.11
32.322223 41.11
32.375473 41.11
32.449223 41.11
32.504224 41.11
32.567726 41.11
32.631224 41.11
32.686224 41.11
32.741226 41.11
32.794477 41.11
32.868226 41.11
32.923101 41.11
32.983102 41.11
33.043103 41.11
33.103103 41.11
33.163104 41.11
33.223104 41.11
33.283104 41.11
33.343106 41.11
33.403106 41.11
33.456356 41.11
33.526735 41.11
33.581232 41.11
33.636107 41.11
33.689358 41.11
33.759735 41.11
33.805233 41.11
33.855859 41.11
33.914359 41.11
33.988110 41.11
34.041360 41.11
34.110111 41.11
34.163361 41.11
34.237112 41.11
34.290363 41.11
34.360740 41.11
34.406238 41.11
34.456864 41.11
34.520364 41.11
34.594115 41.11
34.647365 41.11
34.721116 41.11
34.774366 41.11
34.848117 41.11
34.901368 41.11
34.975118 41.11
35.028369 41.11
35.097119 41.11
35.150370 41.11
35.224121 41.11
35.277370 41.11
35.351122 41.11
35.404372 41.11
35.478122 41.11
35.531373 41.11
35.605123 41.11
35.660123 41.11
35.714999 41.11
35.775000 41.11
35.833375 41.11
35.902126 41.11
35.957001 41.11
36.017001 41.11
36.080627 41.11
36.132003 41.11
36.192003 41.11
36.255629 41.11
36.324254 41.11
36.394631 41.11
36.458130 41.11
36.516505 41.11
36.576633 41.11
36.622132 41.11
36.672758 41.11
36.736257 41.11
36.790508 41.11
36.845635 41.11
36.900635 41.11
36.946133 41.11
36.996761 41.11
37.060260 41.11
37.130637 41.11
37.176136 41.11
37.235762 41.11
37.299262 41.11
37.373012 41.11
37.426262 41.11
37.500014 41.11
37.553264 41.11
37.627015 41.11
37.685514 41.11
37.749015 41.11
37.802266 41.11
37.876016 41.11
37.929266 41.11
38.003018 41.11
38.056267 41.11
38.130018 41.11
38.183269 41.11
38.257020 41.11
38.315520 41.11
38.379020 41.11
38.432271 41.11
38.506022 41.11
38.559272 41.11
38.633022 41.11
38.687898 41.11
38.747898 41.11
38.807898 41.11
38.867900 41.11
38.922899 41.11
38.982900 41.11
39.042901 41.11
39.097901 41.11
39.157902 41.11
39.217902 41.11
39.272903 41.11
39.326153 41.11
39.396530 41.11
39.451531 41.11
39.497029 41.11
39.546405 41.11
39.609906 41.11
39.659406 41.11
39.722906 41.11
39.776157 41.11
39.846534 41.11
39.892032 41.11
39.942658 41.11
40.006159 41.11
40.079909 41.11
40.133160 41.11
40.206910 41.11
40.260160 41.11
40.333911 41.11
40.387161 41.11
40.460912 41.11
40.514164 41.11
40.587913 41.11
40.641164 41.11
40.714914 41.11
40.768165 41.11
40.841915 41.11
40.905540 41.11
40.974166 41.11
41.047917 41.11
41.102917 41.11
41.156168 41.11
41.229918 41.11
41.284919 41.11
41.339919 41.11
41.393170 41.11
41.466920 41.11
41.521797 41.11
41.581797 41.11
41.640172 41.11
41.713922 41.11
41.768799 41.11
41.828800 41.11
41.888800 41.11
41.942049 41.11
42.012427 41.11
42.065675 41.11
42.130801 41.11
42.184052 41.11
42.254427 41.11
42.308927 41.11
42.359553 41.11
42.423052 41.11
42.493429 41.11
42.538929 41.11
42.589554 41.11
42.653056 41.11
42.726808 41.11
42.786555 41.11
42.850057 41.11
42.923807 41.11
42.977058 41.11
43.050809 41.11
43.104059 41.11
43.177809 41.11
43.231060 41.11
43.304811 41.11
43.358061 41.11
43.431812 41.11
43.485062 41.11
43.558813 41.11
43.612063 41.11
43.685816 41.11
43.751188 41.11
43.819816 41.11
43.873065 41.11
43.946816 41.11
44.000066 41.11
44.073817 41.11
44.128817 41.11
44.182067 41.11
44.255819 41.11
44.309069 41.11
44.382820 41.11
44.437694 41.11
44.497694 41.11
44.557695 41.11
44.617695 41.11
44.677696 41.11
44.737697 41.11
44.797696 41.11
44.850947 41.11
44.921324 41.11
44.976325 41.11
45.031325 41.11
45.086326 41.11
45.131826 41.11
45.181200 41.11
45.241327 41.11
45.286826 41.11
45.337451 41.11
45.400952 41.11
45.471329 41.11
45.516828 41.11
45.567453 41.11
45.630954 41.11
45.704704 41.11
45.759455 41.11
45.817955 41.11
45.891712 41.11
45.944956 41.11
46.013712 41.11
46.066958 41.11
46.140714 41.11
46.193959 41.11
46.267715 41.11
46.320959 41.11
46.394716 41.11
46.471713 41.11
46.548716 41.11
46.621337 41.11
46.681721 41.11
46.745717 41.11
46.809718 41.11
46.873720 41.11
46.937866 41.11
47.001864 41.11
47.065721 41.11
47.124868 41.11
47.188722 41.11
47.252721 41.11
47.316721 41.11
47.383720 41.11
47.447721 41.11
47.511720 41.11
47.575871 41.11
47.639722 41.11
47.703761 41.11
47.758728 41.11
47.822871 41.11
47.886724 41.11
47.950725 41.11
48.014725 41.11
48.078878 41.11
48.142750 41.11
48.197875 41.11
48.252877 41.11
48.311895 41.11
48.367132 41.11
48.418243 41.11
48.478353 41.11
48.538603 41.11
48.604741 41.11
48.669358 41.11
48.743886 41.11
48.798885 41.11
48.862764 41.67
48.932917 41.67
49.002744 41.67
49.062127 41.67
49.136886 41.67
49.197772 41.67
49.257239 41.67
49.327126 41.67
49.387783 41.67
49.446764 41.67
49.507615 41.67
49.566778 41.67
49.627612 41.67
49.686767 41.67
49.745769 41.67
49.810259 41.67
49.879771 41.67
49.938770 41.67
49.997770 41.67
50.061996 41.67
50.117618 41.67
50.178617 41.67
50.243134 41.67
50.307260 42.22
50.368003 41.67
50.418374 42.22
50.482783 42.22
50.543263 42.22
50.612135 42.22
50.676928 42.22
50.731376 42.22
50.791784 42.22
50.852263 42.22
50.917777 42.22
50.982377 42.22
51.042780 42.22
51.107249 42.22
51.163374 42.22
51.224075 42.22
51.285381 42.22
51.345790 42.22
51.415270 42.22
51.481155 42.22
51.550796 42.22
51.611275 42.22
51.680785 42.22
51.750144 42.22
51.814276 42.22
51.868151 42.22
51.934147 42.22
51.998274 42.22
52.072632 42.22
52.134194 42.22
52.193925 42.22
52.258152 42.22
52.322151 42.22
52.381149 42.22
52.445937 42.22
52.500160 42.78
52.564637 42.78
52.623636 42.78
52.687636 42.78
52.752286 42.78
52.811907 42.78
52.867642 42.78
52.933932 42.78
52.994087 42.78
53.061090 42.78
53.120844 42.78
53.180649 42.78
53.247188 42.78
53.317838 42.78
53.371814 42.78
53.426151 42.78
53.492274 42.78
53.547647 42.78
53.602820 42.78
53.657897 42.78
53.713174 42.78
53.779278 42.78
53.848897 42.78
53.902799 42.78
53.952801 42.78
54.006648 42.78
54.056648 42.78
54.125397 43.33
54.178648 43.33
54.233524 43.33
54.293525 43.33
54.367650 43.33
54.422813 43.33
54.476525 43.33
54.540531 43.33
54.614402 43.33
54.679807 43.33
54.733657 43.33
54.787652 43.33
54.861529 43.33
54.930529 43.33
54.999532 43.33
55.068530 43.33
55.127530 43.33
55.191657 43.33
55.245536 43.33
55.309659 43.33
55.370535 43.33
55.439672 43.33
55.498659 43.33
55.553534 43.33
55.627409 43.33
55.682286 43.33
55.751160 43.33
55.819914 43.33
55.886942 43.33
55.936662 43.33
55.995823 43.33
56.050664 43.33
56.109669 43.33
56.168666 43.33
56.222672 43.33
56.287918 43.33
56.352043 43.33
56.420916 43.33
56.491917 43.33
56.546934 43.33
56.616418 43.33
56.667189 43.33
56.720668 43.33
56.779422 43.33
56.835544 43.33
56.899420 43.33
56.973420 43.33
57.024045 43.33
57.087672 43.33
57.156547 43.33
57.230428 43.33
57.299424 43.33
57.363424 43.33
57.432424 43.33
57.501550 43.33
57.570550 43.33
57.644301 43.33
57.718429 43.33
57.792304 43.33
57.866429 43.33
57.940428 43.33
58.004304 43.33
58.078429 43.33
58.152555 43.33
58.226305 43.33
58.281189 43.33
58.341187 43.33
58.401186 43.33
58.461185 43.33
58.521186 43.33
58.584686 43.33
58.648696 43.33
58.706017 43.33
58.777878 43.33
58.838588 43.33
58.893092 43.33
58.968444 43.33
59.030854 43.33
59.094689 43.33
59.140438 43.33
59.214314 42.78
59.279815 42.78
59.344565 42.78
59.408315 42.78
59.472441 42.78
59.541441 42.78
59.605317 42.78
59.674194 42.78
59.727445 42.78
59.801196 42.78
59.854446 42.78
59.928196 42.78
59.981448 42.78
60.045699 42.78
60.104447 42.78
60.168321 42.78
60.237452 42.78
60.301322 42.78
60.370212 42.78
60.434448 42.78
60.509335 42.78
60.578450 42.78
60.647325 42.78
60.716326 42.78
60.790452 42.78
60.854452 42.78
60.918330 42.78
60.986956 42.78
61.052081 42.78
61.112082 42.78
61.172082 42.78
61.232083 42.78
61.285833 42.78
61.349335 42.78
61.409735 42.78
61.478832 42.78
61.539224 42.78
61.613350 42.78
61.678737 42.78
61.737333 42.78
61.797728 42.78
61.861460 42.78
61.920211 42.78
61.985752 42.22
62.045337 42.22
62.110713 42.78
62.170717 42.22
62.234838 42.78
62.298868 42.22
62.357589 42.22
62.416840 42.78
62.480589 42.78
62.540718 42.22
62.586215 42.78
62.649720 42.22
62.726591 42.22
62.785095 42.22
62.838345 42.22
62.912096 42.22
62.978597 42.22
63.037098 42.22
63.090347 42.22
63.154470 42.22
63.218238 42.22
63.281723 42.22
63.355724 42.22
63.424876 42.22
63.488725 42.22
63.552724 42.22
63.613100 42.22
63.671876 42.22
63.740877 42.22
63.804600 42.22
63.865229 42.22
63.929478 42.22
63.993356 42.22
64.052228 42.22
64.120854 42.22
64.181117 42.22
64.240897 42.22
64.300233 42.22
64.359246 42.22
64.428119 42.22
64.493634 42.22
64.557945 42.22
64.622361 42.22
64.681362 42.22
64.740234 42.22
64.804233 42.22
64.868126 42.22
64.932494 42.22
65.002235 42.22
65.066772 42.22
65.125612 42.22
65.189767 42.22
65.248612 42.22
65.323118 42.22
65.373744 42.22
65.437240 42.22
65.510994 42.22
65.564242 42.22
65.637994 42.22
65.708268 42.22
65.774494 42.22
65.833243 42.22
65.892243 42.22
65.956258 42.22
66.015382 42.22
66.085137 42.22
66.149245 42.22
66.213370 42.22
66.272245 42.22
66.336371 42.22
66.395130 42.22
66.463755 42.22
66.527250 42.22
66.601001 42.22
66.656000 42.22
66.710876 42.22
66.770142 42.22
66.835265 42.22
66.899251 42.22
66.968376 42.22
67.032376 42.22
67.091252 42.22
67.161385 42.22
67.220632 42.22
67.275880 42.22
67.329504 42.22
67.394880 42.22
67.449897 42.22
67.514816 42.22
67.574261 42.22
67.628133 42.22
67.702051 42.22
67.752632 42.22
67.811383 42.22
67.865278 42.22
67.924008 42.22
67.974633 42.22
68.038133 42.22
68.111885 42.22
68.170386 42.22
68.229029 42.22
68.293262 42.22
68.352030 42.22
68.425887 42.22
68.479513 42.22
68.548280 42.22
68.607033 42.22
68.676016 42.22
68.735640 42.22
68.794391 42.22
68.853032 42.22
68.916517 42.22
68.985283 42.22
69.042395 42.22
69.096161 42.22
69.169893 42.22
69.223519 42.22
69.293895 42.22
69.352398 42.22
69.411161 42.22
69.479912 42.22
69.538396 42.22
69.593396 42.22
69.644397 42.22
69.695397 42.22
69.746524 42.22
69.810166 42.22
69.870292 42.22
69.929040 42.22
69.994430 42.22
70.039918 42.22
70.109659 42.22
70.164905 42.22
70.224923 42.22
70.290432 42.22
70.336170 42.22
70.396405 42.22
70.450911 42.22
70.501534 42.22
70.565033 42.22
70.638785 42.22
70.692032 42.22
70.765786 42.22
70.824533 42.22
70.878284 42.22
70.931926 42.22
71.005812 42.22
71.079814 42.22
71.133284 42.22
71.187167 42.22
71.245929 42.22
71.319817 42.22
71.373286 42.22
71.426928 42.22
71.500817 42.22
71.569797 42.22
71.623044 42.22
71.696793 42.22
71.750042 42.22
71.823793 42.22
71.877042 42.22
71.940936 42.22
71.999947 42.22
72.073793 42.22
72.142793 42.22
72.216820 42.22
72.280938 42.22
72.354824 42.22
72.413295 42.22
72.463294 42.22
72.513295 42.22
72.563421 42.22
72.632559 42.22
72.697672 42.22
72.751422 42.22
72.815305 42.22
72.879299 42.22
72.925299 42.22
72.989300 42.22
73.059214 42.22
73.114558 42.22
73.178966 42.22
73.239336 42.22
73.284942 42.22
73.353832 42.22
73.419332 42.22
73.464943 42.22
73.529562 42.22
73.593949 42.22
73.648947 42.22
73.707837 42.22
73.771836 42.22
73.835834 42.22
73.896564 42.22
73.955953 42.22
74.019839 42.22
74.088837 42.22
74.157837 42.22
74.226963 42.22
74.290841 42.22
74.359837 42.22
74.428841 42.22
74.497686 42.22
74.566841 42.22
74.635690 42.22
74.704845 42.22
74.768688 42.22
74.842845 42.22
74.906845 42.22
74.967069 42.22
75.035692 42.22
75.090694 42.22
75.159443 42.22
75.224571 42.22
75.284570 42.22
75.338088 42.22
75.396848 42.22
75.470694 42.22
75.534849 42.22
75.598695 42.22
75.662696 42.22
75.732455 42.22
75.792110 42.22
75.856093 42.22
75.909824 42.22
75.978698 42.22
76.029323 42.22
76.092825 42.22
76.161987 42.22
76.216455 42.22
76.275994 42.22
76.325702 42.22
76.390336 42.22
76.464963 42.22
76.520095 42.22
76.584021 42.22
76.647582 42.22
76.706079 42.22
76.764704 42.22
76.838580 42.22
76.893222 42.22
76.962096 42.22
77.025714 42.22
77.090719 42.22
77.164714 42.22
77.224587 42.22
77.283718 42.22
77.348962 42.22
77.408337 42.22
77.466838 42.22
77.535714 42.22
77.594714 42.22
77.668714 42.22
77.742715 42.22
77.806716 42.22
77.880715 42.22
77.944720 42.22
78.013339 42.22
78.077233 42.22
78.146721 42.22
78.217119 42.22
78.270721 42.22
78.334721 42.22
78.389592 42.22
78.448224 42.22
78.527598 42.22
78.596725 42.22
78.661226 42.22
78.730228 42.22
78.801132 42.22
78.870221 42.22
78.934224 42.22
78.992725 42.22
79.055105 42.22
79.100731 42.22
79.155728 42.22
79.210729 42.22
79.275353 42.22
79.333733 42.22
79.388601 42.22
79.439227 42.22
79.503227 42.22
79.559227 42.22
79.624606 42.22
79.693733 42.22
79.757735 42.22
79.826765 42.22
79.890604 42.22
79.954608 42.22
80.023767 42.22
80.087763 42.22
80.151892 42.22
80.215