0.000000 0.000000
0.057796 59.00
0.128511 59.00
0.192482 59.00
0.243099 59.00
0.306599 59.00
0.380347 59.00
0.433598 59.00
0.507348 59.00
0.560599 59.00
0.634349 59.00
0.687600 59.00
0.761482 59.00
0.826988 59.00
0.885614 59.00
0.951615 59.00
1.015107 59.00
1.078605 59.00
1.152354 59.00
1.205604 59.00
1.279354 59.00
1.332605 59.00
1.406879 59.00
1.465608 59.00
1.539357 59.00
1.594357 59.00
1.649356 59.00
1.704357 59.00
1.757608 59.00
1.831358 59.00
1.886233 59.00
1.946234 59.00
2.006234 59.00
2.066235 59.00
2.126235 59.00
2.186236 59.00
2.246236 59.00
2.306237 59.00
2.366237 59.00
2.419489 59.00
2.484613 59.00
2.549864 59.00
2.604364 59.00
2.662740 59.00
2.722865 59.00
2.777365 59.00
2.835740 59.00
2.895866 59.00
2.941366 59.00
2.991992 59.00
3.055493 59.00
3.125868 59.00
3.171368 59.00
3.221994 59.00
3.285495 59.00
3.359244 59.00
3.412496 59.00
3.486245 59.00
3.539497 59.00
3.613246 59.00
3.666498 59.00
3.740247 59.00
3.793499 59.00
3.867248 59.00
3.920500 59.00
3.994249 59.00
4.047501 59.00
4.121250 59.00
4.174501 59.00
4.248251 59.00
4.301502 59.00
4.375252 59.00
4.428503 59.00
4.502253 59.00
4.555504 59.00
4.629254 59.00
4.684129 59.00
4.742505 59.00
4.816255 59.00
4.871130 59.00
4.931131 59.00
4.991131 59.00
5.051132 59.00
5.111133 59.00
5.171133 59.00
5.231135 59.00
5.286260 59.00
5.355541 59.00
5.414386 59.00
5.478543 59.00
5.537386 59.00
5.601542 59.00
5.660388 59.00
5.724541 59.00
5.783389 59.00
5.847545 59.00
5.906389 59.00
5.965390 59.00
6.029390 59.00
6.093546 59.00
6.152391 59.00
6.216545 59.00
6.275392 59.00
6.334392 59.00
6.398393 59.00
6.462548 59.00
6.521394 59.00
6.585550 59.00
6.649549 59.00
6.708548 59.00
6.767396 59.00
6.831551 59.00
6.890397 59.00
6.954552 59.00
7.013397 59.00
7.077553 59.00
7.136398 59.00
7.200554 59.00
7.259399 59.00
7.323554 59.00
7.382400 59.00
7.446556 59.00
7.505401 59.00
7.569556 59.00
7.628402 59.00
7.692556 59.00
7.751403 59.00
7.815559 59.00
7.874404 59.00
7.933279 59.00
8.003655 59.00
8.057280 59.00
8.127656 59.00
8.181281 59.00
8.251657 59.00
8.305282 59.00
8.375658 59.00
8.421283 59.00
8.491658 59.00
8.546283 59.00
8.616660 59.00
8.670285 59.00
8.740660 59.00
8.786286 59.00
8.860036 59.00
8.918802 59.00
8.987565 59.00
9.041287 59.00
9.115038 59.00
9.173804 59.00
9.237414 59.00
9.296289 59.00
9.370040 59.00
9.428931 59.00
9.492807 59.00
9.566933 59.00
9.630807 59.00
9.694418 59.00
9.753168 59.00
9.822168 59.00
9.891168 59.00
9.960170 59.00
10.027325 59.00
10.086295 59.00
10.150295 59.00
10.224046 59.00
10.284172 59.00
10.358297 59.00
10.432048 59.00
10.484576 59.00
10.530298 59.00
10.599299 59.00
10.668300 59.00
10.732050 59.00
10.784580 59.00
10.830426 59.00
10.884176 59.00
10.954579 59.00
11.000302 59.00
11.059053 59.00
11.111583 59.00
11.157303 59.00
11.211054 59.00
11.267071 59.00
11.319582 59.00
11.365305 59.00
11.424055 59.00
11.498073 59.00
11.554072 59.00
11.610073 59.00
11.666075 59.00
11.726183 59.00
11.800076 59.00
11.864184 59.00
11.938076 59.00
12.002185 59.00
12.071060 59.00
12.140061 59.00
12.204061 59.00
12.273076 59.00
12.342077 59.00
12.411081 59.00
12.480080 59.00
12.549080 59.00
12.618079 59.00
12.682189 59.00
12.756065 59.00
12.820191 59.00
12.884066 59.00
12.948067 59.00
13.007192 59.00
13.076084 59.00
13.145452 59.00
13.201609 59.00
13.255737 60.00
13.320195 60.00
13.384085 59.00
13.448070 59.00
13.512084 59.00
13.576085 59.00
13.635071 59.00
13.699072 59.00
13.763073 59.00
13.827088 59.00
13.891073 59.00
13.950074 59.00
14.014089 59.00
14.078075 59.00
14.142075 59.00
14.206089 59.00
14.261076 59.00
14.330201 59.00
14.393952 59.00
14.452326 59.00
14.515828 59.00
14.569078 59.00
14.642829 59.00
14.696078 59.00
14.764855 59.00
14.828581 59.00
14.892582 59.00
14.956581 59.00
15.020608 59.00
15.084608 59.00
15.148584 59.00
15.212732 59.00
15.276585 59.00
15.340585 59.00
15.404586 59.00
15.468587 59.00
15.532589 59.00
15.602086 59.00
15.661087 59.00
15.720087 59.00
15.784087 59.00
15.843087 59.00
15.907088 59.00
15.966088 59.00
16.025089 59.00
16.084090 59.00
16.142980 59.00
16.211855 59.00
16.266967 59.00
16.315216 59.00
16.373855 59.00
16.432217 59.00
16.487343 59.00
16.545858 59.00
16.595218 59.00
16.658858 59.00
16.723859 60.00
16.790859 60.00
16.840219 59.00
16.898861 59.00
16.967862 59.00
17.018471 59.00
17.082221 59.00
17.145861 59.00
17.210863 59.00
17.261598 59.00
17.320349 59.00
17.365987 59.00
17.434865 59.00
17.499875 59.00
17.550483 59.00
17.608989 59.00
17.699752 59.00
17.752991 60.00
17.821868 60.00
17.891103 59.00
17.949994 59.00
18.013992 59.00
18.077993 59.00
18.160995 59.00
18.224994 59.00
18.315997 59.00
18.388487 59.00
18.452490 59.00
18.535488 59.00
18.599492 59.00
18.671997 59.00
18.735999 59.00
18.808489 59.00
18.868887 59.00
18.927494 59.00
18.981111 59.00
19.034760 59.00
19.093494 59.00
19.152493 59.00
19.223238 59.00
19.277004 59.00
19.335763 59.00
19.399994 59.00
19.458739 59.00
19.513363 59.00
19.576864 59.00
19.647239 59.00
19.702240 59.00
19.757240 59.00
19.812241 59.00
19.867241 59.00
19.912742 59.00
19.962117 59.00
20.022242 59.00
20.077244 59.00
20.122744 59.00
20.172118 59.00
20.235620 59.00
20.288869 59.00
20.362621 59.00
20.415871 59.00
20.489622 59.00
20.542872 59.00
20.616623 59.00
20.669873 59.00
20.743623 59.00
20.796873 59.00
20.870624 59.00
20.923875 59.00
20.997625 59.00
21.050876 59.00
21.124626 59.00
21.177876 59.00
21.251627 59.00
21.304877 59.00
21.378628 59.00
21.431878 59.00
21.505629 59.00
21.560629 59.00
21.615630 60.00
21.670506 60.00
21.728881 59.00
21.802632 59.00
21.857507 59.00
21.917507 59.00
21.977509 59.00
22.037509 59.00
22.097509 59.00
22.150759 59.00
22.215884 59.00
22.289635 59.00
22.348010 59.00
22.408136 59.00
22.463135 59.00
22.518136 59.00
22.573136 59.00
22.628137 59.00
22.682638 59.00
22.732012 59.00
22.792138 59.00
22.837639 59.00
22.896014 59.00
22.959516 59.00
23.012765 59.00
23.086517 59.00
23.139766 59.00
23.213518 59.00
23.266767 59.00
23.340519 59.00
23.393768 59.00
23.467519 59.00
23.520769 59.00
23.594520 59.00
23.647769 59.00
23.721522 59.00
23.774770 59.00
23.848523 59.00
23.901772 59.00
23.975524 59.00
24.028773 59.00
24.102524 59.00
24.155773 59.00
24.229526 59.00
24.282774 59.00
24.356526 59.00
24.411526 59.00
24.466401 59.00
24.526401 59.00
24.586401 59.00
24.646403 59.00
24.706404 59.00
24.766402 59.00
24.826404 59.00
24.886404 59.00
24.939655 60.00
25.004780 60.00
25.078531 59.00
25.133405 59.00
25.186656 59.00
25.257031 59.00
25.312032 59.00
25.357533 59.00
25.406908 59.00
25.467034 59.00
25.521535 59.00
25.570909 59.00
25.634409 59.00
25.687660 59.00
25.758035 59.00
25.803537 59.00
25.861911 59.00
25.925411 59.00
25.978662 59.00
26.052412 59.00
26.105663 59.00
26.179412 59.00
26.232664 59.00
26.306414 59.00
26.359664 59.00
26.433415 59.00
26.486665 59.00
26.560416 59.00
26.613667 59.00
26.687417 59.00
26.740668 59.00
26.814418 59.00
26.867668 59.00
26.941419 59.00
26.996419 59.00
27.051419 59.00
27.106420 59.00
27.159671 59.00
27.233421 59.00
27.288296 59.00
27.348297 59.00
27.408297 59.00
27.468298 59.00
27.528299 59.00
27.588299 59.00
27.648298 59.00
27.708299 59.00
27.768300 59.00
27.831801 59.00
27.900426 59.00
27.958801 59.00
28.018927 59.00
28.073927 59.00
28.128928 59.00
28.183428 59.00
28.241804 59.00
28.305429 59.00
28.354804 59.00
28.418305 59.00
28.471557 59.00
28.541931 59.00
28.587431 59.00
28.638056 59.00
28.701559 59.00
28.775307 59.00
28.828559 59.00
28.898933 59.00
28.962434 59.00
29.013059 59.00
29.076561 59.00
29.150311 59.00
29.203562 59.00
29.277311 59.00
29.330563 59.00
29.399312 59.00
29.452563 59.00
29.526313 59.00
29.579565 59.00
29.653314 59.00
29.708315 59.00
29.763315 59.00
29.816690 59.00
29.885441 59.00
29.949441 59.00
30.013317 59.00
30.068443 59.00
30.132443 59.00
30.201595 59.00
30.270596 59.00
30.345195 59.00
30.414195 59.00
30.479848 59.00
30.534446 59.00
30.598598 59.00
30.657599 59.00
30.716597 59.00
30.775600 59.00
30.829449 59.00
30.893601 59.00
30.952607 59.00
31.011601 59.00
31.070603 59.00
31.129603 59.00
31.188603 59.00
31.242452 59.00
31.306602 59.00
31.365453 59.00
31.424452 59.00
31.488453 59.00
31.552454 59.00
31.616454 59.00
31.680454 59.00
31.739455 59.00
31.803455 59.00
31.867456 59.00
31.931609 59.00
31.990609 59.00
32.049610 59.00
32.103458 59.00
32.167458 59.00
32.231459 59.00
32.295460 59.00
32.359460 59.00
32.418461 59.00
32.482461 59.00
32.546612 59.00
32.600462 59.00
32.664462 59.00
32.728462 59.00
32.792462 59.00
32.856463 59.00
32.915464 59.00
32.979617 59.00
33.038464 59.00
33.102466 59.00
33.171466 59.00
33.254107 59.00
33.309092 59.00
33.367592 59.00
33.431342 59.00
33.500343 59.00
33.569344 59.00
33.634743 59.00
33.680220 59.00
33.730859 59.00
33.789345 59.00
33.852747 59.00
33.898221 59.00
33.948862 59.00
34.007347 59.00
34.084988 59.00
34.153989 59.00
34.222991 59.00
34.281349 59.00
34.350349 59.00
34.427991 59.00
34.496992 59.00
34.565993 59.00
34.624351 59.00
34.693352 59.00
34.765994 60.00
34.829995 60.00
34.915994 59.00
34.979996 59.00
35.043870 60.00
35.107488 60.00
35.166355 59.00
35.230356 59.00
35.321631 60.00
35.380357 59.00
35.444357 59.00
35.508358 60.00
35.572358 60.00
35.646110 59.00
35.709999 59.00
35.787110 59.00
35.847011 59.00
35.911001 59.00
35.974879 59.00
36.049002 59.00
36.113005 59.00
36.177005 59.00
36.230489 59.00
36.284114 59.00
36.337756 59.00
36.396365 59.00
36.461640 59.00
36.507366 59.00
36.571117 59.00
36.621758 59.00
36.680367 59.00
36.745649 59.00
36.804494 59.00
36.858118 59.00
36.910644 59.00
36.956369 59.00
37.016645 59.00
37.062369 59.00
37.126120 59.00
37.196646 59.00
37.260371 59.00
37.328997 59.00
37.393997 59.00
37.447498 59.00
37.501373 59.00
37.569999 59.00
37.623500 59.00
37.677125 59.00
37.742375 59.00
37.811000 59.00
37.864502 59.00
37.918127 59.00
37.981767 59.00
38.042127 59.00
38.116002 60.00
38.169504 60.00
38.223128 60.00
38.297129 59.00
38.366005 59.00
38.421261 59.00
38.480005 59.00
38.535262 59.00
38.595381 59.00
38.664007 59.00
38.733007 59.00
38.788139 59.00
38.841774 59.00
38.907024 59.00
38.962140 59.00
39.012141 59.00
39.071010 59.00
39.120662 59.00
39.186025 59.00
39.238527 59.00
39.288137 59.00
39.353512 59.00
39.399262 59.00
39.464540 59.00
39.510138 59.00
39.579013 59.00
39.635028 59.00
39.689664 59.00
39.748140 60.00
39.817015 60.00
39.873031 59.00
39.929032 59.00
40.003033 59.00
40.067017 59.00
40.141017 59.00
40.197033 59.00
40.253035 59.00
40.322144 59.00
40.396032 59.00
40.460020 59.00
40.524020 59.00
40.593146 59.00
40.666895 59.00
40.720146 59.00
40.793896 59.00
40.847147 59.00
40.920898 59.00
40.974148 59.00
41.048023 59.00
41.113273 59.00
41.181900 59.00
41.235150 59.00
41.308900 59.00
41.363901 59.00
41.417150 59.00
41.490902 59.00
41.545777 59.00
41.605778 59.00
41.664153 59.00
41.737904 59.00
41.792780 59.00
41.852780 59.00
41.906029 59.00
41.976404 59.00
42.039906 59.00
42.094781 59.00
42.148031 59.00
42.218407 59.00
42.273407 59.00
42.328407 59.00
42.383408 59.00
42.437909 59.00
42.492785 59.00
42.546035 59.00
42.616409 59.00
42.661911 59.00
42.720286 59.00
42.783787 59.00
42.837036 59.00
42.910787 59.00
42.964038 59.00
43.032789 59.00
43.086038 59.00
43.155164 60.00
43.219040 59.00
43.283057 59.00
43.347055 59.00
43.411058 59.00
43.475059 60.00
43.549544 60.00
43.613682 59.00
43.677545 59.00
43.741546 59.00
43.805546 59.00
43.869547 59.00
43.933550 59.00
43.997547 59.00
44.056548 59.00
44.120549 59.00
44.184549 59.00
44.248552 59.00
44.318063 59.00
44.382064 60.00
44.440815 60.00
44.504551 59.00
44.568552 59.00
44.632552 59.00
44.696581 59.00
44.756052 59.00
44.814818 59.00
44.878557 59.00
44.948068 59.00
45.012068 59.00
45.076071 59.00
45.135055 59.00
45.199180 59.00
45.248822 59.00
45.299430 59.00
45.359431 59.00
45.419431 59.00
45.474433 59.00
45.533559 59.00
45.597559 60.00
45.661559 60.00
45.725562 59.00
45.795076 59.00
45.859074 59.00
45.923075 59.00
45.987075 59.00
46.051078 59.00
46.114829 59.00
46.189077 59.00
46.253063 59.00
46.317078 59.00
46.391564 59.00
46.466189 59.00
46.525078 59.00
46.583829 59.00
46.652832 59.00
46.721706 59.00
46.790707 59.00
46.859707 60.00
46.923708 60.00
46.992707 59.00
47.051444 59.00
47.106571 59.00
47.175711 59.00
47.244708 59.00
47.299822 59.00
47.363711 59.00
47.437960 59.00
47.496837 59.00
47.560961 59.00
47.619963 59.00
47.674962 59.00
47.733963 59.00
47.792965 59.00
47.847964 59.00
47.911714 59.00
47.980717 59.00
48.031451 59.00
48.090076 59.00
48.148717 59.00
48.217716 59.00
48.268453 59.00
48.332453 59.00
48.391204 59.00
48.436844 59.00
48.500721 59.00
48.564720 59.00
48.638721 59.00
48.707733 60.00
48.776858 60.00
48.845722 59.00
48.920767 59.00
48.981747 59.00
49.040726 59.00
49.104976 59.00
49.163974 59.00
49.223594 59.00
49.287857 59.00
49.362588 59.00
49.426977 59.00
49.491471 59.00
49.552754 59.00
49.611873 59.00
49.670733 59.00
49.734732 59.00
49.793339 59.00
49.846733 59.00
49.915591 59.00
49.979341 59.00
50.032745 59.00
50.088095 59.00
50.152469 59.00
50.216343 59.00
50.271593 59.00
50.341018 59.00
50.395497 59.00
50.459754 59.00
50.523752 59.00
50.587749 59.00
50.642910 59.00
50.698349 59.00
50.757223 59.00
50.819114 59.00
50.878990 59.00
50.944767 59.00
51.003758 59.00
51.058867 59.00
51.117753 59.00
51.181751 59.00
51.251354 59.00
51.310352 59.00
51.369351 59.00
51.428226 59.00
51.502993 59.00
51.567355 59.00
51.631792 59.00
51.697631 60.00
51.762996 60.00
51.817030 59.00
51.888772 59.00
51.949638 59.00
52.015637 59.00
52.079760 59.00
52.155013 59.00
52.214003 59.00
52.272789 59.00
52.342358 59.00
52.403245 59.00
52.463007 59.00
52.527362 59.00
52.586362 59.00
52.645003 59.00
52.698760 59.00
52.762770 59.00
52.837489 59.00
52.906488 59.00
52.976024 59.00
53.033012 59.00
53.093653 59.00
53.148758 59.00
53.207770 59.00
53.268121 59.00
53.332898 59.00
53.387379 59.00
53.448377 59.00
53.518754 59.00
53.578376 59.00
53.643513 59.00
53.708374 59.00
53.773244 59.00
53.832246 59.00
53.901621 59.00
53.971380 59.00
54.030769 59.00
54.084627 59.00
54.139768 59.00
54.198751 60.00
54.258514 60.00
54.322750 59.00
54.382003 59.00
54.451761 59.00
54.510775 59.00
54.570251 59.00
54.634902 59.00
54.693532 59.00
54.757626 59.00
54.826656 59.00
54.895878 59.00
54.954533 59.00
55.023535 59.00
55.092504 59.00
55.156655 59.00
55.225656 59.00
55.284630 59.00
55.353507 59.00
55.417507 59.00
55.476508 59.00
55.550382 59.00
55.627508 59.00
55.701386 59.00
55.765133 59.00
55.834134 59.00
55.898384 59.00
55.962539 59.00
56.031903 59.00
56.086901 59.00
56.141548 59.00
56.202012 59.00
56.266262 59.00
56.319638 59.00
56.385013 59.00
56.443903 59.00
56.506018 59.00
56.559542 59.00
56.628547 59.00
56.692391 59.00
56.756391 59.00
56.826032 60.00
56.887891 60.00
56.933392 59.00
57.002561 59.00
57.066556 60.00
57.141269 60.00
57.205807 59.00
57.275145 59.00
57.334020 59.00
57.392674 59.00
57.456396 59.00
57.520397 59.00
57.589694 59.00
57.648648 59.00
57.712397 59.00
57.777664 60.00
57.836399 60.00
57.905274 59.00
57.958555 59.00
58.028151 59.00
58.092026 59.00
58.150530 59.00
58.214402 59.00
58.288558 59.00
58.352556 59.00
58.421529 59.00
58.490560 59.00
58.554557 59.00
58.618405 59.00
58.687405 59.00
58.751406 59.00
58.820280 59.00
58.875282 59.00
58.935411 59.00
58.985429 59.00
59.049561 59.00
59.099408 59.00
59.159786 59.00
59.214786 59.00
59.269786 60.00
59.324787 60.00
59.379287 60.00
59.429912 59.00
59.493413 59.00
59.562412 59.00
59.626162 59.00
59.685054 59.00
59.738413 59.00
59.802568 59.00
59.861414 59.00
59.925577 59.00
59.995165 59.00
60.048415 59.00
60.112291 59.00
60.181167 59.00
60.239935 59.00
60.304058 59.00
60.368168 59.00
60.421418 59.00
60.485418 59.00
60.549294 59.00
60.618560 59.00
60.682295 59.00
60.747697 59.00
60.806296 59.00
60.873452 59.00
60.937296 59.00
61.002687 59.00
61.061578 59.00
61.120575 59.00
61.184549 59.00
61.248424 59.00
61.312578 59.00
61.371425 59.00
61.435300 59.00
61.504579 59.00
61.563180 59.00
61.619695 59.00
61.674583 60.00
61.733177 60.00
61.788053 59.00
61.848331 59.00
61.897946 59.00
61.951429 59.00
62.010305 59.00
62.074180 59.00
62.127556 59.00
62.186431 59.00
62.241681 59.00
62.287306 59.00
62.356307 59.00
62.420308 59.00
62.489308 59.00
62.553312 60.00
62.623711 60.00
62.678184 59.00
62.743060 59.00
62.801952 59.00
62.865952 59.00
62.924989 59.00
62.984314 59.00
63.058063 59.00
63.121828 59.00
63.185438 59.00
63.244063 59.00
63.302960 59.00
63.367317 59.00
63.431190 59.00
63.494956 59.00
63.558958 59.00
63.622957 59.00
63.676962 60.00
63.737193 60.00
63.806193 59.00
63.875193 59.00
63.944194 59.00
64.014870 59.00
64.071225 59.00
64.129962 59.00
64.193838 59.00
64.252321 60.00
64.321321 60.00
64.390458 59.00
64.444716 59.00
64.508323 59.00
64.573599 59.00
64.619074 60.00
64.669701 60.00
64.733202 60.00
64.802453 59.00
64.857583 59.00
64.912080 59.00
64.962706 59.00
65.026204 59.00
65.096583 59.00
65.142487 59.00
65.201329 59.00
65.264970 59.00
65.318454 59.00
65.372205 59.00
65.442610 59.00
65.502979 59.00
65.556210 59.00
65.620083 59.00
65.676083 59.00
65.741082 59.00
65.815083 59.00
65.884334 59.00
65.948084 59.00
66.011724 60.00
66.070460 60.00
66.129086 59.00
66.203086 59.00
66.272211 59.00
66.341212 59.00
66.415087 59.00
66.489088 59.00
66.563088 59.00
66.637105 59.00
66.701214 59.00
66.769982 59.00
66.838981 59.00
66.894122 60.00
66.943859 60.00
66.998859 59.00
67.067983 59.00
67.122859 59.00
67.176093 59.00
67.241469 59.00
67.296469 59.00
67.351469 59.00
67.406469 60.00
67.460970 60.00
67.518845 60.00
67.582345 60.00
67.642470 59.00
67.697479 59.00
67.743352 59.00
67.792973 59.00
67.843753 59.00
67.897099 59.00
67.966099 59.00
68.031482 59.00
68.076992 59.00
68.133350 59.00
68.191985 59.00
68.242606 60.00
68.306104 60.00
68.379855 59.00
68.433105 59.00
68.506855 59.00
68.571233 59.00
68.625231 59.00
68.689230 59.00
68.752996 59.00
68.822105 59.00
68.891245 59.00
68.964235 59.00
69.023109 59.00
69.087108 59.00
69.155997 59.00
69.224983 59.00
69.293998 59.00
69.358885 59.00
69.418114 59.00
69.486986 59.00
69.555986 59.00
69.629987 59.00
69.695765 59.00
69.759987 59.00
69.833987 59.00
69.903004 59.00
69.972003 59.00
70.035882 59.00
70.096028 60.00
70.150117 60.00
70.214007 60.00
70.277881 59.00
70.329018 59.00
70.378527 59.00
70.437242 59.00
70.491119 59.00
70.550118 59.00
70.613994 59.00
70.677994 59.00
70.742011 59.00
70.805995 59.00
70.864997 59.00
70.933889 59.00
70.989886 59.00
71.045888 59.00
71.101762 59.00
71.165532 59.00
71.229248 59.00
71.290034 59.00
71.345017 60.00
71.409014 60.00
71.473000 59.00
71.537016 59.00
71.601017 60.00
71.664882 60.00
71.723894 59.00
71.783002 59.00
71.847003 59.00
71.921019 59.00
71.985021 59.00
72.053896 59.00
72.117879 60.00
72.183130 60.00
72.246895 60.00
72.315896 60.00
72.384900 59.00
72.454024 59.00
72.522900 59.00
72.587014 59.00
72.647633 59.00
72.707664 60.00
72.767919 60.00
72.826904 60.00
72.891028 59.00
72.955028 59.00
73.018903 59.00
73.083012 60.00
73.147011 60.00
73.200902 60.00
73.265013 59.00
73.323906 59.00
73.392907 60.00
73.463264 59.00
73.510640 59.00
73.574390 59.00
73.644834 59.00
73.709140 59.00
73.767909 59.00
73.832017 59.00
73.896035 59.00
73.959910 59.00
74.023911 59.00
74.088019 59.00
74.142913 59.00
74.206912 60.00
74.270913 60.00
74.335021 59.00
74.409397 59.00
74.473552 59.00
74.543038 59.00
74.606916 60.00
74.670900 60.00
74.729915 59.00
74.794041 59.00
74.852915 59.00
74.911915 59.00
74.970916 59.00
75.029901 59.00
75.093909 59.00
75.152919 59.00
75.211777 59.00
75.280403 59.00
75.349404 59.00
75.404561 59.00
75.458623 59.00
75.528845 59.00
75.593043 59.00
75.656922 59.00
75.711656 59.00
75.770406 59.00
75.836282 59.00
75.899922 59.00
75.958924 60.00
76.023057 60.00
76.078584 59.00
76.137925 59.00
76.196660 59.00
76.267160 59.00
76.312926 59.00
76.376911 59.00
76.431665 59.00
76.487570 60.00
76.542413 60.00
76.595288 59.00
76.658928 59.00
76.713664 59.00
76.764289 59.00
76.827870 59.00
76.892052 59.00
76.950800 59.00
77.025420 59.00
77.085297 59.00
77.155073 59.00
77.209043 60.00
77.263051 60.00
77.317418 59.00
77.382934 59.00
77.446935 59.00
77.512574 59.00
77.581420 59.00
77.655938 59.00
77.719939 59.00
77.783940 59.00
77.844172 59.00
77.907937 59.00
77.963048 59.00
78.016941 59.00
78.072063 59.00
78.132549 59.00
78.191049 59.00
78.249800 59.00
78.309943 59.00
78.368728 59.00
78.432677 59.00
78.498052 59.00
78.551818 59.00
78.610821 60.00
78.679853 59.00
78.735180 59.00
78.809179 60.00
78.872945 60.00
78.928056 60.00
78.982931 60.00
79.041573 60.00
79.100586 59.00
79.166057 59.00
79.211698 59.00
79.275558 59.00
79.349702 59.00
79.423560 60.00
79.483699 60.00
79.552811 59.00
79.606827 59.00
79.665810 59.00
79.734561 59.00
79.798565 59.00
79.858952 59.00
79.918066 59.00
79.976710 60.00
80.050719 59.00
80.119438 59.00
80.174439 59.00
80.227705 59.00
80.302319 59.00
80.362699 59.00
80.431568 60.00
80.495568 60.00
80.569442 59.00
80.643443 59.00
80.707944 60.00
80.766570 60.00
80.836450 59.00
80.905715 59.00
80.969445 60.00
81.043581 59.00
81.100446 59.00
81.174446 59.00
81.229324 59.00
81.282573 59.00
81.351197 60.00
81.409581 60.00
81.480074 60.00
81.538578 60.00
81.593575 60.00
81.667577 60.00
81.731577 60.00
81.800577 59.00
81.855701 59.00
81.924578 59.00
81.988452 59.00
82.048583 60.00
82.112458 60.00
82.181454 60.00
82.230829 60.00
82.294330 59.00
82.354581 59.00
82.418331 60.00
82.471582 60.00
82.535586 59.00
82.599461 59.00
82.668460 59.00
82.737593 59.00
82.801584 59.00
82.870837 59.00
82.924986 59.00
82.994732 59.00
83.053725 59.00
83.122344 59.00
83.186609 59.00
83.250589 59.00
83.309737 59.00
83.369219 59.00
83.428591 60.00
83.498218 60.00
83.556753 59.00
83.620467 59.00
83.689628 59.00
83.755341 59.00
83.820747 59.00
83.870879 59.00
83.925467 59.00
83.999342 59.00
84.073767 59.00
84.132594 59.00
84.201345 60.00
84.266844 60.00
84.325470 59.00
84.394345 59.00
84.468480 59.00
84.533990 59.00
84.592479 59.00
84.652896 59.00
84.727098 59.00
84.796223 59.00
84.849482 59.00
84.913756 60.00
84.972483 60.00
85.036761 59.00
85.113977 59.00
85.167484 59.00
85.236759 59.00
85.295227 60.00
85.349106 60.00
85.410728 59.00
85.469730 59.00
85.533620 60.00
85.611633 60.00
85.675486 60.00
85.744484 60.00
85.822108 59.00
85.886236 59.00
85.944982 59.00
86.014233 59.00
86.067875 59.00
86.131618 59.00
86.190488 60.00
86.259493 60.00
86.320505 59.00
86.386362 59.00
86.452494 59.00
86.516249 59.00
86.580237 59.00
86.641005 59.00
86.705113 59.00
86.760113 59.00
86.820393 59.00
86.870114 59.00
86.930368 59.00
86.984007 59.00
87.049768 59.00
87.095365 59.00
87.159366 59.00
87.223366 59.00
87.287367 59.00
87.351367 59.00
87.415368 59.00
87.479369 59.00
87.543369 59.00
87.607369 59.00
87.671369 59.00
87.735519 59.00
87.794246 60.00
87.863371 60.00
87.927372 59.00
87.991372 59.00
88.055373 59.00
88.119373 59.00
88.183373 59.00
88.247374 59.00
88.321125 59.00
88.385017 59.00
88.444019 60.00
88.502375 60.00
88.576126 59.00
88.629376 59.00
88.703126 59.00
88.756377 60.00
88.830127 60.00
88.883378 59.00
88.957129 59.00
89.010379 59.00
89.084129 59.00
89.137379 59.00
89.211130 59.00
89.271382 59.00
89.331507 59.00
89.400132 59.00
89.460258 59.00
89.510008 59.00
89.570008 59.00
89.625008 59.00
89.683384 60.00
89.757134 59.00
89.817261 59.00
89.867011 59.00
89.927011 59.00
89.982011 59.00
90.042012 59.00
90.105513 59.00
90.174137 60.00
90.229013 60.00
90.282263 60.00
90.352640 60.00
90.407640 59.00
90.453139 59.00
90.502515 59.00
90.566015 59.00
90.619266 59.00
90.689642 59.00
90.735142 59.00
90.785768 59.00
90.849268 59.00
90.923018 60.00
90.976269 60.00
91.050019 59.00
91.103269 59.00
91.167146 60.00
91.236021 60.00
91.310022 60.00
91.363523 60.00
91.422523 59.00
91.476148 59.00
91.545024 59.00
91.603791 59.00
91.672525 59.00
91.726150 59.00
91.800026 59.00
91.853526 59.00
91.909027 59.00
91.962528 59.00
92.016277 59.00
92.090028 59.00
92.159028 59.00
92.217796 59.00
92.278029 59.00
92.336797 59.00
92.402048 60.00
92.457164 60.00
92.516031 60.00
92.574798 60.00
92.633407 59.00
92.697157 59.00
92.762534 59.00
92.812283 59.00
92.875798 59.00
92.941168 59.00
92.994659 59.00
93.053160 59.00
93.123536 59.00
93.173161 59.00
93.242036 59.00
93.296804 59.00
93.360412 59.00
93.424163 59.00
93.493038 59.00
93.567038 59.00
93.631039 60.00
93.687040 60.00
93.756290 60.00
93.820040 60.00
93.876041 59.00
93.932041 59.00
94.001167 60.00
94.075042 60.00
94.140043 59.00
94.209043 59.00
94.278044 59.00
94.347044 59.00
94.416170 59.00
94.485045 59.00
94.549171 59.00
94.623047 59.00
94.692297 59.00
94.751047 59.00
94.815173 59.00
94.879049 60.00
94.943049 60.00
95.012067 59.00
95.076175 59.00
95.145175 59.00
95.209051 59.00
95.273051 59.00
95.332052 59.00
95.391052 59.00
95.455053 59.00
95.519068 60.00
95.583053 60.00
95.647179 60.00
95.716070 60.00
95.775180 60.00
95.839056 60.00
95.898056 60.00
95.953056 60.00
96.012182 60.00
96.067182 60.00
96.126183 59.00
96.190058 59.00
96.249058 60.00
96.308059 60.00
96.367059 60.00
96.422060 60.00
96.481060 59.00
96.540061 59.00
96.604076 60.00
96.663200 60.00
96.737564 60.00
96.797841 60.00
96.861705 60.00
96.925565 60.00
96.989565 60.00
97.053565 60.00
97.117565 60.00
97.181569 60.00
97.251066 60.00
97.310067 60.00
97.374084 59.00
97.448568 59.00
97.512710 60.00
97.582083 60.00
97.646069 59.00
97.705207 59.00
97.769713 59.00
97.828945 59.00
97.893071 60.00
97.957071 60.00
98.020838 60.00
98.090091 59.00
98.149072 59.00
98.214323 60.00
98.268075 60.00
98.327202 60.00
98.381200 59.00
98.440200 59.00
98.493844 60.00
98.563076 60.00
98.622076 59.00
98.682202 59.00
98.731969 60.00
98.801094 60.00
98.860078 60.00
98.918843 60.00
98.969454 60.00
99.029454 60.00
99.089455 60.00
99.149455 60.00
99.214859 59.00
99.265582 59.00
99.316582 59.00
99.367457 59.00
99.441725 59.00
99.492457 59.00
99.561724 59.00
99.626976 60.00
99.685849 60.00
99.736585 60.00
99.802210 60.00
99.861085 59.00
99.925086 59.00
99.989211 59.00
100.048087 59.00
100.130866 60.00
100.205088 60.00
100.268981 60.00
100.334865 59.00
100.403731 59.00
100.467742 59.00
100.536983 59.00
100.600858 60.00
100.669857 60.00
100.733857 60.00
100.802733 60.00
100.862844 60.00
100.926860 60.00
100.990736 59.00
101.059734 59.00
101.131735 60.00
101.195345 60.00
101.259220 59.00
101.314096 59.00
101.372751 59.00
101.436737 59.00
101.505751 60.00
101.555098 60.00
101.613751 59.00
101.686224 59.00
101.741099 60.00
101.799753 60.00
101.850483 60.00
101.914350 60.00
101.978101 59.00
102.036755 59.00
102.100757 60.00
102.155756 60.00
102.210757 59.00
102.265757 59.00
102.329755 59.00
102.403997 59.00
102.478483 59.00
102.550998 59.00
102.616635 60.00
102.690999 60.00
102.765487 60.00
102.848488 59.00
102.923001 59.00
102.997109 59.00
103.057761 59.00
103.122003 60.00
103.185764 60.00
103.251891 60.00
103.311005 60.00
103.369763 60.00
103.434010 60.00
103.492764 60.00
103.556767 60.00
103.626363 60.00
103.681646 60.00
103.745768 60.00
103.810007 60.00
103.869005 59.00
103.927757 59.00
103.992005 60.00
104.050647 60.00
104.114647 60.00
104.183645 60.00
104.252645 59.00
104.327494 59.00
104.396761 59.00
104.465773 60.00
104.530370 60.00
104.594246 60.00
104.663763 60.00
104.722887 60.00
104.777764 60.00
104.841651 59.00
104.905763 59.00
104.969652 60.00
105.043766 60.00
105.107767 60.00
105.171766 60.00
105.235654 60.00
105.309655 60.00
105.383656 60.00
105.447655 59.00
105.516771 59.00
105.590895 59.00
105.661755 59.00
105.725630 59.00
105.794781 59.00
105.858659 60.00
105.927772 60.00
106.001658 60.00
106.065659 60.00
106.139662 60.00
106.204025 59.00
106.262662 59.00
106.336660 59.00
106.405663 59.00
106.479776 59.00
106.553778 60.00
106.622788 60.00
106.677779 60.00
106.746664 60.00
106.812152 59.00
106.876387 59.00
106.927667 59.00
106.986906 59.00
107.050543 60.00
107.114666 60.00
107.179265 60.00
107.238031 60.00
107.298265 60.00
107.362265 60.00
107.420908 59.00
107.474909 59.00
107.528910 59.00
107.587907 60.00
107.651672 60.00
107.720673 60.00
107.789912 60.00
107.848912 60.00
107.912673 60.00
107.967674 60.00
108.031673 60.00
108.095676 60.00
108.170147 60.00
108.234397 59.00
108.309410 60.00
108.370559 60.00
108.434703 60.00
108.509149 60.00
108.572917 60.00
108.636554 60.00
108.710650 59.00
108.779556 59.00
108.848555 59.00
108.917652 59.00
108.986653 59.00
109.055558 59.00
109.124653 59.00
109.193654 59.00
109.262655 59.00
109.331655 59.00
109.400656 59.00
109.459281 60.00
109.518032 60.00
109.582032 60.00
109.646033 60.00
109.704658 59.00
109.768565 59.00
109.832659 60.00
109.893051 60.00
109.951659 60.00
110.015660 60.00
110.079661 60.00
110.143662 60.00
110.207662 60.00
110.271662 60.00
110.335663 59.00
110.399566 59.00
110.460056 60.00
110.524039 60.00
110.582682 60.00
110.641415 60.00
110.705570 60.00
110.769569 60.00
110.833572 60.00
110.903167 60.00
110.961935 59.00
111.031042 59.00
111.095168 59.00
111.159169 60.00
111.223170 60.00
111.276687 60.00
111.335420 60.00
111.404574 60.00
111.468577 60.00
111.527422 60.00
111.596577 60.00
111.660423 60.00
111.724576 60.00
111.794174 60.00
111.852941 60.00
111.924066 60.00
111.993300 60.00
112.048425 60.00
112.117580 60.00
112.181426 59.00
112.250580 59.00
112.314580 59.00
112.384178 59.00
112.439303 59.00
112.494304 59.00
112.549179 60.00
112.608071 60.00
112.663305 60.00
112.732586 60.00
112.791431 60.00
112.850431 60.00
112.914432 60.00
112.978585 60.00
113.037433 60.00
113.097824 60.00
113.158184 59.00
113.217059 59.00
113.281185 60.00
113.340078 60.00
113.404186 60.00
113.463078 60.00
113.527187 59.00
113.586079 59.00
113.650187 60.00
113.709080 60.00
113.773188 60.00
113.832081 60.00
113.896189 60.00
113.955079 60.00
114.019190 60.00
114.078084 60.00
114.142191 60.00
114.201084 59.00
114.265192 59.00
114.324085 60.00
114.388193 60.00
114.447084 60.00
114.511193 60.00
114.570086 60.00
114.629088 60.00
114.693195 60.00
114.752086 60.00
114.816196 60.00
114.875089 60.00
114.939197 60.00
114.994336 60.00
115.060074 59.00
115.124216 59.00
115.180721 60.00
115.239604 60.00
115.303605 59.00
115.362200 59.00
115.413356 60.00
115.466966 60.00
115.520451 60.00
115.575730 60.00
115.625327 60.00
115.695730 59.00
115.741328 59.00
115.806732 59.00
115.852467 59.00
115.911328 60.00
115.975329 60.00
116.039209 60.00
116.095333 60.00
116.169466 60.00
116.239751 60.00
116.303849 60.00
116.377850 60.00
116.441977 59.00
116.500614 59.00
116.559084 60.00
116.617962 60.00
116.681849 60.00
116.745460 60.00
116.804085 60.00
116.873211 60.00
116.947087 60.00
117.010979 60.00
117.069338 60.00
117.138338 60.00
117.197338 60.00
117.261339 60.00
117.325097 60.00
117.388981 59.00
117.442590 59.00
117.501090 60.00
117.556091 60.00
117.609342 60.00
117.675092 59.00
117.730224 59.00
117.804093 60.00
117.873094 60.00
117.937094 60.00
117.991985 60.00
118.052595 60.00
118.107596 60.00
118.166096 60.00
118.220986 60.00
118.290097 59.00
118.342597 59.00
118.397597 60.00
118.451098 60.00
118.501741 59.00
118.565482 59.00
118.629099 60.00
118.679741 60.00
118.748754 60.00
118.812483 60.00
118.871101 59.00
118.921755 59.00
118.980742 59.00
119.054756 60.00
119.113480 60.00
119.177103 60.00
119.250993 60.00
119.309481 60.00
119.363105 60.00
119.437105 60.00
119.505981 60.00
119.564758 60.00
119.623356 60.00
119.682356 60.00
119.736233 60.00
119.810108 60.00
119.884109 60.00
119.952998 60.00
120.011488 60.00
120.065110 60.00
120.134238 60.00
120.198002 60.00
120.251764 60.00
120.311987 60.00
120.370766 60.00
120.426267 60.00
120.490113 59.00
120.559114 59.00
120.628114 59.00
120.697115 59.00
120.766005 60.00
120.821145 60.00
120.871146 60.00
120.921145 60.00
120.971147 60.00
121.021145 60.00
121.074772 60.00
121.130193 60.00
121.184118 60.00
121.253119 60.00
121.322119 60.00
121.381245 59.00
121.441534 59.00
121.487245 60.00
121.545996 60.00
121.611014 60.00
121.674997 60.00
121.739122 60.00
121.803384 60.00
121.857899 59.00
121.922251 59.00
121.976251 59.00
122.035009 60.00
122.099250 60.00
122.153250 60.00
122.217001 60.00
122.281251 60.00
122.340130 60.00
122.404002 59.00
122.473128 59.00
122.532003 60.00
122.601021 59.00
122.670019 59.00
122.744010 60.00
122.813392 60.00
122.877380 60.00
122.931007 60.00
122.999898 60.00
123.058661 60.00
123.119007 60.00
123.188008 60.00
123.252134 59.00
123.311009 59.00
123.376384 60.00
123.430010 60.00
123.489011 59.00
123.558135 59.00
123.622011 60.00
123.685904 60.00
123.737042 59.00
123.790664 59.00
123.851042 60.00
123.901042 60.00
123.954653 60.00
124.009907 60.00
124.061389 60.00
124.114889 59.00
124.167390 59.00
124.213141 59.00
124.273390 60.00
124.319016 60.00
124.388034 60.00
124.456783 60.00
124.510017 60.00
124.574018 60.00
124.647929 60.00
124.721769 60.00
124.780269 60.00
124.843915 60.00
124.917771 60.00
124.971023 59.00
125.045043 59.00
125.109023 59.00
125.172915 59.00
125.228914 60.00
125.297917 60.00
125.366915 59.00
125.440914 59.00
125.505025 59.00
125.564026 59.00
125.628026 60.00
125.696902 60.00
125.770918 60.00
125.839918 60.00
125.903919 60.00
125.968045 60.00
126.032029 60.00
126.096032 59.00
126.159919 59.00
126.224048 60.00
126.292923 60.00
126.357032 60.00
126.421048 60.00
126.485047 59.00
126.549033 59.00
126.613033 59.00
126.671925 59.00
126.740925 60.00
126.800035 60.00
126.863925 60.00
126.927928 60.00
126.991928 60.00
127.055930 60.00
127.119930 59.00
127.180288 59.00
127.225931 60.00
127.290053 60.00
127.349039 60.00
127.412664 60.00
127.476414 60.00
127.540415 60.00
127.604415 60.00
127.668687 60.00
127.732931 59.00
127.793935 59.00
127.857934 60.00
127.917060 60.00
127.980935 60.00
128.044935 60.00
128.109047 59.00
128.172920 59.00
128.236691 59.00
128.302171 59.00
128.363421 60.00
128.432937 60.00
128.502577 60.00
128.567060 60.00
128.625940 60.00
128.689939 60.00
128.753941 60.00
128.814702 60.00
128.878425 59.00
128.937425 59.00
129.006958 60.00
129.076427 59.00
129.140942 59.00
129.199943 59.00
129.264428 59.00
129.318053 59.00
129.371947 60.00
129.440947 60.00
129.501179 60.00
129.556180 60.00
129.615055 60.00
129.668709 60.00
129.732948 60.00
129.791950 60.00
129.846949 60.00
129.901807 60.00
129.972183 59.00
130.017684 59.00
130.068308 60.00
130.131816 60.00
130.202184 59.00
130.247689 59.00
130.298310 59.00
130.361823 60.00
130.435562 60.00
130.488812 60.00
130.562563 60.00
130.615812 60.00
130.689564 60.00
130.742813 60.00
130.811568 60.00
130.864814 59.00
130.938565 60.00
130.991815 60.00
131.065566 59.00
131.118817 59.00
131.192567 60.00
131.245817 60.00
131.319569 59.00
131.372830 59.00
131.446569 59.00
131.499819 59.00
131.573570 59.00
131.626820 59.00
131.700585 59.00
131.755572 59.00
131.810572 60.00
131.884572 60.00
131.937827 60.00
132.011584 60.00
132.066447 60.00
132.126449 60.00
132.186449 60.00
132.246449 60.00
132.306450 60.00
132.366450 60.00
132.419701 60.00
132.490081 60.00
132.553578 60.00
132.604205 60.00
132.667702 60.00
132.738078 59.00
132.783579 59.00
132.832955 60.00
132.893079 60.00
132.947580 60.00
132.998205 60.00
133.061709 59.00
133.135461 59.00
133.193957 59.00
133.254082 59.00
133.299583 59.00
133.350207 59.00
133.413708 59.00
133.487458 60.00
133.540709 60.00
133.614460 60.00
133.667710 60.00
133.741462 59.00
133.794711 59.00
133.868461 59.00
133.921711 59.00
133.995589 60.00
134.064213 59.00
134.127714 59.00
134.201463 60.00
134.254714 60.00
134.328465 59.00
134.383465 59.00
134.441965 60.00
134.505465 60.00
134.563966 60.00
134.627494 60.00
134.680717 60.00
134.754468 60.00
134.809343 59.00
134.872843 59.00
134.941469 59.00
134.994845 59.00
135.063470 59.00
135.119597 59.00
135.169346 60.00
135.222596 60.00
135.292972 59.00
135.347972 59.00
135.411489 59.00
135.462098 59.00
135.525599 59.00
135.595974 59.00
135.650975 59.00
135.705480 60.00
135.754854 60.00
135.814975 60.00
135.860481 60.00
135.925631 60.00
135.989631 60.00
136.064103 59.00
136.133481 59.00
136.202650 59.00
136.266481 59.00
136.326104 60.00
136.389605 60.00
136.463355 60.00
136.516606 60.00
136.590357 60.00
136.643619 60.00
136.712357 59.00
136.765617 59.00
136.839361 59.00
136.894358 59.00
136.947609 60.00
137.021360 60.00
137.076360 59.00
137.129610 59.00
137.203364 59.00
137.256611 59.00
137.330372 60.00
137.385362 60.00
137.440365 60.00
137.495363 60.00
137.550249 59.00
137.610239 59.00
137.668615 59.00
137.742365 59.00
137.800742 60.00
137.869366 60.00
137.924241 60.00
137.984242 60.00
138.044242 60.00
138.107743 60.00
138.167868 60.00
138.231378 60.00
138.281996 60.00
138.345496 60.00
138.415870 59.00
138.461370 59.00
138.511999 59.00
138.575498 60.00
138.640877 60.00
138.686374 59.00
138.737009 59.00
138.800499 59.00
138.874255 59.00
138.927503 60.00
139.001258 60.00
139.054505 60.00
139.128258 60.00
139.181509 60.00
139.255260 60.00
139.308511 60.00
139.382255 60.00
139.435509 59.00
139.509262 59.00
139.562512 60.00
139.636264 60.00
139.689508 59.00
139.763265 59.00
139.816508 59.00
139.890258 59.00
139.945259 60.00
140.000259 60.00
140.055263 60.00
140.110260 60.00
140.163511 59.00
140.237259 59.00
140.292262 60.00
140.347136 60.00
140.402261 60.00
140.457138 60.00
140.525895 60.00
140.589393 60.00
140.659774 59.00
140.723267 59.00
140.776647 60.00
140.840270 60.00
140.889651 60.00
140.949773 59.00
141.004768 59.00
141.059768 59.00
141.114767 59.00
141.160399 59.00
141.230770 59.00
141.285276 60.00
141.335901 60.00
141.399404 59.00
141.469771 59.00
141.515269 59.00
141.565902 59.00
141.629398 59.00
141.703279 60.00
141.753900 60.00
141.817399 60.00
141.891147 60.00
141.944402 60.00
142.018150 60.00
142.071399 60.00
142.145149 59.00
142.198399 59.00
142.272149 59.00
142.346150 59.00
142.399401 60.00
142.468153 60.00
142.521402 59.00
142.595156 59.00
142.648402 59.00
142.722157 59.00
142.775404 59.00
142.849281 59.00
142.914542 59.00
142.983155 59.00
143.036416 59.00
143.110154 59.00
143.163411 59.00
143.237157 59.00
143.292031 60.00
143.352034 60.00
143.412040 60.00
143.472037 60.00
143.532161 59.00
143.602665 59.00
143.657163 60.00
143.715537 60.00
143.775662 59.00
143.830662 59.00
143.885661 60.00
143.940665 60.00
143.986180 60.00
144.035538 60.00
144.095666 60.00
144.141164 59.00
144.202672 59.00
144.248164 59.00
144.298789 60.00
144.362292 60.00
144.436046 59.00
144.489293 59.00
144.563042 59.00
144.616292 59.00
144.690050 59.00
144.743296 59.00
144.817052 59.00
144.875549 59.00
144.939047 59.00
144.992295 59.00
145.066046 60.00
145.119298 60.00
145.193047 60.00
145.246297 60.00
145.320055 59.00
145.373297 60.00
145.447049 60.00
145.500299 59.00
145.574049 59.00
145.629051 60.00
145.684059 60.00
145.737300 60.00
145.811050 59.00
145.866052 59.00
145.921051 60.00
145.979817 60.00
146.044929 60.00
146.109055 60.00
146.163935 60.00
146.230057 60.00
146.280949 59.00
146.342186 59.00
146.401058 60.00
146.461947 60.00
146.517187 59.00
146.568442 59.00
146.622184 59.00
146.691439 59.00
146.745437 59.00
146.804439 59.00
146.868830 59.00
146.927705 60.00
146.986435 60.00
147.045186 59.00
147.109702 59.00
147.168702 59.00
147.228191 59.00
147.297199 60.00
147.361708 60.00
147.425578 59.00
147.480704 59.00
147.544313 60.00
147.608709 60.00
147.662440 60.00
147.727067 60.00
147.796069 59.00
147.865068 60.00
147.929193 60.00
147.998695 59.00
148.064250 59.00
148.123947 60.00
148.193455 60.00
148.252698 59.00
148.316974 59.00
148.383743 59.00
148.448199 59.00
148.512073 59.00
148.581457 59.00
148.636964 59.00
148.695716 59.00
148.751080 60.00
148.820460 60.00
148.880823 59.00
148.940968 59.00
148.999734 59.00
149.054826 59.00
149.114964 60.00
149.170105 60.00
149.224204 60.00
149.288078 59.00
149.352741 59.00
149.416605 60.00
149.475720 60.00
149.530829 59.00
149.584078 59.00
149.649453 59.00
149.708083 59.00
149.773455 60.00
149.823080 60.00
149.887081 59.00
149.961210 59.00
150.024975 59.00
150.077457 59.00
150.123083 60.00
150.182100 60.00
150.246209 59.00
150.310084 59.00
150.374085 60.00
150.433086 60.00
150.492086 60.00
150.556211 60.00
150.610979 59.00
150.666855 59.00
150.741087 59.00
150.800087 59.00
150.859088 59.00
150.928088 59.00
151.001868 60.00
151.081590 60.00
151.150342 59.00
151.203981 59.00
151.272882 60.00
151.341859 60.00
151.412877 60.00
151.471971 59.00
151.546220 59.00
151.597862 60.00
151.667355 60.00
151.722739 59.00
151.783044 59.00
151.837348 59.00
151.897877 60.00
151.968346 59.00
152.026975 59.00
152.086350 59.00
152.155670 60.00
152.215871 60.00
152.280102 60.00
152.344603 60.00
152.398601 60.00
152.463103 60.00
152.518227 59.00
152.573789 59.00
152.637978 60.00
152.707106 60.00
152.770977 60.00
152.835105 60.00
152.890103 59.00
152.944998 59.00
153.004105 59.00
153.063105 59.00
153.137648 59.00
153.197998 59.00
153.256996 60.00
153.316107 60.00
153.385488 60.00
153.449488 60.00
153.513637 59.00
153.583001 59.00
153.647109 60.00
153.706109 60.00
153.780488 59.00
153.850003 60.00
153.919111 60.00
153.977986 59.00
154.041878 59.00
154.107112 60.00
154.165988 60.00
154.224988 59.00
154.289004 59.00
154.348004 59.00
154.412007 59.00
154.470990 59.00
154.534991 59.00
154.594013 60.00
154.657991 60.00
154.717009 60.00
154.777242 60.00
154.846506 60.00
154.901503 60.00
154.958369 59.00
155.022368 59.00
155.086997 60.00
155.151504 60.00
155.207014 60.00
155.261997 60.00
155.332020 59.00
155.401506 59.00
155.467016 60.00
155.532373 60.00
155.597020 59.00
155.662539 59.00
155.718001 60.00
155.777002 60.00
155.842542 60.00
155.902891 60.00
155.966751 60.00
156.026891 60.00
156.090881 60.00
156.155019 60.00
156.220546 60.00
156.271379 60.00
156.331895 60.00
156.396004 60.00
156.460542 59.00
156.529895 59.00
156.604533 59.00
156.674023 59.00
156.739896 60.00
156.799028 60.00
156.858384 60.00
156.917271 60.00
156.982138 59.00
157.046547 59.00
157.121386 59.00
157.180705 59.00
157.239905 60.00
157.304263 60.00
157.378903 59.00
157.443661 60.00
157.502906 60.00
157.562014 60.00
157.615905 59.00
157.674917 59.00
157.739391 60.00
157.798557 60.00
157.859770 59.00
157.934814 59.00
158.004392 60.00
158.059598 60.00
158.125682 59.00
158.176268 59.00
158.239769 60.00
158.310154 60.00
158.355645 60.00
158.406280 60.00
158.469769 60.00
158.543520 60.00
158.596771 60.00
158.670521 60.00
158.723773 59.00
158.797523 59.00
158.856026 60.00
158.919525 60.00
158.978029 59.00
159.041528 59.00
159.094785 60.00
159.163531 60.00
159.222028 60.00
159.285527 60.00
159.344032 59.00
159.407530 59.00
159.460778 60.00
159.529534 60.00
159.582789 59.00
159.651531 59.00
159.704790 59.00
159.773530 59.00
159.833780 59.00
159.893904 59.00
159.962531 59.00
160.017531 59.00
160.072531 60.00
160.127408 60.00
160.187406 60.00
160.245782 60.00
160.319534 59.00
160.374408 59.00
160.434408 60.00
160.497910 60.00
160.566535 59.00
160.621411 59.00
160.674661 59.00
160.745037 60.00
160.799661 60.00
160.870039 59.00
160.915539 59.00
160.964919 59.00
161.025041 59.00
161.070541 59.00
161.135420 59.00
161.188668 60.00
161.254043 60.00
161.299543 60.00
161.350175 60.00
161.413671 60.00
161.487423 60.00
161.545923 60.00
161.609554 59.00
161.683423 60.00
161.736679 60.00
161.810420 60.00
161.863680 60.00
161.937419 60.00
161.990680 60.00
162.064421 60.00
162.117681 60.00
162.191424 60.00
162.244672 60.00
162.318427 60.00
162.371678 60.00
162.445430 59.00
162.503802 59.00
162.572426 59.00
162.627434 59.00
162.682426 60.00
162.735676 60.00
162.809429 59.00
162.864435 59.00
162.919429 59.00
162.974302 59.00
163.034306 59.00
163.094305 60.00
163.157810 60.00
163.226432 60.00
163.281315 60.00
163.336311 60.00
163.399815 60.00
163.459933 59.00
163.514937 59.00
163.578432 60.00
163.636818 60.00
163.696937 60.00
163.742436 60.00
163.791810 60.00
163.851934 60.00
163.906934 60.00
163.961434 60.00
164.012059 60.00
164.075564 60.00
164.149313 60.00
164.202567 60.00
164.276320 60.00
164.329564 59.00
164.403316 59.00
164.456568 59.00
164.530316 59.00
164.583696 60.00
164.652326 60.00
164.705574 59.00
164.779339 59.00
164.832573 60.00
164.906317 60.00
164.959573 60.00
165.033320 60.00
165.091820 60.00
165.155319 60.00
165.208572 60.00
165.282321 59.00
165.337328 59.00
165.390572 59.00
165.464331 60.00
165.519323 60.00
165.574321 60.00
165.643077 60.00
165.708327 59.00
165.763332 59.00
165.818198 60.00
165.878200 60.00
165.938198 60.00
166.003466 60.00
166.057076 60.00
166.126589 60.00
166.187328 59.00
166.242329 59.00
166.292082 60.00
166.351080 60.00
166.411854 59.00
166.461452 59.00
166.525866 60.00
166.590082 60.00
166.649342 60.00
166.715979 60.00
166.774581 60.00
166.839831 60.00
166.894612 60.00
166.954085 60.00
167.018084 60.00
167.072089 60.00
167.141631 60.00
167.201218 60.00
167.266089 60.00
167.325218 60.00
167.384589 60.00
167.443593 59.00
167.513465 59.00
167.587337 60.00
167.642859 60.00
167.706712 59.00
167.770213 60.00
167.828984 60.00
167.893592 60.00
167.952591 60.00
168.012222 60.00
168.076343 60.00
168.145599 59.00
168.195466 59.00
168.264342 59.00
168.333368 59.00
168.398593 60.00
168.462218 60.00
168.517346 60.00
168.586470 60.00
168.645602 60.00
168.697225 60.00
168.766223 60.00
168.822662 60.00
168.878349 60.00
168.939500 60.00
169.005654 60.00
169.060108 60.00
169.125105 60.00
169.190109 60.00
169.255107 60.00
169.314777 59.00
169.379231 59.00
169.443668 60.00
169.498112 60.00
169.562981 59.00
169.618759 59.00
169.683776 59.00
169.753237 59.00
169.822488 60.00
169.882109 60.00
169.946485 60.00
170.000764 60.00
170.065490 59.00
170.119743 59.00
170.170117 60.00
170.240236 60.00
170.305616 60.00
170.359497 60.00
170.429682 60.00
170.490494 60.00
170.544493 60.00
170.598361 60.00
170.667513 59.00
170.737654 59.00
170.798428 60.00
170.858120 60.00
170.918873 59.00
170.982369 59.00
171.046993 60.00
171.108375 60.00
171.172367 60.00
171.231517 60.00
171.286016 60.00
171.347375 60.00
171.408518 59.00
171.467870 59.00
171.541869 60.00
171.612752 60.00
171.672504 60.00
171.726254 60.00
171.796752 60.00
171.856373 60.00
171.921377 59.00
171.991373 59.00
172.041515 60.00
172.096000 60.00
172.156510 60.00
172.211005 60.00
172.270517 60.00
172.320689 60.00
172.385249 60.00
172.460383 60.00
172.519895 60.00
172.578917 60.00
172.654128 60.00
172.729127 60.00
172.781626 60.00
172.842381 60.00
172.906898 60.00
172.970893 60.00
173.029894 60.00
173.093902 60.00
173.152897 59.00
173.212036 59.00
173.277030 60.00
173.337382 60.00
173.398319 60.00
173.457383 60.00
173.512039 60.00
173.569136 60.00
173.633260 60.00
173.703136 60.00
173.769320 60.00
173.833259 60.00
173.892390 60.00
173.948137 60.00
174.022013 59.00
174.081264 59.00
174.145583 60.00
174.197394 60.00
174.251391 60.00
174.305910 60.00
174.363145 60.00
174.422913 60.00
174.482918 60.00
174.542599 60.00
174.604150 60.00
174.663770 59.00
174.718063 59.00
174.784522 59.00
174.839915 59.00
174.895395 60.00
174.949155 60.00
175.008922 59.00
175.080814 59.00
175.145927 59.00
175.210904 59.00
175.275918 59.00
175.335271 59.00
175.405280 60.00
175.464922 60.00
175.529915 60.00
175.594932 60.00
175.665285 60.00
175.735573 59.00
175.811284 59.00
175.870924 60.00
175.935931 60.00
176.006281 60.00
176.070602 60.00
176.135153 60.00
176.199286 60.00
176.269155 59.00
176.330152 59.00
176.391048 60.00
176.450280 60.00
176.514780 59.00
176.578781 59.00
176.634582 59.00
176.699063 59.00
176.758808 60.00
176.818159 60.00
176.879734 60.00
176.933407 60.00
176.997032 59.00
177.058053 59.00
177.122418 60.00
177.178412 60.00
177.234047 60.00
177.304417 60.00
177.360612 60.00
177.416414 60.00
177.470929 60.00
177.529569 60.00
177.584927 60.00
177.649053 60.00
177.713052 60.00
177.777037 60.00
177.846806 60.00
177.906289 60.00
177.966942 60.00
178.032579 60.00
178.086828 60.00
178.151831 60.00
178.213079 60.00
178.287697 60.00
178.344175 60.00
178.413546 60.00
178.477838 60.00
178.542956 60.00
178.598180 60.00
178.652928 60.00
178.703550 60.00
178.767052 60.00
178.840800 60.00
178.894054 60.00
178.967801 60.00
179.021056 60.00
179.094803 60.00
179.148056 60.00
179.221805 60.00
179.275179 60.00
179.343806 60.00
179.397052 60.00
179.470802 60.00
179.524051 60.00
179.597808 60.00
179.651053 60.00
179.724809 60.00
179.779807 60.00
179.834811 60.00
179.889810 59.00
179.944807 59.00
179.999689 60.00
180.059685 60.00
180.119691 59.00
180.172937 59.00
180.238065 60.00
180.303313 60.00
180.356569 60.00
180.414941 60.00
180.485310 60.00
180.540317 60.00
180.595314 60.00
180.650317 60.00
180.704816 60.00
180.754188 60.00
180.814312 60.00
180.869325 59.00
180.923819 59.00
180.974436 60.00
181.037946 60.00
181.108314 59.00
181.153812 59.00
181.204442 59.00
181.267940 60.00
181.338323 60.00
181.383820 60.00
181.434449 60.00
181.497948 60.00
181.571698 60.00
181.624943 60.00
181.698694 60.00
181.751941 60.00
181.825699 60.00
181.899695 60.00
181.952943 60.00
182.026698 60.00
182.079946 60.00
182.153705 60.00
182.206948 60.00
182.280705 60.00
182.333970 60.00
182.407700 60.00
182.460949 60.00
182.534706 60.00
182.589703 60.00
182.644708 60.00
182.699831 60.00
182.768460 60.00
182.833583 60.00
182.893580 60.00
182.953587 60.00
183.018832 60.00
183.073836 60.00
183.123585 60.00
183.176838 60.00
183.247205 60.00
183.302204 60.00
183.357210 60.00
183.412207 60.00
183.467207 60.00
183.522211 60.00
183.567708 60.00
183.618341 60.00
183.681835 60.00
183.755593 60.00
183.808837 60.00
183.882591 60.00
183.935835 60.00
184.009592 60.00
184.062839 60.00
184.136594 60.00
184.189843 60.00
184.263595 60.00
184.316841 60.00
184.390723 60.00
184.455969 60.00
184.524599 60.00
184.577846 60.00
184.651597 60.00
184.704849 60.00
184.778593 60.00
184.831864 60.00
184.895721 60.00
184.969607 60.00
185.028096 60.00
185.091725 60.00
185.160722 60.00
185.229350 59.00
185.293349 59.00
185.367351 59.00
185.431349 59.00
185.496597 60.00
185.560351 60.00
185.630720 59.00
185.680469 59.00
185.740481 60.00
185.800480 60.00
185.860480 60.00
185.920486 60.00
185.980483 60.00
186.043984 60.00
186.104104 60.00
186.158109 60.00
186.208489 60.00
186.273494 60.00
186.348876 60.00
186.413495 60.00
186.483661 60.00
186.544496 60.00
186.619883 60.00
186.691798 60.00
186.751492 60.00
186.816359 60.00
186.876752 60.00
186.940763 60.00
187.005361 60.00
187.064357 60.00
187.123495 60.00
187.193000 60.00
187.246987 60.00
187.309773 60.00
187.374499 60.00
187.439362 60.00
187.504015 60.00
187.558510 60.00
187.619628 60.00
187.685003 60.00
187.748491 60.00
187.814647 60.00
187.880645 60.00
187.945006 60.00
188.003643 60.00
188.067768 60.00
188.131641 60.00
188.200769 60.00
188.266643 60.00
188.335760 60.00
188.404897 60.00
188.464116 60.00
188.524367 60.00
188.583117 60.00
188.641760 60.00
188.696027 60.00
188.756245 60.00
188.815380 60.00
188.874908 60.00
188.934259 60.00
188.989909 60.00
189.044384 60.00
189.103536 60.00
189.167891 60.00
189.232011 60.00
189.297247 60.00
189.350888 60.00
189.409650 60.00
189.478889 59.00
189.537891 59.00
189.602014 60.00
189.647651 60.00
189.711893 60.00
189.770891 60.00
189.835252 60.00
189.899378 60.00
189.963896 60.00
190.027535 60.00
190.091895 60.00
190.145899 60.00
190.204897 60.00
190.263897 60.00
190.322666 60.00
190.387386 60.00
190.451903 60.00
190.511383 60.00
190.576390 60.00
190.637552 60.00
190.701927 60.00
190.761385 60.00
190.827686 59.00
190.893385 59.00
190.948392 60.00
191.003388 60.00
191.058387 60.00
191.113393 60.00
191.168387 60.00
191.223263 60.00
191.283262 60.00
191.343262 60.00
191.403262 60.00
191.463263 60.00
191.526763 60.00
191.595390 60.00
191.650264 60.00
191.713767 59.00
191.782393 59.00
191.840771 60.00
191.900893 60.00
191.955400 60.00
192.006022 60.00
192.069531 60.00
192.139901 60.00
192.194897 60.00
192.240397 60.00
192.291022 60.00
192.354531 60.00
192.428276 60.00
192.486782 60.00
192.550277 60.00
192.608776 60.00
192.668909 60.00
192.714400 60.00
192.765034 60.00
192.828529 60.00
192.902277 60.00
192.955537 60.00
193.029275 60.00
193.087779 60.00
193.151276 60.00
193.204536 60.00
193.278279 60.00
193.331531 60.00
193.405284 59.00
193.460414 59.00
193.525786 60.00
193.589282 60.00
193.647791 60.00
193.706285 59.00
193.761290 59.00
193.830162 59.00
193.890292 59.00
193.950541 60.00
194.010661 60.00
194.079292 60.00
194.134163 60.00
194.194167 60.00
194.247416 60.00
194.317795 60.00
194.381417 60.00
194.450047 60.00
194.508420 60.00
194.578791 60.00
194.633798 60.00
194.688794 60.00
194.743297 60.00
194.801673 60.00
194.861793 60.00
194.916800 60.00
194.962296 60.00
195.012926 60.00
195.076499 60.00
195.141794 60.00
195.187298 60.00
195.237923 60.00
195.301428 60.00
195.375175 60.00
195.428421 60.00
195.502174 60.00
195.555423 60.00
195.629179 60.00
195.682424 60.00
195.756178 60.00
195.809427 60.00
195.883170 60.00
195.936421 59.00
196.010172 59.00
196.063424 60.00
196.137188 60.00
196.201303 60.00
196.265584 60.00
196.330607 60.00
196.402304 60.00
196.472188 60.00
196.541581 59.00
196.596074 59.00
196.656592 60.00
196.712305 60.00
196.771596 60.00
196.825591 60.00
196.884739 60.00
196.936056 59.00
196.990085 59.00
197.051310 60.00
197.112316 60.00
197.172063 60.00
197.231601 60.00
197.292970 60.00
197.348610 60.00
197.400316 60.00
197.461837 60.00
197.521312 60.00
197.595311 60.00
197.659310 60.00
197.723597 60.00
197.777311 60.00
197.836623 60.00
197.890440 60.00
197.949449 60.00
198.014736 60.00
198.079451 60.00
198.155072 59.00
198.214318 59.00
198.274077 60.00
198.349445 60.00
198.414078 60.00
198.473444 60.00
198.538449 60.00
198.608740 60.00
198.673628 60.00
198.724077 60.00
198.783445 60.00
198.842319 60.00
198.906319 60.00
198.970966 60.00
199.034837 60.00
199.104723 60.00
199.163968 60.00
199.218083 60.00
199.283080 60.00
199.347993 60.00
199.407597 60.00
199.463722 60.00
199.523462 60.00
199.583080 60.00
199.642453 60.00
199.701201 60.00
199.765329 60.00
199.824328 60.00
199.888202 60.00
199.952973 60.00
200.008239 59.00
200.055615 59.00
200.101328 59.00
200.165328 60.00
200.224207 60.00
200.284609 60.00
200.330332 60.00
200.384207 60.00
200.448469 60.00
200.502979 60.00
200.572727 60.00
200.632481 60.00
200.686855 60.00
200.761209 60.00
200.825083 60.00
200.885208 60.00
200.949210 60.00
201.017978 60.00
201.076729 60.00
201.135461 59.00
201.194339 59.00
201.258212 60.00
201.332213 60.00
201.396102 60.00
201.470983 60.00
201.534732 60.00
201.588465 60.00
201.647089 60.00
201.716217 60.00
201.780217 60.00
201.844090 60.00
201.913343 60.00
201.972345 60.00
202.031471 60.00
202.090344 60.00
202.149784 60.00
202.209096 60.00
202.275227 60.00
202.334774 60.00
202.388884 60.00
202.455777 60.00
202.520222 60.00
202.579221 60.00
202.642987 60.00
202.702485 60.00
202.752224 60.00
202.807508 60.00
202.857873 60.00
202.917226 60.00
202.981878 60.00
203.051636 60.00
203.105888 60.00
203.165228 60.00
203.224228 60.00
203.289870 60.00
203.353756 60.00
203.417629 60.00
203.486631 60.00
203.543481 60.00
203.589104 60.00
203.652993 60.00
203.708997 60.00
203.764997 60.00
203.821105 60.00
203.885106 60.00
203.954107 60.00
204.023107 60.00
204.092000 60.00
204.161108 60.00
204.225125 60.00
204.293999 60.00
204.359109 60.00
204.418235 60.00
204.487110 60.00
204.556000 60.00
204.625002 60.00
204.691002 60.00
204.760113 60.00
204.819112 60.00
204.893007 60.00
204.957007 60.00
205.016366 60.00
205.075650 60.00
205.134646 60.00
205.193651 60.00
205.249145 60.00
205.308660 60.00
205.373119 60.00
205.433773 60.00
205.503766 60.00
205.563378 60.00
205.619374 60.00
205.683658 60.00
205.738654 60.00
205.802500 60.00
205.866647 60.00
205.930996 60.00
205.995013 60.00
206.059259 60.00
206.118013 60.00
206.182006 60.00
206.247373 60.00
206.293124 60.00
206.352013 60.00
206.416015 60.00
206.475000 60.00
206.544126 60.00
206.608017 60.00
206.672018 60.00
206.731380 60.00
206.777128 60.00
206.841019 60.00
206.905018 60.00
206.964022 60.00
207.023129 60.00
207.087004 60.00
207.151134 60.00
207.206005 60.00
207.279772 59.00
207.333006 59.00
207.401900 60.00
207.471022 59.00
207.535008 59.00
207.595901 60.00
207.665009 60.00
207.725901 60.00
207.785135 60.00
207.839135 60.00
207.894902 60.00
207.959028 60.00
208.023028 60.00
208.086901 60.00
208.146012 60.00
208.209901 60.00
208.274028 60.00
208.337904 60.00
208.402029 60.00
208.462904 60.00
208.522031 60.00
208.580908 60.00
208.639908 60.00
208.699017 60.00
208.763017 60.00
208.822034 60.00
208.880909 60.00
208.945021 60.00
208.999912 60.00
209.064146 60.00
209.114274 60.00
209.174550 60.00
209.238550 60.00
209.294913 60.00
209.359038 60.00
209.424397 60.00
209.479397 60.00
209.539787 60.00
209.589147 60.00
209.648041 60.00
209.711666 60.00
209.775401 60.00
209.836044 60.00
209.907410 60.00
209.967159 60.00
210.026570 60.00
210.102058 60.00
210.161698 60.00
210.227978 60.00
210.287407 60.00
210.343414 60.00
210.403287 60.00
210.468167 60.00
210.528066 60.00
210.582410 60.00
210.648417 60.00
210.712925 60.00
210.772039 60.00
210.826166 60.00
210.885855 60.00
210.951061 60.00
211.005581 60.00
211.080574 60.00
211.145414 60.00
211.205170 60.00
211.264938 60.00
211.330068 60.00
211.386297 60.00
211.446042 60.00
211.501610 60.00
211.571709 60.00
211.636945 60.00
211.702066 60.00
211.771417 60.00
211.828168 60.00
211.873666 60.00
211.924297 60.00
211.987922 60.00
212.053169 60.00
212.098676 60.00
212.149295 60.00
212.212799 60.00
212.286550 60.00
212.339796 60.00
212.413547 60.00
212.466804 60.00
212.540552 60.00
212.593799 60.00
212.667555 60.00
212.731050 59.00
212.794559 59.00
212.847802 60.00
212.921556 60.00
212.974830 60.00
213.048559 60.00
213.101808 60.00
213.175562 60.00
213.228810 60.00
213.302556 60.00
213.355808 60.00
213.429558 60.00
213.482811 60.00
213.556559 60.00
213.611564 60.00
213.666563 60.00
213.719809 60.00
213.793567 60.00
213.848559 60.00
213.903439 60.00
213.963438 60.00
214.023434 60.00
214.083441 60.00
214.143434 60.00
214.203432 60.00
214.256689 60.00
214.327067 60.00
214.382065 60.00
214.437063 60.00
214.492067 60.00
214.547066 60.00
214.602072 60.00
214.647573 60.00
214.698192 60.00
214.761695 60.00
214.835444 60.00
214.888701 60.00
214.962445 60.00
215.015692 60.00
215.089448 60.00
215.147944 60.00
215.211442 60.00
215.264692 60.00
215.338441 60.00
215.391697 60.00
215.465450 60.00
215.518698 60.00
215.592447 60.00
215.645702 60.00
215.719447 60.00
215.772702 60.00
215.846449 60.00
215.899696 60.00
215.973445 60.00
216.026697 60.00
216.100448 60.00
216.153698 60.00
216.227454 60.00
216.282614 60.00
216.343755 60.00
216.409974 60.00
216.464331 60.00
216.534456 60.00
216.598724 60.00
216.660203 60.00
216.729898 60.00
216.799726 60.00
216.863615 60.00
216.928337 60.00
216.987582 60.00
217.053981 60.00
217.104336 60.00
217.174604 60.00
217.244855 60.00
217.304338 60.00
217.363990 60.00
217.419335 60.00
217.489345 60.00
217.548983 60.00
217.609865 60.00
217.664215 60.00
217.736098 60.00
217.795980 60.00
217.860732 60.00
217.920489 60.00
217.990767 60.00
218.050345 60.00
218.115343 60.00
218.175001 60.00
218.239990 60.00
218.309735 60.00
218.363860 60.00
218.413855 60.00
218.473346 60.00
218.532593 60.00
218.591464 60.00
218.650872 60.00
218.709745 60.00
218.763592 60.00
218.824594 60.00
218.883872 60.00
218.953760 60.00
219.007759 60.00
219.062231 60.00
219.123601 60.00
219.189877 60.00
219.244351 60.00
219.308877 60.00
219.368354 60.00
219.429671 60.00
219.491234 60.00
219.552352 60.00
219.616868 60.00
219.672500 60.00
219.736882 60.00
219.792358 60.00
219.858232 60.00
219.923237 60.00
219.987873 60.00
220.048801 60.00
220.103231 60.00
220.162884 60.00
220.218356 60.00
220.277483 60.00
220.341634 60.00
220.400481 60.00
220.460996 60.00
220.525104 60.00
220.589229 60.00
220.648105 60.00
220.712231 60.00
220.776634 60.00
220.835486 60.00
220.894488 60.00
220.953671 60.00
221.023880 60.00
221.093490 60.00
221.157766 60.00
221.212240 60.00
221.282243 60.00
221.347242 60.00
221.417371 60.00
221.482369 60.00
221.552679 60.00
221.617747 60.00
221.682494 60.00
221.742127 60.00
221.801890 60.00
221.871688 60.00
221.936654 60.00
221.997501 60.00
222.057121 60.00
222.121754 60.00
222.176129 60.00
222.237372 60.00
222.298503 60.00
222.358125 60.00
222.417686 60.00
222.472127 60.00
222.533374 60.00
222.594378 60.00
222.654127 60.00
222.709516 60.00
222.763517 60.00
222.817500 60.00
222.871682 60.00
222.926132 60.00
222.997917 60.00
223.057757 60.00
223.108147 60.00
223.172695 60.00
223.227132 60.00
223.302511 60.00
223.372650 60.00
223.432129 60.00
223.486137 60.00
223.545379 60.00
223.604379 60.00
223.669019 60.00
223.733526 60.00
223.799510 60.00
223.853531 60.00
223.923763 59.00
223.988384 59.00
224.048144 60.00
224.113156 60.00
224.177689 60.00
224.242763 60.00
224.298144 60.00
224.359144 60.00
224.424138 60.00
224.483690 60.00
224.548767 60.00
224.618696 60.00
224.675692 60.00
224.732531 60.00
224.793923 60.00
224.853012 60.00
224.908543 60.00
224.968142 60.00
225.032526 60.00
225.093916 60.00
225.149520 60.00
225.209023 60.00
225.279146 60.00
225.334707 60.00
225.385027 60.00
225.450145 60.00
225.516774 60.00
225.582023 60.00
225.652152 60.00
225.718774 60.00
225.778685 60.00
225.829049 60.00
225.884399 60.00
225.944023 60.00
226.005027 60.00
226.064548 60.00
226.119035 60.00
226.184027 60.00
226.249031 60.00
226.308280 60.00
226.368160 60.00
226.438282 60.00
226.498028 60.00
226.558038 60.00
226.623034 60.00
226.698404 60.00
226.768699 60.00
226.833537 60.00
226.888035 60.00
226.947542 60.00
227.002041 60.00
227.067034 60.00
227.142543 60.00
227.197036 60.00
227.267414 60.00
227.339286 60.00
227.404062 60.00
227.469039 60.00
227.528546 60.00
227.583044 60.00
227.647929 60.00
227.713041 60.00
227.772934 60.00
227.834295 60.00
227.893937 60.00
227.955289 60.00
228.016569 60.00
228.066935 60.00
228.126290 60.00
228.190934 60.00
228.255299 60.00
228.316817 60.00
228.372418 60.00
228.433724 60.00
228.493421 59.00
228.547809 59.00
228.613728 59.00
228.673293 60.00
228.733075 60.00
228.803302 59.00
228.863946 60.00
228.934298 60.00
228.998950 60.00
229.069301 60.00
229.128958 60.00
229.195731 60.00
229.255425 60.00
229.320307 60.00
229.386425 60.00
229.445690 60.00
229.505175 60.00
229.569173 60.00
229.628305 60.00
229.683299 60.00
229.753433 60.00
229.807699 60.00
229.867434 60.00
229.932558 60.00
229.997301 60.00
230.058184 60.00
230.128555 60.00
230.195218 60.00
230.254698 60.00
230.319437 60.00
230.375728 60.00
230.437190 60.00
230.502312 60.00
230.561683 60.00
230.626827 60.00
230.696953 60.00
230.758194 60.00
230.819728 60.00
230.879441 59.00
230.929840 59.00
230.990829 60.00
231.055969 60.00
231.113085 60.00
231.172841 60.00
231.232835 60.00
231.302968 60.00
231.363842 60.00
231.428565 60.00
231.487965 60.00
231.553706 60.00
231.614320 60.00
231.675319 60.00
231.735201 60.00
231.801322 60.00
231.862193 60.00
231.917202 60.00
231.977710 60.00
232.036847 60.00
232.096844 60.00
232.166836 60.00
232.231849 60.00
232.291195 60.00
232.350855 60.00
232.420714 60.00
232.475838 60.00
232.531198 60.00
232.590196 60.00
232.664846 60.00
232.729196 60.00
232.784208 60.00
232.856077 60.00
232.912081 60.00
232.971725 60.00
233.031336 60.00
233.087585 60.00
233.147203 60.00
233.208582 60.00
233.268330 60.00
233.327848 60.00
233.394584 60.00
233.454083 60.00
233.515588 60.00
233.575206 60.00
233.634617 60.00
233.694205 60.00
233.758339 60.00
233.818337 60.00
233.872728 60.00
233.948093 60.00
234.009460 60.00
234.079082 60.00
234.144084 60.00
234.214086 60.00
234.280214 60.00
234.339739 60.00
234.404340 60.00
234.459856 60.00
234.515336 60.00
234.574981 60.00
234.639210 60.00
234.689212 60.00
234.739085 60.00
234.793982 60.00
234.854761 60.00
234.919213 60.00
234.980094 60.00
235.046007 60.00
235.105598 60.00
235.166218 60.00
235.225593 60.00
235.284341 60.00
235.329979 60.00
235.398857 60.00
235.472979 60.00
235.541856 60.00
235.610858 60.00
235.679856 60.00
235.753856 60.00
235.818224 60.00
235.872596 60.00
235.932224 60.00
235.988489 60.00
236.048099 60.00
236.102105 60.00
236.156602 60.00
236.215603 60.00
236.276996 60.00
236.336486 60.00
236.402505 60.00
236.462102 60.00
236.516227 60.00
236.570490 60.00
236.635013 60.00
236.700020 60.00
236.778484 60.00
236.842670 60.00
236.911754 60.00
236.975789 60.00
237.039870 60.00
237.108995 60.00
237.164103 60.00
237.217999 60.00
237.272774 60.00
237.355993 60.00
237.425643 60.00
237.489995 60.00
237.544757 60.00
237.599996 60.00
237.659005 60.00
237.714108 60.00
237.763762 60.00
237.827997 60.00
237.887000 60.00
237.942000 60.00
238.020003 60.00
238.075111 60.00
238.126769 60.00
238.197004 60.00
238.261237 60.00
238.330995 60.00
238.398881 60.00
238.458673 60.00
238.519780 60.00
238.586373 60.00
238.646123 60.00
238.700495 60.00
238.760128 60.00
238.814497 60.00
238.886375 60.00
238.946124 60.00
239.005501 60.00
239.066898 60.00
239.132016 60.00
239.196899 60.00
239.261893 60.00
239.321507 60.00
239.382767 60.00
239.452518 60.00
239.522695 60.00
239.592894 60.00
239.659378 60.00
239.715022 60.00
239.774501 60.00
239.839009 60.00
239.893505 60.00
239.958001 60.00
240.020521 60.00
240.085003 60.00
240.144137 60.00
240.194507 60.00
240.254132 60.00
240.315011 60.00
240.369381 60.00
240.429011 60.00
240.483514 60.00
240.543049 60.00
240.597540 60.00
240.662379 60.00
240.721128 60.00
240.767004 60.00
240.825771 60.00
240.899664 60.00
240.963756 60.00
241.037775 60.00
241.096776 60.00
241.155913 60.00
241.236682 60.00
241.306699 60.00
241.378665 60.00
241.454023 60.00
241.508540 60.00
241.573517 60.00
241.638394 60.00
241.703394 60.00
241.762910 60.00
241.821764 60.00
241.885781 60.00
241.950396 60.00
242.015269 60.00
242.084640 60.00
242.154394 60.00
242.213785 60.00
242.273395 60.00
242.338270 60.00
242.397394 60.00
242.456775 60.00
242.520661 60.00
242.580400 60.00
242.645273 60.00
242.699404 60.00
242.764405 60.00
242.824025 60.00
242.878403 60.00
242.939409 60.00
243.003915 60.00
243.059406 60.00
243.118918 60.00
243.177649 60.00
243.238404 60.00
243.302941 60.00
243.357411 60.00
243.422402 60.00
243.491776 60.00
243.556279 60.00
243.621922 60.00
243.680939 60.00
243.735280 60.00
243.789407 60.00
243.854409 60.00
243.919041 60.00
243.984039 60.00
244.048800 60.00
244.113808 60.00
244.178932 60.00
244.238284 60.00
244.308541 60.00
244.378419 60.00
244.443544 60.00
244.508287 60.00
244.577784 60.00
244.627801 60.00
244.683672 60.00
244.743419 60.00
244.804578 60.00
244.869294 60.00
244.928940 60.00
244.994539 60.00
245.053703 60.00
245.114539 60.00
245.179295 60.00
245.234810 60.00
245.293712 60.00
245.349293 60.00
245.408809 60.00
245.467941 60.00
245.523424 60.00
245.587706 60.00
245.646570 60.00
245.701682 60.00
245.760419 60.00
245.824685 60.00
245.883686 60.00
245.937949 60.00
245.998550 60.00
246.062824 60.00
246.117307 60.00
246.182301 60.00
246.265302 60.00
246.330174 60.00
246.394561 60.00
246.459180 60.00
246.523828 60.00
246.578311 60.00
246.647821 60.00
246.706693 60.00
246.766308 60.00
246.831188 60.00
246.906736 60.00
246.966306 60.00
247.041566 60.00
247.113307 60.00
247.178311 60.00
247.243186 60.00
247.313314 60.00
247.378313 60.00
247.439433 60.00
247.503700 60.00
247.563310 60.00
247.622837 60.00
247.675068 60.00
247.730709 60.00
247.786437 60.00
247.851309 60.00
247.920851 60.00
247.971192 60.00
248.030603 60.00
248.084841 60.00
248.135195 60.00
248.194563 60.00
248.248840 60.00
248.299195 60.00
248.360441 60.00
248.420195 60.00
248.481194 60.00
248.546199 60.00
248.611198 60.00
248.676192 60.00
248.741203 60.00
248.806194 60.00
248.862753 60.00
248.917200 60.00
248.987070 60.00
249.046842 60.00
249.097199 60.00
249.167328 60.00
249.237451 60.00
249.297073 60.00
249.362206 60.00
249.427201 60.00
249.497579 60.00
249.567847 60.00
249.632864 60.00
249.697858 60.00
249.752201 60.00
249.817204 60.00
249.878203 60.00
249.953582 60.00
250.023720 60.00
250.082451 60.00
250.146449 60.00
250.210449 60.00
250.274449 60.00
250.333451 60.00
250.392599 60.00
250.448462 60.00
250.507453 60.00
250.568855 60.00
250.628585 60.00
250.678621 60.00
250.733087 60.00
250.799858 60.00
250.860584 60.00
250.915092 60.00
250.974752 60.00
251.036742 60.00
251.082456 60.00
251.141331 60.00
251.205331 60.00
251.265737 60.00
251.311457 60.00
251.366736 60.00
251.412457 60.00
251.471333 60.00
251.535333 60.00
251.595738 60.00
251.647095 60.00
251.707727 60.00
251.762980 60.00
251.834856 60.00
251.898981 60.00
251.953091 60.00
252.018728 60.00
252.064212 60.00
252.123595 60.00
252.191225 60.00
252.257846 60.00
252.322344 60.00
252.394102 60.00
252.458992 60.00
252.526990 60.00
252.586346 60.00
252.655494 60.00
252.720655 60.00
252.771100 60.00
252.835347 60.00
252.905348 60.00
252.975492 60.00
253.054101 60.00
253.108099 60.00
253.167107 60.00
253.229868 60.00
253.289654 60.00
253.345503 60.00
253.401353 60.00
253.467791 60.00
253.527102 60.00
253.589487 60.00
253.645233 60.00
253.724007 60.00
253.785237 60.00
253.860231 60.00
253.919990 60.00
253.986776 60.00
254.046491 60.00
254.100989 60.00
254.161751 60.00
254.221491 60.00
254.275987 60.00
254.335356 60.00
254.389488 60.00
254.443233 60.00
254.517776 60.00
254.582234 60.00
254.641235 60.00
254.719361 60.00
254.778237 60.00
254.837370 60.00
254.907493 60.00
254.972119 60.00
255.031993 60.00
255.096998 60.00
255.163747 60.00
255.223495 60.00
255.298749 60.00
255.358368 60.00
255.423122 60.00
255.493246 60.00
255.558000 60.00
255.619750 60.00
255.679496 60.00
255.733367 60.00
255.798122 60.00
255.862909 60.00
255.927993 60.00
255.981493 60.00
256.040009 60.00
256.095248 60.00
256.164244 60.00
256.225121 60.00
256.294244 60.00
256.353244 60.00
256.415121 60.00
256.488995 60.00
256.544156 60.00
256.608017 60.00
256.664520 60.00
256.714248 60.00
256.773378 60.00
256.833126 60.00
256.897375 60.00
256.961904 60.00
257.031772 60.00
257.088504 60.00
257.149253 60.00
257.208254 60.00
257.262263 60.00
257.317254 60.00
257.376385 60.00
257.430900 60.00
257.490257 60.00
257.549907 60.00
257.616136 60.00
257.681265 60.00
257.747907 60.00
257.818043 60.00
257.888268 60.00
257.953010 60.00
258.017910 60.00
258.082907 60.00
258.142532 60.00
258.196906 60.00
258.261783 60.00
258.321392 60.00
258.375910 60.00
258.440013 60.00
258.514798 60.00
258.579138 60.00
258.648138 60.00
258.717639 60.00
258.773699 60.00
258.832917 60.00
258.894035 60.00
258.953397 60.00
259.018396 60.00
259.077926 60.00
259.143037 60.00
259.221280 60.00
259.280714 60.00
259.341271 60.00
259.395146 59.00
259.454402 59.00
259.509553 60.00
259.569151 60.00
259.635149 60.00
259.689405 60.00
259.744934 60.00
259.810917 60.00
259.866022 60.00
259.931523 60.00
259.995523 60.00
260.054525 60.00
260.118524 60.00
260.182540 60.00
260.246542 60.00
260.310816 60.00
260.366807 60.00
260.417525 60.00
260.481526 60.00
260.545541 60.00
260.609688 60.00
260.665028 60.00
260.729045 60.00
260.802155 60.00
260.862535 60.00
260.922412 60.00
260.989036 60.00
261.044163 60.00
261.119707 60.00
261.194801 60.00
261.259291 60.00
261.318535 60.00
261.388158 60.00
261.452539 60.00
261.522034 60.00
261.582804 60.00
261.646733 60.00
261.711722 60.00
261.776037 60.00
261.837544 60.00
261.902582 60.00
261.967298 60.00
262.023424 60.00
262.083167 60.00
262.144421 60.00
262.204170 60.00
262.263819 60.00
262.323732 60.00
262.393542 60.00
262.447291 60.00
262.502715 60.00
262.561948 60.00
262.632177 60.00
262.691710 60.00
262.762056 60.00
262.828066 60.00
262.897546 60.00
262.958173 60.00
263.011923 60.00
263.067171 60.00
263.126714 60.00
263.191306 60.00
263.243432 60.00
263.303052 60.00
263.372550 60.00
263.432176 60.00
263.492936 60.00
263.554435 60.00
263.613947 60.00
263.688425 60.00
263.748052 60.00
263.812559 60.00
263.868184 60.00
263.922304 60.00
263.988955 60.00
264.059182 60.00
264.123959 60.00
264.189060 60.00
264.249933 60.00
264.309091 60.00
264.364843 60.00
264.436733 60.00
264.503437 60.00
264.568058 60.00
264.632576 60.00
264.701822 60.00
264.763319 60.00
264.822956 60.00
264.893193 60.00
264.954568 60.00
265.013832 60.00
265.073575 60.00
265.138567 60.00
265.203065 60.00
265.257196 60.00
265.317565 60.00
265.387077 60.00
265.446440 60.00
265.502323 60.00
265.562072 60.00
265.616443 60.00
265.672073 60.00
265.731967 60.00
265.797832 60.00
265.861705 60.00
265.912440 60.00
265.971964 60.00
266.041193 60.00
266.096629 60.00
266.161575 60.00
266.220837 60.00
266.280582 60.00
266.345622 60.00
266.405080 60.00
266.459581 60.00
266.534074 60.00
266.593084 60.00
266.657449 60.00
266.721448 60.00
266.780715 60.00
266.844973 60.00
266.919842 60.00
266.983840 60.00
267.047714 60.00
267.111726 60.00
267.175449 60.00
267.235826 60.00
267.299716 60.00
267.363719 60.00
267.424076 60.00
267.482718 60.00
267.548452 60.00
267.612859 60.00
267.676722 60.00
267.737599 60.00
267.796986 60.00
267.851463 60.00
267.915724 60.00
267.980464 60.00
268.045336 60.00
268.109719 60.00
268.169469 60.00
268.234463 60.00
268.289996 60.00
268.344496 60.00
268.409339 60.00
268.468988 60.00
268.539467 60.00
268.609470 60.00
268.669096 60.00
268.724342 60.00
268.788858 60.00
268.848469 60.00
268.907861 60.00
268.978100 60.00
269.028470 60.00
269.088011 60.00
269.147884 60.00
269.208987 60.00
269.263483 60.00
269.324773 60.00
269.389664 60.00
269.459886 60.00
269.524864 60.00
269.584489 60.00
269.654600 60.00
269.718863 60.00
269.778002 60.00
269.842481 60.00
269.911740 60.00
269.973227 60.00
270.032223 60.00
270.093231 60.00
270.157599 60.00
270.222350 60.00
270.287224 60.00
270.348118 60.00
270.407857 60.00
270.467228 60.00
270.526879 60.00
270.581358 60.00
270.640989 60.00
270.701875 60.00
270.756234 60.00
270.815360 60.00
270.880361 60.00
270.939874 60.00
270.994361 60.00
271.059361 60.00
271.123632 60.00
271.187877 60.00
271.237759 60.00
271.296639 60.00
271.351769 60.00
271.410762 60.00
271.469635 60.00
271.524747 60.00
271.588878 60.00
271.638883 60.00
271.697986 60.00
271.753369 60.00
271.818368 60.00
271.877988 60.00
271.933362 60.00
271.997645 60.00
272.061755 60.00
272.120659 60.00
272.190362 60.00
272.244241 60.00
272.303115 60.00
272.369003 60.00
272.423372 60.00
272.482762 60.00
272.546757 60.00
272.605772 60.00
272.659492 60.00
272.723648 60.00
272.793243 60.00
272.857367 60.00
272.921763 60.00
272.980777 60.00
273.039779 60.00
273.093897 60.00
273.158382 60.00
273.225033 60.00
273.284671 60.00
273.349380 60.00
273.410129 60.00
273.469768 60.00
273.519659 60.00
273.584381 60.00
273.639761 60.00
273.695128 60.00
273.750675 60.00
273.815128 60.00
273.875886 60.00
273.933006 60.00
273.997775 60.00
274.051756 60.00
274.105506 60.00
274.170384 60.00
274.231131 60.00
274.295388 60.00
274.356263 60.00
274.411653 60.00
274.476680 60.00
274.546904 60.00
274.611694 60.00
274.687137 60.00
274.757135 60.00
274.821820 60.00
274.880647 60.00
274.939509 60.00
275.004008 60.00
275.068269 60.00
275.127917 60.00
275.192638 60.00
275.257141 60.00
275.316912 60.00
275.386640 60.00
275.453270 60.00
275.514389 60.00
275.575142 60.00
275.636268 60.00
275.695703 60.00
275.750151 60.00
275.809683 60.00
275.863675 60.00
275.918151 60.00
275.979395 60.00
276.039146 60.00
276.098523 60.00
276.157780 60.00
276.208019 60.00
276.268523 60.00
276.322525 60.00
276.387280 60.00
276.451393 60.00
276.515395 60.00
276.589394 60.00
276.658526 60.00
276.712398 60.00
276.771397 60.00
276.835398 60.00
276.890400 60.00
276.959399 60.00
277.023710 60.00
277.082398 60.00
277.147158 60.00
277.206401 60.00
277.270402 60.00
277.325678 60.00
277.386152 60.00
277.441656 60.00
277.496157 60.00
277.565542 60.00
277.641163 60.00
277.716534 60.00
277.786679 60.00
277.846537 60.00
277.916572 60.00
277.976162 60.00
278.046043 60.00
278.121542 60.00
278.191536 60.00
278.261826 60.00
278.326704 60.00
278.387786 60.00
278.453411 60.00
278.531052 60.00
278.591697 60.00
278.647036 60.00
278.702704 60.00
278.758165 60.00
278.813414 60.00
278.865293 60.00
278.925042 60.00
278.974807 60.00
279.034054 60.00
279.094812 60.00
279.145049 60.00
279.206427 60.00
279.271042 60.00
279.335721 60.00
279.386049 60.00
279.445419 60.00
279.506817 60.00
279.566422 60.00
279.626054 60.00
279.691055 60.00
279.756048 60.00
279.831426 60.00
279.901552 60.00
279.955422 60.00
280.014297 60.00
280.078170 60.00
280.142297 60.00
280.211298 60.00
280.270423 59.00
280.329301 59.00
280.393298 60.00
280.457178 60.00
280.526300 60.00
280.595300 60.00
280.654301 60.00
280.718304 60.00
280.782591 60.00
280.836302 60.00
280.905693 60.00
280.974941 60.00
281.043945 60.00
281.107945 60.00
281.163182 60.00
281.227308 60.00
281.296306 60.00
281.360180 60.00
281.424306 60.00
281.488565 60.00
281.548312 60.00
281.603435 60.00
281.657567 60.00
281.712082 60.00
281.773188 60.00
281.839735 60.00
281.899439 60.00
281.949313 60.00
282.008448 60.00
282.068065 60.00
282.132966 60.00
282.199739 60.00
282.264577 60.00
282.314970 60.00
282.379963 60.00
282.439316 60.00
282.503707 60.00
282.557314 60.00
282.616189 60.00
282.680316 60.00
282.744317 60.00
282.803193 60.00
282.872194 60.00
282.936194 60.00
283.000317 60.00
283.064321 60.00
283.118321 60.00
283.177195 60.00
283.241320 60.00
283.300194 60.00
283.369070 60.00
283.451445 60.00
283.510320 60.00
283.569196 60.00
283.633197 60.00
283.702322 60.00
283.761072 60.00
283.830073 60.00
283.899212 60.00
283.968718 60.00
284.033201 60.00
284.097719 60.00
284.156981 60.00
284.221853 60.00
284.286329 60.00
284.336857 60.00
284.396852 60.00
284.456331 60.00
284.525860 60.00
284.585206 60.00
284.649863 60.00
284.714858 60.00
284.774208 60.00
284.840338 60.00
284.894857 60.00
284.959207 60.00
285.023210 60.00
285.087083 60.00
285.151208 60.00
285.225460 60.00
285.271212 60.00
285.335217 60.00
285.390008 60.00
285.446213 60.00
285.505344 60.00
285.574731 60.00
285.634342 60.00
285.694977 60.00
285.751226 60.00
285.816351 60.00
285.875863 60.00
285.936217 60.00
285.993095 60.00
286.057737 60.00
286.119097 60.00
286.178867 60.00
286.238354 60.00
286.294599 60.00
286.356100 60.00
286.420992 60.00
286.485765 60.00
286.550221 60.00
286.604226 60.00
286.658870 60.00
286.720108 60.00
286.779872 60.00
286.846486 60.00
286.918128 60.00
286.974108 60.00
287.033641 60.00
287.093350 60.00
287.149620 60.00
287.219359 60.00
287.275504 60.00
287.335230 60.00
287.389360 60.00
287.449112 60.00
287.510493 60.00
287.571359 60.00
287.627488 60.00
287.687106 60.00
287.748490 60.00
287.808359 60.00
287.867897 60.00
287.928745 60.00
287.993648 60.00
288.053114 60.00
288.119362 60.00
288.179984 60.00
288.258742 59.00
288.329111 59.00
288.388650 60.00
288.445363 60.00
288.505643 60.00
288.561241 60.00
288.620885 60.00
288.676113 60.00
288.748000 60.00
288.802241 60.00
288.861673 60.00
288.921370 60.00
288.986241 60.00
289.047497 60.00
289.107121 60.00
289.173750 60.00
289.238646 60.00
289.299997 60.00
289.364763 60.00
289.425885 60.00
289.485118 60.00
289.554752 60.00
289.619118 60.00
289.693496 60.00
289.758012 60.00
289.817121 60.00
289.871252 60.00
289.935503 60.00
289.995128 60.00
290.051503 60.00
290.110999 60.00
290.175673 60.00
290.240667 60.00
290.312380 60.00
290.372132 60.00
290.433376 60.00
290.493130 60.00
290.547683 60.00
290.606374 60.00
290.670137 60.00
290.734522 60.00
290.799022 60.00
290.859505 60.00
290.929130 60.00
290.979128 60.00
291.038503 60.00
291.094902 60.00
291.154508 60.00
291.220006 60.00
291.279003 60.00
291.339513 60.00
291.395771 60.00
291.467662 60.00
291.527010 60.00
291.589391 60.00
291.649144 60.00
291.703512 60.00
291.759142 60.00
291.815394 60.00
291.875139 60.00
291.941692 60.00
292.006560 60.00
292.071044 60.00
292.137792 60.00
292.212513 60.00
292.282148 60.00
292.346514 60.00
292.412916 60.00
292.474393 60.00
292.534048 60.00
292.588521 60.00
292.649915 60.00
292.720057 60.00
292.774593 60.00
292.834144 60.00
292.888526 60.00
292.958688 60.00
293.019771 60.00
293.080782 60.00
293.140020 60.00
293.194048 60.00
293.248531 60.00
293.308150 60.00
293.372523 60.00
293.442398 60.00
293.512157 60.00
293.562536 60.00
293.623776 60.00
293.678789 60.00
293.742791 60.00
293.806675 60.00
293.875788 60.00
293.939789 60.00
294.003792 60.00
294.058793 60.00
294.122791 60.00
294.186795 60.00
294.250793 60.00
294.306163 60.00
294.356534 60.00
294.426406 60.00
294.496536 60.00
294.561535 60.00
294.620935 60.00
294.701722 60.00
294.771926 60.00
294.843784 60.00
294.924409 60.00
294.978542 60.00
295.049041 60.00
295.108701 60.00
295.172929 60.00
295.247657 60.00
295.321658 60.00
295.390658 60.00
295.456034 60.00
295.514784 60.00
295.588536 60.00
295.662661 60.00
295.736537 60.00
295.810661 60.00
295.879662 60.00
295.953538 60.00
296.027663 60.00
296.101663 60.00
296.170540 60.00
296.239540 60.00
296.303812 60.00
296.367705 60.00
296.442545 60.00
296.501685 60.00
296.565806 60.00
296.624547 60.00
296.675293 60.00
296.734044 60.00
296.779574 60.00
296.848684 60.00
296.912546 60.00
296.976940 60.00
297.046814 60.00
297.111427 60.00
297.175816 60.00
297.225816 60.00
297.279950 60.00
297.329817 60.00
297.389432 60.00
297.454430 60.00
297.513819 60.00
297.580431 60.00
297.640055 60.00
297.700302 60.00
297.764302 60.00
297.822942 60.00
297.881826 60.00
297.951305 60.00
298.015179 60.00
298.084945 60.00
298.143695 60.00
298.213837 60.00
298.273432 60.00
298.348841 60.00
298.410188 60.00
298.474841 60.00
298.547310 60.00
298.602432 60.00
298.666699 60.00
298.721827 60.00
298.785951 60.00
298.846837 60.00
298.896709 60.00
298.961188 60.00
299.020449 60.00
299.079563 60.00
299.140318 60.00
299.215834 60.00
299.265711 60.00
299.327071 60.00
299.386839 60.00
299.436976 60.00
299.501969 60.00
299.566712 60.00
299.622325 60.00
299.687323 60.00
299.746444 60.00
299.830328 60.00
299.895197 60.00
299.954845 60.00
300.014447 60.00
300.078730 60.00
300.137724 60.00
300.196722 60.00
300.255445 60.00
300.319723 60.00
300.383724 60.00
300.442572 60.00
300.506572 60.00
300.570573 60.00
300.634447 60.00
300.698447 60.00
300.762575 60.00
300.827324 60.00
300.896575 60.00
300.962843 60.00
301.022000 60.00
301.081850 60.00
301.141330 60.00
301.210581 60.00
301.280338 60.00
301.344580 60.00
301.405979 60.00
301.465751 60.00
301.521467 60.00
301.581211 60.00
301.642336 60.00
301.701774 60.00
301.756219 60.00
301.815588 59.00
301.881850 59.00
301.927753 60.00
301.977587 60.00
302.031843 60.00
302.082213 60.00
302.141733 60.00
302.202087 60.00
302.259001 60.00
302.315853 60.00
302.361867 60.00
302.412217 60.00
302.487091 60.00
302.541097 60.00
302.616595 60.00
302.686352 60.00
302.758227 60.00
302.823219 60.00
302.893221 60.00
302.958221 60.00
303.018792 60.00
303.073222 60.00
303.151096 60.00
303.226600 60.00
303.291598 60.00
303.345597 60.00
303.399870 60.00
303.464866 60.00
303.541536 60.00
303.597550 60.00
303.651870 60.00
303.732103 60.00
303.787753 60.00
303.843226 60.00
303.902642 60.00
303.958103 60.00
304.029508 60.00
304.097672 60.00
304.152106 60.00
304.213492 60.00
304.279666 60.00
304.334106 60.00
304.399109 60.00
304.464112 60.00
304.525356 60.00
304.585110 60.00
304.651882 60.00
304.722114 60.00
304.787138 60.00
304.851983 60.00
304.923884 60.00
304.983651 60.00
305.042995 60.00
305.098784 60.00
305.163758 60.00
305.220359 60.00
305.284356 60.00
305.353875 60.00
305.423005 60.00
305.487112 60.00
305.546001 60.00
305.618361 60.00
305.688002 60.00
305.752245 60.00
305.816991 60.00
305.884364 60.00
305.945119 60.00
306.010118 60.00
306.075127 60.00
306.140118 60.00
306.201119 60.00
306.262373 60.00
306.322126 60.00
306.381367 60.00
306.442123 60.00
306.507250 60.00
306.575377 60.00
306.634495 60.00
306.688370 60.00
306.747510 60.00
306.802020 60.00
306.863247 60.00
306.927690 60.00
306.984693 60.00
307.041374 60.00
307.096689 60.00
307.161689 60.00
307.226375 60.00
307.285247 60.00
307.346122 60.00
307.406016 60.00
307.458650 60.00
307.508374 60.00
307.572249 60.00
307.632655 60.00
307.678374 60.00
307.742254 60.00
307.806254 60.00
307.870378 60.00
307.935135 60.00
308.001759 60.00
308.061508 60.00
308.116029 60.00
308.186029 60.00
308.256015 60.00
308.321016 60.00
308.390904 60.00
308.466394 60.00
308.536675 60.00
308.601517 60.00
308.656014 60.00
308.726137 60.00
308.796389 60.00
308.866515 60.00
308.920703 60.00
308.985707 60.00
309.050516 60.00
309.109781 60.00
309.174141 60.00
309.238263 60.00
309.298039 60.00
309.357392 60.00
309.416539 60.00
309.471020 60.00
309.535915 60.00
309.595525 60.00
309.650028 60.00
309.714790 60.00
309.784551 60.00
309.839913 60.00
309.900145 60.00
309.954142 60.00
310.020033 60.00
310.078767 60.00
310.147936 60.00
310.212268 60.00
310.271268 60.00
310.335403 60.00
310.394270 60.00
310.449520 60.00
310.503275 60.00
310.557273 60.00
310.616036 60.00
310.672403 60.00
310.726775 60.00
310.785148 60.00
310.849405 60.00
310.903920 60.00
310.974530 60.00
311.031153 60.00
311.090275 60.00
311.159025 60.00
311.223276 60.00
311.286900 60.00
311.350804 60.00
311.404402 60.00
311.462902 60.00
311.521402 60.00
311.575028 60.00
311.649028 60.00
311.708030 60.00
311.782030 60.00
311.838159 60.00
311.899050 60.00
311.968414 60.00
312.022937 60.00
312.092784 60.00
312.151158 60.00
312.220690 60.00
312.276171 60.00
312.339946 60.00
312.399058 60.00
312.465706 60.00
312.525421 60.00
312.579936 60.00
312.644043 60.00
312.708827 60.00
312.769798 60.00
312.836691 60.00
312.892295 60.00
312.952936 60.00
313.017831 60.00
313.082708 60.00
313.143040 60.00
313.201570 60.00
313.265694 60.00
313.324039 60.00
313.388294 60.00
313.438181 60.00
313.504298 60.00
313.558692 60.00
313.617840 60.00
313.688181 60.00
313.754173 60.00
313.825821 60.00
313.896069 60.00
313.955433 60.00
314.005822 60.00
314.070301 60.00
314.120434 60.00
314.181311 60.00
314.246428 60.00
314.307178 60.00
314.378585 60.00
314.448313 60.00
314.502827 60.00
314.567949 60.00
314.634062 60.00
314.693834 60.00
314.753181 60.00
314.817960 60.00
314.883182 60.00
314.947317 60.00
315.001831 60.00
315.063078 60.00
315.127719 60.00
315.189093 60.00
315.253594 60.00
315.309621 60.00
315.369318 60.00
315.423708 60.00
315.483318 60.00
315.543195 60.00
315.597635 60.00
315.657193 60.00
315.713446 60.00
315.767604 60.00
315.827064 60.00
315.897065 60.00
315.966847 60.00
316.027737 60.00
316.092710 60.00
316.152066 60.00
316.222079 60.00
316.291598 60.00
316.347197 60.00
316.407072 60.00
316.471853 60.00
316.532742 60.00
316.602733 60.00
316.662326 60.00
316.712711 60.00
316.777071 60.00
316.842618 60.00
316.899203 60.00
316.963603 60.00
317.032964 60.00
317.107598 60.00
317.163203 60.00
317.227610 60.00
317.282604 60.00
317.354454 60.00
317.414204 60.00
317.473604 60.00
317.534072 60.00
317.593073 60.00
317.652073 60.00
317.726449 59.00
317.790604 59.00
317.856200 60.00
317.914967 60.00
317.973966 60.00
318.032969 60.00
318.092091 60.00
318.145970 60.00
318.204969 60.00
318.263971 60.00
318.328453 60.00
318.397971 60.00
318.457079 60.00
318.510971 60.00
318.571727 60.00
318.635972 60.00
318.695083 60.00
318.748852 60.00
318.808082 60.00
318.858084 60.00
318.911981 60.00
318.971210 60.00
319.026461 60.00
319.081599 60.00
319.141217 60.00
319.198215 60.00
319.257223 60.00
319.307593 60.00
319.372604 60.00
319.447758 60.00
319.508342 60.00
319.574738 60.00
319.635870 60.00
319.700594 60.00
319.770467 60.00
319.834467 60.00
319.893596 60.00
319.962856 60.00
320.022597 60.00
320.081984 60.00
320.146098 60.00
320.200221 60.00
320.260880 60.00
320.324749 60.00
320.388999 60.00
320.447986 60.00
320.507100 60.00
320.566100 60.00
320.630481 59.00
320.686353 59.00
320.746107 60.00
320.801873 60.00
320.861505 60.00
320.936871 60.00
320.998362 60.00
321.058105 60.00
321.122874 60.00
321.193016 60.00
321.247505 60.00
321.312484 60.00
321.382489 60.00
321.457858 60.00
321.527883 60.00
321.594495 60.00
321.653983 60.00
321.708114 59.00
321.767670 59.00
321.832359 60.00
321.892008 60.00
321.956988 60.00
322.016360 60.00
322.072007 60.00
322.138783 60.00
322.209006 60.00
322.263497 60.00
322.328495 60.00
322.398501 60.00
322.468671 60.00
322.538362 60.00
322.591762 60.00
322.652360 60.00
322.716236 60.00
322.790764 60.00
322.865238 60.00
322.929363 60.00
322.993757 60.00
323.057650 60.00
323.121771 60.00
323.191365 60.00
323.260365 60.00
323.324365 60.00
323.383366 60.00
323.442366 60.00
323.501369 60.00
323.561773 60.00
323.620887 60.00
323.680011 60.00
323.733760 59.00
323.802772 59.00
323.873776 60.00
323.938379 60.00
323.997891 60.00
324.051641 60.00
324.111380 60.00
324.176378 60.00
324.246516 60.00
324.311378 60.00
324.376379 60.00
324.441029 60.00
324.491387 60.00
324.556390 60.00
324.621385 60.00
324.691756 60.00
324.750898 60.00
324.805385 60.00
324.870384 60.00
324.935391 60.00
325.000384 60.00
325.065259 60.00
325.130037 60.00
325.194920 60.00
325.249260 60.00
325.303391 60.00
325.368393 60.00
325.429557 60.00
325.494390 60.00
325.559391 60.00
325.624396 60.00
325.689390 60.00
325.754264 60.00
325.818768 60.00
325.899263 60.00
325.968933 60.00
326.023391 60.00
326.093766 60.00
326.160145 60.00
326.219926 60.00
326.274390 60.00
326.335711 60.00
326.395402 60.00
326.460142 60.00
326.521148 60.00
326.580929 60.00
326.640269 60.00
326.699695 60.00
326.761154 60.00
326.825267 60.00
326.889266 60.00
326.958267 60.00
327.022037 60.00
327.091398 60.00
327.160662 60.00
327.214775 60.00
327.264777 60.00
327.323397 60.00
327.387648 60.00
327.441780 60.00
327.491916 60.00
327.547156 60.00
327.617402 60.00
327.672777 59.00
327.726399 59.00
327.790917 60.00
327.845917 60.00
327.896154 60.00
327.956924 60.00
328.017278 60.00
328.081919 60.00
328.147733 60.00
328.212043 60.00
328.271677 60.00
328.341781 60.00
328.400818 60.00
328.455158 60.00
328.514782 60.00
328.574293 60.00
328.649853 60.00
328.719929 60.00
328.784810 60.00
328.839292 60.00
328.909295 60.00
328.974289 60.00
329.035289 60.00
329.107044 60.00
329.166821 60.00
329.221165 60.00
329.287598 60.00
329.347173 60.00
329.408416 60.00
329.473294 60.00
329.538294 60.00
329.599612 60.00
329.659170 60.00
329.721939 60.00
329.786835 60.00
329.837295 60.00
329.903940 60.00
329.964947 60.00
330.024609 60.00
330.090708 60.00
330.140419 60.00
330.199836 60.00
330.255169 60.00
330.314169 60.00
330.373304 60.00
330.437578 60.00
330.498944 60.00
330.569175 60.00
330.625598 60.00
330.679712 60.00
330.740814 60.00
330.801305 60.00
330.871182 60.00
330.930590 60.00
330.995182 60.00
331.060178 60.00
331.119428 60.00
331.178425 60.00
331.243179 60.00
331.307174 60.00
331.366065 60.00
331.425175 60.00
331.478427 60.00
331.542427 60.00
331.612068 60.00
331.676615 60.00
331.748433 60.00
331.818191 60.00
331.884605 60.00
331.944186 60.00
332.010442 60.00
332.070194 60.00
332.129596 60.00
332.183432 60.00
332.247595 60.00
332.306585 60.00
332.365585 60.00
332.424436 60.00
332.479434 60.00
332.539598 60.00
332.593440 60.00
332.652311 60.00
332.723837 60.00
332.777959 60.00
332.833083 60.00
332.888064 60.00
332.942063 60.00
332.997340 60.00
333.048317 60.00
333.112316 60.00
333.171315 60.00
333.231073 60.00
333.296072 60.00
333.348730 60.00
333.394441 60.00
333.453316 60.00
333.523720 60.00
333.579958 60.00
333.643962 60.00
333.702599 60.00
333.756317 60.00
333.830319 60.00
333.894320 60.00
333.958194 60.00
334.022445 60.00
334.081196 60.00
334.150323 60.00
334.214322 60.00
334.278321 60.00
334.337323 60.00
334.401586 60.00
334.456098 60.00
334.515452 60.00
334.574462 60.00
334.639454 60.00
334.709329 60.00
334.773327 60.00
334.832589 60.00
334.886326 60.00
334.947334 60.00
335.011972 60.00
335.075973 60.00
335.139842 60.00
335.198847 60.00
335.257972 60.00
335.321970 60.00
335.391205 60.00
335.460986 60.00
335.522211 60.00
335.581334 60.00
335.640207 60.00
335.704207 60.00
335.769457 60.00
335.828083 60.00
335.878707 60.00
335.942208 60.00
336.012584 60.00
336.067585 60.00
336.122585 60.00
336.168084 60.00
336.222960 60.00
336.276210 60.00
336.344970 60.00
336.398211 59.00
336.468590 59.00
336.514091 60.00
336.564714 60.00
336.633470 60.00
336.696969 60.00
336.750217 60.00
336.823973 60.00
336.888599 60.00
336.943865 60.00
337.003600 60.00
337.068600 60.00
337.143501 60.00
337.197869 60.00
337.262768 60.00
337.322353 60.00
337.388992 60.00
337.444746 60.00
337.511231 60.00
337.571015 60.00
337.635870 60.00
337.695507 60.00
337.760358 60.00
337.816118 60.00
337.875358 60.00
337.929889 60.00
337.996769 60.00
338.052734 60.00
338.112493 60.00
338.168654 60.00
338.222767 60.00
338.281760 60.00
338.337360 60.00
338.393000 60.00
338.452230 60.00
338.513108 60.00
338.572234 60.00
338.641874 60.00
338.712233 60.00
338.776884 60.00
338.846879 60.00
338.906110 60.00
338.972240 60.00
339.038361 60.00
339.092235 60.00
339.151886 60.00
339.207237 60.00
339.266236 60.00
339.321234 60.00
339.386986 60.00
339.443001 60.00
339.502237 59.00
339.571755 59.00
339.641238 60.00
339.696237 60.00
339.751239 60.00
339.825772 60.00
339.890242 60.00
339.954114 60.00
340.023241 60.00
340.087774 60.00
340.151775 60.00
340.216241 60.00
340.290773 60.00
340.355243 60.00
340.429764 60.00
340.499119 60.00
340.557993 60.00
340.617246 60.00
340.671120 60.00
340.730120 60.00
340.794120 60.00
340.851010 60.00
340.919995 60.00
340.979125 60.00
341.048000 60.00
341.107123 60.00
341.166126 60.00
341.232027 60.00
341.285660 60.00
341.345003 60.00
341.404125 60.00
341.463250 60.00
341.517382 60.00
341.572893 60.00
341.627773 60.00
341.687387 60.00
341.748023 60.00
341.807254 60.00
341.861139 60.00
341.921541 60.00
341.982261 60.00
342.037690 60.00
342.093009 60.00
342.152130 60.00
342.211130 60.00
342.266006 60.00
342.334902 60.00
342.391029 60.00
342.450133 60.00
342.519267 60.00
342.584142 60.00
342.654030 60.00
342.713688 60.00
342.775081 60.00
342.834679 60.00
342.896049 60.00
342.955783 60.00
343.025549 60.00
343.089541 60.00
343.149271 60.00
343.208018 60.00
343.272559 60.00
343.332145 60.00
343.391028 60.00
343.450690 60.00
343.510697 60.00
343.570020 60.00
343.634550 60.00
343.694150 60.00
343.750562 60.00
343.806150 60.00
343.866277 60.00
343.920565 60.00
343.980277 60.00
344.030814 60.00
344.090150 60.00
344.146403 60.00
344.207282 60.00
344.263402 60.00
344.323043 60.00
344.381953 60.00
344.451552 60.00
344.511050 60.00
344.573403 60.00
344.638043 60.00
344.704281 60.00
344.765059 60.00
344.827279 60.00
344.884711 60.00
344.949847 60.00
345.019780 60.00
345.075160 60.00
345.129706 60.00
345.194690 60.00
345.255935 60.00
345.315707 60.00
345.380706 60.00
345.441935 60.00
345.501710 60.00
345.566721 60.00
345.637060 60.00
345.691605 60.00
345.752929 60.00
345.822409 60.00
345.887035 60.00
345.956409 60.00
346.016163 60.00
346.076058 60.00
346.137423 60.00
346.198935 60.00
346.260290 60.00
346.334928 60.00
346.393930 60.00
346.457928 60.00
346.516933 60.00
346.581061 60.00
346.634914 60.00
346.699944 60.00
346.764940 60.00
346.829582 60.00
346.893942 60.00
346.958945 60.00
347.018596 60.00
347.083421 60.00
347.139051 60.00
347.198418 60.00
347.257417 60.00
347.322934 60.00
347.381938 60.00
347.440937 60.00
347.499936 60.00
347.554945 60.00
347.609945 60.00
347.665048 60.00
347.715184 60.00
347.765598 60.00
347.825178 60.00
347.887310 60.00
347.947055 60.00
348.006951 60.00
348.076947 60.00
348.146619 60.00
348.210943 60.00
348.280427 60.00
348.344947 60.00
348.419953 60.00
348.471820 60.00
348.541952 60.00
348.600950 60.00
348.659946 60.00
348.724950 60.00
348.789074 60.00
348.848057 60.00
348.902436 60.00
348.967062 60.00
349.028310 60.00
349.087705 60.00
349.152081 60.00
349.212847 60.00
349.273848 60.00
349.332701 60.00
349.396951 60.00
349.452433 60.00
349.516970 60.00
349.571315 60.00
349.630313 60.00
349.685597 60.00
349.754969 60.00
349.810591 60.00
349.876187 60.00
349.940437 60.00
350.004953 60.00
350.058959 60.00
350.117956 60.00
350.176957 60.00
350.235709 60.00
350.290713 60.00
350.360315 60.00
350.424443 60.00
350.480722 60.00
350.550447 60.00
350.614960 60.00
350.673701 60.00
350.742443 60.00
350.811844 60.00
350.875944 60.00
350.934716 60.00
350.993717 60.00
351.057728 60.00
351.127324 60.00
351.191716 60.00
351.255968 60.00
351.314714 60.00
351.384450 60.00
351.450613 60.00
351.519981 60.00
351.589326 60.00
351.648980 60.00
351.710212 60.00
351.769848 60.00
351.834329 60.00
351.895215 60.00
351.964720 60.00
352.031210 60.00
352.090729 60.00
352.155467 60.00
352.218086 60.00
352.277855 60.00
352.333459 60.00
352.390589 60.00
352.452092 60.00
352.516726 60.00
352.572340 60.00
352.637340 60.00
352.712340 60.00
352.772855 60.00
352.828213 60.00
352.883463 60.00
352.947771 60.00
353.007214 60.00
353.071224 60.00
353.146782 60.00
353.221864 60.00
353.288344 60.00
353.353344 60.00
353.418002 60.00
353.482864 60.00
353.538345 60.00
353.602757 60.00
353.672737 60.00
353.732221 60.00
353.791349 60.00
353.861095 59.00
353.920596 60.00
353.979754 60.00
354.043805 60.00
354.113094 60.00
354.184223 59.00
354.243097 59.00
354.306737 60.00
354.370596 60.00
354.444471 60.00
354.513471 60.00
354.582471 60.00
354.651478 60.00
354.720480 60.00
354.794598 60.00
354.863598 60.00
354.932626 60.00
354.996482 60.00
355.060632 60.00
355.129484 60.00
355.199101 60.00
355.254354 60.00
355.318634 60.00
355.383353 60.00
355.447804 60.00
355.503234 60.00
355.563643 60.00
355.622742 60.00
355.678112 60.00
355.733649 60.00
355.787487 60.00
355.847239 60.00
355.912236 60.00
355.972639 60.00
356.031489 60.00
356.090750 60.00
356.149636 60.00
356.203493 60.00
356.273238 60.00
356.337490 60.00
356.397118 60.00
356.472653 60.00
356.542248 60.00
356.617685 60.00
356.687886 60.00
356.752116 60.00
356.816375 60.00
356.886241 60.00
356.944754 60.00
357.003751 60.00
357.062365 60.00
357.126890 60.00
357.191500 60.00
357.250496 60.00
357.316761 60.00
357.370685 60.00
357.435245 60.00
357.490770 60.00
357.550127 60.00
357.609509 60.00
357.679123 60.00
357.740033 60.00
357.804506 60.00
357.863537 60.00
357.927756 60.00
357.992124 60.00
358.047410 60.00
358.106519 60.00
358.165250 60.00
358.230132 60.00
358.291382 60.00
358.350664 60.00
358.411901 60.00
358.472675 60.00
358.532130 60.00
358.587678 60.00
358.642139 60.00
358.701632 60.00
358.755555 60.00
358.814540 60.00
358.880900 60.00
358.940025 60.00
359.004130 60.00
359.069025 60.00
359.133689 60.00
359.188144 60.00
359.253031 60.00
359.307903 60.00
359.372024 60.00
359.436543 60.00
359.495685 60.00
359.560387 60.00
359.619901 60.00
359.684135 60.00
359.743027 60.00
359.797139 60.00
359.856137 60.00
359.915028 60.00
359.979138 60.00
360.038044 60.00
360.099395 60.00
360.158553 60.00
360.217390 60.00
360.278575 60.00
360.333039 60.00
360.397689 60.00
360.457545 60.00
360.512028 60.00
360.571394 60.00
360.631046 60.00
360.690674 60.00
360.751146 60.00
360.816056 60.00
360.877279 60.00
360.936918 60.00
360.996597 60.00
361.050939 60.00
361.110398 60.00
361.164591 60.00
361.219047 60.00
361.274693 60.00
361.344677 60.00
361.395030 60.00
361.454676 60.00
361.505047 60.00
361.569275 60.00
361.628562 60.00
361.682400 60.00
361.746400 60.00
361.805406 60.00
361.859276 60.00
361.933026 60.00
361.992031 60.00
362.056278 60.00
362.115277 60.00
362.189568 60.00
362.243278 60.00
362.302405 60.00
362.356408 60.00
362.410279 60.00
362.474157 60.00
362.543559 60.00
362.597281 60.00
362.661574 60.00
362.720940 60.00
362.785410 60.00
362.839940 60.00
362.915293 60.00
362.983335 60.00
363.047287 60.00
363.106286 60.00
363.175832 60.00
363.239805 60.00
363.304576 60.00
363.364838 60.00
363.428929 60.00
363.488288 60.00
363.547427 60.00
363.601939 60.00
363.663215 60.00
363.717291 60.00
363.778719 60.00
363.838426 60.00
363.892168 60.00
363.958721 60.00
364.019297 60.00
364.078169 60.00
364.144718 60.