0.000000 0.000000
0.052518 61.00
0.107009 61.00
0.172000 62.00
0.241873 62.00
0.305746 61.00
0.380146 61.00
0.449147 62.00
0.523273 61.00
0.597272 61.00
0.667623 61.00
0.713534 61.00
0.768008 61.00
0.833193 61.00
0.899415 61.00
0.964635 61.00
1.014881 61.00
1.078879 61.00
1.142878 61.00
1.206628 61.00
1.252267 61.00
1.326003 61.00
1.379543 61.00
1.434014 61.00
1.499011 61.00
1.563294 61.00
1.629159 61.00
1.703134 61.00
1.777283 61.00
1.841157 61.00
1.909758 61.00
1.973273 61.00
2.042134 61.00
2.116287 61.00
2.180136 61.00
2.254011 61.00
2.328137 61.00
2.397138 61.00
2.466013 61.00
2.540138 61.00
2.609022 61.00
2.683140 61.00
2.748406 61.00
2.812290 61.00
2.872407 61.00
2.930767 61.00
2.989142 61.00
3.052767 61.00
3.113026 61.00
3.178644 61.00
3.237145 61.00
3.302645 61.00
3.361172 61.00
3.430025 61.00
3.495646 61.00
3.557646 61.00
3.616298 61.00
3.685175 61.00
3.750648 61.00
3.809301 61.00
3.878175 61.00
3.947174 61.00
4.016031 61.00
4.085038 61.00
4.154178 61.00
4.223176 61.00
4.287302 61.00
4.356179 61.00
4.425177 61.00
4.494181 61.00
4.563181 61.00
4.632032 61.00
4.701181 61.00
4.769906 61.00
4.823156 61.00
4.896907 61.00
4.950158 61.00
5.023908 61.00
5.077158 61.00
5.150909 61.00
5.204160 61.00
5.277910 61.00
5.331160 61.00
5.404910 61.00
5.459786 61.00
5.519786 61.00
5.579787 61.00
5.639787 61.00
5.699788 61.00
5.759788 61.00
5.819789 61.00
5.879789 61.00
5.939790 61.00
5.993042 61.00
6.061666 61.00
6.120043 61.00
6.190417 61.00
6.245418 61.00
6.299918 61.00
6.358293 61.00
6.418419 61.00
6.473419 61.00
6.518919 61.00
6.569545 61.00
6.633046 61.00
6.698421 61.00
6.743922 61.00
6.794547 61.00
6.858049 61.00
6.931797 61.00
6.985049 61.00
7.058799 61.00
7.112050 61.00
7.185800 61.00
7.239051 61.00
7.312801 62.00
7.366052 62.00
7.439802 61.00
7.493054 61.00
7.566803 61.00
7.620054 61.00
7.688804 61.00
7.742055 61.00
7.815805 61.00
7.869056 61.00
7.942806 61.00
7.996057 61.00
8.069808 61.00
8.123058 61.00
8.196808 61.00
8.251809 61.00
8.306684 61.00
8.365060 61.00
8.438810 61.00
8.493685 61.00
8.553686 61.00
8.613686 61.00
8.673687 61.00
8.733687 61.00
8.793688 61.00
8.853688 61.00
8.912189 61.00
8.980814 61.00
9.036941 61.00
9.086690 61.00
9.139941 61.00
9.210317 61.00
9.255817 61.00
9.314192 61.00
9.374318 61.00
9.429318 61.00
9.474819 61.00
9.525444 61.00
9.588944 61.00
9.662695 61.00
9.715944 61.00
9.789697 61.00
9.842946 61.00
9.916697 61.00
9.969947 61.00
10.043699 61.00
10.102199 61.00
10.165699 61.00
10.218950 61.00
10.292700 61.00
10.345950 61.00
10.419701 61.00
10.472951 61.00
10.546702 61.00
10.599953 61.00
10.673703 61.00
10.732204 61.00
10.795704 61.00
10.848954 61.00
10.922705 61.00
10.975955 61.00
11.049706 61.00
11.104707 61.00
11.159581 61.00
11.217958 61.00
11.291708 61.00
11.346583 61.00
11.406584 61.00
11.466584 61.00
11.521585 61.00
11.581585 61.00
11.641586 61.00
11.696587 61.00
11.756587 61.00
11.820088 61.00
11.880213 61.00
11.934714 61.00
11.993089 61.00
12.053214 61.00
12.107714 61.00
12.157092 61.00
12.217216 61.00
12.262715 61.00
12.313341 61.00
12.376842 61.00
12.450593 61.00
12.503842 62.00
12.577593 62.00
12.630843 61.00
12.704595 61.00
12.757845 61.00
12.831595 61.00
12.882346 61.00
12.945846 61.00
13.019598 61.00
13.072847 61.00
13.146598 61.00
13.215349 61.00
13.278849 61.00
13.352600 61.00
13.405850 61.00
13.479600 61.00
13.532851 61.00
13.606602 62.00
13.659852 62.00
13.733602 61.00
13.786853 61.00
13.860603 61.00
13.929354 61.00
13.994481 62.00
14.054481 62.00
14.114481 61.00
14.174481 61.00
14.234482 61.00
14.294482 61.00
14.354483 61.00
14.414483 61.00
14.474483 61.00
14.534484 61.00
14.594485 61.00
14.647735 61.00
14.718111 61.00
14.773112 61.00
14.828112 61.00
14.873612 61.00
14.931987 61.00
14.992120 61.00
15.037613 61.00
15.093364 61.00
15.151739 61.00
15.225491 61.00
15.278740 61.00
15.352491 61.00
15.405741 61.00
15.479617 61.00
15.530242 61.00
15.593742 61.00
15.667493 61.00
15.718244 61.00
15.781744 61.00
15.855495 62.00
15.908745 62.00
15.982496 61.00
16.035746 61.00
16.109622 62.00
16.178247 62.00
16.241748 61.00
16.315498 61.00
16.368749 61.00
16.442500 61.00
16.495750 61.00
16.569500 61.00
16.622751 61.00
16.696501 61.00
16.751377 61.00
16.809752 61.00
16.883503 61.00
16.938378 61.00
16.996754 62.00
17.070505 62.00
17.125380 61.00
17.185380 61.00
17.245382 61.00
17.298631 61.00
17.369007 61.00
17.424007 61.00
17.479008 62.00
17.534008 62.00
17.589009 61.00
17.644009 61.00
17.699009 61.00
17.757385 61.00
17.810635 61.00
17.881011 61.00
17.926512 61.00
17.975887 61.00
18.036012 61.00
18.081512 61.00
18.132138 61.00
18.195638 61.00
18.269389 61.00
18.322639 61.00
18.396390 61.00
18.449640 62.00
18.523392 62.00
18.576641 61.00
18.663767 61.00
18.732535 61.00
18.804769 61.00
18.873533 61.00
18.947537 61.00
19.016536 61.00
19.085535 61.00
19.149539 61.00
19.213539 62.00
19.277648 62.00
19.341538 61.00
19.419176 61.00
19.484541 61.00
19.548540 61.00
19.612541 61.00
19.676543 61.00
19.735543 61.00
19.799543 61.00
19.863541 61.00
19.927544 61.00
19.986542 61.00
20.051903 61.00
20.106904 61.00
20.170545 61.00
20.229544 61.00
20.289906 61.00
20.335406 62.00
20.393781 62.00
20.453907 61.00
20.508407 61.00
20.572033 62.00
20.635533 62.00
20.705909 61.00
20.760409 61.00
20.811036 61.00
20.874535 61.00
20.943285 61.00
20.996536 61.00
21.070287 61.00
21.123537 61.00
21.197288 61.00
21.250538 61.00
21.324289 62.00
21.377539 62.00
21.451290 61.00
21.514790 61.00
21.578416 61.00
21.629042 61.00
21.692541 61.00
21.766293 61.00
21.819542 61.00
21.888293 61.00
21.941544 61.00
22.015295 61.00
22.068544 61.00
22.142296 61.00
22.195545 61.00
22.269297 61.00
22.322546 61.00
22.396298 61.00
22.451173 61.00
22.516424 61.00
22.566173 61.00
22.626174 61.00
22.691426 61.00
22.741175 61.00
22.801176 61.00
22.859676 61.00
22.928302 61.00
22.983177 61.00
23.051928 61.00
23.115429 61.00
23.185803 61.00
23.240304 61.00
23.298679 61.00
23.358805 61.00
23.417181 61.00
23.470431 61.00
23.540806 61.00
23.586307 62.00
23.636932 62.00
23.700433 61.00
23.774183 61.00
23.827434 61.00
23.901185 61.00
23.954435 61.00
24.028186 61.00
24.081435 61.00
24.155187 61.00
24.208437 61.00
24.282188 61.00
24.335438 61.00
24.409189 61.00
24.462439 61.00
24.536189 61.00
24.589440 61.00
24.663190 61.00
24.716442 61.00
24.790192 61.00
24.843442 61.00
24.917192 61.00
24.970443 61.00
25.044194 61.00
25.099194 61.00
25.152445 61.00
25.226196 61.00
25.281077 61.00
25.341072 62.00
25.401073 62.00
25.461073 62.00
25.521073 62.00
25.581074 62.00
25.644573 62.00
25.713199 61.00
25.772824 61.00
25.836325 62.00
25.906701 62.00
25.961701 62.00
26.016701 62.00
26.071702 61.00
26.117203 61.00
26.175577 61.00
26.235703 61.00
26.290204 61.00
26.348579 61.00
26.408705 61.00
26.454204 61.00
26.504831 61.00
26.568331 62.00
26.642082 62.00
26.695331 61.00
26.765707 61.00
26.811208 61.00
26.879833 61.00
26.943334 61.00
27.017086 61.00
27.070335 61.00
27.144087 61.00
27.197336 62.00
27.271088 62.00
27.324337 61.00
27.398089 61.00
27.451338 61.00
27.525090 61.00
27.578339 61.00
27.652091 61.00
27.705341 62.00
27.779091 61.00
27.834091 61.00
27.889092 61.00
27.942342 62.00
28.016094 62.00
28.070967 62.00
28.129344 62.00
28.203094 61.00
28.257970 61.00
28.317970 61.00
28.377970 61.00
28.437971 61.00
28.497971 61.00
28.557971 61.00
28.611222 61.00
28.681598 61.00
28.736598 61.00
28.791100 61.00
28.845974 61.00
28.899225 61.00
28.969601 61.00
29.024102 61.00
29.074726 61.00
29.138227 61.00
29.208603 62.00
29.254105 62.00
29.304728 61.00
29.368229 61.00
29.441978 61.00
29.495229 61.00
29.568980 61.00
29.622231 61.00
29.695981 61.00
29.749231 61.00
29.822982 61.00
29.876233 61.00
29.949984 61.00
30.003234 61.00
30.076984 61.00
30.130234 61.00
30.203984 61.00
30.258985 61.00
30.312236 61.00
30.385986 61.00
30.439238 62.00
30.512988 62.00
30.567987 62.00
30.621238 62.00
30.694989 62.00
30.749989 62.00
30.804865 61.00
30.864865 61.00
30.924866 61.00
30.984866 61.00
31.044867 61.00
31.104868 61.00
31.164868 61.00
31.224868 61.00
31.278121 61.00
31.348495 61.00
31.411994 61.00
31.461371 61.00
31.521496 62.00
31.584997 62.00
31.634375 62.00
31.694496 62.00
31.748997 62.00
31.799622 62.00
31.863124 62.00
31.933499 61.00
31.987999 61.00
32.038625 62.00
32.102126 62.00
32.172501 61.00
32.218001 61.00
32.268626 61.00
32.332128 61.00
32.405877 61.00
32.459128 61.00
32.532878 61.00
32.586130 61.00
32.659879 61.00
32.713131 61.00
32.786881 62.00
32.840132 62.00
32.913882 62.00
32.967133 62.00
33.035883 61.00
33.089134 61.00
33.163010 61.00
33.232135 61.00
33.301010 61.00
33.375011 61.00
33.444011 61.00
33.518012 62.00
33.587013 62.00
33.661013 61.00
33.735014 61.00
33.804023 61.00
33.878023 61.00
33.952023 61.00
34.021024 61.00
34.094892 61.00
34.160408 61.00
34.218894 61.00
34.284407 61.00
34.329894 61.00
34.395411 61.00
34.440895 61.00
34.491534 61.00
34.555535 61.00
34.619538 61.00
34.683537 61.00
34.742298 61.00
34.800898 61.00
34.878773 61.00
34.932174 61.00
35.004775 61.00
35.058175 61.00
35.130776 61.00
35.184032 61.00
35.248178 62.00
35.312177 62.00
35.370902 61.00
35.440179 61.00
35.504180 62.00
35.568180 62.00
35.632181 61.00
35.696180 61.00
35.754906 62.00
35.824182 62.00
35.888182 62.00
35.952183 62.00
36.010908 62.00
36.080183 62.00
36.139034 62.00
36.208035 62.00
36.271909 61.00
36.340910 61.00
36.412911 62.00
36.481911 62.00
36.551038 62.00
36.614911 61.00
36.684038 61.00
36.744189 61.00
36.807914 61.00
36.877190 61.00
36.935914 61.00
36.999915 61.00
37.063916 61.00
37.127916 62.00
37.191917 62.00
37.255917 62.00
37.314918 62.00
37.378919 62.00
37.442918 62.00
37.511919 62.00
37.575920 62.00
37.639921 62.00
37.704047 62.00
37.763048 61.00
37.821922 61.00
37.885922 61.00
37.944923 61.00
38.009049 62.00
38.067924 62.00
38.126924 61.00
38.190925 61.00
38.254925 62.00
38.318926 62.00
38.382926 61.00
38.441926 61.00
38.505927 62.00
38.569928 62.00
38.633929 61.00
38.697929 61.00
38.756929 61.00
38.820929 61.00
38.884930 61.00
38.948931 61.00
39.012931 61.00
39.071932 61.00
39.135932 61.00
39.199933 61.00
39.263934 61.00
39.327934 61.00
39.386934 61.00
39.450935 61.00
39.514936 61.00
39.578935 61.00
39.642936 61.00
39.701936 61.00
39.765687 62.00
39.819326 62.00
39.882938 61.00
39.948215 61.00
39.993690 62.00
40.044331 62.00
40.102940 62.00
40.163190 62.00
40.208691 62.00
40.259331 61.00
40.317942 61.00
40.378193 61.00
40.423818 61.00
40.487694 62.00
40.538460 62.00
40.596944 62.00
40.665570 62.00
40.719071 62.00
40.772945 61.00
40.841571 61.00
40.895073 61.00
40.948697 61.00
40.999463 61.00
41.057949 61.00
41.126574 62.00
41.180076 62.00
41.233700 62.00
41.307575 62.00
41.371700 62.00
41.445576 62.00
41.509701 61.00
41.573344 61.00
41.636953 61.00
41.705579 61.00
41.760835 61.00
41.829579 61.00
41.883081 62.00
41.941955 62.00
42.000581 61.00
42.069582 61.00
42.124713 62.00
42.174713 62.00
42.224714 61.00
42.274714 61.00
42.324715 61.00
42.374715 62.00
42.430085 62.00
42.483709 62.00
42.549086 62.00
42.602710 62.00
42.668088 62.00
42.721712 61.00
42.787087 61.00
42.840712 61.00
42.906117 61.00
42.951713 61.00
43.022117 61.00
43.067839 61.00
43.131590 62.00
43.187606 62.00
43.243606 62.00
43.299606 62.00
43.355608 61.00
43.411608 61.00
43.471593 61.00
43.540593 61.00
43.604593 62.00
43.660610 62.00
43.734595 61.00
43.808720 61.00
43.877612 62.00
43.941596 62.00
44.010597 61.00
44.084598 61.00
44.153598 61.00
44.222599 62.00
44.291724 62.00
44.360599 62.00
44.429599 62.00
44.498601 62.00
44.567601 62.00
44.636602 61.00
44.710602 61.00
44.784603 61.00
44.853603 62.00
44.917604 62.00
44.986604 61.00
45.055621 61.00
45.119606 62.00
45.183623 62.00
45.247621 61.00
45.311624 61.00
45.375608 62.00
45.439734 62.00
45.503622 62.00
45.567625 62.00
45.631610 61.00
45.695625 61.00
45.759624 62.00
45.823626 62.00
45.882612 61.00
45.946627 61.00
46.010629 62.00
46.074614 62.00
46.138613 62.00
46.202740 62.00
46.266629 62.00
46.330615 62.00
46.394616 62.00
46.458632 62.00
46.522617 62.00
46.586618 62.00
46.660367 62.00
46.713618 62.00
46.787368 62.00
46.840618 62.00
46.914370 62.00
46.967619 62.00
47.041371 62.00
47.094620 61.00
47.168372 61.00
47.221621 62.00
47.295372 62.00
47.348622 62.00
47.417373 62.00
47.470623 61.00
47.544374 61.00
47.599375 62.00
47.654376 62.00
47.709251 62.00
47.767626 62.00
47.841377 61.00
47.896252 61.00
47.952011 61.00
48.011758 61.00
48.070756 61.00
48.124631 61.00
48.183396 61.00
48.247430 61.00
48.306522 61.00
48.370523 62.00
48.439525 61.00
48.498398 61.00
48.559137 61.00
48.617885 62.00
48.663635 62.00
48.727401 61.00
48.796536 61.00
48.856889 62.00
48.902527 62.00
48.971424 61.00
49.022013 61.00
49.080530 62.00
49.139891 62.00
49.185765 61.00
49.244405 61.00
49.309406 62.00
49.374406 62.00
49.444440 61.00
49.513408 61.00
49.587294 62.00
49.661408 62.00
49.726420 62.00
49.796026 62.00
49.865537 62.00
49.929537 62.00
49.994037 61.00
50.052775 61.00
50.122026 62.00
50.191537 62.00
50.250539 62.00
50.314541 62.00
50.373538 62.00
50.432539 61.00
50.491541 61.00
50.550666 61.00
50.605201 62.00
50.680190 62.00
50.744546 61.00
50.803541 61.00
50.862547 61.00
50.937034 61.00
51.001031 61.00
51.060031 62.00
51.124031 62.00
51.179663 61.00
51.244552 61.00
51.299658 61.00
51.353657 61.00
51.412547 61.00
51.471536 62.00
51.530659 62.00
51.580534 61.00
51.649314 61.00
51.714551 62.00
51.789040 62.00
51.854554 62.00
51.913312 62.00
51.972555 62.00
52.038547 62.00
52.103312 62.00
52.169049 62.00
52.229789 62.00
52.275430 62.00
52.334556 61.00
52.404301 61.00
52.470571 62.00
52.537241 62.00
52.603928 62.00
52.663694 62.00
52.723585 62.00
52.784674 62.00
52.838921 61.00
52.898683 61.00
52.954932 61.00
53.014681 61.00
53.069085 62.00
53.128552 62.00
53.193192 61.00
53.259923 61.00
53.329440 62.00
53.384548 62.00
53.439085 62.00
53.498567 62.00
53.563104 61.00
53.628155 61.00
53.692177 62.00
53.755926 62.00
53.817675 62.00
53.871554 62.00
53.921432 61.00
53.976447 61.00
54.037168 61.00
54.096556 61.00
54.151553 61.00
54.211678 62.00
54.257445 62.00
54.316439 62.00
54.381930 62.00
54.442198 61.00
54.492931 61.00
54.543806 62.00
54.602307 62.00
54.657325 62.00
54.721450 61.00
54.785212 62.00
54.844471 62.00
54.899324 62.00
54.973189 62.00
55.042102 62.00
55.106311 62.00
55.175318 61.00
55.244312 61.00
55.308331 62.00
55.372454 62.00
55.436188 62.00
55.505330 62.00
55.579092 62.00
55.634066 62.00
55.704816 62.00
55.770319 62.00
55.833816 62.00
55.897317 62.00
55.971070 62.00
56.036694 62.00
56.100194 62.00
56.165336 62.00
56.239072 62.00
56.299320 61.00
56.373101 61.00
56.432197 61.00
56.506324 61.00
56.575339 62.00
56.635465 62.00
56.695573 62.00
56.745199 62.00
56.805574 61.00
56.851106 61.00
56.915326 62.00
56.979329 62.00
57.049202 62.00
57.113079 62.00
57.178578 61.00
57.233328 61.00
57.305579 62.00
57.351477 62.00
57.410244 62.00
57.479334 62.00
57.543346 62.00
57.612082 62.00
57.662707 62.00
57.736707 62.00
57.800458 62.00
57.864114 62.00
57.929846 61.00
57.990472 61.00
58.048962 62.00
58.102213 62.00
58.170963 62.00
58.224214 62.00
58.297965 62.00
58.351216 62.00
58.415089 62.00
58.479090 62.00
58.548090 62.00
58.617091 62.00
58.691215 61.00
58.760233 61.00
58.834093 62.00
58.908232 61.00
58.982094 61.00
59.046094 62.00
59.120095 62.00
59.194095 62.00
59.258975 62.00
59.317972 61.00
59.383487 61.00
59.438596 62.00
59.497238 62.00
59.561124 62.00
59.616251 62.00
59.675118 62.00
59.730100 62.00
59.785100 62.00
59.849101 62.00
59.904243 62.00
59.963246 62.00
60.018601 62.00
60.082103 62.00
60.151103 62.00
60.220257 62.00
60.278978 62.00
60.354281 62.00
60.424109 62.00
60.479247 62.00
60.543247 62.00
60.607124 62.00
60.676868 62.00
60.736497 62.00
60.795112 62.00
60.868860 62.00
60.922112 62.00
60.995862 62.00
61.049114 62.00
61.117862 62.00
61.186735 62.00
61.245377 62.00
61.309262 61.00
61.368141 61.00
61.437613 62.00
61.520268 62.00
61.578988 62.00
61.647989 62.00
61.716990 62.00
61.781116 62.00
61.844991 62.00
61.914131 62.00
61.977992 62.00
62.046866 62.00
62.105260 62.00
62.169120 62.00
62.229369 62.00
62.288278 62.00
62.343997 62.00
62.393745 62.00
62.448745 62.00
62.512621 62.00
62.570996 62.00
62.636371 62.00
62.681997 62.00
62.742389 62.00
62.787871 61.00
62.838498 61.00
62.902499 62.00
62.971749 62.00
63.030881 62.00
63.095875 62.00
63.146626 62.00
63.210643 62.00
63.274643 61.00
63.338644 61.00
63.403002 62.00
63.467004 62.00
63.531004 62.00
63.594879 62.00
63.663880 62.00
63.732756 62.00
63.786005 62.00
63.860007 62.00
63.932132 62.00
63.996133 62.00
64.060008 62.00
64.115009 62.00
64.178759 62.00
64.233884 62.00
64.303023 61.00
64.371886 62.00
64.446224 62.00
64.505012 61.00
64.574012 61.00
64.648013 62.00
64.716888 62.00
64.786014 61.00
64.846295 61.00
64.897014 62.00
64.955533 62.00
65.024532 62.00
65.089920 62.00
65.139392 62.00
65.197891 62.00
65.266767 62.00
65.317408 62.00
65.375894 62.00
65.444894 62.00
65.513770 62.00
65.564397 62.00
65.627899 62.00
65.698274 62.00
65.743775 62.00
65.794400 62.00
65.857899 62.00
65.922212 62.00
65.980898 62.00
66.054649 62.00
66.118542 62.00
66.190900 62.00
66.264651 62.00
66.318031 62.00
66.376902 62.00
66.440902 62.00
66.504903 62.00
66.568903 62.00
66.632906 61.00
66.691905 61.00
66.755780 62.00
66.821030 62.00
66.884906 62.00
66.943906 62.00
67.004659 62.00
67.061158 62.00
67.119783 62.00
67.185035 62.00
67.248659 62.00
67.312535 62.00
67.372787 62.00
67.441785 62.00
67.506910 61.00
67.580661 61.00
67.635536 62.00
67.695537 62.00
67.759038 62.00
67.827663 62.00
67.882538 62.00
67.941040 62.00
68.009665 62.00
68.064540 62.00
68.115290 62.00
68.178791 62.00
68.249167 62.00
68.304166 62.00
68.349667 62.00
68.399044 62.00
68.459168 62.00
68.513668 62.00
68.564293 62.00
68.627793 62.00
68.698170 62.00
68.743795 62.00
68.812796 62.00
68.871673 62.00
68.940672 62.00
68.996548 62.00
69.050078 62.00
69.103673 62.00
69.177549 62.00
69.241674 62.00
69.315551 62.00
69.368801 62.00
69.442568 62.00
69.496051 62.00
69.559562 62.00
69.612808 62.00
69.686558 62.00
69.741554 62.00
69.796554 62.00
69.849804 62.00
69.923566 62.00
69.987686 62.00
70.056308 62.00
70.119809 61.00
70.193683 61.00
70.267558 62.00
70.331558 62.00
70.405684 62.00
70.474326 62.00
70.527685 62.00
70.596561 62.00
70.653263 62.00
70.724086 62.00
70.769686 62.00
70.835090 62.00
70.880812 62.00
70.939563 62.00
70.992066 62.00
71.037828 62.00
71.112567 62.00
71.167191 62.00
71.225691 62.00
71.299567 62.00
71.355459 62.00
71.413947 62.00
71.477584 62.00
71.551569 62.00
71.607459 62.00
71.660819 62.00
71.729574 62.00
71.798949 62.00
71.862570 61.00
71.922195 61.00
71.985696 62.00
72.059446 62.00
72.112697 62.00
72.176452 62.00
72.229700 62.00
72.298449 62.00
72.351699 62.00
72.425450 62.00
72.478700 62.00
72.565701 62.00
72.639451 62.00
72.692701 62.00
72.766452 61.00
72.819711 61.00
72.893459 62.00
72.946831 62.00
73.015579 62.00
73.080705 62.00
73.154581 62.00
73.223582 62.00
73.287707 62.00
73.351583 62.00
73.415833 62.00
73.479584 62.00
73.543585 62.00
73.617460 62.00
73.668616 62.00
73.715961 62.00
73.765602 62.00
73.829603 62.00
73.893603 62.00
73.957462 62.00
74.006837 62.00
74.070589 62.00
74.134715 62.00
74.198715 62.00
74.262605 62.00
74.331606 62.00
74.395465 62.00
74.451482 62.00
74.511511 62.00
74.566592 62.00
74.635484 62.00
74.691484 62.00
74.760611 62.00
74.824595 62.00
74.890495 62.00
74.949725 62.00
75.013596 62.00
75.082611 62.00
75.146597 62.00
75.210489 62.00
75.281977 62.00
75.341227 62.00
75.405132 62.00
75.469129 62.00
75.533128 62.00
75.586601 62.00
75.650601 62.00
75.709865 62.00
75.766157 62.00
75.825861 62.00
75.881374 62.00
75.941488 62.00
75.996518 62.00
76.045144 62.00
76.109136 62.00
76.164494 62.00
76.223606 62.00
76.282499 62.00
76.346485 62.00
76.415608 62.00
76.479499 62.00
76.543358 62.00
76.601984 62.00
76.665500 62.00
76.735859 62.00
76.794235 62.00
76.858112 62.00
76.921987 62.00
76.985486 62.00
77.049501 62.00
77.118613 62.00
77.182613 62.00
77.246364 62.00
77.320620 62.00
77.395514 62.00
77.450368 62.00
77.514385 62.00
77.573412 62.00
77.637618 62.00
77.696367 62.00
77.761619 62.00
77.830260 62.00
77.888744 62.00
77.942495 62.00
78.011748 62.00
78.070751 62.00
78.124999 62.00
78.199262 62.00
78.268253 62.00
78.333499 62.00
78.392373 62.00
78.461248 62.00
78.516265 62.00
78.575001 62.00
78.635751 62.00
78.694626 62.00
78.748379 62.00
78.812517 62.00
78.871502 62.00
78.935253 62.00
78.990380 62.00
79.054521 62.00
79.123397 62.00
79.187380 62.00
79.251398 62.00
79.320273 62.00
79.374881 62.00
79.433632 62.00
79.493757 62.00
79.543274 62.00
79.607400 62.00
79.672759 62.00
79.727512 62.00
79.786510 62.00
79.850435 62.00
79.924280 62.00
79.993262 62.00
80.043888 62.00
80.112637 62.