0.000000 0.000000
0.048762 40.56
0.108138 40.56
0.167257 40.56
0.230754 40.56
0.284001 40.56
0.357751 40.56
0.411001 40.00
0.484753 40.00
0.538002 40.00
0.611753 40.00
0.666754 40.00
0.720383 40.00
0.785158 40.00
0.846784 40.00
0.908285 40.00
0.969780 40.00
1.029261 40.00
1.090010 40.00
1.149008 40.00
1.212883 40.00
1.277008 40.00
1.336010 40.00
1.395700 40.00
1.455554 40.00
1.514903 40.00
1.573888 40.00
1.628886 40.00
1.693012 40.00
1.752012 40.00
1.811013 40.00
1.870013 40.00
1.929014 40.00
1.988014 40.00
2.041905 40.00
2.102293 40.00
2.166417 40.00
2.225408 40.00
2.284266 40.00
2.348266 40.00
2.412267 40.00
2.476267 40.00
2.540268 40.00
2.604412 40.00
2.663268 40.00
2.727269 40.00
2.791270 40.00
2.855270 40.00
2.919423 40.00
2.978271 40.00
3.047272 40.00
3.111273 40.00
3.175272 40.00
3.239273 40.00
3.303273 40.00
3.367150 40.00
3.420914 40.00
3.484913 40.00
3.548916 40.00
3.605667 40.00
3.664403 40.00
3.723417 40.00
3.782277 40.00
3.842277 40.00
3.906278 40.00
3.965279 40.00
4.029280 40.00
4.093280 40.00
4.153556 40.00
4.207155 40.00
4.253031 40.00
4.306672 40.00
4.356157 40.00
4.425031 40.00
4.478674 40.00
4.529283 40.00
4.592783 40.00
4.663161 40.00
4.717659 40.00
4.768284 40.00
4.831784 40.00
4.902161 40.00
4.947660 40.00
4.998286 40.00
5.066910 40.00
5.135537 40.00
5.188787 40.00
5.262538 40.00
5.315788 40.00
5.389539 40.00
5.442790 40.00
5.516540 40.00
5.580165 40.00
5.648790 39.44
5.722541 40.00
5.775792 39.44
5.849542 40.00
5.902793 40.00
5.976542 39.44
6.029794 39.44
6.103544 39.44
6.156794 39.44
6.230544 39.44
6.295921 39.44
6.364546 39.44
6.417796 39.44
6.491547 39.44
6.546424 39.44
6.606424 39.44
6.666423 39.44
6.726424 39.44
6.786425 39.44
6.846425 39.44
6.906426 39.44
6.966426 39.44
7.026426 39.44
7.079676 39.44
7.150053 39.44
7.200677 39.44
7.271054 39.44
7.316554 39.44
7.367178 39.44
7.430680 39.44
7.501056 39.44
7.546555 39.44
7.617056 39.44
7.662556 39.44
7.713181 39.44
7.776681 39.44
7.850432 39.44
7.903682 39.44
7.977434 39.44
8.030683 39.44
8.104435 39.44
8.157685 39.44
8.231436 39.44
8.284685 39.44
8.358436 39.44
8.411686 39.44
8.485437 39.44
8.538687 39.44
8.612440 39.44
8.676062 39.44
8.744689 39.44
8.818439 39.44
8.871689 39.44
8.945441 39.44
8.998690 39.44
9.072442 39.44
9.127442 39.44
9.180692 39.44
9.254443 39.44
9.307693 39.44
9.381444 39.44
9.436319 39.44
9.494694 39.44
9.568446 39.44
9.623320 39.44
9.683320 39.44
9.743322 39.44
9.806822 39.44
9.861697 39.44
9.935450 39.44
10.005950 39.44
10.060950 39.44
10.106449 39.44
10.155824 39.44
10.215952 39.44
10.261450 39.44
10.312075 39.44
10.375576 39.44
10.445953 39.44
10.500451 39.44
10.577336 39.44
10.635844 39.44
10.694337 39.44
10.747604 39.44
10.816606 39.44
10.890455 39.44
10.941080 39.44
11.004973 39.44
11.068848 39.44
11.132608 39.44
11.196608 39.44
11.265485 39.44
11.334339 39.44
11.403486 39.44
11.475348 39.44
11.552849 39.44
11.611485 39.44
11.680486 39.44
11.744342 39.44
11.808342 39.44
11.872342 39.44
11.958367 39.44
12.030964 39.44
12.099854 39.44
12.160215 39.44
12.213857 39.44
12.268856 39.44
12.329216 39.44
12.382855 39.44
12.460349 39.44
12.519343 39.44
12.583343 39.44
12.647344 39.44
12.711344 39.44
12.775345 39.44
12.842345 39.44
12.906377 39.44
12.970347 39.44
13.034497 39.44
13.098348 39.44
13.162351 39.44
13.226348 39.44
13.290349 39.44
13.354349 39.44
13.418350 39.44
13.482350 39.44
13.546351 39.44
13.610354 39.44
13.669352 39.44
13.733352 39.44
13.797353 39.44
13.861353 39.44
13.925356 39.44
13.989354 39.44
14.053355 39.44
14.117356 39.44
14.181356 39.44
14.245357 39.44
14.309357 39.44
14.373505 39.44
14.437507 39.44
14.501358 39.44
14.565359 39.44
14.629360 39.44
14.693360 39.44
14.757361 39.44
14.821387 39.44
14.880234 39.44
14.933485 39.44
15.007235 39.44
15.062110 39.44
15.120486 39.44
15.189236 39.44
15.244112 39.44
15.304112 39.44
15.367738 39.44
15.419113 39.44
15.482613 39.44
15.546239 39.44
15.601115 39.44
15.661115 39.44
15.714366 39.44
15.784742 39.44
15.839241 39.44
15.889866 39.44
15.953368 39.44
16.023744 39.44
16.069243 39.44
16.127619 39.44
16.191119 39.44
16.244370 39.44
16.318120 39.44
16.371371 39.44
16.441746 39.44
16.487246 39.44
16.546871 39.44
16.610373 39.44
16.684122 39.44
16.737374 39.44
16.811123 39.44
16.864374 39.44
16.938124 39.44
16.991376 39.44
17.065125 39.44
17.118376 39.44
17.192126 39.44
17.245377 39.44
17.319127 39.44
17.372378 39.44
17.446128 39.44
17.499379 39.44
17.573128 39.44
17.628129 39.44
17.681381 39.44
17.755130 39.44
17.808382 39.44
17.882131 39.44
17.937007 39.44
17.995383 39.44
18.069132 39.44
18.124008 39.44
18.184008 39.44
18.237259 39.44
18.302386 39.44
18.376135 39.44
18.430636 39.44
18.485511 39.44
18.545638 39.44
18.600637 39.44
18.655638 39.44
18.701137 39.44
18.756012 39.44
18.809264 39.44
18.879640 39.44
18.925139 39.44
18.975765 39.44
19.039265 39.44
19.113015 39.44
19.166266 39.44
19.236642 39.44
19.282142 39.44
19.332767 39.44
19.396268 39.44
19.470018 39.44
19.523268 39.44
19.597019 39.44
19.650269 39.44
19.724020 39.44
19.777271 39.44
19.851022 39.44
19.904272 39.44
19.978023 39.44
20.031273 39.44
20.105023 39.44
20.158274 39.44
20.232024 39.44
20.285275 39.44
20.359025 39.44
20.412276 39.44
20.486025 39.44
20.541026 39.44
20.595902 39.44
20.655902 39.44
20.715902 39.44
20.775903 39.44
20.835903 39.44
20.895904 39.44
20.955904 39.44
21.015905 39.44
21.075905 39.44
21.135905 39.44
21.195906 39.44
21.255906 39.44
21.309157 39.44
21.379533 39.44
21.425033 39.44
21.483409 39.44
21.543535 39.44
21.598034 39.44
21.648660 39.44
21.712160 39.44
21.782536 39.44
21.828035 39.44
21.878661 39.44
21.942161 39.44
22.015913 39.44
22.069162 39.44
22.142913 39.44
22.196163 39.44
22.269914 39.44
22.323165 39.44
22.396915 39.44
22.450166 39.44
22.523916 39.44
22.577166 39.44
22.650917 39.44
22.704167 39.44
22.777918 39.44
22.831168 39.44
22.904919 39.44
22.958169 39.44
23.031920 39.44
23.085170 39.44
23.158921 39.44
23.212171 39.44
23.285921 39.44
23.340921 39.44
23.395798 39.44
23.454173 39.44
23.527924 39.44
23.582799 39.44
23.642800 39.44
23.708176 39.44
23.782051 39.44
23.845926 39.44
23.915177 39.44
23.975456 39.44
24.039454 39.44
24.108454 39.44
24.172304 39.44
24.227305 39.44
24.287457 39.44
24.358055 39.44
24.413180 39.44
24.473458 39.44
24.532181 39.44
24.592457 39.44
24.654460 39.44
24.718581 39.44
24.777183 39.44
24.841184 39.44
24.899934 39.44
24.969185 39.44
25.033077 39.44
25.102586 39.44
25.172062 39.44
25.241062 39.44
25.310062 39.44
25.379063 39.44
25.443063 39.44
25.512064 39.44
25.581064 39.44
25.650064 39.44
25.713941 39.44
25.783066 39.44
25.846942 39.44
25.916191 39.44
25.980444 39.44
26.049592 39.44
26.108068 39.44
26.177595 39.44
26.246319 39.44
26.316959 39.44
26.385945 39.44
26.454946 39.44
26.528963 39.44
26.602948 39.44
26.676963 39.44
26.745962 39.44
26.811351 39.44
26.869949 39.44
26.930349 39.44
26.989075 39.44
27.049350 39.44
27.107951 39.44
27.168353 39.44
27.226952 39.44
27.287352 39.44
27.345952 39.44
27.409844 39.44
27.475353 39.44
27.557845 39.44
27.626843 39.44
27.692355 39.44
27.769956 39.44
27.833956 39.44
27.898082 39.44
27.962083 39.44
28.026083 39.44
28.084958 39.44
28.148847 39.44
28.218085 39.44
28.282085 39.44
28.340852 39.44
28.410086 39.44
28.474086 39.44
28.532850 39.44
28.598211 39.44
28.656963 39.44
28.720855 39.44
28.790089 39.44
28.854089 39.44
28.918089 39.44
28.981856 39.44
29.051091 39.44
29.115091 39.44
29.179091 39.44
29.243092 39.44
29.301861 39.44
29.371093 39.44
29.434968 39.44
29.495093 39.44
29.553969 39.44
29.607860 39.44
29.671970 39.44
29.730970 39.44
29.789971 39.44
29.848971 39.44
29.907972 39.44
29.966862 39.44
30.030863 39.44
30.099864 39.44
30.163864 39.44
30.234227 39.44
30.288866 39.44
30.352866 39.44
30.426865 39.44
30.490864 39.44
30.554866 39.44
30.618868 39.44
30.692869 39.44
30.756867 39.44
30.825619 39.44
30.884229 39.44
30.943230 39.44
31.007230 39.44
31.071230 39.44
31.135231 39.44
31.199231 39.44
31.258232 39.44
31.322232 39.44
31.386233 39.44
31.450233 39.44
31.514233 39.44
31.573234 39.44
31.637386 39.44
31.696235 39.44
31.755236 39.44
31.819236 39.44
31.883236 39.44
31.947237 39.44
32.011237 39.44
32.070239 39.44
32.134238 39.44
32.198238 39.44
32.262239 39.44
32.327513 39.44
32.380990 39.44
32.434629 39.44
32.485241 39.44
32.548881 39.44
32.607755 39.44
32.671631 39.44
32.722242 39.44
32.781118 39.44
32.844993 39.44
32.898635 39.44
32.964140 39.44
33.009637 39.44
33.064245 39.44
33.122871 39.44
33.183139 39.44
33.237635 39.44
33.306523 39.44
33.361247 39.44
33.424873 38.89
33.493522 39.44
33.548248 39.44
33.611890 39.44
33.680765 39.44
33.754514 39.44
33.819643 39.44
33.883252 39.44
33.946877 39.44
34.015502 38.89
34.069003 39.44
34.122892 38.89
34.186504 39.44
34.255504 38.89
34.309004 38.89
34.370880 38.89
34.439505 39.44
34.493006 38.89
34.553256 38.89
34.618506 39.44
34.672007 38.89
34.733896 39.44
34.802508 38.89
34.871509 38.89
34.925134 39.44
34.995385 38.89
35.049009 38.89
35.099010 38.89
35.167650 38.89
35.238012 39.44
35.296887 38.89
35.360512 39.44
35.413013 38.89
35.462653 39.44
35.536513 38.89
35.593041 38.89
35.638653 38.89
35.704040 38.89
35.749778 38.89
35.818515 38.89
35.889043 38.89
35.943780 38.89
36.012418 38.89
36.077417 38.89
36.142418 38.89
36.213043 38.89
36.276786 38.89
36.340419 38.89
36.409534 38.89
36.483422 38.89
36.557421 38.89
36.631423 38.89
36.695536 38.89
36.764425 38.89
36.823540 38.89
36.897415 38.89
36.966789 38.89
37.035416 38.89
37.109417 38.89
37.178418 38.89
37.247417 38.89
37.316540 38.89
37.385418 38.89
37.459421 38.89
37.533421 38.89
37.607421 38.89
37.676421 38.89
37.740421 38.89
37.804421 38.89
37.868422 38.89
37.932407 38.89
37.996408 38.89
38.060408 38.89
38.124412 38.89
38.188409 38.89
38.252409 38.89
38.316410 38.89
38.380410 38.89
38.444411 38.89
38.499411 38.89
38.563411 38.89
38.618413 38.89
38.682413 38.89
38.737413 38.89
38.801413 38.89
38.865414 38.89
38.929417 38.89
38.993415 38.89
39.057415 38.89
39.121417 38.89
39.185416 38.89
39.249417 38.89
39.304567 38.89
39.368417 38.89
39.423418 38.89
39.487419 38.89
39.542419 38.89
39.606445 38.89
39.675933 38.89
39.740045 38.89
39.803937 38.89
39.867937 38.89
39.931937 38.89
39.995938 38.89
40.059936 38.89
40.134439 38.89
40.198437 38.89
40.262439 38.89
40.326439 38.89
40.390439 38.89
40.454427 38.89
40.518429 38.89
40.577427 38.89
40.641427 38.89
40.705427 38.89
40.769429 38.89
40.833432 38.89
40.892429 38.89
40.951304 38.89
41.009945 38.89
41.073945 38.89
41.137945 38.89
41.217432 38.89
41.281435 38.89
41.340432 38.89
41.395308 38.89
41.449933 38.89
41.513948 38.89
41.577946 38.89
41.641949 38.89
41.716436 38.89
41.780435 38.89
41.844436 38.89
41.908436 38.89
41.967311 38.89
42.041438 38.89
42.105438 38.89
42.169313 38.89
42.243440 38.89
42.302314 38.89
42.376440 38.89
42.435315 38.89
42.509441 38.89
42.573442 38.89
42.637443 38.89
42.701316 38.89
42.770317 38.89
42.839193 38.89
42.892708 38.89
42.946319 38.89
43.010195 38.89
43.065194 38.89
43.123708 38.89
43.189320 38.89
43.258196 38.89
43.313071 38.89
43.368072 38.89
43.423072 38.89
43.481718 38.89
43.545324 38.89
43.614198 38.89
43.672840 38.89
43.736601 38.89
43.795199 38.89
43.844589 38.89
43.903200 38.89
43.961602 38.89
44.020201 38.89
44.089203 38.89
44.158202 38.89
44.208843 38.89
44.286204 38.89
44.336845 38.89
44.400604 38.89
44.459205 38.89
44.509847 38.89
44.592206 38.89
44.642847 38.89
44.715334 38.89
44.770207 38.89
44.820958 38.89
44.871957 38.89
44.931848 38.89
44.997483 38.89
45.056339 38.89
45.120339 38.89
45.184210 38.89
45.240487 38.89
45.299347 38.89
45.363211 38.89
45.427348 38.89
45.491212 38.89
45.555348 38.89
45.621089 38.89
45.686731 38.89
45.750214 38.89
45.814090 38.89
45.879731 38.89
45.943616 38.89
46.012216 38.89
46.076092 38.89
46.146594 38.89
46.205218 38.89
46.274218 38.89
46.339594 38.89
46.393219 38.89
46.467095 38.89
46.537596 38.89
46.596221 38.89
46.665097 38.89
46.714614 38.89
46.783222 38.89
46.852098 38.89
46.925973 38.89
46.975613 38.89
47.044224 38.89
47.117975 38.89
47.173975 38.89
47.224865 38.89
47.283499 38.89
47.342102 38.89
47.415978 38.89
47.466865 38.89
47.525501 38.89
47.584228 38.89
47.658104 38.89
47.708868 38.89
47.767505 38.89
47.826105 38.89
47.885871 38.89
47.944507 38.89
48.015107 38.89
48.080358 38.89
48.139232 38.89
48.203233 38.89
48.267233 38.89
48.331233 38.89
48.390234 38.89
48.455984 38.89
48.519985 38.89
48.583985 38.89
48.647876 38.89
48.722111 38.89
48.792638 38.89
48.856512 39.44
48.921246 39.44
48.981993 39.44
49.046241 39.44
49.110758 39.44
49.175241 39.44
49.229761 39.44
49.288759 39.44
49.338522 39.44
49.413242 39.44
49.472123 39.44
49.542121 39.44
49.606526 39.44
49.676119 39.44
49.745763 39.44
49.805249 39.44
49.864247 39.44
49.923122 39.44
49.997122 39.44
50.066772 39.44
50.136250 39.44
50.195124 39.44
50.264764 39.44
50.323765 39.44
50.388779 39.44
50.450005 39.44
50.514003 39.44
50.583251 40.00
50.637126 40.00
50.709009 40.00
50.778630 40.00
50.848129 40.00
50.917128 40.00
50.981777 40.00
51.051131 40.00
51.115130 40.00
51.184131 40.00
51.253261 40.00
51.317509 40.00
51.376413 40.00
51.442132 40.00
51.511008 40.00
51.570637 40.00
51.640512 40.00
51.711135 40.00
51.780134 40.00
51.839265 40.00
51.889138 40.00
51.953137 40.00
52.011780 40.00
52.065137 40.00
52.124267 40.00
52.174426 40.00
52.236420 40.00
52.295264 40.00
52.350264 40.00
52.405540 40.00
52.471665 40.00
52.532269 40.00
52.592517 40.56
52.651142 40.56
52.710022 40.56
52.765144 40.56
52.824019 40.56
52.884424 40.56
52.948519 40.56
53.012540 40.56
53.071555 40.56
53.130270 40.56
53.185270 40.56
53.240423 40.56
53.299440 40.56
53.369024 40.56
53.429161 40.56
53.505038 40.56
53.570155 40.56
53.631477 40.56
53.701823 40.56
53.761564 40.56
53.826686 40.56
53.891679 41.11
53.956690 41.11
54.026549 41.11
54.096158 41.11
54.165031 41.11
54.229462 41.11
54.294304 41.11
54.355035 41.11
54.424042 41.11
54.483545 41.11
54.548156 41.11
54.612169 41.11
54.673170 41.11
54.728464 41.11
54.793035 41.11
54.848618 41.11
54.917783 41.11
54.972661 41.11
55.025913 41.11
55.091301 41.11
55.146300 41.11
55.201291 41.11
55.255042 41.11
55.320288 41.11
55.366168 41.11
55.416561 41.11
55.481173 41.11
55.531480 41.11
55.606926 41.11
55.677171 41.11
55.742169 41.11
55.806168 41.11
55.869665 41.11
55.923042 41.11
55.991677 41.11
56.056814 41.11
56.121718 41.11
56.191936 41.11
56.251585 41.11
56.315431 41.11
56.387175 41.11
56.457070 41.11
56.507590 41.11
56.577934 41.11
56.636927 41.11
56.701437 41.11
56.771199 41.11
56.831935 41.11
56.892934 41.11
56.953933 41.11
57.018311 41.11
57.083682 41.11
57.138679 41.11
57.193677 41.11
57.248686 41.11
57.303702 41.11
57.368064 41.11
57.422062 41.11
57.490679 41.11
57.545562 41.11
57.598931 41.11
57.665068 41.67
57.724815 41.67
57.789186 41.67
57.856253 41.67
57.915685 41.67
57.966309 41.67
58.029814 41.67
58.094060 41.67
58.154186 41.67
58.199683 41.67
58.254824 41.67
58.315212 41.67
58.368812 41.67
58.433065 41.67
58.496946 41.67
58.552311 41.67
58.615810 41.67
58.689561 41.67
58.742811 41.67
58.816562 41.67
58.869812 41.67
58.943843 41.67
59.007580 41.11
59.071814 41.11
59.135830 41.11
59.200316 41.11
59.274582 41.11
59.333066 41.11
59.391567 41.11
59.444942 41.11
59.508582 41.11
59.567193 41.11
59.637325 41.11
59.711569 41.11
59.770068 41.11
59.833585 41.11
59.886837 41.11
59.960823 41.11
60.029586 40.56
60.084587 40.56
60.158601 40.56
60.213448 40.56
60.273448 40.56
60.328449 40.56
60.388449 40.56
60.441716 40.56
60.506842 40.56
60.575603 40.56
60.630451 40.56
60.688954 40.56
60.752591 40.56
60.801952 40.56
60.865578 40.56
60.923953 40.56
60.984108 40.56
61.029729 40.56
61.094081 40.56
61.163205 40.56
61.221722 40.56
61.290595 40.56
61.346473 40.56
61.404962 40.56
61.465087 40.56
61.510586 40.56
61.561211 40.56
61.624710 40.56
61.698463 40.56
61.751856 40.56
61.806344 40.56
61.875730 40.56
61.934637 40.56
61.993613 40.56
62.067854 40.56
62.121860 40.56
62.181760 40.56
62.247857 40.56
62.315605 40.56
62.374616 40.56
62.439964 40.56
62.498605 40.56
62.572465 40.56
62.649495 40.56
62.718466 40.56
62.777092 40.56
62.836092 40.56
62.894967 40.56
62.955497 40.56
63.016520 40.56
63.080636 40.56
63.149498 40.56
63.207969 40.56
63.262970 40.56
63.312971 40.56
63.387612 40.56
63.456500 40.56
63.530612 40.56
63.601001 40.56
63.654624 40.56
63.723611 40.56
63.787492 40.56
63.847503 40.56
63.921502 40.56
63.987006 40.56
64.046852 40.56
64.105506 40.56
64.167005 40.56
64.230745 40.56
64.294495 40.56
64.363389 40.56
64.432524 40.56
64.491482 40.56
64.560399 40.56
64.634357 40.56
64.687606 40.56
64.761497 40.56
64.820503 40.56
64.879484 40.56
64.943512 40.56
65.006983 40.56
65.075608 40.56
65.149360 40.56
65.210375 40.56
65.263618 40.56
65.337368 40.56
65.392365 40.56
65.447367 40.56
65.500615 40.56
65.564490 40.56
65.623756 40.56
65.677490 40.56
65.741505 40.56
65.815490 40.56
65.874518 40.56
65.935913 40.56
65.991903 40.56
66.050755 40.56
66.119393 40.56
66.172867 40.56
66.222866 40.56
66.275895 40.56
66.329508 40.56
66.393370 40.56
66.446994 40.56
66.510994 40.56
66.572899 40.56
66.627886 40.56
66.691871 40.56
66.755996 40.56
66.813901 40.56
66.863401 40.56
66.927402 40.56
66.986527 40.56
67.055403 40.56
67.111249 40.56
67.167249 40.56
67.223250 40.56
67.279250 40.56
67.335250 40.56
67.388529 40.56
67.457403 40.56
67.526406 40.56
67.600414 40.56
67.669253 40.56
67.738411 40.56
67.812254 40.56
67.877411 40.56
67.946408 40.56
68.015409 40.56
68.079255 40.56
68.132506 40.56
68.201256 40.56
68.270256 40.56
68.325256 40.56
68.383774 40.56
68.444417 40.56
68.508413 40.56
68.572412 40.56
68.636416 40.56
68.700413 40.56
68.764416 40.56
68.828417 40.56
68.892416 40.56
68.956263 40.56
69.020389 40.56
69.084418 40.56
69.148545 40.56
69.203021 40.56
69.262268 40.56
69.326423 40.56
69.391793 40.56
69.437266 40.56
69.506448 40.56
69.565269 40.56
69.625783 40.56
69.694394 40.56
69.763424 40.56
69.822269 40.56
69.891565 40.56
69.945272 40.56
70.004438 40.56
70.068397 40.56
70.127271 40.56
70.201272 40.56
70.265273 40.56
70.329427 40.56
70.398428 40.56
70.462274 40.56
70.526428 40.56
70.590151 40.56
70.664279 40.56
70.718780 40.56
70.787405 40.56
70.861155 40.56
70.914407 40.56
70.988156 40.56
71.046794 40.56
71.121278 40.56
71.180279 40.56
71.239279 40.56
71.298432 40.56
71.352280 40.56
71.411280 40.56
71.470281 40.56
71.529281 40.56
71.588282 40.56
71.647282 40.56
71.706435 40.56
71.760409 40.56
71.819284 40.56
71.878284 40.56
71.943688 40.56
72.002285 40.56
72.066285 40.56
72.125289 40.56
72.189286 40.56
72.248287 40.56
72.307288 40.56
72.362163 40.56
72.426288 40.56
72.486789 40.56
72.550288 40.56
72.624289 40.56
72.683290 40.56
72.742166 40.56
72.806291 40.56
72.876167 40.56
72.945292 40.56
73.000293 40.56
73.069808 40.56
73.140044 40.56
73.205478 40.56
73.264173 40.56
73.324297 40.56
73.383171 40.56
73.448451 40.56
73.507296 40.56
73.571932 40.56
73.631587 40.56
73.711300 40.56
73.775298 40.56
73.839047 40.56
73.908049 40.56
73.974734 40.56
74.035572 40.56
74.096177 40.56
74.160176 40.56
74.224177 40.56
74.289707 40.56
74.354814 40.56
74.419829 40.56
74.489059 40.56
74.553180 40.56
74.617179 40.56
74.687579 40.56
74.746305 40.56
74.806583 40.56
74.861560 40.56
74.920182 40.56
74.994057 40.56
75.059588 40.56
75.105183 40.56
75.178934 40.56
75.253323 40.56
75.307312 40.56
75.366186 40.56
75.435466 40.56
75.481061 40.56
75.550061 40.56
75.619450 40.56
75.679815 40.56
75.749189 40.56
75.818063 40.56
75.887064 40.56
75.951315 40.56
76.005192 40.56
76.069065 40.56
76.143191 40.56
76.216941 40.56
76.290942 40.56
76.344196 40.56
76.413069 40.56
76.486944 40.56
76.561069 40.56
76.624585 40.56
76.693199 40.56
76.759074 40.56
76.832946 40.56
76.907086 40.56
76.967947 40.56
77.026589 40.56
77.090576 40.56
77.165324 40.56
77.224073 40.56
77.282718 40.56
77.342953 40.56
77.397950 40.56
77.454334 40.56
77.513079 40.56
77.581952 40.56
77.642481 40.56
77.706452 40.56
77.770080 40.56
77.835481 40.56
77.894079 40.56
77.959486 40.56
78.019610 40.56
78.083595 40.56
78.147334 40.56
78.198081 40.56
78.262087 40.56
78.326084 40.56
78.395610 40.56
78.454210 40.56
78.513084 40.56
78.577084 40.56
78.645960 40.56
78.714963 40.56
78.783968 40.56
78.843086 40.56
78.907085 40.56
78.970962 40.56
79.039963 40.56
79.103969 40.56
79.173493 40.56
79.232214 40.56
79.296090 40.56
79.354971 40.00
79.414102 40.56
79.478343 40.56
79.537491 40.56
79.607092 40.56
79.670859 40.00
79.736217 40.56
79.804842 40.56
79.859969 40.56
79.918969 40.00
79.992970 40.56
80.061845 40.56
80.116869 40.00
80.181096 40.56
80.245237 40.56
80.308972 40.56
80.372973 40.56
80.433351 40.56
80.493865 40.56
80.557848 40.56
80.622102 40.56
80.685975 40.56
80.744976 40.56
80.803851 40.56
80.858851 40.56
80.914102 40.56
80.977852 40.56
81.043382 40.56
81.106977 40.56
81.171103 40.56
81.221104 40.56
81.276386 40.56
81.335104 40.56
81.393860 40.56
81.462982 40.56
81.531856 40.56
81.596106 40.56
81.650108 40.56
81.703982 40.56
81.772999 40.56
81.837413 40.56
81.901986 40.56
81.965990 40.56
82.030110 40.56
82.098736 40.56
82.157391 40.56
82.221374 40.56
82.301112 40.56
82.364862 40.56
82.433988 40.56
82.498113 40.56
82.556989 40.56
82.620990 40.56
82.685396 40.56
82.754396 40.56
82.823866 40.56
82.887991 40.56
82.953767 40.56
83.008759 40.56
83.069781 40.56
83.133760 40.56
83.194250 40.56
83.266994 40.56
83.325872 40.56
83.390371 40.56
83.454246 40.56
83.518246 40.56
83.586871 40.56
83.651401 40.56
83.709874 40.56
83.764873 40.56
83.819873 40.56
83.875000 40.56
83.938875 40.56
84.002624 40.56
84.056004 40.56
84.110128 40.56
84.155750 40.56
84.210257 40.56
84.279251 40.56
84.343252 40.56
84.412126 40.56
84.484877 40.56
84.553878 40.56
84.617646 40.56
84.677926 40.56
84.741754 40.56
84.805895 40.56
84.870006 40.56
84.928661 40.56
84.998011 40.56
85.059260 40.56
85.123412 40.56
85.182258 40.56
85.262008 40.56
85.320884 40.56
85.379885 40.56
85.443777 40.56
85.508011 40.56
85.567016 40.56
85.618514 40.56
85.676887 40.56
85.740651 40.56
85.795513 40.56
85.854263 40.56
85.913139 40.56
85.964530 40.56
86.019391 40.56
86.072891 40.56
86.131669 40.56
86.185145 40.56
86.249016 40.56
86.302785 40.56
86.376659 40.56
86.426143 40.56
86.494908 40.56
86.548895 40.56
86.602787 40.56
86.667019 40.56
86.726019 40.56
86.785276 40.56
86.844020 40.56
86.897785 40.56
86.961787 40.56
87.025788 40.56
87.099538 40.56
87.153148 40.56
87.217148 40.56
87.285789 40.56
87.349792 40.56
87.413665 40.56
87.487791 40.56
87.561541 40.56
87.615152 40.56
87.679151 40.56
87.743027 40.56
87.796795 40.56
87.870545 40.56
87.924153 40.56
87.988154 40.56
88.056905 40.56
88.115671 40.56
88.184672 40.56
88.253671 40.56
88.327797 40.56
88.391674 40.56
88.465800 40.56
88.539550 40.56
88.589158 40.56
88.652800 40.56
88.721802 40.56
88.790803 40.56
88.854562 40.56
88.907065 40.56
88.952803 40.56
89.013065 40.56
89.058805 40.56
89.112555 40.56
89.178068 40.56
89.223806 40.56
89.282567 40.56
89.348070 40.56
89.393807 40.56
89.443807 40.56
89.497556 40.56
89.556570 40.56
89.622072 40.56
89.667809 40.56
89.721570 40.56
89.790559 40.56
89.854560 40.56
89.923449 40.56
89.992448 40.56
90.061450 40.56
90.130449 40.56
90.204451 40.56
90.268564 40.56
90.337449 40.56
90.406452 40.56
90.475452 40.56
90.544452 40.56
90.613455 40.56
90.682427 40.56
90.736049 40.56
90.795050 40.56
90.858815 40.56
90.917579 40.56
90.986580 40.56
91.050568 40.56
91.114570 40.56
91.178583 40.56
91.242456 40.56
91.311571 40.56
91.385458 40.56
91.449573 40.56
91.513570 40.56
91.572571 40.56
91.636573 40.56
91.700461 40.56
91.764463 40.56
91.828461 40.56
91.887463 40.56
91.951464 40.56
92.010574 40.56
92.074463 40.56
92.133578 40.56
92.197466 40.56
92.261467 40.56
92.320466 40.56
92.379578 40.56
92.443577 40.56
92.502468 40.56
92.566580 40.56
92.625468 40.56
92.689467 40.56
92.748467 40.56
92.807581 40.56
92.866441 40.56
92.925584 40.56
92.989469 40.56
93.048584 40.56
93.112582 40.56
93.176471 40.56
93.245443 40.56
93.319444 40.56
93.383445 40.56
93.452445 40.56
93.526445 40.56
93.600587 40.56
93.669322 40.56
93.734715 40.56
93.798322 40.56
93.853323 40.56
93.922323 40.56
93.991324 40.56
94.049842 40.56
94.115325 40.56
94.173717 40.56
94.232333 40.56
94.287201 40.56
94.340717 40.56
94.395854 40.56
94.449334 40.56
94.518335 40.56
94.587337 40.56
94.643857 40.56
94.698454 40.56
94.767484 40.56
94.822483 40.56
94.881483 40.56
94.945484 40.56
95.009336 40.56
95.073487 40.56
95.132335 40.56
95.196485 40.56
95.251487 40.56
95.306337 40.56
95.370486 40.56
95.434337 40.56
95.498489 40.56
95.553339 40.56
95.617491 40.56
95.677851 40.56
95.741855 40.56
95.805962 40.56
95.871492 40.56
95.940856 40.56
96.004964 40.56
96.075618 40.56
96.139857 40.56
96.203965 40.56
96.274620 40.56
96.333342 40.56
96.397496 40.56
96.456496 40.56
96.510346 40.56
96.569346 40.56
96.633346 40.56
96.692346 40.56
96.756354 40.56
96.815536 40.56
96.869509 40.56
96.923358 40.56
96.987354 40.56
97.046354 40.56
97.110354 40.56
97.169354 40.56
97.233354 40.56
97.292354 40.56
97.356354 40.56
97.415354 40.56
97.479386 40.56
97.538386 40.56
97.597225 40.56
97.656386 40.56
97.715226 40.56
97.770227 40.56
97.834388 40.56
97.903867 40.56
97.973386 40.56
98.037387 40.56
98.097746 40.56
98.166870 40.56
98.222896 40.56
98.279422 40.56
98.343231 40.56
98.407232 40.56
98.473797 40.56
98.538522 40.56
98.592395 40.56
98.661876 40.56
98.727752 40.56
98.791874 40.56
98.862985 40.56
98.932392 40.56
99.001754 40.56
99.076393 40.56
99.145755 40.56
99.209879 40.56
99.284238 40.56
99.343238 40.56
99.402394 40.56
99.456239 40.56
99.515239 40.56
99.574240 40.56
99.633395 40.56
99.687397 40.56
99.741241 40.56
99.800242 40.56
99.859242 40.56
99.918243 40.56
99.977243 40.56
100.036243 40.56
100.095244 40.56
100.154244 40.56
100.213245 40.56
100.272400 40.56
100.322246 40.56
100.377399 40.56
100.436247 40.56
100.495247 40.56
100.550247 40.56
100.605248 40.56
100.664403 40.56
100.714250 40.56
100.788250 40.56
100.843405 40.56
100.893250 40.56
100.948250 40.56
101.003251 40.56
101.058251 40.56
101.113252 40.56
101.168252 40.56
101.223253 40.56
101.278252 40.56
101.333253 40.56
101.397254 40.56
101.456254 40.56
101.511255 40.56
101.566255 40.56
101.621255 40.56
101.685256 40.56
101.744256 40.56
101.808257 40.56
101.867257 40.56
101.931258 40.56
101.990258 40.56
102.054259 40.56
102.113259 40.56
102.182134 40.56
102.246260 40.56
102.310135 40.56
102.374261 40.56
102.433261 40.56
102.502137 40.56
102.566262 40.56
102.635138 40.56
102.699264 40.56
102.768014 40.56
102.833545 40.56
102.892265 40.56
102.951265 40.56
103.015015 40.56
103.084017 40.56
103.153017 40.56
103.222142 40.56
103.291018 40.56
103.360144 40.56
103.429144 40.56
103.498020 40.56
103.567145 40.56
103.636270 40.56
103.690270 40.56
103.749271 40.56
103.813147 40.56
103.877272 40.56
103.935898 40.56
104.005148 40.56
104.074149 40.56
104.143149 40.56
104.207275 40.56
104.266025 40.56
104.335026 40.56
104.404151 40.56
104.473152 40.56
104.542152 40.56
104.608028 40.56
104.677278 40.56
104.741154 40.56
104.810154 40.56
104.875922 40.56
104.950280 40.56
105.009031 40.56
105.078156 40.56
105.142157 40.56
105.206282 40.56
105.270282 40.56
105.334798 40.56
105.398438 40.56
105.467552 40.56
105.536554 40.56
105.605553 40.56
105.685286 40.56
105.745566 40.56
105.820161 40.56
105.880442 40.56
105.942441 40.56
106.004444 40.56
106.066443 40.56
106.128442 40.56
106.187164 40.56
106.246040 40.56
106.306444 40.56
106.368446 40.56
106.427167 40.56
106.485917 40.56
106.550042 40.56
106.623918 40.56
106.688168 40.56
106.743447 40.56
106.807572 40.56
106.871573 40.56
106.930452 40.56
106.994576 40.56
107.048171 40.56
107.107047 40.56
107.171047 40.56
107.230047 40.56
107.294048 40.56
107.358049 40.56
107.427579 40.56
107.486453 40.56
107.561049 40.56
107.625050 40.56
107.694579 40.56
107.758587 40.56
107.822581 40.56
107.877927 40.56
107.942053 40.56
108.011178 40.56
108.069928 40.56
108.134179 40.56
108.198054 40.56
108.256930 40.56
108.326056 40.56
108.389945 40.56
108.449193 40.56
108.508182 40.56
108.566932 40.56
108.631058 40.56
108.689950 40.56
108.754059 40.56
108.812949 40.56
108.877060 40.56
108.935953 40.56
109.000060 40.56
109.058951 40.56
109.123062 40.56
109.181951 40.56
109.246062 40.56
109.304954 40.56
109.369064 40.56
109.427955 40.56
109.492064 40.56
109.550957 40.56
109.615065 40.56
109.673958 40.56
109.737959 40.56
109.801957 40.56
109.865834 40.56
109.929832 40.56
109.999068 40.56
110.063068 40.56
110.121835 40.56
110.190944 40.56
110.259836 40.56
110.328835 40.56
110.397838 40.56
110.466839 40.56
110.535838 40.56
110.604840 40.56
110.678840 40.56
110.747716 40.56
110.802840 40.56
110.871716 40.56
110.940719 40.56
110.995842 40.56
111.064716 40.56
111.119334 40.56
111.188202 40.56
111.239452 40.56
111.299607 40.56
111.350334 40.56
111.408843 40.56
111.477484 40.56
111.541079 40.56
111.604722 40.56
111.655484 40.56
111.709205 40.56
111.778206 40.56
111.842206 40.56
111.910849 40.56
111.974850 40.56
112.045236 40.56
112.090849 40.56
112.154850 40.56
112.228612 40.56
112.282210 40.56
112.346210 40.56
112.415210 40.56
112.483853 40.56
112.547855 40.56
112.621615 40.56
112.675213 40.56
112.738839 40.56
112.802856 40.56
112.876618 40.56
112.930214 40.56
112.994215 40.56
113.063215 40.56
113.131841 40.56
113.195859 40.56
113.264857 40.56
113.333860 40.56
113.407620 40.56
113.466094 40.56
113.526859 40.56
113.600624 40.56
113.654220 40.56
113.718221 40.56
113.788625 40.56
113.852739 40.56
113.921740 40.56
113.990745 40.56
114.064863 40.56
114.133866 40.56
114.193974 40.56
114.252741 40.56
114.316742 40.56
114.380741 40.56
114.444743 40.56
114.508741 40.56
114.572743 40.56
114.631745 40.56
114.695745 40.56
114.759632 40.56
114.810228 40.56
114.869104 40.56
114.933104 40.56
115.007105 40.56
115.071106 40.56
115.140245 40.56
115.209625 40.56
115.260231 40.56
115.329754 40.56
115.393860 40.56
115.452626 40.56
115.516751 40.56
115.580752 40.56
115.649760 40.56
115.713864 40.56
115.772750 40.56
115.846501 40.56
115.904986 40.56
115.964113 40.56
116.038242 40.56
116.102113 40.56
116.170739 40.56
116.234630 40.56
116.299998 40.56
116.349762 40.56
116.413633 40.56
116.482490 40.56
116.537491 40.56
116.590741 40.56
116.664493 40.56
116.719398 40.56
116.774399 40.56
116.829369 40.56
116.892868 40.56
116.961494 40.56
117.016371 40.56
117.076371 40.56
117.136371 40.56
117.196372 40.56
117.249621 40.56
117.323514 40.56
117.374122 40.56
117.437998 40.56
117.501623 40.56
117.575527 40.56
117.635516 40.56
117.700500 40.56
117.764530 40.56
117.820501 40.56
117.894405 40.56
117.963519 40.56
118.033002 40.56
118.101753 40.56
118.170504 40.56
118.239409 40.56
118.313381 40.56
118.366770 40.56
118.430505 40.56
118.504895 40.56
118.565131 40.56
118.623882 40.56
118.677507 40.56
118.741508 40.56
118.815648 40.56
118.884413 40.56
118.953509 40.56
119.022510 40.56
119.096510 40.56
119.170415 40.56
119.239414 40.56
119.303392 40.56
119.372418 40.56
119.436417 40.56
119.500389 40.56
119.569418 40.56
119.638390 40.56
119.691890 40.56
119.743264 40.56
119.801891 40.56
119.853266 40.56
119.906653 40.56
119.966782 40.56
120.025532 40.56
120.094422 40.56
120.158394 40.56
120.213269 40.56
120.262894 40.56
120.321548 40.56
120.386923 40.56
120.432520 40.56
120.501522 40.56
120.560538 40.56
120.629426 40.56
120.685273 40.56
120.741272 40.56
120.799773 40.56
120.863429 40.56
120.937427 40.56
121.006431 40.56
121.070430 40.56
121.139431 40.56
121.203545 40.56
121.262544 40.56
121.326544 40.56
121.390432 40.56
121.454433 40.56
121.518434 40.56
121.577556 40.56
121.641547 40.56
121.705435 40.56
121.769435 40.56
121.838434 40.56
121.907435 40.56
121.971434 40.56
122.030561 40.56
122.089436 40.56
122.158283 40.56
122.227437 40.56
122.286034 40.56
122.344910 40.56
122.413911 40.56
122.477910 40.56
122.536803 40.56
122.600917 40.56
122.664912 40.56
122.728787 40.56
122.780163 40.56
122.829788 40.56
122.884805 40.56
122.943806 40.56
123.003915 40.56
123.062914 40.56
123.126919 40.56
123.190916 40.56
123.254417 40.56
123.318291 40.56
123.367808 40.56
123.431807 40.56
123.495920 40.56
123.559919 40.56
123.616044 40.56
123.666919 40.56
123.725935 40.56
123.781920 40.56
123.840813 40.56
123.904815 40.56
123.968938 40.56
124.030547 40.56
124.089172 40.56
124.147812 40.56
124.206424 40.56
124.275425 40.56
124.349305 40.56
124.418455 40.56
124.482453 40.56
124.551801 40.56
124.615941 40.56
124.679818 40.56
124.743928 40.56
124.802838 40.56
124.861818 40.56
124.920820 40.56
124.989929 40.56
125.043822 40.56
125.102969 40.56
125.173709 40.56
125.227306 40.56
125.301308 40.56
125.360307 40.56
125.434182 40.56
125.503590 40.56
125.562309 40.56
125.621309 40.56
125.680310 40.56
125.739310 40.56
125.798316 40.56
125.853310 40.56
125.917829 40.56
125.977937 40.56
126.038464 40.56
126.088312 40.56
126.143313 40.56
126.198188 40.56
126.267314 40.56
126.322314 40.56
126.386444 40.56
126.445318 40.56
126.504191 40.56
126.568316 40.56
126.623316 40.56
126.678484 40.56
126.732457 40.56
126.791318 40.56
126.866318 40.56
126.930194 40.56
126.994194 40.56
127.053193 40.56
127.127195 40.56
127.191531 40.56
127.250196 40.56
127.324713 40.56
127.388590 40.56
127.447072 40.56
127.521073 40.56
127.590199 40.56
127.664351 40.56
127.717841 40.56
127.771524 40.56
127.825200 40.56
127.894520 40.56
127.953201 40.56
128.012202 40.56
128.076207 40.56
128.145453 40.56
128.209078 40.56
128.274607 40.56
128.333216 40.56
128.397484 40.56
128.456205 40.56
128.515080 40.56
128.579339 40.56
128.638082 40.56
128.702207 40.56
128.766208 40.56
128.835601 40.56
128.905220 40.56
128.979084 40.56
129.053085 40.56
129.127489 40.56
129.187614 40.56
129.251850 40.56
129.310614 40.56
129.380342 40.56
129.444212 40.56
129.508492 40.56
129.567218 40.56
129.622342 40.56
129.681372 40.56
129.740215 40.56
129.809618 40.56
129.889215 40.56
129.953342 40.56
130.011966 40.56
130.081092 40.56
130.150217 40.56
130.224093 40.56
130.288093 40.56
130.357221 40.56
130.426095 40.56
130.494970 40.56
130.564221 40.56
130.628611 40.56
130.697737 40.56
130.772097 40.56
130.841098 40.56
130.910236 40.56
130.974224 40.56
131.037974 40.56
131.102224 40.56
131.157492 40.56
131.212492 40.56
131.267493 40.56
131.313100 40.56
131.383496 40.56
131.438494 40.56
131.489508 40.56
131.558228 40.56
131.608104 40.56
131.676979 40.56
131.726507 40.56
131.788105 40.56
131.852747 40.56
131.906238 40.56
131.970747 40.56
132.029371 40.56
132.098749 40.56
132.152233 40.56
132.211108 40.56
132.269983 40.56
132.343984 40.56
132.408110 40.56
132.472115 40.56
132.535986 40.56
132.605111 40.56
132.669111 40.56
132.728488 40.56
132.792516 40.56
132.851113 40.56
132.920252 40.56
132.979518 40.56
133.059114 40.56
133.123240 40.56
133.182115 40.56
133.256116 40.56
133.321866 40.56
133.390992 40.56
133.464992 40.56
133.534761 40.56
133.600539 40.56
133.664759 40.56
133.723521 40.56
133.787524 40.56
133.853400 40.56
133.911995 40.56
133.976372 40.56
134.031401 40.56
134.105997 40.56
134.170122 40.56
134.230403 40.56
134.289123 40.56
134.352999 40.56
134.407874 40.56
134.472000 40.56
134.527125 40.56
134.585876 40.56
134.636500 40.56
134.705252 40.56
134.769002 40.56
134.824127 40.56
134.883003 40.56
134.943409 40.56
135.002129 40.56
135.066004 40.56
135.129880 40.56
135.194005 40.56
135.263020 40.56
135.322131 40.56
135.386265 40.56
135.445132 40.56
135.509133 40.56
135.573008 40.56
135.636884 40.56
135.706009 40.56
135.775009 40.56
135.839010 40.56
135.903011 40.56
135.966886 40.56
136.036011 40.56
136.105514 40.56
136.165903 40.56
136.235013 40.56
136.291906 40.56
136.355889 40.56
136.412906 40.56
136.482014 40.56
136.547780 40.56
136.602927 40.56
136.674297 40.56
136.734784 40.56
136.795295 40.56
136.865018 40.56
136.929018 40.56
136.978909 40.56
137.042911 40.56
137.112399 40.56
137.176434 40.56
137.235423 40.56
137.294145 40.56
137.353021 40.56
137.411911 40.56
137.475772 40.56
137.540273 40.56
137.604401 40.56
137.669024 40.56
137.727919 40.56
137.792025 40.56
137.851025 40.56
137.909916 40.56
137.974026 40.56
138.032917 40.56
138.091794 40.56
138.166027 40.56
138.225042 40.56
138.295028 40.56
138.353921 40.56
138.418029 40.56
138.476921 40.56
138.541030 40.56
138.600033 40.56
138.654032 40.56
138.713033 40.56
138.772283 40.56
138.833041 40.56
138.903036 40.56
138.957044 40.56
139.012915 40.56
139.069707 40.56
139.130036 40.56
139.188801 40.56
139.254807 40.56
139.323798 40.56
139.388914 40.56
139.462671 40.56
139.517543 40.56
139.577550 40.56
139.636045 40.56
139.704667 40.56
139.759547 40.56
139.812794 40.56
139.886924 40.56
139.952185 40.56
139.997676 40.56
140.047046 40.56
140.107171 40.56
140.152793 40.56
140.223171 40.56
140.277672 40.56
140.328294 40.56
140.391798 40.56
140.462183 40.56
140.525802 40.56
140.596175 40.56
140.641672 40.56
140.692296 40.56
140.755799 40.56
140.829548 40.56
140.882804 40.56
140.956565 40.56
141.021300 40.56
141.080174 40.56
141.149821 40.56
141.218940 40.56
141.273305 40.56
141.327178 40.56
141.396695 40.56
141.465941 40.56
141.520178 40.56
141.584178 40.56
141.644930 40.56
141.703694 40.56
141.762813 40.56
141.836843 40.56
141.892590 40.56
141.958070 40.56
142.013807 40.56
142.077823 40.56
142.138309 40.56
142.197183 40.56
142.266826 40.56
142.335828 40.56
142.404824 40.56
142.463828 40.56
142.522602 40.56
142.596946 40.56
142.652439 40.56
142.703453 40.56
142.763193 40.56
142.821097 40.56
142.880937 40.56
142.939706 40.56
142.999191 40.56
143.059095 40.56
143.104580 40.56
143.157095 40.56
143.202709 40.56
143.266724 40.56
143.330730 40.56
143.395194 40.56
143.454081 40.56
143.523707 40.56
143.592956 40.56
143.638712 40.56
143.702838 40.56
143.761587 40.56
143.826621 40.56
143.890589 40.56
143.964446 40.56
144.022946 40.56
144.086446 40.56
144.144946 40.56
144.203447 40.56
144.256713 40.56
144.325587 40.56
144.389603 40.56
144.458589 40.56
144.523841 40.56
144.587450 40.56
144.645950 40.56
144.699724 40.56
144.759079 40.56
144.823214 40.56
144.888205 40.56
144.942217 40.56
145.001721 40.56
145.060608 40.56
145.121491 40.56
145.180609 40.56
145.240081 40.56
145.303956 40.56
145.361337 40.56
145.411082 40.56
145.471598 40.56
145.541985 40.56
145.595620 40.56
145.664599 40.56
145.723619 40.56
145.787618 40.56
145.857640 40.56
145.922211 40.56
145.986605 40.56
146.060340 40.56
146.115607 40.56
146.180094 40.56
146.241739 40.56
146.291620 40.56
146.366511 40.56
146.425610 40.56
146.499342 40.56
146.552589 40.56
146.626343 40.56
146.679590 40.56
146.753344 40.56
146.806592 40.56
146.880345 40.56
146.933597 40.56
147.007348 40.56
147.060595 40.56
147.134345 40.56
147.187595 40.56
147.261345 40.56
147.314602 40.56
147.388347 40.56
147.441597 40.56
147.515349 40.56
147.570355 40.56
147.625352 40.56
147.678599 40.56
147.752354 40.56
147.807225 40.56
147.867231 40.56
147.927227 40.56
147.980477 40.56
148.049101 40.56
148.114228 40.56
148.174227 40.56
148.227484 40.56
148.296105 40.56
148.354488 40.56
148.424859 40.56
148.479859 40.56
148.534857 40.56
148.589865 40.56
148.644359 40.56
148.694991 40.56
148.758482 40.56
148.832241 40.56
148.885481 40.56
148.959234 40.56
149.012484 40.56
149.086242 40.56
149.136986 40.56
149.200494 40.56
149.274239 40.56
149.327497 40.56
149.401237 40.56
149.454497 40.56
149.528240 40.56
149.581489 40.56
149.655239 40.56
149.708489 40.56
149.782240 40.56
149.835499 40.56
149.909243 40.56
149.964249 40.56
150.017492 40.56
150.091251 40.56
150.144493 40.56
150.218243 40.56
150.271496 40.56
150.345253 40.56
150.410619 40.56
150.479245 40.56
150.534246 40.56
150.592631 40.56
150.661248 40.56
150.716127 40.56
150.776123 40.56
150.836122 40.56
150.896121 40.56
150.956123 40.56
151.014764 40.56
151.078890 40.56
151.144378 40.56
151.208414 40.56
151.267405 40.56
151.322641 40.56
151.377767 40.56
151.447445 40.56
151.511771 40.56
151.577447 40.56
151.642006 40.56
151.702418 40.56
151.762898 40.56
151.819018 40.56
151.878633 40.56
151.928257 40.56
151.994817 40.56
152.054557 40.56
152.109010 40.56
152.168258 40.56
152.227419 40.56
152.291257 40.56
152.351019 40.56
152.415419 40.56
152.476267 40.56
152.540415 40.56
152.604783 40.56
152.668887 40.56
152.743557 40.56
152.807888 40.56
152.877437 40.56
152.931423 40.56
152.985578 40.56
153.041807 40.56
153.095925 40.56
153.160428 40.56
153.214464 40.56
153.268788 40.56
153.335268 40.56
153.410268 40.56
153.469431 40.56
153.523267 40.56
153.582267 40.56
153.641771 40.56
153.711269 40.56
153.777272 40.56
153.846786 40.56
153.911273 40.56
153.970270 40.56
154.029270 40.56
154.084271 40.56
154.139274 40.56
154.198273 40.56
154.257272 40.56
154.312147 40.56
154.361912 40.56
154.431432 40.56
154.490438 40.56
154.540440 40.56
154.590276 40.56
154.649919 40.56
154.708665 40.56
154.777439 40.56
154.827277 40.56
154.891922 40.56
154.966154 40.56
155.036284 40.56
155.105799 40.56
155.175570 40.56
155.237280 40.56
155.298158 40.56
155.357157 40.56
155.421796 40.56
155.501473 40.56
155.565547 40.56
155.626166 40.56
155.695674 40.56
155.766628 40.56
155.836284 40.56
155.895288 40.56
155.954161 40.56
156.013296 40.56
156.074164 40.56
156.138817 40.56
156.203287 40.56
156.267823 40.56
156.337039 40.56
156.401821 40.56
156.461292 40.56
156.515301 40.56
156.569818 40.56
156.634304 40.56
156.688822 40.56
156.753687 40.56
156.812561 40.56
156.876558 40.56
156.941293 40.56
157.001572 40.56
157.066170 40.56
157.130294 40.56
157.184299 40.56
157.243171 40.56
157.307567 40.56
157.371591 40.56
157.441474 40.56
157.496583 40.56
157.561299 40.56
157.620298 40.56
157.679822 40.56
157.745925 40.56
157.806303 40.56
157.860176 40.56
157.919436 40.56
157.983567 40.56
158.047300 40.56
158.111300 40.56
158.170179 40.56
158.239819 40.56
158.293716 40.56
158.358181 40.56
158.422440 40.56
158.476826 40.56
158.546836 40.56
158.607833 40.56
158.674602 40.56
158.734338 40.56
158.788475 40.56
158.852577 40.56
158.916831 40.56
158.975579 40.56
159.050185 40.56
159.109061 40.56
159.178319 40.56
159.233831 40.56
159.283473 40.56
159.353595 40.56
159.423199 40.56
159.477593 40.56
159.533188 40.56
159.592320 40.56
159.647592 40.56
159.706717 40.56
159.767067 40.56
159.826596 40.56
159.891319 40.56
159.946718 40.56
160.021191 40.56
160.080192 40.56
160.134193 40.56
160.198586 40.56
160.252066 40.56
160.321205 40.56
160.385347 40.56
160.445447 40.56
160.510196 40.56
160.569208 40.56
160.628070 40.56
160.697199 40.56
160.750948 40.56
160.820085 40.56
160.894950 40.56
160.954200 40.56
161.008202 40.56
161.072087 40.56
161.131453 40.56
161.197524 40.56
161.262076 40.56
161.326213 40.56
161.380720 40.56
161.455215 40.56
161.509725 40.56
161.570955 40.56
161.630725 40.56
161.695078 40.56
161.759078 40.56
161.828078 40.56
161.899358 40.56
161.963215 40.56
162.017955 40.56
162.083081 40.56
162.142083 40.56
162.200968 40.56
162.266211 40.56
162.317850 40.56
162.378491 40.56
162.437335 40.56
162.493212 40.56
162.547086 40.56
162.607858 40.56
162.666964 40.56
162.730962 40.56
162.789961 40.56
162.854099 40.56
162.909348 40.56
162.973598 40.56
163.043088 40.56
163.102225 40.56
163.177090 40.56
163.235966 40.56
163.295092 40.56
163.354093 40.56
163.408219 40.56
163.461967 40.56
163.526515 40.56
163.585344 40.56
163.655643 40.56
163.719972 40.56
163.795517 40.56
163.860097 40.56
163.918862 40.56
163.988095 40.56
164.046969 40.56
164.110863 40.56
164.175498 40.56
164.234513 40.56
164.298972 40.56
164.362852 40.56
164.427100 40.56
164.485987 40.56
164.540521 40.56
164.604853 40.56
164.674645 40.56
164.734106 40.56
164.783979 40.56
164.838230 40.56
164.903856 40.56
164.972498 40.56
165.026111 40.56
165.089731 40.56
165.144615 40.56
165.211284 40.56
165.272233 40.56
165.330752 40.56
165.394983 40.56
165.448993 40.56
165.503234 40.56
165.562234 40.56
165.632110 40.56
165.685994 40.56
165.741543 40.56
165.796863 40.56
165.867119 40.56
165.917527 40.56
165.976990 40.56
166.030863 40.56
166.090121 40.56
166.140534 40.56
166.195865 40.56
166.262117 40.56
166.312240 40.56
166.387874 40.56
166.453991 40.56
166.507866 40.56
166.571865 40.56
166.631399 40.56
166.690396 40.56
166.749415 40.56
166.808402 40.56
166.873002 40.56
166.931881 40.56
166.991004 40.56
167.055397 40.56
167.114242 40.56
167.178403 40.56
167.237244 40.56
167.296248 40.56
167.361769 40.56
167.427873 40.56
167.491998 40.56
167.545909 40.56
167.610410 40.56
167.665893 40.56
167.731540 40.56
167.785124 40.56
167.836248 40.56
167.895447 40.56
167.954767 40.56
168.015138 40.56
168.079772 40.56
168.138758 40.56
168.209009 40.56
168.269269 40.56
168.332752 40.56
168.403169 40.56
168.462255 40.56
168.520158 40.56
168.575434 40.56
168.629131 40.56
168.698784 40.56
168.768884 40.56
168.827918 40.56
168.882263 40.56
168.954141 40.56
169.018763 40.56
169.092512 40.56
169.162780 40.56
169.222445 40.56
169.286901 40.56
169.351782 40.56
169.406782 40.56
169.471454 40.56
169.530762 40.56
169.595023 40.56
169.659890 40.56
169.719028 40.56
169.776435 40.56
169.840902 40.56
169.901641 40.56
169.967017 40.56
170.016892 40.56
170.085514 40.56
170.144016 40.56
170.214533 40.56
170.269797 40.56
170.328768 40.56
170.392790 40.56
170.442642 40.56
170.506796 40.56
170.563430 40.56
170.616058 40.56
170.666274 40.56
170.720148 40.56
170.785583 40.56
170.851050 40.56
170.900575 40.56
170.959572 40.56
171.033407 40.56
171.086789 40.56
171.140811 40.56
171.195277 40.56
171.259791 40.56
171.314025 40.56
171.373024 40.56
171.431796 40.56
171.490792 40.56
171.554546 40.56
171.623544 40.56
171.688156 40.56
171.752033 40.56
171.821797 40.56
171.890543 40.56
171.955153 40.56
172.013795 40.56
172.067568 40.56
172.126549 40.56
172.185813 40.56
172.244906 40.56
172.298554 40.56
172.362550 40.56
172.426818 40.56
172.481035 40.56
172.545034 40.56
172.609802 40.56
172.663551 40.56
172.732566 40.56
172.791563 40.56
172.852449 40.56
172.921555 40.56
172.985912 40.56
173.039552 40.56
173.099040 40.56
173.158039 40.56
173.217040 40.56
173.281807 40.56
173.335572 40.56
173.394556 40.56
173.458556 40.56
173.522557 40.56
173.586582 40.56
173.645559 40.56
173.704686 40.56
173.758567 40.56
173.813578 40.56
173.879452 40.56
173.943558 40.56
174.013462 40.56
174.072576 40.56
174.132052 40.56
174.201693 40.56
174.266436 40.56
174.326178 40.56
174.390826 40.56
174.436587 40.56
174.500836 40.56
174.571181 40.56
174.631827 40.56
174.687178 40.56
174.746051 40.56
174.811056 40.56
174.875569 40.56
174.940589 40.56
175.010824 40.56
175.070708 40.56
175.125183 40.56
175.186758 40.56
175.251827 40.56
175.310945 40.56
175.385457 40.56
175.444457 40.56
175.508572 40.56
175.572591 40.56
175.631463 40.56
175.690465 40.56
175.749461 40.56
175.813461 40.56
175.872576 40.56
175.926438 40.56
175.990463 40.56
176.054598 40.56
176.113937 40.56
176.183456 40.56
176.242456 40.56
176.307850 40.56
176.367590 40.56
176.421942 40.56
176.486583 40.56
176.536314 40.56
176.600316 40.56
176.669710 40.56
176.734317 40.56
176.798471 40.56
176.859075 40.56
176.924318 40.56
176.983724 40.56
177.029443 40.56
177.088322 40.56
177.152445 40.56
177.221318 40.56
177.290318 40.56
177.359319 40.56
177.418445 40.56
177.482319 40.56
177.533070 40.56
177.602321 40.56
177.676321 40.56
177.745322 40.56
177.801451 40.56
177.870718 40.56
177.936891 40.56
178.001452 40.56
178.060608 40.56
178.125456 40.56
178.184759 40.56
178.246083 40.56
178.307206 40.56
178.366966 40.56
178.438874 40.56
178.498524 40.56
178.563510 40.56
178.632202 40.56
178.687203 40.56
178.751204 40.56
178.815204 40.56
178.885734 40.56
178.944338 40.56
179.013334 40.56
179.072335 40.56
179.131334 40.56
179.190335 40.56
179.254335 40.56
179.313337 40.56
179.377336 40.56
179.432213 40.56
179.502740 40.56
179.561338 40.56
179.616339 40.56
179.671341 40.56
179.726342 40.56
179.781212 40.56
179.845341 40.56
179.904342 40.56
179.959342 40.56
180.014342 40.56
180.069342 40.56
180.124342 40.56
180.179215 40.56
180.244342 40.56
180.313216 40.56
180.382346 40.56
180.441343 40.56
180.501971 40.56
180.576349 40.56
180.645846 40.56
180.720865 40.56
180.790538 40.56
180.844864 40.56
180.909533 40.56
180.969229 40.56
181.028735 40.56
181.104365 40.56
181.170236 40.56
181.235235 40.56
181.299359 40.56
181.353360 40.56
181.412743 40.56
181.482364 40.56
181.541871 40.56
181.611229 40.56
181.670368 40.56
181.724361 40.56
181.778534 40.56
181.832855 40.56
181.896874 40.56
181.961232 40.56
182.025750 40.56
182.095369 40.56
182.149398 40.56
182.210618 40.56
182.271236 40.56
182.331899 40.56
182.391525 40.56
182.452115 40.56
182.511868 40.56
182.571237 40.56
182.636550 40.56
182.686885 40.56
182.751546 40.56
182.801886 40.56
182.866395 40.56
182.920890 40.56
182.996242 40.56
183.061395 40.56
183.115764 40.56
183.176386 40.56
183.232672 40.56
183.292243 40.56
183.358248 40.56
183.433242 40.56
183.493251 40.56
183.547765 40.56
183.612771 40.56
183.674122 40.56
183.740680 40.56
183.800428 40.56
183.854892 40.56
183.915632 40.56
183.980246 40.56
184.045252 40.56
184.105251 40.56
184.169771 40.56
184.241667 40.56
184.307690 40.56
184.367440 40.56
184.417517 40.56
184.473254 40.56
184.527773 40.56
184.587260 40.56
184.648432 40.56
184.709253 40.56
184.763781 40.56
184.825006 40.56
184.889782 40.56
184.954631 40.56
185.020444 40.56
185.081778 40.56
185.141256 40.56
185.191914 40.56
185.252779 40.56
185.310014 40.56
185.369785 40.56
185.429488 40.56
185.499786 40.56
185.564634 40.56
185.640265 40.56
185.710269 40.56
185.764816 40.56
185.829783 40.56
185.894135 40.56
185.953509 40.56
186.023267 40.56
186.077801 40.56
186.147435 40.56
186.213800 40.56
186.278765 40.56
186.349145 40.56
186.415141 40.56
186.484137 40.56
186.558012 40.56
186.622437 40.56
186.688139 40.56
186.758269 40.56
186.822785 40.56
186.881787 40.56
186.943019 40.56
187.012675 40.56
187.077539 40.56
187.152801 40.56
187.219571 40.56
187.284280 40.56
187.341279 40.56
187.395791 40.56
187.460807 40.56
187.527445 40.56
187.592274 40.56
187.642655 40.56
187.703150 40.56
187.757159 40.56
187.811690 40.56
187.876023 40.56
187.940561 40.56
187.999438 40.56
188.065150 40.56
188.124162 40.56
188.178548 40.56
188.232152 40.56
188.291683 40.56
188.351033 40.56
188.413444 40.56
188.478282 40.56
188.542683 40.56
188.607686 40.56
188.677440 40.56
188.752029 40.56
188.816029 40.56
188.875446 40.56
188.950032 40.56
189.009681 40.56
189.074160 40.56
189.128292 40.56
189.193290 40.56
189.263697 40.56
189.328690 40.56
189.388167 40.56
189.447689 40.56
189.512163 40.56
189.567941 40.56
189.627685 40.56
189.692164 40.56
189.747916 40.56
189.812038 40.56
189.876574 40.56
189.946164 40.56
190.005173 40.56
190.060453 40.56
190.124290 40.56
190.185042 40.56
190.249041 40.56
190.308457 40.56
190.383179 40.56
190.433456 40.56
190.492293 40.56
190.557050 40.56
190.616297 40.56
190.667678 40.56
190.720927 40.56
190.780568 40.56
190.840177 40.56
190.899927 40.56
190.964615 40.56
191.024603 40.56
191.084060 40.56
191.134708 40.56
191.204051 40.56
191.263609 40.56
191.328577 40.56
191.388186 40.56
191.453182 40.56
191.523061 40.56
191.577577 40.56
191.637053 40.56
191.695945 40.56
191.760051 40.56
191.818941 40.56
191.883052 40.56
191.941944 40.56
192.006053 40.56
192.065191 40.56
192.140054 40.56
192.201184 40.56
192.260308 40.56
192.325065 40.56
192.386062 40.56
192.445473 40.56
192.504943 40.56
192.569310 40.56
192.628446 40.56
192.694061 40.56
192.753061 40.56
192.809936 40.56
192.870586 40.56
192.933235 40.56
192.997949 40.56
193.052446 40.56
193.113066 40.56
193.167446 40.56
193.228712 40.56
193.285857 40.56
193.352072 40.56
193.407587 40.56
193.461192 40.56
193.521579 40.56
193.580064 40.56
193.638816 40.56
193.699224 40.56
193.745069 40.56
193.800223 40.56
193.851192 40.56
193.925835 40.56
193.984713 40.56
194.049196 40.56
194.118193 40.56
194.187195 40.56
194.261195 40.56
194.325196 40.56
194.394197 40.56
194.458198 40.56
194.517085 40.56
194.581719 40.56
194.650585 40.56
194.703830 40.56
194.772576 40.56
194.825831 40.56
194.894579 40.56
194.947826 40.56
195.016577 40.56
195.069837 40.56
195.138832 40.56
195.212588 40.56
195.267584 40.56
195.322581 40.56
195.381210 40.56
195.446584 40.56
195.501588 40.56
195.572211 40.56
195.637590 40.56
195.701087 40.56
195.762966 40.56
195.831589 40.56
195.886460 40.56
195.946468 40.56
196.006460 40.56
196.066467 40.56
196.119714 40.56
196.190088 40.56
196.245088 40.56
196.298339 40.56
196.356711 40.56
196.427088 40.56
196.485594 40.56
196.536214 40.56
196.599712 40.56
196.670090 40.56
196.715588 40.56
196.773968 40.56
196.837466 40.56
196.900971 40.56
196.961095 40.56
197.006601 40.56
197.057226 40.56
197.120719 40.56
197.194473 40.56
197.253097 40.56
197.321725 40.56
197.390476 40.56
197.443730 40.56
197.517477 40.56
197.570723 40.56
197.644596 40.56
197.709846 40.56
197.778478 40.56
197.831721 40.56
197.905475 40.56
197.958724 40.56
198.032480 40.56
198.085728 40.56
198.159608 40.56
198.228230 40.56
198.291736 40.56
198.365607 40.56
198.430862 40.56
198.494482 40.56
198.549480 40.56
198.604360 40.56
198.664360 40.56
198.724354 40.56
198.784354 40.56
198.844358 40.56
198.904358 40.56
198.964356 40.56
199.027855 40.56
199.087982 40.56
199.142988 40.56
199.197986 40.56
199.252983 40.56
199.307995 40.56
199.362484 40.56
199.413110 40.56
199.476609 40.56
199.550370 40.56
199.603614 40.56
199.673994 40.56
199.719486 40.56
199.770112 40.56
199.833621 40.56
199.907381 40.56
199.960615 40.56
200.034372 40.56
200.087617 40.56
200.161374 40.56
200.214619 40.56
200.288377 40.56
200.341620 40.56
200.415368 40.56
200.468616 40.56
200.542377 40.56
200.595620 40.56
200.669375 40.56
200.722623 40.56
200.796371 40.56
200.849624 40.56
200.923375 40.56
200.976624 40.56
201.050377 40.56
201.103630 40.56
201.177379 40.56
201.232700 40.56
201.287134 40.56
201.352002 40.56
201.410875 40.56
201.472001 40.56
201.531131 40.56
201.586518 40.56
201.647917 40.56
201.703952 40.56
201.765253 40.56
201.814753 40.56
201.883381 40.56
201.932752 40.56
201.991129 40.56
202.059753 40.56
202.128380 40.56
202.179002 40.56
202.242503 40.56
202.312880 40.56
202.358381 40.56
202.407758 40.56
202.467882 40.56
202.513386 40.56
202.564010 40.56
202.627508 40.56
202.701266 40.56
202.759761 40.56
202.823268 40.56
202.876513 40.56
202.945266 40.56
202.998515 40.56
203.072268 40.56
203.125517 40.56
203.194272 40.56
203.247522 40.56
203.321267 40.56
203.379770 40.56
203.443264 40.56
203.496523 40.56
203.570275 40.56
203.623651 40.56
203.687266 40.56
203.740517 40.56
203.814275 40.56
203.872771 40.56
203.936400 40.56
204.001648 40.56
204.065276 40.56
204.120276 40.56
204.178897 40.56
204.249278 40.56
204.304147 40.56
204.364146 40.56
204.417399 40.56
204.482531 40.56
204.547777 40.56
204.611274 40.56
204.669657 40.56
204.724523 40.56
204.789783 40.56
204.835279 40.56
204.909283 40.56
204.967654 40.56
205.027779 40.56
205.073282 40.56
205.122655 40.56
205.182781 40.56
205.228287 40.56
205.278905 40.56
205.342412 40.56
205.416158 40.56
205.469415 40.56
205.538161 40.56
205.591408 40.56
205.665164 40.56
205.718410 40.56
205.792162 40.56
205.845537 40.56
205.914159 40.56
205.967414 40.56
206.041159 40.56
206.094408 40.56
206.168157 40.56
206.221408 40.56
206.295158 40.56
206.348409 40.56
206.422159 40.56
206.475410 40.56
206.549159 40.56
206.604162 40.56
206.659161 40.56
206.714165 40.56
206.769164 40.56
206.824164 40.56
206.877422 40.56
206.951175 40.56
207.009674 40.56
207.076671 40.56
207.140176 40.56
207.195045 40.56
207.258549 40.56
207.311924 40.56
207.370296 40.56
207.444177 40.56
207.499045 40.56
207.552295 40.56
207.622673 40.56
207.677682 40.56
207.741301 40.56
207.806684 40.56
207.852173 40.56
207.902801 40.56
207.966297 40.56
208.036676 40.56
208.091683 40.56
208.137177 40.56
208.187799 40.56
208.251303 40.56
208.325050 40.56
208.378310 40.56
208.448678 40.56
208.494175 40.56
208.544803 40.56
208.608301 40.56
208.682053 40.56
208.735303 40.56
208.809058 40.56
208.862306 40.56
208.936065 40.56
209.010059 40.56
209.063304 40.56
209.137057 40.56
209.190305 40.56
209.264055 40.56
209.317307 40.56
209.391062 40.56
209.444315 40.56
209.518061 40.56
209.573061 40.56
209.626310 40.56
209.700064 40.56
209.755063 40.56
209.810065 40.56
209.865065 40.56
209.919943 40.56
209.979946 40.56
210.039941 40.56
210.098446 40.56
210.156820 40.56
210.215192 40.56
210.285573 40.56
210.340570 40.56
210.395570 40.56
210.450574 40.56
210.496069 40.56
210.545452 40.56
210.600072 40.56
210.649449 40.56
210.709575 40.56
210.755068 40.56
210.816576 40.56
210.862075 40.56
210.912697 40.56
210.976205 40.56
211.036576 40.56
211.091079 40.56
211.164951 40.56
211.218207 40.56
211.282200 40.56
211.346323 40.56
211.400855 40.56
211.460202 40.56
211.521084 40.56
211.580850 40.56
211.640361 40.56
211.694846 40.56
211.759848 40.56
211.824728 40.56
211.900206 40.56
211.959858 40.56
212.030207 40.56
212.094725 40.56
212.154207 40.56
212.218357 40.56
212.286958 40.56
212.340725 40.56
212.404216 40.56
212.473083 40.56
212.537618 40.56
212.612599 40.56
212.682212 40.56
212.741617 40.56
212.816337 40.56
212.871857 40.56
212.925737 40.56
212.990626 40.56
213.049622 40.56
213.109354 40.56
213.166216 40.56
213.225496 40.56
213.290212 40.56
213.350473 40.56
213.405474 40.56
213.470216 40.56
213.531552 40.56
213.587220 40.56
213.637098 40.56
213.706223 40.56
213.756350 40.56
213.813223 40.56
213.867745 40.56
213.932727 40.56
213.996744 40.56
214.056221 40.56
214.110741 40.56
214.175617 40.56
214.235355 40.56
214.285747 40.56
214.345223 40.56
214.399893 40.56
214.466517 40.56
214.536749 40.56
214.601746 40.56
214.677103 40.56
214.736747 40.56
214.795493 40.56
214.860372 40.56
214.921125 40.56
214.991232 40.56
215.045620 40.56
215.117542 40.56
215.187749 40.56
215.247234 40.56
215.297752 40.56
215.357379 40.56
215.416486 40.56
215.476233 40.56
215.533112 40.56
215.592755 40.56
215.651984 40.56
215.718366 40.56
215.777550 40.56
215.843887 40.56
215.900862 40.56
215.961615 40.56
216.016989 40.56
216.083371 40.56
216.137617 40.56
216.198112 40.56
216.259374 40.56
216.329490 40.56
216.399624 40.56
216.458990 40.56
216.518546 40.56
216.593994 40.56
216.669621 40.56
216.723524 40.56
216.787872 40.56
216.838497 40.56
216.907867 40.56
216.966993 40.56
217.037245 40.56
217.102249 40.56
217.167246 40.56
217.232251 40.56
217.296997 40.56
217.367126 40.56
217.436127 40.56
217.497374 40.56
217.567629 40.56
217.643007 40.56
217.718525 40.56
217.788496 40.56
217.847562 40.56
217.916889 40.56
217.981253 40.56
218.036999 40.56
218.095999 40.56
218.155378 40.56
218.219632 40.56
218.289629 40.56
218.348251 40.56
218.404008 40.56
218.458547 40.56
218.523570 40.56
218.590258 40.56
218.650008 40.56
218.704383 40.56
218.764006 40.56
218.818566 40.56
218.883558 40.56
218.948570 40.56
219.013564 40.56
219.078396 40.56
219.144561 40.56
219.204007 40.56
219.259568 40.56
219.319010 40.56
219.377899 40.56
219.438257 40.56
219.483882 40.56
219.547901 40.56
219.611776 40.56
219.680905 40.56
219.739886 40.56
219.799144 40.56
219.863887 40.56
219.928146 40.56
219.998565 40.56
220.068580 40.56
220.129570 40.56
220.188891 40.56
220.254276 40.56
220.324558 40.56
220.393905 40.56
220.457907 40.56
220.521908 40.56
220.580891 40.56
220.644905 40.56
220.699892 40.56
220.763893 40.56
220.827907 40.56
220.891907 40.56
220.965660 40.56
221.019143 40.56
221.089785 40.56
221.158909 40.56
221.217895 40.56
221.286912 40.56
221.355900 40.56
221.414914 40.56
221.479150 40.56
221.543667 40.56
221.603034 40.56
221.673281 40.56
221.737674 40.56
221.796901 40.56
221.855793 40.56
221.919793 40.56
221.984153 40.56
222.043414 40.56
222.108410 40.56
222.173419 40.56
222.243810 40.56
222.313911 40.56
222.368420 40.56
222.433028 40.56
222.496671 40.56
222.560672 40.56
222.624908 40.56
222.678905 40.56
222.737798 40.56
222.804161 40.56
222.862907 40.56
222.921801 40.56
222.990548 40.56
223.059551 40.56
223.123676 40.56
223.192800 40.56
223.256805 40.56
223.325801 40.56
223.389806 40.56
223.453676 40.56
223.527802 40.56
223.586805 40.56
223.655803 40.56
223.719682 40.56
223.788811 40.56
223.852560 40.56
223.916815 40.56
223.971298 40.56
224.032421 40.56
224.101813 40.56
224.160810 40.56
224.219925 40.56
224.274172 40.56
224.338170 40.56
224.393420 40.56
224.448687 40.56
224.507925 40.56
224.567174 40.56
224.626047 40.56
224.690180 40.56
224.759562 40.56
224.824298 40.56
224.889303 40.56
224.948696 40.56
225.014569 40.56
225.078567 40.56
225.137817 40.56
225.187696 40.56
225.257703 40.56
225.327827 40.56
225.381819 40.56
225.440446 40.56
225.496428 40.56
225.565823 40.56
225.619695 40.56
225.688819 40.56
225.747697 40.56
225.811935 40.56
225.866309 40.56
225.925057 40.56
225.996094 40.56
226.055056 40.56
226.118931 40.56
226.182932 40.56
226.246702 40.56
226.310576 40.56
226.374578 40.56
226.439190 40.56
226.493061 40.56
226.558839 40.56
226.615068 40.56
226.674075 40.56
226.744199 40.56
226.811068 40.56
226.875984 40.56
226.947945 40.56
227.002191 40.56
227.063318 40.56
227.122750 40.56
227.177075 40.56
227.247194 40.56
227.313952 40.56
227.373592 40.56
227.439611 40.56
227.499197 40.56
227.549195 40.56
227.614217 40.56
227.675199 40.56
227.739587 40.56
227.794586 40.56
227.858732 40.56
227.913198 40.56
227.964197 40.56
228.028853 40.56
228.079201 40.56
228.149209 40.56
228.209083 40.56
228.279077 40.56
228.354598 40.56
228.414203 40.56
228.487731 40.56
228.541830 40.56
228.600579 40.56
228.669336 40.56
228.740516 40.56
228.800210 40.56
228.859706 40.56
228.914210 40.56
228.978956 40.56
229.047580 40.56
229.116580 40.56
229.175751 40.56
229.235462 40.56
229.294834 40.56
229.356583 40.56
229.425338 40.56
229.489490 40.56
229.549092 40.56
229.604337 40.56
229.677752 40.56
229.733841 40.56
229.793619 40.56
229.848093 40.56
229.913098 40.56
229.972753 40.56
230.031840 40.56
230.092862 40.56
230.152609 40.56
230.211859 40.56
230.276620 40.56
230.326734 40.56
230.376733 40.56
230.430969 40.56
230.495485 40.56
230.550604 40.56
230.600486 40.56
230.655747 40.56
230.705974 40.56
230.766489 40.56
230.839606 40.56
230.894864 40.56
230.959750 40.56
231.030108 40.56
231.080975 40.56
231.139479 40.56
231.198976 40.56
231.263504 40.56
231.322847 40.56
231.387106 40.56
231.446475 40.56
231.505504 40.56
231.564984 40.56
231.624748 40.56
231.682227 40.56
231.743394 40.56
231.807851 40.56
231.883110 40.56
231.952476 40.56
232.017532 40.56
232.078857 40.56
232.148368 40.56
232.207855 40.56
232.279230 40.56
232.338520 40.56
232.392357 40.56
232.456991 40.56
232.510854 40.56
232.574869 40.56
232.638855 40.56
232.697621 40.56
232.751357 40.56
232.820856 40.56
232.895986 40.56
232.965371 40.56
233.034988 40.56
233.104362 40.56
233.173990 40.56
233.239395 40.56
233.298402 40.56
233.367862 40.56
233.433362 40.56
233.488364 40.56
233.543365 40.56
233.598367 40.56
233.653488 40.56
233.717995 40.56
233.778368 40.56
233.839000 40.56
233.903998 40.56
233.968900 40.56
234.035753 40.56
234.095371 40.56
234.168558 40.56
234.227621 40.56
234.291124 40.56
234.344874 40.56
234.416254 40.56
234.486518 40.56
234.540768 40.56
234.612255 40.56
234.672000 40.56
234.730374 40.56
234.804248 40.56
234.863249 40.56
234.924251 40.56
234.998124 40.56
235.051376 40.56
235.120251 40.56
235.179254 40.56
235.245251 40.56
235.306134 40.56
235.372128 40.56
235.436781 40.56
235.503005 40.56
235.567258 40.56
235.632384 40.56
235.697014 40.56
235.767261 40.56
235.831884 40.56
235.890650 40.56
235.954645 40.56
236.018505 40.56
236.077130 40.56
236.146131 40.56
236.220257 40.56
236.284132 40.56
236.354634 40.56
236.400258 40.56
236.459654 40.56
236.534402 40.56
236.584892 40.56
236.644138 40.56
236.704893 40.56
236.769912 40.56
236.831140 40.56
236.909393 40.56
236.965142 40.56
237.031274 40.56
237.095659 40.56
237.165275 40.56
237.229140 40.56
237.295667 40.56
237.365142 40.56
237.434796 40.56
237.506540 40.56
237.562405 40.56
237.616900 40.56
237.676147 40.56
237.740270 40.56
237.794539 40.56
237.855148 40.56
237.914271 40.56
237.978145 40.56
238.037793 40.56
238.102273 40.56
238.164531 40.56
238.224277 40.56
238.283819 40.56
238.348804 40.56
238.413672 40.56
238.469282 40.56
238.523655 40.56
238.588150 40.56
238.652150 40.56
238.722530 40.56
238.784531 40.56
238.848277 40.56
238.912804 40.56
238.973281 40.56
239.037417 40.56
239.093165 40.56
239.152283 40.56
239.206416 40.56
239.267432 40.56
239.322789 40.56
239.387805 40.56
239.447286 40.56
239.501814 40.56
239.572164 40.56
239.631550 40.56
239.706413 40.56
239.752285 40.56
239.811033 40.56
239.875158 40.56
239.939412 40.56
239.998553 40.56
240.073295 40.56
240.127686 40.56
240.202556 40.56
240.266700 40.56
240.341555 40.56
240.406296 40.56
240.471169 40.56
240.535818 40.56
240.600817 40.56
240.660169 40.56
240.714702 40.56
240.776047 40.56
240.835692 40.56
240.897050 40.56
240.961697 40.56
241.021305 40.56
241.078426 40.56
241.143302 40.56
241.204428 40.56
241.258683 40.56
241.323693 40.56
241.384928 40.56
241.439921 40.56
241.504550 40.56
241.570434 40.56
241.630182 40.56
241.691429 40.56
241.751199 40.56
241.805576 40.56
241.871706 40.56
241.938450 40.56
242.002928 40.56
242.072569 40.56
242.131300 40.56
242.185704 40.56
242.239179 40.56
242.298178 40.56
242.352052 40.56
242.416573 40.56
242.475431 40.56
242.550590 40.56
242.604058 40.56
242.670438 40.56
242.735194 40.56
242.795068 40.56
242.866951 40.56
242.931183 40.56
242.995182 40.56
243.058932 40.56
243.123058 40.56
243.187183 40.56
243.246185 40.56
243.304934 40.56
243.373937 40.56
243.437935 40.56
243.502061 40.56
243.566062 40.56
243.635591 40.56
243.701312 40.56
243.762069 40.56
243.831585 40.56
243.885583 40.56
243.941072 40.56
243.996319 40.56
244.051833 40.56
244.111641 40.56
244.171069 40.56
244.221203 40.56
244.271610 40.56
244.332071 40.56
244.386458 40.56
244.442076 40.56
244.496447 40.56
244.561645 40.56
244.626627 40.56
244.682076 40.56
244.748343 40.56
244.808323 40.56
244.870082 40.56
244.923823 40.56
244.998991 40.56
245.074452 40.56
245.154960 40.56
245.221079 40.56
245.280639 40.56
245.355957 40.56
245.415459 40.56
245.490958 40.56
245.550462 40.56
245.625960 40.56
245.685530 40.56
245.761087 40.56
245.825958 40.56
245.885342 40.56
245.955629 40.56
246.014958 40.56
246.084851 40.56
246.149517 40.56
246.210841 40.56
246.280853 40.56
246.344848 40.56
246.413832 40.56
246.482460 40.56
246.547709 40.56
246.608396 40.56
246.668090 40.56
246.718213 40.56
246.775745 40.56
246.835346 40.56
246.901751 40.56
246.961350 40.56
247.021971 40.56
247.076528 40.56
247.137737 40.56
247.192972 40.56
247.247350 40.56
247.300222 40.56
247.365114 40.56
247.419221 40.56
247.480977 40.56
247.542101 40.56
247.592349 40.56
247.658518 40.56
247.723350 40.56
247.787971 40.56
247.841973 40.56
247.900738 40.56
247.960537 40.56
248.021353 40.56
248.080349 40.56
248.144976 40.56
248.198997 40.56
248.253546 40.56
248.318533 40.56
248.383533 40.56
248.448353 40.56
248.502227 40.56
248.566225 40.56
248.630224 40.56
248.708355 40.56
248.777866 40.56
248.836853 40.56
248.908622 40.56
248.981532 40.56
249.042575 40.56
249.102366 40.56
249.163772 40.56
249.229878 40.56
249.294904 40.56
249.349361 40.56
249.404878 40.56
249.461626 40.56
249.511233 40.56
249.581240 40.56
249.641989 40.56
249.691994 40.56
249.762117 40.56
249.827872 40.56
249.882397 40.56
249.947238 40.56
250.016111 40.56
250.080111 40.56
250.159764 40.56
250.224365 40.56
250.277987 40.56
250.338122 40.56
250.383629 40.56
250.457517 40.56
250.508238 40.56
250.571864 40.56
250.635755 40.56
250.699757 40.56
250.765125 40.56
250.824115 40.56
250.888374 40.56
250.952869 40.56
251.011877 40.56
251.077000 40.56
251.141639 40.56
251.207998 40.56
251.267121 40.56
251.331119 40.56
251.394994 40.56
251.453621 40.56
251.517638 40.56
251.581637 40.56
251.655514 40.56
251.729639 40.56
251.793887 40.56
251.858124 40.56
251.927671 40.56
251.995127 40.56
252.059001 40.56
252.121628 40.56
252.185781 40.56
252.247155 40.56
252.302380 40.56
252.361254 40.56
252.421783 40.56
252.486504 40.56
252.546261 40.56
252.613029 40.56
252.674040 40.56
252.733890 40.56
252.784135 40.56
252.856048 40.56
252.915781 40.56
252.970009 40.56
253.029269 40.56
253.094260 40.56
253.149789 40.56
253.204267 40.56
253.269272 40.56
253.339678 40.56
253.409906 40.56
253.474893 40.56
253.530138 40.56
253.589136 40.56
253.653140 40.56
253.727691 40.56
253.786909 40.56
253.840765 40.56
253.899513 40.56
253.964016 40.56
254.043549 40.56
254.104574 40.56
254.168660 40.56
254.228142 40.56
254.293271 40.56
254.368669 40.56
254.438898 40.56
254.503018 40.56
254.573394 40.56
254.628395 40.56
254.692540 40.56
254.751535 40.56
254.815538 40.56
254.874537 40.56
254.938398 40.56
254.997539 40.56
255.066398 40.56
255.135542 40.56
255.194538 40.56
255.260276 40.56
255.324545 40.56
255.388816 40.56
255.444911 40.56
255.504569 40.56
255.563809 40.56
255.624805 40.56
255.675156 40.56
255.739445 40.56
255.798546 40.56
255.862809 40.56
255.913032 40.56
255.969156 40.56
256.024685 40.56
256.079163 40.56
256.138554 40.56
256.204816 40.56
256.255163 40.56
256.315553 40.56
256.376159 40.56
256.435676 40.56
256.485675 40.56
256.545036 40.56
256.614690 40.56
256.669169 40.56
256.734163 40.56
256.793687 40.56
256.848169 40.56
256.907698 40.56
256.962169 40.56
257.027041 40.56
257.090914 40.56
257.165554 40.56
257.229574 40.56
257.294042 40.56
257.357915 40.56
257.424443 40.56
257.489044 40.56
257.548601 40.56
257.604981 40.56
257.664566 40.56
257.720928 40.56
257.786048 40.56
257.844921 40.56
257.914923 40.56
257.984707 40.56
258.044609 40.56
258.099050 40.56
258.158702 40.56
258.214430 40.56
258.273926 40.56
258.345838 40.56
258.405593 40.56
258.470433 40.56
258.536698 40.56
258.592052 40.56
258.653057 40.56
258.721055 40.56
258.785430 40.56
258.850433 40.56
258.905428 40.56
258.971563 40.56
259.025699 40.56
259.071711 40.56
259.122067 40.56
259.187053 40.56
259.245429 40.56
259.319178 40.56
259.378431 40.56
259.442933 40.56
259.498930 40.56
259.563434 40.56
259.633059 40.56
259.704846 40.56
259.764438 40.56
259.838943 40.56
259.914462 40.56
259.980822 40.56
260.040604 40.56
260.094940 40.56
260.169939 40.56
260.239830 40.56
260.304446 40.56
260.358946 40.56
260.418442 40.56
260.482191 40.56
260.548313 40.56
260.612190 40.56
260.676314 40.56
260.740315 40.56
260.804317 40.56
260.863442 40.56
260.917315 40.56
260.978066 40.56
261.031838 40.56
261.095947 40.56
261.161193 40.56
261.215942 40.56
261.274737 40.56
261.338846 40.56
261.404196 40.56
261.468195 40.56
261.518946 40.56
261.578448 40.56
261.642201 40.56
261.706955 40.56
261.771199 40.56
261.834961 40.56
261.899845 40.56
261.959357 40.56
262.025505 40.56
262.079720 40.56
262.149962 40.56
262.214956 40.56
262.270522 40.56
262.330361 40.56
262.396523 40.56
262.452716 40.56
262.512343 40.56
262.577342 40.56
262.638709 40.56
262.699755 40.56
262.760776 40.56
262.830341 40.56
262.891766 40.56
262.956338 40.56
263.020206 40.56
263.084337 40.56
263.148730 40.56
263.218860 40.56
263.283338 40.56
263.342208 40.56
263.406617 40.56
263.476211 40.56
263.535857 40.56
263.591086 40.56
263.655380 40.56
263.719853 40.56
263.779221 40.56
263.840089 40.56
263.904532 40.56
263.965363 40.56
264.019864 40.56
264.075599 40.56
264.140513 40.56
264.199861 40.56
264.258866 40.56
264.317607 40.56
264.376610 40.56
264.435613 40.56
264.505346 40.56
264.564359 40.56
264.623504 40.56
264.678613 40.56
264.737860 40.56
264.791220 40.56
264.857224 40.56
264.923510 40.56
264.978880 40.56
265.043746 40.56
265.104352 40.56
265.159748 40.56
265.240517 40.56
265.306755 40.56
265.382231 40.56
265.441884 40.56
265.506752 40.56
265.576871 40.56
265.641899 40.56
265.706858 40.56
265.776757 40.56
265.841753 40.56
265.911885 40.56
265.976754 40.56
266.041231 40.56
266.105369 40.56
266.169507 40.56
266.234240 40.56
266.295519 40.56
266.361370 40.56
266.422240 40.56
266.476755 40.56
266.537243 40.56
266.598241 40.56
266.652504 40.56
266.717375 40.56
266.778240 40.56
266.834497 40.56
266.894373 40.56
266.944490 40.56
267.009243 40.56
267.063760 40.56
267.123238 40.56
267.182237 40.56
267.241112 40.56
267.310113 40.56
267.373988 40.56
267.443114 40.56
267.507114 40.56
267.561989 40.56
267.618240 40.56
267.672240 40.56
267.731000 40.56
267.790117 40.56
267.845244 40.56
267.899118 40.56
267.963118 40.56
268.027119 40.56
268.091373 40.56
268.151764 40.56
268.216783 40.56
268.281248 40.56
268.335773 40.56
268.400377 40.56
268.464641 40.56
268.524132 40.56
268.588772 40.56
268.653791 40.56
268.718775 40.56
268.783783 40.56
268.848783 40.56
268.913649 40.56
268.972912 40.56
269.032548 40.56
269.102129 40.56
269.161635 40.56
269.216881 40.56
269.276395 40.56
269.346642 40.56
269.400637 40.56
269.461673 40.56
269.526674 40.56
269.587894 40.56
269.647510 40.56
269.703008 40.56
269.762266 40.56
269.815884 40.56
269.875134 40.56
269.934637 40.56
269.993415 40.56
270.065424 40.56
270.130138 40.56
270.189665 40.56
270.254638 40.56
270.319274 40.56
270.384272 40.56
270.449266 40.56
270.504388 40.56
270.574140 40.56
270.638140 40.56
270.697398 40.56
270.766890 40.56
270.836661 40.56
270.901269 40.56
270.971152 40.56
271.025549 40.56
271.090146 40.56
271.149017 40.56
271.204270 40.56
271.268652 40.56
271.328276 40.56
271.397909 40.56
271.462273 40.56
271.527027 40.56
271.591157 40.56
271.645682 40.56
271.706900 40.56
271.772899 40.56
271.842669 40.56
271.901556 40.56
271.960541 40.56
272.020026 40.56
272.091291 40.56
272.151158 40.56
272.198672 40.56
272.267918 40.56
272.324670 40.56
272.378413 40.56
272.439031 40.56
272.493571 40.56
272.547152 40.56
272.605922 40.56
272.664903 40.56
272.733920 40.56
272.792904 40.56
272.857165 40.56
272.922034 40.56
272.981282 40.56
273.043288 40.56
273.093285 40.56
273.157419 40.56
273.232811 40.56
273.292286 40.56
273.372920 40.56
273.442913 40.56
273.513049 40.56
273.567290 40.56
273.642595 40.56
273.707586 40.56
273.772040 40.56
273.825914 40.56
273.890289 40.56
273.954289 40.56
274.024040 40.56
274.077917 40.56
274.141929 40.56
274.200917 40.56
274.265604 40.56
274.326596 40.56
274.391043 40.56
274.449930 40.56
274.513916 40.56
274.574826 40.56
274.640921 40.56
274.704810 40.56
274.773936 40.56
274.837812 40.56
274.901921 40.56
274.956922 40.56
275.020935 40.56
275.077192 40.56
275.132426 40.56
275.186171 40.56
275.241296 40.56
275.310813 40.56
275.371701 40.56
275.431177 40.56
275.480188 40.56
275.540057 40.56
275.604818 40.56
275.668941 40.56
275.722935 40.56
275.781817 40.56
275.845819 40.56
275.914821 40.56
275.975192 40.56
276.020932 40.56
276.084696 40.56
276.135304 40.56
276.198930 40.56
276.262824 40.56
276.326824 40.56
276.390575 40.56
276.444056 40.56
276.497933 40.56
276.561821 40.56
276.632062 40.56
276.706824 40.56
276.777071 40.56
276.842065 40.56
276.896070 40.56
276.957447 40.56
277.022190 40.56
277.092324 40.56
277.153710 40.56
277.218188 40.56
277.277325 40.56
277.336189 40.56
277.400946 40.56
277.455318 40.56
277.524828 40.56
277.593828 40.56
277.662830 40.56
277.731705 40.56
277.809191 40.56
277.873191 40.56
277.933472 40.56
277.988192 40.56
278.046707 40.56
278.115585 40.56
278.165068 40.56
278.234069 40.56
278.299445 40.56
278.363844 40.56
278.419071 40.56
278.474072 40.56
278.528587 40.56
278.579196 40.56
278.642947 40.56
278.698104 40.56
278.743588 40.56
278.812600 40.56
278.876588 40.56
278.927199 40.56
278.980715 40.56
279.044592 40.56
279.100451 40.56
279.164622 40.56
279.228724 40.56
279.298344 40.56
279.357203 40.56
279.421955 40.56
279.483081 40.56
279.547205 40.56
279.606735 40.56
279.671340 40.56
279.740487 40.56
279.799832 40.56
279.863844 40.56
279.918345 40.56
279.983087 40.56
280.066736 40.56
280.121212 40.56
280.175088 40.56
280.234088 40.56
280.292960 40.56
280.353615 40.56
280.412618 40.56
280.476495 40.56
280.535616 40.56
280.613616 40.56
280.674504 40.56
280.733609 40.56
280.792627 40.56
280.847620 40.56
280.908346 40.56
280.986635 40.56
281.047511 40.56
281.102607 40.56
281.162224 40.56
281.227222 40.56
281.285850 40.56
281.345974 40.56
281.399843 40.56
281.453742 40.56
281.513225 40.56
281.572614 40.56
281.632227 40.56
281.693228 40.56
281.758106 40.56
281.828103 40.56
281.892622 40.56
281.952230 40.56
282.018728 40.56
282.082619 40.56
282.147099 40.56
282.210756 40.56
282.265230 40.56
282.329491 40.56
282.388880 40.56
282.450108 40.56
282.519980 40.56
282.591992 40.56
282.651627 40.56
282.712989 40.56
282.774540 40.56
282.834108 40.56
282.898983 40.56
282.973499 40.56
283.042364 40.56
283.097362 40.56
283.161617 40.56
283.235377 40.56
283.301902 40.56
283.366761 40.56
283.421112 40.56
283.474985 40.56
283.533984 40.56
283.603512 40.56
283.667514 40.56
283.726360 40.56
283.785511 40.56
283.849361 40.56
283.908515 40.56
283.967362 40.56
284.031565 40.56
284.092115 40.56
284.146990 40.56
284.210490 40.56
284.279490 40.56
284.345621 40.56
284.401120 40.56
284.457559 40.56
284.523658 40.56
284.573765 40.56
284.625129 40.56
284.684776 40.56
284.740769 40.56
284.790495 40.56
284.845786 40.56
284.901770 40.56
284.957398 40.56
285.016997 40.56
285.080871 40.56
285.145765 40.56
285.210375 40.56
285.274630 40.56
285.330941 40.56
285.390378 40.56
285.465392 40.56
285.525006 40.56
285.589377 40.56
285.648376 40.56
285.725375 40.56
285.784881 40.56
285.859378 40.56
285.925886 40.56
285.980006 40.56
286.039380 40.56
286.098381 40.56
286.158899 40.56
286.222881 40.56
286.288756 40.56
286.353382 40.56
286.417401 40.56
286.473009 40.56
286.531884 40.56
286.590652 40.56
286.644885 40.56
286.703649 40.56
286.753392 40.56
286.808258 40.56
286.872258 40.56
286.936385 40.56
287.005389 40.56
287.055260 40.56
287.120386 40.56
287.179387 40.56
287.234261 40.56
287.284886 40.56
287.350390 40.56
287.405640 40.56
287.469390 40.56
287.524389 40.56
287.593890 40.56
287.663409 40.56
287.722894 40.56
287.793543 40.56
287.848019 40.56
287.912396 40.56
287.976897 40.56
288.046915 40.56
288.121682 40.56
288.188280 40.56
288.247792 40.56
288.312542 40.56
288.366666 40.56
288.429272 40.56
288.490779 40.56
288.550547 40.56
288.611836 40.56
288.676924 40.56
288.736023 40.56
288.805147 40.56
288.864402 40.56
288.923287 40.56
288.988408 40.56
289.047670 40.56
289.113910 40.56
289.173551 40.56
289.227545 40.56
289.288411 40.56
289.342801 40.56
289.412416 40.56
289.466917 40.56
289.531909 40.56
289.597280 40.56
289.667030 40.56
289.731413 40.56
289.790915 40.56
289.850410 40.56
289.904595 40.56
289.971292 40.56
290.037288 40.56
290.101282 40.56
290.170033 40.56
290.234286 40.56
290.289287 40.56
290.358160 40.56
290.427416 40.56
290.482562 40.56
290.528415 40.56
290.587287 40.56
290.662288 40.56
290.726919 40.56
290.796936 40.56
290.855928 40.56
290.920928 40.56
290.995164 40.56
291.069166 40.56
291.133290 40.56
291.197291 40.56
291.261292 40.56
291.335167 40.56
291.399293 40.56
291.468042 40.56
291.532043 40.56
291.601169 40.56
291.665169 40.56
291.729169 40.56
291.793170 40.56
291.848298 40.56
291.912298 40.56
291.971174 40.56
292.035436 40.56
292.096174 40.56
292.160049 40.56
292.220568 40.56
292.284830 40.56
292.349829 40.56
292.409179 40.56
292.478826 40.56
292.543700 40.56
292.602453 40.56
292.657597 40.56
292.728052 40.56
292.792830 40.56
292.853558 40.56
292.931453 40.56
292.981833 40.56
293.041436 40.56
293.102189 40.56
293.168314 40.56
293.223722 40.56
293.282578 40.56
293.352310 40.56
293.416840 40.56
293.476452 40.56
293.526705 40.56
293.592185 40.56
293.651690 40.56
293.710824 40.56
293.770449 40.56
293.826316 40.56
293.885316 40.56
293.950314 40.56
294.004583 40.56
294.071071 40.56
294.137191 40.56
294.201324 40.56
294.255859 40.56
294.320693 40.56
294.381324 40.56
294.437572 40.56
294.502195 40.56
294.571322 40.56
294.630571 40.56
294.696203 40.56
294.750734 40.56
294.811949 40.56
294.878500 40.56
294.939202 40.56
294.994453 40.56
295.060951 40.56
295.120595 40.56
295.200205 40.56
295.254865 40.56
295.315722 40.56
295.380726 40.56
295.441725 40.56
295.501211 40.56
295.555726 40.56
295.615079 40.56
295.681510 40.56
295.751743 40.56
295.811079 40.56
295.870728 40.56
295.930204 40.56
295.999203 40.56
296.053082 40.56
296.108078 40.56
296.172205 40.56
296.226083 40.56
296.290204 40.56
296.349080 40.56
296.413724 40.56
296.502210 40.56
296.556728 40.56
296.615958 40.56
296.675739 40.56
296.740731 40.56
296.805742 40.56
296.870734 40.56
296.935730 40.56
296.998518 40.56
297.054091 40.56
297.115531 40.56
297.175224 40.56
297.232214 40.56
297.291751 40.56
297.352737 40.56
297.417214 40.56
297.471740 40.56
297.528847 40.56
297.595408 40.56
297.649538 40.56
297.705096 40.56
297.766407 40.56
297.827097 40.56
297.888348 40.56
297.953223 40.56
298.003522 40.56
298.069605 40.56
298.124972 40.56
298.191100 40.56
298.250604 40.56
298.306244 40.56
298.356515 40.56
298.417229 40.56
298.482230 40.56
298.547100 40.56
298.602515 40.56
298.667604 40.56
298.727732 40.56
298.780983 40.56
298.840103 40.56
298.909982 40.56
298.985652 40.56
299.055539 40.56
299.130984 40.56
299.201103 40.56
299.260101 40.56
299.324502 40.56
299.387982 40.56
299.462105 40.56
299.520981 40.56
299.585539 40.56
299.651502 40.56
299.721607 40.56
299.781111 40.56
299.840106 40.56
299.898993 40.56
299.957873 40.56
300.029363 40.56
300.083362 40.56
300.158109 40.56
300.217108 40.56
300.275983 40.56
300.339875 40.56
300.409109 40.56
300.468109 40.56
300.526876 40.56
300.590860 40.56
300.659876 40.56
300.729111 40.56
300.787877 40.56
300.870880 40.56
300.934879 40.56
300.993994 40.56
301.052740 40.56
301.117550 40.56
301.182549 40.56
301.247558 40.56
301.312563 40.56
301.371996 40.56
301.432899 40.56
301.502998 40.56
301.557394 40.56
301.616380 40.56
301.680999 40.56
301.740001 40.56
301.799543 40.56
301.858998 40.56
301.913003 40.56
301.972569 40.56
302.036875 40.56
302.103005 40.56
302.157565 40.56
302.217127 40.56
302.276564 40.56
302.337556 40.56
302.396879 40.56
302.467005 40.56
302.517527 40.56
302.571255 40.56
302.637264 40.56
302.711877 40.56
302.775898 40.56
302.845255 40.56
302.904255 40.56
302.970279 40.56
303.035895 40.56
303.095390 40.56
303.156657 40.56
303.216134 40.56
303.279148 40.56
303.338907 40.56
303.388886 40.56
303.450148 40.56
303.509909 40.56
303.564136 40.56
303.624509 40.56
303.688649 40.56
303.757896 40.56
303.812263 40.56
303.876653 40.56
303.935896 40.56
303.990401 40.56
304.055265 40.56
304.114896 40.56
304.169401 40.56
304.228781 40.56
304.299148 40.56
304.344656 40.56
304.395264 40.56
304.459141 40.56
304.523140 40.56
304.587142 40.56
304.661140 40.56
304.724892 40.56
304.793531 40.56
304.860912 40.56
304.924785 40.56
304.988899 40.56
305.048144 40.56
305.112146 40.56
305.171400 40.56
305.235915 40.56
305.299922 40.56
305.354276 40.56
305.420671 40.56
305.486911 40.56
305.543796 40.56
305.608408 40.56
305.668284 40.56
305.727904 40.56
305.789178 40.56
305.848926 40.56
305.908288 40.56
305.975041 40.56
306.034801 40.56
306.096062 40.56
306.155914 40.56
306.210157 40.56
306.264155 40.56
306.323290 40.56
306.387798 40.56
306.449055 40.56
306.508805 40.56
306.564410 40.56
306.625288 40.56
306.688040 40.56
306.742036 40.56
306.808035 40.56
306.865037 40.56
306.919917 40.56
306.970163 40.56
307.025556 40.56
307.084826 40.56
307.149691 40.56
307.219790 40.56
307.289688 40.56
307.354812 40.56
307.409040 40.56
307.474415 40.56
307.538805 40.56
307.597811 40.56
307.652288 40.56
307.716685 40.56
307.780809 40.56
307.839924 40.56
307.899042 40.56
307.963818 40.56
308.018298 40.56
308.079422 40.56
308.139299 40.56
308.199298 40.56
308.260575 40.56
308.320306 40.56
308.381423 40.56
308.441178 40.56
308.502593 40.56
308.562174 40.56
308.632055 40.56
308.691823 40.56
308.746053 40.56
308.816050 40.56
308.886050 40.56
308.941936 40.56
309.001705 40.56
309.062927 40.56
309.121443 40.56
309.185568 40.56
309.249565 40.56
309.308564 40.56
309.367551 40.56
309.431592 40.56
309.490598 40.56
309.554569 40.56
309.609568 40.56
309.668575 40.56
309.727570 40.56
309.791572 40.56
309.846572 40.56
309.905861 40.56
309.956188 40.56
310.021060 40.56
310.090626 40.56
310.160830 40.56
310.211062 40.56
310.275841 40.56
310.340842 40.56
310.401188 40.56
310.461191 40.56
310.526194 40.56
310.609840 40.56
310.669586 40.56
310.729191 40.56
310.807611 40.56
310.877711 40.56
310.942063 40.56
311.006063 40.56
311.069938 40.56
311.144443 40.56
311.208587 40.56
311.274949 40.56
311.334610 40.56
311.393318 40.56
311.453073 40.56
311.518074 40.56
311.583078 40.56
311.642718 40.56
311.693074 40.56
311.767319 40.56
311.831319 40.56
311.884709 40.56
311.938445 40.56
311.997589 40.56
312.066321 40.56
312.124713 40.56
312.174451 40.56
312.238448 40.56
312.307453 40.56
312.371716 40.56
312.426080 40.56
312.490954 40.56
312.560473 40.56
312.626594 40.56
312.683620 40.56
312.739085 40.56
312.794650 40.56
312.849082 40.56
312.909587 40.56
312.974590 40.56
313.034083 40.56
313.093732 40.56
313.154591 40.56
313.209085 40.56
313.279088 40.56
313.338732 40.56
313.403594 40.56
313.463507 40.56
313.528508 40.56
313.588094 40.56
313.654847 40.56
313.714507 40.56
313.775844 40.56
313.835523 40.56
313.889965 40.56
313.949518 40.56
314.003970 40.56
314.068966 40.56
314.128348 40.56
314.189845 40.56
314.254535 40.56
314.319601 40.56
314.373969 40.56
314.451616 40.56
314.515856 40.56
314.574607 40.56
314.638855 40.56
314.713344 40.56
314.772497 40.56
314.826345 40.56
314.885343 40.56
314.944495 40.56
314.998345 40.56
315.053498 40.56
315.103498 40.56
315.162347 40.56
315.221497 40.56
315.280346 40.56
315.339499 40.56
315.389623 40.56
315.444851 40.56
315.514224 40.56
315.578508 40.56
315.633981 40.56
315.693225 40.56
315.758231 40.56
315.819731 40.56
315.884541 40.56
315.938989 40.56
316.003982 40.56
316.070736 40.56
316.130537 40.56
316.184855 40.56
316.254880 40.56
316.319355 40.56
316.383386 40.56
316.452877 40.56
316.518635 40.56
316.581737 40.56
316.641528 40.56
316.700554 40.56
316.756740 40.56
316.821364 40.56
316.880898 40.56
316.942246 40.56
317.001863 40.56
317.061244 40.56
317.126239 40.56
317.185864 40.56
317.241112 40.56
317.300548 40.56
317.361113 40.56
317.418119 40.56
317.477240 40.56
317.541238 40.56
317.605237 40.56
317.669112 40.56
317.738237 40.56
317.802113 40.56
317.866114 40.56
317.930114 40.56
318.004240 40.56
318.068240 40.56
318.142116 40.56
318.216241 40.56
318.290254 40.56
318.354244 40.56
318.413373 40.56
318.467378 40.56
318.531637 40.56
318.595636 40.56
318.660248 40.56
318.734548 40.56
318.790381 40.56
318.849891 40.56
318.903641 40.56
318.967910 40.56
319.034000 40.56
319.098249 40.56
319.162769 40.56
319.226923 40.56
319.291882 40.56
319.356911 40.56
319.426780 40.56
319.502385 40.56
319.561648 40.56
319.631779 40.56
319.691386 40.56
319.750630 40.56
319.821640 40.56
319.880647 40.56
319.945390 40.56
320.001639 40.56
320.065758 40.56
320.125264 40.56
320.186265 40.56
320.245637 40.56
320.317514 40.56
320.377262 40.56
320.427422 40.56
320.488266 40.56
320.542784 40.56
320.602273 40.56
320.656785 40.56
320.721786 40.56
320.782518 40.56
320.837524 40.56
320.892141 40.56
320.962272 40.56
321.021807 40.56
321.072641 40.56
321.142273 40.56
321.207400 40.56
321.257786 40.56
321.322534 40.56
321.394392 40.56
321.452890 40.56
321.506140 40.56
321.579891 40.56
321.644268 40.56
321.703271 40.56
321.762144 40.56
321.831143 40.56
321.897409 40.56
321.961406 40.56
322.031802 40.56
322.090542 40.56
322.160279 40.56
322.214671 40.56
322.273272 40.56
322.337022 40.56
322.401147 40.56
322.470022 40.56
322.534153 40.56
322.600025 40.56
322.664150 40.56
322.723413 40.56
322.784028 40.56
322.848153 40.56
322.914159 40.56
322.975416 40.56
323.035033 40.56
323.094802 40.56
323.154165 40.56
323.208678 40.56
323.269913 40.56
323.353682 40.56
323.418680 40.56
323.478033 40.56
323.542157 40.56
323.597437 40.56
323.661032 40.56
323.716032 40.56
323.775034 40.56
323.840410 40.56
323.895409 40.56
323.941161 40.56
324.000173 40.56
324.054686 40.56
324.124560 40.56
324.185475 40.56
324.255692 40.56
324.315041 40.56
324.374689 40.56
324.439690 40.56
324.504167 40.56
324.569295 40.56
324.639565 40.56
324.715049 40.56
324.790692 40.56
324.855305 40.56
324.916699 40.56
324.981690 40.56
325.046046 40.56
325.110561 40.56
325.169447 40.56
325.244169 40.56
325.303044 40.56
325.372447 40.56
325.447049 40.56
325.510921 40.56
325.570048 40.56
325.636171 40.56
325.699922 40.56
325.764174 40.56
325.824691 40.56
325.879690 40.56
325.934691 40.56
325.989425 40.56
326.064050 40.56
326.133305 40.56
326.193691 40.56
326.252301 40.56
326.312826 40.56
326.376927 40.56
326.437303 40.56
326.482802 40.56
326.533429 40.56
326.596927 40.56
326.667307 40.56
326.712804 40.56
326.763433 40.56
326.826931 40.56
326.897309 40.56
326.942813 40.56
326.993442 40.56
327.056934 40.56
327.130688 40.56
327.183938 40.56
327.257694 40.56
327.310939 40.56
327.384688 40.56
327.443193 40.56
327.506695 40.56
327.559940 40.56
327.633693 40.56
327.688697 40.56
327.741940 40.56
327.815695 40.56
327.868947 40.56
327.942700 40.56
327.997695 40.56
328.050946 40.56
328.124692 40.56
328.177941 40.56
328.251690 40.56
328.306693 40.56
328.361694 40.56
328.416693 40.56
328.469942 40.56
328.543695 40.56
328.598568 40.56
328.658570 40.56
328.718573 40.56
328.778571 40.56
328.838570 40.56
328.905196 40.56
328.955071 40.56
329.023697 40.56
329.078573 40.56
329.138572 40.56
329.198572 40.56
329.251825 40.56
329.322203 40.56
329.367700 40.56
329.418339 40.56
329.481834 40.56
329.541082 40.56
329.598085 40.56
329.648343 40.56
329.706833 40.56
329.770958 40.56
329.829720 40.56
329.893203 40.56
329.962955 40.56
330.026608 40.56
330.095956 40.56
330.159598 40.56
330.212955 40.56
330.285208 40.56
330.344207 40.56
330.403208 40.56
330.467209 40.56
330.531209 40.56
330.595211 40.56
330.664209 40.56
330.725093 40.56
330.789963 40.56
330.857213 40.56
330.921212 40.56
330.990853 40.56
331.054854 40.56
331.118854 40.56
331.191213 40.56
331.255213 40.56
331.319214 40.56
331.396860 40.56
331.460864 40.56
331.514609 40.56
331.583610 40.56
331.642968 40.56
331.701860 40.56
331.761226 40.56
331.831224 40.56
331.895358 40.56
331.956352 40.56
332.017620 40.56
332.076855 40.56
332.131352 40.56
332.190617 40.56
332.243123 40.56
332.302873 40.56
332.357358 40.56
332.416746 40.56
332.481099 40.56
332.556100 40.56
332.619973 40.56
332.673858 40.56
332.727615 40.56
332.786619 40.56
332.850623 40.56
332.914619 40.56
332.983619 40.56
333.047506 40.56
333.100982 40.56
333.154621 40.56
333.213620 40.56
333.277747 40.56
333.341633 40.56
333.400748 40.56
333.464857 40.56
333.523757 40.56
333.589872 40.56
333.648628 40.56
333.707883 40.56
333.763484 40.56
333.827624 40.56
333.886762 40.56
333.955514 40.56
334.014625 40.56
334.078500 40.56
334.143866 40.56
334.197631 40.56
334.258364 40.56
334.322772 40.56
334.377243 40.56
334.436868 40.56
334.496113 40.56
334.560113 40.56
334.629866 40.56
334.688875 40.56
334.739246 40.56
334.803991 40.56
334.877990 40.56
334.941632 40.56
335.005506 40.56
335.069524 40.56
335.133495 40.56
335.198996 40.56
335.244759 40.56
335.303512 40.56
335.368495 40.56
335.437521 40.56
335.506370 40.56
335.562386 40.56
335.618371 40.56
335.678527 40.56
335.747525 40.56
335.811638 40.56
335.866637 40.56
335.935639 40.56
335.999528 40.56
336.063514 40.56
336.132642 40.56
336.201500 40.56
336.266500 40.56
336.330876 40.56
336.389891 40.56
336.446007 40.56
336.515646 40.56
336.574540 40.56
336.638384 40.56
336.698005 40.56
336.764014 40.56
336.823797 40.56
336.878007 40.56
336.939016 40.56
336.998800 40.56
337.054887 40.56
337.119572 40.56
337.180884 40.56
337.235011 40.56
337.290259 40.56
337.343901 40.56
337.399887 40.56
337.460910 40.56
337.515013 40.56
337.579637 40.56
337.633679 40.56
337.688142 40.56
337.743657 40.56
337.797640 40.56
337.858669 40.56
337.923565 40.56
337.993590 40.56
338.059814 40.56
338.120559 40.56
338.181151 40.56
338.250903 40.56
338.321147 40.56
338.381561 40.56
338.436903 40.56
338.506680 40.56
338.571570 40.56
338.641537 40.56
338.710270 40.56
338.770569 40.56
338.839895 40.56
338.904798 40.56
338.966024 40.56
339.024788 40.56
339.083419 40.56
339.147398 40.56
339.216403 40.56
339.286024 40.56
339.349788 40.56
339.405277 40.56
339.464405 40.56
339.528791 40.56
339.590035 40.56
339.649682 40.56
339.719443 40.56
339.780959 40.56
339.842284 40.56
339.906941 40.56
339.978786 40.56
340.038555 40.56
340.099794 40.56
340.159578 40.56
340.214035 40.56
340.273412 40.56
340.342920 40.56
340.417798 40.56
340.497411 40.56
340.557040 40.56
340.608037 40.56
340.657910 40.56
340.718563 40.56
340.768413 40.56
340.829041 40.56
340.889688 40.56
340.948933 40.56
341.009593 40.56
341.069429 40.56
341.124042 40.56
341.183691 40.56
341.235804 40.56
341.295589 40.56
341.355693 40.56
341.420827 40.56
341.490917 40.56
341.570419 40.56
341.624559 40.56
341.683417 40.56
341.747418 40.56
341.816921 40.56
341.891293 40.56
341.965420 40.56
342.026295 40.56
342.090425 40.56
342.149564 40.56
342.208687 40.56
342.269601 40.56
342.328930 40.56
342.388301 40.56
342.453433 40.56
342.507937 40.56
342.569303 40.56
342.633933 40.56
342.698935 40.56
342.758303 40.56
342.828307 40.56
342.894435 40.56
342.950180 40.56
343.010934 40.56
343.075934 40.56
343.145574 40.56
343.204177 40.56
343.268809 40.56
343.334308 40.56
343.398698 40.56
343.468936 40.56
343.522941 40.56
343.587936 40.56
343.647311 40.56
343.711934 40.56
343.770837 40.56
343.831435 40.56
343.885440 40.56
343.950319 40.56
344.020313 40.56
344.090454 40.56
344.144946 40.56
344.206189 40.56
344.276456 40.56
344.341315 40.56
344.405452 40.56
344.459944 40.56
344.529944 40.56
344.583316 40.56
344.654193 40.56
344.729614 40.56
344.804948 40.56
344.869859 40.56
344.934194 40.56
345.003317 40.56
345.062580 40.56
345.123452 40.56
345.187836 40.56
345.247196 40.56
345.311346 40.56
345.365844 40.56
345.430825 40.56
345.495461 40.56
345.545844 40.56
345.610846 40.56
345.670457 40.56
345.724952 40.56
345.789724 40.56
345.854208 40.56
345.919210 40.56
345.978720 40.56
346.039357 40.56
346.093758 40.56
346.163829 40.56
346.223517 40.56
346.284364 40.56
346.338346 40.56
346.392351 40.56
346.446726 40.56
346.507496 40.56
346.568344 40.56
346.622853 40.56
346.682207 40.56
346.737524 40.56
346.798866 40.56
346.858341 40.56
346.917528 40.56
346.978857 40.56
347.043855 40.56
347.108525 40.56
347.189219 40.56
347.259211 40.56
347.328611 40.56
347.392851 40.56
347.451498 40.56
347.513960 40.56
347.580085 40.56
347.649741 40.56
347.730345 40.56
347.789493 40.56
347.850346 40.56
347.904357 40.56
347.968495 40.56
348.025743 40.56
348.090737 40.56
348.160485 40.56
348.223599 40.56
348.283222 40.56
348.361628 40.56
348.420880 40.56
348.485093 40.56
348.551521 40.56
348.616352 40.56
348.675613 40.56
348.735226 40.56
348.796357 40.56
348.855097 40.56
348.915748 40.56
348.980752 40.56
349.030352 40.56
349.084100 40.56
349.144763 40.56
349.204100 40.56
349.263750 40.56
349.323368 40.56
349.388103 40.56
349.447758 40.56
349.512755 40.56
349.577104 40.56
349.636755 40.56
349.701753 40.56
349.771765 40.56
349.836752 40.56
349.901751 40.56
349.962989 40.56
350.022754 40.56
350.081981 40.56
350.152990 40.56
350.212892 40.56
350.277361 40.56
350.347108 40.56
350.411511 40.56
350.486243 40.56
350.540757 40.56
350.610364 40.56
350.676109 40.56
350.745624 40.56
350.804502 40.56
350.875992 40.56
350.940765 40.56
351.007492 40.56
351.068242 40.56
351.119872 40.56
351.179369 40.56
351.247426 40.56
351.301530 40.56
351.361991 40.56
351.421248 40.56
351.476628 40.56
351.529992 40.56
351.589249 40.56
351.639371 40.56
351.704120 40.56
351.768627 40.56
351.824123 40.56
351.874120 40.56
351.934371 40.56
351.984117 40.56
352.048493 40.56
352.118005 40.56
352.184123 40.56
352.237996 40.56
352.302622 40.56
352.361544 40.56
352.435889 40.56
352.499873 40.56
352.569500 40.56
352.623011 40.56
352.682378 40.56
352.747126 40.56
352.806138 40.56
352.865629 40.56
352.930004 40.56
353.005010 40.56
353.075262 40.56
353.135876 40.56
353.196634 40.56
353.272007 40.56
353.336577 40.56
353.396259 40.56
353.461009 40.56
353.525414 40.56
353.589634 40.56
353.653505 40.56
353.723133 40.56
353.782009 40.56
353.845882 40.56
353.912264 40.56
353.977011 40.56
354.026885 40.56
354.090902 40.56
354.154901 40.56
354.218900 40.56
354.282902 40.56
354.347135 40.56
354.405901 40.56
354.469901 40.56
354.533904 40.56
354.597902 40.56
354.656888 40.56
354.720902 40.56
354.784905 40.56
354.848905 40.56
354.912906 40.56
354.971890 40.56
355.035905 40.56
355.100552 40.56
355.154141 40.56
355.212909 40.56
355.272148 40.56
355.330784 40.56
355.399912 40.56
355.463913 40.56
355.527915 40.56
355.586896 40.56
355.645897 40.56
355.704798 40.56
355.764402 40.56
355.818400 40.56
355.892899 40.56
355.956914 40.56
356.016155 40.56
356.086915 40.56
356.150914 40.56
356.210024 40.56
356.273917 40.56
356.338924 40.56
356.394534 40.56
356.458904 40.56
356.522920 40.56
356.579779 40.56
356.645027 40.56
356.698906 40.56
356.757905 40.56
356.816905 40.56
356.880921 40.56
356.941679 40.56
356.995030 40.56
357.055547 40.56
357.119659 40.56
357.169282 40.56
357.223160 40.56
357.281190 40.56
357.326907 40.56
357.390799 40.56
357.459801 40.56
357.530168 40.56
357.575909 40.56
357.636180 40.56
357.695035 40.56
357.758802 40.56
357.824171 40.56
357.869679 40.56
357.920287 40.56
357.984037 40.56
358.037808 40.56
358.101557 40.56
358.161685 40.56
358.220918 40.56
358.284791 40.56
358.344463 40.56
358.409294 40.56
358.478792 40.56
358.542808 40.56
358.611542 40.56
358.675685 40.56
358.744560 40.56
358.818558 40.56
358.882688 40.56
358.946818 40.56
359.016046 40.56
359.079811 40.56
359.143926 40.56
359.207812 40.56
359.272172 40.56
359.337925 40.56
359.401927 40.56
359.461175 40.56
359.525820 40.56
359.584937 40.56
359.639432 40.56
359.706096 40.56
359.767115 40.56
359.826825 40.56
359.881307 40.56
359.945938 40.56
359.996309 40.56
360.057059 40.56
360.112852 40.56
360.167310 40.56
360.226829 40.56
360.280698 40.56
360.344823 40.56
360.404184 40.56
360.468315 40.56
360.527831 40.56
360.587185 40.56
360.656060 40.56
360.720058 40.56
360.789573 40.56
360.853710 40.56
360.918187 40.56
360.982581 40.56
361.051578 40.56
361.115855 40.56
361.170190 40.56
361.234189 40.56
361.293063 40.56
361.357828 40.56
361.416946 40.56
361.481713 40.56
361.546191 40.56
361.599833 40.56
361.658441 40.56
361.722943 40.56
361.781443 40.56
361.834690 40.56
361.908443 40.56
361.967199 40.56
362.026069 40.56
362.085071 40.56
362.151079 40.56
362.210716 40.56
362.265073 40.56
362.336086 40.56
362.391722 40.56
362.446202 40.56
362.501744 40.56
362.556204 40.56
362.622955 40.56
362.687593 40.56
362.747206 40.56
362.822452 40.56
362.891859 40.56
362.942205 40.56
363.013958 40.56
363.063845 40.56
363.118208 40.56
363.178088 40.56
363.248080 40.56
363.308731 40.56
363.363227 40.56
363.422833 40.56
363.479587 40.56
363.539207 40.56
363.604208 40.56
363.682740 40.56
363.737219 40.56
363.802208 40.56
363.858498 40.56
363.913610 40.56
363.973084 40.56
364.051085 40.56
364.122338 40.56
364.186644 40.56
364.258501 40.56
364.324965 40.56
364.394492 40.56
364.464085 40.56
364.538836 40.56
364.597604 40.56
364.658521 40.56
364.723213 40.56
364.782746 40.56
364.838972 40.56
364.898609 40.56
364.964973 40.56
365.024603 40.56
365.083969 40.56
365.143096 40.56
365.196969 40.56
365.261740 40.56
365.320969 40.56
365.379969 40.56
365.440505 40.56
365.504497 40.56
365.564097 40.56
365.623354 40.56
365.682503 40.56
365