0.000000 0.000000
0.047169 42.78
0.103275 42.78
0.165042 42.78
0.219513 42.22
0.278387 42.22
0.340290 42.22
0.386028 42.22
0.459762 42.22
0.513387 42.22
0.583662 42.22
0.640288 42.22
0.686030 42.22
0.752166 42.22
0.827905 42.22
0.889057 42.22
0.954526 42.22
1.019521 42.22
1.083894 42.22
1.147767 42.22
1.200295 42.22
1.246032 42.22
1.314769 42.22
1.370973 42.22
1.436052 42.22
1.490399 42.22
1.549148 42.22
1.608147 42.22
1.661771 42.22
1.720772 42.22
1.786301 42.22
1.845040 42.22
1.903789 42.22
1.972788 42.22
2.046676 42.22
2.110791 42.22
2.184677 42.22
2.253790 42.22
2.327679 42.22
2.391792 42.22
2.455794 42.22
2.524794 41.67
2.598680 41.67
2.667794 42.22
2.736681 42.22
2.805681 41.67
2.874659 41.67
2.948685 41.67
3.022685 41.67
3.096684 41.67
3.155797 41.67
3.224679 41.67
3.288661 41.67
3.352662 41.67
3.416663 41.67
3.480663 41.67
3.544663 41.67
3.608663 41.67
3.672667 41.67
3.736665 41.67
3.800665 41.67
3.864690 41.67
3.923804 41.67
3.987695 41.67
4.051667 41.67
4.115667 41.67
4.179668 41.67
4.243668 41.67
4.307692 41.67
4.371695 41.67
4.435672 41.67
4.499670 41.67
4.563671 41.67
4.627671 41.67
4.691672 41.67
4.755672 41.67
4.819673 41.67
4.883676 41.67
4.947701 41.67
5.011674 41.67
5.075676 41.67
5.139816 41.67
5.203677 41.67
5.262678 41.67
5.326816 41.67
5.390678 41.67
5.454678 41.67
5.518679 41.67
5.582680 41.67
5.646682 41.67
5.705706 41.67
5.769681 41.67
5.833682 41.67
5.897709 41.67
5.961699 41.67
6.020698 41.67
6.084683 41.67
6.143557 41.67
6.202197 41.67
6.266200 41.67
6.330200 41.67
6.394310 41.67
6.453199 41.67
6.512185 41.67
6.576311 41.67
6.635201 41.67
6.699201 41.67
6.757952 41.67
6.811563 41.67
6.870314 41.67
6.929203 41.67
6.993207 41.67
7.057206 41.67
7.126565 41.67
7.177191 41.67
7.237191 41.67
7.311693 41.67
7.375695 41.67
7.434693 41.67
7.493568 41.67
7.544194 41.67
7.608194 41.67
7.664194 41.67
7.724196 41.67
7.798446 41.67
7.872700 41.67
7.931698 41.67
7.990573 41.67
8.059725 41.67
8.128723 41.67
8.192574 41.67
8.261575 41.67
8.335575 41.67
8.404451 41.67
8.459451 41.67
8.514452 41.67
8.569452 41.67
8.638453 41.67
8.693453 41.67
8.748454 41.67
8.803328 41.67
8.875079 41.67
8.945329 41.67
9.005330 41.67
9.063705 41.67
9.137457 41.67
9.195831 41.67
9.255960 41.67
9.319458 41.67
9.374333 41.67
9.437834 41.67
9.497960 41.67
9.552460 41.67
9.601835 41.67
9.661961 41.67
9.716962 41.67
9.771461 41.67
9.820837 41.67
9.880963 41.67
9.926462 41.67
9.975837 41.67
10.035964 41.67
10.081463 41.67
10.130839 41.67
10.194339 41.67
10.247596 41.67
10.321340 41.67
10.374595 41.67
10.448341 41.67
10.501595 41.67
10.575342 41.67
10.628595 41.67
10.702343 41.67
10.755595 41.67
10.829344 41.67
10.882596 41.67
10.956346 41.67
11.009597 41.67
11.083346 41.67
11.136598 41.67
11.210347 41.67
11.263599 41.67
11.337348 41.67
11.390601 41.67
11.464349 41.67
11.519349 41.67
11.574225 41.67
11.634225 41.67
11.694226 41.67
11.754227 41.67
11.814227 41.67
11.874227 41.67
11.934228 41.67
11.994229 41.67
12.054228 41.67
12.107480 41.67
12.177856 41.67
12.241355 41.67
12.296231 41.67
12.349481 41.67
12.419858 41.67
12.474357 41.67
12.532733 41.67
12.592860 41.67
12.647860 41.67
12.693359 41.67
12.742735 41.67
12.802861 41.67
12.848360 41.67
12.897736 41.67
12.957863 41.67
13.003363 41.67
13.062988 41.67
13.126488 41.67
13.200239 41.67
13.253488 41.67
13.327239 41.67
13.380490 41.67
13.454241 41.67
13.507491 41.67
13.581241 41.67
13.634491 41.67
13.708242 41.67
13.761493 41.67
13.835244 41.67
13.888494 41.67
13.962244 41.67
14.015495 41.67
14.089246 41.67
14.144246 41.67
14.197496 41.67
14.271248 41.67
14.326247 41.67
14.381248 41.67
14.434498 41.67
14.508249 41.67
14.563124 41.67
14.623125 41.67
14.683126 41.67
14.743126 41.67
14.803126 41.67
14.863127 41.67
14.923127 41.67
14.976377 41.67
15.046754 41.67
15.101253 41.67
15.156129 41.67
15.209379 41.67
15.279756 41.67
15.334255 41.67
15.384881 41.67
15.448381 41.67
15.518758 41.67
15.573257 41.67
15.623883 41.67
15.687383 41.67
15.761134 41.67
15.814384 41.67
15.888136 41.67
15.941385 41.67
16.015136 41.67
16.068386 41.67
16.142138 41.67
16.195387 41.67
16.269138 41.67
16.322389 41.67
16.396139 41.67
16.449389 41.67
16.523140 41.67
16.576390 41.67
16.650142 41.67
16.703391 41.67
16.777158 41.67
16.851393 41.67
16.925268 41.67
16.994270 41.67
17.063395 41.67
17.137396 41.67
17.206271 41.67
17.275272 41.67
17.344273 41.67
17.413273 41.67
17.482274 41.67
17.537399 41.67
17.592274 41.67
17.656275 41.67
17.711275 41.67
17.766276 41.67
17.821276 41.67
17.890277 41.67
17.950670 41.67
18.014803 41.67
18.076679 41.67
18.140655 41.67
18.206154 41.67
18.266658 41.67
18.328658 41.67
18.392657 41.67
18.458156 41.67
18.527407 41.67
18.591172 41.67
18.655158 41.67
18.719158 41.67
18.783159 41.67
18.847160 41.67
18.911160 41.67
18.975285 41.67
19.044411 41.67
19.108412 41.67
19.167162 41.67
19.231163 41.67
19.300177 41.67
19.369178 41.67
19.443289 41.67
19.507165 41.67
19.576041 41.67
19.629291 41.67
19.703041 41.67
19.756292 41.67
19.830042 41.67
19.883292 41.67
19.957043 41.67
20.010293 41.67
20.084044 41.67
20.138919 41.67
20.197294 41.67
20.271045 41.67
20.325920 41.67
20.385921 41.67
20.445921 41.67
20.505922 41.67
20.565922 41.67
20.629423 41.67
20.687799 41.67
20.747924 41.67
20.801174 41.67
20.871551 41.67
20.926551 41.67
20.981552 41.67
21.040052 41.67
21.089426 41.67
21.149553 41.67
21.208052 41.67
21.258679 41.67
21.322178 41.67
21.392555 41.67
21.438055 41.67
21.488681 41.67
21.552180 41.67
21.625931 41.67
21.679181 41.67
21.752932 41.67
21.806182 41.67
21.879933 41.67
21.933184 41.67
22.006934 41.67
22.060184 41.67
22.133935 41.67
22.187185 41.67
22.260936 41.11
22.319436 41.67
22.382937 41.67
22.436187 41.67
22.509939 41.67
22.563188 41.67
22.636939 41.67
22.690189 41.11
22.763941 41.67
22.817190 41.11
22.890941 41.67
22.949441 41.11
22.999192 41.67
23.072942 41.67
23.131443 41.67
23.182819 41.11
23.242820 41.11
23.297820 41.67
23.357821 41.67
23.411070 41.67
23.476196 41.67
23.549946 41.67
23.604822 41.67
23.658072 41.11
23.726699 41.67
23.785074 41.67
23.855450 41.11
23.910451 41.11
23.955950 41.67
24.014325 41.11
24.077826 41.11
24.131076 41.11
24.205094 41.11
24.276855 41.11
24.330095 41.67
24.407458 41.11
24.490093 41.11
24.558955 41.11
24.609586 41.11
24.673080 41.11
24.746832 41.11
24.813457 41.11
24.895860 41.11
24.950458 41.11
25.029592 41.11
25.088101 41.11
25.160460 41.11
25.224102 41.11
25.293100 41.11
25.357100 41.11
25.421102 41.11
25.485103 41.11
25.557463 41.11
25.621464 41.11
25.685464 41.11
25.754465 41.11
25.818465 41.11
25.888743 41.11
25.947466 41.11
26.033467 41.11
26.097467 41.11
26.164869 41.11
26.217351 41.11
26.263109 41.11
26.326871 41.11
26.377471 41.11
26.436220 41.11
26.489872 41.11
26.553863 41.11
26.606353 41.11
26.652112 41.11
26.717354 41.11
26.763114 41.11
26.826750 41.11
26.880223 41.11
26.933866 41.11
27.007752 41.11
27.081752 41.11
27.135226 41.11
27.189118 41.11
27.252752 41.11
27.312751 41.11
27.366227 41.11
27.420120 41.11
27.483871 41.11
27.557753 41.11
27.611229 41.11
27.665119 41.11
27.733757 41.11
27.787231 41.11
27.840872 41.11
27.904482 41.11
27.973233 41.11
28.026872 41.11
28.100874 41.11
28.174761 41.11
28.228235 41.11
28.290235 41.11
28.345761 41.11
28.399237 41.11
28.469763 41.11
28.526128 41.11
28.594764 41.11
28.648238 41.11
28.698238 41.11
28.753489 41.11
28.818615 41.11
28.872240 41.11
28.922240 41.11
28.990880 41.11
29.054883 41.11
29.120244 41.11
29.165884 41.11
29.229770 41.11
29.279243 41.11
29.347885 41.11
29.418245 41.11
29.472760 41.11
29.523369 41.11
29.592121 41.11
29.655771 41.11
29.724622 41.11
29.777888 41.11
29.851623 41.11
29.925624 41.11
29.978873 41.11
30.052624 41.11
30.105874 41.11
30.179627 41.11
30.232875 41.11
30.306628 41.11
30.359876 41.11
30.433630 41.11
30.486878 41.11
30.560631 41.11
30.624253 41.11
30.692879 41.11
30.766631 41.11
30.819880 41.11
30.893631 41.11
30.946881 41.11
31.020632 41.11
31.073882 41.11
31.147633 41.11
31.200883 41.11
31.274637 41.11
31.339884 41.11
31.413636 41.11
31.468510 41.11
31.528509 41.11
31.588511 41.11
31.648512 41.11
31.708512 41.11
31.768512 41.11
31.828512 41.11
31.888514 41.11
31.941764 41.11
32.012141 41.11
32.067142 41.11
32.121644 41.11
32.192142 41.11
32.247143 41.11
32.292643 41.11
32.342017 41.11
32.402144 41.11
32.456644 41.11
32.507268 41.11
32.570769 41.11
32.641146 41.11
32.686645 41.11
32.737270 41.11
32.800771 41.11
32.874521 41.11
32.927772 41.11
33.001522 41.11
33.054772 41.11
33.128523 41.11
33.181774 41.11
33.255524 41.11
33.308775 41.11
33.382525 41.11
33.435776 41.11
33.504527 41.11
33.557777 41.11
33.631527 41.11
33.684778 41.11
33.758528 41.11
33.811779 41.11
33.885529 41.11
33.938780 41.11
34.012530 41.11
34.065781 41.11
34.134532 41.11
34.189406 41.11
34.249407 41.11
34.313033 41.11
34.362783 41.11
34.436533 41.11
34.494910 41.11
34.563535 41.11
34.618410 41.11
34.681911 41.11
34.750536 41.11
34.808912 41.11
34.869039 41.11
34.923537 41.11
34.978412 41.11
35.031666 41.11
35.102041 41.11
35.157041 41.11
35.212041 41.11
35.257540 41.11
35.308166 41.11
35.371668 41.11
35.445416 41.11
35.498669 41.11
35.572417 41.11
35.625670 41.11
35.699419 41.11
35.752671 41.11
35.826420 41.11
35.879670 41.11
35.953421 41.11
36.006672 41.11
36.080421 41.11
36.133673 41.11
36.207423 41.11
36.260675 41.11
36.334424 41.11
36.387676 41.11
36.461425 41.11
36.514676 41.11
36.588426 41.11
36.641678 41.11
36.715426 41.11
36.768678 41.11
36.842428 41.11
36.895680 41.11
36.969429 41.11
37.024304 41.11
37.082681 41.11
37.156430 41.11
37.211306 41.11
37.271307 41.11
37.331307 41.11
37.391308 41.11
37.451308 41.11
37.511308 41.11
37.571309 41.11
37.624559 41.11
37.694936 41.11
37.749936 41.11
37.804937 41.11
37.859937 41.11
37.914938 41.11
37.969437 41.11
38.027812 41.11
38.091313 41.11
38.144563 41.11
38.214941 41.11
38.260439 41.11
38.309815 41.11
38.373315 41.11
38.426566 41.11
38.500316 41.11
38.553567 41.11
38.627317 41.11
38.680568 41.11
38.754319 41.11
38.807568 41.11
38.881320 41.11
38.934569 41.11
39.008320 41.11
39.061570 41.11
39.135321 41.11
39.188572 41.11
39.262323 41.11
39.315572 41.11
39.389323 41.11
39.442574 41.11
39.516324 41.11
39.571325 41.11
39.624575 41.11
39.698325 41.11
39.753202 41.11
39.813202 41.11
39.873202 41.11
39.933203 41.11
39.993203 41.11
40.053204 41.11
40.113205 41.11
40.173205 41.11
40.226455 41.11
40.295081 41.11
40.353456 41.11
40.418587 41.11
40.483834 41.11
40.538332 41.11
40.596708 41.11
40.656835 41.11
40.702334 41.11
40.752959 41.11
40.816460 41.11
40.886837 41.11
40.932336 41.11
40.990712 41.11
41.054212 41.11
41.107462 41.11
41.181213 41.11
41.234463 41.11
41.308214 41.11
41.361464 41.11
41.435215 41.11
41.488465 41.11
41.562216 41.11
41.615466 41.11
41.689216 41.11
41.742467 41.11
41.816217 41.11
41.869468 41.11
41.943219 41.11
41.996470 41.11
42.070220 41.11
42.123470 41.11
42.197221 41.11
42.252222 41.11
42.305471 41.11
42.379222 41.11
42.432472 41.11
42.506224 41.11
42.559474 41.11
42.633225 41.11
42.688100 41.11
42.746475 41.11
42.820226 41.11
42.875101 41.11
42.935102 41.11
42.995103 41.11
43.048352 41.11
43.118729 41.11
43.182229 41.11
43.231605 41.11
43.291731 41.11
43.346732 41.11
43.401731 41.11
43.456732 41.11
43.511231 41.11
43.560607 41.11
43.620733 41.11
43.666232 41.11
43.724609 41.11
43.784734 41.11
43.835359 41.11
43.905736 41.11
43.951235 41.11
44.001861 41.11
44.065361 41.11
44.139112 41.11
44.192362 41.11
44.266112 41.11
44.319363 41.11
44.393113 41.11
44.446364 41.11
44.520115 41.11
44.573365 41.11
44.647116 41.11
44.700366 41.11
44.774117 41.11
44.829117 41.11
44.882367 41.11
44.956118 41.11
45.009369 41.11
45.083119 41.11
45.136370 41.11
45.210120 41.11
45.265121 41.11
45.320121 41.11
45.373372 41.11
45.447122 41.11
45.501998 41.11
45.561998 41.11
45.621998 41.11
45.682000 41.11
45.742000 41.11
45.805499 41.11
45.865626 41.11
45.929126 41.11
45.987501 41.11
46.056127 41.11
46.114502 41.11
46.174630 41.11
46.220128 41.11
46.269504 41.11
46.333004 41.11
46.386255 41.11
46.456632 41.11
46.502130 41.11
46.551505 41.11
46.611634 41.11
46.657132 41.11
46.706507 41.11
46.766635 41.11
46.812133 41.11
46.862759 41.11
46.926259 41.11
47.000010 41.11
47.053260 41.11
47.127011 41.11
47.180261 41.11
47.249011 41.11
47.302262 41.11
47.376012 41.11
47.429263 41.11
47.503014 41.11
47.556264 41.11
47.630015 41.11
47.683265 41.11
47.757015 41.11
47.810265 41.11
47.879016 41.11
47.932267 41.11
48.006018 41.11
48.059268 41.11
48.133019 41.11
48.187893 41.11
48.246269 41.11
48.315405 41.11
48.365826 41.11
48.426916 41.11
48.496398 41.11
48.555274 41.11
48.619274 41.67
48.683274 41.67
48.742275 41.67
48.801169 41.67
48.861555 41.67
48.931829 41.67
48.991176 41.67
49.050154 41.67
49.114171 41.67
49.173159 41.67
49.237532 41.67
49.296530 41.67
49.355530 41.67
49.419530 41.67
49.484166 41.67
49.554286 41.67
49.608159 41.67
49.672177 41.67
49.731158 41.67
49.790287 41.67
49.849178 41.67
49.908160 41.67
49.972176 42.22
50.036285 42.22
50.090289 42.22
50.149288 42.22
50.208287 42.22
50.267287 42.22
50.326180 42.22
50.392416 42.22
50.456540 42.22
50.515539 42.22
50.579695 42.22
50.638710 42.22
50.699168 42.22
50.758167 42.22
50.822292 42.22
50.881292 42.22
50.940185 42.22
51.004325 42.22
51.063185 42.22
51.118184 42.22
51.173184 42.22
51.237732 42.22
51.302551 42.22
51.372065 42.22
51.436064 42.22
51.499938 42.22
51.559728 42.22
51.625838 42.22
51.678459 42.22
51.724175 42.22
51.782942 42.22
51.838073 42.22
51.902067 42.22
51.966069 42.22
52.035075 42.78
52.109315 42.78
52.174308 42.78
52.244072 42.78
52.308072 42.78
52.381822 42.78
52.441199 42.78
52.500072 42.78
52.563948 42.78
52.632946 42.78
52.702307 42.78
52.756563 42.78
52.810434 42.78
52.880205 42.78
52.941082 42.78
53.011081 42.78
53.082827 42.78
53.141310 42.78
53.200576 42.78
53.265108 42.78
53.325980 42.78
53.390438 42.78
53.459079 42.78
53.523080 42.78
53.592082 42.78
53.656314 43.33
53.710193 43.33
53.764114 43.33
53.818096 42.78
53.877446 42.78
53.941320 43.33
54.007106 43.33
54.061085 43.33
54.119818 43.33
54.189083 43.33
54.248085 43.33
54.313321 43.33
54.376819 43.33
54.447349 43.33
54.492821 43.33
54.547699 43.33
54.600946 43.33
54.666324 43.33
54.720822 43.33
54.771447 43.33
54.834949 43.33
54.905325 43.33
54.950850 43.33
55.001451 43.33
55.064951 43.33
55.135327 43.33
55.180826 43.33
55.231450 43.33
55.294953 43.33
55.368851 43.33
55.419452 43.33
55.482954 43.33
55.556703 43.33
55.609954 43.33
55.673705 43.33
55.738705 43.33
55.797457 43.33
55.850972 43.33
55.919839 43.33
55.983333 43.33
56.057210 43.33
56.120963 43.33
56.194864 43.33
56.269000 43.33
56.337711 43.33
56.391104 43.33
56.459711 43.33
56.533852 43.33
56.607713 43.33
56.676713 43.33
56.735340 43.33
56.799341 43.33
56.864095 43.33
56.917726 43.33
56.978247 43.33
57.031746 43.33
57.088219 43.33
57.151717 43.33
57.208244 43.33
57.254134 43.33
57.308748 43.33
57.361267 43.33
57.414844 43.33
57.488720 43.33
57.547220 43.33
57.618248 43.33
57.663846 43.33
57.737600 43.33
57.793600 43.33
57.857723 43.33
57.913608 43.33
57.969608 43.33
58.025613 43.33
58.090608 43.33
58.146601 43.33
58.199849 43.33
58.273741 43.33
58.324351 43.33
58.388003 43.33
58.441992 43.33
58.500743 43.33
58.574635 43.33
58.643635 43.33
58.697104 43.33
58.750753 43.33
58.814757 43.33
58.888639 43.33
58.952998 43.33
59.006761 43.33
59.065750 43.33
59.134873 43.33
59.192279 43.33
59.246364 43.33
59.306771 42.78
59.368285 42.78
59.427239 42.78
59.496238 42.78
59.565112 42.78
59.615111 42.78
59.665112 42.78
59.721017 42.78
59.775239 42.78
59.838739 42.78
59.909145 42.78
59.962757 42.78
60.031644 42.78
60.091645 42.78
60.160617 42.78
60.213147 42.78
60.258617 42.78
60.309242 42.78
60.373009 42.78
60.436764 42.78
60.495763 42.78
60.559647 42.78
60.628651 42.78
60.687764 42.78
60.756495 42.78
60.821256 42.78
60.890126 42.78
60.955499 42.78
61.024652 42.78
61.093655 42.78
61.157795 42.78
61.218128 42.78
61.276753 42.78
61.350649 42.78
61.419501 42.78
61.488501 42.78
61.552886 42.78
61.607133 42.78
61.671131 42.78
61.735130 42.78
61.799145 42.78
61.863130 42.78
61.922394 42.78
61.981678 42.78
62.046135 42.78
62.115134 42.78
62.179025 42.78
62.244664 42.78
62.303897 42.78
62.360060 42.78
62.418759 42.78
62.482665 42.78
62.546666 42.78
62.610510 42.78
62.669792 42.78
62.723512 42.78
62.787665 42.78
62.851639 42.78
62.910513 42.78
62.974668 42.78
63.033640 42.78
63.097670 42.78
63.158016 42.78
63.203515 42.78
63.263516 42.78
63.327642 42.78
63.386686 42.78
63.441518 42.78
63.492143 42.78
63.547144 42.78
63.611035 42.78
63.675035 42.78
63.738920 42.78
63.803039 42.78
63.867036 42.78
63.931040 42.78
63.996772 42.78
64.055522 42.78
64.119522 42.78
64.179147 42.78
64.238040 42.78
64.302024 42.78
64.366025 42.78
64.430150 42.78
64.489026 42.78
64.559401 42.78
64.618044 42.78
64.677045 42.78
64.751528 42.78
64.810528 42.78
64.869529 42.78
64.928530 42.78
64.992530 42.78
65.056531 42.78
65.115531 42.78
65.174407 42.78
65.233532 42.78
65.297532 42.78
65.356409 42.78
65.420409 42.78
65.473784 42.78
65.537409 42.78
65.596411 42.78
65.645800 42.78
65.699536 42.78
65.758411 42.78
65.822411 42.78
65.871804 42.78
65.925542 42.78
65.989540 42.78
66.049914 42.78
66.095539 42.78
66.150539 42.78
66.214414 42.78
66.270296 42.78
66.331172 42.78
66.382166 42.78
66.433056 42.78
66.493166 42.78
66.544055 42.78
66.607808 42.78
66.666713 42.78
66.730420 42.78
66.794545 42.78
66.858544 42.78
66.928064 42.78
67.007546 42.78
67.072554 42.78
67.126551 42.78
67.185549 42.78
67.254298 42.22
67.328425 42.78
67.392551 42.22
67.451425 42.78
67.516676 42.78
67.575300 42.78
67.628551 42.78
67.692302 42.78
67.745808 42.78
67.811431 42.78
67.885304 42.78
67.945832 42.22
68.004554 42.22
68.059808 42.22
68.124084 42.22
68.182555 42.78
68.246306 42.78
68.299807 42.22
68.361808 42.22
68.420308 42.22
68.490837 42.22
68.544558 42.22
68.608309 42.22
68.678810 42.22
68.733811 42.22
68.788310 42.22
68.862311 42.22
68.936437 42.22
69.010188 42.22
69.084187 42.22
69.142688 42.22
69.206316 42.22
69.256939 42.22
69.320440 42.78
69.394190 42.22
69.468316 42.78
69.542191 42.22
69.607093 42.22
69.671571 42.22
69.725444 42.22
69.794318 42.22
69.868194 42.22
69.939329 42.22
70.003950 42.22
70.069698 42.22
70.128447 42.22
70.192197 42.22
70.266447 42.22
70.327830 42.22
70.386970 42.22
70.440449 42.22
70.509325 42.22
70.578325 42.22
70.652326 42.22
70.726326 42.22
70.800326 42.22
70.865730 42.22
70.924327 42.22
70.984734 42.22
71.053613 42.22
71.108975 42.22
71.164221 42.22
71.234737 42.22
71.298331 42.22
71.363738 42.22
71.422471 42.22
71.481334 42.22
71.541738 42.22
71.600333 42.22
71.655333 42.22
71.710334 42.22
71.765334 42.22
71.820460 42.22
71.879211 42.22
71.939732 42.22
71.994589 42.22
72.049743 42.22
72.118590 42.22
72.164213 42.22
72.233213 42.22
72.302841 42.22
72.356464 42.22
72.415339 42.22
72.479340 42.22
72.548744 42.22
72.612469 42.22
72.676217 42.22
72.745342 42.22
72.819343 42.22
72.883218 42.22
72.952344 42.22
73.021900 42.22
73.077094 42.22
73.135750 42.22
73.204471 42.22
73.273221 42.22
73.342493 42.22
73.401600 42.22
73.472473 42.22
73.541349 42.22
73.615224 42.22
73.673864 42.22
73.733993 42.22
73.789116 42.22
73.844101 42.22
73.896632 42.22
73.957102 42.22
74.026227 42.22
74.090485 42.22
74.150607 42.22
74.205607 42.22
74.260607 42.22
74.315105 42.22
74.365731 42.22
74.429356 42.22
74.489637 42.22
74.548481 42.22
74.603482 42.22
74.658640 42.22
74.729233 42.22
74.784359 42.22
74.843234 42.22
74.907234 42.22
74.971360 42.22
75.035236 42.22
75.099236 42.22
75.168755 42.22
75.222362 42.22
75.281112 42.22
75.350363 42.22
75.414643 42.22
75.478489 42.22
75.548114 42.22
75.612240 42.22
75.676646 42.22
75.735366 42.22
75.799367 42.22
75.858249 42.22
75.922244 42.22
75.990993 42.22
76.055120 42.22
76.124383 42.22
76.178917 42.22
76.244669 42.22
76.311016 42.22
76.369779 42.22
76.438997 42.22
76.494015 42.22
76.563248 42.22
76.627248 42.22
76.685777 42.22
76.744499 42.22
76.803763 42.22
76.865140 42.22
76.929669 42.22
76.999126 42.22
77.063660 42.22
77.122128 42.22
77.186137 42.22
77.252261 42.22
77.306508 42.22
77.375510 42.22
77.436258 42.22
77.495130 42.22
77.559258 42.22
77.623256 42.22
77.683536 42.22
77.747507 42.22
77.808153 42.22
77.878013 42.22
77.937263 42.22
77.996150 42.22
78.060385 42.22
78.119277 42.22
78.178260 42.22
78.242264 42.22
78.305886 42.22
78.369512 42.22
78.438513 42.22
78.502666 42.22
78.566668 42.22
78.625669 42.22
78.679140 42.22
78.742907 42.22
78.796141 42.22
78.859891 42.22
78.924161 42.22
78.988267 42.22
79.046892 42.22
79.105671 42.22
79.164673 42.22
79.228645 42.22
79.292529 42.22
79.362772 42.22
79.417771 42.22
79.476647 42.2