0.000000 0.000000
0.052505 59.00
0.108899 59.00
0.164625 59.00
0.218877 59.00
0.288385 59.00
0.360872 59.00
0.444017 59.00
0.497494 59.00
0.551146 59.00
0.621620 59.00
0.680386 59.00
0.753630 59.00
0.804068 59.00
0.869044 59.00
0.939400 59.00
1.005504 59.00
1.055502 59.00
1.105391 59.00
1.170624 59.00
1.216124 59.00
1.266749 59.00
1.330250 59.00
1.389639 59.00
1.454511 59.00
1.508897 59.00
1.573397 59.00
1.647884 59.00
1.702912 59.00
1.766917 60.00
1.821914 60.00
1.876913 59.00
1.940911 59.00
1.991914 59.00
2.055898 59.00
2.130273 59.00
2.194271 59.00
2.263397 59.00
2.327273 59.00
2.396397 59.00
2.455149 59.00
2.520385 59.00
2.579148 59.00
2.644385 59.00
2.703035 59.00
2.758262 59.00
2.818386 59.00
2.877037 59.00
2.942387 59.00
3.001039 59.00
3.071513 59.00
3.125154 59.00
3.194038 59.00
3.259514 59.00
3.313153 59.00
3.383515 59.00
3.442157 59.00
3.512516 59.00
3.562156 59.00
3.635893 59.00
3.690643 59.00
3.754159 59.00
3.827895 59.00
3.901895 59.00
3.956644 59.00
4.020159 59.00
4.094046 59.00
4.163047 59.00
4.236898 59.00
4.287772 59.00
4.346522 59.00
4.392414 59.00
4.451049 59.00
4.525049 59.00
4.589166 59.00
4.662901 59.00
4.736902 59.00
4.801167 59.00
4.875175 59.00
4.949177 59.00
5.013176 59.00
5.087052 59.00
5.160905 59.00
5.226419 59.00
5.285055 59.00
5.359055 59.00
5.424420 59.00
5.483055 59.00
5.557055 59.00
5.625781 59.00
5.689533 59.00
5.753174 59.00
5.817059 59.00
5.891060 59.00
5.965061 59.00
6.030424 59.00
6.085050 59.00
6.150162 59.00
6.223912 59.00
6.278790 59.00
6.338788 59.00
6.392038 59.00
6.462414 59.00
6.525914 59.00
6.575289 59.00
6.635414 59.00
6.690414 59.00
6.745415 59.00
6.800415 59.00
6.855415 59.00
6.900916 59.00
6.959292 59.00
7.022791 59.00
7.076042 59.00
7.149792 59.00
7.203042 59.00
7.273419 59.00
7.318920 59.00
7.369543 59.00
7.433044 59.00
7.506795 59.00
7.560046 59.00
7.633797 59.00
7.708047 59.00
7.781923 59.00
7.855924 59.00
7.930049 59.00
8.004049 59.00
8.078050 59.00
8.151927 59.00
8.225927 59.00
8.300067 59.00
8.373928 59.00
8.443069 59.00
8.511929 59.00
8.586069 59.00
8.660069 59.00
8.734074 59.00
8.807931 59.00
8.881932 59.00
8.956072 59.00
9.011083 59.00
9.079808 59.00
9.143935 59.00
9.199075 59.00
9.257809 59.00
9.323451 59.00
9.382076 59.00
9.445936 59.00
9.509811 59.00
9.575436 59.00
9.633938 59.00
9.702938 59.00
9.757938 59.00
9.812939 59.00
9.867940 59.00
9.936955 59.00
10.000814 59.00
10.064968 59.00
10.128815 59.00
10.197943 59.00
10.252943 59.00
10.322093 59.00
10.385943 59.00
10.449817 59.00
10.513818 59.00
10.577818 59.00
10.646819 59.00
10.715820 59.00
10.784971 59.00
10.848821 59.00
10.912821 59.00
10.981821 59.00
11.050822 59.00
11.114949 59.00
11.178949 59.00
11.244824 59.00
11.308824 59.00
11.377824 59.00
11.446825 59.00
11.515825 59.00
11.584826 59.00
11.648827 59.00
11.717827 59.00
11.786702 59.00
11.855828 59.00
11.924954 59.00
11.983829 59.00
12.047830 59.00
12.111956 59.00
12.170830 59.00
12.234831 59.00
12.298831 59.00
12.362832 59.00
12.426833 59.00
12.490833 59.00
12.549833 59.00
12.613833 59.00
12.677834 59.00
12.741834 59.00
12.805835 59.00
12.864836 59.00
12.928836 59.00
12.992836 59.00
13.056837 59.00
13.120837 59.00
13.179838 59.00
13.243839 59.00
13.307839 59.00
13.371839 59.00
13.435981 59.00
13.494980 59.00
13.553840 59.00
13.617983 59.00
13.671841 59.00
13.735842 59.00
13.804843 59.00
13.868843 59.00
13.932843 59.00
13.991843 59.00
14.055844 59.00
14.119845 59.00
14.183846 59.00
14.247846 59.00
14.306847 59.00
14.370846 59.00
14.434847 59.00
14.498848 59.00
14.562848 59.00
14.621849 59.00
14.685849 59.00
14.749850 59.00
14.810124 59.00
14.855725 59.00
14.929725 59.00
14.998726 59.00
15.059129 59.00
15.104602 59.00
15.155243 59.00
15.224369 59.00
15.293242 59.00
15.351728 59.00
15.420729 59.00
15.489480 59.00
15.542730 59.00
15.611730 59.00
15.680731 59.00
15.749732 59.00
15.818482 59.00
15.871733 59.00
15.940733 59.00
16.009734 59.00
16.078734 59.00
16.147485 59.00
16.200735 59.00
16.269735 59.00
16.338736 59.00
16.407736 59.00
16.476737 59.00
16.545486 59.00
16.598739 59.00
16.672488 59.00
16.725737 59.00
16.799488 59.00
16.867867 59.00
16.926741 59.00
16.990741 59.00
17.059741 59.00
17.123742 59.00
17.187742 59.00
17.262017 59.00
17.320743 59.00
17.398385 59.00
17.462386 59.00
17.526386 59.00
17.590387 59.00
17.657496 59.00
17.710022 59.00
17.755746 59.00
17.821024 59.00
17.866747 59.00
17.932022 59.00
17.977748 59.00
18.043023 59.00
18.106749 59.00
18.170500 59.00
18.223023 59.00
18.268750 59.00
18.334027 59.00
18.397752 59.00
18.466392 59.00
18.519878 59.00
18.573502 59.00
18.647392 59.00
18.707393 59.00
18.766267 59.00
18.829914 59.00
18.883504 59.00
18.957396 59.00
19.022506 59.00
19.086148 59.00
19.149884 59.00
19.203633 59.00
19.267508 59.00
19.331508 59.00
19.396759 59.00
19.465384 59.00
19.518914 59.00
19.577385 59.00
19.630887 59.00
19.689761 59.00
19.758511 59.00
19.832386 59.00
19.896387 59.00
19.951520 59.00
20.001520 59.00
20.055153 59.00
20.125520 59.00
20.175521 59.00
20.225521 59.00
20.275521 59.00
20.325522 59.00
20.379158 59.00
20.437516 59.00
20.507892 59.00
20.561517 59.00
20.635393 59.00
20.687894 59.00
20.733644 59.00
20.798895 59.00
20.848519 59.00
20.913895 59.00
20.959520 59.00
21.024896 59.00
21.070520 59.00
21.144396 59.00
21.200412 59.00
21.256412 59.00
21.312414 59.00
21.368415 59.00
21.442399 59.00
21.506399 59.00
21.562414 59.00
21.627400 59.00
21.696526 59.00
21.760415 59.00
21.829027 59.00
21.892526 59.00
21.966277 59.00
22.019527 59.00
22.093279 59.00
22.146528 59.00
22.220279 59.00
22.273529 59.00
22.347405 59.00
22.416030 59.00
22.479530 59.00
22.553281 59.00
22.606531 59.00
22.680282 59.00
22.735283 59.00
22.790283 59.00
22.845158 59.00
22.905159 59.00
22.965159 59.00
23.025159 59.00
23.085160 59.00
23.145160 59.00
23.205161 59.00
23.265162 59.00
23.325162 59.00
23.385162 59.00
23.445163 59.00
23.498413 59.00
23.568788 59.00
23.623789 59.00
23.669289 59.00
23.718664 59.00
23.778790 59.00
23.837165 59.00
23.890416 59.00
23.960791 59.00
24.006292 59.00
24.056918 59.00
24.115418 59.00
24.189168 59.00
24.242419 59.00
24.311170 59.00
24.364419 59.00
24.438170 59.00
24.491421 59.00
24.565171 59.00
24.618422 59.00
24.692171 59.00
24.745422 59.00
24.819173 59.00
24.872422 59.00
24.941174 59.00
24.994424 59.00
25.068174 59.00
25.121425 59.00
25.195175 59.00
25.248426 59.00
25.322176 59.00
25.375427 59.00
25.449177 59.00
25.502427 59.00
25.571179 59.00
25.626178 59.00
25.681054 59.00
25.741054 59.00
25.799430 59.00
25.873180 59.00
25.928056 59.00
25.988056 59.00
26.048057 59.00
26.108057 59.00
26.161308 59.00
26.226433 59.00
26.291683 59.00
26.346684 59.00
26.401685 59.00
26.456184 59.00
26.506811 59.00
26.570310 59.00
26.640686 59.00
26.695687 59.00
26.750187 59.00
26.800812 59.00
26.864313 59.00
26.934688 59.00
26.989189 59.00
27.039815 59.00
27.103315 59.00
27.177065 59.00
27.230317 59.00
27.304066 59.00
27.357317 59.00
27.431067 59.00
27.484318 59.00
27.558068 59.00
27.611318 59.00
27.685068 59.00
27.738319 59.00
27.812070 59.00
27.865320 59.00
27.939071 59.00
27.992321 59.00
28.066071 59.00
28.119322 59.00
28.193073 59.00
28.246323 59.00
28.320073 59.00
28.373325 59.00
28.447074 59.00
28.501951 59.00
28.560325 59.00
28.634076 59.00
28.688953 59.00
28.748953 59.00
28.808953 59.00
28.868953 59.00
28.928954 59.00
28.988954 59.00
29.048955 59.00
29.108954 59.00
29.172455 59.00
29.232580 59.00
29.287580 59.00
29.342580 59.00
29.397581 59.00
29.452582 59.00
29.498083 59.00
29.556457 59.00
29.616583 59.00
29.662083 59.00
29.712709 59.00
29.776209 59.00
29.849961 59.00
29.903211 59.00
29.973585 59.00
30.019086 59.00
30.069711 59.00
30.133213 59.00
30.206963 59.00
30.260213 59.00
30.333964 59.00
30.387214 59.00
30.460965 59.00
30.514214 59.00
30.587966 59.00
30.641216 59.00
30.714967 59.00
30.768217 59.00
30.841968 59.00
30.895218 59.00
30.968969 59.00
31.022219 59.00
31.095970 59.00
31.149220 59.00
31.222971 59.00
31.276221 59.00
31.349972 59.00
31.404846 59.00
31.464847 59.00
31.524847 59.00
31.584847 59.00
31.644848 60.00
31.704849 60.00
31.764849 59.00
31.818099 59.00
31.883225 59.00
31.948475 59.00
32.011979 59.00
32.062601 59.00
32.126102 59.00
32.196478 59.00
32.250978 59.00
32.300353 59.00
32.363854 59.00
32.417104 59.00
32.487479 59.00
32.532980 59.00
32.582355 59.00
32.645855 59.00
32.699106 59.00
32.769482 59.00
32.814982 59.00
32.865607 59.00
32.929107 59.00
33.002858 59.00
33.056135 59.00
33.129869 59.00
33.183110 59.00
33.256866 59.00
33.310111 59.00
33.383867 59.00
33.437112 59.00
33.510867 59.00
33.564112 59.00
33.637868 59.00
33.691114 59.00
33.764866 59.00
33.818114 59.00
33.891866 59.00
33.946868 59.00
34.000115 60.00
34.073872 60.00
34.127116 59.00
34.200871 59.00
34.255742 59.00
34.315743 59.00
34.375743 59.00
34.435743 59.00
34.495743 59.00
34.555744 59.00
34.608995 59.00
34.679370 59.00
34.742874 59.00
34.792246 59.00
34.860875 59.00
34.919247 59.00
34.979373 59.00
35.024874 59.00
35.074249 59.00
35.134374 59.00
35.179875 59.00
35.230500 59.00
35.294000 59.00
35.367751 59.00
35.421001 59.00
35.494751 60.00
35.548002 60.00
35.621752 59.00
35.675003 59.00
35.748753 59.00
35.802004 59.00
35.875754 59.00
35.929005 59.00
35.997755 59.00
36.051006 59.00
36.124756 59.00
36.178006 59.00
36.251756 59.00
36.305008 59.00
36.378757 59.00
36.432009 59.00
36.505759 59.00
36.560759 59.00
36.614010 59.00
36.687760 59.00
36.742760 59.00
36.797761 59.00
36.852762 59.00
36.907637 59.00
36.966012 59.00
37.039763 59.00
37.094638 59.00
37.154638 59.00
37.214639 59.00
37.278140 59.00
37.346765 59.00
37.405141 59.00
37.473766 59.00
37.532142 59.00
37.600766 59.00
37.655642 59.00
37.708894 59.00
37.779268 59.00
37.824769 59.00
37.874144 59.00
37.934270 59.00
37.979769 59.00
38.030396 59.00
38.093897 59.00
38.164271 59.00
38.209771 59.00
38.260397 59.00
38.323898 59.00
38.397648 59.00
38.450899 59.00
38.524649 59.00
38.577899 59.00
38.651649 59.00
38.704900 59.00
38.778650 59.00
38.831930 59.00
38.901528 59.00
38.970654 59.00
39.039931 59.00
39.114529 59.00
39.183529 59.00
39.252655 59.00
39.321932 59.00
39.386057 59.00
39.449934 59.00
39.513782 59.00
39.577783 60.00
39.641783 60.00
39.705784 59.00
39.769783 59.00
39.835659 59.00
39.904784 59.00
39.974051 59.00
40.038063 59.00
40.096786 59.00
40.166037 59.00
40.230037 59.00
40.283787 59.00
40.347938 59.00
40.406938 59.00
40.465788 60.00
40.529789 60.00
40.593789 59.00
40.657790 59.00
40.721791 59.00
40.780791 59.00
40.844791 59.00
40.908792 59.00
40.972943 59.00
41.031943 59.00
41.090794 59.00
41.154794 59.00
41.218794 59.00
41.277794 59.00
41.341795 59.00
41.405796 59.00
41.469797 59.00
41.533796 59.00
41.592797 59.00
41.656797 59.00
41.720798 59.00
41.784798 59.00
41.848799 59.00
41.907800 59.00
41.971800 59.00
42.035801 59.00
42.099801 59.00
42.163801 59.00
42.222802 59.00
42.286802 59.00
42.350803 59.00
42.414803 59.00
42.478803 59.00
42.537804 59.00
42.601804 59.00
42.665805 59.00
42.729806 59.00
42.793806 59.00
42.852807 59.00
42.916807 59.00
42.980807 59.00
43.044682 59.00
43.113683 59.00
43.177684 59.00
43.251685 59.00
43.320685 60.00
43.389560 60.00
43.440199 59.00
43.503811 59.00
43.564088 59.00
43.618563 59.00
43.669203 59.00
43.738329 59.00
43.807330 59.00
43.870940 59.00
43.924689 59.00
43.990089 59.00
44.059331 59.00
44.128331 59.00
44.192332 59.00
44.261333 59.00
44.330331 59.00
44.399209 59.00
44.468334 59.00
44.537335 59.00
44.595819 59.00
44.659445 59.00
44.723820 59.00
44.787696 59.00
44.861696 59.00
44.930696 59.00
44.999697 59.00
45.063447 59.00
45.116949 59.00
45.170573 59.00
45.239449 59.00
45.292949 59.00
45.346825 59.00
45.410575 59.00
45.479216 59.00
45.539468 59.00
45.594583 59.00
45.644583 59.00
45.698217 59.00
45.758469 59.00
45.822453 59.00
45.878970 59.00
45.924704 59.00
45.988455 59.00
46.038094 59.00
46.096830 59.00
46.150456 59.00
46.202983 59.00
46.252581 59.00
46.322958 59.00
46.372582 59.00
46.442959 59.00
46.492583 59.00
46.562959 59.00
46.608709 59.00
46.668960 60.00
46.714585 60.00
46.784977 59.00
46.830586 59.00
46.904461 59.00
46.973462 59.00
47.037463 59.00
47.097587 59.00
47.171589 59.00
47.240463 59.00
47.314464 59.00
47.378465 59.00
47.452465 59.00
47.526591 59.00
47.595466 59.00
47.664466 59.00
47.728592 59.00
47.802468 59.00
47.871468 59.00
47.940469 59.00
48.009594 59.00
48.074485 60.00
48.148471 60.00
48.217471 59.00
48.281471 59.00
48.355597 59.00
48.424473 59.00
48.488473 59.00
48.552474 59.00
48.616098 59.00
48.681224 59.00
48.741224 59.00
48.801225 59.00
48.861225 59.00
48.915258 59.00
48.976249 59.00
49.040605 59.00
49.095603 59.00
49.159478 59.00
49.229259 59.00
49.288609 59.00
49.343606 59.00
49.398606 59.00
49.457372 59.00
49.513735 59.00
49.563609 59.00
49.627607 59.00
49.682380 59.00
49.733125 59.00
49.784286 59.00
49.843735 59.00
49.902610 59.00
49.961376 59.00
50.035376 59.00
50.091739 59.00
50.156146 59.00
50.221277 59.00
50.290254 59.00
50.343612 59.00
50.405046 59.00
50.464617 59.00
50.534147 59.00
50.600381 59.00
50.664750 59.00
50.721046 59.00
50.780743 59.00
50.836492 59.00
50.895491 59.00
50.964496 59.00
51.023494 60.00
51.082494 60.00
51.143145 59.00
51.202493 59.00
51.261500 59.00
51.331033 59.00
51.395496 60.00
51.464875 60.00
51.529039 60.00
51.584392 60.00
51.643498 59.00
51.702387 59.00
51.766389 59.00
51.830628 59.00
51.884501 59.00
51.939500 59.00
52.004875 59.00
52.065392 59.00
52.129505 59.00
52.184503 59.00
52.243502 59.00
52.298395 60.00
52.367393 60.00
52.426756 59.00
52.472505 59.00
52.531504 59.00
52.586395 59.00
52.650394 59.00
52.714634 59.00
52.764757 59.00
52.810632 59.00
52.860395 59.00
52.924398 59.00
52.988512 59.00
53.058043 59.00
53.127508 59.00
53.186383 59.00
53.247274 59.00
53.312066 59.00
53.376637 59.00
53.436045 59.00
53.501080 59.00
53.561062 59.00
53.625900 59.00
53.690136 59.00
53.745262 59.00
53.814513 60.00
53.874082 59.00
53.935302 59.00
54.005147 59.00
54.069929 59.00
54.126265 60.00
54.185280 60.00
54.244283 60.00
54.308282 59.00
54.372283 59.00
54.431292 59.00
54.495397 59.00
54.555646 59.00
54.610307 59.00
54.679770 60.00
54.743787 60.00
54.797522 59.00
54.856283 59.00
54.921770 59.00
54.986050 59.00
55.036926 59.00
55.097272 59.00
55.161288 60.00
55.220289 60.00
55.284288 59.00
55.348524 59.00
55.407289 59.00
55.462293 59.00
55.526297 59.00
55.590926 59.00
55.660533 59.00
55.719417 59.00
55.774294 59.00
55.829292 59.00
55.893403 59.00
55.957422 59.00
56.031936 59.00
56.101934 59.00
56.157035 59.00
56.210290 59.00
56.274424 59.00
56.333281 59.00
56.392537 60.00
56.461782 60.00
56.522541 60.00
56.581158 60.00
56.650302 59.00
56.719783 59.00
56.783945 59.00
56.848313 59.00
56.913936 59.00
56.977786 59.00
57.041951 59.00
57.111303 60.00
57.175427 60.00
57.234303 59.00
57.298788 59.00
57.355542 59.00
57.410538 59.00
57.464303 59.00
57.528790 59.00
57.593945 59.00
57.663306 60.00
57.723952 60.00
57.788321 59.00
57.858167 59.00
57.928542 59.00
57.974168 59.00
58.038169 59.00
58.102313 59.00
58.161312 59.00
58.221421 59.00
58.284921 60.00
58.349435 60.00
58.403297 59.00
58.462672 59.00
58.527313 60.00
58.591298 60.00
58.655298 59.00
58.719049 59.00
58.788317 59.00
58.847318 59.00
58.911316 59.00
58.970315 59.00
59.034051 59.00
59.107954 60.00
59.168427 60.00
59.222318 60.00
59.291302 59.00
59.349952 59.00
59.420553 59.00
59.486815 59.00
59.550812 59.00
59.615322 60.00
59.675431 60.00
59.734071 59.00
59.802961 59.00
59.871960 60.00
59.926807 60.00
59.992308 60.00
60.050961 60.00
60.119963 60.00
60.189078 60.00
60.253077 59.00
60.317327 59.00
60.366967 59.00
60.440964 59.00
60.514963 59.00
60.583964 59.00
60.638563 60.00
60.702326 60.00
60.761443 59.00
60.826815 59.00
60.895814 59.00
60.964970 59.00
61.029094 59.00
61.092969 59.00
61.170094 59.00
61.233972 59.00
61.297972 59.00
61.367083 59.00
61.440973 59.00
61.510821 59.00
61.579945 59.00
61.648570 60.00
61.712335 59.00
61.770972 59.00
61.845477 59.00
61.915126 59.00
61.984698 59.00
62.053573 59.00
62.118978 60.00
62.188089 60.00
62.259107 59.00
62.327824 59.00
62.393325 59.00
62.451978 59.00
62.525826 59.00
62.582455 59.00
62.642454 59.00
62.707828 59.00
62.777096 59.00
62.840984 59.00
62.904829 59.00
62.961830 59.00
63.031081 59.00
63.091330 59.00
63.149987 59.00
63.215346 59.00
63.280721 59.00
63.350713 59.00
63.410989 59.00
63.479833 59.00
63.548989 59.00
63.612835 59.00
63.678334 59.00
63.723835 59.00
63.774460 59.00
63.838102 60.00
63.906711 60.00
63.966586 59.00
64.025362 59.00
64.090242 59.00
64.154589 59.00
64.207980 59.00
64.281714 59.00
64.334982 60.00
64.409165 60.00
64.468108 59.00
64.531994 59.00
64.601234 59.00
64.665110 59.00
64.723999 59.00
64.788005 59.00
64.851999 59.00
64.916000 59.00
64.985470 60.00
65.045849 60.00
65.114974 59.00
65.178847 59.00
65.248002 59.00
65.317125 59.00
65.380848 59.00
65.450002 59.00
65.509974 59.00
65.568599 59.00
65.623725 59.00
65.687475 59.00
65.742725 60.00
65.797602 60.00
65.854372 59.00
65.913135 59.00
65.968369 60.00
66.032368 60.00
66.096368 59.00
66.154853 59.00
66.223853 59.00
66.292854 59.00
66.361854 59.00
66.435855 59.00
66.513121 59.00
66.571734 60.00
66.640732 60.00
66.705608 60.00
66.758858 60.00
66.827858 60.00
66.901734 60.00
66.971868 59.00
67.046362 59.00
67.104985 59.00
67.168736 59.00
67.237736 59.00
67.311870 59.00
67.380612 59.00
67.433869 59.00
67.507613 59.00
67.560868 59.00
67.634884 59.00
67.700872 59.00
67.765023 59.00
67.823869 59.00
67.887741 59.00
67.957019 60.00
68.011049 60.00
68.065502 59.00
68.124624 59.00
68.175494 59.00
68.230383 59.00
68.299619 59.00
68.352145 59.00
68.402502 59.00
68.463497 60.00
68.518778 60.00
68.564389 59.00
68.619495 59.00
68.678014 59.00
68.736902 59.00
68.801251 59.00
68.865373 59.00
68.924029 59.00
68.982749 59.00
69.046750 59.00
69.117126 59.00
69.162626 59.00
69.213376 59.00
69.277266 59.00
69.346019 59.00
69.409502 59.00
69.468283 59.00
69.527004 59.00
69.590503 59.00
69.643753 59.00
69.717503 60.00
69.770754 60.00
69.840041 59.00
69.904288 59.00
69.963036 60.00
70.016756 60.00
70.085921 59.00
70.144924 59.00
70.203635 60.00
70.272758 60.00
70.336920 59.00
70.395760 59.00
70.459921 60.00
70.518761 60.00
70.583517 59.00
70.638945 59.00
70.703388 59.00
70.767280 59.00
70.832515 60.00
70.887513 60.00
70.947070 60.00
70.997395 60.00
71.052409 59.00
71.107672 59.00
71.163044 59.00
71.221766 59.00
71.282084 59.00
71.346642 60.00
71.410642 60.00
71.481035 59.00
71.539643 59.00
71.598643 59.00
71.668045 59.00
71.717644 59.00
71.781520 59.00
71.840270 59.00
71.898924 59.00
71.957646 59.00
72.021653 59.00
72.080649 59.00
72.144773 59.00
72.203648 59.00
72.277523 59.00
72.328287 59.00
72.392289 59.00
72.456290 59.00
72.520167 59.00
72.578928 59.00
72.632650 59.00
72.706402 59.00
72.765294 59.00
72.824781 59.00
72.878655 59.00
72.942654 59.00
73.006529 59.00
73.075529 59.00
73.140779 59.00
73.204956 60.00
73.263658 60.00
73.337407 59.00
73.390656 59.00
73.464406 60.00
73.529782 60.00
73.594435 59.00
73.657162 59.00
73.726178 59.00
73.791427 59.00
73.850300 59.00
73.914235 59.00
73.979293 59.00
74.043540 60.00
74.107413 60.00
74.162287 59.00
74.215788 59.00
74.269413 59.00
74.339038 59.00
74.402663 59.00
74.467944 59.00
74.513415 59.00
74.562789 59.00
74.622951 59.00
74.668416 59.00
74.738944 59.00
74.802666 59.00
74.861417 59.00
74.930418 60.00
74.991944 60.00
75.051794 59.00
75.105419 59.00
75.156045 60.00
75.220045 60.00
75.283671 60.00
75.352437 60.00
75.421047 59.00
75.479672 59.00
75.543422 59.00
75.617423 59.00
75.691438 59.00
75.765299 59.00
75.818674 60.00
75.882550 60.00
75.951300 59.00
76.004676 59.00
76.073319 59.00
76.140097 59.00
76.204428 59.00
76.263553 59.00
76.337304 59.00
76.390804 59.00
76.449432 60.00
76.508555 60.00
76.568094 59.00
76.638563 59.00
76.703209 59.00
76.758468 59.00
76.812120 59.00
76.872504 59.00
76.936433 59.00
77.001808 59.00
77.060809 60.00
77.126465 60.00
77.179962 60.00
77.249095 60.00
77.304435 59.00
77.368439 59.00
77.423436 59.00
77.492311 59.00
77.548455 59.00
77.617438 59.00
77.686330 59.00
77.736939 59.00
77.810941 59.00
77.875065 59.00
77.931463 59.00
77.990445 59.00
78.045572 60.00
78.115456 60.00
78.185844 59.00
78.261366 59.00
78.331701 59.00
78.386230 60.00
78.445830 60.00
78.515448 60.00
78.585350 60.00
78.649446 60.00
78.715457 60.00
78.780335 60.00
78.846997 60.00
78.914476 59.00
78.974575 59.00
79.038198 59.00
79.091448 59.00
79.165199 59.00
79.218449 59.00
79.292200 59.00
79.347341 59.00
79.421577 59.00
79.480586 59.00
79.544340 59.00
79.618346 59.00
79.686959 60.00
79.752078 60.00
79.812082 60.00
79.875579 60.00
79.925204 59.00
79.985585 59.00
80.039340 59.00
80.103594 59.00
80.162334 59.00
80.236083 59.00
80.305208 59.00
80.369714 59.00
80.430459 59.00
80.499837 59.00
80.559834 59.00
80.614840 59.00
80.679335 59.00
80.743460 59.00
80.807477 59.00
80.866357 59.00
80.931998 59.00
80.996465 59.00
81.061477 59.00
81.127599 59.00
81.186719 59.00
81.246022 59.00
81.310597 60.00
81.369352 60.00
81.438996 59.00
81.504466 60.00
81.563107 60.00
81.628593 59.00
81.692842 59.00
81.753468 60.00
81.826369 60.00
81.885359 59.00
81.951245 59.00
82.015363 60.00
82.074350 60.00
82.138221 59.00
82.212366 59.00
82.271472 59.00
82.340115 59.00
82.398848 60.00
82.453974 60.00
82.518364 60.00
82.582364 60.00
82.646368 60.00
82.705239 60.00
82.774371 59.00
82.833477 59.00
82.892603 60.00
82.966853 60.00
83.020605 59.00
83.085732 59.00
83.139244 60.00
83.213120 60.00
83.287730 59.00
83.351480 59.00
83.415105 60.00
83.475124 60.00
83.542113 59.00
83.606150 59.00
83.661143 59.00
83.735148 59.00
83.811284 60.00
83.870135 60.00
83.938984 60.00
83.998985 59.00
84.052237 59.00
84.125986 59.00
84.208867 59.00
84.277870 59.00
84.332987 59.00
84.397017 60.00
84.471017 60.00
84.524268 59.00
84.588371 59.00
84.649151 60.00
84.715273 60.00
84.784882 60.00
84.843744 60.00
84.909283 59.00
84.970751 59.00
85.030387 59.00
85.094286 59.00
85.163887 60.00
85.229873 59.00
85.294148 59.00
85.353749 60.00
85.418499 60.00
85.472123 60.00
85.545996 59.00
85.605144 60.00
85.669380 60.00
85.728894 60.00
85.793140 60.00
85.853748 60.00
85.917749 60.00
85.971124 60.00
86.035127 60.00
86.094126 60.00
86.167877 60.00
86.233626 60.00
86.302627 60.00
86.366752 59.00
86.420628 59.00
86.494628 60.00
86.558147 60.00
86.632034 60.00
86.705884 60.00
86.771034 60.00
86.837033 60.00
86.906034 59.00
86.970148 59.00
87.034034 60.00
87.093148 60.00
87.162152 59.00
87.228039 59.00
87.297037 59.00
87.366152 59.00
87.430038 59.00
87.499013 59.00
87.573151 59.00
87.647154 59.00
87.706029 59.00
87.770638 60.00
87.840041 60.00
87.904041 59.00
87.968032 59.00
88.042765 59.00
88.107158 59.00
88.180891 59.00
88.250044 59.00
88.314045 59.00
88.377893 59.00
88.447158 59.00
88.507518 59.00
88.577286 59.00
88.636049 60.00
88.699896 60.00
88.760413 60.00
88.806048 60.00
88.861285 60.00
88.920050 60.00
88.984396 60.00
89.049772 60.00
89.110290 60.00
89.168899 60.00
89.233053 59.00
89.296900 59.00
89.366051 60.00
89.440650 60.00
89.499400 59.00
89.545293 59.00
89.603902 60.00
89.667903 60.00
89.731904 59.00
89.795903 59.00
89.860055 60.00
89.923904 60.00
89.993058 59.00
90.057058 59.00
90.126655 59.00
90.195780 59.00
90.265060 59.00
90.339782 59.00
90.403908 59.00
90.473175 60.00
90.537062 60.00
90.606063 59.00
90.671910 59.00
90.736175 59.00
90.800053 59.00
90.869052 60.00
90.943036 60.00
90.998036 60.00
91.062037 60.00
91.125943 59.00
91.189788 59.00
91.258914 60.00
91.319430 60.00
91.379789 60.00
91.449040 60.00
91.513041 59.00
91.577040 60.00
91.635791 60.00
91.705042 59.00
91.769042 59.00
91.833042 60.00
91.897043 60.00
91.961044 60.00
92.025044 60.00
92.083920 60.00
92.148045 60.00
92.211795 59.00
92.281046 59.00
92.345046 60.00
92.409047 60.00
92.473047 59.00
92.531924 59.00
92.595798 60.00
92.659799 60.00
92.729049 60.00
92.793050 60.00
92.857050 60.00
92.921050 60.00
92.980051 59.00
93.043801 59.00
93.107802 59.00
93.171802 59.00
93.235929 59.00
93.299929 59.00
93.365803 59.00
93.429804 59.00
93.493805 59.00
93.563072 59.00
93.627083 60.00
93.686072 60.00
93.745072 60.00
93.804086 60.00
93.862808 59.00
93.926808 59.00
93.990809 60.00
94.054809 60.00
94.113809 59.00
94.177810 59.00
94.241810 59.00
94.305811 59.00
94.369811 59.00
94.428811 59.00
94.492812 59.00
94.556812 59.00
94.620813 60.00
94.684814 60.00
94.743814 59.00
94.807815 59.00
94.871815 60.00
94.935815 59.00
94.999816 59.00
95.058816 60.00
95.122817 60.00
95.186817 60.00
95.250818 60.00
95.314818 59.00
95.373819 59.00
95.437819 59.00
95.501819 59.00
95.565820 59.00
95.629821 59.00
95.688821 60.00
95.752821 60.00
95.816822 60.00
95.880822 60.00
95.944823 59.00
96.003823 59.00
96.062824 60.00
96.126698 60.00
96.195324 60.00
96.260574 60.00
96.315574 60.00
96.370450 60.00
96.423826 60.00
96.497576 59.00
96.552452 59.00
96.607451 59.00
96.667453 59.00
96.727453 59.00
96.782453 59.00
96.842453 59.00
96.902454 59.00
96.962454 59.00
97.022455 59.00
97.082456 60.00
97.135706 60.00
97.206081 60.00
97.261082 60.00
97.315582 60.00
97.366208 60.00
97.429708 60.00
97.500083 60.00
97.545585 60.00
97.601477 59.00
97.661835 59.00
97.725711 60.00
97.795051 60.00
97.864227 59.00
97.928217 59.00
97.986838 59.00
98.050713 59.00
98.109838 59.00
98.173842 60.00
98.232589 60.00
98.301590 59.00
98.370356 59.00
98.434357 60.00
98.487841 60.00
98.551717 60.00
98.620718 60.00
98.689718 59.00
98.753469 59.00
98.806970 59.00
98.860844 59.00
98.924720 60.00
98.998470 60.00
99.053730 60.00
99.117596 60.00
99.186472 60.00
99.241606 60.00
99.291606 59.00
99.350598 59.00
99.419242 60.00
99.474492 60.00
99.530975 60.00
99.580600 59.00
99.644725 59.00
99.708241 59.00
99.763369 59.00
99.816726 60.00
99.876977 60.00
99.935727 60.00
99.994603 60.00
100.063728 59.00
100.128979 59.00
100.174604 59.00
100.243479 59.00
100.294122 59.00
100.357856 59.00
100.416606 60.00
100.485731 60.00
100.549732 59.00
100.613607 59.00
100.677376 59.00
100.741137 59.00
100.800124 60.00
100.877484 60.00
100.946485 60.00
101.011378 60.00
101.064611 59.00
101.128375 59.00
101.192140 59.00
101.269737 59.00
101.333613 59.00
101.402613 59.00
101.471380 59.00
101.530143 59.00
101.590623 59.00
101.654380 60.00
101.735144 60.00
101.788870 60.00
101.852645 60.00
101.906492 59.00
101.970617 59.00
102.039617 60.00
102.103494 60.00
102.177873 59.00
102.231619 59.00
102.291876 60.00
102.345495 60.00
102.409620 60.00
102.468496 60.00
102.527621 60.00
102.591389 60.00
102.650152 60.00
102.702875 59.00
102.748498 59.00
102.812499 59.00
102.871499 59.00
102.935499 60.00
103.004625 60.00
103.059625 59.00
103.123391 59.00
103.179393 59.00
103.235394 59.00
103.300394 59.00
103.356394 59.00
103.412395 59.00
103.476628 59.00
103.545629 60.00
103.620033 60.00
103.685397 59.00
103.754630 59.00
103.818506 59.00
103.887507 59.00
103.951506 60.00
104.020382 60.00
104.089508 60.00
104.150400 60.00
104.214634 60.00
104.283510 60.00
104.352634 60.00
104.421510 59.00
104.485385 59.00
104.549511 59.00
104.608511 59.00
104.672387 60.00
104.736513 60.00
104.800388 59.00
104.864514 59.00
104.928514 60.00
104.997407 60.00
105.061407 59.00
105.125407 59.00
105.184391 59.00
105.248408 59.00
105.312409 59.00
105.376392 59.00
105.440393 59.00
105.499393 59.00
105.563411 59.00
105.627519 59.00
105.682520 59.00
105.741395 59.00
105.800395 59.00
105.864396 59.00
105.923397 59.00
105.987397 59.00
106.042397 59.00
106.106398 59.00
106.161398 59.00
106.220399 59.00
106.284399 59.00
106.348417 59.00
106.412400 59.00
106.471401 59.00
106.535401 60.00
106.594526 60.00
106.668902 59.00
106.738528 59.00
106.802419 60.00
106.861403 60.00
106.920404 60.00
106.984529 60.00
107.059061 59.00
107.122906 59.00
107.186906 60.00
107.245907 60.00
107.309907 60.00
107.373908 60.00
107.432911 59.00
107.502425 60.00
107.561409 60.00
107.630177 59.00
107.694410 59.00
107.758410 59.00
107.817410 59.00
107.876178 59.00
107.939912 59.00
108.003942 59.00
108.069428 60.00
108.133413 59.00
108.188413 59.00
108.243181 59.00
108.306914 60.00
108.366114 60.00
108.430417 59.00
108.499916 59.00
108.556791 59.00
108.622434 59.00
108.677417 59.00
108.736182 59.00
108.801435 59.00
108.875919 60.00
108.930793 60.00
108.985794 60.00
109.045794 59.00
109.109921 59.00
109.175437 59.00
109.230421 59.00
109.285189 60.00
109.350438 60.00
109.405422 60.00
109.464189 60.00
109.523924 59.00
109.592952 59.00
109.653424 60.00
109.712425 60.00
109.778329 59.00
109.842425 59.00
109.906193 60.00
109.970193 60.00
110.034193 60.00
110.103194 60.00
110.172071 59.00
110.241195 59.00
110.310070 59.00
110.379072 60.00
110.448072 60.00
110.512072 60.00
110.581074 60.00
110.640197 60.00
110.704075 60.00
110.768075 59.00
110.827200 59.00
110.896073 59.00
110.965077 59.00
111.034076 59.00
111.098077 59.00
111.167075 59.00
111.236078 60.00
111.300078 60.00
111.369201 59.00
111.438077 59.00
111.507080 59.00
111.571081 59.00
111.630205 59.00
111.694079 59.00
111.744814 59.00
111.808689 59.00
111.872440 60.00
111.931333 60.00
111.995083 59.00
112.050208 59.00
112.119222 60.00
112.188086 60.00
112.252085 59.00
112.302818 59.00
112.366694 59.00
112.430569 59.00
112.490445 60.00
112.549086 60.00
112.618214 59.00
112.687214 59.00
112.756088 59.00
112.825215 59.00
112.894090 59.00
112.958088 59.00
113.027092 59.00
113.091090 59.00
113.154950 59.00
113.218951 59.00
113.282951 59.00
113.357093 60.00
113.421095 60.00
113.485095 60.00
113.548953 60.00
113.609578 59.00
113.669955 59.00
113.739096 60.00
113.802982 60.00
113.868580 60.00
113.932705 60.00
113.991222 59.00
114.049985 59.00
114.114099 59.00
114.182986 59.00
114.246987 60.00
114.310974 60.00
114.374959 59.00
114.435459 59.00
114.481227 59.00
114.545103 59.00
114.613990 59.00
114.677990 59.00
114.746980 59.00
114.811227 59.00
114.870103 59.00
114.944104 59.00
114.998993 59.00
115.068600 59.00
115.128345 59.00
115.187111 59.00
115.246360 59.00
115.305847 59.00
115.370238 60.00
115.428969 60.00
115.502842 59.00
115.556092 59.00
115.630109 59.00
115.693995 59.00
115.762995 59.00
115.831971 59.00
115.906595 59.00
115.967111 59.00
116.036009 59.00
116.105243 59.00
116.156978 59.00
116.217120 59.00
116.272238 59.00
116.326105 59.00
116.389600 60.00
116.449850 60.00
116.518975 59.00
116.593002 59.00
116.653350 59.00
116.708475 59.00
116.767244 59.00
116.827477 59.00
116.890978 59.00
116.959978 59.00
117.028979 59.00
117.083980 59.00
117.152979 59.00
117.223480 59.00
117.288730 59.00
117.341481 59.00
117.410606 59.00
117.469248 60.00
117.529356 60.00
117.574857 60.00
117.643984 59.00
117.712858 59.00
117.781984 59.00
117.850984 59.00
117.919867 59.00
117.988986 60.00
118.052869 60.00
118.121868 59.00
118.191016 59.00
118.259987 59.00
118.323871 59.00
118.392738 59.00
118.467017 59.00
118.541381 59.00
118.610615 59.00
118.673021 59.00
118.732148 59.00
118.791020 59.00
118.860741 60.00
118.930067 60.00
119.004493 60.00
119.070145 60.00
119.133880 60.00
119.203146 59.00
119.272620 59.00
119.336759 59.00
119.406022 59.00
119.464875 59.00
119.523747 59.00
119.593026 59.00
119.657025 59.00
119.715747 59.00
119.775875 59.00
119.840029 59.00
119.903875 59.00
119.968028 59.00
120.035153 59.00
120.094028 59.00
120.152751 59.00
120.222031 59.00
120.286031 59.00
120.349752 59.00
120.413879 59.00
120.477879 59.00
120.542034 59.00
120.606034 59.00
120.664755 59.00
120.733400 59.00
120.802631 59.00
120.861507 60.00
120.920382 60.00
120.989632 59.00
121.050383 59.00
121.108884 59.00
121.167885 59.00
121.232055 59.00
121.290759 59.00
121.354510 60.00
121.414886 60.00
121.479041 59.00
121.543030 59.00
121.607040 60.00
121.665762 60.00
121.734898 59.00
121.798763 59.00
121.863014 59.00
121.921764 59.00
121.993282 60.00
122.056764 60.00
122.125640 60.00
122.180391 60.00
122.240641 59.00
122.295283 59.00
122.354392 59.00
122.412893 59.00
122.476768 59.00
122.537302 59.00
122.595768 59.00
122.659769 59.00
122.718770 59.00
122.782771 59.00
122.846645 59.00
122.897289 59.00
122.971414 60.00
123.040523 60.00
123.093773 59.00
123.157773 59.00
123.221648 59.00
123.281399 59.00
123.340024 59.00
123.403775 59.00
123.462776 59.00
123.526776 59.00
123.590527 59.00
123.649417 59.00
123.713403 59.00
123.777545 59.00
123.836418 59.00
123.889905 59.00
123.953779 59.00
124.017529 59.00
124.076422 59.00
124.140422 59.00
124.198780 59.00
124.272531 59.00
124.325781 60.00
124.399532 60.00
124.454532 59.00
124.507800 59.00
124.581533 59.00
124.634784 59.00
124.708534 59.00
124.763410 59.00
124.823410 59.00
124.883410 59.00
124.943535 60.00
124.998411 60.00
125.058412 59.00
125.118412 59.00
125.181916 60.00
125.250538 60.00
125.305414 60.00
125.358672 60.00
125.429039 59.00
125.474539 59.00
125.523916 59.00
125.584041 59.00
125.639041 59.00
125.684541 59.00
125.739416 59.00
125.792667 59.00
125.866417 59.00
125.919668 59.00
125.990056 59.00
126.035544 59.00
126.095170 59.00
126.158670 59.00
126.232420 59.00
126.285674 59.00
126.359422 59.00
126.412672 59.00
126.486422 59.00
126.539677 59.00
126.613423 59.00
126.666673 59.00
126.740424 59.00
126.793674 59.00
126.867437 59.00
126.920675 60.00
126.994436 60.00
127.047676 59.00
127.121437 59.00
127.174677 59.00
127.248428 59.00
127.301678 59.00
127.375429 59.00
127.428679 60.00
127.502429 60.00
127.557305 59.00
127.615680 59.00
127.689437 59.00
127.753197 59.00
127.811682 59.00
127.880683 59.00
127.949434 60.00
127.998809 60.00
128.053967 59.00
128.099560 59.00
128.169939 59.00
128.224936 59.00
128.270435 59.00
128.321061 60.00
128.384561 60.00
128.454937 59.00
128.500437 59.00
128.551062 60.00
128.614562 60.00
128.688313 59.00
128.741572 59.00
128.815314 59.00
128.868576 59.00
128.942315 59.00
128.995576 59.00
129.069316 59.00
129.122567 59.00
129.196317 59.00
129.249567 59.00
129.323318 59.00
129.376568 59.00
129.450331 59.00
129.503569 59.00
129.577332 59.00
129.630570 59.00
129.704331 59.00
129.757571 59.00
129.831322 59.00
129.884572 59.00
129.958323 59.00
130.011573 59.00
130.085324 59.00
130.140324 59.00
130.195325 60.00
130.248575 60.00
130.322325 59.00
130.377201 59.00
130.437201 59.00
130.497201 59.00
130.557202 59.00
130.617203 59.00
130.677203 60.00
130.737203 60.00
130.797204 59.00
130.857204 59.00
130.910455 59.00
130.980835 59.00
131.031455 59.00
131.101831 59.00
131.147331 59.00
131.196706 59.00
131.256832 59.00
131.311832 59.00
131.357333 59.00
131.406708 59.00
131.470217 59.00
131.523459 59.00
131.597210 59.00
131.650460 59.00
131.724210 59.00
131.777461 59.00
131.851212 59.00
131.904462 59.00
131.978213 59.00
132.031463 60.00
132.105214 60.00
132.158465 59.00
132.232215 59.00
132.285475 59.00
132.359216 59.00
132.412466 59.00
132.486216 59.00
132.539467 59.00
132.613217 59.00
132.666468 59.00
132.740230 59.00
132.793469 59.00
132.867219 59.00
132.922220 60.00
132.975473 60.00
133.049221 60.00
133.104232 60.00
133.159096 59.00
133.219107 59.00
133.279097 59.00
133.339109 59.00
133.399098 60.00
133.459099 60.00
133.519099 60.00
133.582602 60.00
133.651350 59.00
133.716476 59.00
133.790226 59.00
133.845978 59.00
133.904351 59.00
133.974727 59.00
134.029728 59.00
134.084728 59.00
134.130229 60.00
134.188604 60.00
134.248729 60.00
134.294354 60.00
134.364730 60.00
134.410355 59.00
134.480731 59.00
134.526232 59.00
134.576857 59.00
134.640360 59.00
134.714108 59.00
134.767359 60.00
134.841109 60.00
134.894359 59.00
134.968110 59.00
135.021359 59.00
135.095111 59.00
135.148361 59.00
135.222111 59.00
135.275362 59.00
135.349113 59.00
135.402363 60.00
135.476114 60.00
135.529365 59.00
135.603114 59.00
135.656365 59.00
135.730115 59.00
135.785116 60.00
135.838366 60.00
135.912129 60.00
135.977367 60.00
136.051118 60.00
136.105993 60.00
136.165995 60.00
136.225994 60.00
136.285994 59.00
136.349494 59.00
136.418120 59.00
136.472996 59.00
136.532996 59.00
136.592997 59.00
136.646247 59.00
136.716622 59.00
136.771622 59.00
136.826623 59.00
136.872123 59.00
136.930499 59.00
136.990624 59.00
137.036125 59.00
137.086750 59.00
137.150251 60.00
137.220626 60.00
137.266127 59.00
137.316752 59.00
137.380253 59.00
137.454012 59.00
137.507254 60.00
137.581004 60.00
137.634254 59.00
137.708005 59.00
137.761258 59.00
137.835888 59.00
137.898288 60.00
137.957382 60.00
138.016400 59.00
138.085918 59.00
138.150052 60.00
138.219277 60.00
138.283522 59.00
138.337904 59.00
138.402284 59.00
138.461280 59.00
138.520279 59.00
138.579402 59.00
138.633405 59.00
138.697765 59.00
138.751922 60.00
138.813018 60.00
138.877521 60.00
138.941766 60.00
138.995923 60.00
139.055394 60.00
139.109285 60.00
139.166149 60.00
139.223052 60.00
139.283912 59.00
139.343292 59.00
139.403934 59.00
139.479294 59.00
139.545523 60.00
139.610771 59.00
139.671294 59.00
139.730398 59.00
139.785773 59.00
139.851291 59.00
139.911775 60.00
139.977291 60.00
140.041774 59.00
140.095163 59.00
140.164649 60.00
140.224649 60.00
140.289292 60.00
140.363775 60.00
140.423165 60.00
140.487298 59.00
140.551297 59.00
140.615314 59.00
140.690405 59.00
140.744417 59.00
140.804305 59.00
140.868667 60.00
140.928431 60.00
140.982659 59.00
141.046406 59.00
141.100172 60.00
141.166186 60.00
141.230299 60.00
141.289035 60.00
141.353300 59.00
141.412783 59.00
141.473408 60.00
141.527662 60.00
141.586661 60.00
141.645785 59.00
141.711549 59.00
141.776960 60.00
141.842411 60.00
141.901304 60.00
141.961787 60.00
142.031162 59.00
142.100038 60.00
142.169038 60.00
142.238039 59.00
142.302040 59.00
142.367540 59.00
142.426309 59.00
142.481431 60.00
142.536309 60.00
142.600046 59.00
142.674042 59.00
142.742948 59.00
142.812043 59.00
142.881438 60.00
142.936310 60.00
142.995327 59.00
143.059671 59.00
143.118681 60.00
143.184046 60.00
143.258800 59.00
143.324953 59.00
143.389673 60.00
143.448048 60.00
143.517206 60.00
143.583080 60.00
143.647319 59.00
143.705955 59.00
143.775805 60.00
143.835069 60.00
143.905202 60.00
143.964805 59.00
144.031214 59.00
144.096200 60.00
144.150686 60.00
144.220681 59.00
144.284680 59.00
144.343679 60.00
144.407680 60.00
144.471555 59.00
144.536682 59.00
144.596683 60.00
144.649935 60.00
144.718558 60.00
144.776938 60.00
144.847310 60.00
144.910814 60.00
144.960187 60.00
145.020311 60.00
145.083810 60.00
145.133188 60.00
145.193311 60.00
145.248320 59.00
145.293814 59.00
145.343188 59.00
145.403312 59.00
145.458313 60.00
145.521813 60.00
145.572438 60.00
145.635941 59.00
145.706315 59.00
145.751822 59.00
145.802442 59.00
145.865952 60.00
145.939694 60.00
145.992944 60.00
146.066692 60.00
146.119954 59.00
146.193694 59.00
146.246954 60.00
146.320696 60.00
146.373947 60.00
146.447695 60.00
146.511195 59.00
146.574695 59.00
146.629702 59.00
146.682947 59.00
146.756696 60.00
146.809949 60.00
146.883702 59.00
146.936951 59.00
147.010706 59.00
147.063954 59.00
147.137711 59.00
147.192705 59.00
147.247710 60.00
147.312829 60.00
147.362581 60.00
147.427832 60.00
147.477580 60.00
147.530830 60.00
147.595955 60.00
147.669703 60.00
147.724582 59.00
147.777831 59.00
147.851956 59.00
147.915985 59.00
147.974984 59.00
148.030460 59.00
148.085583 60.00
148.145990 60.00
148.209988 59.00
148.268836 59.00
148.332989 59.00
148.391834 59.00
148.455991 60.00
148.509839 60.00
148.573836 59.00
148.638003 59.00
148.696964 60.00
148.751243 60.00
148.815969 60.00
148.874996 60.00
148.934468 60.00
148.993592 60.00
149.052466 60.00
149.111603 59.00
149.171004 59.00
149.230251 59.00
149.295117 59.00
149.359606 59.00
149.420602 59.00
149.481482 59.00
149.546602 59.00
149.607482 59.00
149.672603 59.00
149.738599 60.00
149.808597 60.00
149.867610 59.00
149.924595 59.00
149.979721 60.00
150.045724 60.00
150.109847 59.00
150.181133 59.00
150.236148 59.00
150.287603 59.00
150.351476 59.00
150.412242 59.00
150.472476 60.00
150.531982 60.00
150.591229 60.00
150.657133 60.00
150.707251 59.00
150.761487 59.00
150.824252 60.00
150.882979 60.00
150.938157 59.00
150.996858 59.00
151.066374 60.00
151.135248 60.00
151.204248 60.00
151.273247 60.00
151.336731 59.00
151.402123 59.00
151.447607 60.00
151.516483 60.00
151.575858 59.00
151.639873 59.00
151.704736 59.00
151.768737 59.00
151.833275 59.00
151.891740 59.00
151.956032 59.00
152.009870 59.00
152.063741 60.00
152.138488 60.00
152.202617 60.00
152.266876 60.00
152.331066 59.00
152.396391 59.00
152.456743 59.00
152.520869 59.00
152.579615 60.00
152.638740 60.00
152.712871 60.00
152.764619 60.00
152.823882 59.00
152.883390 59.00
152.947387 60.00
153.008029 60.00
153.053745 60.00
153.112622 60.00
153.171622 59.00
153.230624 59.00
153.295269 60.00
153.350501 60.00
153.409881 60.00
153.459749 60.00
153.519403 60.00
153.574752 60.00
153.628751 60.00
153.688147 59.00
153.752402 59.00
153.817403 59.00
153.876631 59.00
153.936395 60.00
154.000754 60.00
154.065515 59.00
154.132171 59.00
154.191893 60.00
154.246401 60.00
154.316513 59.00
154.381404 59.00
154.440758 59.00
154.494631 59.00
154.553633 60.00
154.612761 60.00
154.666632 60.00
154.731276 60.00
154.795132 60.00
154.853636 60.00
154.927384 59.00
154.980634 59.00
155.054383 60.00
155.109392 60.00
155.162636 60.00
155.236393 60.00
155.289641 60.00
155.363394 60.00
155.416643 60.00
155.490397 60.00
155.543644 60.00
155.617390 60.00
155.672389 60.00
155.727265 60.00
155.787401 59.00
155.842267 59.00
155.905773 60.00
155.960663 60.00
156.029400 60.00
156.084274 60.00
156.144270 60.00
156.207770 60.00
156.267896 60.00
156.322905 60.00
156.368398 60.00
156.417779 60.00
156.477912 60.00
156.532399 60.00
156.583023 60.00
156.646774 60.00
156.700523 60.00
156.760296 60.00
156.829777 60.00
156.896298 60.00
156.955786 59.00
157.020960 59.00
157.085653 60.00
157.140308 60.00
157.204401 59.00
157.268782 59.00
157.327776 59.00
157.392659 59.00
157.457155 59.00
157.516307 59.00
157.586154 59.00
157.649777 60.00
157.709029 60.00
157.783426 60.00
157.842404 60.00
157.911788 60.00
157.965404 60.00
158.031164 60.00
158.095283 60.00
158.154158 59.00
158.218306 59.00
158.282546 60.00
158.344058 60.00
158.408551 60.00
158.469954 60.00
158.524178 60.00
158.593035 60.00
158.653438 59.00
158.717415 59.00
158.781412 60.00
158.847919 60.00
158.912415 60.00
158.971796 60.00
159.022063 59.00
159.078677 59.00
159.133174 59.00
159.192794 59.00
159.247201 59.00
159.317546 60.00
159.383804 60.00
159.434174 60.00
159.493676 60.00
159.553315 59.00
159.604044 59.00
159.659677 60.00
159.719173 60.00
159.783682 60.00
159.843088 60.00
159.894173 59.00
159.954420 59.00
160.018429 60.00
160.096315 60.00
160.147174 60.00
160.201173 60.00
160.271049 60.00
160.332429 60.00
160.391927 60.00
160.453461 60.00
160.513198 60.00
160.576926 60.00
160.646426 60.00
160.710551 60.00
160.785067 60.00
160.849555 60.00
160.913552 60.00
160.977431 60.00
161.046930 60.00
161.115933 60.00
161.185554 60.00
161.244559 60.00
161.303556 60.00
161.362432 60.00
161.426197 60.00
161.489932 60.00
161.554307 60.00
161.618451 60.00
161.677559 60.00
161.731571 60.00
161.791097 60.00
161.855328 60.00
161.914690 60.00
161.968436 60.00
162.029109 60.00
162.088564 60.00
162.142695 60.00
162.193091 60.00
162.257941 60.00
162.312124 60.00
162.376440 60.00
162.431346 60.00
162.500942 60.00
162.556574 60.00
162.612116 60.00
162.671702 60.00
162.736700 60.00
162.806954 60.00
162.866699 60.00
162.912444 60.00
162.967445 60.00
163.022442 60.00
163.081444 60.00
163.136569 59.00
163.206233 59.00
163.270573 60.00
163.334960 60.00
163.394702 60.00
163.459347 60.00
163.524454 60.00
163.583700 60.00
163.648583 60.00
163.704827 60.00
163.769462 60.00
163.825328 60.00
163.889217 60.00
163.950327 60.00
164.014095 60.00
164.073454 60.00
164.127363 59.00
164.192460 59.00
164.253705 60.00
164.318586 60.00
164.378350 60.00
164.443466 60.00
164.497961 60.00
164.567968 60.00
164.634708 60.00
164.709467 60.00
164.770213 60.00
164.824591 60.00
164.874836 60.00
164.938833 60.00
165.002832 60.00
165.066582 60.00
165.130458 60.00
165.189100 60.00
165.254835 59.00
165.313838 59.00
165.372459 60.00
165.431590 60.00
165.496837 60.00
165.560974 60.00
165.620232 60.00
165.694839 60.00
165.758713 60.00
165.827986 60.00
165.902840 60.00
165.966840 60.00
166.031109 60.00
166.097241 60.00
166.167005 59.00
166.242379 60.00
166.314115 60.00
166.384237 60.00
166.448236 60.00
166.522843 60.00
166.581607 60.00
166.656238 60.00
166.720607 60.00
166.790112 60.00
166.854242 60.00
166.918112 60.00
166.987242 60.00
167.051240 60.00
167.110483 60.00
167.166102 60.00
167.225143 60.00
167.303365 60.00
167.362397 60.00
167.416115 60.00
167.480127 60.00
167.549602 60.00
167.613993 60.00
167.674731 60.00
167.731605 60.00
167.797858 60.00
167.862245 60.00
167.926858 60.00
167.987123 60.00
168.051856 60.00
168.111980 60.00
168.176737 60.00
168.237124 60.00
168.307250 60.00
168.362124 60.00
168.433884 60.00
168.494249 60.00
168.553891 60.00
168.613256 60.00
168.683267 60.00
168.752735 60.00
168.812259 60.00
168.881872 60.00
168.947745 60.00
169.017739 59.00
169.082131 59.00
169.141017 60.00
169.200261 60.00
169.264614 60.00
169.344742 60.00
169.408870 60.00
169.483870 60.00
169.553751 60.00
169.618746 60.00
169.683397 60.00
169.737881 60.00
169.821753 60.00
169.884501 60.00
169.945505 60.00
170.005033 60.00
170.060156 60.00
170.115755 60.00
170.180625 60.00
170.240269 60.00
170.294138 60.00
170.353140 60.00
170.412028 60.00
170.476395 60.00
170.536749 60.00
170.597279 60.00
170.651627 60.00
170.715894 60.00
170.776757 60.00
170.836147 60.00
170.895761 60.00
170.960631 60.00
171.022629 60.00
171.081502 60.00
171.146278 59.00
171.210755 59.00
171.271284 59.00
171.330631 59.00
171.389631 60.00
171.449045 60.00
171.509765 60.00
171.574762 60.00
171.634412 60.00
171.688766 60.00
171.753510 60.00
171.817635 60.00
171.871149 60.00
171.930052 60.00
172.004759 59.00
172.069139 59.00
172.133153 60.00
172.197156 60.00
172.261027 60.00
172.325152 60.00
172.388887 60.00
172.453139 60.00
172.516888 60.00
172.582892 60.00
172.647044 60.00
172.716642 60.00
172.775640 60.00
172.836408 60.00
172.896766 60.00
172.966159 60.00
173.025046 60.00
173.079293 60.00
173.134396 60.00
173.204080 60.00
173.270023 60.00
173.329523 60.00
173.399524 60.00
173.458773 60.00
173.515920 60.00
173.585781 60.00
173.652422 60.00
173.706532 60.00
173.776779 60.00
173.847218 60.00
173.912303 60.00
173.977086 60.00
174.047075 60.00
174.100904 60.00
174.170777 60.00
174.240309 60.00
174.309931 60.00
174.374029 60.00
174.432902 60.00
174.492074 60.00
174.556172 60.00
174.615165 60.00
174.674407 60.00
174.745782 60.00
174.820782 60.00
174.885067 60.00
174.952915 60.00
175.017535 60.00
175.076533 60.00
175.135533 60.00
175.199916 60.00
175.274917 60.00
175.341163 59.00
175.397006 59.00
175.462090 60.00
175.513916 60.00
175.573541 60.00
175.637933 60.00
175.704178 60.00
175.753786 60.00
175.823662 60.00
175.878662 60.00
175.939179 60.00
175.999038 60.00
176.052791 60.00
176.116948 60.00
176.171107 60.00
176.225544 60.00
176.284931 60.00
176.355205 60.00
176.410671 60.00
176.477319 60.00
176.537093 60.00
176.591553 60.00
176.656311 60.00
176.725680 60.00
176.794919 60.00
176.853958 60.00
176.917794 60.00
176.976797 60.00
177.040922 60.00
177.104801 60.00
177.163799 60.00
177.223200 60.00
177.287802 60.00
177.356801 60.00
177.420798 60.00
177.484677 60.00
177.553675 60.00
177.619070 60.00
177.683426 60.00
177.747447 60.00
177.801069 60.00
177.859805 60.00
177.929306 60.00
177.993447 59.00
178.052430 59.00
178.121446 60.00
178.185443 60.00
178.249444 60.00
178.308444 60.00
178.372446 60.00
178.436449 60.00
178.500446 60.00
178.564567 60.00
178.619682 60.00
178.688808 60.00
178.747684 60.00
178.807939 60.00
178.867188 60.00
178.929213 60.00
178.988943 60.00
179.044695 60.00
179.100450 60.00
179.160109 60.00
179.224955 60.00
179.279446 60.00
179.339125 60.00
179.403690 60.00
179.467952 59.00
179.522446 59.00
179.586693 60.00
179.651122 60.00
179.725693 60.00
179.784954 60.00
179.834820 60.00
179.907475 60.00
179.972448 60.00
180.047829 60.00
180.117950 60.00
180.183132 59.00
180.249699 59.00
180.319831 60.00
180.384451 60.00
180.449361 60.00
180.509120 60.00
180.579131 60.00
180.644120 60.00
180.708960 60.00
180.763457 60.00
180.829462 60.00
180.885354 60.00
180.944829 60.00
180.999356 60.00
181.064349 60.00
181.124014 60.00
181.179834 60.00
181.239340 60.00
181.300589 60.00
181.360349 60.00
181.419968 60.00
181.476126 60.00
181.540708 60.00
181.599706 60.00
181.663582 60.00
181.722835 60.00
181.781832 60.00
181.835839 59.00
181.885709 59.00
181.944980 60.00
181.995357 60.00
182.065084 60.00
182.129087 60.00
182.189101 59.00
182.253361 59.00
182.313962 60.00
182.365362 60.00
182.431985 60.00
182.486840 60.00
182.546361 60.00
182.602464 60.00
182.672720 59.00
182.732111 59.00
182.791387 60.00
182.856364 60.00
182.921474 60.00
182.981347 60.00
183.048154 60.00
183.123241 60.00
183.205726 60.00
183.270848 60.00
183.335727 60.00
183.400600 60.00
183.464593 60.00
183.538594 60.00
183.607597 60.00
183.666850 60.00
183.720850 60.00
183.774598 60.00
183.838596 60.00
183.897600 60.00
183.958363 60.00
184.022116 60.00
184.081724 60.00
184.140473 60.00
184.199600 60.00
184.263604 60.00
184.318728 60.00
184.377601 60.00
184.436602 60.00
184.501121 60.00
184.565178 60.00
184.620604 60.00
184.679605 60.00
184.738858 60.00
184.784617 60.00
184.839606 60.00
184.904249 60.00
184.955125 60.00
185.011731 60.00
185.076855 60.00
185.127255 60.00
185.191608 60.00
185.246858 60.00
185.308985 60.00
185.387145 60.00
185.442735 59.00
185.511611 59.00
185.576252 60.00
185.645742 60.00
185.700267 60.00
185.765113 60.00
185.829746 60.00
185.894019 60.00
185.953744 60.00
186.008261 60.00
186.069497 60.00
186.134369 60.00
186.204150 60.00
186.263618 60.00
186.322617 60.00
186.387271 60.00
186.452025 60.00
186.511749 60.00
186.568035 59.00
186.627626 59.00
186.682045 60.00
186.741755 60.00
186.801624 60.00
186.856142 60.00
186.915747 60.00
186.975626 60.00
187.040506 60.00
187.106627 60.00
187.166026 60.00
187.221507 60.00
187.287501 60.00
187.352511 60.00
187.417502 60.00
187.477131 60.00
187.537628 60.00
187.593031 60.00
187.648509 60.00
187.714637 60.00
187.770042 60.00
187.825506 60.00
187.890413 60.00
187.955152 60.00
188.024143 60.00
188.083379 60.00
188.147504 60.00
188.206506 60.00
188.265506 60.00
188.320507 60.00
188.375506 60.00
188.440290 60.00
188.510027 60.00
188.575079 60.00
188.634761 60.00
188.689886 60.00
188.754761 60.00
188.829644 60.00
188.889281 60.00
188.954069 60.00
189.013388 60.00
189.088148 60.00
189.149413 60.00
189.208890 60.00
189.268525 60.00
189.323060 60.00
189.382522 60.00
189.437066 60.00
189.507050 60.00
189.572146 60.00
189.643776 60.00
189.703522 60.00
189.758070 60.00
189.817392 60.00
189.882052 60.00
189.946393 60.00
190.010894 60.00
190.077292 60.00
190.147145 60.00
190.202529 60.00
190.256914 60.00
190.306520 60.00
190.362080 60.00
190.427066 60.00
190.486531 60.00
190.541077 60.00
190.611180 60.00
190.673782 60.00
190.738526 60.00
190.793093 60.00
190.858068 60.00
190.923092 60.00
190.982528 60.00
191.042090 60.00
191.107075 60.00
191.171533 60.00
191.231307 60.00
191.295905 60.00
191.360434 60.00
191.415529 60.00
191.465530 60.00
191.531907 60.00
191.596444 60.00
191.661410 60.00
191.731533 60.00
191.785910 59.00
191.850284 59.00
191.914533 60.00
191.968534 60.00
192.022917 60.00
192.082413 60.00
192.143287 60.00
192.197543 60.00
192.253179 60.00
192.319792 60.00
192.379182 60.00
192.443176 60.00
192.507051 60.00
192.567410 60.00
192.626177 60.00
192.695051 60.00
192.764036 60.00
192.817925 60.00
192.887038 60.00
192.949669 60.00
193.005168 60.00
193.069791 60.00
193.129541 60.00
193.179212 60.00
193.248541 60.00
193.309042 60.00
193.373322 60.00
193.442668 60.00
193.507423 60.00
193.561923 60.00
193.628180 60.00
193.687930 60.00
193.766451 60.00
193.822677 60.00
193.882425 60.00
193.941929 60.00
194.012091 60.00
194.076192 60.00
194.146050 60.00
194.202329 60.00
194.261932 60.00
194.326802 60.00
194.396934 60.00
194.450191 60.00
194.514049 60.00
194.578426 60.00
194.632197 60.00
194.691195 60.00
194.760334 60.00
194.832072 60.00
194.906207 60.00
194.965678 60.00
195.032182 60.00
195.100940 60.00
195.165327 60.00
195.224813 60.00
195.286206 60.00
195.350684 60.00
195.409938 60.00
195.474094 60.00
195.533965 60.00
195.594813 60.00
195.658938 59.00
195.723686 60.00
195.782819 60.00
195.847815 60.00
195.904437 60.00
195.959082 60.00
196.014077 60.00
196.078079 60.00
196.137080 60.00
196.206688 60.00
196.270564 60.00
196.340081 60.00
196.404081 60.00
196.459079 60.00
196.523085 60.00
196.578065 60.00
196.647333 60.00
196.701097 60.00
196.770443 60.00
196.830568 60.00
196.899568 60.00
196.968568 60.00
197.032320 60.00
197.091214 60.00
197.150088 59.00
197.219826 60.00
197.284699 60.00
197.343448 59.00
197.413214 59.00
197.472092 60.00
197.531347 60.00
197.589950 60.00
197.660231 60.00
197.719703 60.00
197.779229 60.00
197.833706 60.00
197.898229 60.00
197.954143 60.00
198.013830 60.00
198.068952 60.00
198.133702 60.00
198.193955 60.00
198.253099 60.00
198.306984 60.00
198.366712 60.00
198.426100 60.00
198.485097 60.00
198.549580 60.00
198.613706 60.00
198.673994 60.00
198.729098 60.00
198.787973 60.00
198.843103 60.00
198.893239 60.00
198.947716 60.00
199.002966 60.00
199.073238 60.00
199.127715 59.00
199.187243 59.00
199.241717 60.00
199.306589 60.00
199.365599 60.00
199.429962 60.00
199.484961 60.00
199.540105 60.00
199.599113 60.00
199.652970 60.00
199.717233 60.00
199.775837 60.00
199.840107 60.00
199.899374 60.00
199.977719 60.00
200.043991 60.00
200.103723 60.00
200.178729 60.00
200.245476 60.00
200.305115 60.00
200.376980 60.00
200.441595 60.00
200.502238 60.00
200.560970 60.00
200.625125 60.00
200.684128 60.00
200.743005 60.00
200.807112 60.00
200.865846 60.00
200.930114 60.00
200.989004 60.00
201.058472 60.00
201.127724 60.00
201.196848 60.00
201.255725 60.00
201.324849 60.00
201.388976 60.00
201.449243 60.00
201.494728 60.00
201.560243 60.00
201.614853 60.00
201.673853 60.00
201.734368 60.00
201.803479 60.00
201.856853 60.00
201.922368 60.00
201.980854 60.00
202.041372 60.00
202.099981 60.00
202.163731 60.00
202.229372 59.00
202.291152 59.00
202.345377 60.00
202.409373 60.00
202.468173 60.00
202.532736 60.00
202.597253 60.00
202.666875 60.00
202.731262 60.00
202.796265 60.00
202.871747 60.00
202.946871 60.00
203.010736 60.00
203.075257 60.00
203.139489 60.00
203.193045 60.00
203.262614 60.00
203.321617 60.00
203.385870 60.00
203.445028 60.00
203.499036 60.00
203.549024 60.00
203.602870 60.00
203.672619 60.00
203.731621 60.00
203.787142 60.00
203.836873 60.00
203.898276 60.00
203.958038 60.00
204.009751 60.00
204.070505 60.00
204.131750 60.00
204.191647 60.00
204.252503 60.00
204.308039 60.00
204.363503 60.00
204.418750 60.00
204.479512 60.00
204.540754 60.00
204.595879 60.00
204.650043 60.00
204.703751 60.00
204.764509 60.00
204.829504 60.00
204.894057 60.00
204.949510 60.00
205.009075 60.00
205.063514 60.00
205.128509 60.00
205.196517 60.00
205.256049 60.00
205.322513 60.00
205.382057 60.00
205.441519 60.00
205.506513 60.00
205.565759 60.00
205.625514 60.00
205.697512 60.00
205.772915 60.00
205.842889 60.00
205.902642 60.00
205.972639 60.00
206.036760 60.00
206.097509 60.00
206.161400 60.00
206.225388 60.00
206.289403 60.00
206.358765 60.00
206.417764 60.00
206.478770 60.00
206.544894 60.00
206.599399 60.00
206.669522 60.00
206.724776 60.00
206.795065 60.00
206.845396 60.00
206.900160 60.00
206.965067 60.00
207.015298 60.00
207.070901 60.00
207.126652 60.00
207.174054 60.00
207.219769 60.00
207.275048 60.00
207.320518 60.00
207.373049 60.00
207.418769 60.00
207.474049 60.00
207.519520 60.00
207.579648 60.00
207.643910 60.00
207.698405 60.00
207.764400 60.00
207.828926 60.00
207.883425 60.00
207.948085 60.00
208.023657 60.00
208.088153 60.00
208.147316 60.00
208.221404 60.00
208.280909 60.00
208.344904 60.00
208.406082 60.00
208.475530 60.00
208.550542 60.00
208.615158 60.00
208.685084 60.00
208.749921 60.00
208.809415 60.00
208.874411 60.00
208.938782 60.00
208.997784 60.00
209.066532 60.00
209.140661 60.00
209.206662 60.00
209.271414 60.00
209.335536 60.00
209.409534 60.00
209.475540 60.00
209.525544 60.00
209.574165 60.00
209.648411 60.00
209.707919 60.00
209.761538 60.00
209.831325 60.00
209.890662 60.00
209.950914 60.00
210.004793 60.00
210.063540 60.00
210.132670 60.00
210.196666 60.00
210.260795 60.00
210.310794 60.00
210.369805 60.00
210.424321 60.00
210.494421 60.00
210.546940 60.00
210.598316 60.00
210.649170 60.00
210.708327 60.00
210.772419 60.00
210.846420 60.00
210.920309 60.00
210.973545 60.00
211.042421 60.00
211.111421 60.00
211.180422 60.00
211.249548 60.00
211.318422 60.00
211.374299 60.00
211.433070 60.00
211.496801 60.00
211.550426 60.00
211.620087 60.00
211.684554 60.00
211.754055 60.00
211.812680 60.00
211.871681 60.00
211.935304 60.00
212.013687 60.00
212.068202 60.00
212.127813 60.00
212.187813 60.00
212.242217 60.00
212.312566 60.00
212.373435 60.00
212.427072 60.00
212.486559 60.00
212.555558 60.00
212.625074 60.00
212.680202 60.00
212.734209 60.00
212.788937 60.00
212.854692 60.00
212.919081 60.00
212.979440 60.00
213.033571 60.00
213.099566 60.00
213.165698 60.00
213.221069 60.00
213.277698 59.00
213.332219 59.00
213.402475 60.00
213.462220 60.00
213.532339 60.00
213.592227 60.00
213.662339 60.00
213.737455 60.00
213.802109 60.00
213.858699 60.00
213.918576 60.00
213.984574 60.00
214.044228 60.00
214.103447 60.00
214.163227 60.00
214.228220 60.00
214.287573 60.00
214.343478 60.00
214.418358 60.00
214.484958 60.00
214.544577 60.00
214.601004 60.00
214.662328 60.00
214.727583 60.00
214.791582 60.00
214.850954 60.00
214.910713 60.00
214.966958 60.00
215.026586 60.00
215.091718 60.00
215.151366 60.00
215.211145 60.00
215.270708 60.00
215.334956 60.00
215.394457 60.00
215.453457 60.00
215.518123 60.00
215.577457 60.00
215.636718 60.00
215.696961 60.00
215.757715 60.00
215.813465 60.00
215.879471 60.00
215.945605 60.00
216.005104 60.00
216.069714 60.00
216.124459 60.00
216.188720 60.00
216.238965 60.00
216.289836 60.00
216.353334 60.00
216.427352 60.00
216.491462 60.00
216.546354 60.00
216.610478 60.00
216.679964 59.00
216.749600 59.00
216.809111 60.00
216.883601 60.00
216.948473 60.00
217.012590 60.00
217.071467 60.00
217.142342 60.00
217.211466 60.00
217.285967 60.00
217.360110 60.00
217.424218 60.00
217.498468 60.00
217.552362 60.00
217.616122 60.00
217.680235 60.00
217.749116 60.00
217.818115 60.00
217.887112 60.00
217.956240 60.00
218.020246 60.00
218.090368 60.00
218.149240 60.00
218.213725 60.00
218.277599 60.00
218.342379 60.00
218.406477 60.00
218.460393 60.00
218.526483 60.00
218.576355 60.00
218.635990 60.00
218.700984 60.00
218.776388 60.00
218.842501 60.00
218.892616 60.00
218.943055 60.00
219.007871 60.00
219.063490 60.00
219.123364 60.00
219.189618 60.00
219.241743 60.00
219.301252 60.00
219.365137 60.00
219.429124 60.00
219.498138 60.00
219.562248 60.00
219.636251 60.00
219.695110 60.00
219.751360 60.00
219.805281 60.00
219.869486 60.00
219.928141 60.00
219.992139 60.00
220.061142 60.00
220.125255 60.00
220.189397 60.00
220.259187 60.00
220.318386 60.00
220.377404 60.00
220.438748 60.00
220.492877 60.00
220.571495 60.00
220.625877 59.00
220.687267 59.00
220.752073 60.00
220.827173 60.00
220.891747 60.00
220.951508 60.00
221.001882 60.00
221.066891 60.00
221.131887 60.00
221.196751 60.00
221.266889 60.00
221.336893 60.00
221.401889 60.00
221.466883 60.00
221.537078 60.00
221.592505 60.00
221.651751 60.00
221.715750 60.00
221.769385 60.00
221.830400 60.00
221.889143 60.00
221.958145 60.00
222.022752 60.00
222.081377 60.00
222.140154 60.00
222.204033 60.00
222.268395 60.00
222.332147 60.00
222.401144 60.00
222.465147 60.00
222.529416 60.00
222.588506 60.00
222.652759 60.00
222.717386 60.00
222.776897 60.00
222.841765 60.00
222.911889 60.00
222.976772 60.00
223.047049 60.00
223.111768 60.00
223.176153 60.00
223.240153 60.00
223.304153 60.00
223.363284 60.00
223.422280 60.00
223.481155 60.00
223.556177 60.00
223.625764 60.00
223.680767 60.00
223.745158 60.00
223.799157 60.00
223.863159 60.00
223.927395 60.00
223.977162 60.00
224.041161 60.00
224.100286 60.00
224.159770 60.00
224.224050 60.00
224.279056 60.00
224.343285 60.00
224.402162 60.00
224.461178 60.00
224.520164 60.00
224.574026 60.00
224.633053 60.00
224.702648 60.00
224.766647 60.00
224.820163 60.00
224.879053 60.00
224.943051 60.00
224.998168 60.00
225.057039 60.00
225.112165 60.00
225.170903 60.00
225.235310 60.00
225.299907 60.00
225.369780 60.00
225.434287 60.00
225.499198 60.00
225.558791 60.00
225.623784 60.00
225.693788 60.00
225.758787 60.00
225.828790 60.00
225.893788 60.00
225.958984 60.00
226.018539 60.00
226.078162 60.00
226.134100 60.00
226.198786 60.00
226.263322 60.00
226.315545 60.00
226.371168 60.00
226.430792 60.00
226.491796 60.00
226.551085 60.00
226.617165 60.00
226.671037 60.00
226.735795 60.00
226.796540 60.00
226.861311 60.00
226.911668 60.00
226.976166 60.00
227.035326 60.00
227.085312 60.00
227.135167 60.00
227.189084 60.00
227.247916 60.00
227.311917 60.00
227.370791 60.00
227.436417 60.00
227.498417 60.00
227.567793 60.00
227.631793 60.00
227.697419 60.00
227.756172 60.00
227.814794 60.00
227.883795 60.00
227.953046 60.00
228.016796 60.00
228.080922 60.00
228.145047 60.00
228.208797 60.00
228.281188 60.00
228.339927 60.00
228.403800 60.00
228.472954 60.00
228.536964 60.00
228.596198 60.00
228.655053 60.00
228.719686 60.00
228.784556 60.00
228.843690 60.00
228.904938 60.00
228.970933 60.00
229.040555 60.00
229.109817 60.00
229.169569 60.00
229.230811 60.00
229.297336 60.00
229.357208 60.00
229.407327 60.00
229.467819 60.00
229.528811 60.00
229.593567 60.00
229.654691 60.00
229.719570 60.00
229.784566 60.00
229.838454 60.00
229.897574 60.00
229.956943 60.00
230.016571 60.00
230.081569 60.00
230.140951 60.00
230.211089 60.00
230.270567 60.00
230.331579 60.00
230.396570 60.00
230.461575 60.00
230.531949 60.00
230.606456 60.00
230.670459 60.00
230.724086 60.00
230.777817 60.00
230.836691 60.00
230.905818 60.00
230.969818 60.00
231.033819 60.00
231.097819 60.00
231.161819 60.00
231.225820 60.00
231.289822 60.00
231.348822 60.00
231.412821 60.00
231.476823 60.00
231.535821 60.00
231.599823 60.00
231.663823 60.00
231.727823 60.00
231.786825 60.00
231.850963 60.00
231.905456 60.00
231.960828 60.00
232.025459 60.00
232.090458 60.00
232.151712 60.00
232.211585 60.00
232.270705 60.00
232.334966 60.00
232.393828 60.00
232.457829 60.00
232.511829 60.00
232.575706 60.00
232.644706 60.00
232.713969 60.00
232.768355 60.00
232.827227 60.00
232.891979 60.00
232.946464 60.00
233.006153 60.00
233.076467 60.00
233.135838 60.00
233.191126 60.00
233.255227 60.00
233.318836 60.00
233.372713 60.00
233.436712 60.00
233.495715 60.00
233.559587 60.00
233.623716 60.00
233.682714 60.00
233.747597 60.00
233.812471 60.00
233.876843 60.00
233.941597 60.00
234.000978 60.00
234.055479 59.00
234.120365 59.00
234.181725 60.00
234.241474 60.00
234.307972 60.00
234.367598 60.00
234.426847 60.00
234.486383 60.00
234.550722 60.00
234.614973 60.00
234.679366 60.00
234.748365 60.00
234.807850 60.00
234.866725 60.00
234.925854 60.00
234.981350 60.00
235.041857 60.00
235.096387 60.00
235.166486 60.00
235.223608 60.00
235.283385 60.00
235.348397 60.00
235.413250 60.00
235.469605 60.00
235.534124 60.00
235.593397 60.00
235.658364 60.00
235.723122 60.00
235.782893 60.00
235.842248 60.00
235.901136 60.00
235.965605 60.00
236.029740 60.00
236.099734 60.00
236.163733 60.00
236.222608 60.00
236.286607 60.00
236.350737 60.00
236.411252 60.00
236.475740 60.00
236.546033 60.00
236.611754 60.00
236.681739 60.00
236.751744 60.00
236.813035 60.00
236.882741 60.00
236.947378 60.00
237.019613 60.00
237.083613 60.00
237.156143 60.00
237.209614 60.00
237.287144 60.00
237.346144 60.00
237.427145 60.00
237.486408 60.00
237.545491 60.00
237.609745 60.00
237.665496 60.00
237.734889 60.00
237.791060 60.00
237.850498 60.00
237.911280 60.00
237.976271 60.00
238.046643 60.00
238.106275 60.00
238.167395 60.00
238.240375 60.00
238.299153 60.00
238.369631 60.00
238.431880 60.00
238.487279 60.00
238.552277 60.00
238.617138 60.00
238.676761 60.00
238.731273 60.00
238.809759 60.00
238.870886 60.00
238.926388 60.00
238.998385 60.00
239.064287 60.00
239.129172 60.00
239.199275 60.00
239.266110 60.00
239.325887 60.00
239.371764 60.00
239.426294 60.00
239.490757 60.00
239.544631 60.00
239.619161 60.00
239.683632 60.00
239.744400 60.00
239.808398 60.00
239.877386 60.00
239.946635 60.00
240.016278 60.00
240.089171 60.00
240.142760 60.00
240.196513 60.00
240.255512 60.00
240.316403 60.00
240.375513 60.00
240.436404 60.00
240.495513 60.00
240.559514 60.00
240.620285 60.00
240.684515 60.00
240.743390 60.00
240.802515 60.00
240.861410 60.00
240.920519 60.00
240.989897 60.00
241.054518 60.00
241.124052 60.00
241.182896 60.00
241.242038 60.00
241.297047 60.00
241.357522 60.00
241.411772 60.00
241.461658 60.00
241.517084 60.00
241.572524 60.00
241.622782 60.00
241.678314 60.00
241.733777 60.00
241.789304 60.00
241.850157 60.00
241.905403 60.00
241.970305 60.00
242.035029 60.00
242.099658 60.00
242.153781 60.00
242.210029 60.00
242.279540 60.00
242.343904 60.00
242.413527 60.00
242.487905 60.00
242.552406 60.00
242.629908 60.00
242.684101 60.00
242.745428 60.00
242.814928 60.00
242.874545 60.00
242.929080 60.00
242.988542 60.00
243.043094 60.00
243.102537 60.00
243.156535 60.00
243.211088 60.00
243.272340 60.00
243.332105 60.00
243.393310 60.00
243.453101 60.00
243.512541 60.00
243.572075 60.00
243.637108 60.00
243.702076 60.00
243.766413 60.00
243.832071 60.00
243.896673 60.00
243.952082 60.00
244.016542 60.00
244.072095 60.00
244.137091 60.00
244.196417 60.00
244.251417 60.00
244.310416 60.00
244.384919 60.00
244.450418 60.00
244.524920 60.00
244.585546 60.00
244.635546 60.00
244.685547 60.00
244.754926 60.00
244.821201 60.00
244.885440 60.00
244.944423 60.00
244.999676 60.00
245.054423 60.00
245.120803 60.00
245.185193 60.00
245.251329 60.00
245.310936 60.00
245.372323 60.00
245.437429 60.00
245.491935 60.00
245.567436 60.00
245.621936 60.00
245.683201 60.00
245.744333 60.00
245.809451 60.00
245.865338 60.00
245.930563 60.00
245.986808 60.00
246.046322 60.00
246.121200 60.00
246.185198 60.00
246.246088 60.00
246.310569 60.00
246.366685 60.00
246.435808 60.00
246.499808 60.00
246.560077 60.00
246.624342 60.00
246.689442 60.00
246.748820 60.00
246.804448 60.00
246.858814 60.00
246.923344 60.00
246.989569 60.00
247.045106 60.00
247.105816 60.00
247.161443 60.00
247.213202 60.00
247.272952 60.00
247.332066 60.00
247.397080 60.00
247.466817 60.00
247.525953 60.00
247.590948 60.00
247.665212 60.00
247.720455 60.00
247.784944 60.00
247.849447 60.00
247.903214 60.00
247.972087 60.00
248.036445 60.00
248.105821 60.00
248.167228 60.00
248.232115 60.00
248.291078 60.00
248.361356 60.00
248.432959 60.00
248.492830 60.00
248.557326 60.00
248.618705 60.00
248.678455 60.00
248.732836 60.00
248.803226 60.00
248.862703 60.00
248.923091 60.00
248.987093 60.00
249.050953 60.00
249.115095 60.00
249.170357 60.00
249.224834 60.00
249.284348 60.00
249.338361 60.00
249.392853 60.00
249.457833 60.00
249.522102 60.00
249.592104 60.00
249.652841 60.00
249.717839 60.00
249.782238 60.00
249.847373 60.00
249.901712 59.00
249.960711 59.00
250.014839 60.00
250.079227 60.00
250.134713 60.00
250.204714 60.00
250.263838 60.00
250.319103 60.00
250.383247 60.00
250.448362 60.00
250.498232 60.00
250.548233 60.00
250.607474 60.00
250.676715 60.00
250.736364 60.00
250.795489 60.00
250.859715 60.00
250.923716 60.00
250.982482 60.00
251.046720 60.00
251.105468 60.00
251.174718 60.00
251.238719 60.00
251.302844 60.00
251.372112 60.00
251.436250 60.00
251.490727 60.00
251.550114 60.00
251.606973 60.00
251.669604 60.00
251.730129 60.00
251.791263 60.00
251.847012 60.00
251.911376 60.00
251.961733 60.00
252.021120 60.00
252.080379 60.00
252.130733 60.00
252.191988 60.00
252.251737 60.00
252.311375 60.00
252.366730 60.00
252.432731 60.00
252.497253 60.00
252.556604 60.00
252.613478 60.00
252.682603 60.00
252.751603 60.00
252.810120 60.00
252.870479 60.00
252.929119 60.00
252.992980 60.00
253.061981 60.00
253.125981 60.00
253.192248 60.00
253.245983 60.00
253.305386 60.00
253.372609 60.00
253.426612 60.00
253.496737 60.00
253.556254 60.00
253.615743 60.00
253.679987 60.00
253.744622 60.00
253.809131 60.00
253.873745 60.00
253.938743 60.00
254.003748 60.00
254.070495 60.00
254.130259 60.00
254.191269 60.00
254.252263 60.00
254.311617 60.00
254.370490 60.00
254.438009 60.00
254.502025 60.00
254.561013 60.00
254.622039 60.00
254.686619 60.00
254.745758 60.00
254.806626 60.00
254.867622 60.00
254.927275 60.00
254.984391 60.00
255.045125 60.00
255.104759 60.00
255.165627 60.00
255.237414 60.00
255.298178 60.00
255.352502 60.00
255.412280 60.00
255.482628 60.00
255.538056 60.00
255.608274 60.00
255.658514 60.00
255.734071 60.00
255.793506 60.00
255.853057 60.00
255.928633 60.00
255.982515 60.00
256.052763 60.00
256.112274 60.00
256.167761 60.00
256.238052 60.00
256.308065 60.00
256.378284 60.00
256.443074 60.00
256.518513 60.00
256.588511 60.00
256.647645 60.00
256.712024 60.00
256.766288 60.00
256.831281 60.00
256.900885 60.00
256.966912 60.00
257.026041 60.00
257.085045 60.00
257.138891 60.00
257.195902 60.00
257.255523 60.00
257.316766 60.00
257.376076 60.00
257.430524 60.00
257.491643 60.00
257.552772 60.00
257.612520 60.00
257.677056 60.00
257.731061 60.00
257.785412 60.00
257.839527 60.00
257.904524 60.00
257.965769 60.00
258.024911 60.00
258.080410 60.00
258.144652 60.00
258.205527 60.00
258.271413 60.00
258.335648 60.00
258.394900 60.00
258.453772 60.00
258.518052 60.00
258.567773 60.00
258.626773 60.00
258.686026 60.00
258.745060 60.00
258.803774 60.00
258.868418 60.00
258.932650 60.00
258.996776 60.00
259.060907 60.00
259.135655 60.00
259.204777 60.00
259.268914 60.00
259.338403 60.00
259.397419 60.00
259.456424 60.00
259.525532 60.00
259.589783 60.00
259.653781 60.00
259.717781 60.00
259.792782 60.00
259.853789 60.00
259.919912 60.00
259.969785 60.00
260.036105 60.00
260.086539 60.00
260.145922 60.00
260.200422 59.00
260.263306 59.00
260.318921 60.00
260.380166 60.00
260.439791 60.00
260.495668 60.00
260.562166 60.00
260.617416 60.00
260.683067 60.00
260.739671 60.00
260.791165 60.00
260.850920 60.00
260.915428 60.00
260.983441 60.00
261.043082 60.00
261.103674 60.00
261.174067 60.00
261.224323 60.00
261.299803 60.00
261.369796 60.00
261.429425 60.00
261.499800 60.00
261.564930 60.00
261.635427 60.00
261.700432 60.00
261.770803 60.00
261.840947 60.00
261.906120 60.00
261.970947 60.00
262.035801 60.00
262.105680 60.00
262.170435 60.00
262.235436 60.00
262.300320 60.00
262.359935 60.00
262.425098 60.00
262.496686 60.00
262.556437 60.00
262.615805 60.00
262.680559 60.00
262.740327 60.00
262.799814 60.00
262.856211 60.00
262.912097 60.00
262.971813 60.00
263.028207 60.00
263.092818 60.00
263.149109 60.00
263.208434 60.00
263.267987 60.00
263.318330 60.00
263.377073 60.00
263.436078 60.00
263.490338 60.00
263.551563 60.00
263.618131 60.00
263.677814 60.00
263.732333 60.00
263.797342 60.00
263.867084 60.00
263.926818 60.00
263.981337 60.00
264.046469 60.00
264.107339 60.00
264.177334 60.00
264.237340 60.00
264.298341 60.00
264.363347 60.00
264.433573 60.00
264.493097 60.00
264.552694 60.00
264.607341 60.00
264.672352 60.00
264.742700 60.00
264.802327 60.00
264.872706 60.00
264.937573 60.00
265.007342 60.00
265.066825 60.00
265.126351 60.00
265.196707 60.00
265.261701 60.00
265.326703 60.00
265.396827 60.00
265.453138 60.00
265.512829 60.00
265.569117 60.00
265.628706 60.00
265.683228 60.00
265.744463 60.00
265.806272 60.00
265.867611 60.00
265.923587 60.00
265.983235 60.00
266.044350 60.00
266.109227 60.00
266.170459 60.00
266.240588 60.00
266.306709 60.00
266.360581 60.00
266.424469 60.00
266.494099 60.00
266.558096 60.00
266.617330 60.00
266.672223 60.00
266.735958 60.00
266.791109 60.00
266.845958 60.00
266.901104 60.00
266.964959 60.00
267.029099 60.00
267.092960 60.00
267.148103 60.00
267.199117 60.00
267.250102 60.00
267.313962 60.00
267.377963 60.00
267.431587 60.00
267.495591 60.00
267.562964 60.00
267.636985 60.00
267.697360 60.00
267.753231 60.00
267.817590 60.00
267.867592 60.00
267.932110 60.00
267.996717 60.00
268.061128 60.00
268.127360 60.00
268.202391 60.00
268.267378 60.00
268.326974 60.00
268.380976 60.00
268.440604 60.00
268.494974 60.00
268.554728 60.00
268.609140 60.00
268.673598 60.00
268.727597 60.00
268.781471 60.00
268.840472 60.00
268.904472 60.00
268.963240 60.00
269.027473 60.00
269.101975 60.00
269.166474 60.00
269.221475 60.00
269.280495 60.00
269.346605 60.00
269.405245 60.00
269.480485 60.00
269.545375 60.00
269.617112 60.00
269.682129 60.00
269.741377 60.00
269.810414 60.00
269.874732 60.00
269.920741 60.00
269.971125 60.00
270.045378 60.00
270.109988 60.00
270.169613 60.00
270.229178 60.00
270.293993 60.00
270.353739 60.00
270.404993 60.00
270.460493 60.00
270.527152 60.00
270.592024 60.00
270.653380 60.00
270.726495 60.00
270.796744 60.00
270.856124 60.00
270.922881 60.00
270.982618 60.00
271.043879 60.00
271.109044 60.00
271.170399 60.00
271.245397 60.00
271.310157 60.00
271.375047 60.00
271.436373 60.00
271.511265 60.00
271.576160 60.00
271.637151 60.00
271.703903 60.00
271.759499 60.00
271.820754 60.00
271.880503 60.00
271.941749 60.00
272.001504 60.00
272.061396 60.00
272.127501 60.00
272.181511 60.00
272.245901 60.00
272.310375 60.00
272.374882 60.00
272.453879 60.00
272.514407 60.00
272.569142 60.00
272.624510 60.00
272.683880 60.00
272.749377 60.00
272.824139 60.00
272.879380 60.00
272.945406 60.00
273.011509 60.00
273.081140 60.00
273.142081 60.00
273.206885 60.00
273.285512 60.00
273.340056 60.00
273.399394 60.00
273.466081 60.00
273.530888 60.00
273.586153 60.00
273.650518 60.00
273.710404 60.00
273.771766 60.00
273.831516 60.00
273.892261 60.00
273.951398 60.00
274.012137 60.00
274.087068 60.00
274.148157 60.00
274.217524 60.00
274.277296 60.00
274.338768 60.00
274.398396 60.00
274.459398 60.00
274.513895 60.00
274.573518 60.00
274.627895 60.00
274.697526 60.00
274.747906 60.00
274.812771 60.00
274.871903 60.00
274.933149 60.00
275.002907 60.00
275.073094 60.00
275.130149 60.00
275.196081 60.00
275.262081 60.00
275.327772 60.00
275.393314 60.00
275.459646 60.00
275.529041 60.00
275.588401 60.00
275.647183 60.00
275.706906 60.00
275.776943 60.00
275.852078 60.00
275.923906 60.00
275.985160 60.00
276.056655 60.00
276.130663 60.00
276.191029 60.00
276.255403 60.00
276.314405 60.00
276.379303 60.00
276.454407 60.00
276.513310 59.00
276.578306 59.00
276.643311 60.00
276.708415 60.00
276.762785 60.00
276.828783 60.00
276.888300 60.00
276.956909 60.00
277.010163 60.00
277.083910 60.00
277.145538 60.00
277.214788 60.00
277.279416 60.00
277.340295 60.00
277.401040 60.00
277.455312 60.00
277.514667 60.00
277.583924 60.00
277.643799 60.00
277.713790 60.00
277.774039 60.00
277.839666 60.00
277.903792 60.00
277.964319 60.00
278.028666 60.00
278.089317 60.00
278.143798 60.00
278.203169 60.00
278.262799 60.00
278.329549 60.00
278.394171 60.00
278.458460 60.00
278.523921 60.00
278.594194 60.00
278.664320 60.00
278.719805 60.00
278.784806 60.00
278.844193 60.00
278.908049 60.00
278.972550 60.00
279.042174 60.00
279.106305 60.00
279.165193 60.00
279.224804 60.00
279.284427 60.00
279.349329 60.00
279.403811 60.00
279.464804 60.00
279.540203 60.00
279.612074 60.00
279.678562 60.00
279.738348 60.00
279.788807 60.00
279.858688 60.00
279.920106 60.00
279.986342 60.00
280.038562 60.00
280.098207 60.00
280.159438 60.00
280.224342 60.00
280.281062 60.00
280.344813 60.00
280.399813 60.00
280.464061 60.00
280.523077 60.00
280.578692 60.00
280.638340 60.00
280.688690 60.00
280.753691 60.00
280.813218 60.00
280.867697 60.00
280.932567 60.00
280.988340 60.00
281.049217 60.00
281.104567 60.00
281.169340 60.00
281.238818 60.00
281.299346 60.00
281.375124 60.00
281.441211 60.00
281.500222 60.00
281.554571 60.00
281.613450 60.00
281.676955 60.00
281.741196 60.00
281.804698 60.00
281.857952 60.00
281.931702 60.00
281.984959 60.00
282.058697 60.00
282.117202 60.00
282.180701 60.00
282.233948 60.00
282.307707 60.00
282.360948 60.00
282.429698 60.00
282.484698 60.00
282.539698 60.00
282.594700 60.00
282.649703 60.00
282.714955 60.00
282.775077 60.00
282.843702 60.00
282.904359 60.00
282.964087 60.00
283.022581 60.00
283.082577 60.00
283.142836 60.00
283.202590 60.00
283.263834 60.00
283.323586 60.00
283.388590 60.00
283.453591 60.00
283.512962 60.00
283.579134 60.00
283.649588 60.00
283.709232 60.00
283.760596 60.00
283.825587 60.00
283.884086 60.00
283.947841 60.00
284.012598 60.00
284.077598 60.00
284.137236 60.00
284.193464 60.00
284.252723 60.00
284.317340 60.00
284.380839 60.00
284.454841 60.00
284.519246 60.00
284.589470 60.00
284.658715 60.00
284.718350 60.00
284.789596 60.00
284.859974 60.00
284.930242 60.00
285.001851 60.00
285.063366 60.00
285.122846 60.00
285.192975 60.00
285.252112 60.00
285.310971 60.00
285.369844 60.00
285.433844 60.00
285.497844 60.00
285.561845 60.00
285.625845 60.00
285.689845 60.00
285.748846 60.00
285.812847 60.00
285.876987 60.00
285.932729 60.00
285.980976 60.00
286.039856 60.00
286.100601 60.00
286.155477 60.00
286.210732 60.00
286.265727 60.00
286.324986 60.00
286.379486 60.00
286.438982 60.00
286.500248 60.00
286.559858 60.00
286.624492 60.00
286.689492 60.00
286.754376 60.00
286.808489 60.00
286.869490 60.00
286.928870 60.00
286.993376 60.00
287.065124 60.00
287.134481 60.00
287.199607 60.00
287.268607 60.00
287.346277 60.00
287.410376 60.00
287.469612 60.00
287.529159 60.00
287.593509 60.00
287.654383 60.00
287.713739 60.00
287.787611 60.00
287.856738 60.00
287.915612 60.00
287.979738 60.00
288.045490 60.00
288.099407 60.00
288.160797 60.00
288.216369 60.00
288.270396 60.00
288.331747 60.00
288.397875 60.00
288.452379 60.00
288.521368 60.00
288.585386 60.00
288.644391 60.00
288.708744 60.00
288.762748 60.00
288.818624 60.00
288.882633 60.00
288.942397 60.00
289.003375 60.00
289.069007 60.00
289.124009 60.00
289.171503 60.00
289.241405 60.00
289.308007 60.00
289.372753 60.00
289.446077 60.00
289.506128 60.00
289.575144 60.00
289.653125 60.00
289.727511 60.00
289.797271 60.00
289.855627 60.00
289.914502 60.00
289.978898 60.00
290.037503 60.00
290.101756 60.00
290.155755 60.00
290.219379 60.00
290.278629 60.00
290.352380 60.00
290.411259 60.00
290.469635 60.00
290.533635 60.00
290.592633 60.00
290.651760 60.00
290.710904 60.00
290.770134 60.00
290.833633 59.00
290.907383 59.00
290.960635 60.00
291.034385 60.00
291.089385 60.00
291.144511 60.00
291.203762 60.00
291.272387 60.00
291.327262 60.00
291.385637 60.00
291.454387 60.00
291.509265 60.00
291.569263 60.00
291.628161 60.00
291.692393 60.00
291.756403 60.00
291.817295 60.00
291.877520 60.00
291.946517 60.00
292.011163 60.00
292.068082 60.00
292.127776 60.00
292.181771 60.00
292.235775 60.00
292.295431 60.00
292.361902 60.00
292.417308 60.00
292.487654 60.00
292.547902 60.00
292.602527 60.00
292.671778 60.00
292.741659 60.00
292.801153 60.00
292.870275 60.00
292.935300 60.00
292.994779 60.00
293.048914 60.00
293.113915 60.00
293.179529 60.00
293.253280 60.00
293.306529 60.00
293.380410 60.00
293.445658 60.00
293.515200 60.00
293.579658 60.00
293.638532 60.00
293.707412 60.00
293.778079 60.00
293.831533 60.00
293.905293 60.00
293.960411 60.00
294.025658 60.00
294.094540 60.00
294.168285 60.00
294.223159 60.00
294.283411 60.00
294.333161 60.00
294.393166 60.00
294.453161 60.00
294.513165 60.00
294.576666 60.00
294.636788 60.00
294.690293 60.00
294.739669 60.00
294.798417 60.00
294.868789 60.00
294.927289 59.00
294.977927 59.00
295.041542 60.00
295.106791 60.00
295.152301 60.00
295.202927 60.00
295.266429 60.00
295.330800 60.00
295.386297 60.00
295.436921 60.00
295.490419 60.00
295.564172 60.00
295.617428 60.00
295.686429 60.00
295.741295 60.00
295.800923 60.00
295.864425 60.00
295.933297 60.00
295.992927 60.00
296.056423 60.00
296.127464 60.00
296.186932 60.00
296.250677 60.00
296.314185 60.00
296.369193 60.00
296.424436 60.00
296.497683 60.00
296.558179 60.00
296.619452 60.00
296.678935 60.00
296.744440 60.00
296.809565 60.00
296.864076 60.00
296.923558 60.00
296.977563 60.00
297.047071 60.00
297.107058 60.00
297.160310 60.00
297.219566 60.00
297.274103 60.00
297.338560 60.00
297.392565 60.00
297.447132 60.00
297.511564 60.00
297.576094 60.00
297.646113 60.00
297.716103 60.00
297.780448 60.00
297.849957 60.00
297.905695 60.00
297.956086 60.00
298.025943 60.00
298.081571 60.00
298.136091 60.00
298.195568 60.00
298.250117 60.00
298.315117 60.00
298.374445 60.00
298.443944 60.00
298.507944 60.00
298.566441 60.00
298.621458 60.00
298.681693 60.00
298.727442 60.00
298.782572 60.00
298.841335 60.00
298.905445 60.00
298.969570 60.00
299.034130 60.00
299.100827 60.00
299.165449 60.00
299.221350 60.00
299.286579 60.00
299.340954 60.00
299.405461 60.00
299.464825 60.00
299.520220 60.00
299.584461 60.00
299.638451 60.00
299.697221 60.00
299.758348 60.00
299.824233 60.00
299.883958 60.00
299.945098 60.00
300.004461 60.00
300.058965 60.00
300.129121 60.00
300.189964 60.00
300.254963 60.00
300.314466 60.00
300.368969 60.00
300.433836 60.00
300.493465 60.00
300.547966 59.00
300.612835 59.00
300.668466 60.00
300.722986 60.00
300.782336 60.00
300.848465 60.00
300.902966 60.00
300.972982 60.00
301.043361 60.00
301.109231 60.00
301.164463 60.00
301.214465 60.00
301.264463 60.00
301.314463 60.00
301.378840 60.00
301.443154 60.00
301.513488 60.00
301.578237 60.00
301.647841 60.00
301.722842 60.00
301.786988 60.00
301.857357 60.00
301.926975 60.00
301.988114 60.00
302.062843 60.00
302.126842 60.00
302.187219 60.00
302.251111 60.00
302.315111 60.00
302.379235 60.00
302.443111 60.00
302.507112 60.00
302.571113 60.00
302.640113 60.00
302.701100 60.00
302.765243 60.00
302.834852 60.00
302.894117 60.00
302.958856 60.00
303.023856 60.00
303.088738 60.00
303.144374 60.00
303.198856 60.00
303.258396 60.00
303.312858 60.00
303.377731 60.00
303.438385 60.00
303.493052 60.00
303.567376 60.00
303.621125 60.00
303.680355 60.00
303.744606 60.00
303.808731 60.00
303.869106 60.00
303.933380 60.00
303.997889 60.00
304.056985 60.00
304.123169 60.00
304.193380 60.00
304.258056 60.00
304.318876 60.00
304.383738 60.00
304.450172 60.00
304.509896 60.00
304.569260 60.00
304.634049 60.00
304.704241 60.00
304.765134 60.00
304.838053 60.00
304.913267 60.00
305.002137 60.00
305.066741 60.00
305.126389 60.00
305.180877 60.00
305.245886 60.00
305.310885 60.00
305.373621 60.00
305.457269 60.00
305.511750 60.00
305.571121 60.00
305.630751 60.00
305.695624 60.00
305.760402 60.00
305.810751 60.00
305.875750 60.00
305.945755 60.00
306.010753 60.00
306.070267 60.00
306.124755 60.00
306.184378 60.00
306.239374 60.00
306.289154 60.00
306.348624 60.00
306.407134 60.00
306.461275 60.00
306.515145 60.00
306.570504 60.00
306.634627 60.00
306.690039 60.00
306.759630 60.00
306.818762 60.00
306.888629 60.00
306.948280 60.00
307.013405 60.00
307.078295 60.00
307.132761 60.00
307.197635 60.00
307.260084 59.00
307.330284 59.00
307.384635 60.00
307.444286 60.00
307.505279 60.00
307.569396 60.00
307.628772 60.00
307.693764 60.00
307.747018 60.00
307.820763 60.00
307.875888 60.00
307.935159 60.00
307.989137 60.00
308.058150 60.00
308.117768 60.00
308.182516 60.00
308.238079 60.00
308.297776 60.00
308.367518 60.00
308.427082 60.00
308.493150 60.00
308.543038 60.00
308.606921 60.00
308.671276 60.00
308.729924 60.00
308.788911 60.00
308.848273 60.00
308.906894 60.00
308.971775 60.00
309.032523 60.00
309.093039 60.00
309.154419 60.00
309.215151 60.00
309.268938 60.00
309.333777 60.00
309.394526 60.00
309.447897 60.00
309.511898 60.00
309.576048 60.00
309.639899 60.00
309.704051 60.00
309.767928 60.00
309.832051 60.00
309.896028 60.00
309.954902 60.00
310.018776 60.00
310.083297 60.00
310.153057 60.00
310.217783 60.00
310.277073 60.00
310.336166 60.00
310.397172 60.00
310.461778 60.00
310.531058 60.00
310.589911 60.00
310.655780 60.00
310.721783 60.00
310.786031 60.00
310.845049 60.00
310.899312 60.00
310.960164 60.00
311.024408 60.00
311.082909 60.00
311.141783 60.00
311.211035 60.00
311.275046 60.00
311.328661 60.00
311.393786 60.00
311.457785 60.00
311.521786 60.00
311.585788 60.00
311.649792 60.00
311.710163 60.00
311.775539 60.00
311.839672 60.00
311.917416 60.00
311.981432 60.00
312.045792 60.00
312.110197 60.00
312.160420 60.00
312.224791 60.00
312.284195 60.00
312.334549 60.00
312.393795 60.00
312.452932 60.00
312.523195 60.00
312.573549 60.00
312.643192 60.00
312.713112 60.00
312.766962 60.00
312.825546 60.00
312.889546 60.00
312.953797 60.00
313.014806 60.00
313.074554 60.00
313.133801 60.00
313.203933 60.00
313.274071 60.00
313.332803 60.00
313.396801 60.00
313.466676 60.00
313.532810 60.00
313.582805 60.00
313.652446 60.00
313.706437 60.00
313.767816 60.00
313.833808 60.00
313.893564 60.00
313.956221 60.00
314.015809 60.00
314.080440 60.00
314.150566 60.00
314.211203 60.00
314.266689 60.00
314.318219 60.00
314.377201 60.00
314.446944 60.00
314.501457 60.00
314.562563 60.00
314.615096 60.00
314.660951 60.00
314.720202 60.00
314.786211 60.00
314.841947 60.00
314.901461 60.00
314.971446 60.00
315.043317 60.00
315.107827 60.00
315.171690 60.00
315.236207 60.00
315.300573 60.00
315.370824 60.00
315.440819 60.00
315.505449 60.00
315.565127 60.00
315.629695 60.00
315.688694 60.00
315.747818 60.00
315.801570 60.00
315.876825 60.00
315.946949 60.00
316.005833 60.00
316.076138 60.00
316.140826 60.00
316.195132 60.00
316.261722 60.00
316.321343 60.00
316.380833 60.00
316.435218 60.00
316.490829 60.00
316.546577 60.00
316.610701 60.00
316.680327 60.00
316.734359 60.00
316.795589 60.00
316.861958 60.00
316.916361 60.00
316.983142 60.00
317.042831 60.00
317.100136 60.00
317.159715 60.00
317.225833 60.00
317.280362 60.00
317.341592 60.00
317.401353 60.00
317.457015 60.00
317.521981 60.00
317.577336 60.00
317.642360 60.00
317.707355 60.00
317.777353 60.00
317.844132 60.00
317.909340 60.00
317.979362 60.00
318.044364 60.00
318.109108 60.00
318.163235 60.00
318.219463 60.00
318.280109 60.00
318.338588 60.00
318.402725 60.00
318.467589 60.00
318.531469 60.00
318.597616 60.00
318.656591 60.00
318.720716 60.00
318.774852 60.00
318.834108 60.00
318.903111 60.00
318.967595 60.00
319.041724 60.00
319.106237 60.00
319.165846 60.00
319.227154 60.00
319.286856 60.00
319.346366 60.00
319.415597 60.00
319.474732 60.00
319.526364 60.00
319.585383 60.00
319.651982 60.00
319.710975 60.00
319.775118 60.00
319.834254 60.00
319.898475 60.00
319.967598 60.00
320.031474 60.00
320.095599 60.00
320.154475 60.00
320.213365 60.00
320.277115 60.00
320.340726 60.00
320.399368 60.00
320.462977 60.00
320.532119 60.00
320.592480 60.00
320.642120 60.00
320.711120 60.00
320.769729 60.00
320.829123 60.00
320.898147 60.00
320.967736 60.00
321.027122 60.00
321.091735 60.00
321.147257 60.00
321.211746 60.00
321.271614 60.00
321.343490 60.00
321.398145 60.00
321.459543 60.00
321.524132 60.00
321.599618 60.00
321.659261 60.00
321.720501 60.00
321.782033 60.00
321.841741 60.00
321.901275 60.00
321.961159 60.00
322.025496 60.00
322.085146 60.00
322.146626 60.00
322.206264 60.00
322.271044 60.00
322.349748 60.00
322.405884 60.00
322.465624 60.00
322.520039 60.00
322.585043 60.00
322.644496 60.00
322.703387 60.00
322.776274 60.00
322.836144 60.00
322.905016 60.00
322.960629 60.00
323.016889 60.00
323.076499 60.00
323.145878 60.00
323.206501 60.00
323.260503 60.00
323.329883 60.00
323.393878 60.00
323.458032 60.00
323.518629 60.00
323.568376 60.00
323.627630 60.00
323.677507 60.00
323.736504 60.00
323.806635 60.00
323.866274 60.00
323.921507 60.00
323.991038 60.00
324.061061 60.00
324.125511 60.00
324.190510 60.00
324.255283 60.00
324.315142 60.00
324.376416 60.00
324.441157 60.00
324.496153 60.00
324.561518 60.00
324.626157 60.00
324.687152 60.00
324.752077 60.00
324.816386 60.00
324.875511 60.00
324.934887 60.00
324.999525 60.00
325.054060 60.00
325.113389 60.00
325.172523 60.00
325.227063 60.00
325.292060 60.00
325.358176 60.00
325.417526 60.00
325.481514 60.00
325.541070 60.00
325.600532 60.00
325.664894 60.00
325.729394 60.00
325.790061 60.00
325.859654 60.00
325.910069 60.00
325.975045 60.00
326.035647 60.00
326.090645 60.00
326.136527 60.00
326.191647 60.00
326.242075 60.00
326.307069 60.00
326.366410 60.00
326.432527 60.00
326.487070 60.00
326.546290 60.00
326.617286 60.00
326.671398 60.00
326.726167 60.00
326.795414 60.00
326.869905 60.00
326.935401 60.00
327.004652 60.00
327.069903 60.00
327.144404 60.00
327.210169 60.00
327.274402 60.00
327.343906 60.00
327.431907 60.00
327.496172 60.00
327.570405 60.00
327.629175 60.00
327.693049 60.00
327.759177 60.00
327.820058 60.00
327.894162 60.00
327.963177 60.00
328.032301 60.00
328.096048 60.00
328.157161 60.00
328.226167 60.00
328.296540 60.00
328.360196 60.00
328.420920 60.00
328.485921 60.00
328.556110 60.00
328.622111 60.00
328.677168 60.00
328.741925 60.00
328.811792 60.00
328.875790 60.00
328.934415 60.00
328.988313 60.00
329.048540 60.00
329.103183 60.00
329.162180 60.00
329.232666 60.00
329.296183 60.00
329.355184 60.00
329.425543 60.00
329.471186 60.00
329.535185 60.00
329.609044 60.00
329.678189 60.00
329.733188 60.00
329.807198 60.00
329.882215 60.00
329.955923 60.00
330.020190 60.00
330.084049 60.00
330.153218 60.00
330.236189 60.00
330.300441 60.00
330.354191 60.00
330.418184 60.00
330.482805 60.00
330.547220 60.00
330.616804 60.00
330.670804 60.00
330.730222 60.00
330.794212 60.00
330.863804 60.00
330.933200 60.00
330.997441 60.00
331.058058 60.00
331.122812 60.00
331.187812 60.00
331.252059 60.00
331.321074 60.00
331.385085 60.00
331.449074 60.00
331.509561 60.00
331.571559 60.00
331.641077 60.00
331.696205 60.00
331.759937 60.00
331.819331 60.00
331.874955 60.00
331.939344 60.00
331.993819 60.00
332.068817 60.00
332.129347 60.00
332.183827 60.00
332.248694 60.00
332.307442 60.00
332.368133 60.00
332.437817 60.00
332.498083 60.00
332.562695 60.00
332.621445 60.00
332.685693 60.00
332.750212 60.00
332.809349 60.00
332.863827 60.00
332.923341 60.00
332.982091 60.00
333.046092 60.00
333.110087 60.00
333.179696 60.00
333.238823 60.00
333.308089 60.00
333.372099 60.00
333.436449 60.00
333.506092 60.00
333.578702 60.00
333.637835 60.00
333.700580 60.00
333.761350 60.00
333.811367 60.00
333.861708 60.00
333.921349 60.00
333.980965 60.00
334.040840 60.00
334.096229 60.00
334.151713 60.00
334.216715 60.00
334.272102 60.00
334.322100 60.00
334.381247 60.00
334.435712 60.00
334.496361 60.00
334.557162 60.00
334.623115 60.00
334.681990 60.00
334.746588 60.00
334.800353 60.00
334.860585 60.00
334.920989 60.00
334.984836 60.00
335.049124 60.00
335.107996 60.00
335.183169 60.00
335.253359 60.00
335.323258 60.00
335.377593 60.00
335.447593 60.00
335.505973 60.00
335.580017 60.00
335.649727 60.00
335.714721 60.00
335.784844 60.00
335.849126 60.00
335.908261 60.00
335.972593 60.00
336.026723 60.00
336.087977 60.00
336.152112 60.00
336.207848 60.00
336.267597 60.00
336.328846 60.00
336.388602 60.00
336.448257 60.00
336.503849 60.00
336.564855 60.00
336.624618 60.00
336.685601 60.00
336.745251 60.00
336.801353 60.00
336.861725 60.00
336.917252 60.00
336.971736 60.00
337.030728 60.00
337.100608 60.00
337.160252 60.00
337.210124 60.00
337.265605 60.00
337.319612 60.00
337.379729 60.00
337.450229 60.00
337.504731 60.00
337.569855 60.00
337.638729 60.00
337.697731 60.00
337.766988 60.00
337.836734 60.00
337.905607 60.00
337.958982 60.00
338.022607 60.00
338.075982 60.00
338.139607 60.00
338.192983 60.00
338.256608 60.00
338.309984 60.00
338.373609 60.00
338.426985 60.00
338.490610 60.00
338.543866 60.00
338.617735 60.00
338.686736 60.00
338.755870 60.00
338.819740 60.00
338.884019 60.00
338.942869 60.00
339.011617 60.00
339.064866 60.00
339.133869 60.00
339.198025 60.00
339.257031 60.00
339.315743 60.00
339.381751 60.00
339.441500 60.00
339.500746 60.00
339.560147 60.00
339.621053 60.00
339.675374 60.00
339.736072 60.00
339.797041 60.00
339.852502 60.00
339.909132 60.00
339.963752 60.00
340.038147 60.00
340.093267 60.00
340.162279 60.00
340.221750 59.00
340.285753 59.00
340.344750 60.00
340.405381 60.00
340.464512 60.00
340.529506 60.00
340.594507 59.00
340.654066 59.00
340.708508 60.00
340.773509 60.00
340.838512 60.00
340.903517 60.00
340.962630 60.00
341.019073 60.00
341.073506 60.00
341.134509 60.00
341.188516 60.00
341.253519 60.00
341.318386 60.00
341.382895 60.00
341.454637 60.00
341.513760 60.00
341.580061 60.00
341.641077 60.00
341.696513 60.00
341.761393 60.00
341.822765 60.00
341.892513 60.00
341.955294 60.00
342.012770 60.00
342.072422 60.00
342.141764 60.00
342.206388 60.00
342.265408 60.00
342.324279 60.00
342.388768 60.00
342.447642 60.00
342.506640 60.00
342.573022 60.00
342.628193 60.00
342.687643 60.00
342.754052 60.00
342.799766 60.00
342.858642 60.00
342.922642 60.00
342.991642 60.00
343.062047 60.00
343.107647 60.00
343.176645 60.00
343.245523 60.00
343.309771 60.00
343.368647 60.00
343.427778 60.00
343.502434 60.00
343.572780 60.00
343.642777 60.00
343.696970 60.00
343.751423 60.00
343.812405 60.00
343.887318 60.00
343.957415 60.00
344.022406 60.00
344.082078 60.00
344.147787 60.00
344.222296 60.00
344.287429 60.00
344.346783 60.00
344.400792 60.00
344.471083 60.00
344.530784 60.00
344.589970 60.00
344.646962 60.00
344.702787 60.00
344.762443 60.00
344.823308 60.00
344.884289 60.00
344.949420 60.00
345.009308 60.00
345.076082 60.00
345.136975 60.00
345.187308 60.00
345.254080 60.00
345.313789 60.00
345.363799 60.00
345.418164 60.00
345.477331 60.00
345.538551 60.00
345.598309 60.00
345.652320 60.00
345.722813 60.00
345.787434 60.00
345.857670 60.00
345.917313 60.00
345.976668 60.00
346.031316 60.00
346.091321 60.00
346.150670 60.00
346.215674 60.00
346.275319 60.00
346.339992 60.00
346.404978 60.00
346.475174 60.00
346.534806 60.00
346.589316 60.00
346.650551 60.00
346.710320 60.00
346.775316 60.00
346.845675 60.00
346.905327 60.00
346.972127 60.00
347.031802 60.00
347.096681 60.00
347.161685 60.00
347.231677 60.00
347.291432 60.00
347.351189 60.00
347.410679 60.00
347.465203 60.00
347.530098 60.00
347.594555 60.00
347.654332 60.00
347.721096 60.00
347.785555 60.00
347.851685 60.00
347.906188 60.00
347.965683 60.00
348.021210 60.00
348.086084 60.00
348.150684 60.00
348.206208 60.00
348.276562 60.00
348.337810 60.00
348.397967 60.00
348.453984 60.00
348.518116 60.00
348.578689 60.00
348.638976 60.00
348.703218 60.00
348.762315 60.00
348.821816 60.00
348.867564 60.00
348.927213 60.00
348.982694 60.00
349.043208 60.00
349.113571 60.00
349.178695 60.00
349.232826 60.00
349.283216 60.00
349.348215 60.00
349.407444 60.00
349.462693 60.00
349.527083 60.00
349.586112 60.00
349.647468 60.00
349.711570 60.00
349.772454 60.00
349.842580 60.00
349.901572 60.00
349.956103 60.00
350.017458 60.00
350.081698 60.00
350.136102 60.00
350.197459 60.00
350.262095 60.00
350.323457 60.00
350.385012 60.00
350.449577 60.00
350.504225 60.00
350.569122 60.00
350.628578 60.00
350.683105 60.00
350.748128 60.00
350.812985 60.00
350.871981 60.00
350.936452 60.00
351.005987 60.00
351.070582 60.00
351.124579 60.00
351.178454 60.00
351.248127 60.00
351.307331 60.00
351.366473 60.00
351.425586 60.00
351.475473 60.00
351.534457 60.00
351.589348 60.00
351.644459 60.00
351.699719 60.00
351.750131 60.00
351.815105 60.00
351.876368 60.00
351.936032 60.00
351.995590 60.00
352.045460 60.00
352.110988 60.00
352.171352 60.00
352.235462 60.00
352.290462 60.00
352.364838 60.00
352.426148 60.00
352.492717 60.00
352.538476 60.00
352.599370 60.00
352.664238 60.00
352.728844 60.00
352.788599 60.00
352.853602 60.00
352.909386 60.00
352.979475 60.00
353.044474 60.00
353.103982 60.00
353.165246 60.00
353.224976 60.00
353.294360 60.00
353.353360 60.00
353.422845 60.00
353.492366 60.00
353.551472 60.00
353.605363 60.00
353.669987 60.00
353.729371 60.00
353.798852 60.00
353.852726 60.00
353.916985 60.00
353.981368 60.00
354.050366 60.00
354.109483 60.00
354.168366 60.00
354.227368 60.00
354.291602 60.00
354.351853 60.00
354.407484 60.00
354.466987 60.00
354.531249 60.00
354.595121 60.00
354.654480 60.00
354.718119 60.00
354.782734 60.00
354.852128 60.00
354.923297 60.00
354.988116 60.00
355.048733 60.00
355.107248 60.00
355.181125 60.00
355.244983 60.00
355.318984 60.00
355.388140 60.00
355.457256 60.00
355.522034 60.00
355.581254 60.00
355.646385 60.00
355.711259 60.00
355.786123 60.00
355.845874 60.00
355.905383 60.00
355.964397 60.00
356.023874 60.00
356.088744 60.00
356.153397 60.00
356.212874 60.00
356.277876 60.00
356.337141 60.00
356.406886 60.00
356.471495 60.00
356.535745 60.00
356.594744 60.00
356.648148 60.00
356.707387 60.00
356.771388 60.00
356.830149 60.00
356.904746 60.00
356.968386 60.00
357.032025 60.00
357.101389 60.00
357.160151 60.00
357.229747 60.00
357.288498 60.00
357.352749 60.00
357.416624 60.00
357.480155 60.00
357.549879 60.00
357.619627 60.00
357.683754 60.00
357.747753 60.00
357.806754 60.00
357.870754 60.00
357.929754 60.00
357.994382 60.00
358.048274 60.00
358.107146 60.00
358.166399 60.00
358.225384 60.00
358.286039 60.00
358.360891 60.00
358.430403 60.00
358.491041 60.00
358.555510 60.00
358.621641 60.00
358.681282 60.00
358.735637 60.00
358.791150 60.00
358.850286 60.00
358.911642 60.00
358.971141 60.00
359.035764 60.00
359.107052 60.00
359.166284 60.00
359.220282 60.00
359.279767 60.00
359.349306 60.00
359.403771 60.00
359.468771 60.00
359.538152 60.00
359.604293 60.00
359.659772 60.00
359.719287 60.00
359.778644 60.00
359.843041 60.00
359.907314 60.00
359.961774 60.00
360.026774 60.00
360.091782 60.00
360.156775 60.00
360.217776 60.00
360.287294 60.00
360.346164 60.00
360.400026 60.00
360.469290 60.00
360.533774 60.00
360.593167 60.00
360.657052 60.00
360.731776 60.00
360.796053 60.00
360.860058 60.00
360.934652 60.00
360.988322 60.00
361.038781 60.00
361.103171 60.00
361.162060 60.00
361.231653 60.00
361.290653 60.00
361.354785 60.00
361.419782 60.00
361.476908 60.00
361.546312 60.00
361.596784 60.00
361.666670 60.00
361.725666 60.00
361.785303 60.00
361.839535 60.00
361.900160 60.00
361.959034 60.00
362.023536 60.00
362.087797 60.00
362.148539 60.00
362.204082 60.00
362.270448 60.00
362.330095 60.00
362.389414 60.00
362.453416 60.00
362.513107 60.00
362.574440 60.00
362.639042 60.00
362.694671 60.00
362.754332 60.00
362.819167 60.00
362.878673 60.00
362.938196 60.00
362.997795 60.00
363.073106 60.00
363.143301 60.00
363.198671 60.00
363.274102 60.00
363.344323 60.00
363.409215 60.00
363.464675 60.00
363.529676 60.00
363.594081 60.00
363.669676 60.00
363.729319 60.00
363.798923 60.00
363.863175 60.00
363.921797 60.00
363.991066 60.00
364.050070 60.00
364.109067 60.00
364.169935 60.00
364.234684 60.00
364.294071 60.00
364.353206 60.00
364.407682 60.00
364.468933 60.00
364.533435 60.00
364.593204 60.00
364.652684 60.00
364.711806 60.00
364.775805 60.00
364.834933 60.00
364.900683 60.00
364.969805 60.00
365.026684 60.00
365.091125 60.00
365.145564 60.00
365.201207 60.00
365.252816 60.00
365.303211 60.00
365.353564 60.00
365.409106 60.00
365.458938 60.00
365.514568 60.00
365.579572 60.00
365.638942 60.00
365.698570 60.00
365.763575 60.00
365.828569 60.00
365.903947 60.00
365.974222 60.00
366.048816 60