0.000000 0.000000
0.052529 42.78
0.109010 42.78
0.179277 42.22
0.238378 42.22
0.297253 42.22
0.361252 42.22
0.435138 42.22
0.509140 42.22
0.583140 42.22
0.647252 42.22
0.716524 42.22
0.770997 42.22
0.832821 41.67
0.903535 41.67
0.963292 42.22
1.022996 41.67
1.076744 42.22
1.135744 41.67
1.204743 42.22
1.273508 42.22
1.337261 42.22
1.401883 41.67
1.468807 41.67
1.528519 41.67
1.582264 42.22
1.646263 42.22
1.705264 42.22
1.779151 41.67
1.848154 41.67
1.912155 41.67
1.976267 42.22
2.040155 41.67
2.104154 41.67
2.168266 41.67
2.232157 41.67
2.296157 41.67
2.360157 41.67
2.424156 41.67
2.488158 41.67
2.552272 41.67
2.611272 41.67
2.675270 41.67
2.739158 41.67
2.803160 41.67
2.867162 41.67
2.926274 41.67
2.990275 41.67
3.049275 41.67
3.113163 41.67
3.172276 41.67
3.236277 41.67
3.295276 41.67
3.359275 41.67
3.418288 41.67
3.482278 41.67
3.541277 41.67
3.605280 41.67
3.674653 41.67
3.738639 41.67
3.802639 41.67
3.877171 41.67
3.941281 41.67
4.005171 41.67
4.069171 41.67
4.133284 41.67
4.192143 41.67
4.251284 41.67
4.310175 41.67
4.374172 41.67
4.433286 41.67
4.486769 41.67
4.547020 41.67
4.611146 41.67
4.675146 41.67
4.744022 41.67
4.802415 41.67
4.861022 41.67
4.919415 41.67
4.978023 41.67
5.027540 41.67
5.093024 41.67
5.162025 41.67
5.212651 41.67
5.276419 41.67
5.331556 41.67
5.377152 41.67
5.446034 41.67
5.496652 41.67
5.560422 41.67
5.624035 41.67
5.677421 41.67
5.736182 41.67
5.800038 41.67
5.865038 41.67
5.930186 41.67
5.993906 41.67
6.054186 41.67
6.114550 41.67
6.178548 41.67
6.242659 41.67
6.308036 41.67
6.367038 41.67
6.426188 41.67
6.490190 41.67
6.554039 41.67
6.613040 41.67
6.672189 41.67
6.736192 41.67
6.795192 41.67
6.859192 41.67
6.918194 41.67
6.982193 41.67
7.041192 41.67
7.100043 41.67
7.159195 41.67
7.218042 41.67
7.277043 41.67
7.341043 41.67
7.400043 41.67
7.464047 41.67
7.528047 41.67
7.587048 41.67
7.646055 41.67
7.705055 41.67
7.764055 41.67
7.823055 41.67
7.887055 41.67
7.946055 41.67
8.010055 41.67
8.079055 41.67
8.138056 41.67
8.192924 41.67
8.247675 41.67
8.302676 41.67
8.357676 41.67
8.412568 41.67
8.476445 41.67
8.540569 41.67
8.596552 41.67
8.655569 41.67
8.715679 41.67
8.775929 41.67
8.834930 41.67
8.899091 41.67
8.953931 41.67
9.012931 41.67
9.072089 41.67
9.141447 41.67
9.205572 41.67
9.279933 41.67
9.338934 41.67
9.403089 41.67
9.462088 41.67
9.526092 41.67
9.585091 41.67
9.654454 41.67
9.718580 41.67
9.792937 41.67
9.851938 41.67
9.911094 41.67
9.964938 41.67
10.023940 41.67
10.082939 41.67
10.141940 41.67
10.200940 41.67
10.259940 41.67
10.318941 41.67
10.378098 41.67
10.431942 41.67
10.490943 41.67
10.549943 41.67
10.608944 41.67
10.667944 41.67
10.726945 41.67
10.781945 41.67
10.840945 41.67
10.899946 41.67
10.959101 41.67
11.012947 41.67
11.067947 41.67
11.122948 41.67
11.177948 41.67
11.232948 41.67
11.287949 41.67
11.342949 41.67
11.397950 41.67
11.452950 41.67
11.507951 41.67
11.562952 41.67
11.617952 41.67
11.672952 41.67
11.727952 41.67
11.792107 41.67
11.845953 41.67
11.900954 41.67
11.955954 41.67
12.010955 41.67
12.065955 41.67
12.129956 41.67
12.188956 41.67
12.252957 41.67
12.311957 41.67
12.375958 41.67
12.434958 41.67
12.498959 41.67
12.557959 41.67
12.621960 41.67
12.680960 41.67
12.749836 41.67
12.815212 41.67
12.877117 41.67
12.936480 41.67
13.005838 41.67
13.070963 41.67
13.139839 41.67
13.213715 41.67
13.287715 41.67
13.361716 41.67
13.435716 41.67
13.495966 41.67
13.559842 41.67
13.630246 41.67
13.699120 41.67
13.744844 41.67
13.813720 41.67
13.882844 41.67
13.951720 41.67
14.015721 41.67
14.084847 41.67
14.158722 41.67
14.232723 41.67
14.306848 41.67
14.375849 41.67
14.439724 41.67
14.513975 41.67
14.572726 41.67
14.628726 41.67
14.702728 41.67
14.762351 41.67
14.825851 41.67
14.899602 41.67
14.952853 41.67
15.026729 41.67
15.095855 41.67
15.159980 41.67
15.223855 41.67
15.297731 41.67
15.371857 41.67
15.445732 41.67
15.514732 41.67
15.583858 41.67
15.647859 41.67
15.721860 41.67
15.787735 41.67
15.851735 41.67
15.920736 41.67
15.984736 41.67
16.048737 41.67
16.117737 41.67
16.191738 41.67
16.265739 41.67
16.339864 41.67
16.400117 41.67
16.458740 41.67
16.527866 41.67
16.588120 41.67
16.646742 41.67
16.701742 41.67
16.765618 41.67
16.829743 41.67
16.884869 41.67
16.945122 41.67
17.003745 41.67
17.058870 41.67
17.119124 41.67
17.183123 41.67
17.252271 41.67
17.316124 41.67
17.395873 41.67
17.454623 41.67
17.518624 41.67
17.582750 41.67
17.646749 41.67
17.710750 41.67
17.774627 41.67
17.838627 41.67
17.902626 41.67
17.966627 41.67
18.030753 41.67
18.094646 41.67
18.163754 41.67
18.227880 41.67
18.286755 41.67
18.352630 41.67
18.416756 41.67
18.480757 41.67
18.544647 41.67
18.608633 41.67
18.672633 41.67
18.736634 41.67
18.802399 41.67
18.866286 41.67
18.932015 41.67
18.995761 41.67
19.055887 41.67
19.114637 41.67
19.173637 41.67
19.237651 41.67
19.301654 41.67
19.360655 41.67
19.424654 41.67
19.488656 41.67
19.552765 41.67
19.611657 41.67
19.675656 41.67
19.739658 41.67
19.808392 41.67
19.861642 41.67
19.932020 41.67
19.977518 41.67
20.028144 41.67
20.091643 41.67
20.165395 41.67
20.218645 41.67
20.292396 41.67
20.350896 41.67
20.414397 41.67
20.467647 41.67
20.541397 41.67
20.594647 41.67
20.668399 41.67
20.721649 41.67
20.795400 41.67
20.848650 41.67
20.922400 41.67
20.980901 41.67
21.044401 41.67
21.097651 41.67
21.171402 41.67
21.224653 41.67
21.298404 41.67
21.351654 41.67
21.425405 41.67
21.478655 41.67
21.552406 41.67
21.610907 41.67
21.679532 41.67
21.744657 41.67
21.818408 41.67
21.876908 41.67
21.928283 41.67
21.981534 41.67
22.050160 41.67
22.108534 41.67
22.178913 41.11
22.228411 41.67
22.277787 41.67
22.337913 41.67
22.383412 41.67
22.432787 41.67
22.492915 41.67
22.551288 41.67
22.604539 41.11
22.678290 41.67
22.731540 41.11
22.801917 41.67
22.847416 41.67
22.898043 41.67
22.961542 41.11
23.035293 41.67
23.088544 41.67
23.162294 41.11
23.228919 41.67
23.297545 41.67
23.371295 41.11
23.424546 41.11
23.498297 41.11
23.556797 41.11
23.620297 41.11
23.673548 41.11
23.747298 41.11
23.800548 41.11
23.874299 41.11
23.927550 41.11
24.001300 41.11
24.054550 41.11
24.128301 41.67
24.186801 41.67
24.250302 41.67
24.303553 41.11
24.377303 41.11
24.432178 41.11
24.492180 41.11
24.552180 41.11
24.612180 41.11
24.672181 41.11
24.732185 41.11
24.787181 41.11
24.847182 41.11
24.910682 41.11
24.979308 41.11
25.029933 41.11
25.093435 41.11
25.163811 41.11
25.218311 41.11
25.267685 41.11
25.327813 41.11
25.382813 41.11
25.437814 41.11
25.483312 41.11
25.532688 41.11
25.596189 41.11
25.649438 41.11
25.723189 41.11
25.776440 41.11
25.850190 41.11
25.903441 41.11
25.977191 41.11
26.030442 41.11
26.104193 41.11
26.167817 41.11
26.236443 41.11
26.310194 41.11
26.363444 41.11
26.437195 41.11
26.490445 41.11
26.564196 41.11
26.617446 41.11
26.691196 41.11
26.744447 41.11
26.818197 41.11
26.883573 41.11
26.952198 41.11
27.005449 41.11
27.079199 41.11
27.132450 41.11
27.206201 41.11
27.261078 41.11
27.321078 41.11
27.381079 41.11
27.441079 41.11
27.501080 41.11
27.561080 41.11
27.621080 41.11
27.681081 41.11
27.741081 41.11
27.801081 41.11
27.854331 41.11
27.924708 41.11
27.970207 41.11
28.020832 41.11
28.084333 41.11
28.154710 41.11
28.209209 41.11
28.259834 41.11
28.323336 41.11
28.393712 41.11
28.448211 41.11
28.497586 41.11
28.561087 41.11
28.614337 41.11
28.688089 41.11
28.741338 41.11
28.815093 41.11
28.878715 41.11
28.947340 41.11
29.021092 41.11
29.074341 41.11
29.148093 41.11
29.201342 41.11
29.275094 41.11
29.328343 41.11
29.402095 41.11
29.455344 41.11
29.529098 41.11
29.594470 41.11
29.663098 41.11
29.716346 41.11
29.790098 41.11
29.843348 41.11
29.917099 41.11
29.971973 41.11
30.031977 41.11
30.091974 41.11
30.151975 41.11
30.211975 41.11
30.275476 41.11
30.344103 41.11
30.398977 41.11
30.452228 41.11
30.517354 41.11
30.582606 41.11
30.646105 41.11
30.700980 41.11
30.754230 41.11
30.824607 41.11
30.879608 41.11
30.934609 41.11
30.980108 41.11
31.030732 41.11
31.094232 41.11
31.167983 41.11
31.221233 41.11
31.289985 41.11
31.343235 41.11
31.413612 41.11
31.459112 41.11
31.509736 41.11
31.573236 41.11
31.646987 41.11
31.700237 41.11
31.773987 41.11
31.827238 41.11
31.900988 41.11
31.954240 41.11
32.027989 41.11
32.081240 41.11
32.154990 41.11
32.208241 41.11
32.276992 41.11
32.330243 41.11
32.403992 41.11
32.457244 41.11
32.530993 41.11
32.584245 41.11
32.657994 41.11
32.712870 41.11
32.771246 41.11
32.844995 41.11
32.899871 41.11
32.959872 41.11
33.019872 41.11
33.079873 41.11
33.139873 41.11
33.199874 41.11
33.253126 41.11
33.318250 41.11
33.383503 41.11
33.438502 41.11
33.493503 41.11
33.548002 41.11
33.597378 41.11
33.657505 41.11
33.712505 41.11
33.767003 41.11
33.825379 41.11
33.885506 41.11
33.931005 41.11
33.981630 41.11
34.045132 41.11
34.118881 41.11
34.172134 41.11
34.245882 41.11
34.299134 41.11
34.372884 41.11
34.426135 41.11
34.499884 41.11
34.553136 41.11
34.626886 41.11
34.680137 41.11
34.753886 41.11
34.807138 41.11
34.880887 41.11
34.934140 41.11
35.007889 41.11
35.061140 41.11
35.134889 41.11
35.188142 41.11
35.261890 41.11
35.315143 41.11
35.388892 41.11
35.442143 41.11
35.515892 41.11
35.569145 41.11
35.642893 41.11
35.697769 41.11
35.757770 41.11
35.817770 41.11
35.877770 41.11
35.949521 41.11
36.019771 41.11
36.073022 41.11
36.143400 41.11
36.206898 41.11
36.261399 41.11
36.330024 41.11
36.400401 41.11
36.455401 41.11
36.510402 41.11
36.568776 41.11
36.622034 41.11
36.692404 41.11
36.737903 41.11
36.788528 41.11
36.852034 41.11
36.925779 41.11
36.979035 41.11
37.052780 41.11
37.106037 41.11
37.179781 41.11
37.233038 41.11
37.306782 41.11
37.360037 41.11
37.433783 41.11
37.487039 41.11
37.560784 41.11
37.614041 41.11
37.687785 41.11
37.741040 41.11
37.814786 41.11
37.868041 41.11
37.941787 41.11
37.995043 41.11
38.068788 41.11
38.123788 41.11
38.177044 41.11
38.250790 41.11
38.305790 41.11
38.359043 41.11
38.432791 41.11
38.487666 41.11
38.546044 41.11
38.619793 41.11
38.674668 41.11
38.733045 41.11
38.806794 41.11
38.865170 41.11
38.925297 41.11
38.980297 41.11
39.035297 41.11
39.090298 41.11
39.135796 41.11
39.190671 41.11
39.243923 41.11
39.314300 41.11
39.359798 41.11
39.418174 41.11
39.481674 41.11
39.534924 41.11
39.605302 41.11
39.650801 41.11
39.701426 41.11
39.764926 41.11
39.838677 41.11
39.891928 41.11
39.965678 41.11
40.018929 41.11
40.092679 41.11
40.145930 41.11
40.219680 41.11
40.272930 41.11
40.346681 41.11
40.399931 41.11
40.473682 41.11
40.526932 41.11
40.600683 41.11
40.653934 41.11
40.727685 41.11
40.780935 41.11
40.854686 41.11
40.907936 41.11
40.981686 41.11
41.034937 41.11
41.108687 41.11
41.161938 41.11
41.235688 41.11
41.290564 41.11
41.350565 41.11
41.410565 41.11
41.470566 41.11
41.530566 41.11
41.590566 41.11
41.650567 41.11
41.710567 41.11
41.763817 41.11
41.834195 41.11
41.889195 41.11
41.944196 41.11
41.998694 41.11
42.053570 41.11
42.106821 41.11
42.177197 41.11
42.222696 41.11
42.281074 41.11
42.341199 41.11
42.386697 41.11
42.437324 41.11
42.500824 41.11
42.574574 41.11
42.627824 41.11
42.701576 41.11
42.754825 41.11
42.828577 41.11
42.881827 41.11
42.955578 41.11
43.008828 41.11
43.082579 41.11
43.135829 41.11
43.209580 41.11
43.262830 41.11
43.336580 41.11
43.389831 41.11
43.463581 41.11
43.516831 41.11
43.590583 41.11
43.643832 41.11
43.717583 41.11
43.772584 41.11
43.825834 41.11
43.899586 41.11
43.954586 41.11
44.009461 41.11
44.069461 41.11
44.129461 41.11
44.189463 41.11
44.249463 41.11
44.309463 41.11
44.372963 41.11
44.441589 41.11
44.496465 41.11
44.549715 41.11
44.620092 41.11
44.674592 41.11
44.729467 41.11
44.782717 41.11
44.853094 41.11
44.898593 41.11
44.949218 41.11
45.012719 41.11
45.083097 41.11
45.128595 41.11
45.186970 41.11
45.250471 41.11
45.303721 41.11
45.374098 41.11
45.419597 41.11
45.470222 41.11
45.533723 41.11
45.607473 41.11
45.660724 41.11
45.734474 41.11
45.787725 41.11
45.861476 41.11
45.914726 41.11
45.988477 41.11
46.041727 41.11
46.115478 41.11
46.168728 41.11
46.242479 41.11
46.295729 41.11
46.364480 41.11
46.417729 41.11
46.491481 41.11
46.544731 41.11
46.618482 41.11
46.673482 41.11
46.728483 41.11
46.781733 41.11
46.855484 41.11
46.910359 41.11
46.968734 41.11
47.042486 41.11
47.097361 41.11
47.157361 41.11
47.217362 41.11
47.277362 41.11
47.332363 41.11
47.392363 41.11
47.452364 41.11
47.507364 41.11
47.560614 41.11
47.629616 41.11
47.694158 41.11
47.747994 41.11
47.812147 41.11
47.871148 41.11
47.932003 41.11
47.983122 41.11
48.052620 41.11
48.116633 41.11
48.180636 41.11
48.249874 41.67
48.308997 41.67
48.367997 41.67
48.432153 41.67
48.491287 41.67
48.560641 41.67
48.624750 41.67
48.683514 41.67
48.752641 41.67
48.813307 41.67
48.874166 41.67
48.934521 41.67
49.003753 41.67
49.062644 41.67
49.128760 41.67
49.179008 41.67
49.238006 41.67
49.303646 41.67
49.367775 41.67
49.424763 41.67
49.481759 41.67
49.533524 41.67
49.597757 41.67
49.656650 41.67
49.715758 41.67
49.774650 41.67
49.834649 41.67
49.898759 42.22
49.952680 42.22
50.007143 42.22
50.059925 42.22
50.109638 42.22
50.168404 42.22
50.228918 42.22
50.276286 42.22
50.340532 42.22
50.400920 42.22
50.446529 42.22
50.506920 42.22
50.552770 42.22
50.606535 42.22
50.666924 42.22
50.726891 42.22
50.795641 42.22
50.854772 42.22
50.918894 42.22
50.982894 42.22
51.046894 42.22
51.110536 42.22
51.170152 42.22
51.234541 42.22
51.303536 42.22
51.367413 42.22
51.431652 42.22
51.490899 42.22
51.554898 42.22
51.623899 42.22
51.682541 42.22
51.741778 42.22
51.795542 42.78
51.859305 42.78
51.928303 42.78
51.981544 42.78
52.040547 42.78
52.104545 42.78
52.168308 42.78
52.226653 42.78
52.295689 42.78
52.352958 42.78
52.418658 42.78
52.472909 42.78
52.542914 42.78
52.608040 42.78
52.668158 42.78
52.728440 42.78
52.797550 42.78
52.867470 42.78
52.926659 42.78
52.982179 42.78
53.038578 42.78
53.092560 42.78
53.157453 42.78
53.227541 42.78
53.292476 42.78
53.362674 43.33
53.427549 43.33
53.481792 43.33
53.545430 42.78
53.604678 42.78
53.663297 43.33
53.717915 43.33
53.776431 43.33
53.845193 43.33
53.905339 43.33
53.955917 43.33
54.019793 43.33
54.083420 43.33
54.152315 43.33
54.221198 43.33
54.284920 43.33
54.338434 43.33
54.402312 43.33
54.471437 43.33
54.545313 43.33
54.619298 43.33
54.693189 43.33
54.746798 43.33
54.812201 43.33
54.865550 43.33
54.924204 43.33
54.989551 43.33
55.048441 43.33
55.112301 43.33
55.181303 43.33
55.250444 43.33
55.324181 43.33
55.379066 43.33
55.429929 43.33
55.488804 43.33
55.552809 43.33
55.626805 43.33
55.685681 43.33
55.732810 43.33
55.791682 43.33
55.840709 43.33
55.900810 43.33
55.959308 43.33
56.033184 43.33
56.103715 43.33
56.149189 43.33
56.214215 43.33
56.288236 43.33
56.352215 43.33
56.426216 43.33
56.500090 43.33
56.553565 43.33
56.617575 43.33
56.677696 43.33
56.732194 43.33
56.795815 43.33
56.864565 43.33
56.923691 43.33
56.992458 43.33
57.051446 43.33
57.105573 43.33
57.164458 43.33
57.223093 43.33
57.297214 43.33
57.366694 43.33
57.435459 43.33
57.504078 43.33
57.557570 43.33
57.611210 43.33
57.685101 43.33
57.754098 43.33
57.807573 43.33
57.878101 43.33
57.931574 43.33
57.985199 43.33
58.050575 43.33
58.111105 43.33
58.181591 43.33
58.234825 43.33
58.293203 43.33
58.351827 43.33
58.410204 43.33
58.468828 43.33
58.522204 43.33
58.591108 43.33
58.655109 43.33
58.716121 42.78
58.775333 43.33
58.834109 42.78
58.886586 43.33
58.941107 42.78
58.993608 42.78
59.053725 42.78
59.119710 42.78
59.180503 42.78
59.230466 42.78
59.284589 42.78
59.349374 42.78
59.403115 42.78
59.472116 42.78
59.541117 42.78
59.610118 42.78
59.665963 42.78
59.721963 42.78
59.791119 42.78
59.860120 42.78
59.929117 42.78
59.998118 42.78
60.067118 42.78
60.136117 42.78
60.204967 42.78
60.273967 42.78
60.337594 42.78
60.413617 42.78
60.467233 42.78
60.531122 42.78
60.600119 42.78
60.668970 42.78
60.722236 42.78
60.791390 42.78
60.850475 42.78
60.901850 42.78
60.961851 42.78
61.021851 42.78
61.081852 42.78
61.141852 42.78
61.201855 42.78
61.258977 42.78
61.332976 42.78
61.391366 42.78
61.451492 42.78
61.506495 42.78
61.565260 42.78
61.619736 42.78
61.674732 42.78
61.733606 42.78
61.789605 42.78
61.843498 42.78
61.907497 42.78
61.972148 42.78
62.027143 42.78
62.082109 42.78
62.146138 42.78
62.210138 42.78
62.264984 42.22
62.335175 42.78
62.399503 42.22
62.459611 42.78
62.518610 42.78
62.582504 42.78
62.651112 42.78
62.715372 42.78
62.778869 42.78
62.832119 42.22
62.905865 42.22
62.959118 42.78
63.032864 42.22
63.091490 42.78
63.155615 42.22
63.219616 42.78
63.293992 42.22
63.352998 42.78
63.416995 42.22
63.475994 42.22
63.534994 42.78
63.608869 42.22
63.663869 42.22
63.722370 42.78
63.775999 42.22
63.834998 42.22
63.893997 42.22
63.957997 42.22
64.016998 42.22
64.075998 42.22
64.135634 42.22
64.195130 42.22
64.254002 42.22
64.313001 42.22
64.372001 42.22
64.431001 42.22
64.489882 42.22
64.539502 42.22
64.603002 42.22
64.677003 42.22
64.735878 42.22
64.786629 42.22
64.851755 42.22
64.907754 42.22
64.972006 42.22
65.027005 42.22
65.086006 42.22
65.141006 42.22
65.196147 42.22
65.250532 42.22
65.316294 42.22
65.377010 42.22
65.441009 42.22
65.505010 42.22
65.564149 42.22
65.622887 42.22
65.686528 42.22
65.755385 42.22
65.824011 42.22
65.897762 42.22
65.966889 42.22
66.030889 42.22
66.094531 42.22
66.154765 42.22
66.220282 42.22
66.282299 42.22
66.347017 42.22
66.400517 42.22
66.453892 42.22
66.519172 42.22
66.582768 42.22
66.641286 42.22
66.692646 42.22
66.752647 42.22
66.805897 42.22
66.874523 42.22
66.939648 42.22
66.992899 42.22
67.063302 42.22
67.112898 42.22
67.176773 42.22
67.245774 42.22
67.314900 42.22
67.384054 42.22
67.433903 42.22
67.488902 42.22
67.543901 42.22
67.617777 42.22
67.670305 42.22
67.730304 42.22
67.795204 42.22
67.850038 42.22
67.913913 42.22
67.987780 42.22
68.057038 42.22
68.126441 42.22
68.196782 42.22
68.265782 42.22
68.339658 42.22
68.392908 42.22
68.461675 42.22
68.514912 42.22
68.588660 42.22
68.641912 42.22
68.715662 42.22
68.768914 42.22
68.842914 42.22
68.916788 42.22
68.990788 42.22
69.059556 42.22
69.119664 42.22
69.193789 42.22
69.252915 42.22
69.322290 42.22
69.401665 42.22
69.456541 42.22
69.515194 42.22
69.584447 42.22
69.650668 42.22
69.719669 42.22
69.780200 42.22
69.840169 42.22
69.905795 42.22
69.975060 42.22
70.029450 42.22
70.098672 42.22
70.164203 42.22
70.222922 42.22
70.283202 42.22
70.332674 42.22
70.401928 42.22
70.456299 42.22
70.519924 42.22
70.580176 42.22
70.625675 42.22
70.676301 42.22
70.739801 42.22
70.813555 42.22
70.866802 42.22
70.940553 42.22
70.993803 42.22
71.067554 42.22
71.120804 42.22
71.189683 42.22
71.240308 42.22
71.303810 42.22
71.377560 42.22
71.430810 42.22
71.504564 42.22
71.573684 42.22
71.637809 42.22
71.706684 42.22
71.772088 42.22
71.834561 42.22
71.904463 42.22
71.968216 42.22
72.037454 42.22
72.096456 42.22
72.160093 42.22
72.239689 42.22
72.303939 42.22
72.367815 42.22
72.436690 42.22
72.500691 42.22
72.569816 42.22
72.629321 42.22
72.693100 42.22
72.762098 42.22
72.826100 42.22
72.884819 42.22
72.948820 42.22
73.014079 42.22
73.068576 42.22
73.119198 42.22
73.182698 42.22
73.256449 42.22
73.309700 42.22
73.381079 42.22
73.441104 42.22
73.509949 42.22
73.564574 42.22
73.638700 42.22
73.708203 42.22
73.766826 42.22
73.835576 42.22
73.904577 42.22
73.973702 42.22
74.037578 42.22
74.102332 42.22
74.155831 42.22
74.224706 42.22
74.293580 42.22
74.362706 42.22
74.431831 42.22
74.491367 42.22
74.555960 42.22
74.619959 42.22
74.680583 42.22
74.749709 42.22
74.823710 42.22
74.892723 42.22
74.947236 42.22
75.011714 42.22
75.075712 42.22
75.145116 42.22
75.215994 42.22
75.276477 42.22
75.336997 42.22
75.400839 42.22
75.464605 42.22
75.524994 42.22
75.589092 42.22
75.652844 42.22
75.711595 42.22
75.771974 42.22
75.836593 42.22
75.900719 42.22
75.959973 42.22
76.018847 42.22
76.072603 42.22
76.136596 42.22
76.200603 42.22
76.264989 42.22
76.334365 42.22
76.387597 42.22
76.446607 42.22
76.510599 42.22
76.574723 42.22
76.633493 42.22
76.702725 42.22
76.761368 42.22
76.820125 42.22
76.884479 42.22
76.953477 42.22
77.022477 42.22
77.086603 42.22
77.150728 42.22
77.214383 42.22
77.278155 42.22
77.336605 42.22
77.400609 42.22
77.461498 42.22
77.530481 42.22
77.594481 42.22
77.663625 42.22
77.724641 42.22
77.785247 42.22
77.854361 42.22
77.910867 42.22
77.970990 42.22
78.034985 42.22
78.096894 42.22
78.147611 42.22
78.202503 42.22
78.272183 42.22
78.328895 42.22
78.383865 42.22
78.453743 42.22
78.508155 42.22
78.566871 42.22
78.630741 42.22
78.684744 42.22
78.743490 42.22
78.802646 42.22
78.856620 42.22
78.910760 42.22
78.975623 42.22
79.029505 42.22
79.093256 42.22
79.148625 42.22
79.208129 42.22
79.263631 42.22
79.322871 42.22
79.387526 42.22
79.457384 42.22
79.517005 42.22
79.580876 42.22
79.650266 42.22
79.714408 42.22
79.778500 42.22