0.000000 0.000000
0.041685 0.05
0.096136 2.66
0.155617 2.66
0.220862 2.66
0.284362 2.66
0.344487 2.66
0.399486 2.66
0.454487 2.66
0.509487 2.66
0.564487 2.66
0.619363 2.66
0.679364 2.66
0.738657 2.66
0.794130 2.66
0.855126 2.66
0.920131 4.02
0.981124 4.34
1.051120 4.34
1.110119 4.34
1.168993 4.34
1.234395 4.34
1.298396 4.34
1.362395 4.34
1.422145 4.34
1.487128 4.34
1.547528 4.34
1.606514 4.34
1.661763 4.34
1.720247 4.34
1.782247 4.34
1.847998 4.34
1.917248 4.34
1.992124 4.34
2.056249 4.34
2.125527 4.34
2.189403 4.34
2.264001 4.34
2.333126 4.34
2.397002 4.34
2.466003 4.34
2.535004 4.34
2.598879 4.34
2.657532 4.34
2.721254 4.34
2.790519 4.34
2.854522 4.34
2.918257 4.34
2.987532 4.34
3.051531 4.34
3.115258 4.34
3.173633 4.34
3.242258 4.34
3.300634 4.34
3.369258 4.34
3.427634 4.34
3.496260 4.34
3.556261 4.34
3.614636 4.34
3.683262 4.34
3.743263 4.34
3.803264 4.34
3.866888 4.34
3.918264 4.34
3.978265 4.34
4.033267 4.68
4.093267 4.34
4.146516 4.34
4.215140 4.34
4.270141 4.34
4.321267 4.34
4.377016 4.34
4.440518 4.34
4.509143 4.34
4.556394 4.34
4.607019 4.34
4.670519 4.68
4.739145 4.34
4.797521 4.68
4.866145 4.68
4.924521 4.68
4.993147 4.34
5.051523 4.34
5.120148 4.34
5.178523 4.34
5.247149 4.34
5.310774 4.34
5.369150 4.34
5.427525 4.34
5.496151 4.34
5.554527 4.34
5.623152 4.34
5.681527 4.34
5.750152 4.34
5.808529 4.34
5.877154 4.34
5.940780 4.34
5.999155 4.34
6.057531 4.34
6.126156 4.34
6.184531 4.34
6.253157 4.34
6.313159 4.34
6.373159 4.34
6.433160 4.34
6.493160 4.34
6.548161 4.34
6.608161 4.34
6.668161 4.34
6.723162 4.34
6.783162 4.68
6.843163 4.34
6.897788 4.34
6.949164 4.34
7.002414 4.34
7.071038 4.34
7.118289 4.34
7.167665 4.34
7.226040 4.34
7.294418 4.34
7.358167 4.34
7.422167 4.34
7.494043 4.34
7.541293 4.34
7.592044 4.34
7.650420 4.34
7.714170 4.34
7.788170 4.34
7.857171 4.34
7.939813 4.34
8.008810 4.34
8.077814 4.34
8.160173 4.34
8.224923 4.34
8.288424 4.34
8.357049 4.34
8.415425 4.34
8.484051 4.34
8.552801 4.34
8.621427 4.34
8.690052 4.34
8.748427 4.34
8.817053 4.68
8.877179 4.34
8.930429 4.34
8.999054 4.34
9.059056 4.34
9.117431 4.34
9.186055 4.34
9.246057 4.34
9.306058 4.34
9.366058 4.34
9.429683 4.34
9.481059 4.34
9.541059 4.34
9.601060 4.34
9.664559 4.34
9.722935 4.34
9.783061 4.34
9.843062 4.34
9.896312 4.34
9.964937 4.34
10.016063 4.34
10.070563 4.34
10.128938 4.34
10.183564 4.34
10.241940 4.34
10.289190 4.34
10.339814 4.34
10.403316 4.34
10.471941 4.34
10.519191 4.34
10.569817 4.34
10.633318 4.34
10.701943 4.34
10.760318 4.34
10.828944 4.34
10.884820 4.34
10.948320 4.34
11.016946 4.34
11.075321 4.34
11.143946 4.34
11.212697 4.34
11.281323 4.34
11.349948 4.34
11.408324 4.34
11.476950 4.34
11.535325 4.34
11.603950 4.34
11.662326 4.34
11.730951 4.34
11.789327 4.34
11.857952 4.34
11.928328 4.34
11.996953 4.34
12.056956 4.34
12.116956 4.34
12.176957 4.34
12.236957 4.34
12.296957 4.34
12.356957 4.34
12.416958 4.34
12.476959 4.34
12.536959 4.34
12.596959 4.34
12.650209 4.34
12.718834 4.34
12.766084 4.34
12.834835 4.34
12.882085 4.34
12.931461 4.34
12.989836 4.34
13.037086 4.34
13.087712 4.34
13.151212 4.34
13.219838 4.34
13.278213 4.34
13.346839 4.34
13.394089 4.34
13.444716 4.34
13.508215 4.34
13.576841 4.34
13.635216 4.34
13.703843 4.34
13.762217 4.34
13.830843 4.34
13.889218 4.34
13.957844 4.34
14.016220 4.34
14.084845 4.34
14.143221 4.34
14.211846 4.34
14.282349 4.34
14.345847 4.34
14.404223 4.34
14.472848 4.34
14.531224 4.34
14.599849 4.34
14.658224 4.34
14.726850 4.34
14.786851 4.34
14.846852 4.34
14.905227 4.34
14.973853 4.34
15.033854 4.34
15.093854 4.34
15.147104 4.34
15.212229 4.34
15.280854 4.34
15.340856 4.34
15.394106 4.34
15.462731 4.34
15.517731 4.34
15.568856 4.34
15.623358 4.34
15.681733 4.34
15.736733 4.34
15.783984 4.34
15.834609 4.34
15.898109 4.34
15.966736 4.34
16.025110 4.34
16.093736 4.34
16.152112 4.34
16.220737 4.34
16.279113 4.34
16.347739 4.34
16.406114 4.34
16.469740 4.34
16.528115 4.34
16.596741 4.34
16.655116 4.34
16.723741 4.34
16.782116 4.34
16.850742 4.34
16.909118 4.34
16.977743 4.34
17.036119 4.34
17.099745 4.34
17.158119 4.34
17.226746 4.34
17.285120 4.34
17.353746 4.34
17.413872 4.34
17.467122 4.34
17.535747 4.34
17.595749 4.34
17.659248 4.34
17.722749 4.34
17.782751 4.34
17.842751 4.34
17.906376 4.68
17.957752 4.34
18.017754 4.34
18.071002 4.34
18.139628 4.34
18.194628 4.34
18.249629 4.34
18.304629 4.34
18.359630 4.34
18.414630 4.34
18.469631 4.34
18.520756 4.34
18.576506 4.34
18.640007 4.34
18.708633 4.34
18.755882 4.34
18.814259 4.34
18.872634 4.34
18.931008 4.34
18.999635 4.34
19.058009 4.34
19.126636 4.34
19.185011 4.34
19.253637 4.34
19.312011 4.34
19.380638 4.34
19.439013 4.34
19.507639 4.34
19.566013 4.34
19.634639 4.34
19.693015 4.34
19.761641 4.34
19.820016 4.34
19.888642 4.34
19.947017 4.34
20.015643 4.68
20.074018 4.34
20.142644 4.34
20.201019 4.34
20.269645 4.34
20.329646 4.34
20.388021 4.34
20.456647 4.34
20.516648 4.34
20.576648 4.34
20.636648 4.34
20.696649 4.34
20.756650 4.34
20.816650 4.34
20.876650 4.34
20.936651 4.34
20.989900 4.34
21.058527 4.34
21.109652 4.34
21.169653 4.34
21.222902 4.34
21.291528 4.34
21.338779 4.34
21.388153 4.34
21.446529 4.34
21.493780 4.34
21.544406 4.34
21.607905 4.34
21.676532 4.34
21.723781 4.34
21.774407 4.34
21.837908 4.68
21.906533 4.34
21.964908 4.34
22.033534 4.34
22.091909 4.34
22.160535 4.34
22.218910 4.34
22.287536 4.34
22.345911 4.34
22.414537 4.34
22.472912 4.34
22.541539 4.34
22.599913 4.34
22.668539 4.34
22.728665 4.34
22.781915 4.34
22.850540 4.34
22.908916 4.34
22.977541 4.34
23.037668 4.34
23.090918 4.34
23.159543 4.34
23.219544 4.34
23.279545 4.34
23.339545 4.34
23.399546 4.34
23.459547 4.34
23.519547 4.34
23.579547 4.34
23.639548 4.34
23.692798 4.34
23.761423 4.34
23.816424 4.34
23.871424 4.34
23.918674 4.34
23.968049 4.34
24.026426 4.34
24.073676 4.34
24.123051 4.34
24.181426 4.34
24.232552 4.34
24.288306 4.34
24.351802 4.34
24.420428 4.34
24.478803 4.34
24.547431 4.34
24.605804 4.34
24.674430 4.34
24.732806 4.34
24.801432 4.34
24.859807 4.34
24.928433 4.34
24.986808 4.34
25.055434 4.34
25.113808 4.34
25.182435 4.34
25.240810 4.34
25.309436 4.34
25.367810 4.34
25.436436 4.34
25.494811 4.34
25.563437 4.34
25.621813 4.34
25.690438 4.34
25.748814 4.34
25.817440 4.34
25.875815 4.34
25.944441 4.34
26.004442 4.34
26.064443 4.34
26.124444 4.34
26.184443 4.34
26.244445 4.34
26.304445 4.34
26.364445 4.34
26.417695 4.34
26.482819 4.34
26.551445 4.34
26.611447 4.34
26.664696 4.34
26.733322 4.34
26.784448 4.34
26.840197 4.34
26.903698 4.34
26.972324 4.34
27.019574 4.34
27.070199 4.34
27.133700 4.34
27.202326 4.34
27.260701 4.34
27.329327 4.34
27.387702 4.34
27.456328 4.34
27.514703 4.34
27.583329 4.34
27.641704 4.34
27.710330 4.34
27.768705 4.34
27.837331 4.34
27.895707 4.34
27.964333 4.34
28.022707 4.34
28.091334 4.34
28.149708 4.34
28.218335 4.34
28.278461 4.34
28.333461 4.34
28.386710 4.34
28.455336 4.34
28.515462 4.34
28.570462 4.34
28.625463 4.34
28.678713 4.34
28.747339 4.34
28.807340 4.34
28.867341 4.34
28.927342 4.34
28.987340 4.34
29.047342 4.34
29.107341 4.34
29.167342 4.34
29.227343 4.34
29.280592 4.34
29.349218 4.34
29.400344 4.34
29.459969 4.34
29.528594 4.34
29.597220 4.34
29.652220 4.34
29.699471 4.34
29.748846 4.34
29.807221 4.34
29.854472 4.34
29.905097 4.34
29.968598 4.34
30.032223 4.34
30.090599 4.34
30.159224 4.34
30.217600 4.34
30.286225 4.34
30.344601 4.34
30.413225 4.34
30.471602 4.34
30.540227 4.34
30.598604 4.34
30.662228 4.34
30.720604 4.34
30.789229 4.34
30.847605 4.34
30.916230 4.34
30.974606 4.34
31.043231 4.34
31.101607 4.34
31.170232 4.34
31.228608 4.34
31.292233 4.34
31.350608 4.34
31.419234 4.34
31.477610 4.34
31.546235 4.34
31.606237 4.34
31.666237 4.34
31.726238 4.34
31.786239 4.34
31.846239 4.34
31.909863 4.34
31.961239 4.34
32.021241 4.34
32.084865 4.34
32.153490 4.34
32.222116 4.34
32.277116 4.34
32.328242 4.34
32.382742 4.34
32.441117 4.34
32.492242 4.34
32.555744 4.34
32.614119 4.34
32.672495 4.34
32.741120 4.34
32.788371 4.34
32.838996 4.34
32.902496 4.34
32.971121 4.34
33.029497 4.34
33.098122 4.34
33.156498 4.34
33.225123 4.34
33.283500 4.34
33.352125 4.34
33.410501 4.34
33.479126 4.34
33.542752 4.34
33.601126 4.34
33.659503 4.34
33.728128 4.34
33.786504 4.34
33.855128 4.34
33.913505 4.34
33.982130 4.34
34.040506 4.34
34.109132 4.34
34.172757 4.34
34.234636 4.34
34.298133 4.34
34.361758 4.34
34.411508 4.34
34.480134 4.34
34.543760 4.34
34.595137 4.34
34.655137 4.34
34.710139 4.34
34.770138 4.34
34.830139 4.34
34.885141 4.34
34.945139 4.34
35.005139 4.34
35.063638 4.34
35.122015 4.34
35.177014 4.34
35.232015 4.34
35.279265 4.34
35.328641 4.34
35.387016 4.34
35.442016 4.34
35.489267 4.34
35.539892 4.34
35.603394 4.34
35.672018 4.34
35.727894 4.34
35.791395 4.34
35.860020 4.34
35.918396 4.34
35.987021 4.34
36.042897 4.34
36.106398 4.34
36.175023 4.34
36.233399 4.34
36.302023 4.34
36.370774 4.34
36.439401 4.34
36.508025 4.34
36.566402 4.34
36.635026 4.34
36.693403 4.34
36.762027 4.34
36.820404 4.34
36.889029 4.34
36.947405 4.34
37.016029 4.34
37.084780 4.34
37.155157 4.34
37.210032 4.34
37.270032 4.34
37.328408 4.34
37.397032 4.34
37.457034 4.34
37.515409 4.34
37.584034 4.34
37.643659 4.34
37.712284 4.34
37.780910 4.34
37.841036 4.34
37.901037 4.34
37.964537 4.34
38.022912 4.34
38.077913 4.34
38.129038 4.34
38.202914 4.34
38.250164 4.34
38.300789 4.34
38.364290 4.34
38.432915 4.34
38.491291 4.34
38.559916 4.34
38.618292 4.34
38.686918 4.34
38.745294 4.34
38.814169 4.34
38.877920 4.34
38.925171 4.34
38.993921 4.34
39.052304 4.34
39.120922 4.34
39.179305 4.34
39.248173 4.34
39.311688 4.34
39.380307 4.34
39.448924 4.34
39.509051 4.34
39.564051 4.34
39.617308 4.34
39.680927 4.34
39.753177 4.34
39.818454 4.34
39.883928 4.34
39.956178 4.34
40.025055 4.34
40.094055 4.34
40.162930 4.34
40.221580 4.34
40.281953 4.34
40.335584 4.34
40.394183 4.34
40.453059 4.34
40.521933 4.34
40.581823 4.34
40.650826 4.34
40.724942 4.34
40.774587 4.34
40.838186 4.34
40.906936 4.34
40.975938 4.34
41.031829 4.34
41.087828 4.34
41.143828 4.34
41.199830 4.34
41.255829 4.34
41.311831 4.34
41.367832 4.34
41.423831 4.34
41.479833 4.34
41.535833 4.34
41.591834 4.34
41.647832 4.34
41.721834 4.34
41.795833 4.34
41.869944 4.34
41.943820 4.34
42.012946 4.34
42.081946 4.34
42.150822 4.34
42.224822 4.34
42.293823 4.34
42.358074 4.34
42.421824 4.34
42.490825 4.34
42.559825 4.34
42.623825 4.34
42.697826 4.34
42.766826 4.34
42.835952 4.34
42.909828 4.34
42.973953 4.34
43.037828 4.34
43.101846 4.34
43.165830 4.34
43.229831 4.34
43.293844 4.34
43.357831 4.34
43.421832 4.34
43.485832 4.34
43.549847 4.34
43.613833 4.34
43.677834 4.34
43.741849 4.34
43.805851 4.34
43.869836 4.34
43.933837 4.34
43.997836 4.34
44.061836 4.34
44.125852 4.34
44.189851 4.34
44.253839 4.34
44.313964 4.34
44.372839 4.34
44.436855 4.34
44.500840 4.34
44.564857 4.34
44.628855 4.34
44.693591 4.34
44.757091 4.34
44.825717 4.34
44.884092 4.34
44.952719 4.34
45.011094 4.34
45.079720 4.34
45.138095 4.34
45.206720 4.34
45.275346 4.34
45.335472 4.34
45.399096 4.34
45.467722 4.34
45.526097 4.34
45.589723 4.34
45.648098 4.34
45.716724 4.34
45.776726 4.34
45.835100 4.34
45.903726 4.34
45.963727 4.34
46.023728 4.34
46.083728 4.34
46.143728 4.34
46.207353 4.34
46.275979 4.34
46.344604 4.34
46.399605 4.34
46.454605 4.34
46.509606 4.34
46.560731 4.34
46.624231 4.34
46.682607 4.34
46.729858 4.34
46.779233 4.34
46.837609 4.34
46.884859 4.34
46.935484 4.34
46.998985 4.34
47.067610 4.34
47.114860 4.34
47.165486 4.34
47.228986 4.34
47.297612 4.34
47.355987 4.34
47.424613 4.34
47.482988 4.34
47.551614 4.34
47.609990 4.34
47.679540 0.05
47.745894 6.36
47.810398 6.36
47.874758 6.36
47.938885 6.36
48.003247 6.36
48.058655 6.36
48.127635 6.68
48.196634 6.68
48.271549 6.68
48.337888 6.68
48.396997 6.68
48.450890 7.02
48.509873 7.02
48.569374 7.02
48.628664 7.02
48.687655 7.02
48.756640 7.02
48.826019 7.02
48.876422 7.02
48.936777 7.02
48.992003 7.37
49.045895 7.37
49.104770 7.37
49.174256 7.37
49.239771 7.37
49.299895 7.37
49.354893 7.37
49.415451 7.37
49.475011 7.69
49.534429 7.69
49.594774 7.69
49.654899 7.69
49.715396 7.69
49.775014 8.03
49.835262 7.69
49.904902 8.03
49.974260 8.03
50.044438 8.03
50.101551 8.03
50.165906 8.03
50.221013 8.35
50.274904 8.03
50.344266 8.35
50.410139 8.35
50.474264 8.35
50.540139 8.35
50.602707 8.35
50.662271 8.35
50.728679 8.35
50.793017 8.70
50.852142 8.70
50.914684 8.70
50.979145 8.70
51.034534 8.70
51.098536 9.04
51.169151 9.04
51.233542 9.04
51.292426 9.04
51.352896 9.04
51.406548 9.04
51.470795 9.04
51.524542 9.04
51.584791 9.36
51.639791 9.36
51.694789 9.36
51.749800 9.36
51.814153 9.36
51.878151 9.36
51.933151 9.36
51.997151 9.36
52.072287 9.36
52.131908 9.71
52.187281 9.71
52.242437 9.71
52.311557 9.71
52.377292 9.71
52.447286 9.71
52.506804 9.71
52.571158 10.03
52.636293 10.03
52.701322 10.03
52.766293 10.03
52.831325 10.03
52.896324 10.03
52.961492 9.71
53.021293 10.03
53.091292 10.03
53.156174 9.71
53.216796 10.03
53.276290 10.03
53.335291 10.03
53.394038 10.03
53.459443 10.03
53.533538 10.03
53.602540 10.03
53.671665 9.71
53.736931 10.03
53.795556 10.03
53.859559 10.03
53.923558 10.03
53.987675 10.03
54.056418 10.03
54.125294 10.03
54.180450 10.03
54.244699 10.03
54.308419 10.03
54.372045 10.03
54.423452 10.03
54.478046 10.03
54.529426 10.03
54.582689 10.03
54.651304 10.03
54.704673 10.03
54.768306 9.71
54.833691 10.03
54.897309 10.03
54.957677 10.03
55.016709 9.71
55.075460 9.71
55.144426 10.03
55.219054 10.03
55.287695 10.03
55.351309 10.03
55.420306 10.03
55.494311 9.71
55.559929 10.03
55.618822 9.71
55.677475 10.03
55.746457 9.71
55.815311 10.03
55.884816 10.03
55.943463 10.03
56.012433 10.03
56.076312 10.03
56.145312 10.03
56.215935 10.03
56.284935 10.03
56.343827 10.03
56.402577 10.03
56.461440 10.03
56.530723 10.03
56.589316 10.37
56.647813 10.03
56.711323 10.03
56.780467 10.03
56.846205 10.03
56.915480 10.03
56.979329 10.03
57.045192 10.03
57.114071 10.03
57.174318 10.03
57.237943 10.03
57.292818 10.03
57.342569 9.71
57.406326 9.36
57.470474 8.70
57.534196 8.35
57.594711 7.69
57.653479 7.02
57.717355 7.02
57.786360 7.02
57.855477 7.02
57.914198 7.02
57.974699 7.02
58.033548 6.68
58.093825 7.02
58.153951 7.02
58.222825 7.02
58.282951 7.02
58.346716 7.02
58.405738 7.02
58.470371 6.68
58.534483 6.68
58.593204 6.68
58.657359 6.68
58.721205 6.68
58.796096 6.68
58.855473 6.68
58.914362 6.68
58.978207 6.68
59.047334 6.68
59.116357 6.36
59.185599 6.36
59.254210 6.36
59.323475 6.36
59.387210 6.36
59.456211 6.36
59.525367 6.36
59.589212 6.36
59.658213 6.36
59.727213 6.36
59.796638 6.36
59.850214 6.36
59.914215 6.36
59.988840 6.36
60.043966 6.36
60.112966 6.36
60.176842 6.36
60.237217 6.36
60.301217 6.36
60.365218 6.36
60.429219 6.36
60.493094 6.36
60.545846 6.36
60.609862 6.36
60.668471 6.36
60.727096 6.36
60.792487 6.36
60.851097 6.36
60.911098 6.36
60.976974 6.36
61.035473 6.36
61.104098 6.36
61.151350 6.36
61.211379 6.36
61.270100 6.36
61.328475 6.36
61.397101 6.36
61.455476 6.36
61.524102 6.36
61.582477 6.36
61.651103 6.36
61.709479 6.36
61.778103 6.36
61.836479 6.36
61.905104 6.36
61.963618 6.36
62.027112 6.36
62.085483 6.36
62.154107 6.36
62.212483 6.36
62.281108 6.36
62.341248 6.36
62.396237 6.36
62.465238 6.36
62.529110 6.36
62.587485 6.36
62.656111 6.36
62.716123 6.36
62.774487 6.36
62.843112 6.36
62.903114 6.36
62.963115 6.36
63.016365 6.36
63.084989 6.36
63.139990 6.36
63.194990 6.36
63.249990 6.36
63.301116 6.36
63.356866 6.36
63.420374 6.36
63.488994 6.36
63.536244 6.36
63.604993 6.36
63.652244 6.36
63.702869 6.36
63.761371 6.36
63.829999 6.36
63.888376 6.36
63.956999 6.36
64.004251 6.36
64.054874 6.36
64.118377 6.36
64.177522 6.36
64.236877 6.36
64.296000 6.36
64.364766 6.36
64.433404 6.36
64.502001 6.36
64.566003 6.36
64.624770 6.36
64.693408 6.36
64.747129 6.36
64.817534 6.36
64.871129 6.36
64.935130 6.36
65.004131 6.36
65.073131 6.36
65.147132 6.36
65.216132 6.36
65.285135 6.36
65.349134 6.36
65.413134 6.36
65.487009 6.36
65.546884 6.36
65.598260 6.36
65.657136 6.36
65.707778 6.36
65.771762 6.36
65.825262 6.36
65.888887 6.36
65.936263 6.36
66.000140 6.36
66.050781 6.36
66.114264 6.36
66.178015 6.36
66.242140 6.36
66.310894 6.36
66.369534 6.36
66.433268 6.36
66.496893 6.36
66.555537 6.36
66.609144 6.36
66.673144 6.36
66.737799 6.36
66.802020 6.36
66.875896 6.36
66.934537 6.36
66.988147 6.36
67.056897 6.36
67.130897 6.36
67.199898 6.36
67.268898 6.36
67.337899 6.36
67.406915 6.36
67.481554 6.36
67.539901 6.36
67.598543 6.36
67.667277 6.36
67.731027 6.36
67.800160 6.36
67.859278 6.36
67.923029 6.36
67.996905 6.36
68.055547 6.36
68.115905 6.36
68.180038 6.36
68.243909 6.36
68.312907 6.36
68.376561 6.36
68.426533 6.36
68.481551 6.36
68.531824 6.36
68.601683 6.36
68.661940 6.36
68.715552 6.36
68.779441 6.36
68.839941 6.36
68.898419 6.36
68.944163 6.36
69.007805 6.36
69.062538 6.36
69.126163 6.36
69.194789 6.36
69.246185 6.36
69.305173 6.36
69.368796 6.36
69.416044 6.36
69.470544 6.36
69.539169 6.36
69.607795 6.36
69.681919 6.36
69.737696 6.36
69.801169 6.36
69.869920 6.36
69.934813 6.36
70.008812 6.36
70.069176 6.36
70.133421 6.36
70.186922 6.36
70.260923 6.36
70.334923 6.36
70.408924 6.36
70.473554 6.36
70.537582 6.36
70.596176 6.36
70.659801 6.36
70.719933 6.36
70.788801 6.36
70.852931 6.36
70.917054 6.36
70.975819 6.36
71.039929 6.36
71.104055 6.36
71.162930 6.36
71.228830 6.36
71.293475 6.36
71.357461 6.36
71.421461 6.36
71.481574 6.36
71.540312 6.36
71.610441 6.36
71.674312 6.36
71.733311 6.36
71.797312 6.36
71.861435 6.36
71.921833 6.36
71.986065 6.36
72.044937 6.36
72.095590 6.36
72.154316 6.36
72.214593 6.36
72.278579 6.36
72.338196 6.36
72.388194 6.36
72.441817 6.36
72.505729 6.36
72.561581 6.36
72.625066 6.36
72.689593 6.36
72.754071 6.36
72.813070 6.36
72.871944 6.36
72.930834 6.36
72.995070 6.36
73.054070 6.36
73.112838 6.36
73.181822 6.36
73.245947 6.36
73.309947 6.36
73.373964 6.36
73.433370 6.36
73.502325 6.36
73.557699 6.36
73.621843 6.36
73.686075 6.36
73.745082 6.36
73.798955 6.36
73.857953 6.36
73.916828 6.36
73.980703 6.36
74.049720 6.36
74.114095 6.36
74.163839 6.36
74.213211 6.36
74.271585 6.36
74.326584 6.36
74.381584 6.36
74.436584 6.36
74.489520 6.36
74.554212 6.36
74.618367 6.36
74.674723 6.36
74.738834 6.36
74.797960 6.36
74.857370 6.36
74.927212 6.36
74.991366 6.36
75.055211 6.36
75.119367 6.36
75.179491 6.36
75.238339 6.36
75.307465 6.36
75.366620 6.36
75.435589 6.36
75.493964 6.36
75.552717 6.36
75.616841 6.36
75.680733 6.36
75.744591 6.36
75.802966 6.36
75.871592 6.36
75.930535 6.36
76.005734 6.68
76.069595 6.68
76.133378 6.68
76.197220 6.68
76.250852 6.68
76.309981 6.68
76.363849 6.68
76.433223 6.68
76.502737 6.36
76.568760 6.36
76.627742 6.36
76.701599 6.36
76.770740 6.36
76.834868 6.36
76.903476 6.36
76.967101 6.36
77.020852 6.36
77.079747 6.36
77.143478 6.36
77.207380 6.36
77.270854 6.36
77.329855 6.36
77.390105 6.36
77.443744 6.36
77.494481 6.36
77.550994 6.36
77.616482 6.36
77.663857 6.36
77.718859 6.36
77.773857 6.36
77.828875 6.36
77.883876 6.36
77.942735 6.36
77.993389 6.36
78.051859 6.36
78.120491 6.36
78.176362 6.36
78.239862 6.36
78.303738 6.36
78.367868 6.36
78.421880 6.36
78.485863 6.36
78.554497 6.36
78.612864 6.36
78.681757 6.36
78.745866 6.36
78.809760 6.36
78.873243 6.36
78.947507 6.36
79.017993 6.36
79.076743 6.36
79.140497 6.36
79.214397 6.36
79.285246 6.36
79.340650 6.36
79.395652 6.36
79.459402 6.36
79.519747 6.36
79.578877 6.36
79.637401 6.36
79.692766 6.36
79.762124 6.36
79.832530 6.36
79.901500 6.36
79.970895 6.36
80.029522 6.36
80.098876 6.36
80.152407 6.36
80.221569 6.36
80.285503 6.36
80.359769 6.36
80.423383 6.36
80.484135 6.36
80.553523 6.36
80.613631 6.36
80.673534 6.36
80.742514 6.36
80.811409 6.36
80.885384 6.36
80.959523 6.36
81.023556 6.36
81.087519 6.36
81.156524 6.36
81.227540 6.36
81.286011 6.36
81.355792 6.36
81.409512 6.36
81.478513 6.36
81.552390 6.36
81.621532 6.36
81.695419 6.36
81.769545 6.36
81.833532 6.36
81.902531 6.36
81.971417 6.36
82.042548 6.36
82.097549 6.36
82.166395 6.36
82.240425 6.36
82.309424 6.36
82.383421 6.36
82.447426 6.36
82.516271 6.36
82.576787 6.36
82.640533 6.36
82.700898 6.36
82.755773 6.36
82.819427 6.36
82.883403 6.36
82.947274 6.36
83.007791 6.36
83.066431 6.36
83.135431 6.36
83.204429 6.36
83.259777 6.36
83.318278 6.36
83.384029 6.36
83.447796 6.36
83.506547 6.36
83.565442 6.36
83.634549 6.36
83.689780 6.36
83.754032 6.36
83.818547 6.36
83.882561 6.36
83.947033 6.36
84.016283 6.36
84.074700 6.36
84.138802 6.36
84.197439 6.36
84.261285 6.36
84.330440 6.36
84.389786 6.36
84.453554 6.36
84.517555 6.36
84.586414 6.36
84.661038 6.36
84.729804 6.36
84.793415 6.36
84.862290 6.36
84.936422 6.36
85.0102