0.000000 0.000000
0.052675 62.00
0.118256 61.00
0.179017 61.00
0.238123 61.00
0.297121 61.00
0.356121 61.00
0.415011 61.00
0.474011 61.00
0.533122 61.00
0.592013 61.00
0.651015 61.00
0.715825 61.00
0.780708 61.00
0.845775 61.00
0.891250 61.00
0.941875 61.00
1.005376 62.00
1.079126 62.00
1.132376 61.00
1.206127 61.00
1.259377 61.00
1.333128 61.00
1.386379 61.00
1.460128 61.00
1.513379 61.00
1.587129 61.00
1.645631 61.00
1.709130 61.00
1.762382 61.00
1.831533 61.00
1.890535 61.00
1.949534 61.00
2.008536 61.00
2.062384 61.00
2.126536 61.00
2.185537 61.00
2.239386 61.00
2.303513 61.00
2.362537 61.00
2.421538 61.00
2.475388 61.00
2.539388 61.00
2.603389 61.00
2.667389 61.00
2.731529 61.00
2.790390 61.00
2.850667 61.00
2.896140 61.00
2.946907 61.00
3.015909 61.00
3.079908 61.00
3.143907 61.00
3.207909 61.00
3.266393 61.00
3.326668 61.00
3.381521 61.00
3.435145 61.00
3.485786 61.00
3.554910 61.00
3.623910 61.00
3.692914 61.00
3.761914 61.00
3.830912 61.00
3.889399 61.00
3.953274 61.00
4.022026 61.00
4.080913 61.00
4.144914 61.00
4.203554 61.00
4.257277 61.00
4.321152 61.00
4.384917 61.00
4.448793 61.00
4.512404 61.00
4.571029 61.00
4.645030 61.00
4.703921 61.00
4.767922 61.00
4.831922 61.00
4.895920 61.00
4.959798 61.00
5.028924 61.00
5.092800 61.00
5.153050 61.00
5.207925 61.00
5.273188 61.00
5.324560 61.00
5.374161 61.00
5.443037 61.00
5.502926 61.00
5.556162 61.00
5.626538 61.00
5.681538 61.00
5.736539 61.00
5.782039 61.00
5.852540 61.00
5.911040 61.00
5.961680 61.00
6.025167 61.00
6.095542 61.00
6.141042 61.00
6.191683 61.00
6.250168 61.00
6.320544 61.00
6.366044 61.00
6.416694 61.00
6.480170 61.00
6.549046 61.00
6.599696 61.00
6.663171 61.00
6.731937 62.00
6.785172 62.00
6.854048 61.00
6.904698 61.00
6.968426 61.00
7.026939 61.00
7.080428 61.00
7.134050 61.00
7.208176 61.00
7.277051 61.00
7.350940 61.00
7.404432 61.00
7.458053 61.00
7.531944 61.00
7.618179 61.00
7.681943 61.00
7.737207 61.00
7.800946 61.00
7.856187 61.00
7.924931 61.00
7.980063 61.00
8.030063 61.00
8.083708 61.00
8.138950 61.00
8.202948 61.00
8.258065 61.00
8.308065 61.00
8.358066 61.00
8.408067 61.00
8.461586 61.00
8.525060 61.00
8.590437 61.00
8.645951 61.00
8.698439 61.00
8.744062 61.00
8.812954 61.00
8.881952 61.00
8.936590 61.00
9.000315 61.00
9.060442 61.00
9.106066 61.00
9.174957 61.00
9.230957 61.00
9.305068 61.00
9.373956 61.00
9.429960 61.00
9.503960 61.00
9.578070 61.00
9.651962 61.00
9.707959 61.00
9.781960 61.00
9.851072 61.00
9.919964 61.00
9.993963 62.00
10.062949 62.00
10.136965 61.00
10.211074 61.00
10.279968 61.00
10.353951 61.00
10.422966 61.00
10.486952 61.00
10.555966 61.00
10.624968 61.00
10.693967 61.00
10.768079 61.00
10.832080 61.00
10.895970 61.00
10.959969 61.00
11.023972 61.00
11.087973 61.00
11.146971 61.00
11.210971 61.00
11.274975 61.00
11.333974 61.00
11.397959 61.00
11.461973 61.00
11.525975 61.00
11.589961 61.00
11.653978 61.00
11.717962 61.00
11.772977 61.00
11.831963 61.00
11.895979 61.00
11.959978 61.00
12.018979 61.00
12.083089 61.00
12.147090 61.00
12.210981 61.00
12.274981 61.00
12.338983 62.00
12.402981 62.00
12.466984 61.00
12.530985 61.00
12.595093 61.00
12.658985 61.00
12.722983 61.00
12.786984 61.00
12.850985 61.00
12.914985 61.00
12.978989 61.00
13.043097 61.00
13.106989 61.00
13.170989 61.00
13.234989 61.00
13.298989 61.00
13.362988 61.00
13.426991 61.00
13.491100 61.00
13.549993 61.00
13.613992 61.00
13.677993 61.00
13.752478 61.00
13.811480 61.00
13.875480 61.00
13.939481 61.00
14.003483 61.00
14.067481 62.00
14.126482 62.00
14.190482 61.00
14.254483 61.00
14.318486 61.00
14.387998 61.00
14.451999 61.00
14.510750 61.00
14.560109 61.00
14.609750 61.00
14.673751 61.00
14.724361 61.00
14.784361 61.00
14.848521 62.00
14.899361 62.00
14.954363 61.00
15.009362 61.00
15.064364 61.00
15.128514 61.00
15.183364 61.00
15.252881 61.00
15.317007 61.00
15.371881 61.00
15.436005 62.00
15.500117 62.00
15.559005 61.00
15.617882 61.00
15.682118 61.00
15.741009 61.00
15.799885 61.00
15.864120 61.00
15.933370 61.00
15.992371 61.00
16.047888 61.00
16.111636 61.00
16.180639 61.00
16.249637 61.00
16.304888 61.00
16.368374 61.00
16.423764 61.00
16.487641 61.00
16.556642 61.00
16.611768 61.00
16.665251 61.00
16.725517 61.00
16.784377 61.00
16.848252 61.00
16.912003 61.00
16.970644 62.00
17.025254 62.00
17.089005 62.00
17.147643 62.00
17.216646 62.00
17.290645 62.00
17.345257 61.00
17.409008 61.00
17.467645 61.00
17.518382 61.00
17.582259 61.00
17.646009 61.00
17.704648 61.00
17.755385 61.00
17.814011 62.00
17.872650 62.00
17.932386 61.00
17.991013 61.00
18.049651 61.00
18.100388 61.00
18.159013 61.00
18.217654 61.00
18.286653 62.00
18.355265 62.00
18.419015 61.00
18.477656 61.00
18.543016 61.00
18.601657 61.00
18.667018 61.00
18.725659 61.00
18.791035 61.00
18.849909 61.00
18.908545 61.00
18.974020 62.00
19.034548 61.00
19.098538 61.00
19.162523 61.00
19.226396 61.00
19.281649 61.00
19.336649 62.00
19.386649 62.00
19.441650 61.00
19.500273 61.00
19.553795 62.00
19.617526 62.00
19.683026 61.00
19.732789 61.00
19.796528 62.00
19.860528 62.00
19.931028 61.00
19.989792 61.00
20.053679 61.00
20.124029 61.00
20.173795 62.00
20.237547 62.00
20.301547 61.00
20.365549 61.00
20.429549 61.00
20.503683 61.00
20.572534 61.00
20.636535 61.00
20.705536 61.00
20.779686 61.00
20.843800 61.00
20.902537 61.00
20.966537 61.00
21.030563 61.00
21.099689 61.00
21.173538 61.00
21.247538 61.00
21.321413 61.00
21.395539 61.00
21.469414 61.00
21.543415 61.00
21.617416 61.00
21.682808 61.00
21.751542 61.00
21.825543 61.00
21.894693 61.00
21.958544 62.00
22.032544 62.00
22.106696 62.00
22.170171 61.00
22.228546 61.00
22.293921 61.00
22.347171 61.00
22.405547 61.00
22.479429 61.00
22.545048 61.00
22.603699 61.00
22.669049 61.00
22.732700 61.00
22.801702 61.00
22.862051 61.00
22.928051 61.00
22.986702 61.00
23.052053 62.00
23.110703 62.00
23.174577 61.00
23.243580 61.00
23.307579 61.00
23.381580 61.00
23.450435 62.00
23.519583 61.00
23.588582 61.00
23.657583 62.00
23.731442 62.00
23.795582 61.00
23.869584 61.00
23.938586 62.00
24.007585 62.00
24.076462 61.00
24.140586 61.00
24.204586 61.00
24.278587 62.00
24.352827 62.00
24.411463 61.00
24.480590 61.00
24.549457 61.00
24.613459 61.00
24.682462 62.00
24.751593 62.00
24.825463 62.00
24.894462 62.00
24.968594 62.00
25.037444 61.00
25.111445 61.00
25.180593 61.00
25.254595 61.00
25.314959 62.00
25.373446 62.00
25.442598 61.00
25.506448 61.00
25.566961 61.00
25.625448 61.00
25.685963 61.00
25.755074 61.00
25.824075 61.00
25.882715 61.00
25.937966 61.00
25.996451 61.00
26.065601 61.00
26.129327 61.00
26.198328 61.00
26.267328 61.00
26.331455 61.00
26.400455 61.00
26.469456 61.00
26.538608 62.00
26.602457 62.00
26.666331 61.00
26.735458 61.00
26.804609 62.00
26.874083 62.00
26.943084 62.00
27.012085 61.00
27.081085 61.00
27.139852 61.00
27.198612 61.00
27.262488 62.00
27.331489 62.00
27.400337 61.00
27.474338 61.00
27.548338 61.00
27.617340 61.00
27.686492 62.00
27.752215 61.00
27.821491 61.00
27.890493 61.00
27.954342 61.00
28.029092 61.00
28.092984 61.00
28.151984 61.00
28.211094 61.00
28.274985 62.00
28.338984 62.00
28.402986 62.00
28.458220 62.00
28.508971 61.00
28.567988 61.00
28.632097 61.00
28.695987 61.00
28.759990 61.00
28.818988 61.00
28.883099 61.00
28.947100 61.00
29.010989 61.00
29.074993 61.00
29.138990 61.00
29.197992 61.00
29.261991 62.00
29.325993 62.00
29.389994 62.00
29.453992 62.00
29.512994 62.00
29.576995 62.00
29.640999 61.00
29.704997 61.00
29.768994 61.00
29.827997 61.00
29.891998 62.00
29.955996 62.00
30.020001 62.00
30.083999 62.00
30.143001 61.00
30.207000 61.00
30.270998 61.00
30.335002 61.00
30.399002 62.00
30.458000 62.00
30.522003 62.00
30.586003 62.00
30.650004 62.00
30.714004 62.00
30.773008 62.00
30.837003 62.00
30.890491 62.00
30.944366 62.00
31.004642 62.00
31.050366 62.00
31.110642 61.00
31.156242 61.00
31.225243 61.00
31.290642 62.00
31.336118 62.00
31.386759 62.00
31.445369 62.00
31.508994 62.00
31.562497 62.00
31.616371 62.00
31.679997 62.00
31.734763 62.00
31.793373 62.00
31.853648 61.00
31.908373 61.00
31.971998 61.00
32.025500 62.00
32.079125 62.00
32.138766 61.00
32.197376 61.00
32.261251 62.00
32.330002 62.00
32.383504 61.00
32.433252 61.00
32.507003 61.00
32.565529 61.00
32.624129 61.00
32.687769 61.00
32.746380 62.00
32.810256 62.00
32.874006 62.00
32.927523 62.00
32.983006 61.00
33.041897 61.00
33.102007 61.00
33.157264 61.00
33.217383 61.00
33.281009 61.00
33.336141 61.00
33.386141 62.00
33.445010 62.00
33.500142 61.00
33.550142 61.00
33.600143 62.00
33.650143 62.00
33.700143 62.00
33.750144 61.00
33.805515 61.00
33.859139 61.00
33.924515 61.00
33.978140 61.00
34.043516 61.00
34.097140 62.00
34.167517 62.00
34.213141 62.00
34.283517 62.00
34.333142 62.00
34.403519 62.00
34.449143 62.00
34.518019 62.00
34.574033 62.00
34.630035 62.00
34.686034 62.00
34.742037 62.00
34.816021 62.00
34.880022 62.00
34.944022 62.00
35.013023 61.00
35.077024 61.00
35.141025 61.00
35.215024 61.00
35.289151 61.00
35.363025 62.00
35.437027 62.00
35.511043 62.00
35.575152 62.00
35.644028 62.00
35.708029 62.00
35.782029 62.00
35.851030 62.00
35.925031 62.00
35.994031 62.00
36.063045 62.00
36.137032 62.00
36.211033 62.00
36.275033 62.00
36.339159 62.00
36.403034 62.00
36.467051 62.00
36.531035 62.00
36.595051 61.00
36.655411 61.00
36.705037 61.00
36.770412 62.00
36.829038 62.00
36.902929 62.00
36.961539 61.00
37.025039 61.00
37.088932 61.00
37.139540 61.00
37.198040 61.00
37.266806 61.00
37.325291 61.00
37.402292 62.00
37.466042 61.00
37.539932 61.00
37.590543 62.00
37.654044 62.00
37.727935 62.00
37.815295 62.00
37.879046 61.00
37.952812 61.00
38.006047 61.00
38.079811 61.00
38.133048 61.00
38.201815 62.00
38.255049 62.00
38.323940 62.00
38.392941 62.00
38.461942 61.00
38.525941 61.00
38.589940 61.00
38.653941 61.00
38.728054 61.00
38.787053 61.00
38.855944 62.00
38.919944 62.00
38.986947 62.00
39.050945 62.00
39.114947 62.00
39.178945 62.00
39.245949 62.00
39.309948 62.00
39.373948 61.00
39.437948 61.00
39.502075 61.00
39.562310 61.00
39.620955 61.00
39.685061 61.00
39.748950 62.00
39.812950 62.00
39.876952 62.00
39.940951 62.00
40.004952 61.00
40.069064 62.00
40.123954 62.00
40.178954 62.00
40.242957 62.00
40.297955 62.00
40.361955 62.00
40.425958 62.00
40.490067 62.00
40.553957 62.00
40.617958 61.00
40.681958 61.00
40.745958 62.00
40.809958 62.00
40.873960 62.00
40.938071 62.00
41.001962 62.00
41.065960 62.00
41.129962 62.00
41.193961 62.00
41.257963 62.00
41.332450 62.00
41.391450 62.00
41.455451 61.00
41.519451 61.00
41.583454 62.00
41.652967 62.00
41.716967 61.00
41.780966 61.00
41.844968 62.00
41.908968 62.00
41.972844 62.00
42.037080 62.00
42.086720 62.00
42.140080 62.00
42.198969 62.00
42.257845 62.00
42.321970 62.00
42.385971 62.00
42.444724 62.00
42.495333 62.00
42.564459 61.00
42.623459 61.00
42.678333 61.00
42.737085 62.00
42.790724 62.00
42.841335 61.00
42.910462 61.00
42.961337 62.00
43.030463 62.00
43.094464 62.00
43.163464 62.00
43.227465 61.00
43.282339 61.00
43.351466 62.00
43.415466 62.00
43.479467 62.00
43.543469 62.00
43.603467 62.00
43.667468 62.00
43.731493 61.00
43.805607 62.00
43.869470 62.00
43.933470 62.00
43.997471 62.00
44.061473 62.00
44.126971 62.00
44.185596 61.00
44.250973 61.00
44.309597 62.00
44.364849 62.00
44.424974 61.00
44.483599 61.00
44.538850 61.00
44.607599 62.00
44.676350 61.00
44.734976 61.00
44.793601 61.00
44.852227 61.00
44.915745 61.00
44.989603 62.00
45.048228 62.00
45.111744 62.00
45.182104 62.00
45.236746 62.00
45.307105 62.00
45.365745 62.00
45.436107 62.00
45.489745 62.00
45.553746 61.00
45.624108 61.00
45.669748 61.00
45.743485 61.00
45.814110 62.00
45.859751 62.00
45.933611 61.00
45.984361 61.00
46.048236 61.00
46.111987 61.00
46.170629 62.00
46.239628 62.00
46.308629 62.00
46.382627 62.00
46.451240 62.00
46.514990 62.00
46.573632 62.00
46.647630 62.00
46.712992 62.00
46.771766 62.00
46.840631 62.00
46.906008 62.00
46.964634 62.00
47.028495 62.00
47.094009 62.00
47.152635 62.00
47.218012 62.00
47.276635 62.00
47.340497 62.00
47.404498 62.00
47.473373 62.00
47.533624 62.00
47.588625 62.00
47.643638 62.00
47.693125 61.00
47.762016 61.00
47.820891 62.00
47.879527 62.00
47.948643 62.00
48.019127 62.00
48.088003 61.00
48.137504 61.00
48.206505 62.00
48.277023 62.00
48.331898 62.00
48.390535 62.00
48.459649 62.00
48.528537 62.00
48.592905 62.00
48.651653 62.00
48.715901 62.00
48.774660 62.00
48.843538 62.00
48.902655 61.00
48.957905 61.00
49.021651 61.00
49.090652 62.00
49.160022 62.00
49.224659 62.00
49.294265 62.00
49.358264 62.00
49.413544 61.00
49.485397 61.00
49.546269 62.00
49.610267 62.00
49.665545 62.00
49.734916 62.00
49.794269 62.00
49.863911 62.00
49.922548 62.00
49.991911 62.00
50.047681 62.00
50.113669 62.00
50.188272 62.00
50.247146 62.00
50.316396 62.00
50.375559 62.00
50.430665 62.00
50.500397 62.00
50.564273 61.00
50.624557 61.00
50.688552 62.00
50.749024 62.00
50.807667 62.00
50.866554 62.00
50.925572 62.00
50.980685 62.00
51.039681 62.00
51.098558 62.00
51.159027 62.00
51.228407 62.00
51.292688 62.00
51.351557 62.00
51.410558 62.00
51.474561 62.00
51.539414 62.00
51.604159 62.00
51.663158 62.00
51.721922 62.00
51.780704 61.00
51.841803 61.00
51.900707 62.00
51.959409 62.00
52.023564 62.00
52.092789 62.00
52.151412 61.00
52.220411 61.00
52.284412 62.00
52.353412 62.00
52.428041 61.00
52.491540 61.00
52.555539 61.00
52.629414 61.00
52.693415 62.00
52.757702 62.00
52.811700 62.00
52.869041 62.00
52.924821 62.00
52.976698 62.00
53.041546 62.00
53.106307 62.00
53.166052 62.00
53.221564 62.00
53.278966 62.00
53.338699 62.00
53.393184 62.00
53.457681 62.00
53.517303 62.00
53.582185 62.00
53.647062 62.00
53.702621 62.00
53.768595 62.00
53.822730 62.00
53.877184 62.00
53.947183 62.00
54.012057 62.00
54.082188 62.00
54.146304 62.00
54.221618 62.00
54.291625 62.00
54.351056 62.00
54.411706 62.00
54.465716 62.00
54.526824 61.00
54.587316 61.00
54.647194 62.00
54.712192 62.00
54.771628 62.00
54.847194 62.00
54.906438 62.00
54.980316 62.00
55.044315 61.00
55.108438 61.00
55.172945 62.00
55.245315 62.00
55.309606 62.00
55.368597 62.00
55.427441 62.00
55.491447 62.00
55.560566 62.00
55.621313 62.00
55.690701 62.00
55.749320 61.00
55.821315 61.00
55.890316 62.00
55.954448 62.00
56.015069 62.00
56.080738 62.00
56.132322 61.00
56.180568 61.00
56.249473 61.00
56.302944 61.00
56.361944 61.00
56.417198 62.00
56.473713 62.00
56.523321 62.00
56.588718 62.00
56.643197 62.00
56.713715 62.00
56.759322 62.00
56.819698 62.00
56.865198 62.00
56.920948 62.00
56.979574 62.00
57.038200 62.00
57.094075 62.00
57.157966 62.00
57.221829 62.00
57.290968 62.00
57.360077 62.00
57.413328 62.00
57.477581 62.00
57.536329 62.00
57.605082 62.00
57.674332 62.00
57.743205 62.00
57.811959 62.00
57.876459 62.00
57.935208 62.00
58.005974 62.00
58.069958 62.00
58.133975 62.00
58.202977 62.00
58.266835 62.00
58.332085 62.00
58.390961 62.00
58.454982 62.00
58.532337 61.00
58.596337 61.00
58.655213 61.00
58.719338 61.00
58.783601 62.00
58.838091 62.00
58.892967 61.00
58.956470 61.00
59.025092 62.00
59.079970 62.00
59.133220 62.00
59.198341 62.00
59.257217 62.00
59.321092 62.00
59.375967 62.00
59.429218 62.00
59.499594 62.00
59.558976 62.00
59.619595 62.00
59.665095 62.00
59.735596 62.00
59.781097 62.00
59.831737 62.00
59.895222 61.00
59.969358 61.00
60.033111 62.00
60.097976 62.00
60.172100 62.00
60.240976 62.00
60.299745 62.00
60.368507 62.00
60.422102 62.00
60.481352 61.00
60.540228 61.00
60.613979 62.00
60.672497 62.00
60.726229 62.00
60.799998 62.00
60.853482 62.00
60.911981 62.00
60.970483 62.00
61.024106 62.00
61.089357 62.00
61.152982 62.00
61.213986 62.00
61.269240 62.00
61.329359 62.00
61.392985 62.00
61.448001 62.00
61.508236 62.00
61.571993 62.00
61.626867 61.00
61.686865 61.00
61.746866 62.00
61.806865 62.00
61.870365 62.00
61.928995 62.00
61.989867 62.00
62.043116 62.00
62.113492 61.00
62.167989 61.00
62.226365 62.00
62.286701 62.00
62.346117 62.00
62.411493 62.00
62.456993 62.00
62.512994 62.00
62.563638 62.00
62.627245 62.00
62.696011 62.00
62.764996 61.00
62.829121 61.00
62.903011 62.00
62.972017 62.00
63.045873 62.00
63.099373 62.00
63.152999 62.00
63.226890 62.00
63.280375 62.00
63.334001 62.00
63.403002 62.00
63.467127 62.00
63.540877 62.00
63.594377 62.00
63.648128 62.00
63.722013 62.00
63.787260 62.00
63.855882 61.00
63.909132 61.00
63.982883 62.00
64.037883 62.00
64.093145 61.00
64.154514 61.00
64.219135 62.00
64.293009 62.00
64.366901 62.00
64.425642 62.00
64.489268 62.00
64.557889 62.00
64.612763 62.00
64.676265 62.00
64.734640 62.00
64.793015 62.00
64.867656 62.00
64.931518 62.00
64.995014 62.00
65.060140 62.00
65.125391 61.00
65.180038 61.00
65.240557 62.00
65.304543 62.00
65.368266 62.00
65.427017 62.00
65.491142 62.00
65.546157 62.00
65.616400 61.00
65.671268 61.00
65.734912 62.00
65.790912 62.00
65.841539 62.00
65.905020 62.00
65.969036 62.00
66.032914 62.00
66.098023 62.00
66.161912 62.00
66.230915 62.00
66.299917 62.00
66.369025 62.00
66.433025 62.00
66.492025 62.00
66.560918 62.00
66.634795 62.00
66.689917 62.00
66.749027 62.00
66.813028 62.00
66.876921 62.00
66.945921 62.00
67.009907 61.00
67.078535 61.00
67.143659 61.00
67.203659 62.00
67.263659 62.00
67.323660 62.00
67.388909 62.00
67.438657 62.00
67.498657 62.00
67.558658 62.00
67.611908 62.00
67.677034 62.00
67.737919 62.00
67.807415 62.00
67.861413 62.00
67.925162 62.00
67.983805 62.00
68.034538 62.00
68.098163 62.00
68.147914 62.00
68.216665 62.00
68.269932 62.00
68.340290 61.00
68.385808 61.00
68.436541 61.00
68.500166 61.00
68.563666 61.00
68.616917 61.00
68.690667 62.00
68.743933 62.00
68.817669 62.00
68.870921 62.00
68.939795 62.00
68.990426 62.00
69.053920 62.00
69.127671 62.00
69.180921 62.00
69.249677 62.00
69.302927 62.00
69.376678 62.00
69.429926 62.00
69.503678 62.00
69.557056 62.00
69.615926 62.00
69.674944 62.00
69.733943 62.00
69.797927 62.00
69.861944 62.00
69.920812 62.00
69.985932 62.00
70.059682 62.00
70.114558 62.00
70.174559 62.00
70.234559 62.00
70.293610 62.00
70.353061 62.00
70.406933 62.00
70.465707 62.00
70.524059 62.00
70.584184 62.00
70.638727 62.00
70.694061 62.00
70.747700 62.00
70.797060 62.00
70.846702 62.00
70.897311 62.00
70.966446 62.00
71.017446 62.00
71.076445 62.00
71.134938 62.00
71.198706 62.00
71.262704 62.00
71.313446 62.00
71.372064 62.00
71.425943 62.00
71.489940 62.00
71.553830 61.00
71.622834 61.00
71.686942 62.00
71.750834 62.00
71.814946 62.00
71.879198 62.00
71.942836 62.00
72.006834 62.00
72.070946 62.00
72.134821 62.00
72.193698 61.00
72.262478 61.00
72.326322 62.00
72.390323 62.00
72.449322 62.00
72.513323 62.00
72.577324 62.00
72.641324 62.00
72.705325 62.00
72.769326 62.00
72.838841 62.00
72.897827 62.00
72.956607 62.00
73.011465 62.00
73.066461 62.00
73.119709 62.00
73.190082 61.00
73.245083 61.00
73.300083 62.00
73.355219 62.00
73.412207 62.00
73.475849 62.00
73.530850 62.00
73.585850 62.00
73.644583 62.00
73.708333 62.00
73.766966 62.00
73.830466 62.00
73.883714 62.00
73.954088 62.00
73.999589 62.00
74.050215 62.00
74.121512 62.00
74.180854 61.00
74.239838 61.00
74.303853 62.00
74.367604 62.00
74.418215 62.00
74.492617 62.00
74.561340 62.00
74.621966 62.00
74.680609 62.00
74.749494 62.00
74.810018 62.00
74.868865 62.00
74.927858 62.00
74.996608 62.00
75.061862 62.00
75.120345 62.00
75.189500 62.00
75.258596 62.00
75.332501 62.00
75.396982 62.00
75.458248 62.00
75.518847 62.00
75.577598 62.00
75.646876 62.00
75.702606 62.00
75.752349 62.00
75.821600 62.00
75.886867 62.00
75.946976 62.00
76.000867 62.00
76.064504 62.00
76.133507 62.00
76.197606 62.00
76.268104 62.00
76.337359 62.00
76.401608 62.00
76.465608 62.00
76.534606 62.00
76.603512 62.00
76.672607 62.00
76.741608 62.00
76.815514 62.00
76.885372 62.00
76.954618 62.00
77.023998 62.00
77.088887 62.00
77.142876 62.00
77.202540 62.00
77.272559 62.00
77.342389 62.00
77.406632 62.00
77.476239 62.00
77.540631 62.00
77.604630 62.00
77.678491 62.00
77.742520 62.00
77.816366 62.00
77.890522 62.00
77.964368 62.00
78.038648 62.00
78.102523 62.00
78.176522 62.00
78.250625 62.00
78.314524 62.00
78.388638 62.00
78.462525 62.00
78.536375 62.00
78.600247 62.00
78.663763 62.00
78.732638 62.00
78.796640 62.00
78.857000 62.00
78.920655 62.00
78.984531 62.00
79.048768 62.00
79.112626 62.00
79.171381 62.00
79.230503 62.00
79.300878 62.00
79.358004 62.00
79.416642 62.00
79.480570 62.00
79.544649 62.00
79.608543 62.00
79.663647 62.00
79.723881 62.00
79.779133 62.00
79.843133 62.00
79.901637 62.00
79.965510 62.00
80.029537 62.00
80.093383 62.00
80.162387 62.00
80.226903 62.00
80.285515 62.00
80.354386 62.00
80.418557 62.00
80.493542 62.00
80.562387 62.00
80.631543 62.00
80