0.000000 0.000000
0.041668 4.68
0.101525 2.66
0.166269 2.66
0.236630 2.66
0.289877 2.66
0.358501 2.66
0.416876 2.66
0.485502 2.66
0.545628 2.66
0.600629 2.66
0.653878 2.66
0.719575 2.66
0.779136 2.66
0.844313 2.66
0.905299 2.66
0.966556 4.34
1.031136 4.34
1.091775 4.34
1.150759 4.34
1.209774 4.34
1.268759 4.34
1.323760 4.34
1.388304 4.34
1.449145 4.34
1.515141 4.34
1.575765 4.34
1.630763 4.34
1.689778 4.34
1.744780 4.34
1.799778 4.34
1.854780 4.34
1.909781 4.68
1.964780 4.34
2.028779 4.34
2.083782 4.34
2.138781 4.34
2.197531 4.34
2.253268 4.34
2.312017 4.34
2.370392 4.34
2.426270 4.34
2.485019 4.34
2.538535 4.34
2.603270 4.34
2.663895 4.34
2.722770 4.34
2.786536 4.34
2.855147 4.34
2.923772 4.34
2.987787 4.34
3.051787 4.34
3.115774 4.34
3.184399 4.34
3.253150 4.34
3.321776 4.34
3.390401 4.34
3.464402 4.34
3.538403 4.34
3.612402 4.34
3.682779 4.34
3.751403 4.34
3.825404 4.34
3.899405 4.34
3.973309 4.34
4.038907 4.34
4.088673 4.34
4.157283 4.34
4.222783 4.34
4.281311 4.34
4.355300 4.34
4.429285 4.34
4.476677 4.34
4.545426 4.34
4.619287 4.34
4.666802 4.34
4.720312 4.34
4.789426 4.34
4.853306 4.34
4.927429 4.34
4.996430 4.34
5.052164 4.34
5.115665 4.34
5.184290 4.34
5.242665 4.34
5.311291 4.34
5.369666 4.34
5.438292 4.34
5.496667 4.34
5.565293 4.34
5.623668 4.34
5.692294 4.34
5.750669 4.34
5.819295 4.34
5.877671 4.34
5.946296 4.34
6.004671 4.34
6.073297 4.34
6.133423 4.34
6.186673 4.34
6.255299 4.34
6.315424 4.34
6.368674 4.34
6.437300 4.34
6.495675 4.34
6.564301 4.34
6.624301 4.34
6.684303 4.34
6.744303 4.34
6.804303 4.34
6.864304 4.34
6.924304 4.34
6.984305 4.34
7.037554 4.34
7.106179 4.34
7.164555 4.34
7.233181 4.34
7.288181 4.34
7.335432 4.34
7.384807 4.34
7.443182 4.34
7.501558 4.34
7.570183 4.34
7.617434 4.34
7.675810 4.34
7.734184 4.34
7.781435 4.34
7.832061 4.34
7.895561 4.34
7.964186 4.34
8.011438 4.34
8.062062 4.34
8.120563 4.34
8.189188 4.34
8.247564 4.34
8.311189 4.34
8.369565 4.34
8.438190 4.34
8.496566 4.34
8.565191 4.34
8.623567 4.34
8.692193 4.34
8.750568 4.34
8.819194 4.34
8.877569 4.34
8.941194 4.34
8.999570 4.34
9.068196 4.34
9.128323 4.34
9.181571 4.34
9.250197 4.34
9.310198 4.34
9.370198 4.34
9.430200 4.34
9.490200 4.34
9.550200 4.34
9.610200 4.34
9.670201 4.34
9.733826 4.34
9.788701 4.34
9.847077 4.34
9.898202 4.34
9.952703 4.34
10.011078 4.34
10.058330 4.34
10.107705 4.34
10.161079 4.34
10.208331 4.34
10.266705 4.34
10.325081 4.34
10.383456 4.34
10.452082 4.34
10.499334 4.34
10.549958 4.34
10.613459 4.34
10.690335 4.34
10.749959 4.34
10.813459 4.34
10.882085 4.34
10.940461 4.34
11.009086 4.34
11.072711 4.34
11.131086 4.34
11.189463 4.34
11.258088 4.34
11.316464 4.34
11.385089 4.34
11.443465 4.34
11.512090 4.34
11.570465 4.34
11.639091 4.34
11.702717 4.34
11.761092 4.34
11.819468 4.34
11.888093 4.34
11.948223 4.34
12.003094 4.34
12.056470 4.34
12.125095 4.34
12.185097 4.34
12.240097 4.34
12.300097 4.34
12.360098 4.34
12.415098 4.34
12.475099 4.34
12.535099 4.34
12.590099 4.34
12.653600 4.34
12.717099 4.34
12.775600 4.34
12.833975 4.34
12.881230 4.34
12.930602 4.34
12.988977 4.34
13.036231 4.34
13.094603 4.34
13.152978 4.34
13.208853 4.34
13.272354 4.34
13.340980 4.34
13.388231 4.34
13.438855 4.34
13.502356 4.34
13.570981 4.34
13.642733 4.34
13.711358 4.34
13.779982 4.34
13.838359 4.34
13.906984 4.34
13.970610 4.34
14.028986 4.34
14.087361 4.34
14.155986 4.34
14.214362 4.34
14.282986 4.34
14.341363 4.34
14.409988 4.34
14.468364 4.34
14.536989 4.34
14.600614 4.34
14.658990 4.34
14.717366 4.34
14.785991 4.34
14.844367 4.34
14.912992 4.34
14.972994 4.34
15.032994 4.34
15.092995 4.34
15.152995 4.34
15.208015 4.34
15.258871 4.34
15.312638 4.34
15.359746 4.34
15.418638 4.34
15.479025 4.34
15.537624 4.34
15.601499 4.34
15.654999 4.34
15.719000 4.34
15.783001 4.34
15.847001 4.34
15.911000 4.34
15.975002 4.34
16.039002 4.34
16.113003 4.34
16.177004 4.34
16.250878 4.34
16.309646 4.34
16.373521 4.34
16.427130 4.34
16.495881 4.34
16.554522 4.34
16.604131 4.34
16.667773 4.34
16.726646 4.34
16.795259 4.34
16.858884 4.34
16.917650 4.34
16.981648 4.34
17.045262 4.34
17.103885 4.34
17.162525 4.34
17.216136 4.34
17.284887 4.34
17.358888 4.34
17.417654 4.34
17.481528 4.34
17.535140 4.34
17.603890 4.34
17.662656 4.34
17.722897 4.34
17.776533 4.34
17.826530 4.34
17.876532 4.34
17.922531 4.34
17.972533 4.34
18.018534 4.34
18.068540 4.34
18.118534 4.34
18.187144 4.34
18.250769 4.34
18.306145 4.34
18.374771 4.34
18.426147 4.34
18.494772 4.34
18.542147 4.34
18.610898 4.34
18.666787 4.34
18.722790 4.34
18.778788 4.34
18.834790 4.34
18.890791 4.34
18.955901 4.34
19.024776 4.34
19.080792 4.34
19.155027 4.34
19.228902 4.34
19.292903 4.34
19.366779 4.34
19.431779 4.34
19.505780 4.34
19.570781 4.34
19.635781 4.34
19.704782 4.34
19.768907 4.34
19.842908 4.34
19.916784 4.34
19.985909 4.34
20.059784 4.34
20.133785 4.34
20.207786 4.34
20.271786 4.34
20.335787 4.34
20.409787 4.34
20.483788 4.34
20.552664 4.34
20.617815 4.34
20.671414 4.34
20.721415 4.34
20.771415 4.34
20.821429 4.34
20.872792 4.34
20.927792 4.34
20.982793 4.34
21.041317 4.34
21.105308 4.34
21.169320 4.34
21.233295 4.34
21.297295 4.34
21.352296 4.34
21.416320 4.34
21.471434 4.34
21.535297 4.34
21.599298 4.34
21.663328 4.34
21.727298 4.34
21.791299 4.34
21.855301 4.34
21.919300 4.34
21.983300 4.34
22.039576 4.34
22.098302 4.34
22.162302 4.34
22.226303 4.34
22.290303 4.34
22.354444 4.34
22.410577 4.34
22.469305 4.34
22.533305 4.34
22.597306 4.34
22.661306 4.34
22.725307 4.34
22.794806 4.34
22.858821 4.34
22.922821 4.34
22.986824 4.34
23.050809 4.34
23.114809 4.34
23.183809 4.34
23.258311 4.34
23.322313 4.34
23.381312 4.34
23.445312 4.34
23.509312 4.34
23.573188 4.34
23.626813 4.34
23.685314 4.34
23.749317 4.34
23.808315 4.34
23.867190 4.34
23.920815 4.34
23.979831 4.34
24.043816 4.34
24.094458 4.34
24.154468 4.34
24.214467 4.34
24.274470 4.34
24.338319 4.34
24.402320 4.34
24.466321 4.34
24.530321 4.34
24.594321 4.34
24.663838 4.34
24.723822 4.34
24.774463 4.34
24.843840 4.34
24.912824 4.34
24.987324 4.34
25.061840 4.34
25.120825 4.34
25.184826 4.34
25.248826 4.34
25.317843 4.34
25.381827 4.34
25.456328 4.34
25.530844 4.34
25.589704 4.34
25.660079 4.34
25.713704 4.34
25.784080 4.34
25.837594 4.34
25.906597 4.34
25.965207 4.34
26.025596 4.34
26.084208 4.34
26.135584 4.34
26.189209 4.34
26.240585 4.34
26.299085 4.34
26.352725 4.34
26.421601 4.34
26.485086 4.34
26.538601 4.34
26.602087 4.34
26.655603 4.34
26.719088 4.34
26.772603 4.34
26.841605 4.34
26.905089 4.34
26.958605 4.34
27.014340 4.34
27.091607 4.34
27.147341 4.34
27.224608 4.34
27.280342 4.34
27.358618 4.34
27.409343 4.34
27.473094 4.34
27.526608 4.34
27.600609 4.34
27.683095 4.34
27.736736 4.34
27.800738 4.34
27.869736 4.34
27.938722 4.34
28.022973 4.34
28.081849 4.34
28.154229 4.34
28.228739 4.34
28.297741 4.34
28.361851 4.34
28.439234 4.34
28.506376 4.34
28.571744 4.34
28.635505 4.34
28.709379 4.34
28.774745 4.34
28.833505 4.34
28.902379 4.34
28.962747 4.34
29.031383 4.34
29.091745 4.34
29.160386 4.34
29.220748 4.34
29.289383 4.34
29.349749 4.34
29.408500 4.34
29.467110 4.34
29.535749 4.34
29.604510 4.34
29.678512 4.34
29.738238 4.34
29.798390 4.34
29.867505 4.34
29.923240 4.34
29.981754 4.34
30.050515 4.34
30.106391 4.34
30.162241 4.34
30.221115 4.34
30.289741 4.34
30.358392 4.34
30.432393 4.34
30.506392 4.34
30.562244 4.34
30.620994 4.34
30.674509 4.34
30.745520 4.34
30.796272 4.34
30.852871 4.34
30.911762 4.34
30.975762 4.34
31.041524 4.34
31.106873 4.34
31.165762 4.34
31.231525 4.34
31.295397 4.34
31.369278 4.34
31.434767 4.34
31.488389 4.34
31.562277 4.34
31.627877 4.34
31.681518 4.34
31.755255 4.68
31.810128 4.34
31.883879 4.34
31.937771 4.34
31.991395 4.34
32.060256 4.34
32.125772 4.34
32.179395 4.34
32.253284 4.34
32.304773 4.34
32.368259 4.34
32.419773 4.34
32.483409 4.34
32.552260 4.34
32.626261 4.34
32.677524 4.34
32.746263 4.34
32.797527 4.34
32.866262 4.34
32.913528 4.34
32.982277 4.34
33.046412 4.34
33.110414 4.34
33.174292 4.34
33.248266 4.34
33.317266 4.34
33.391267 4.34
33.465268 4.34
33.539268 4.34
33.613268 4.34
33.687394 4.34
33.756269 4.34
33.830395 4.34
33.904395 4.34
33.973287 4.34
34.047272 4.34
34.121273 4.34
34.195274 4.34
34.269274 4.34
34.343274 4.34
34.417399 4.34
34.491276 4.34
34.565276 4.34
34.634150 4.34
34.692776 4.34
34.746152 4.34
34.806279 4.34
34.870153 4.34
34.935903 4.34
34.996281 4.34
35.065281 4.34
35.134299 4.34
35.198546 4.34
35.257156 4.34
35.317548 4.34
35.376157 4.34
35.436671 4.34
35.495408 4.34
35.559158 4.34
35.619550 4.34
35.683302 4.34
35.752436 4.34
35.816160 4.34
35.885161 4.34
35.954552 4.34
36.018305 4.34
36.087304 4.34
36.156305 4.34
36.225427 4.34
36.289164 4.34
36.358291 4.34
36.427292 4.34
36.496292 4.34
36.565292 4.34
36.634443 4.34
36.698168 4.34
36.767434 4.34
36.831169 4.34
36.900169 4.34
36.969559 4.34
37.033296 4.34
37.102447 4.34
37.166172 4.34
37.235438 4.34
37.299436 4.34
37.363437 4.34
37.427439 4.34
37.491174 4.34
37.560175 4.34
37.629441 4.34
37.693439 4.34
37.762689 4.34
37.816302 4.34
37.875177 4.34
37.939178 4.34
38.003178 4.34
38.067179 4.34
38.131305 4.34
38.190179 4.34
38.254180 4.34
38.318181 4.34
38.382181 4.34
38.446307 4.34
38.505183 4.34
38.569182 4.34
38.633183 4.34
38.697184 4.34
38.761310 4.34
38.820185 4.34
38.884185 4.34
38.948186 4.34
39.012186 4.34
39.076338 4.34
39.135187 4.34
39.199188 4.34
39.258314 4.34
39.317189 4.34
39.381189 4.34
39.445190 4.34
39.514190 4.34
39.578191 4.34
39.642192 4.34
39.706317 4.34
39.765192 4.34
39.829192 4.34
39.893193 4.34
39.957194 4.34
40.021321 4.34
40.080195 4.34
40.144195 4.34
40.208196 4.34
40.272197 4.34
40.336323 4.34
40.395197 4.34
40.459198 4.34
40.523198 4.34
40.592198 4.34
40.656074 4.34
40.721475 4.34
40.779950 4.34
40.827201 4.34
40.877827 4.34
40.936328 4.34
40.994952 4.34
41.042202 4.34
41.092828 4.34
41.151330 4.34
41.209954 4.34
41.268592 4.34
41.322205 4.34
41.372831 4.34
41.431332 4.34
41.489956 4.34
41.548598 4.34
41.602207 4.34
41.661832 4.34
41.720333 4.34
41.778958 4.34
41.837360 4.34
41.905960 4.34
41.969725 4.34
42.038724 4.34
42.107336 4.34
42.171087 4.34
42.242961 4.34
42.301338 4.34
42.365088 4.34
42.433963 4.34
42.492339 4.34
42.559090 4.34
42.628090 4.34
42.710731 4.34
42.774342 4.34
42.838092 4.34
42.920733 4.34
42.985969 4.34
43.049736 4.34
43.118736 4.34
43.188970 4.34
43.252736 4.34
43.324970 4.34
43.395372 4.34
43.449096 4.34
43.514372 4.34
43.568098 4.34
43.631849 4.34
43.679228 4.34
43.743099 4.34
43.811850 4.34
43.859231 4.34
43.922976 4.34
43.996851 4.34
44.044238 4.34
44.107852 4.34
44.166501 4.34
44.220102 4.34
44.288854 4.34
44.354232 4.34
44.417854 4.34
44.476507 4.34
44.530106 4.34
44.593746 4.34
44.657237 4.34
44.720857 4.34
44.779509 4.34
44.833108 4.34
44.896748 4.34
44.960624 4.34
45.029623 4.34
45.093623 4.34
45.162624 4.34
45.231258 4.34
45.289986 4.34
45.353862 4.34
45.412503 4.34
45.466113 4.34
45.534864 4.34
45.603864 4.34
45.662505 4.34
45.722996 4.34
45.791866 4.34
45.850506 4.34
45.900508 4.34
45.955742 4.34
46.020873 4.34
46.074507 4.34
46.124510 4.34
46.179868 4.34
46.238508 4.34
46.302119 4.34
46.370745 4.34
46.426120 4.34
46.494870 4.34
46.549512 4.34
46.618122 4.34
46.686747 4.34
46.734123 4.34
46.802749 4.34
46.850123 4.34
46.918750 4.34
46.966124 4.34
47.034751 4.34
47.082125 4.34
47.150751 4.34
47.206767 4.34
47.280752 4.34
47.354753 4.34
47.429003 4.34
47.497754 4.34
47.572004 4.34
47.635755 4.34
47.709756 4.34
47.779006 4.34
47.848007 4.34
47.916758 4.34
47.980882 4.68
48.049508 6.36
48.118132 6.36
48.186758 6.36
48.245134 6.36
48.308768 6.36
48.373015 6.36
48.431764 6.68
48.495888 6.68
48.559888 6.68
48.629669 6.68
48.694663 6.68
48.751801 6.68
48.805391 6.68
48.855408 7.02
48.914307 7.02
48.974797 7.02
49.024297 7.02
49.083422 7.02
49.143795 7.02
49.193669 7.02
49.249521 7.02
49.308301 7.37
49.368797 7.37
49.419663 7.37
49.475671 7.37
49.536149 7.37
49.589898 7.37
49.640663 7.37
49.704772 7.69
49.768905 7.69
49.824312 7.69
49.888307 7.69
49.952302 7.69
50.016302 7.69
50.080911 7.69
50.145906 8.03
50.197028 8.03
50.255778 8.03
50.319795 8.03
50.384466 8.03
50.449157 8.03
50.504906 8.03
50.568780 8.35
50.632780 8.35
50.692560 8.35
50.757447 8.35
50.821909 8.35
50.896310 8.35
50.960452 8.35
51.019800 8.70
51.085814 8.70
51.144909 8.70
51.203784 8.70
51.269828 8.70
51.328912 8.70
51.387912 8.70
51.446786 9.04
51.510912 9.04
51.575451 9.04
51.629164 9.04
51.684681 9.04
51.748806 9.04
51.814741 9.04
51.874464 9.36
51.933919 9.36
51.992918 9.36
52.053166 9.36
52.113702 9.36
52.173469 9.36
52.233048 9.36
52.291811 9.36
52.357168 9.71
52.417808 9.71
52.473344 9.71
52.533924 9.71
52.592922 9.71
52.653171 9.71
52.713693 10.03
52.778576 10.03
52.848822 10.03
52.903481 10.03
52.964937 10.03
53.024936 10.03
53.084815 10.03
53.149940 10.03
53.216740 10.03
53.281940 10.03
53.336451 10.03
53.401182 10.03
53.465805 10.03
53.539692 10.03
53.604357 10.03
53.658457 10.03
53.719497 10.03
53.775452 10.03
53.840191 10.03
53.895808 10.03
53.954947 10.03
54.013809 10.03
54.072685 10.03
54.136808 10.03
54.195808 10.03
54.255366 10.03
54.314325 10.03
54.378565 10.03
54.442810 10.03
54.506700 10.03
54.570813 10.03
54.629688 10.03
54.688812 10.03
54.743830 10.03
54.802473 10.03
54.866705 10.03
54.935707 10.03
54.999814 10.03
55.054941 10.03
55.108706 10.03
55.168820 10.03
55.227697 10.03
55.287706 10.03
55.338348 10.03
55.397442 10.03
55.444693 10.03
55.495319 10.03
55.558818 10.03
55.627461 10.03
55.687820 10.03
55.746721 10.03
55.811211 10.03
55.875446 10.03
55.940715 10.03
56.009843 10.03
56.078465 10.03
56.147201 10.03
56.212467 10.03
56.281700 10.03
56.342076 10.03
56.404617 10.03
56.473723 10.03
56.537600 10.03
56.606604 10.03
56.665835 10.03
56.729453 10.37
56.798837 10.03
56.852332 10.37
56.912613 10.37
56.981459 10.37
57.050473 10.37
57.119747 10.03
57.188333 10.03
57.242090 10.03
57.302501 10.03
57.366726 10.03
57.425709 10.03
57.494460 10.03
57.552964 10.03
57.611486 10.03
57.670475 10.03
57.735489 9.71
57.809336 9.04
57.865962 8.35
57.919348 8.03
57.977730 7.37
58.036339 7.02
58.093089 6.68
58.156965 6.68
58.210341 6.68
58.272090 6.68
58.336223 6.68
58.399731 6.68
58.458342 6.68
58.527371 6.68
58.596343 6.68
58.661497 6.68
58.725499 6.68
58.789344 6.68
58.853095 6.68
58.921723 6.68
58.990348 6.68
59.048723 6.68
59.117350 6.68
59.176099 6.68
59.250503 6.68
59.309377 6.68
59.383378 6.68
59.457379 6.68
59.531381 6.68
59.605380 6.68
59.679381 6.68
59.753381 6.68
59.822505 6.68
59.896980 6.68
59.948104 6.68
60.022104 6.68
60.095855 6.68
60.154381 6.68
60.228356 6.68
60.298107 6.68
60.353488 6.68
60.408625 6.68
60.477236 6.68
60.537627 6.68
60.601484 6.68
60.665244 6.68
60.726985 6.68
60.787245 6.68
60.856864 6.68
60.911738 6.68
60.975238 6.68
61.022487 6.68
61.086391 6.68
61.155756 6.68
61.209364 6.68
61.273275 6.68
61.342241 6.68
61.416365 6.68
61.490276 6.68
61.564282 6.68
61.633757 6.68
61.687368 6.68
61.761277 6.68
61.830274 6.68
61.904998 6.68
61.969122 6.68
62.032996 6.68
62.106996 6.68
62.177402 6.68
62.246668 6.68
62.305875 6.68
62.371279 6.68
62.445276 6.68
62.519277 6.68
62.588644 6.68
62.657279 6.68
62.731393 6.68
62.805279 6.68
62.879127 6.68
62.937878 6.68
63.002003 6.68
63.060642 6.68
63.129281 6.68
63.198282 6.68
63.267129 6.68
63.322130 6.68
63.394012 6.68
63.463135 6.68
63.523758 6.68
63.583758 6.68
63.638758 6.68
63.684651 6.68
63.744017 6.68
63.808135 6.68
63.868652 6.68
63.922290 6.68
63.986136 6.68
64.060136 6.68
64.118517 6.68
64.187141 6.68
64.245517 6.68
64.314142 6.68
64.372517 6.68
64.441296 6.68
64.505141 6.68
64.579140 6.68
64.637516 6.68
64.706141 6.68
64.764517 6.68
64.833143 6.68
64.891659 6.68
64.950144 6.68
65.008519 6.68
65.072145 6.68
65.141296 6.68
65.198335 6.68
65.255313 6.68
65.324148 6.68
65.384303 6.68
65.448304 6.68
65.512149 6.68
65.582550 6.68
65.641654 6.68
65.695152 6.68
65.759151 6.68
65.828151 6.68
65.892356 6.68
65.956026 6.36
66.016402 6.68
66.075153 6.68
66.139029 6.68
66.204904 6.68
66.268905 6.68
66.327905 6.68
66.386656 6.68
66.445030 6.68
66.492282 6.68
66.541656 6.68
66.600031 6.68
66.647287 6.68
66.701783 6.68
66.760424 6.68
66.819159 6.68
66.883159 6.68
66.947035 6.68
67.012039 6.68
67.076322 6.68
67.135036 6.68
67.193411 6.68
67.252317 6.68
67.315788 6.68
67.379790 6.68
67.438430 6.68
67.497164 6.68
67.561164 6.68
67.631540 6.68
67.695040 6.68
67.753418 6.68
67.822041 6.68
67.880417 6.68
67.949042 6.68
68.007418 6.68
68.076043 6.68
68.139921 6.68
68.203795 6.68
68.267920 6.68
68.323053 6.68
68.381922 6.68
68.437172 6.68
68.496172 6.68
68.560048 6.36
68.634325 6.36
68.693048 6.36
68.763441 6.36
68.822175 6.36
68.877349 6.36
68.931179 6.36
68.995051 6.36
69.065444 6.36
69.119053 6.36
69.192928 6.36
69.244811 6.68
69.294696 6.36
69.363335 6.36
69.422055 6.36
69.495931 6.36
69.543334 6.36
69.597449 6.36
69.652185 6.36
69.702810 6.36
69.766310 6.36
69.834934 6.36
69.893313 6.36
69.957357 6.36
70.011060 6.36
70.079826 6.36
70.138579 6.36
70.192061 6.36
70.256062 6.36
70.329935 6.36
70.388314 6.36
70.456937 6.36
70.515314 6.36
70.583938 6.36
70.642316 6.36
70.706065 6.36
70.770066 6.36
70.843941 6.36
70.902709 6.36
70.966709 6.36
71.035824 6.36
71.091071 6.36
71.155076 6.36
71.228945 6.36
71.292570 6.36
71.342713 6.36
71.401466 6.36
71.447468 6.36
71.498711 6.36
71.562713 6.36
71.621197 6.36
71.679824 6.36
71.727198 6.68
71.785949 6.36
71.845824 6.68
71.900950 6.36
71.956717 6.36
72.015451 6.36
72.068951 6.36
72.129202 6.36
72.198469 6.36
72.251955 6.36
72.315829 6.36
72.363078 6.36
72.423080 6.36
72.492080 6.36
72.555955 6.36
72.629831 6.36
72.698956 6.36
72.758721 6.36
72.817474 6.36
72.886208 6.36
72.949833 6.36
73.008485 6.36
73.061840 6.36
73.120224 6.36
73.183838 6.36
73.242214 6.36
73.310839 6.36
73.369212 6.36
73.433089 6.36
73.491838 6.36
73.551993 6.36
73.605213 6.36
73.668839 6.36
73.727214 6.36
73.795839 6.36
73.869840 6.36
73.929869 6.36
73.989868 6.36
74.043092 6.68
74.108223 6.36
74.161968 6.36
74.225969 6.68
74.289736 6.36
74.344844 6.36
74.404873 6.36
74.463498 6.36
74.523848 6.36
74.592847 6.36
74.652740 6.68
74.707473 6.68
74.776098 6.36
74.839866 6.36
74.895739 6.36
74.960100 6.36
75.010103 6.68
75.079646 6.68
75.135101 6.36
75.203727 6.68
75.259602 6.68
75.323353 6.36
75.376853 6.68
75.441866 6.68
75.515729 6.36
75.583980 6.36
75.634860 6.36
75.704507 6.36
75.773981 6.36
75.842982 6.36
75.911982 6.36
75.980747 6.36
76.049751 6.36
76.118859 6.36
76.187734 6.36
76.246743 6.36
76.316487 6.36
76.380411 6.36
76.444986 6.36
76.504117 6.36
76.562994 6.36
76.622384 6.36
76.682864 6.36
76.751739 6.36
76.820614 6.36
76.885768 6.36
76.939633 6.36
76.998744 6.36
77.058991 6.36
77.119773 6.36
77.178745 6.36
77.237396 6.36
77.297770 6.36
77.351383 6.36
77.401397 6.36
77.465743 6.36
77.526124 6.36
77.590283 6.36
77.654273 6.36
77.713512 6.36
77.773003 6.36
77.837641 6.36
77.884872 6.36
77.935640 6.36
78.010252 6.36
78.065763 6.36
78.129774 6.36
78.188772 6.36
78.257768 6.36
78.322001 6.36
78.381002 6.36
78.449752 6.36
78.513771 6.36
78.582771 6.36
78.642881 6.36
78.711757 6.36
78.786285 6.36
78.845430 6.36
78.906796 6.36
78.971287 6.36
79.035583 6.36
79.099639 6.36
79.159305 6.36
79.218316 6.36
79.283036 6.36
79.343795 6.36
79.413551 6.36
79.483559 6.36
79.540900 6.36
79.595431 6.36
79.654897 6.36
79.704763 6.36
79.770699 6.36
79.829891 6.36
79.894298 6.36
79.954895 6.36
80.014553 6.36
80.083891 6.36
80.144296 6.36
80.199141 6.36
80.263296 6.36
80.327302 6.36
80.391143 6.36
80.455143 6.36
80.514144 6.36
80.578317 6.36
80.642787 6.36
80.708145 6.36
80.764399 6.36
80.828146 6.36
80.892790 6.36
80.956664 6.36
81.020772 6.36
81.071398 6.36
81.130150 6.36
81.186402 6.36
81.245307 6.36
81.305667 6.36
81.369909 6.36
81.423776 6.36
81.487667 6.36
81.551792 6.36
81.620778 6.36
81.679914 6.36
81.740703 6.36
81.799658 6.36
81.863780 6.36
81.922795 6.36
81.981781 6.36
82.046465 6.36
82.112921 6.36
82.171798 6.36
82.231157 6.36
82.305408 6.36
82.359158 6.36
82.428162 6.36
82.484908 6.36
82.538914 6.36
82.592919 6.36
82.647162 6.36
82.713335 6.36
82.772164 6.36
82.836558 6.36
82.905426 6.36
82.976663 6.36
83.036790 6.36
83.091789 6.36
83.150664 6.36
83.200039 6.36
83.249919 6.36
83.308460 6.36
83.368797 6.36
83.418792 6.36
83.479173 6.36
83.549047 6.36
83.604435 6.36
83.669420 6.36
83.731169 6.36
83.791419 6.36
83.855300 6.36
83.919689 6.36
83.988819 6.36
84.047687 6.36
84.111836 6.36
84.176049 6.36
84.235372 6.36
84.301558 6.36
84.372926 6.36
84.431555 6.36
84.500571 6.36
84.569814 6.36
84.628943 6.36
84.688315 6.36
84.747318 6.36
84.806804 6.36
84.860810 6.36
84.920319 6.36
84.986721 6.36
85.046317 6.36
85.113196 6.36
85.183187 6.36
85.252185 6.36
85.321440 6.36
85.38582