0.000000 0.000000
0.046999 42.78
0.101519 42.78
0.166523 42.78
0.236513 42.22
0.295260 42.22
0.374747 42.22
0.443747 42.22
0.517872 42.22
0.591873 42.22
0.662277 42.22
0.708013 42.22
0.762525 42.22
0.827671 42.22
0.893890 41.67
0.959135 41.67
1.009522 41.67
1.068268 42.22
1.132267 42.22
1.201154 42.22
1.246878 42.22
1.320628 42.22
1.374031 42.22
1.428538 42.22
1.493526 42.22
1.557883 42.22
1.623758 41.67
1.697757 42.22
1.771882 41.67
1.835757 42.22
1.899275 42.22
1.967883 41.67
2.036760 41.67
2.110885 41.67
2.174761 41.67
2.248636 41.67
2.322762 41.67
2.391762 41.67
2.460638 41.67
2.534764 41.67
2.603639 41.67
2.677765 41.67
2.743022 41.67
2.806891 41.67
2.867023 41.67
2.925406 41.67
2.983767 41.67
3.047408 41.67
3.107643 41.67
3.173169 41.67
3.231769 41.67
3.297172 41.67
3.355771 41.67
3.424646 41.67
3.490172 41.67
3.552174 41.67
3.610897 41.67
3.679773 41.67
3.745175 41.67
3.803898 41.67
3.872775 41.67
3.941775 41.67
4.010667 41.67
4.079651 41.67
4.148776 41.67
4.217777 41.67
4.281902 41.67
4.350778 41.67
4.419779 41.67
4.488780 41.67
4.557780 41.67
4.626655 41.67
4.695781 41.67
4.764531 41.67
4.817781 41.67
4.891533 41.67
4.944782 41.67
5.018533 41.67
5.071783 41.67
5.145534 41.67
5.198784 41.67
5.272535 41.67
5.325785 41.67
5.399535 41.67
5.454411 41.67
5.514412 41.67
5.574412 41.67
5.634413 41.67
5.694414 41.67
5.754414 41.67
5.814414 41.67
5.874415 41.67
5.934415 41.67
5.987665 41.67
6.056291 41.67
6.114666 41.67
6.185044 41.67
6.240044 41.67
6.294543 41.67
6.352918 41.67
6.413046 41.67
6.468045 41.67
6.513544 41.67
6.564171 41.67
6.627670 41.67
6.693048 41.67
6.738546 41.67
6.789172 41.67
6.852672 41.67
6.926423 41.67
6.979674 41.67
7.053424 41.67
7.106674 41.67
7.180425 41.67
7.233675 41.67
7.307427 41.67
7.360676 41.67
7.434427 41.67
7.487678 41.67
7.561428 41.67
7.614679 41.67
7.683430 41.67
7.736679 41.67
7.810431 41.67
7.863680 41.67
7.937432 41.67
7.990682 41.67
8.064432 41.67
8.117682 41.67
8.191434 41.67
8.246434 41.67
8.301309 41.67
8.359685 41.67
8.433435 41.67
8.488311 41.67
8.548311 41.67
8.608311 41.67
8.668312 41.67
8.728313 41.67
8.788313 41.67
8.848314 41.67
8.906814 41.67
8.975439 41.67
9.029940 41.67
9.081316 41.67
9.134565 41.67
9.204942 41.67
9.250442 41.67
9.308817 41.67
9.368943 41.67
9.423945 41.67
9.469443 41.67
9.520069 41.67
9.583569 41.67
9.657320 41.67
9.710571 41.67
9.784322 41.67
9.837572 41.67
9.911322 41.67
9.964573 41.67
10.038324 41.67
10.096824 41.67
10.160324 41.67
10.213575 41.67
10.287326 41.67
10.340575 41.67
10.414327 41.67
10.467576 41.67
10.541328 41.67
10.594577 41.67
10.668329 41.67
10.726829 41.67
10.790329 41.67
10.843579 41.67
10.917330 41.67
10.970580 41.67
11.044331 41.67
11.099332 41.67
11.154207 41.67
11.212582 41.67
11.286333 41.67
11.341208 41.67
11.401208 41.67
11.461210 41.67
11.516210 41.67
11.576211 41.67
11.636210 41.67
11.691211 41.67
11.751213 41.67
11.814712 41.67
11.874838 41.67
11.929338 41.67
11.987714 41.67
12.047841 41.67
12.102339 41.67
12.151715 41.67
12.211843 41.67
12.257341 41.67
12.307966 41.67
12.371467 41.67
12.445217 41.67
12.498468 41.67
12.572218 41.67
12.625469 41.67
12.699219 41.67
12.752470 41.67
12.826220 41.67
12.876971 41.67
12.940472 41.67
13.014222 41.67
13.067473 41.67
13.141223 41.67
13.204848 41.67
13.273474 41.67
13.347225 41.67
13.400475 41.67
13.474226 41.67
13.527476 41.67
13.601227 41.67
13.654477 41.67
13.728228 41.67
13.781478 41.67
13.855229 41.67
13.918854 41.67
13.989105 41.67
14.049106 41.67
14.109106 41.67
14.169107 41.67
14.229108 41.67
14.289108 41.67
14.349108 41.67
14.409109 41.67
14.469109 41.67
14.529110 41.67
14.589111 41.67
14.642361 41.67
14.712737 41.67
14.767737 41.67
14.822738 41.67
14.868237 41.67
14.926612 41.67
14.986739 41.67
15.032238 41.67
15.087989 41.67
15.146365 41.67
15.220117 41.67
15.273366 41.67
15.347117 41.67
15.400367 41.67
15.474120 41.67
15.524867 41.67
15.588368 41.67
15.662118 41.67
15.712869 41.67
15.776369 41.67
15.850121 41.67
15.903370 41.67
15.977121 41.67
16.030372 41.67
16.104125 41.67
16.167747 41.67
16.236373 41.67
16.310124 41.67
16.363374 41.67
16.437125 41.67
16.490375 41.67
16.564126 41.67
16.617376 41.67
16.691127 41.67
16.746002 41.67
16.804378 41.67
16.878128 41.67
16.933004 41.67
16.991379 41.67
17.065131 41.67
17.120004 41.67
17.180005 41.67
17.240006 41.67
17.293257 41.67
17.363634 41.67
17.418634 41.67
17.473634 41.67
17.528635 41.67
17.583635 41.67
17.638635 41.67
17.693636 41.67
17.752010 41.67
17.805261 41.67
17.875637 41.67
17.921136 41.67
17.970512 41.67
18.030639 41.67
18.076138 41.67
18.126763 41.67
18.190263 41.67
18.264014 41.67
18.317265 41.67
18.391021 41.67
18.444266 41.67
18.518021 41.67
18.571267 41.67
18.645023 41.67
18.727144 41.67
18.799294 41.67
18.868169 41.67
18.942145 41.67
19.011026 41.67
19.080026 41.67
19.144172 41.67
19.208026 41.11
19.272174 41.67
19.336028 41.67
19.408649 41.11
19.479031 41.67
19.543036 41.11
19.607031 41.11
19.671032 41.67
19.730032 41.11
19.794031 41.11
19.858030 41.67
19.922032 41.67
19.981033 41.67
20.046530 41.11
20.101531 41.67
20.165032 41.11
20.224033 41.11
20.284535 41.11
20.330033 41.11
20.388407 41.11
20.448533 41.11
20.503033 41.11
20.561533 41.11
20.630158 41.11
20.700534 41.11
20.755035 41.11
20.805660 41.11
20.869160 41.11
20.937910 41.11
20.991161 41.11
21.064911 41.11
21.118163 41.11
21.191913 41.11
21.245164 41.11
21.318914 41.11
21.372164 41.11
21.445915 41.11
21.509416 41.11
21.573041 41.11
21.623666 41.11
21.687167 41.11
21.760917 41.11
21.814168 41.11
21.882918 41.11
21.936168 41.11
22.009919 41.11
22.063170 41.11
22.136920 41.11
22.190170 41.11
22.263921 41.11
22.317172 41.11
22.390922 41.11
22.445798 41.11
22.509424 41.11
22.560798 41.11
22.620799 41.11
22.684424 41.11
22.735800 41.11
22.795800 41.11
22.854301 41.11
22.922927 41.11
22.977802 41.11
23.041428 41.11
23.110054 41.11
23.180430 41.11
23.234929 41.11
23.293305 41.11
23.353432 41.11
23.411805 41.11
23.465057 41.11
23.535432 41.11
23.580931 41.11
23.631557 41.11
23.695058 41.11
23.768808 41.11
23.822060 41.11
23.895809 41.11
23.949061 41.11
24.022811 41.11
24.076062 41.11
24.149811 41.11
24.203063 41.11
24.276812 41.11
24.330065 41.11
24.403813 41.11
24.457065 41.11
24.530814 41.11
24.584065 41.11
24.657815 41.11
24.711066 41.11
24.784816 41.11
24.838067 41.11
24.911817 41.11
24.965069 41.11
25.038818 41.11
25.093819 41.11
25.147071 41.11
25.220819 41.11
25.275696 41.11
25.335696 41.11
25.395696 41.11
25.455697 41.11
25.515697 41.11
25.575699 41.11
25.639199 41.11
25.707823 41.11
25.762325 41.11
25.830950 41.11
25.901326 41.11
25.956327 41.11
26.011328 41.11
26.066328 41.11
26.111826 41.11
26.170203 41.11
26.230329 41.11
26.284828 41.11
26.343204 41.11
26.403330 41.11
26.448830 41.11
26.499456 41.11
26.562955 41.11
26.636707 41.11
26.689957 41.11
26.760333 41.11
26.805832 41.11
26.869334 41.11
26.937959 41.11
27.011709 41.11
27.064959 41.11
27.138710 41.11
27.191960 41.11
27.265712 41.11
27.318962 41.11
27.392713 41.11
27.445963 41.11
27.519713 41.11
27.572964 41.11
27.646714 41.11
27.699965 41.11
27.773716 41.11
27.828715 41.11
27.883716 41.11
27.936966 41.11
28.010718 41.11
28.065593 41.11
28.123969 41.11
28.197719 41.11
28.252594 41.11
28.312595 41.11
28.372595 41.11
28.432596 41.11
28.492597 41.11
28.552597 41.11
28.605847 41.11
28.676224 41.11
28.731224 41.11
28.785724 41.11
28.840599 41.11
28.893849 41.11
28.964226 41.11
29.018726 41.11
29.069351 41.11
29.132851 41.11
29.203228 41.11
29.248727 41.11
29.299353 41.11
29.362853 41.11
29.436604 41.11
29.489854 41.11
29.563605 41.11
29.616855 41.11
29.690606 41.11
29.743857 41.11
29.817606 41.11
29.870857 41.11
29.944608 41.11
29.997859 41.11
30.071609 41.11
30.124859 41.11
30.198610 41.11
30.253610 41.11
30.306861 41.11
30.380611 41.11
30.433862 41.11
30.507613 41.11
30.562613 41.11
30.615863 41.11
30.689615 41.11
30.744615 41.11
30.799490 41.11
30.859491 41.11
30.919491 41.11
30.979491 41.11
31.039492 41.11
31.099493 41.11
31.159493 41.11
31.219493 41.11
31.272744 41.11
31.343121 41.11
31.406620 41.11
31.455995 41.11
31.516124 41.11
31.579621 41.11
31.628997 41.11
31.689124 41.11
31.743622 41.11
31.794248 41.11
31.857748 41.11
31.928125 41.11
31.982624 41.11
32.033250 41.11
32.096750 41.11
32.167127 41.11
32.212626 41.11
32.263251 41.11
32.326752 41.11
32.400503 41.11
32.453753 41.11
32.527504 41.11
32.580754 41.11
32.654505 41.11
32.707755 41.11
32.781506 41.11
32.834756 41.11
32.908507 41.11
32.961757 41.11
33.030508 41.11
33.083758 41.11
33.157651 41.11
33.226760 41.11
33.295635 41.11
33.369651 41.11
33.438637 41.11
33.512637 41.11
33.581638 41.11
33.655654 41.11
33.729655 41.11
33.798640 41.11
33.872640 41.11
33.946641 41.11
34.015655 41.11
34.089531 41.11
34.155027 41.11
34.213533 41.11
34.279028 41.11
34.324535 41.11
34.390029 41.11
34.435537 41.11
34.486169 41.11
34.550173 41.11
34.614172 41.11
34.678171 41.11
34.736897 41.11
34.795539 41.11
34.868027 41.11
34.926773 41.11
34.994029 41.11
35.052775 41.11
35.120031 41.11
35.178651 41.11
35.242776 41.11
35.306777 41.11
35.365540 41.11
35.434778 41.11
35.498779 41.11
35.562779 41.11
35.626779 41.11
35.690780 41.11
35.749545 41.11
35.818781 41.11
35.882782 41.11
35.946782 41.11
36.005545 41.11
36.074783 41.11
36.133659 41.11
36.202659 41.11
36.266549 41.11
36.335549 41.11
36.407551 41.11
36.476552 41.11
36.545662 41.11
36.609555 41.11
36.678663 41.11
36.738789 41.11
36.802555 41.11
36.871789 41.11
36.930556 41.11
36.994556 41.11
37.058555 41.11
37.122557 41.11
37.186557 41.11
37.250558 41.11
37.309559 41.11
37.373557 41.11
37.437559 41.11
37.506560 41.11
37.570560 41.11
37.634560 41.11
37.698671 41.11
37.757671 41.11
37.816560 41.11
37.880562 41.11
37.939563 41.11
38.003689 41.11
38.062564 41.11
38.121565 41.11
38.185565 41.11
38.249567 41.11
38.313566 41.11
38.377567 41.11
38.436568 41.11
38.500568 41.11
38.564566 41.11
38.628569 41.11
38.692570 41.11
38.751571 41.11
38.815568 41.11
38.879569 41.11
38.943570 41.11
39.007572 41.11
39.066571 41.11
39.130571 41.11
39.194573 41.11
39.258574 41.11
39.322575 41.11
39.381576 41.11
39.445574 41.11
39.509574 41.11
39.573577 41.11
39.637578 41.11
39.696577 41.11
39.760336 41.11
39.813938 41.11
39.877564 41.11
39.942820 41.11
39.988329 41.11
40.038940 41.11
40.097566 41.11
40.157823 41.11
40.203333 41.11
40.253942 41.11
40.312567 41.11
40.372843 41.11
40.418459 41.11
40.482334 41.11
40.532944 41.11
40.591569 41.11
40.660194 41.11
40.713695 41.11
40.767587 41.11
40.836197 41.11
40.889696 41.11
40.943337 41.11
40.993947 41.11
41.052573 41.11
41.121198 41.11
41.174700 41.11
41.228341 41.11
41.302200 41.11
41.366340 41.11
41.440202 41.11
41.504342 41.11
41.567952 41.11
41.631578 41.11
41.700203 41.11
41.753704 41.11
41.824204 41.11
41.877705 41.11
41.936580 41.11
41.995206 41.11
42.064224 41.11
42.117707 41.11
42.167707 41.11
42.217707 41.11
42.267707 41.11
42.317708 41.11
42.367708 41.11
42.424710 41.11
42.478350 41.11
42.543710 41.11
42.597349 41.11
42.662711 41.11
42.716352 41.11
42.781712 41.11
42.835352 41.11
42.900714 41.11
42.946352 41.11
43.016741 41.11
43.062478 41.11
43.126232 41.11
43.182092 41.11
43.238092 41.11
43.294093 41.11
43.350110 41.11
43.406094 41.11
43.466232 41.11
43.535232 41.11
43.599235 41.11
43.655095 41.11
43.729097 41.11
43.803115 41.11
43.872097 41.11
43.936237 41.11
44.005247 41.11
44.079099 41.11
44.148240 41.11
44.217240 41.11
44.286102 41.11
44.355240 41.11
44.424240 41.11
44.493102 41.11
44.562102 41.11
44.631102 41.11
44.705103 41.11
44.779104 41.11
44.848104 41.11
44.912130 41.11
44.981106 41.11
45.050106 41.11
45.114106 41.11
45.178107 41.11
45.242108 41.11
45.306108 41.11
45.370109 41.11
45.434111 41.11
45.498109 41.11
45.562110 41.11
45.626111 41.11
45.690125 41.11
45.754136 41.11
45.818113 41.11
45.877264 41.11
45.941114 41.11
46.005114 41.11
46.069114 41.11
46.133255 41.11
46.197117 41.11
46.261116 41.11
46.325116 41.11
46.389117 41.11
46.453117 41.11
46.517118 41.11
46.581119 41.11
46.654992 41.11
46.708243 41.11
46.781993 41.11
46.835244 41.11
46.908994 41.11
46.962245 41.11
47.035995 41.11
47.089246 41.11
47.162995 41.11
47.216247 41.11
47.289997 41.11
47.343248 41.11
47.411998 41.11
47.465249 41.11
47.538999 41.11
47.594000 41.11
47.649000 41.11
47.703876 41.11
47.762251 41.11
47.836002 41.11
47.890877 41.11
47.946554 41.11
48.006295 41.11
48.065291 41.11
48.119160 41.11
48.178006 41.11
48.242010 41.11
48.301134 41.11
48.365007 41.11
48.434008 41.67
48.493008 41.67
48.553763 41.67
48.612402 41.67
48.658290 41.67
48.722010 41.67
48.791011 41.67
48.851408 41.67
48.897138 41.67
48.966012 41.67
49.016638 41.67
49.075138 41.67
49.134408 41.67
49.180297 41.67
49.239023 41.67
49.304023 41.67
49.369022 41.67
49.433644 41.67
49.508026 41.67
49.581892 41.67
49.656024 41.67
49.715650 41.67
49.785537 42.22
49.860024 42.22
49.924173 42.22
49.988657 42.22
50.047401 42.22
50.111540 42.22
50.186025 42.22
50.245025 42.22
50.309025 42.22
50.368026 42.22
50.427027 42.22
50.486027 42.22
50.545224 42.22
50.599659 42.22
50.669547 42.22
50.739032 42.22
50.798031 42.22
50.857038 42.22
50.926547 42.22
50.990546 42.22
51.049544 42.22
51.113544 42.22
51.174211 42.22
51.239037 42.22
51.294190 42.22
51.348188 42.22
51.407035 42.22
51.466041 42.78
51.525193 42.78
51.575188 42.78
51.643908 42.78
51.709043 42.78
51.778538 42.78
51.849046 42.78
51.907911 42.78
51.967044 42.78
52.033061 42.78
52.092543 42.78
52.158557 42.78
52.224318 42.78
52.269913 42.78
52.329079 42.78
52.393612 42.78
52.465067 42.78
52.526464 42.78
52.598466 42.78
52.658213 42.78
52.718081 42.78
52.779189 42.78
52.833547 42.78
52.893234 42.78
52.949492 42.78
53.009239 42.78
53.063591 42.78
53.123096 42.78
53.187798 42.78
53.254466 42.78
53.323926 42.78
53.379076 42.78
53.433566 42.78
53.493083 42.78
53.557572 42.78
53.622576 42.78
53.686811 42.78
53.745443 42.78
53.812302 43.33
53.866096 43.33
53.915929 43.33
53.970931 43.33
54.031566 43.33
54.091200 43.33
54.146179 43.33
54.206308 43.33
54.251929 43.33
54.310930 43.33
54.371351 43.33
54.436806 43.33
54.487556 43.33
54.538431 43.33
54.596932 43.33
54.651933 43.33
54.715933 43.33
54.779812 43.33
54.838939 43.33
54.893935 43.33
54.967814 43.33
55.031456 43.33
55.100941 43.33
55.169937 43.33
55.238941 43.33
55.302938 43.33
55.366938 43.33
55.430814 43.33
55.499940 43.33
55.573689 43.33
55.628691 43.33
55.694322 43.33
55.763191 43.33
55.823317 43.33
55.891942 43.33
55.965693 43.33
56.031349 43.33
56.094819 43.33
56.159945 43.33
56.233695 43.33
56.293945 43.33
56.367697 43.33
56.426825 43.33
56.500825 43.33
56.569949 43.33
56.630103 43.33
56.690201 43.33
56.739824 43.33
56.800224 43.33
56.845700 43.33
56.909962 43.33
56.973829 43.33
57.043827 43.33
57.107703 43.33
57.173205 43.33
57.227954 43.33
57.300089 43.33
57.345954 43.33
57.404832 43.33
57.473835 43.33
57.537956 43.33
57.606706 43.33
57.657347 43.33
57.726207 43.33
57.794958 43.33
57.858708 43.33
57.919160 43.33
57.984964 43.33
58.043588 43.33
58.096837 43.33
58.165588 43.33
58.218839 43.33
58.292590 43.33
58.345840 43.33
58.409713 43.33
58.473713 43.33
58.542714 43.33
58.611715 42.78
58.685840 42.78
58.754840 42.78
58.828716 42.78
58.902842 42.78
58.976717 42.78
59.040718 42.78
59.114719 42.78
59.188719 42.78
59.248262 42.78
59.312597 42.78
59.378120 42.78
59.433122 42.78
59.491845 42.78
59.555722 42.78
59.610847 42.78
59.669723 42.78
59.724723 42.78
59.779724 42.78
59.843725 42.78
59.898850 42.78
59.957852 42.78
60.013106 42.78
60.076727 42.78
60.145727 42.78
60.214852 42.78
60.273603 42.78
60.348736 42.78
60.418732 42.78
60.473856 42.78
60.537855 42.78
60.601730 42.78
60.671388 42.78
60.730993 42.78
60.789735 42.78
60.863484 42.78
60.916735 42.78
60.990486 42.78
61.043736 42.78
61.112486 42.78
61.176111 42.78
61.239986 42.78
61.303861 42.78
61.362736 42.78
61.432266 42.78
61.514863 42.78
61.573613 42.22
61.642614 42.78
61.711614 42.78
61.775740 42.22
61.839615 42.78
61.908616 42.22
61.972616 42.78
62.041491 42.22
62.099868 42.22
62.163743 42.22
62.223998 42.78
62.282757 42.22
62.336996 42.22
62.388370 42.22
62.443387 42.22
62.501996 42.22
62.565621 42.78
62.631001 42.22
62.676633 42.22
62.737035 42.22
62.782497 42.22
62.833150 42.22
62.897149 42.22
62.961000 42.22
63.020134 42.22
63.090517 42.22
63.141144 42.22
63.200001 42.22
63.264002 42.22
63.328002 42.22
63.397645 42.22
63.461646 42.22
63.525629 42.22
63.589519 42.22
63.658505 42.22
63.727396 42.22
63.780630 42.22
63.854632 42.22
63.926757 42.22
63.990758 42.22
64.054633 42.22
64.109633 42.22
64.173401 42.22
64.228524 42.22
64.297635 42.22
64.366528 42.22
64.440636 42.22
64.499652 42.22
64.568637 42.22
64.642638 42.22
64.711531 42.22
64.780639 42.22
64.840891 42.22
64.891640 42.22
64.950140 42.22
65.013891 42.22
65.082892 42.22
65.134024 42.22
65.192517 42.22
65.261393 42.22
65.312026 42.22
65.370532 42.22
65.439535 42.22
65.508409 42.22
65.559024 42.22
65.622523 42.22
65.692902 42.22
65.738400 42.22
65.789026 42.22
65.852526 42.22
65.916656 42.22
65.975524 42.22
66.049289 42.22
66.107900 42.22
66.185542 42.22
66.259293 42.22
66.312652 42.22
66.371527 42.22
66.435528 42.22
66.499528 42.22
66.563528 42.22
66.627555 42.22
66.686530 42.22
66.750421 42.22
66.815655 42.22
66.879531 42.22
66.938549 42.22
66.999304 42.22
67.055782 42.22
67.114424 42.22
67.179658 42.22
67.243284 42.22
67.301909 42.22
67.367430 42.22
67.436429 42.22
67.501536 42.22
67.575286 42.22
67.630161 42.22
67.690162 42.22
67.753662 42.22
67.822288 42.22
67.877163 42.22
67.935664 42.22
68.004289 42.22
68.059165 42.22
68.109915 42.22
68.173416 42.22
68.243793 42.22
68.298793 42.22
68.344292 42.22
68.393668 42.22
68.453794 42.22
68.508293 42.22
68.558918 42.22
68.622419 42.22
68.692796 42.22
68.738436 42.22
68.807439 42.22
68.866315 42.22
68.935297 42.22
68.991202 42.22
69.044673 42.22
69.098314 42.22
69.172201 42.22
69.236300 42.22
69.310203 42.22
69.363442 42.22
69.437193 42.22
69.490676 42.22
69.554192 42.22
69.607434 42.22
69.681181 42.22
69.736179 42.22
69.791179 42.22
69.844429 42.22
69.918194 42.22
69.982312 42.22
70.050933 42.22
70.114434 42.22
70.188200 42.22
70.262183 42.22
70.326201 42.22
70.400201 42.22
70.468935 42.22
70.522327 42.22
70.591201 42.22
70.647753 42.22
70.718712 42.22
70.764325 42.22
70.829714 42.22
70.875454 42.22
70.934188 42.22
70.986693 42.22
71.032365 42.22
71.107192 42.22
71.156691 42.22
71.220333 42.22
71.294191 42.22
71.350095 42.22
71.408567 42.22
71.472096 42.22
71.546084 42.22
71.602070 42.22
71.655460 42.22
71.724088 42.22
71.793575 42.22
71.857196 42.22
71.916821 42.22
71.980325 42.22
72.054072 42.22
72.107322 42.22
72.171078 42.22
72.224326 42.22
72.293074 42.22
72.346324 42.22
72.420076 42.22
72.473325 42.22
72.547077 42.22
72.634077 42.22
72.687327 42.22
72.761078 42.22
72.814328 42.22
72.888080 42.22
72.941470 42.22
73.010205 42.22
73.075331 42.22
73.149223 42.22
73.218083 42.22
73.282087 42.22
73.346115 42.22
73.410494 42.22
73.474084 42.22
73.538085 42.22
73.612085 42.22
73.661585 42.22
73.710616 42.22
73.760087 42.22
73.824088 42.22
73.888088 42.22
73.952091 42.22
74.001463 42.22
74.065118 42.22
74.129125 42.22
74.193261 42.22
74.257115 42.22
74.326117 42.22
74.390093 42.22
74.445966 42.22
74.500731 42.22
74.561259 42.22
74.629968 42.22
74.685968 42.22
74.755123 42.22
74.819125 42.22
74.884977 42.22
74.944241 42.22
75.008125 42.22
75.077126 42.22
75.141125 42.22
75.205125 42.22
75.276638 42.22
75.330727 42.22
75.394601 42.22
75.458599 42.22
75.522600 42.22
75.581241 42.22
75.645131 42.22
75.704363 42.22
75.760664 42.22
75.820383 42.22
75.875859 42.22
75.934486 42.22
75.989479 42.22
76.039732 42.22
76.098605 42.22
76.158982 42.22
76.218134 42.22
76.276981 42.22
76.341112 42.22
76.410138 42.22
76.474135 42.22
76.537983 42.22
76.596609 42.22
76.660110 42.22
76.730485 42.22
76.788860 42.22
76.847612 42.22
76.911486 42.22
76.980113 42.22
77.044139 42.22
77.113115 42.22
77.177239 42.22
77.240992 42.22
77.315116 42.22
77.389995 42.22
77.444993 42.22
77.508993 42.22
77.567993 42.22
77.632118 42.22
77.690992 42.22
77.756259 42.22
77.824869 42.22
77.883369 42.22
77.937121 42.22
78.006276 42.22
78.065246 42.22
78.119625 42.22
78.193875 42.22
78.262878 42.22
78.326391 42.22
78.386998 42.22
78.455873 42.22
78.510875 42.22
78.564515 42.22
78.630300 42.22
78.689130 42.22
78.743002 42.22
78.807002 42.22
78.866002 42.22
78.929878 42.22
78.983379 42.22
79.049003 42.22
79.118004 42.22
79.182008 42.22
79.246005 42.22
79.314880 42.22
79.364399 42.22
79.428274 42.22
79.488383 42.22
79.537882 42.22
79.602009 42.22
79.667388 42.22
79.722139 42.22
79.781139 42.22
79.845012 42.22
79.918886 42.22
79.987886 42.22
80.038514 42.22
80.107262 42.