0.000000 0.000000
0.090655 0.87
0.152283 0.88
0.221988 0.87
0.280988 0.87
0.344987 0.87
0.408736 0.88
0.482737 0.87
0.556738 0.88
0.625864 0.87
0.694739 0.87
0.754513 0.87
0.814536 0.87
0.876269 0.87
0.941550 0.88
1.006513 0.87
1.060512 0.87
1.119506 0.87
1.188507 0.87
1.257257 0.87
1.315869 0.87
1.380135 0.87
1.445258 0.78
1.512002 0.79
1.566000 0.78
1.624873 0.79
1.688997 0.78
1.752748 0.79
1.826873 0.78
1.890873 0.79
1.954874 0.79
2.018875 0.80
2.082750 0.78
2.146876 0.79
2.210751 0.79
2.274752 0.79
2.338878 0.79
2.402878 0.78
2.466754 0.79
2.530879 0.79
2.595005 0.78
2.653880 0.79
2.717880 0.79
2.781756 0.79
2.845881 0.79
2.910007 0.79
2.968883 0.79
3.033008 0.79
3.091758 0.79
3.156009 0.78
3.214884 0.79
3.279010 0.79
3.337886 0.79
3.402011 0.78
3.460887 0.80
3.525012 0.79
3.583887 0.78
3.653168 0.78
3.717281 0.78
3.781294 0.79
3.850765 0.79
3.919890 0.79
3.983891 0.79
4.047766 0.79
4.111892 0.78
4.176017 0.79
4.235018 0.78
4.294018 0.79
4.352894 0.79
4.417019 0.80
4.470644 0.79
4.529145 0.79
4.589771 0.78
4.653896 0.79
4.722772 0.79
4.781147 0.79
4.839773 0.79
4.898148 0.78
4.956774 0.79
5.011292 0.79
5.075149 0.78
5.140775 0.79
5.196553 0.78
5.255151 0.78
5.313652 0.78
5.361026 0.78
5.424777 0.79
5.480559 0.78
5.539153 0.80
5.597654 0.79
5.661295 0.79
5.714780 0.79
5.783905 0.79
5.838670 0.78
5.903674 0.79
5.972657 0.79
6.032783 0.79
6.093036 0.79
6.157036 0.78
6.221187 0.79
6.286565 0.79
6.350910 0.78
6.409910 0.78
6.468786 0.78
6.537911 0.78
6.596911 0.79
6.655912 0.79
6.714788 0.79
6.778913 0.79
6.837789 0.79
6.901914 0.79
6.960789 0.79
7.024915 0.79
7.078790 0.79
7.142916 0.79
7.201916 0.79
7.260792 0.78
7.319668 0.80
7.383793 0.79
7.442668 0.78
7.506669 0.80
7.570920 0.79
7.629795 0.79
7.688796 0.79
7.747921 0.78
7.806796 0.78
7.865672 0.79
7.929798 0.79
7.988673 0.79
8.052549 0.79
8.121799 0.79
8.176799 0.79
8.231452 0.79
8.286453 0.78
8.341456 0.79
8.396443 0.79
8.454926 0.79
8.519090 0.79
8.580459 0.78
8.634085 0.79
8.699456 0.79
8.754460 0.79
8.818805 0.79
8.877680 0.79
8.937805 0.79
8.996806 0.79
9.055807 0.79
9.119932 0.79
9.184086 0.80
9.258574 0.78
9.322809 0.79
9.381685 0.79
9.445809 0.78
9.504685 0.79
9.568811 0.79
9.632936 0.79
9.697093 0.79
9.771578 0.79
9.835687 0.78
9.894813 0.78
9.948689 0.78
10.007814 0.78
10.066690 0.79
10.125690 0.79
10.184816 0.78
10.243691 0.78
10.302691 0.79
10.361817 0.79
10.415818 0.78
10.474693 0.79
10.533818 0.78
10.592819 0.78
10.651695 0.79
10.710695 0.79
10.765695 0.79
10.824821 0.79
10.883696 0.79
10.942822 0.78
10.996697 0.78
11.051822 0.78
11.106698 0.79
11.161698 0.79
11.216699 0.78
11.271824 0.78
11.326825 0.79
11.381700 0.78
11.436700 0.78
11.491701 0.79
11.546702 0.78
11.601702 0.78
11.656702 0.79
11.711703 0.79
11.775828 0.79
11.829704 0.79
11.884704 0.78
11.939830 0.79
11.994705 0.80
12.049831 0.79
12.113831 0.79
12.172707 0.78
12.236707 0.79
12.295707 0.79
12.359833 0.80
12.418708 0.79
12.482835 0.78
12.541710 0.78
12.605835 0.78
12.664710 0.79
12.723354 0.79
12.797211 0.79
12.859212 0.78
12.919965 0.79
12.984371 0.79
13.053213 0.79
13.113352 0.79
13.187353 0.79
13.261357 0.78
13.335356 0.79
13.409357 0.78
13.478216 0.78
13.533217 0.78
13.607218 0.78
13.677843 0.79
13.728594 0.79
13.787234 0.79
13.861360 0.79
13.925233 0.79
13.994485 0.78
14.063485 0.78
14.132235 0.79
14.206238 0.78
14.280237 0.78
14.354239 0.79
14.418492 0.79
14.487239 0.78
14.551491 0.79
14.607254 0.79
14.676240 0.79
14.746228 0.79
14.809727 0.79
14.873228 0.79
14.936728 0.78
15.000245 0.79
15.069245 0.79
15.143731 0.78
15.202497 0.78
15.271248 0.78
15.345251 0.78
15.419246 0.79
15.493496 0.79
15.562499 0.79
15.631625 0.79
15.695250 0.78
15.769735 0.79
15.830374 0.79
15.899362 0.79
15.963376 0.78
16.027504 0.79
16.091254 0.78
16.165265 0.79
16.239265 0.78
16.313255 0.79
16.382266 0.79
16.442616 0.79
16.501117 0.78
16.570267 0.78
16.630617 0.78
16.685618 0.78
16.744119 0.79
16.813508 0.78
16.868635 0.79
16.927270 0.79
16.987620 0.79
17.042620 0.78
17.101272 0.79
17.161746 0.79
17.230747 0.79
17.299998 0.79
17.369124 0.79
17.438513 0.79
17.502514 0.78
17.566640 0.79
17.630640 0.79
17.694643 0.79
17.753128 0.78
17.822519 0.79
17.886517 0.79
17.945155 0.79
18.014644 0.78
18.073269 0.79
18.142280 0.78
18.206270 0.78
18.265271 0.79
18.334643 0.79
18.400521 0.78
18.464647 0.79
18.523272 0.79
18.592524 0.79
18.656525 0.78
18.720522 0.79
18.784650 0.79
18.844759 0.78
18.908760 0.79
18.969137 0.78
19.034403 0.80
19.098525 0.78
19.157288 0.78
19.216139 0.78
19.280140 0.79
19.344143 0.78
19.403141 0.79
19.467141 0.79
19.531168 0.79
19.590143 0.79
19.654290 0.79
19.718144 0.78
19.782016 0.79
19.845517 0.79
19.909017 0.78
19.961392 0.78
20.012019 0.79
20.075519 0.78
20.139019 0.79
20.202520 0.79
20.266021 0.79
20.329646 0.78
20.388021 0.78
20.451522 0.79
20.515022 0.79
20.578522 0.79
20.642023 0.79
20.705523 0.79
20.769024 0.78
20.832525 0.78
20.896026 0.78
20.959651 0.79
21.018026 0.79
21.081527 0.79
21.145033 0.78
21.208528 0.79
21.272034 0.79
21.335529 0.78
21.399035 0.79
21.462530 0.78
21.526038 0.79
21.589656 0.78
21.663406 0.79
21.726907 0.78
21.792034 0.79
21.855658 0.79
21.910533 0.79
21.965409 0.79
22.028909 0.79
22.092410 0.79
22.155910 0.79
22.212286 0.78
22.261661 0.79
22.314911 0.79
22.367287 0.79
22.416663 0.79
22.469913 0.78
22.530042 0.78
22.588414 0.79
22.651914 0.79
22.715415 0.79
22.778915 0.79
22.831291 0.78
22.881917 0.78
22.945417 0.78
23.008917 0.79
23.072418 0.79
23.135918 0.79
23.212793 0.79
23.281420 0.78
23.344920 0.79
23.408420 0.79
23.471921 0.78
23.535547 0.79
23.593922 0.79
23.657423 0.78
23.720923 0.79
23.784423 0.78
23.847924 0.79
23.911425 0.79
23.974925 0.78
24.038425 0.79
24.101926 0.79
24.165551 0.79
24.223926 0.79
24.287428 0.79
24.350927 0.79
24.414429 0.79
24.474429 0.79
24.534430 0.79
24.594431 0.78
24.654431 0.79
24.714430 0.79
24.769431 0.79
24.829432 0.78
24.889433 0.78
24.952932 0.79
25.013811 0.79
25.077309 0.79
25.140809 0.79
25.197061 0.79
25.251560 0.79
25.304811 0.78
25.364936 0.78
25.419936 0.79
25.467186 0.78
25.516562 0.78
25.569813 0.79
25.633314 0.79
25.696814 0.79
25.760314 0.78
25.823815 0.78
25.887316 0.79
25.950816 0.78
26.014317 0.79
26.077817 0.79
26.151692 0.79
26.220318 0.78
26.283818 0.80
26.347319 0.79
26.410820 0.79
26.474320 0.79
26.537821 0.78
26.601321 0.79
26.664821 0.78
26.728322 0.79
26.791822 0.78
26.865698 0.78
26.925823 0.79
26.989324 0.79
27.052825 0.78
27.116325 0.78
27.179825 0.79
27.243326 0.79
27.303327 0.78
27.363327 0.78
27.423328 0.79
27.483329 0.79
27.543328 0.79
27.603330 0.79
27.663330 0.79
27.723330 0.79
27.783331 0.79
27.838206 0.78
27.901706 0.79
27.954083 0.79
28.004709 0.78
28.068207 0.79
28.131708 0.78
28.187960 0.78
28.243710 0.79
28.307210 0.79
28.370710 0.79
28.432086 0.80
28.481461 0.79
28.534711 0.79
28.598213 0.79
28.661713 0.79
28.725213 0.79
28.788713 0.78
28.862589 0.79
28.931216 0.78
28.994715 0.78
29.058216 0.79
29.121716 0.79
29.185216 0.79
29.248717 0.78
29.312218 0.79
29.375718 0.78
29.439219 0.78
29.502720 0.79
29.576596 0.79
29.636721 0.79
29.700221 0.78
29.763727 0.79
29.827223 0.79
29.890723 0.79
29.954223 0.78
30.014224 0.79
30.074226 0.79
30.134225 0.79
30.194225 0.79
30.254226 0.78
30.317726 0.78
30.381226 0.78
30.436104 0.78
30.499603 0.79
30.559603 0.79
30.619729 0.79
30.683229 0.78
30.738106 0.79
30.801605 0.78
30.861732 0.80
30.916731 0.78
30.963981 0.79
31.014608 0.79
31.078108 0.79
31.141608 0.78
31.205110 0.79
31.263609 0.79
31.327111 0.78
31.390610 0.79
31.442985 0.80
31.493612 0.79
31.557113 0.78
31.620612 0.78
31.684113 0.79
31.747612 0.79
31.811114 0.78
31.874613 0.79
31.938116 0.79
32.001615 0.79
32.065117 0.79
32.128615 0.79
32.192118 0.78
32.250617 0.79
32.314118 0.79
32.377618 0.78
32.441119 0.78
32.504618 0.79
32.568120 0.79
32.631619 0.78
32.695121 0.79
32.755121 0.79
32.818620 0.79
32.882122 0.79
32.942124 0.79
33.002124 0.79
33.062124 0.78
33.122124 0.78
33.182126 0.78
33.236999 0.79
33.300499 0.79
33.360501 0.78
33.420626 0.78
33.475626 0.79
33.526751 0.79
33.581252 0.78
33.634503 0.79
33.694628 0.79
33.745753 0.79
33.804130 0.79
33.862505 0.79
33.914880 0.79
33.965507 0.78
34.029006 0.80
34.092506 0.79
34.156006 0.79
34.219507 0.79
34.283008 0.79
34.346508 0.79
34.410009 0.79
34.473510 0.78
34.537010 0.78
34.600511 0.79
34.664010 0.79
34.727512 0.78
34.791011 0.79
34.854513 0.78
34.918012 0.79
34.981514 0.79
35.045013 0.79
35.108515 0.78
35.172015 0.79
35.235515 0.79
35.299016 0.79
35.362517 0.79
35.426017 0.78
35.489517 0.79
35.553018 0.79
35.616519 0.79
35.680019 0.79
35.740020 0.79
35.800020 0.78
35.860020 0.79
35.920021 0.78
36.002022 0.79
36.056897 0.79
36.120397 0.79
36.180523 0.79
36.240148 0.79
36.313899 0.79
36.377400 0.79
36.437525 0.78
36.492526 0.79
36.547527 0.79
36.605902 0.78
36.669402 0.78
36.721777 0.79
36.772404 0.79
36.835903 0.79
36.899404 0.79
36.962904 0.79
37.026405 0.79
37.089906 0.79
37.153407 0.79
37.216907 0.79
37.280407 0.79
37.343908 0.79
37.407408 0.78
37.470908 0.79
37.534409 0.78
37.597910 0.79
37.661410 0.79
37.724910 0.79
37.788411 0.79
37.851911 0.79
37.915412 0.79
37.978912 0.79
38.042414 0.79
38.105913 0.80
38.160914 0.79
38.224415 0.79
38.287915 0.79
38.342915 0.79
38.406416 0.79
38.469916 0.78
38.529917 0.79
38.593418 0.79
38.656917 0.78
38.716918 0.78
38.780419 0.79
38.843919 0.79
38.907420 0.79
38.962421 0.79
39.017421 0.78
39.072421 0.78
39.119672 0.79
39.172922 0.79
39.227797 0.79
39.291298 0.78
39.343673 0.78
39.396924 0.78
39.455299 0.79
39.518800 0.79
39.582301 0.79
39.634676 0.79
39.685303 0.79
39.748801 0.79
39.812302 0.78
39.875803 0.79
39.939303 0.78
40.002804 0.79
40.066304 0.79
40.129805 0.79
40.193305 0.79
40.256806 0.78
40.320307 0.79
40.383807 0.79
40.447308 0.79
40.510807 0.79
40.574308 0.79
40.637809 0.79
40.701310 0.78
40.764810 0.78
40.828310 0.79
40.891811 0.79
40.955312 0.79
41.018812 0.79
41.082312 0.79
41.145813 0.79
41.209313 0.79
41.272814 0.79
41.332814 0.78
41.392814 0.78
41.452816 0.79
41.512815 0.79
41.572816 0.79
41.632817 0.79
41.692817 0.79
41.747693 0.79
41.811194 0.78
41.871319 0.79
41.926320 0.79
41.977445 0.79
42.035820 0.79
42.090695 0.79
42.154196 0.79
42.206571 0.78
42.259822 0.79
42.318197 0.79
42.370574 0.79
42.421200 0.78
42.484698 0.79
42.548200 0.79
42.611699 0.79
42.675201 0.79
42.738700 0.79
42.802202 0.79
42.865702 0.79
42.929202 0.78
42.992703 0.78
43.056204 0.79
43.119704 0.78
43.183204 0.80
43.246705 0.79
43.310205 0.79
43.373706 0.79
43.437207 0.79
43.500707 0.79
43.564208 0.78
43.627708 0.78
43.691208 0.78
43.754709 0.79
43.809709 0.79
43.873210 0.78
43.936710 0.79
43.991711 0.79
44.051711 0.79
44.111712 0.78
44.171712 0.80
44.231712 0.79
44.291713 0.80
44.351714 0.79
44.415214 0.79
44.478715 0.78
44.533590 0.79
44.597092 0.78
44.653341 0.79
44.711716 0.78
44.766592 0.78
44.830093 0.79
44.882468 0.79
44.933095 0.78
44.996594 0.79
45.060095 0.79
45.112470 0.79
45.165721 0.79
45.224097 0.79
45.287596 0.79
45.351098 0.79
45.403473 0.79
45.454099 0.79
45.517598 0.79
45.581100 0.79
45.644599 0.78
45.708101 0.78
45.771600 0.79
45.835102 0.79
45.898601 0.78
45.962103 0.78
46.025601 0.79
46.089104 0.79
46.152603 0.79
46.216105 0.78
46.279604 0.79
46.343229 0.79
46.401605 0.79
46.465107 0.79
46.528606 0.79
46.592108 0.78
46.655607 0.79
46.710607 0.79
46.765608 0.79
46.829111 0.79
46.892609 0.79
46.952609 0.78
47.016112 0.79
47.079611 0.78
47.139612 0.78
47.199612 0.79
47.259612 0.79
47.314613 0.79
47.374613 0.78
47.434614 0.78
47.489614 0.79
47.544490 0.79
47.607989 0.79
47.672642 0.79
47.731744 0.78
47.790618 0.79
47.849618 0.79
47.908631 0.78
47.961421 0.79
48.036295 0.79
48.095269 0.79
48.159122 0.79
48.228626 0.79
48.292747 0.78
48.351747 0.79
48.410622 0.79
48.469623 0.78
48.534002 0.78
48.603142 0.79
48.662150 0.79
48.731126 0.79
48.791540 0.78
48.852539 0.79
48.913060 0.79
48.982283 0.78
49.041159 0.79
49.107068 0.79
49.162758 0.79
49.221756 0.79
49.282005 0.78
49.346158 0.79
49.403074 0.79
49.460048 0.79
49.515528 0.79
49.576163 0.79
49.635160 0.79
49.694160 0.79
49.753161 0.78
49.813284 0.79
49.877161 0.79
49.936164 0.78
49.990643 0.79
50.041927 0.79
50.093280 0.79
50.147012 0.78
50.211012 0.78
50.258412 0.78
50.319015 0.79
50.383015 0.79
50.430279 0.79
50.489014 0.79
50.536289 0.79
50.590144 0.79
50.649017 0.79
50.705533 0.79
50.779407 0.78
50.833022 0.78
50.897537 0.78
50.961564 0.78
51.025535 0.79
51.094410 0.79
51.153654 0.79
51.213151 0.79
51.276898 0.79
51.346022 0.79
51.415153 0.79
51.469416 0.79
51.533443 0.78
51.602541 0.78
51.666413 0.79
51.725328 0.79
51.779320 0.78
51.838026 0.78
51.907025 0.78
51.965416 0.78
52.024201 0.78
52.083040 0.78
52.147036 0.79
52.205420 0.79
52.268903 0.78
52.329421 0.78
52.396960 0.79
52.456555 0.78
52.521291 0.78
52.591578 0.78
52.650414 0.78
52.706812 0.78
52.776042 0.79
52.840425 0.78
52.910539 0.79
52.964423 0.78
53.016813 0.78
53.076046 0.79
53.130434 0.79
53.205920 0.78
53.265451 0.79
53.340923 0.79
53.411065 0.78
53.465568 0.78
53.529293 0.79
53.588212 0.78
53.641917 0.78
53.701666 0.78
53.760318 0.78
53.823916 0.79
53.883917 0.78
53.939797 0.78
54.003543 0.79
54.067293 0.79
54.130918 0.78
54.199918 0.78
54.268670 0.78
54.322295 0.78
54.386047 0.78
54.449921 0.79
54.518922 0.79
54.592796 0.78
54.666798 0.78
54.730551 0.79
54.794327 0.78
54.849299 0.78
54.902926 0.79
54.971680 0.79
55.032052 0.79
55.090926 0.78
55.159927 0.78
55.228927 0.78
55.297803 0.78
55.362709 0.79
55.413706 0.79
55.467443 0.78
55.531430 0.79
55.605350 0.78
55.669431 0.78
55.716690 0.78
55.775450 0.79
55.822711 0.79
55.879334 0.78
55.943183 0.78
56.006685 0.78
56.080684 0.78
56.133065 0.79
56.187815 0.79
56.261685 0.78
56.335937 0.78
56.399812 0.78
56.473688 0.79
56.537452 0.78
56.596316 0.79
56.654688 0.78
56.716064 0.78
56.779567 0.79
56.843229 0.79
56.902248 0.78
56.976194 0.78
57.035113 0.79
57.089114 0.79
57.148212 0.78
57.201818 0.79
57.270819 0.78
57.345238 0.79
57.419196 0.79
57.477698 0.79
57.541464 0.79
57.594946 0.79
57.658697 0.78
57.732822 0.78
57.791461 0.78
57.851698 0.78
57.915462 0.79
57.968949 0.78
58.032591 0.79
58.089826 0.78
58.158592 0.78
58.218701 0.79
58.277079 0.78
58.335702 0.78
58.394108 0.78
58.452703 0.79
58.506106 0.78
58.564704 0.79
58.633830 0.78
58.698125 0.79
58.758958 0.78
58.812832 0.79
58.868609 0.78
58.919831 0.79
58.975608 0.79
59.032207 0.79
59.098107 0.79
59.158653 0.79
59.214345 0.79
59.268338 0.78
59.332845 0.79
59.386838 0.79
59.445586 0.78
59.514587 0.79
59.588712 0.79
59.644618 0.78
59.700615 0.78
59.769713 0.79
59.838714 0.79
59.907840 0.78
59.976715 0.78
60.045716 0.79
60.114842 0.78
60.183716 0.79
60.252717 0.79
60.321467 0.78
60.390095 0.79
60.451124 0.78
60.509719 0.78
60.578719 0.78
60.647720 0.79
60.706096 0.79
60.769721 0.78
60.829233 0.79
60.884102 0.79
60.944103 0.79
61.004102 0.79
61.064104 0.78
61.124105 0.78
61.184105 0.79
61.240979 0.78
61.306602 0.79
61.370101 0.78
61.428495 0.78
61.488602 0.79
61.543619 0.79
61.603255 0.78
61.658521 0.79
61.712139 0.78
61.773510 0.78
61.827230 0.78
61.885980 0.79
61.955741 0.79
62.010859 0.79
62.065858 0.79
62.124733 0.78
62.188734 0.79
62.248858 0.79
62.307996 0.79
62.378114 0.79
62.443519 0.79
62.497141 0.78
62.560986 0.79
62.634986 0.78
62.693997 0.80
62.752495 0.79
62.815992 0.78
62.879492 0.79
62.942992 0.78
63.006493 0.79
63.070145 0.79
63.134143 0.79
63.198146 0.78
63.267509 0.79
63.336743 0.79
63.400745 0.79
63.459744 0.79
63.518744 0.79
63.582493 0.78
63.645994 0.79
63.701121 0.79
63.759751 0.80
63.818873 0.78
63.877747 0.79
63.936747 0.79
64.000748 0.79
64.059748 0.79
64.119138 0.79
64.178880 0.78
64.237753 0.79
64.296751 0.78
64.355750 0.78
64.414751 0.79
64.473751 0.78
64.523154 0.78
64.586877 0.79
64.650503 0.79
64.719754 0.79
64.770409 0.79
64.825397 0.79
64.886408 0.78
64.955755 0.78
65.010755 0.79
65.069756 0.78
65.124756 0.78
65.179757 0.79
65.234140 0.78
65.298298 0.79
65.360760 0.78
65.424884 0.79
65.488884 0.78
65.547760 0.78
65.606763 0.79
65.670262 0.78
65.739261 0.78
65.807886 0.79
65.871387 0.79
65.940424 0.79
66.009532 0.78
66.078264 0.79
66.136889 0.79
66.202283 0.79
66.264282 0.78
66.330767 0.79
66.384406 0.78
66.437767 0.79
66.501285 0.79
66.561518 0.79
66.620021 0.79
66.674897 0.78
66.734897 0.79
66.789773 0.79
66.853273 0.79
66.921897 0.79
66.976775 0.79
67.040287 0.78
67.096773 0.79
67.155540 0.78
67.224542 0.79
67.293540 0.79
67.362303 0.78
67.417780 0.78
67.472777 0.78
67.527777 0.79
67.591305 0.79
67.652305 0.79
67.708903 0.79
67.778658 0.79
67.833781 0.79
67.892546 0.79
67.961280 0.79
68.035546 0.78
68.099341 0.78
68.170302 0.78
68.244547 0.79
68.313300 0.79
68.376783 0.79
68.435312 0.78
68.498789 0.79
68.562288 0.79
68.625787 0.79
68.689289 0.78
68.752791 0.79
68.816290 0.79
68.890288 0.79
68.964302 0.78
69.038192 0.79
69.101788 0.79
69.167306 0.80
69.236665 0.79
69.300915 0.79
69.375291 0.79
69.438791 0.79
69.493916 0.79
69.567917 0.78
69.632793 0.79
69.693196 0.79
69.762311 0.79
69.818795 0.79
69.884435 0.79
69.948201 0.78
70.013100 0.79
70.077436 0.79
70.141172 0.79
70.206673 0.78
70.265315 0.79
70.316563 0.78
70.375192 0.79
70.439929 0.78
70.503675 0.79
70.557205 0.79
70.609550 0.79
70.660177 0.78
70.723676 0.78
70.787186 0.79
70.850678 0.78
70.914178 0.80
70.977678 0.78
71.041178 0.79
71.104679 0.79
71.168434 0.79
71.224185 0.79
71.287682 0.79
71.351184 0.79
71.414684 0.78
71.478186 0.78
71.552328 0.79
71.616434 0.79
71.685324 0.79
71.754089 0.79
71.816686 0.78
71.882708 0.79
71.946811 0.79
72.015812 0.79
72.074812 0.78
72.138813 0.78
72.213095 0.79
72.282457 0.78
72.341207 0.79
72.410209 0.79
72.479333 0.78
72.548333 0.79
72.607597 0.79
72.671692 0.78
72.740692 0.79
72.809818 0.79
72.868569 0.78
72.927195 0.79
72.991089 0.79
73.047326 0.79
73.103074 0.78
73.166572 0.79
73.230076 0.78
73.293573 0.79
73.358085 0.78
73.419698 0.79
73.488699 0.79
73.548466 0.79
73.612105 0.79
73.681364 0.78
73.750578 0.79
73.809108 0.79
73.878107 0.78
73.947078 0.79
74.016108 0.79
74.080601 0.79
74.139581 0.79
74.198081 0.78
74.267081 0.78
74.336082 0.79
74.405112 0.78
74.474846 0.78
74.539477 0.79
74.598710 0.78
74.662584 0.79
74.728209 0.78
74.797115 0.79
74.866112 0.79
74.930718 0.78
74.990356 0.78
75.054337 0.78
75.123712 0.79
75.192713 0.80
75.258605 0.78
75.319091 0.79
75.379589 0.78
75.443215 0.78
75.507118 0.79
75.567591 0.79
75.631608 0.78
75.690137 0.79
75.754101 0.78
75.820345 0.79
75.879122 0.78
75.943723 0.79
76.002485 0.79
76.056244 0.79
76.115125 0.78
76.179101 0.79
76.248725 0.79
76.307600 0.79
76.371487 0.78
76.430251 0.79
76.494474 0.78
76.553129 0.79
76.611979 0.78
76.681241 0.79
76.740129 0.78
76.798617 0.78
76.868175 0.79
76.931977 0.79
77.001232 0.79
77.070379 0.79
77.129257 0.79
77.193132 0.79
77.261854 0.79
77.320496 0.79
77.379252 0.78
77.443393 0.79
77.509259 0.78
77.578358 0.79
77.642135 0.79
77.708067 0.79
77.767514 0.78
77.827860 0.80
77.887610 0.79
77.954896 0.79
78.018736 0.79
78.073611 0.79
78.126252 0.79
78.186236 0.78
78.250392 0.78
78.310910 0.79
78.362529 0.78
78.431989 0.78
78.491619 0.79
78.545508 0.78
78.609507 0.79
78.668263 0.78
78.722143 0.79
78.786118 0.79
78.840157 0.79
78.894147 0.78
78.959174 0.78
79.013281 0.79
79.072002 0.78
79.132267 0.78
79.186397 0.78
79.247135 0.79
79.306746 0.79
79.371134 0.79
79.436002 0.78
79.500881 0.78
79.564748 0.78
79.623517 0.79
79.698157 0.79
79.757000 0.78
79.821000 0.79
79.879545 0.78
79.954007 0.79
80.009401 0.79
80.068518 0.78
80.138012 0.79
80.193399 0.79
80.248628 0.78
80.318004 0.79
80.382010 0.78
80.440630 0.79
80.499506 0.79
80.569909 0.78
80.619523 0.79
80.693381 0.79
80.748510 0.78
80.800813 0.79
80.859522 0.78
80.918523 0.79
80.970787 0.78
81.022551 0.79
81.081259 0.79
81.144761 0.78
81.208528 0.78
81.272524 0.79
81.326012 0.79
81.390016 0.78
81.459423 0.79
81.528281 0.79
81.593151 0.79
81.643141 0.78
81.696768 0.78
81.761015 0.78
81.825016 0.79
81.885142 0.78
81.935797 0.79
81.999269 0.78
82.062896 0.79
82.132285 0.78
82.190768 0.79
82.254284 0.78
82.313024 0.80
82.381774 0.78
82.445288 0.79
82.498896 0.79
82.558817 0.79
82.617524 0.79
82.676288 0.78
82.734773 0.79
82.798273 0.78
82.856776 0.78
82.925776 0.79
82.989295 0.78
83.054901 0.78
83.123777 0.79
83.192653 0.79
83.256905 0.79
83.321204 0.78
83.376403 0.79
83.436905 0.78
83.495308 0.78
83.550313 0.79
83.605405 0.79
83.660422 0.79
83.715406 0.78
83.784911 0.79
83.839063 0.79
83.889445 0.79
83.943196 0.78
84.003803 0.78
84.059450 0.78
84.118914 0.79
84.186916 0.78
84.241917 0.79
84.300913 0.79
84.361044 0.79
84.411674 0.79
84.470421 0.79
84.535212 0.78
84.605072 0.78
84.658916 0.78
84.717667 0.78
84.770042 0.78
84.824924 0.78
84.893927 0.78
84.953917 0.79
85.013046 0.