0.000000 0.000000
0.084999 0.87
0.144761 0.87
0.214873 0.87
0.273872 0.87
0.348274 0.87
0.422510 0.87
0.491263 0.87
0.565263 0.87
0.639264 0.87
0.691624 0.87
0.746037 0.87
0.805765 0.87
0.866758 0.87
0.942654 0.87
0.993007 0.87
1.046880 0.87
1.110879 0.88
1.179878 0.87
1.230628 0.87
1.294269 0.88
1.357753 0.87
1.412041 0.79
1.471763 0.78
1.541649 0.78
1.605758 0.79
1.671273 0.79
1.745275 0.79
1.814525 0.79
1.883134 0.79
1.951760 0.80
2.015285 0.79
2.084287 0.79
2.153526 0.78
2.222275 0.79
2.296289 0.79
2.370287 0.79
2.439404 0.79
2.508287 0.79
2.585764 0.79
2.651291 0.79
2.725140 0.79
2.785531 0.79
2.849141 0.78
2.904142 0.79
2.967642 0.78
3.031294 0.78
3.089768 0.79
3.155295 0.79
3.215644 0.78
3.274144 0.79
3.339645 0.79
3.403172 0.79
3.467173 0.79
3.534172 0.78
3.594647 0.79
3.653171 0.78
3.722174 0.79
3.787649 0.79
3.846176 0.79
3.915176 0.78
3.984177 0.78
4.053177 0.79
4.122175 0.78
4.196304 0.78
4.260179 0.79
4.324177 0.80
4.398305 0.79
4.467306 0.79
4.531181 0.78
4.600179 0.79
4.669179 0.79
4.738157 0.79
4.801656 0.78
4.865157 0.79
4.928657 0.78
4.992158 0.79
5.055658 0.78
5.119158 0.79
5.182659 0.79
5.246159 0.79
5.309660 0.78
5.373161 0.78
5.436662 0.80
5.496661 0.79
5.556661 0.79
5.616663 0.79
5.676663 0.79
5.736664 0.79
5.796664 0.78
5.856665 0.79
5.916664 0.79
5.971540 0.79
6.035043 0.79
6.098542 0.78
6.162043 0.79
6.222167 0.78
6.273293 0.79
6.331668 0.78
6.390046 0.78
6.450170 0.78
6.497420 0.79
6.548046 0.79
6.611546 0.79
6.675172 0.79
6.722422 0.79
6.773048 0.79
6.836548 0.79
6.900049 0.78
6.963548 0.79
7.027050 0.78
7.090549 0.78
7.154051 0.79
7.217550 0.80
7.281052 0.79
7.344551 0.78
7.408053 0.79
7.471552 0.79
7.535054 0.79
7.598554 0.79
7.662179 0.79
7.720554 0.79
7.784056 0.78
7.847555 0.78
7.911058 0.78
7.974556 0.79
8.038058 0.79
8.101557 0.79
8.165058 0.79
8.228559 0.79
8.283559 0.79
8.343560 0.79
8.407061 0.79
8.470561 0.78
8.530561 0.78
8.590562 0.79
8.650562 0.78
8.710563 0.79
8.770563 0.79
8.830563 0.79
8.890689 0.78
8.949065 0.79
9.008690 0.78
9.063565 0.78
9.118441 0.78
9.181941 0.78
9.234317 0.78
9.287567 0.79
9.345943 0.78
9.406069 0.79
9.453319 0.79
9.503945 0.79
9.567444 0.79
9.630945 0.79
9.694445 0.78
9.757946 0.78
9.821446 0.79
9.884947 0.79
9.948449 0.79
10.011948 0.78
10.075574 0.79
10.133949 0.78
10.197449 0.78
10.260950 0.79
10.324450 0.79
10.387951 0.79
10.451452 0.79
10.514952 0.79
10.578452 0.78
10.641953 0.80
10.705579 0.78
10.763954 0.79
10.827454 0.78
10.890955 0.79
10.954456 0.79
11.017956 0.78
11.081457 0.79
11.136457 0.79
11.196457 0.78
11.259958 0.79
11.323458 0.79
11.383459 0.78
11.443460 0.79
11.498460 0.79
11.558461 0.78
11.618461 0.79
11.673461 0.78
11.733461 0.79
11.793462 0.79
11.851838 0.79
11.908089 0.79
11.966464 0.78
12.024839 0.79
12.081091 0.79
12.135590 0.78
12.188840 0.78
12.241215 0.79
12.291843 0.79
12.355342 0.79
12.418842 0.79
12.482343 0.79
12.545843 0.79
12.609344 0.78
12.672844 0.79
12.736345 0.78
12.799845 0.78
12.860847 0.79
12.924347 0.78
12.987846 0.78
13.051347 0.79
13.114848 0.79
13.188723 0.79
13.257350 0.79
13.320849 0.78
13.384350 0.78
13.447850 0.79
13.511352 0.78
13.574851 0.79
13.638353 0.80
13.701852 0.79
13.765353 0.79
13.828854 0.78
13.902729 0.79
13.971355 0.79
14.031355 0.79
14.091356 0.79
14.151357 0.79
14.211357 0.78
14.271357 0.79
14.331358 0.78
14.391358 0.78
14.451359 0.79
14.511359 0.79
14.571360 0.78
14.626235 0.79
14.689736 0.79
14.749861 0.79
14.804861 0.78
14.852113 0.79
14.905362 0.79
14.963738 0.79
15.016114 0.79
15.066740 0.78
15.130239 0.79
15.193740 0.79
15.257241 0.78
15.320740 0.79
15.384241 0.79
15.447742 0.79
15.508743 0.79
15.572243 0.79
15.635743 0.78
15.696745 0.79
15.760244 0.79
15.823745 0.79
15.887245 0.79
15.950745 0.78
16.014246 0.79
16.077746 0.78
16.151623 0.79
16.220247 0.79
16.283748 0.79
16.347249 0.79
16.410749 0.78
16.474250 0.79
16.537749 0.78
16.601251 0.79
16.664751 0.79
16.728253 0.79
16.788253 0.78
16.851753 0.79
16.915254 0.79
16.975254 0.79
17.038754 0.79
17.102255 0.78
17.162255 0.79
17.222257 0.79
17.277132 0.79
17.340632 0.79
17.400757 0.79
17.455758 0.78
17.510758 0.79
17.565759 0.78
17.620759 0.79
17.675759 0.78
17.730760 0.78
17.789137 0.79
17.852637 0.79
17.905011 0.78
17.954387 0.79
18.007637 0.79
18.060012 0.79
18.110640 0.79
18.174138 0.78
18.237639 0.79
18.301140 0.78
18.364641 0.78
18.428141 0.78
18.491641 0.79
18.555142 0.79
18.618642 0.78
18.700768 0.79
18.777894 0.79
18.841769 0.79
18.915770 0.79
18.989771 0.79
19.058771 0.78
19.122772 0.78
19.186772 0.78
19.250898 0.79
19.314773 0.78
19.387173 0.79
19.461176 0.79
19.521776 0.79
19.585776 0.80
19.649775 0.79
19.713902 0.79
19.772777 0.79
19.836778 0.78
19.900779 0.78
19.964903 0.79
20.023529 0.79
20.083654 0.78
20.138655 0.79
20.207905 0.78
20.266657 0.79
20.313905 0.78
20.367157 0.79
20.425532 0.79
20.481782 0.78
20.540158 0.79
20.614034 0.79
20.677533 0.78
20.733784 0.78
20.789535 0.79
20.853036 0.79
20.911535 0.79
20.975036 0.79
21.038536 0.80
21.102038 0.78
21.165538 0.79
21.229039 0.79
21.292539 0.79
21.356040 0.79
21.419540 0.79
21.488165 0.79
21.546540 0.79
21.607542 0.79
21.671043 0.79
21.734543 0.79
21.798043 0.78
21.856543 0.78
21.920044 0.78
21.983544 0.79
22.047045 0.78
22.110545 0.78
22.174046 0.79
22.237546 0.79
22.301047 0.79
22.364547 0.79
22.428048 0.79
22.488051 0.78
22.543049 0.79
22.603050 0.79
22.663053 0.79
22.718051 0.78
22.778051 0.79
22.838054 0.78
22.896551 0.78
22.960053 0.79
23.020056 0.78
23.093928 0.79
23.157428 0.79
23.213679 0.79
23.272056 0.79
23.330430 0.79
23.390555 0.78
23.448931 0.78
23.512431 0.79
23.564806 0.79
23.615434 0.79
23.678932 0.78
23.742433 0.78
23.805933 0.79
23.869435 0.79
23.932935 0.78
23.996435 0.79
24.059936 0.78
24.123437 0.78
24.186937 0.78
24.250437 0.78
24.313938 0.78
24.377438 0.80
24.440939 0.79
24.504440 0.79
24.567940 0.79
24.631440 0.78
24.694941 0.79
24.758441 0.79
24.821941 0.79
24.885442 0.79
24.948942 0.79
25.012444 0.78
25.075944 0.79
25.130945 0.79
25.194445 0.79
25.257946 0.78
25.317946 0.79
25.377946 0.79
25.437946 0.79
25.497947 0.78
25.557948 0.79
25.617948 0.78
25.681448 0.79
25.741075 0.78
25.814824 0.79
25.878325 0.79
25.938451 0.78
25.993452 0.79
26.048452 0.78
26.095702 0.78
26.148952 0.79
26.207328 0.78
26.263578 0.78
26.321954 0.79
26.380330 0.79
26.432704 0.78
26.483331 0.79
26.546831 0.79
26.610332 0.79
26.673832 0.78
26.737333 0.79
26.789708 0.79
26.853208 0.79
26.921833 0.79
26.985334 0.79
27.048834 0.79
27.112336 0.79
27.175835 0.79
27.239337 0.79
27.302837 0.79
27.366338 0.79
27.429838 0.79
27.493338 0.79
27.556839 0.79
27.620339 0.79
27.683840 0.79
27.747340 0.79
27.810841 0.79
27.865841 0.79
27.920841 0.79
27.984343 0.79
28.047842 0.78
28.107843 0.79
28.171344 0.79
28.234844 0.79
28.294844 0.78
28.354845 0.78
28.414846 0.79
28.474846 0.79
28.534847 0.78
28.589723 0.79
28.653222 0.79
28.713348 0.78
28.764474 0.79
28.822849 0.78
28.877724 0.79
28.941225 0.78
28.997476 0.79
29.053228 0.80
29.116726 0.79
29.180227 0.78
29.232602 0.79
29.283230 0.79
29.346728 0.78
29.410229 0.79
29.473729 0.78
29.537230 0.79
29.600730 0.79
29.664231 0.79
29.727731 0.79
29.791232 0.79
29.854732 0.78
29.918233 0.79
29.981734 0.79
30.045234 0.79
30.108734 0.79
30.172235 0.79
30.235735 0.78
30.290736 0.79
30.354236 0.79
30.417736 0.79
30.481238 0.79
30.544738 0.79
30.599738 0.79
30.663239 0.79
30.726740 0.79
30.781742 0.79
30.841740 0.79
30.901741 0.79
30.961741 0.79
31.021741 0.79
31.081743 0.79
31.141743 0.79
31.201743 0.79
31.256619 0.79
31.320120 0.79
31.380245 0.79
31.439870 0.79
31.498246 0.79
31.553247 0.79
31.612871 0.79
31.666124 0.78
31.722373 0.78
31.778125 0.79
31.841624 0.79
31.905124 0.78
31.961375 0.78
32.017126 0.78
32.080625 0.78
32.144126 0.78
32.196501 0.79
32.247128 0.79
32.310627 0.78
32.374129 0.79
32.437628 0.79
32.501129 0.78
32.564629 0.78
32.628130 0.78
32.691630 0.78
32.755132 0.79
32.818631 0.79
32.882132 0.78
32.945632 0.79
33.009258 0.79
33.067632 0.79
33.131135 0.79
33.205286 0.80
33.269135 0.79
33.343136 0.79
33.417286 0.79
33.486137 0.79
33.560287 0.78
33.629138 0.79
33.703139 0.79
33.777290 0.78
33.846140 0.79
33.920141 0.79
33.994291 0.79
34.063142 0.79
34.137143 0.79
34.192144 0.79
34.261143 0.79
34.308409 0.78
34.372145 0.79
34.419410 0.79
34.470027 0.79
34.528646 0.79
34.592646 0.78
34.656647 0.79
34.720772 0.79
34.774027 0.79
34.851773 0.78
34.910539 0.80
34.977775 0.79
35.036538 0.79
35.103776 0.78
35.162539 0.79
35.221180 0.78
35.285303 0.78
35.344031 0.78
35.413302 0.79
35.477303 0.79
35.541303 0.79
35.605304 0.79
35.664031 0.79
35.728031 0.78
35.797306 0.79
35.861306 0.79
35.925308 0.79
35.984035 0.78
36.053308 0.79
36.117421 0.78
36.176034 0.79
36.245183 0.79
36.314184 0.79
36.391424 0.78
36.455188 0.79
36.524311 0.79
36.588038 0.79
36.657315 0.79
36.717314 0.78
36.781191 0.79
36.845043 0.78
36.909041 0.78
36.973192 0.78
37.037042 0.79
37.101043 0.79
37.165043 0.79
37.229044 0.78
37.293047 0.79
37.352045 0.79
37.416045 0.79
37.485046 0.79
37.549046 0.78
37.613047 0.79
37.677047 0.79
37.736196 0.78
37.795048 0.79
37.859048 0.79
37.923052 0.79
37.982049 0.79
38.041050 0.79
38.105053 0.79
38.164051 0.79
38.228051 0.79
38.292052 0.79
38.356053 0.78
38.420055 0.80
38.479053 0.78
38.543054 0.79
38.607054 0.79
38.671055 0.79
38.735058 0.79
38.794056 0.79
38.858056 0.78
38.922057 0.79
38.986058 0.79
39.050062 0.79
39.109059 0.79
39.173059 0.79
39.237060 0.79
39.301060 0.79
39.365064 0.78
39.424062 0.79
39.488062 0.79
39.552063 0.78
39.616063 0.78
39.680066 0.79
39.739090 0.79
39.797688 0.79
39.861329 0.79
39.919814 0.79
39.972216 0.79
40.022816 0.79
40.081331 0.78
40.139941 0.79
40.187205 0.79
40.237818 0.79
40.296330 0.78
40.349817 0.78
40.402193 0.79
40.460943 0.78
40.516836 0.78
40.575335 0.79
40.633819 0.79
40.697586 0.79
40.751074 0.79
40.809821 0.79
40.873585 0.79
40.927073 0.79
40.977824 0.79
41.036337 0.79
41.094824 0.78
41.158588 0.78
41.212075 0.79
41.275825 0.79
41.350076 0.78
41.413826 0.79
41.482952 0.79
41.551703 0.79
41.615344 0.78
41.673829 0.79
41.737592 0.79
41.797829 0.79
41.861594 0.79
41.920346 0.79
41.973955 0.78
42.037830 0.79
42.101597 0.79
42.151597 0.78
42.201599 0.79
42.251598 0.78
42.301597 0.78
42.351598 0.79
42.406833 0.79
42.462085 0.79
42.525835 0.79
42.581086 0.79
42.644836 0.79
42.700088 0.79
42.763837 0.79
42.819088 0.79
42.882837 0.79
42.930105 0.79
42.993713 0.78
43.046115 0.79
43.104840 0.79
43.160717 0.78
43.216718 0.79
43.272717 0.79
43.328718 0.79
43.384719 0.79
43.444842 0.79
43.513968 0.79
43.577843 0.79
43.633720 0.79
43.702720 0.79
43.776720 0.79
43.850845 0.79
43.919971 0.78
43.983846 0.79
44.052722 0.79
44.126973 0.79
44.195849 0.78
44.264848 0.79
44.333849 0.79
44.402975 0.79
44.466726 0.79
44.540851 0.79
44.609852 0.79
44.678727 0.79
44.752727 0.78
44.826853 0.79
44.890853 0.80
44.954730 0.79
45.028729 0.79
45.092856 0.79
45.156731 0.78
45.220732 0.79
45.284732 0.79
45.348857 0.79
45.412733 0.79
45.476734 0.79
45.540734 0.79
45.604859 0.79
45.668735 0.79
45.732735 0.79
45.796736 0.79
45.860987 0.79
45.919737 0.79
45.983863 0.79
46.047863 0.79
46.111864 0.79
46.175865 0.79
46.239740 0.79
46.303865 0.78
46.367866 0.79
46.431741 0.78
46.495866 0.78
46.559867 0.79
46.628617 0.79
46.692118 0.78
46.755618 0.78
46.819119 0.79
46.882620 0.79
46.946120 0.78
47.009620 0.78
47.073122 0.79
47.136621 0.79
47.200123 0.79
47.263622 0.78
47.327124 0.79
47.385623 0.78
47.449125 0.79
47.512625 0.78
47.576125 0.79
47.631127 0.79
47.686127 0.79
47.746128 0.78
47.809627 0.79
47.873128 0.78
47.928424 0.78
47.989759 0.79
48.043633 0.79
48.102881 0.78
48.161881 0.78
48.220761 0.78
48.284883 0.78
48.343758 0.79
48.412758 0.79
48.476883 0.78
48.532013 0.79
48.591136 0.79
48.642011 0.79
48.700760 0.79
48.769761 0.79
48.830038 0.79
48.880889 0.78
48.944763 0.78
49.000543 0.79
49.059013 0.79
49.117893 0.79
49.164026 0.79
49.217640 0.79
49.277530 0.78
49.342655 0.79
49.412030 0.79
49.486643 0.79
49.555533 0.79
49.629660 0.78
49.699199 0.79
49.769183 0.79
49.833443 0.79
49.907895 0.79
49.966909 0.78
50.026154 0.79
50.090027 0.79
50.159538 0.79
50.228773 0.79
50.287773 0.78
50.351774 0.78
50.410899 0.79
50.469899 0.78
50.528775 0.79
50.583207 0.79
50.648037 0.78
50.722778 0.79
50.781777 0.78
50.840658 0.78
50.905034 0.78
50.969032 0.78
51.033183 0.78
51.092031 0.78
51.157667 0.78
51.212038 0.79
51.277909 0.79
51.331907 0.78
51.385657 0.79
51.449787 0.78
51.508910 0.79
51.558909 0.79
51.617424 0.78
51.682549 0.79
51.757041 0.79
51.822555 0.78
51.891786 0.78
51.950786 0.78
52.005917 0.79
52.076210 0.78
52.136916 0.79
52.206319 0.79
52.253789 0.79
52.312677 0.79
52.371914 0.79
52.437920 0.79
52.508305 0.78
52.574926 0.78
52.641675 0.79
52.696239 0.79
52.761296 0.78
52.817240 0.78
52.876683 0.78
52.931229 0.78
52.992679 0.79
53.047111 0.79
53.106678 0.78
53.166239 0.78
53.230935 0.80
53.297321 0.79
53.362799 0.79
53.417115 0.79
53.476802 0.79
53.535926 0.78
53.600812 0.79
53.670688 0.78
53.723928 0.78
53.789303 0.79
53.849676 0.79
53.899676 0.78
53.954806 0.79
54.009814 0.78
54.074937 0.78
54.124817 0.79
54.183307 0.78
54.235680 0.78
54.294680 0.79
54.349835 0.78
54.415359 0.79
54.471334 0.78
54.522318 0.78
54.580806 0.78
54.635808 0.79
54.699683 0.79
54.758562 0.79
54.822814 0.79
54.877684 0.79
54.941310 0.79
55.015186 0.78
55.084812 0.78
55.148562 0.78
55.217564 0.79
55.286813 0.79
55.350813 0.79
55.414689 0.79
55.478583 0.78
55.547315 0.79
55.610816 0.79
55.676191 0.78
55.741943 0.78
55.807192 0.78
55.875817 0.78
55.939319 0.78
56.008197 0.79
56.078695 0.78
56.142194 0.78
56.207337 0.79
56.276197 0.78
56.341321 0.78
56.410702 0.78
56.474198 0.79
56.543199 0.78
56.612198 0.79
56.667198 0.79
56.723575 0.79
56.782342 0.78
56.829579 0.78
56.888202 0.78
56.952222 0.78
57.022470 0.78
57.086340 0.78
57.155330 0.78
57.211703 0.79
57.278833 0.78
57.329705 0.79
57.388704 0.79
57.452348 0.78
57.521706 0.78
57.580206 0.78
57.641207 0.78
57.704707 0.79
57.778708 0.79
57.832224 0.79
57.897231 0.79
57.963476 0.80
58.022336 0.79
58.080714 0.78
58.144339 0.78
58.202714 0.78
58.266215 0.79
58.329715 0.78
58.393605 0.78
58.457593 0.79
58.521481 0.79
58.590232 0.78
58.659233 0.79
58.733483 0.79
58.802216 0.79
58.876233 0.79
58.950233 0.79
59.019357 0.79
59.088236 0.79
59.162219 0.78
59.231856 0.79
59.296495 0.78
59.360237 0.78
59.415221 0.78
59.475596 0.78
59.534363 0.78
59.594615 0.79
59.648117 0.79
59.708613 0.79
59.763614 0.79
59.822101 0.78
59.882600 0.79
59.936107 0.79
59.995267 0.78
60.060601 0.78
60.124245 0.78
60.188104 0.78
60.257494 0.78
60.321739 0.79
60.397271 0.79
60.457606 0.79
60.516373 0.78
60.580356 0.79
60.649731 0.79
60.714518 0.79
60.773610 0.79
60.837111 0.79
60.900610 0.78
60.964111 0.79
61.027611 0.79
61.091237 0.78
61.159985 0.79
61.223860 0.79
61.277112 0.79
61.346503 0.79
61.410738 0.79
61.488114 0.79
61.552114 0.78
61.621364 0.79
61.690382 0.79
61.754257 0.79
61.818117 0.79
61.887241 0.79
61.951259 0.78
62.020242 0.79
62.078617 0.79
62.142384 0.79
62.206120 0.79
62.261120 0.79
62.320745 0.79
62.370620 0.78
62.425621 0.78
62.480621 0.78
62.549496 0.79
62.607997 0.79
62.660385 0.79
62.719148 0.79
62.766388 0.78
62.817034 0.79
62.875623 0.79
62.939624 0.78
63.003764 0.78
63.064000 0.78
63.125002 0.79
63.178643 0.79
63.242647 0.78
63.306645 0.79
63.376133 0.78
63.440129 0.79
63.504130 0.79
63.568134 0.78
63.637131 0.78
63.706157 0.79
63.764507 0.78
63.828005 0.78
63.897007 0.79
63.969274 0.78
64.033273 0.79
64.093526 0.79
64.152135 0.79
64.210526 0.78
64.276137 0.79
64.345136 0.78
64.414011 0.78
64.483529 0.78
64.542012 0.78
64.616013 0.78
64.685014 0.78
64.759143 0.79
64.823024 0.79
64.870265 0.78
64.934023 0.78
64.992533 0.79
65.061533 0.79
65.117921 0.78
65.176407 0.79
65.234892 0.78
65.295895 0.79
65.354408 0.78
65.412893 0.78
65.481895 0.79
65.542901 0.79
65.606397 0.78
65.669899 0.79
65.722274 0.79
65.772901 0.78
65.836402 0.78
65.900285 0.78
65.954164 0.79
66.022899 0.78
66.086542 0.79
66.164033 0.79
66.232900 0.79
66.296419 0.79
66.350031 0.79
66.414031 0.79
66.478032 0.79
66.542031 0.79
66.606032 0.79
66.670189 0.78
66.729033 0.79
66.797780 0.79
66.852905 0.79
66.922036 0.79
66.981295 0.79
67.037783 0.78
67.093036 0.78
67.161784 0.79
67.216909 0.80
67.280549 0.79
67.345948 0.78
67.415038 0.79
67.483785 0.79
67.548910 0.78
67.612411 0.79
67.672412 0.78
67.732412 0.78
67.795913 0.79
67.859413 0.78
67.914414 0.79
67.977913 0.79
68.041414 0.79
68.093803 0.78
68.157290 0.79
68.220791 0.79
68.280917 0.79
68.328167 0.79
68.377542 0.79
68.430793 0.79
68.487046 0.79
68.542795 0.78
68.606294 0.79
68.669794 0.79
68.722195 0.79
68.785921 0.79
68.850172 0.79
68.914048 0.79
68.969799 0.78
69.028548 0.79
69.082050 0.80
69.145799 0.78
69.215051 0.79
69.283800 0.79
69.347301 0.79
69.410807 0.79
69.474552 0.79
69.527802 0.78
69.591310 0.78
69.654807 0.79
69.718305 0.79
69.773305 0.79
69.828304 0.79
69.891804 0.79
69.961088 0.79
70.029684 0.79
70.098308 0.79
70.161807 0.79
70.235808 0.78
70.304934 0.79
70.373809 0.79
70.447685 0.78
70.506216 0.79
70.569935 0.79
70.629702 0.78
70.695686 0.79
70.748089 0.79
70.806687 0.79
70.859088 0.78
70.917938 0.79
70.968714 0.78
71.016074 0.78
71.080693 0.79
71.140567 0.79
71.204191 0.79
71.267816 0.78
71.328693 0.79
71.387334 0.78
71.445693 0.79
71.519694 0.78
71.580694 0.79
71.639194 0.78
71.697695 0.79
71.772257 0.79
71.830695 0.78
71.900696 0.78
71.964197 0.79
72.027697 0.79
72.091197 0.79
72.149829 0.78
72.208201 0.78
72.266699 0.79
72.330199 0.79
72.393700 0.79
72.457200 0.78
72.520703 0.79
72.607701 0.79
72.671202 0.78
72.734702 0.79
72.798203 0.78
72.861703 0.79
72.925205 0.79
72.983707 0.79
73.057581 0.79
73.122706 0.79
73.196832 0.79
73.260832 0.79
73.324833 0.79
73.388708 0.78
73.447709 0.78
73.516709 0.79
73.585709 0.79
73.645353 0.80
73.692617 0.78
73.743961 0.79
73.802837 0.79
73.866712 0.79
73.930713 0.79
73.985337 0.79
74.038588 0.79
74.107714 0.78
74.171841 0.78
74.235839 0.79
74.304715 0.79
74.368715 0.79
74.424593 0.79
74.484473 0.79
74.544967 0.79
74.608723 0.79
74.664622 0.79
74.733844 0.79
74.797845 0.78
74.866984 0.78
74.928100 0.79
74.986846 0.79
75.055722 0.78
75.119722 0.79
75.183723 0.78
75.253114 0.79
75.314392 0.78
75.373134 0.78
75.437127 0.79
75.501225 0.79
75.564975 0.79
75.623726 0.79
75.687865 0.79
75.742383 0.78
75.803864 0.78
75.857987 0.78
75.913148 0.79
75.968232 0.79
76.023261 0.79
76.077133 0.78
76.140980 0.79
76.201856 0.79
76.260857 0.78
76.319731 0.79
76.388733 0.79
76.452733 0.79
76.516733 0.79
76.575136 0.79
76.643984 0.78
76.707485 0.79
76.767610 0.79
76.826112 0.78
76.890112 0.79
76.963986 0.79
77.022737 0.79
77.091738 0.78
77.160988 0.78
77.219739 0.78
77.288615 0.79
77.363161 0.79
77.428869 0.79
77.492868 0.79
77.551867 0.78
77.615869 0.79
77.674867 0.79
77.738383 0.79
77.798508 0.78
77.862120 0.78
77.920873 0.79
77.984745 0.79
78.043746 0.78
78.103300 0.78
78.167517 0.78
78.236516 0.79
78.305125 0.79
78.370873 0.79
78.434624 0.79
78.492999 0.78
78.548126 0.79
78.612393 0.79
78.667626 0.79
78.726876 0.79
78.790754 0.78
78.849752 0.79
78.908628 0.79
78.967130 0.79
79.027628 0.78
79.091519 0.79
79.165883 0.79
79.229761 0.79
79.293632 0.78
79.348132 0.79
79.412132 0.79
79.465400 0.78
79.521758 0.78
79.580648 0.78
79.649526 0.79
79.705885 0.78
79.764637 0.79
79.823635 0.78
79.892528 0.78
79.966642 0.78
80.022388 0.79
80.086013 0.78
80.144531 0.79
80.205389 0.79
80.267014 0.79
80.325655 0.79
80.394642 0.79
80.463520 0.78
80.532641 0.79
80.596531 0.78
80.661411 0.78
80.724892 0.79
80.788408 0.78
80.862645 0.78
80.931519 0.79
81.005394 0.79
81.068894 0.78
81.123895 0.78
81.184413 0.79
81.253301 0.79
81.316897 0.79
81.372025 0.78
81.432398 0.78
81.497773 0.78
81.558415 0.78
81.622541 0.78
81.686278 0.78
81.756775 0.78
81.810418 0.78
81.875776 0.79
81.939305 0.78
82.008402 0.79
82.082403 0.78
82.147308 0.79
82.221296 0.78
82.295280 0.79
82.347656 0.79
82.411906 0.78
82.470548 0.79
82.526298 0.79
82.595283 0.78
82.669787 0.79
82.728283 0.78
82.797916 0.79
82.856567 0.79
82.920411 0.79
82.978788 0.78
83.042313 0.79
83.116430 0.79
83.191039 0.79
83.244430 0.78
83.318177 0.79
83.387791 0.79
83.441304 0.78
83.515790 0.79
83.574664 0.79
83.638170 0.78
83.693291 0.78
83.767291 0.78
83.841792 0.79
83.905292 0.79
83.969311 0.79
84.043441 0.78
84.117296 0.79
84.191313 0.79
84.265546 0.79
84.334171 0.79
84.389325 0.79
84.444547 0.79
84.508439 0.79
84.577439 0.79
84.646801 0.78
84.703219 0.78
84.767675 0.78
84.821550 0.79
84.880205 0.79
84.939925 0.78
85.009458 0.79
85.068931 0.78
85.122192 0.79
85.191444 0.79
85.255433 0.78
85.310681 0.79
85.369809 0.79
85.439200 0.79
85.508432 0.79
85.562182 0.79
85.626307 0.79
85.690210 