0.000000 0.000000
0.041701 6.01
0.101549 2.66
0.166387 2.66
0.232259 2.66
0.296538 2.66
0.371381 2.66
0.442132 2.66
0.501023 2.66
0.566786 2.66
0.631023 2.66
0.696831 2.66
0.757915 2.66
0.814059 2.66
0.870037 2.66
0.927840 4.34
0.999803 4.34
1.065798 4.34
1.126794 4.34
1.192664 4.34
1.261543 4.34
1.327264 4.34
1.391404 4.34
1.452400 4.34
1.512038 4.34
1.565644 4.34
1.640267 4.34
1.709268 4.34
1.778143 4.34
1.838143 4.34
1.888033 4.34
1.941546 4.34
2.015546 4.34
2.089547 4.68
2.163548 4.34
2.237550 4.34
2.311647 4.34
2.385549 4.34
2.459551 4.34
2.533649 4.34
2.607549 4.34
2.681552 4.34
2.755652 4.34
2.829543 4.34
2.903556 4.34
2.972557 4.34
3.036555 4.34
3.110557 4.34
3.184545 4.34
3.253532 4.34
3.322655 4.34
3.391532 4.34
3.465533 4.34
3.539560 4.34
3.613658 4.34
3.677409 4.34
3.736034 4.34
3.799535 4.34
3.868563 4.34
3.942563 4.34
4.011564 4.34
4.080538 4.34
4.149803 4.34
4.218539 4.34
4.292565 4.34
4.356680 4.34
4.411804 4.34
4.470415 4.34
4.530804 4.34
4.594569 4.34
4.658692 4.34
4.722417 4.34
4.779042 4.34
4.837699 4.34
4.901418 4.34
4.961934 4.34
5.020419 4.34
5.080810 4.34
5.135812 4.34
5.190811 4.34
5.245810 4.34
5.300813 4.34
5.359422 4.34
5.428422 4.34
5.497549 4.34
5.561698 4.34
5.625576 4.34
5.689424 4.34
5.758425 4.34
5.827425 4.34
5.896552 4.34
5.965553 4.34
6.029819 4.34
6.093704 4.34
6.157427 4.34
6.226435 4.34
6.284809 4.34
6.353432 4.34
6.413586 4.34
6.477431 4.34
6.541432 4.34
6.610710 4.34
6.680309 4.34
6.739308 4.34
6.798184 4.34
6.858463 4.34
6.918828 4.34
6.977435 4.34
7.041591 4.34
7.101591 4.34
7.165436 4.34
7.229590 4.34
7.288438 4.34
7.352439 4.34
7.411439 4.34
7.475439 4.34
7.534439 4.34
7.598440 4.34
7.657441 4.34
7.721441 4.34
7.785441 4.34
7.844442 4.34
7.903442 4.34
7.967443 4.34
8.026444 4.34
8.090444 4.34
8.149444 4.34
8.213445 4.34
8.272445 4.34
8.336446 4.34
8.395447 4.34
8.459447 4.34
8.518447 4.34
8.582448 4.34
8.641448 4.34
8.705449 4.34
8.764450 4.34
8.828450 4.34
8.887451 4.34
8.951451 4.34
9.010451 4.34
9.074452 4.34
9.133452 4.34
9.197453 4.34
9.256453 4.34
9.320454 4.34
9.379454 4.34
9.441485 4.68
9.505455 4.34
9.564456 4.34
9.624456 4.34
9.683457 4.34
9.742457 4.34
9.806458 4.34
9.865458 4.34
9.934459 4.34
10.003459 4.34
10.067210 4.34
10.122211 4.34
10.173336 4.34
10.243729 4.34
10.297212 4.34
10.344462 4.34
10.408337 4.34
10.464088 4.34
10.527980 4.34
10.596590 4.34
10.655214 4.34
10.702465 4.34
10.753090 4.34
10.816591 4.34
10.880216 4.34
10.938592 4.34
11.002342 4.34
11.071218 4.34
11.136861 4.34
11.195344 4.34
11.264220 4.34
11.338345 4.34
11.412221 4.34
11.475864 4.34
11.534346 4.34
11.603222 4.34
11.661626 4.34
11.720223 4.34
11.783991 4.34
11.852628 4.34
11.906350 4.34
11.975350 4.34
12.044101 4.34
12.102868 4.34
12.163351 4.34
12.227352 4.34
12.301227 4.34
12.359996 4.34
12.423996 4.34
12.494257 4.34
12.548996 4.34
12.612997 4.34
12.676996 4.34
12.740484 4.34
12.804357 4.34
12.873108 4.34
12.920484 4.34
12.979358 4.34
13.039018 4.34
13.112001 4.34
13.170761 4.34
13.231110 4.34
13.278492 4.34
13.342111 4.34
13.398492 4.34
13.462362 4.34
13.526112 4.34
13.588113 4.34
13.635489 4.34
13.699114 4.34
13.757753 4.34
13.811364 4.34
13.870240 4.34
13.944880 4.34
14.003757 4.34
14.072881 4.34
14.146767 4.34
14.200367 4.34
14.269118 4.34
14.327757 4.34
14.377369 4.34
14.446120 4.34
14.520120 4.34
14.578759 4.34
14.632371 4.34
14.701122 4.34
14.759765 4.34
14.828499 4.34
14.887123 4.34
14.945763 4.34
14.999374 4.34
15.068124 4.34
15.132125 4.34
15.206125 4.34
15.270126 4.34
15.328766 4.34
15.384253 4.34
15.458128 4.34
15.516767 4.34
15.566770 4.34
15.622129 4.34
15.680768 4.34
15.730769 4.34
15.782022 4.34
15.833380 4.34
15.897006 4.34
15.944381 4.34
16.008133 4.34
16.072257 4.34
16.123024 4.34
16.183659 4.34
16.237009 4.34
16.284385 4.34
16.353010 4.34
16.400386 4.34
16.469011 4.34
16.525027 4.34
16.581028 4.34
16.637027 4.34
16.693028 4.34
16.749027 4.34
16.805030 4.34
16.870264 4.34
16.944015 4.34
17.000029 4.34
17.069016 4.34
17.138141 4.34
17.207017 4.34
17.281143 4.34
17.350018 4.34
17.424019 4.34
17.498269 4.34
17.562144 4.34
17.626020 4.34
17.700021 4.34
17.769021 4.34
17.838022 4.34
17.912022 4.34
17.976039 4.34
18.050023 4.34
18.110025 4.34
18.170026 4.34
18.230026 4.34
18.290026 4.34
18.350027 4.34
18.410026 4.34
18.470027 4.34
18.530027 4.34
18.590028 4.34
18.650028 4.34
18.710029 4.34
18.763277 4.34
18.831904 4.34
18.886905 4.34
18.941905 4.34
18.989155 4.34
19.038531 4.34
19.096906 4.34
19.144157 4.34
19.194782 4.34
19.253282 4.34
19.321908 4.34
19.380283 4.34
19.443909 4.34
19.502284 4.34
19.570910 4.34
19.629285 4.34
19.697911 4.34
19.766537 4.34
19.824913 4.34
19.883287 4.34
19.951913 4.34
20.010288 4.34
20.073914 4.34
20.132289 4.34
20.200915 4.34
20.259290 4.34
20.327916 4.34
20.386291 4.34
20.454917 4.34
20.513292 4.34
20.581918 4.34
20.640293 4.34
20.703919 4.34
20.762294 4.34
20.830921 4.34
20.889295 4.34
20.957921 4.34
21.017922 4.34
21.077923 4.34
21.137923 4.34
21.197923 4.34
21.257924 4.34
21.321549 4.34
21.372926 4.34
21.432926 4.34
21.496551 4.34
21.547927 4.34
21.607928 4.34
21.661176 4.34
21.729802 4.34
21.780927 4.34
21.844428 4.34
21.902804 4.34
21.957804 4.34
22.005054 4.34
22.054429 4.34
22.112806 4.34
22.160056 4.34
22.209431 4.34
22.267807 4.34
22.326182 4.34
22.394807 4.34
22.442057 4.34
22.492683 4.34
22.556183 4.34
22.624809 4.34
22.683184 4.34
22.751810 4.34
22.810185 4.34
22.878812 4.34
22.937186 4.34
23.005813 4.34
23.064187 4.34
23.132814 4.34
23.191189 4.34
23.259815 4.34
23.319943 4.34
23.373191 4.34
23.441816 4.34
23.500192 4.34
23.568817 4.34
23.628944 4.34
23.683818 4.34
23.742193 4.34
23.810819 4.34
23.870820 4.34
23.930821 4.34
23.990822 4.34
24.050822 4.34
24.110823 4.34
24.170824 4.34
24.230824 4.34
24.290825 4.34
24.350825 4.34
24.404073 4.34
24.472699 4.34
24.527699 4.34
24.582700 4.34
24.629950 4.34
24.688325 4.34
24.746702 4.34
24.793952 4.34
24.844578 4.34
24.908077 4.34
24.976704 4.34
25.023954 4.34
25.074580 4.34
25.138079 4.34
25.206705 4.34
25.265080 4.34
25.333706 4.34
25.392082 4.34
25.460707 4.34
25.519083 4.34
25.587708 4.34
25.646084 4.34
25.714710 4.34
25.773084 4.34
25.841710 4.34
25.900085 4.34
25.968712 4.34
26.027087 4.34
26.095712 4.34
26.154087 4.34
26.222714 4.34
26.281089 4.34
26.349714 4.34
26.413340 4.34
26.478858 4.34
26.552592 4.34
26.607719 4.34
26.662593 4.34
26.721218 4.34
26.774742 4.34
26.838860 4.34
26.902745 4.34
26.976595 4.34
27.041984 4.34
27.110596 4.34
27.172346 4.34
27.237870 4.34
27.306598 4.34
27.362987 4.34
27.421749 4.34
27.495751 4.34
27.569750 4.34
27.638751 4.34
27.703627 4.34
27.768627 4.34
27.833628 4.34
27.902752 4.34
27.976755 4.34
28.040755 4.34
28.104754 4.34
28.178629 4.34
28.247756 4.34
28.321634 4.34
28.395632 4.34
28.460485 4.34
28.523982 4.34
28.592608 4.34
28.650983 4.34
28.719608 4.34
28.777984 4.34
28.846610 4.34
28.904985 4.34
28.973610 4.34
29.031986 4.34
29.100611 4.34
29.158987 4.34
29.227613 4.34
29.285987 4.34
29.354614 4.34
29.414615 4.34
29.474616 4.34
29.532990 4.34
29.601615 4.34
29.661618 4.34
29.725116 4.34
29.788617 4.34
29.848618 4.34
29.901867 4.34
29.970494 4.34
30.021619 4.34
30.085119 4.34
30.143496 4.34
30.194620 4.34
30.254622 4.34
30.307871 4.34
30.376497 4.34
30.423747 4.34
30.474372 4.34
30.537873 4.34
30.606499 4.34
30.664874 4.34
30.733500 4.34
30.780750 4.34
30.831375 4.34
30.894876 4.34
30.963502 4.34
31.021876 4.34
31.090502 4.34
31.148878 4.34
31.217503 4.34
31.275879 4.34
31.344504 4.34
31.402880 4.34
31.471505 4.34
31.535006 4.34
31.598507 4.34
31.656882 4.34
31.725508 4.34
31.785634 4.34
31.838883 4.34
31.907510 4.34
31.965884 4.34
32.034512 4.34
32.094636 4.34
32.149512 4.34
32.209512 4.34
32.269513 4.34
32.329514 4.34
32.389514 4.34
32.449514 4.34
32.513014 4.34
32.571389 4.34
32.636517 4.34
32.700016 4.34
32.763517 4.34
32.827017 4.34
32.885518 4.34
32.940016 4.34
32.998393 4.34
33.045643 4.34
33.095018 4.34
33.153394 4.34
33.211769 4.34
33.280394 4.34
33.327646 4.34
33.378270 4.34
33.441771 4.34
33.510397 4.34
33.568773 4.34
33.637398 4.34
33.695774 4.34
33.764399 4.34
33.822774 4.34
33.891400 4.34
33.949776 4.34
34.018400 4.34
34.076777 4.34
34.140402 4.34
34.198777 4.34
34.267403 4.34
34.325779 4.34
34.394404 4.34
34.452780 4.34
34.521405 4.34
34.579780 4.34
34.648407 4.34
34.706782 4.34
34.770407 4.34
34.828782 4.34
34.897408 4.34
34.955783 4.34
35.024409 4.34
35.084411 4.34
35.144411 4.34
35.202786 4.34
35.271410 4.34
35.334911 4.34
35.393412 4.34
35.447912 4.34
35.511413 4.34
35.571415 4.34
35.624664 4.34
35.693289 4.34
35.748290 4.34
35.799415 4.34
35.853916 4.34
35.912290 4.34
35.959542 4.34
36.010167 4.34
36.073667 4.34
36.142293 4.34
36.189545 4.34
36.240168 4.34
36.303669 4.34
36.372294 4.34
36.430670 4.34
36.499297 4.34
36.557671 4.34
36.626296 4.34
36.684672 4.34
36.753297 4.34
36.811673 4.34
36.880299 4.34
36.943924 4.34
37.002299 4.34
37.060676 4.34
37.129300 4.34
37.187677 4.34
37.256302 4.34
37.314676 4.34
37.383302 4.34
37.441678 4.34
37.510303 4.34
37.573929 4.34
37.632304 4.34
37.692432 4.34
37.745681 4.34
37.814306 4.34
37.872681 4.34
37.941307 4.34
38.001309 4.34
38.061310 4.34
38.121310 4.34
38.181310 4.34
38.241312 4.34
38.294561 4.34
38.363185 4.34
38.423311 4.34
38.483312 4.34
38.541812 4.34
38.600187 4.34
38.655188 4.34
38.702438 4.34
38.753064 4.34
38.816565 4.34
38.885189 4.34
38.943566 4.34
39.012190 4.34
39.070567 4.34
39.139191 4.34
39.197568 4.34
39.266193 4.34
39.324569 4.34
39.393193 4.34
39.440444 4.34
39.500070 4.34
39.563571 4.34
39.632195 4.34
39.690572 4.34
39.759196 4.34
39.818947 4.34
39.887574 4.34
39.956197 4.34
40.014575 4.34
40.083199 4.34
40.141577 4.34
40.210200 4.34
40.268577 4.34
40.337201 4.34
40.395578 4.34
40.464202 4.34
40.522580 4.34
40.591203 4.34
40.651205 4.34
40.711206 4.34
40.771207 4.34
40.831206 4.34
40.891208 4.34
40.951208 4.34
41.011208 4.34
41.071209 4.34
41.134708 4.34
41.193083 4.34
41.248083 4.34
41.303084 4.34
41.350334 4.34
41.400960 4.34
41.464460 4.34
41.533086 4.34
41.580337 4.34
41.630962 4.34
41.694462 4.34
41.763088 4.34
41.810338 4.34
41.860964 4.34
41.924464 4.34
41.993089 4.34
42.051465 4.34
42.120091 4.34
42.175967 4.34
42.239466 4.34
42.303343 4.34
42.372094 4.34
42.446344 4.34
42.509863 4.34
42.578476 4.34
42.642096 4.34
42.700479 4.34
42.769097 4.34
42.846098 4.34
42.923098 4.34
42.995098 4.34
43.064100 4.34
43.122751 4.34
43.188100 4.34
43.246749 4.34
43.300351 4.34
43.369102 4.34
43.443122 4.34
43.496751 4.34
43.560103 4.34
43.632103 4.34
43.700994 4.34
43.756355 4.34
43.819996 4.34
43.875356 4.34
43.944106 4.34
44.002759 4.34
44.071357 4.34
44.140108 4.34
44.194757 4.34
44.260000 4.34
44.307360 4.34
44.362360 4.34
44.426001 4.34
44.473360 4.34
44.537361 4.34
44.601112 4.34
44.675001 4.34
44.766238 4.34
44.817003 4.34
44.886239 4.34
44.937004 4.34
45.006003 4.34
45.062005 4.34
45.131007 4.34
45.200241 4.34
45.274118 4.34
45.343008 4.34
45.412118 4.34
45.485994 4.34
45.554994 4.34
45.624119 4.34
45.698120 4.34
45.766996 4.34
45.830996 4.34
45.904996 4.34
45.968998 4.34
46.042998 4.34
46.117123 4.34
46.190999 4.34
46.260124 4.34
46.324017 4.34
46.388126 4.34
46.447018 4.34
46.511018 4.34
46.575127 4.34
46.639128 4.34
46.703003 4.34
46.767129 4.34
46.831005 4.34
46.895021 4.34
46.959005 4.34
47.023021 4.34
47.087007 4.34
47.156133 4.34
47.220021 4.34
47.284023 4.34
47.344134 4.34
47.403024 4.34
47.467026 4.34
47.531010 4.34
47.595026 4.34
47.659011 4.34
47.723027 4.34
47.787025 4.34
47.851028 4.34
47.915013 4.34
47.979029 4.68
48.043030 0.05
48.107139 6.36
48.166015 6.36
48.240517 6.36
48.304579 6.36
48.379553 6.36
48.449018 6.68
48.515047 6.68
48.579018 6.68
48.643570 6.68
48.708024 6.68
48.772021 6.68
48.836021 6.68
48.900148 7.02
48.964555 7.02
49.023553 7.02
49.088023 7.02
49.152023 7.02
49.216715 7.02
49.276152 7.02
49.340528 7.37
49.404527 7.37
49.468528 7.37
49.533154 7.37
49.593560 7.37
49.652402 7.37
49.716403 7.69
49.770293 7.69
49.820709 7.69
49.881158 7.69
49.940031 7.69
49.999030 7.69
50.063037 7.69
50.118284 7.69
50.168283 8.03
50.218157 8.03
50.273158 8.03
50.328033 8.03
50.387542 8.03
50.462538 8.03
50.528161 8.03
50.592160 8.35
50.656705 8.35
50.721289 8.35
50.780038 8.35
50.844036 8.35
50.908037 8.35
50.982701 8.35
51.052055 8.70
51.122916 8.70
51.192057 8.70
51.256420 8.70
51.317061 8.70
51.387918 8.70
51.446809 9.04
51.515808 9.04
51.575609 9.04
51.640046 9.04
51.698812 9.04
51.762811 9.04
51.831944 9.36
51.890940 9.36
51.955046 9.36
52.018825 9.36
52.082813 9.36
52.147177 9.36
52.200818 9.36
52.264814 9.71
52.328815 9.71
52.392815 9.71
52.457428 9.71
52.521302 9.71
52.585426 10.03
52.640426 10.03
52.700826 10.03
52.759823 10.03
52.825559 10.03
52.881063 10.03
52.940952 10.03
52.996580 10.03
53.061567 10.03
53.126759 10.03
53.203815 10.03
53.268976 10.03
53.335072 10.03
53.390310 10.03
53.455191 10.03
53.502559 10.03
53.566958 10.03
53.626613 10.03
53.685199 10.03
53.746075 10.03
53.810441 10.03
53.870816 10.03
53.935440 10.03
54.004955 10.03
54.079313 10.03
54.133066 10.03
54.201695 10.03
54.272192 10.03
54.326065 10.03
54.386846 10.03
54.445707 10.03
54.516191 10.03
54.569698 10.03
54.633318 10.03
54.688318 10.03
54.745068 10.03
54.798694 10.03
54.872572 10.03
54.927597 10.03
54.988195 10.03
55.046695 10.03
55.110200 10.03
55.174322 10.03
55.248602 10.03
55.299966 10.03
55.363612 10.03
55.437575 10.03
55.485075 10.03
55.543970 10.03
55.607716 10.03
55.681971 10.03
55.745720 10.03
55.814827 10.03
55.864204 10.03
55.924205 10.03
55.982720 10.03
56.046972 10.03
56.110580 10.03
56.168971 10.03
56.237736 10.03
56.301722 10.03
56.370584 10.03
56.434774 10.03
56.503584 10.03
56.577725 10.03
56.646334 10.03
56.710209 10.03
56.768585 10.03
56.837586 10.37
56.906836 10.37
56.970586 10.37
57.030712 10.37
57.085712 10.03
57.140730 10.03
57.195588 10.03
57.269589 10.03
57.338879 10.03
57.402722 10.03
57.477219 10.03
57.546593 10.03
57.605593 10.03
57.675217 10.03
57.740860 10.03
57.796352 9.36
57.856478 9.04
57.914599 8.03
57.964096 7.69
58.018016 7.37
58.067863 6.68
58.121626 6.68
58.195596 6.36
58.255345 6.68
58.324347 6.36
58.387864 6.36
58.442722 6.36
58.497975 6.68
58.556598 6.36
58.630741 6.36
58.699478 6.68
58.759975 6.36
58.818479 6.36
58.883993 6.36
58.942480 6.36
59.016481 6.36
59.085630 6.36
59.150633 6.36
59.209988 6.36
59.279985 6.36
59.333488 6.36
59.397637 6.36
59.461748 6.36
59.531362 6.36
59.590888 6.36
59.644488 6.36
59.713760 6.36
59.777637 6.36
59.836492 6.36
59.910492 6.36
59.984614 6.36
60.053492 6.36
60.122492 6.36
60.191766 6.36
60.255764 6.36
60.319641 6.36
60.388764 6.36
60.452642 6.36
60.521491 6.36
60.585491 6.36
60.654756 6.36
60.713366 6.36
60.773992 6.36
60.827366 6.36
60.893247 6.36
60.951743 6.36
61.006635 6.36
61.066495 6.36
61.131648 6.36
61.195649 6.36
61.259370 6.36
61.325246 6.36
61.388997 6.36
61.442372 6.36
61.498997 6.36
61.557371 6.36
61.621003 6.36
61.679376 6.68
61.737751 6.36
61.806378 6.36
61.870003 6.36
61.928378 6.36
61.986891 6.36
62.045627 6.36
62.114527 6.36
62.188378 6.36
62.246755 6.36
62.315380 6.36
62.379254 6.36
62.432773 6.36
62.486507 6.36
62.545507 6.36
62.609660 6.36
62.668536 6.36
62.732390 6.36
62.790761 6.36
62.859385 6.36
62.919514 6.36
62.972763 6.36
63.041388 6.36
63.110638 6.36
63.169387 6.36
63.238655 6.36
63.302386 6.36
63.362392 6.36
63.422401 6.36
63.475644 6.36
63.544269 6.36
63.599267 6.36
63.654268 6.36
63.714392 6.36
63.777893 6.36
63.837145 6.36
63.888269 6.36
63.949034 6.36
64.007659 6.36
64.076267 6.36
64.123518 6.36
64.193153 6.36
64.252400 6.36
64.311397 6.36
64.375396 6.36
64.439396 6.36
64.503396 6.36
64.578397 6.36
64.642273 6.36
64.711023 6.36
64.774649 6.36
64.843273 6.36
64.906903 6.36
64.965276 6.36
65.023650 6.36
65.092275 6.36
65.150651 6.36
65.219276 6.36
65.277652 6.36
65.346277 6.36
65.404653 6.36
65.473279 6.36
65.531654 6.36
65.600280 6.36
65.658655 6.36
65.717405 6.36
65.776406 6.36
65.840560 6.36
65.899407 6.36
65.963557 6.36
66.017284 6.36
66.087659 6.36
66.146285 6.36
66.206160 6.36
66.261411 6.36
66.325286 6.36
66.389288 6.36
66.459662 6.36
66.513288 6.36
66.587163 6.36
66.638288 6.36
66.694054 6.36
66.758289 6.36
66.814039 6.36
66.877570 6.36
66.931291 6.36
67.000292 6.36
67.074432 6.36
67.140172 6.36
67.187586 6.36
67.241293 6.36
67.315169 6.36
67.378810 6.36
67.437188 6.36
67.511176 6.36
67.569550 6.36
67.638173 6.36
67.696552 6.36
67.765174 6.36
67.829298 6.36
67.893298 6.36
67.962173 6.36
68.025941 6.36
68.089925 6.36
68.148576 6.36
68.202426 6.36
68.268695 6.36
68.322427 6.36
68.381303 6.36
68.445303 6.36
68.519190 6.36
68.577559 6.36
68.646181 6.36
68.704559 6.36
68.773183 6.36
68.833187 6.36
68.896956 6.36
68.955824 6.36
69.003073 6.36
69.061949 6.36
69.130951 6.36
69.194434 6.36
69.253319 6.36
69.311689 6.36
69.370063 6.36
69.425063 6.36
69.480063 6.36
69.535065 6.36
69.582315 6.36
69.646442 6.36
69.705065 6.36
69.752439 6.36
69.811439 6.36
69.870065 6.36
69.930440 6.36
69.990078 6.36
70.059967 6.36
70.124319 6.36
70.198709 6.36
70.252318 6.36
70.311193 6.36
70.380698 6.36
70.434196 6.36
70.498070 6.36
70.567070 6.36
70.636071 6.36
70.710326 6.36
70.774199 6.36
70.838198 6.36
70.912323 6.36
70.976323 6.36
71.035199 6.36
71.104980 6.36
71.171330 6.36
71.230078 6.36
71.294201 6.36
71.368076 6.36
71.437216 6.36
71.496719 6.36
71.552203 6.36
71.621078 6.36
71.685079 6.36
71.749080 6.36
71.807723 6.36
71.871331 6.36
71.931097 6.36
71.984336 6.36
72.052959 6.36
72.107960 6.36
72.162960 6.36
72.210211 6.36
72.260837 6.36
72.329586 6.36
72.393614 6.36
72.462612 6.36
72.536587 6.36
72.595336 6.36
72.654228 6.36
72.729216 6.36
72.788340 6.36
72.851979 6.36
72.915589 6.36
72.969214 6.36
73.019851 6.36
73.083351 6.36
73.151971 6.36
73.210343 6.36
73.278970 6.36
73.337344 6.36
73.408148 6.36
73.472345 6.36
73.536345 6.36
73.600111 6.36
73.674095 6.36
73.747981 6.36
73.806352 6.36
73.874976 6.36
73.933350 6.36
74.001977 6.36
74.062103 6.36
74.117146 6.36
74.178137 6.36
74.237226 6.36
74.296100 6.36
74.360101 6.36
74.423991 6.36
74.488238 6.36
74.542755 6.36
74.602106 6.36
74.666105 6.36
74.728009 6.36
74.786631 6.36
74.851243 6.36
74.912004 6.36
74.976109 6.36
75.036232 6.36
75.100484 6.36
75.164485 6.36
75.228629 6.36
75.292491 6.36
75.342108 6.36
75.391483 6.36
75.449859 6.36
75.497109 6.36
75.546486 6.36
75.596243 6.36
75.664865 6.36
75.723237 6.36
75.791861 6.36
75.850236 6.36
75.918863 6.36
75.983006 6.36
76.041989 6.36
76.110868 6.36
76.179869 6.36
76.253995 6.68
76.323131 6.36
76.386992 6.36
76.451009 6.68
76.519871 6.36
76.588870 6.36
76.663011 6.36
76.736995 6.36
76.805995 6.36
76.869996 6.36
76.933875 6.36
76.997875 6.36
77.067014 6.36
77.131015 6.36
77.195130 6.36
77.250905 6.36
77.310017 6.36
77.378892 6.36
77.447878 6.36
77.506626 6.36
77.565530 6.36
77.625913 6.36
77.684531 6.36
77.744910 6.36
77.803757 6.36
77.859048 6.36
77.918005 6.36
77.982130 6.36
78.046779 6.36
78.117023 6.36
78.181141 6.36
78.235007 6.36
78.299012 6.36
78.368514 6.36
78.428891 6.36
78.484638 6.36
78.548549 6.36
78.612511 6.36
78.681541 6.36
78.745386 6.36
78.809541 6.36
78.873540 6.36
78.938651 6.36
78.997543 6.36
79.066388 6.36
79.135905 6.36
79.205389 6.36
79.269544 6.36
79.333546 6.36
79.397395 6.36
79.451143 6.36
79.510021 6.36
79.569143 6.36
79.623024 6.36
79.682149 6.36
79.741721 6.36
79.812272 6.36
79.865897 6.36
79.936270 6.36
79.990151 6.36
80.049549 6.36
80.118647 6.36
80.184022 6.36
80.247913 6.36
80.316916 6.36
80.390649 6.36
80.446059 6.36
80.499936 6.36
80.560025 6.36
80.628780 6.36
80.683276 6.36
80.741655 6.36
80.789027 6.36
80.844028 6.36
80.899028 6.36
80.953918 6.36
81.022918 6.36
81.091924 6.36
81.146409 6.36
81.215031 6.36
81.270031 6.36
81.334031 6.36
81.388907 6.36
81.439541 6.36
81.503033 6.36
81.566660 6.36
81.635659 6.36
81.704909 6.36
81.755565 6.36
81.821289 6.36
81.880293 6.36
81.946167 6.36
81.999679 6.36
82.069037 6.36
82.135300 6.36
82.205072 6.36
82.263915 6.36
82.328057 6.36
82.386541 6.36
82.450599 6.36
82.516682 6.36
82.581292 6.36
82.641667 6.36
82.712167 6.36
82.778047 6.36
82.836687 6.36
82.907044 6.36
82.960935 6.36
83.029670 6.36
83.098671 6.36
83.162692 6.36
83.236575 6.36
83.291706 6.36
83.360575 6.36
83.421066 6.36
83.479691 6.36
83.548578 6.36
83.617577 6.36
83.673425 6.36
83.732069 6.36
83.790555 6.36
83.837942 6.36
83.906580 6.36
83.962553 6.36
84.036584 6.36
84.100694 6.36
84.174696 6.36
84.248555 6.36
84.322590 6.36
84.391557 6.36
84.455306 6.36
84.519435 6.36
84.584310 6.36
84.658703 6.36
84.732594 6.36
84.801589 6.36
84.875686 6.36
84.944685 6.36
85.015688 6.36
85.068939 6.36
85.137566 6.36
85.211590 6.36
85.285569 6.36
85.349854 6.36
85.413976 6.36
85.470718 6.36
85.539594 6.36