0.000000 0.000000
0.052512 42.78
0.108650 42.78
0.175504 42.78
0.236627 42.22
0.297376 42.22
0.356389 42.22
0.420500 42.22
0.479502 42.22
0.538502 42.22
0.597502 42.22
0.656503 42.22
0.710418 42.22
0.764930 42.22
0.829965 42.22
0.900394 42.22
0.965514 42.22
1.015760 42.22
1.085508 42.22
1.149632 42.22
1.218382 42.22
1.277145 42.22
1.327758 42.22
1.392418 42.22
1.446938 42.22
1.511638 42.22
1.575636 42.22
1.644510 42.22
1.703153 42.22
1.753761 42.22
1.807262 42.22
1.881011 42.22
1.934262 42.22
2.008012 42.22
2.061263 42.22
2.135013 42.22
2.188265 42.22
2.262014 42.22
2.315265 42.22
2.389015 42.22
2.442265 42.22
2.516017 42.22
2.566766 41.67
2.630267 41.67
2.704018 41.67
2.757269 42.22
2.831019 41.67
2.894645 41.67
2.963270 41.67
3.037020 41.67
3.090271 41.67
3.164022 41.67
3.217272 41.67
3.291023 41.67
3.344273 41.67
3.418024 41.67
3.471275 41.67
3.545025 41.67
3.610276 41.67
3.684026 41.67
3.738903 41.67
3.798904 41.67
3.858904 41.67
3.918905 41.67
3.972153 41.67
4.042531 41.67
4.106030 41.67
4.160906 41.67
4.224405 41.67
4.284532 41.67
4.339533 41.67
4.394533 41.67
4.449032 41.67
4.499657 41.67
4.563158 41.67
4.633535 41.67
4.679034 41.67
4.752911 41.67
4.806160 41.67
4.876537 41.67
4.922036 41.67
4.972662 41.67
5.036162 41.67
5.109913 41.67
5.163163 41.67
5.236915 41.67
5.290164 41.67
5.363916 41.67
5.417165 41.67
5.490917 41.67
5.544166 41.67
5.617918 41.67
5.671167 41.67
5.744921 41.67
5.808543 41.67
5.877169 41.67
5.950921 41.67
6.004170 41.67
6.077920 41.67
6.131171 41.67
6.204922 41.67
6.259922 41.67
6.314797 41.67
6.373173 41.67
6.446923 41.67
6.501799 41.67
6.561798 41.67
6.621799 41.67
6.681800 41.67
6.741800 41.67
6.795050 41.67
6.865428 41.67
6.928928 41.67
6.983427 41.67
7.052053 41.67
7.117430 41.67
7.172434 41.67
7.227431 41.67
7.272932 41.67
7.323555 41.67
7.387056 41.67
7.457434 41.67
7.502933 41.67
7.552310 41.67
7.615934 41.67
7.666558 41.67
7.730059 41.67
7.803809 41.67
7.857060 41.67
7.925810 41.67
7.979061 41.67
8.052811 41.67
8.106062 41.67
8.179812 41.67
8.233062 41.67
8.306812 41.67
8.360064 41.67
8.433813 41.67
8.487065 41.67
8.555815 41.67
8.609065 41.67
8.682815 41.67
8.736067 41.67
8.809817 41.67
8.863068 41.67
8.936818 41.67
8.990069 41.67
9.058820 41.67
9.113820 41.67
9.172336 41.67
9.223697 41.67
9.287339 41.67
9.356213 41.67
9.419823 41.67
9.488349 41.67
9.541824 41.67
9.600215 41.67
9.663824 41.67
9.722216 41.67
9.785833 41.67
9.836451 41.67
9.894951 41.67
9.985835 41.67
10.036453 41.67
10.094953 41.67
10.163704 41.67
10.222220 41.67
10.285836 41.67
10.336455 41.67
10.396456 41.67
10.468836 41.67
10.541457 41.67
10.605348 41.67
10.670837 41.67
10.729841 41.67
10.788837 41.67
10.852838 41.67
10.916839 41.67
10.989351 41.67
11.053353 41.67
11.117351 41.67
11.181353 41.67
11.253842 41.67
11.317848 41.67
11.392116 41.67
11.450843 41.67
11.523353 41.67
11.587354 41.67
11.651354 41.67
11.715467 41.67
11.784843 41.67
11.848844 41.67
11.912846 41.67
11.971844 41.67
12.035845 41.67
12.094720 41.67
12.148112 41.67
12.201846 41.67
12.260720 41.67
12.314113 41.67
12.372847 41.67
12.436998 41.67
12.495880 41.67
12.559883 41.67
12.618723 41.67
12.669365 41.67
12.733365 41.67
12.797364 41.67
12.852114 41.67
12.901726 41.67
12.952352 41.67
13.016365 41.67
13.072352 41.67
13.132353 41.67
13.192354 41.67
13.256370 41.67
13.320370 41.67
13.384371 41.67
13.448371 41.67
13.513355 41.67
13.577481 41.67
13.636372 41.67
13.700371 41.67
13.764371 41.67
13.838859 41.67
13.897733 41.67
13.963017 41.67
14.021735 41.67
14.087010 41.67
14.140736 41.67
14.214737 41.67
14.278881 41.67
14.339612 41.67
14.393253 41.67
14.453614 41.67
14.507130 41.67
14.572614 41.67
14.626132 41.67
14.691740 41.67
14.755615 41.67
14.816132 41.67
14.874741 41.67
14.945119 41.67
15.008743 41.67
15.079119 41.67
15.132744 41.67
15.203120 41.67
15.261744 41.67
15.332121 41.67
15.390746 41.67
15.461123 41.67
15.515747 41.67
15.589623 41.67
15.663624 41.67
15.713138 41.67
15.781749 41.67
15.855499 41.67
15.906389 41.67
15.965027 41.67
16.023626 41.67
16.092627 41.67
16.148502 41.67
16.199393 41.67
16.258002 41.67
16.316629 41.67
16.376392 41.67
16.435004 41.67
16.493754 41.67
16.557755 41.67
16.621631 41.67
16.681397 41.67
16.740007 41.67
16.798631 41.67
16.872508 41.67
16.946508 41.67
17.020509 41.67
17.085885 41.67
17.144635 41.67
17.209886 41.67
17.268636 41.67
17.342511 41.67
17.416512 41.67
17.490513 41.67
17.555889 41.67
17.614639 41.67
17.679764 41.67
17.753515 41.67
17.827515 41.67
17.901516 41.67
17.975641 41.67
18.041019 41.67
18.090517 41.67
18.159392 41.67
18.217921 41.67
18.276644 41.67
18.350519 41.67
18.424520 41.67
18.490022 41.67
18.559037 41.67
18.627898 41.67
18.673522 41.67
18.742647 41.67
18.816523 41.67
18.890649 41.67
18.954524 41.67
19.023525 41.67
19.087525 41.67
19.156651 41.67
19.225652 41.67
19.289527 41.67
19.353528 41.67
19.422653 41.67
19.496654 41.67
19.565529 41.67
19.634654 41.67
19.698530 41.67
19.762530 41.67
19.836656 41.67
19.905533 41.67
19.969532 41.67
20.038533 41.67
20.107533 41.67
20.171534 41.67
20.240785 41.67
20.304535 41.67
20.378536 41.67
20.447661 41.67
20.516662 41.67
20.580662 41.67
20.649538 41.67
20.713538 41.67
20.782664 41.67
20.841414 41.67
20.910540 41.67
20.974540 41.67
21.034920 41.67
21.096920 41.67
21.155542 41.67
21.210542 41.67
21.270922 41.67
21.329543 41.67
21.393419 41.67
21.458923 41.67
21.533545 41.67
21.588546 41.67
21.652546 41.67
21.716546 41.67
21.780546 41.67
21.844423 41.67
21.913673 41.67
21.972549 41.67
22.041674 41.67
22.100425 41.67
22.164425 41.67
22.228550 41.67
22.297927 41.67
22.367078 41.67
22.425677 41.67
22.489445 41.67
22.558553 41.67
22.622554 41.67
22.686555 41.67
22.750430 41.67
22.816447 41.67
22.885445 41.67
22.949432 41.67
23.013432 41.67
23.082446 41.67
23.151448 41.67
23.215434 41.67
23.284448 41.67
23.353450 41.67
23.422451 41.67
23.491560 41.67
23.555451 41.11
23.619562 41.67
23.678437 41.67
23.742454 41.67
23.801438 41.67
23.865452 41.67
23.929455 41.11
23.993457 41.67
24.057456 41.67
24.116441 41.11
24.180458 41.11
24.244459 41.67
24.308456 41.67
24.372443 41.67
24.436459 41.11
24.500335 41.11
24.569460 41.67
24.638460 41.67
24.715820 41.11
24.774571 41.11
24.838338 41.67
24.907336 41.11
24.976339 41.11
25.043339 41.11
25.112339 41.11
25.181341 41.11
25.250339 41.11
25.322700 41.11
25.386467 41.11
25.455467 41.11
25.524342 41.11
25.593343 41.11
25.680836 41.11
25.754703 41.11
25.820345 41.11
25.889219 41.11
25.947837 41.11
26.008105 41.11
26.068722 41.11
26.119582 41.11
26.183582 41.11
26.242348 41.11
26.311583 41.11
26.375350 41.11
26.447709 41.11
26.493710 41.11
26.554111 41.11
26.626351 41.11
26.695354 41.11
26.759353 41.11
26.828351 41.11
26.892354 41.11
26.966354 41.11
27.030356 41.11
27.094357 41.11
27.158356 41.11
27.222357 41.11
27.281357 41.11
27.345357 41.11
27.409358 41.11
27.473358 41.11
27.537468 41.11
27.604719 41.11
27.663720 41.11
27.722345 41.11
27.791345 41.11
27.860345 41.11
27.929362 41.11
27.988363 41.11
28.052473 41.11
28.111362 41.11
28.170365 41.11
28.234475 41.11
28.293365 41.11
28.352366 41.11
28.416475 41.11
28.480476 41.11
28.534368 41.11
28.598368 41.11
28.662369 41.11
28.726368 41.11
28.800119 41.11
28.858729 41.11
28.917729 41.11
28.981730 41.11
29.045731 41.11
29.109731 41.11
29.173731 41.11
29.232732 41.11
29.291483 41.11
29.345121 41.11
29.395734 41.11
29.459359 41.11
29.524616 41.11
29.570126 41.11
29.620735 41.11
29.684361 41.11
29.749618 41.11
29.795127 41.11
29.845737 41.11
29.909362 41.11
29.974620 41.11
30.020127 41.11
30.070739 41.11
30.139614 41.11
30.213491 41.11
30.267255 41.11
30.331131 41.11
30.405257 41.11
30.469256 41.11
30.538258 41.11
30.602259 41.11
30.666257 41.11
30.730134 41.11
30.799260 41.11
30.863137 41.11
30.937262 41.11
31.001262 41.11
31.065262 41.11
31.129264 41.11
31.193261 41.11
31.263263 41.11
31.327264 41.11
31.391267 41.11
31.455265 41.11
31.524139 41.11
31.589376 41.11
31.653001 41.11
31.707752 41.11
31.772895 41.11
31.826502 41.11
31.876504 41.11
31.926628 41.11
31.996895 41.11
32.050629 41.11
32.114271 41.11
32.179523 41.11
32.225273 41.11
32.290521 41.11
32.349382 41.11
32.409524 41.11
32.455272 41.11
32.520524 41.11
32.566147 41.11
32.631510 41.11
32.677148 41.11
32.751010 41.11
32.815011 41.11
32.865637 41.11
32.929262 41.11
32.997914 41.11
33.061512 41.11
33.130279 41.11
33.198889 41.11
33.262890 41.11
33.331890 41.11
33.401015 41.11
33.474892 41.11
33.549034 41.11
33.617892 41.11
33.691893 41.11
33.761034 41.11
33.830033 41.11
33.903895 41.11
33.977898 41.11
34.046897 41.11
34.115897 41.11
34.179897 41.11
34.234898 41.11
34.299036 41.11
34.367899 41.11
34.432049 41.11
34.496037 41.11
34.560039 41.11
34.623901 41.11
34.687902 41.11
34.751903 41.11
34.815904 41.11
34.879919 41.11
34.938929 41.11
35.002933 41.11
35.066930 41.11
35.130932 41.11
35.194932 41.11
35.258935 41.11
35.322932 41.11
35.386932 41.11
35.450924 41.11
35.514922 41.11
35.579050 41.11
35.633926 41.11
35.697926 41.11
35.761925 41.11
35.825929 41.11
35.890059 41.11
35.953929 41.11
36.017927 41.11
36.081929 41.11
36.145928 41.11
36.215428 41.11
36.279539 41.11
36.343414 41.11
36.407431 41.11
36.471432 41.11
36.535433 41.11
36.599415 41.11
36.663417 41.11
36.727542 41.11
36.791418 41.11
36.855432 41.11
36.919435 41.11
36.983419 41.11
37.047420 41.11
37.111420 41.11
37.175546 41.11
37.234421 41.11
37.298437 41.11
37.362438 41.11
37.436924 41.11
37.500924 41.11
37.564925 41.11
37.623799 41.11
37.682440 41.11
37.746439 41.11
37.801426 41.11
37.865442 41.11
37.921427 41.11
37.985441 41.11
38.054928 41.11
38.109803 41.11
38.160428 41.11
38.219195 41.11
38.277945 41.11
38.332806 41.11
38.383430 41.11
38.447444 41.11
38.521933 41.11
38.576808 41.11
38.627433 41.11
38.701934 41.11
38.756809 41.11
38.815809 41.11
38.879961 41.11
38.943964 41.11
39.008085 41.11
39.071685 41.11
39.124936 41.11
39.198687 41.11
39.251937 41.11
39.325687 41.11
39.378938 41.11
39.452689 41.11
39.505940 41.11
39.579690 41.11
39.632940 41.11
39.706690 41.11
39.759942 41.11
39.833691 41.11
39.886943 41.11
39.960692 41.11
40.013944 41.11
40.087694 41.11
40.146209 41.11
40.215084 41.11
40.273695 41.11
40.332210 41.11
40.401087 41.11
40.459697 41.11
40.528698 41.11
40.597698 41.11
40.656089 41.11
40.714699 41.11
40.769341 41.11
40.851700 41.11
40.901102 41.11
40.959701 41.11
41.014341 41.11
41.096702 41.11
41.147344 41.11
41.224704 41.11
41.275345 41.11
41.339106 41.11
41.397705 41.11
41.448456 41.11
41.507106 41.11
41.556835 41.11
41.647835 41.11
41.716457 41.11
41.790837 41.11
41.854837 41.11
41.909838 41.11
41.973710 41.11
42.024460 41.11
42.089989 41.11
42.148842 41.11
42.212711 41.11
42.276841 41.11
42.342587 41.11
42.407988 41.11
42.466848 41.11
42.525589 41.11
42.589355 41.11
42.644589 41.11
42.710243 41.11
42.775466 41.11
42.849848 41.11
42.908717 41.11
42.982592 41.11
43.051593 41.11
43.105110 41.11
43.155235 41.11
43.218719 41.11
43.277720 41.11
43.336720 41.11
43.395721 41.11
43.454721 41.11
43.513721 41.11
43.572723 41.11
43.627723 41.11
43.682723 41.11
43.737723 41.11
43.792724 41.11
43.866475 41.11
43.930725 41.11
43.999600 41.11
44.068601 41.11
44.133476 41.11
44.184368 41.11
44.235369 41.11
44.286369 41.11
44.337370 41.11
44.392368 41.11
44.452367 41.11
44.507371 41.11
44.562370 41.11
44.621007 41.11
44.679606 41.11
44.745008 41.11
44.801233 41.11
44.864733 41.11
44.938485 41.11
44.991735 41.11
45.065485 41.11
45.118735 41.11
45.192486 41.11
45.247487 41.11
45.300738 41.11
45.374487 41.11
45.429488 41.11
45.484488 41.11
45.537739 41.11
45.611489 41.11
45.666490 41.11
45.721365 41.11
45.781366 41.11
45.841366 41.11
45.901367 41.11
45.961367 41.11
46.024870 41.11
46.093494 41.11
46.148369 41.11
46.201619 41.11
46.271998 41.11
46.326999 41.11
46.381496 41.11
46.430873 41.11
46.490998 41.11
46.546000 41.11
46.601001 41.11
46.646499 41.11
46.697124 41.11
46.760623 41.11
46.834374 41.11
46.887626 41.11
46.961376 41.11
47.014627 41.11
47.085005 41.11
47.130502 41.11
47.181128 41.11
47.244628 41.11
47.318380 41.11
47.371628 41.11
47.445380 41.11
47.498630 41.11
47.572380 41.11
47.625631 41.11
47.699382 41.11
47.752632 41.11
47.826382 41.11
47.879634 41.11
47.953382 41.11
48.006632 41.11
48.080383 41.11
48.133633 41.67
48.207648 41.67
48.262174 41.67
48.321515 41.67
48.380513 41.67
48.444638 41.67
48.513642 41.67
48.578015 41.67
48.636920 41.67
48.706014 41.67
48.769920 41.67
48.834649 41.67
48.894286 41.67
48.959643 41.67
49.018517 41.67
49.083641 41.67
49.148900 41.67
49.203897 41.67
49.258395 41.67
49.309018 41.67
49.372518 41.67
49.442902 41.67
49.497398 41.67
49.548022 41.67
49.611521 41.67
49.681911 41.67
49.727403 41.67
49.778027 41.67
49.841524 42.22
49.911899 42.22
49.957398 42.22
50.008027 42.22
50.071525 42.22
50.145275 42.22
50.198524 42.22
50.272289 42.22
50.325532 42.22
50.399280 42.22
50.452528 42.22
50.526278 42.22
50.579532 42.22
50.653281 42.22
50.706529 42.22
50.780280 42.22
50.833530 42.22
50.907283 42.22
50.960532 42.22
51.034282 42.22
51.087532 42.22
51.161287 42.22
51.216285 42.22
51.271285 42.22
51.324534 42.22
51.398285 42.22
51.453165 42.22
51.513163 42.78
51.573162 42.78
51.633162 42.78
51.693162 42.78
51.753167 42.78
51.806415 42.78
51.871539 42.78
51.936790 42.78
51.991790 42.78
52.046300 42.78
52.096921 42.78
52.160418 42.78
52.230793 42.78
52.276292 42.78
52.326923 42.78
52.391796 42.78
52.456674 42.78
52.511095 42.78
52.581431 42.78
52.651683 42.78
52.716121 42.78
52.781072 42.78
52.846102 42.78
52.911105 42.78
52.976221 42.78
53.042939 42.78
53.108077 42.78
53.173252 42.78
53.248178 43.33
53.307085 42.78
53.371319 42.78
53.446305 42.78
53.501426 43.33
53.567178 43.33
53.625933 43.33
53.689678 43.33
53.749803 43.33
53.808429 43.33
53.867431 43.33
53.926307 43.33
53.995200 43.33
54.064182 43.33
54.119207 43.33
54.174057 43.33
54.229074 43.33
54.287950 43.33
54.343106 43.33
54.409715 43.33
54.463343 43.33
54.529324 43.33
54.598456 43.33
54.656963 43.33
54.710948 43.33
54.764440 43.33
54.824719 43.33
54.878439 43.33
54.928334 43.33
54.988699 43.33
55.034456 43.33
55.093466 43.33
55.157690 43.33
55.232198 43.33
55.282816 43.33
55.346316 43.33
55.416719 43.33
55.462193 43.33
55.512817 43.33
55.576573 43.33
55.640069 43.33
55.698694 43.33
55.767320 43.33
55.841321 43.33
55.915072 43.33
55.968340 43.33
56.042073 43.33
56.095448 43.33
56.159073 43.33
56.212323 43.33
56.281199 43.33
56.355091 43.33
56.408325 43.33
56.482077 43.33
56.535327 43.33
56.604372 43.33
56.663078 43.33
56.721703 43.33
56.785327 43.33
56.854204 43.33
56.918455 43.33
56.982083 43.33
57.036956 43.33
57.095581 43.33
57.141706 43.33
57.200347 43.33
57.264223 43.33
57.329360 43.33
57.379349 43.33
57.438145 43.33
57.503592 43.33
57.557087 43.33
57.607710 43.33
57.666350 43.33
57.720112 43.33
57.770712 43.33
57.839591 43.33
57.913587 43.33
57.977726 43.33
58.056964 43.33
58.110464 43.33
58.164119 43.33
58.234593 43.33
58.289118 43.33
58.363110 43.33
58.433620 43.33
58.497236 42.78
58.570997 42.78
58.629468 42.78
58.693105 42.78
58.757223 42.78
58.825970 42.78
58.879471 42.78
58.938120 42.78
59.001721 42.78
59.060392 42.78
59.114599 42.78
59.178723 42.78
59.237599 42.78
59.306349 42.78
59.370116 42.78
59.444129 42.78
59.508606 42.78
59.567603 42.78
59.636602 42.78
59.705352 42.78
59.773994 42.78
59.848256 42.78
59.902358 42.78
59.955998 42.78
60.020120 42.78
60.080371 42.78
60.139248 42.78
60.208274 42.78
60.262737 42.78
60.322034 42.78
60.386014 42.78
60.460011 42.78
60.512512 42.78
60.558252 42.78
60.612742 42.78
60.672256 42.78
60.726006 42.78
60.795004 42.78
60.865515 42.78
60.911252 42.78
60.975264 42.78
61.029116 42.78
61.102865 42.78
61.156113 42.78
61.229865 42.78
61.283114 42.78
61.356871 42.78
61.410118 42.78
61.483871 42.78
61.537119 42.78
61.610873 42.78
61.664258 42.78
61.718261 42.78
61.786886 42.78
61.845387 42.78
61.907262 42.78
61.975900 42.78
62.040257 42.78
62.099625 42.78
62.173998 42.78
62.247901 42.78
62.321904 42.78
62.396294 42.78
62.455629 42.78
62.511529 42.78
62.576905 42.78
62.650906 42.78
62.719877 42.78
62.773377 42.78
62.823376 42.78
62.874753 42.78
62.928378 42.78
62.978378 42.78
63.028379 42.78
63.087004 42.78
63.152381 42.78
63.211006 42.78
63.271412 42.78
63.317006 42.78
63.380910 42.78
63.430383 42.78
63.500076 42.78
63.566054 42.78
63.625136 42.78
63.683915 42.78
63.747914 42.78
63.816913 42.78
63.875887 42.78
63.926510 42.78
63.990277 42.78
64.053913 42.78
64.122762 42.78
64.178763 42.78
64.248393 42.78
64.312390 42.78
64.376406 42.78
64.440390 42.78
64.504284 42.78
64.562919 42.78
64.627650 42.78
64.692521 42.78
64.756519 42.78
64.830895 42.78
64.904895 42.78
64.969177 42.78
65.027934 42.78
65.091931 42.78
65.150926 42.78
65.219772 42.22
65.283772 42.78
65.337527 42.22
65.402648 42.78
65.462647 42.22
65.521023 42.22
65.594773 42.22
65.649650 42.22
65.710318 42.22
65.764403 42.78
65.823319 42.22
65.887402 42.78
65.956933 42.22
66.015778 42.22
66.075046 42.22
66.133905 42.22
66.192779 42.22
66.256933 42.78
66.311780 42.22
66.370781 42.78
66.431288 42.22
66.476783 42.22
66.527407 42.22
66.590907 42.22
66.664657 42.22
66.717909 42.22
66.792037 42.22
66.860662 42.22
66.913915 42.22
66.987664 42.22
67.040915 42.22
67.114665 42.22
67.178914 42.22
67.242788 42.22
67.301944 42.22
67.365944 42.22
67.420789 42.22
67.484944 42.22
67.555193 42.22
67.610921 42.22
67.669949 42.22
67.733792 42.22
67.797792 42.22
67.856793 42.22
67.916422 42.22
67.970313 42.22
68.044794 42.22
68.103795 42.22
68.162795 42.22
68.221796 42.22
68.285796 42.22
68.344796 42.22
68.408797 42.22
68.467797 42.22
68.526798 42.22
68.591076 42.22
68.641200 42.22
68.720802 42.22
68.779676 42.22
68.843800 42.22
68.907801 42.22
68.966938 42.22
69.016956 42.22
69.085809 42.22
69.149803 42.22
69.208803 42.22
69.263679 42.22
69.314429 42.22
69.369940 42.22
69.419970 42.22
69.469807 42.22
69.524932 42.22
69.583681 42.22
69.634431 42.22
69.690556 42.22
69.749811 42.22
69.808810 42.22
69.872809 42.22
69.927965 42.22
69.977685 42.22
70.041810 42.22
70.100949 42.22
70.155443 42.22
70.224814 42.22
70.283811 42.22
70.347812 42.22
70.406813 42.22
70.470692 42.22
70.544815 42.22
70.608815 42.22
70.672565 42.22
70.737972 42.22
70.796566 42.22
70.857698 42.22
70.921691 42.22
70.986969 42.22
71.055567 42.22
71.124319 42.22
71.179444 42.22
71.248820 42.22
71.312570 42.22
71.381696 42.22
71.442099 42.22
71.500697 42.22
71.564861 42.22
71.620223 42.22
71.678951 42.22
71.737575 42.22
71.786950 42.22
71.850700 42.22
71.919574 42.22
71.968950 42.22
72.024101 42.22
72.073701 42.22
72.147576 42.22
72.212578 42.22
72.263204 42.22
72.321706 42.22
72.395457 42.22
72.448707 42.22
72.522459 42.22
72.575708 42.22
72.649849 42.22
72.708707 42.22
72.772707 42.22
72.842351 42.22
72.895708 42.22
72.964458 42.22
73.018342 42.22
73.092713 42.22
73.162353 42.22
73.221113 42.22
73.291461 42.22
73.365725 42.22
73.420240 42.22
73.484466 42.22
73.558714 42.22
73.632714 42.22
73.701589 42.22
73.760719 42.22
73.824467 42.22
73.893591 42.22
73.967592 42.22
74.036358 42.22
74.100039 42.22
74.166425 42.22
74.221593 42.22
74.295594 42.22
74.360971 42.22
74.415998 42.22
74.461470 42.22
74.526975 42.22
74.582017 42.22
74.651475 42.22
74.712002 42.22
74.770598 42.22
74.844349 42.22
74.908599 42.22
74.968234 42.22
75.033251 42.22
75.097610 42.22
75.157109 42.22
75.227249 42.22
75.286913 42.22
75.357478 42.22
75.426478 42.22
75.500479 42.22
75.574480 42.22
75.648356 42.22
75.712606 42.22
75.777259 42.22
75.841485 42.22
75.905610 42.22
75.970002 42.22
76.044611 42.22
76.113889 42.22
76.184485 42.22
76.258485 42.22
76.327736 42.22
76.391521 42.22
76.455624 42.22
76.519364 42.22
76.584737 42.22
76.648488 42.22
76.717489 42.22
76.786415 42.22
76.855490 42.22
76.924490 42.22
76.993868 42.22
77.068020 42.22
77.126742 42.22
77.186742 42.22
77.232492 42.22
77.296496 42.22
77.365494 42.22
77.424750 42.22
77.485630 42.22
77.540879 42.22
77.596125 42.22
77.654881 42.22
77.718496 42.22
77.792496 42.22
77.856498 42.22
77.920499 42.22
77.989759 42.22
78.048764 42.22
78.118503 42.22
78.184952 42.22
78.243501 42.22
78.307376 42.22
78.376506 42.22
78.435629 42.22
78.499908 42.22
78.565758 42.22
78.629929 42.22
78.701389 42.22
78.765509 42.22
78.835009 42.22
78.894165 42.22
78.958384 42.22
79.027420 42.22
79.091508 42.22
79.160508 42.22
79.234509 42.22
79.298510 42.22
79.367510 42.22
79.433388 42.22
79.503138 42.22
79.561764 42.22
79.627519 42.22
79.686513 42.22
79.747271 42.22
79.811521 42.22
79.872522 42.22
79.933789 42.22
80.003392 42.22
80.058391 42.22
80.127517 42.22
80.186392 42.22
80.250646 42.22
80.309411 42.22
80.373413 42.22
80.437771 42.22
80.507394 42.22
80.566524 42.22
80.625395 42.22
