0.000000 0.000000
0.041693 3.01
0.107138 2.66
0.168126 2.66
0.221999 2.66
0.280997 2.66
0.339997 2.66
0.404122 2.66
0.463123 2.66
0.517014 2.66
0.581123 2.66
0.640123 2.66
0.699390 2.66
0.769669 2.66
0.829561 2.66
0.880502 2.66
0.931126 4.34
0.994626 4.34
1.063251 4.34
1.121626 4.34
1.190252 4.34
1.248628 4.34
1.317253 4.34
1.375630 4.34
1.444254 4.34
1.502630 4.34
1.571255 4.34
1.634881 4.34
1.693256 4.34
1.751631 4.34
1.815383 4.34
1.874384 4.34
1.933384 4.34
1.992384 4.34
2.051535 4.34
2.110385 4.34
2.169385 4.34
2.228536 4.34
2.287386 4.34
2.346387 4.34
2.405388 4.34
2.464528 4.34
2.523389 4.34
2.587389 4.34
2.651390 4.34
2.715390 4.34
2.774391 4.34
2.838141 4.34
2.885392 4.34
2.936017 4.34
2.999893 4.34
3.063909 4.34
3.127907 4.34
3.191910 4.34
3.255521 4.34
3.314145 4.34
3.370785 4.34
3.424396 4.34
3.475021 4.34
3.538910 4.34
3.607913 4.34
3.676911 4.34
3.745914 4.34
3.814912 4.34
3.878526 4.34
3.937275 4.34
4.006150 4.34
4.064916 4.34
4.128917 4.34
4.192792 4.34
4.246403 4.34
4.305277 4.34
4.374029 4.34
4.432920 4.34
4.501558 4.34
4.555155 4.34
4.629155 4.34
4.687922 4.34
4.751922 4.34
4.815924 4.34
4.879923 4.34
4.943923 4.34
5.012925 4.34
5.076925 4.34
5.142188 4.34
5.191925 4.34
5.260801 4.34
5.312052 4.34
5.363411 4.34
5.427162 4.34
5.486927 4.34
5.545412 4.34
5.614038 4.34
5.669039 4.34
5.724039 4.34
5.771289 4.34
5.840041 4.34
5.895165 4.34
5.950932 4.34
6.014416 4.34
6.083043 4.34
6.130293 4.34
6.180934 4.34
6.239427 4.34
6.308044 4.34
6.355295 4.34
6.405934 4.34
6.469427 4.34
6.538296 4.34
6.588937 4.34
6.652429 4.34
6.716048 4.34
6.774429 4.34
6.838173 4.34
6.893940 4.34
6.957700 4.34
7.011049 4.34
7.069701 4.34
7.123300 4.34
7.192176 4.34
7.266301 4.34
7.335052 4.34
7.393703 4.34
7.447302 4.34
7.516053 4.34
7.602068 4.34
7.666055 4.34
7.724706 4.34
7.785055 4.34
7.843706 4.34
7.909057 4.34
7.967708 4.34
8.017709 4.34
8.067700 4.34
8.128064 4.34
8.187060 4.34
8.245712 4.34
8.295712 4.34
8.345711 4.34
8.395711 4.34
8.445711 4.34
8.514311 4.34
8.577954 4.34
8.635069 4.34
8.685955 4.34
8.733313 4.34
8.796954 4.34
8.866064 4.34
8.920705 4.34
8.989591 4.34
9.047957 4.34
9.095316 4.34
9.158957 4.34
9.214958 4.34
9.288943 4.34
9.357943 4.34
9.413959 4.34
9.487945 4.34
9.562069 4.34
9.635945 4.34
9.691961 4.68
9.765947 4.34
9.834947 4.34
9.903947 4.68
9.977948 4.34
10.047074 4.34
10.120949 4.34
10.195075 4.34
10.263950 4.34
10.338076 4.34
10.406952 4.34
10.471077 4.34
10.539953 4.34
10.608953 4.34
10.677954 4.34
10.751954 4.34
10.816080 4.34
10.879955 4.34
10.943969 4.34
11.007957 4.34
11.071958 4.34
11.136083 4.34
11.194958 4.34
11.258958 4.34
11.323084 4.34
11.382085 4.34
11.445976 4.34
11.515085 4.34
11.574086 4.34
11.637962 4.34
11.702087 4.34
11.762088 4.34
11.821213 4.34
11.879964 4.34
11.943964 4.34
12.008089 4.68
12.067091 4.34
12.130965 4.68
12.194981 4.68
12.258967 4.34
12.322983 4.34
12.386968 4.34
12.450983 4.34
12.514982 4.34
12.578969 4.34
12.642984 4.34
12.706984 4.68
12.770986 4.34
12.834972 4.34
12.898988 4.34
12.962973 4.34
13.026988 4.34
13.090990 4.34
13.154987 4.34
13.218989 4.34
13.282975 4.34
13.346991 4.34
13.410976 4.34
13.474977 4.34
13.533977 4.34
13.597977 4.34
13.661994 4.34
13.736479 4.34
13.800482 4.34
13.859480 4.68
13.923480 4.68
13.987481 4.34
14.051482 4.34
14.115484 4.34
14.174482 4.34
14.238483 4.34
14.302484 4.34
14.371999 4.34
14.435997 4.34
14.499985 4.34
14.549360 4.34
14.598986 4.34
14.662987 4.34
14.713611 4.34
14.773625 4.34
14.832513 4.34
14.888629 4.34
14.943629 4.34
14.998629 4.34
15.053629 4.68
15.112514 4.68
15.172630 4.34
15.236880 4.34
15.301007 4.68
15.360992 4.34
15.420006 4.68
15.484007 4.34
15.543008 4.34
15.606993 4.68
15.666010 4.34
15.725011 4.68
15.788995 4.34
15.848011 4.34
15.917371 4.34
15.976371 4.68
16.035371 4.34
16.095764 4.34
16.164762 4.34
16.233765 4.34
16.292373 4.34
16.357640 4.34
16.411375 4.68
16.471765 4.68
16.540766 4.34
16.599376 4.34
16.649377 4.34
16.714769 4.34
16.768378 4.34
16.832378 4.34
16.901253 4.34
16.954770 4.34
17.009380 4.34
17.078255 4.68
17.131771 4.68
17.200770 4.68
17.274772 4.34
17.329382 4.68
17.398257 4.34
17.451775 4.34
17.507509 4.34
17.566384 4.34
17.635259 4.34
17.688773 4.34
17.744511 4.34
17.803261 4.34
17.856776 4.34
17.921512 4.34
17.980262 4.34
18.033776 4.34
18.089514 4.34
18.148264 4.34
18.201780 4.68
18.270781 4.34
18.339390 4.68
18.408266 4.68
18.461782 4.34
18.532141 4.68
18.585783 4.34
18.656143 4.34
18.709782 4.34
18.780144 4.34
18.839020 4.34
18.892660 4.34
18.963145 4.34
19.023798 4.34
19.082663 4.34
19.146660 4.34
19.215524 4.34
19.269272 4.34
19.324273 4.34
19.374273 4.34
19.429273 4.34
19.484399 4.34
19.543025 4.34
19.601667 4.34
19.670527 4.34
19.722026 4.34
19.780665 4.34
19.844666 4.34
19.918529 4.68
19.979028 4.34
20.037668 4.68
20.111545 4.68
20.163045 4.34
20.226795 4.34
20.285672 4.34
20.349672 4.34
20.413673 4.34
20.487550 4.34
20.556674 4.34
20.620672 4.34
20.689674 4.34
20.763537 4.34
20.833035 4.34
20.886675 4.34
20.950678 4.34
21.014676 4.34
21.083676 4.34
21.157678 4.34
21.231538 4.34
21.305539 4.34
21.379540 4.34
21.453540 4.34
21.527541 4.34
21.601541 4.34
21.672042 4.34
21.735542 4.34
21.809692 4.34
21.878692 4.34
21.947808 4.34
22.016545 4.34
22.090694 4.34
22.159428 4.34
22.217796 4.34
22.281429 4.34
22.336430 4.34
22.394811 4.34
22.463549 4.34
22.532427 4.34
22.592940 4.34
22.656428 4.34
22.721941 4.34
22.785577 4.34
22.849431 4.34
22.915432 4.34
22.975943 4.34
23.039433 4.34
23.099944 4.34
23.158433 4.34
23.227435 4.34
23.291442 4.34
23.365581 4.34
23.434582 4.34
23.503435 4.34
23.572442 4.34
23.641442 4.34
23.715583 4.34
23.779442 4.34
23.853442 4.34
23.922441 4.34
23.991440 4.34
24.060440 4.34
24.129828 4.34
24.188588 4.34
24.262463 4.34
24.336590 4.34
24.395464 4.34
24.464589 4.34
24.533591 4.34
24.597591 4.68
24.666591 4.34
24.735458 4.34
24.809462 4.34
24.878461 4.34
24.952464 4.34
25.021461 4.34
25.095595 4.34
25.164596 4.34
25.238446 4.34
25.302321 4.34
25.362713 4.34
25.426448 4.34
25.490448 4.34
25.554323 4.34
25.614714 4.34
25.673324 4.34
25.739074 4.34
25.808074 4.34
25.871951 4.34
25.925326 4.34
25.985717 4.68
26.049453 4.34
26.113328 4.34
26.182329 4.34
26.251328 4.34
26.320720 4.34
26.384455 4.34
26.453456 4.34
26.522457 4.34
26.586457 4.34
26.655607 4.34
26.719458 4.34
26.788485 4.34
26.858084 4.34
26.927084 4.34
26.996084 4.34
27.065086 4.34
27.128961 4.34
27.187852 4.34
27.246337 4.34
27.315489 4.34
27.384464 4.34
27.458338 4.68
27.532339 4.68
27.601339 4.34
27.670340 4.34
27.741365 4.34
27.805341 4.34
27.874491 4.34
27.943619 4.34
28.013092 4.34
28.076985 4.34
28.141093 4.34
28.194984 4.34
28.258986 4.34
28.322986 4.34
28.386986 4.34
28.447362 4.34
28.498096 4.34
28.551985 4.34
28.615986 4.34
28.679989 4.34
28.743989 4.34
28.808099 4.34
28.866989 4.34
28.930988 4.34
28.994991 4.34
29.058992 4.34
29.122992 4.34
29.181992 4.34
29.245993 4.34
29.309994 4.34
29.373993 4.34
29.437995 4.34
29.496993 4.34
29.560996 4.34
29.624995 4.68
29.688995 4.68
29.752998 4.68
29.811999 4.34
29.875999 4.34
29.939998 4.34
30.004000 4.34
30.068001 4.34
30.127001 4.34
30.190999 4.34
30.255002 4.34
30.319002 4.34
30.383003 4.34
30.442003 4.34
30.506002 4.34
30.570003 4.34
30.634004 4.34
30.698005 4.34
30.757004 4.34
30.821007 4.34
30.879756 4.34
30.933493 4.68
30.992116 4.34
31.039494 4.34
31.098117 4.34
31.145368 4.34
31.209243 4.34
31.278119 4.34
31.325369 4.34
31.375995 4.34
31.434496 4.34
31.493120 4.34
31.551762 4.34
31.605498 4.34
31.664122 4.34
31.723997 4.34
31.782499 4.68
31.841123 4.34
31.897500 4.34
31.956124 4.34
32.014765 4.68
32.068375 4.34
32.128000 4.34
32.186502 4.34
32.245251 4.34
32.314127 4.34
32.372769 4.34
32.422378 4.34
32.491129 4.34
32.554754 4.34
32.608255 4.34
32.677004 4.34
32.735522 4.34
32.794256 4.34
32.858131 4.34
32.916770 4.34
32.972277 4.34
33.025773 4.34
33.091265 4.34
33.144776 4.34
33.206658 4.34
33.265135 4.34
33.323775 4.34
33.373777 4.34
33.429136 4.34
33.487776 4.34
33.537778 4.34
33.587775 4.34
33.637776 4.34
33.687777 4.34
33.737780 4.34
33.793014 4.34
33.848389 4.34
33.912015 4.34
33.967390 4.34
34.031016 4.34
34.086392 4.34
34.155017 4.34
34.202392 4.34
34.271018 4.34
34.322393 4.34
34.391018 4.34
34.438394 4.34
34.502144 4.34
34.558035 4.34
34.614036 4.34
34.670037 4.34
34.726035 4.34
34.800023 4.34
34.869272 4.34
34.933273 4.34
34.997024 4.34
35.066274 4.34
35.125024 4.34
35.199025 4.34
35.273026 4.34
35.347026 4.34
35.421027 4.34
35.495027 4.34
35.559153 4.34
35.633278 4.34
35.692154 4.34
35.766029 4.34
35.835030 4.34
35.909031 4.34
35.978031 4.34
36.047032 4.34
36.121033 4.34
36.195033 4.34
36.259033 4.34
36.323033 4.34
36.387049 4.34
36.451035 4.34
36.515035 4.34
36.579036 4.34
36.642927 4.34
36.694162 4.34
36.757928 4.34
36.813038 4.34
36.887039 4.34
36.945689 4.34
37.014290 4.34
37.078165 4.34
37.128805 4.34
37.187291 4.34
37.250933 4.34
37.314543 4.34
37.372932 4.34
37.450043 4.34
37.524044 4.34
37.579809 4.34
37.643295 4.34
37.712045 4.34
37.785934 4.34
37.863047 4.34
37.936937 4.34
37.995297 4.34
38.063937 4.34
38.122298 4.34
38.185940 4.34
38.244299 4.34
38.307941 4.34
38.376942 4.34
38.445940 4.34
38.509942 4.34
38.573942 4.34
38.638052 4.34
38.715579 4.34
38.771070 4.34
38.839943 4.34
38.903946 4.34
38.976180 4.34
39.035056 4.34
39.098947 4.34
39.162945 4.34
39.235058 4.34
39.293950 4.34
39.357948 4.34
39.421947 4.34
39.485948 4.34
39.549825 4.34
39.604949 4.34
39.668949 4.34
39.732953 4.34
39.796953 4.34
39.860953 4.34
39.924952 4.34
39.988954 4.34
40.053065 4.34
40.113190 4.34
40.168190 4.34
40.226953 4.34
40.287191 4.34
40.345956 4.34
40.409956 4.34
40.473956 4.34
40.537957 4.34
40.601959 4.34
40.665957 4.34
40.729944 4.34
40.793962 4.34
40.857959 4.34
40.921960 4.68
40.985947 4.34
41.049962 4.34
41.113961 4.34
41.177964 4.34
41.241964 4.34
41.316450 4.34
41.380453 4.34
41.439451 4.34
41.503452 4.34
41.567453 4.34
41.636966 4.34
41.700967 4.34
41.764965 4.34
41.828969 4.34
41.892969 4.34
41.956845 4.34
42.020971 4.34
42.075955 4.34
42.129330 4.34
42.182970 4.34
42.246972 4.34
42.305978 4.34
42.369972 4.34
42.433958 4.34
42.484607 4.34
42.548460 4.34
42.612462 4.34
42.667609 4.34
42.726335 4.34
42.779977 4.34
42.830610 4.34
42.894463 4.34
42.950611 4.34
43.014478 4.34
43.078465 4.34
43.147464 4.34
43.211466 4.34
43.271616 4.34
43.335466 4.34
43.399467 4.34
43.463467 4.34
43.527468 4.34
43.587468 4.34
43.651469 4.34
43.715469 4.34
43.789735 4.34
43.853470 4.34
43.917470 4.34
43.981471 4.34
44.045472 4.34
44.116221 4.34
44.169737 4.34
44.240222 4.34
44.293736 4.34
44.352348 4.34
44.414224 4.34
44.467740 4.34
44.526350 4.34
44.591741 4.34
44.665601 4.34
44.724226 4.68
44.777741 4.34
44.836353 4.34
44.904978 4.34
44.973743 4.34
45.032354 4.34
45.100979 4.34
45.169605 4.34
45.225981 4.34
45.294605 4.34
45.354982 4.34
45.423607 4.34
45.478999 4.34
45.542999 4.34
45.611609 4.34
45.658998 4.34
45.727609 4.34
45.801610 4.34
45.849002 4.34
45.917611 4.34
45.973487 4.34
46.032362 4.34
46.101237 4.34
46.154753 4.34
46.223754 4.34
46.292755 4.68
46.366631 4.34
46.435365 4.34
46.504241 4.34
46.557755 4.34
46.631755 4.34
46.702117 4.34
46.755758 4.34
46.824757 4.34
46.895119 4.34
46.948761 4.34
47.012636 4.68
47.083120 4.34
47.136761 4.34
47.207121 4.34
47.260760 4.34
47.324638 4.34
47.388637 4.34
47.462500 4.34
47.521249 4.34
47.576249 4.34
47.631250 4.34
47.682375 4.34
47.751126 4.34
47.810015 4.34
47.863644 4.34
47.932653 4.34
48.006519 6.36
48.077128 6.36
48.126769 6.36
48.190645 6.36
48.264506 6.36
48.321006 6.68
48.374533 6.36
48.443660 6.68
48.512538 6.68
48.576657 6.68
48.635652 6.68
48.705026 7.02
48.758539 7.02
48.827537 7.02
48.891908 7.02
48.947028 7.02
49.005668 7.02
49.074666 7.02
49.143804 7.37
49.213911 7.37
49.283391 7.37
49.342264 7.37
49.402671 7.37
49.469151 7.37
49.535395 7.37
49.594268 7.37
49.654675 7.37
49.718670 7.69
49.783396 7.69
49.847674 7.69
49.906547 7.69
49.975673 7.69
50.036713 7.69
50.097572 8.03
50.172273 8.03
50.236272 8.03
50.300271 8.03
50.364668 8.03
50.419918 8.03
50.484273 8.35
50.553399 8.35
50.613665 8.35
50.672554 8.35
50.736400 8.35
50.796918 8.35
50.850553 8.70
50.914675 8.70
50.969922 8.70
51.023561 8.70
51.082555 8.70
51.146403 8.70
51.212409 8.70
51.276566 8.70
51.340685 9.04
51.399682 9.04
51.463685 9.04
51.523164 9.04
51.593286 9.04
51.652284 9.04
51.711033 9.04
51.769924 9.36
51.831038 9.36
51.889927 9.36
51.943565 9.36
52.007410 9.36
52.082041 9.36
52.135537 9.36
52.204412 9.71
52.268412 9.36
52.337413 9.71
52.412168 9.71
52.480804 9.71
52.539540 9.71
52.613415 10.03
52.677415 10.03
52.746747 10.03
52.800811 10.03
52.856304 10.03
52.913822 10.03
52.965681 10.03
53.030695 10.03
53.095180 10.03
53.155196 10.03
53.210718 10.03
53.266321 10.03
53.327680 10.03
53.382187 10.03
53.446698 10.03
53.501054 10.03
53.571179 10.03
53.636183 10.03
53.691557 10.03
53.752436 10.03
53.811709 10.03
53.866183 10.03
53.936185 10.03
54.001183 10.03
54.071193 10.03
54.135590 10.03
54.205314 10.03
54.275315 10.03
54.340185 10.03
54.395438 10.03
54.454851 10.03
54.515958 10.03
54.571085 10.03
54.636207 10.03
54.701195 10.03
54.760569 10.03
54.836197 10.03
54.895687 10.03
54.964313 10.03
55.033570 10.03
55.097700 10.03
55.162205 10.03
55.229443 10.03
55.293442 10.03
55.352442 10.03
55.416588 10.03
55.480598 10.03
55.544448 10.03
55.610467 10.03
55.674447 10.03
55.738596 10.03
55.810565 10.03
55.874445 10.03
55.943595 10.03
56.004322 10.03
56.068194 10.03
56.119943 10.03
56.169835 10.03
56.233319 10.03
56.292198 10.03
56.351069 10.03
56.406351 10.03
56.461196 10.03
56.512449 10.03
56.576200 10.03
56.627321 10.03
56.701200 10.03
56.748449 10.37
56.807198 10.37
56.854450 10.37
56.905074 10.37
56.968843 10.03
57.022325 10.37
57.078204 10.37
57.141951 10.37
57.205952 10.03
57.274952 10.03
57.344203 10.03
57.402595 10.03
57.466832 10.03
57.520330 10.03
57.589204 10.03
57.658330 10.03
57.727332 9.71
57.795960 9.04
57.865610 8.35
57.919216 8.03
57.989850 7.02
58.053960 6.68
58.117975 6.68
58.186977 6.68
58.250977 6.68
58.321340 6.68
58.380086 6.68
58.438965 6.68
58.516338 6.68
58.580338 6.68
58.644463 6.68
58.708493 6.68
58.767339 6.68
58.822217 6.68
58.882220 6.68
58.945718 6.68
59.009219 6.68
59.069222 6.68
59.122472 6.68
59.187592 6.68
59.241217 6.68
59.305217 6.68
59.365220 6.68
59.418496 6.68
59.487093 6.68
59.547981 6.68
59.607096 6.68
59.654346 6.68
59.723097 6.68
59.770347 6.68
59.820972 6.68
59.884477 6.68
59.953224 6.68
60.017102 6.68
60.086987 6.68
60.156101 6.68
60.225101 6.68
60.283744 6.68
60.357744 6.68
60.411353 6.68
60.470495 6.68
60.524228 6.68
60.598104 6.68
60.661744 6.68
60.715355 6.68
60.784105 6.68
60.842730 6.68
60.896106 6.68
60.959749 6.68
61.013357 6.68
61.078608 6.68
61.137108 6.68
61.203248 6.68
61.256753 6.68
61.318610 6.68
61.377110 6.68
61.437114 6.68
61.497487 6.68
61.556118 6.68
61.616119 6.68
61.676120 6.68
61.736117 6.68
61.796119 6.68
61.859617 6.68
61.913123 6.68
61.979123 6.68
62.032366 6.68
62.100990 6.68
62.152116 6.68
62.215616 6.68
62.273992 6.68
62.335244 6.68
62.398993 6.68
62.446244 6.68
62.497012 6.68
62.552887 6.68
62.616370 6.68
62.680001 6.68
62.754246 6.68
62.818246 6.68
62.886997 6.68
62.955998 6.68
63.029999 6.68
63.088624 6.68
63.142249 6.68
63.211000 6.68
63.269625 6.68
63.323250 6.68
63.387004 6.68
63.456253 6.68
63.525002 6.68
63.583628 6.68
63.637253 6.68
63.706004 6.68
63.776514 6.68
63.840009 6.68
63.898381 6.68
63.967009 6.68
64.027136 6.68
64.082137 6.68
64.141912 6.68
64.203137 6.68
64.277009 6.68
64.351009 6.68
64.409664 6.68
64.478522 6.68
64.542015 6.68
64.602016 6.68
64.665515 6.68
64.723891 6.68
64.782265 6.68
64.851659 6.68
64.915642 6.68
64.984266 6.68
65.049389 6.68
65.112891 6.68
65.164017 6.68
65.229770 6.68
65.288547 6.68
65.357545 6.68
65.411017 6.68
65.475143 6.68
65.535269 6.68
65.605401 6.68
65.660538 6.68
65.718911 6.68
65.774912 6.68
65.830787 6.68
65.894271 6.68
65.958147 6.68
66.017037 6.68
66.082148 6.68
66.146023 6.68
66.215024 6.68
66.283917 6.68
66.353025 6.68
66.417025 6.68
66.481151 6.68
66.544919 6.68
66.618920 6.68
66.679057 6.68
66.738153 6.68
66.797028 6.68
66.860904 6.68
66.929921 6.68
66.994032 6.68
67.067784 6.68
67.132911 6.68
67.192912 6.68
67.252911 6.68
67.312913 6.68
67.376534 6.68
67.427909 6.68
67.487910 6.68
67.547910 6.68
67.601159 6.68
67.666286 6.68
67.726983 6.68
67.791542 6.36
67.850707 6.36
67.914413 6.36
67.967912 6.36
68.023680 6.36
68.087414 6.36
68.137165 6.36
68.200807 6.36
68.259165 6.36
68.327790 6.36
68.375041 6.36
68.425684 6.36
68.489416 6.36
68.547791 6.36
68.606167 6.36
68.674793 6.36
68.733168 6.36
68.801794 6.36
68.860171 6.36
68.923936 6.36
68.979670 6.36
69.043170 6.36
69.111796 6.36
69.170171 6.36
69.233802 6.36
69.292176 6.36
69.360801 6.36
69.419177 6.36
69.487802 6.68
69.546177 6.36
69.599945 6.36
69.664052 6.36
69.723052 6.36
69.781927 6.36
69.845945 6.36
69.910064 6.36
69.975180 6.36
70.043807 6.36
70.103810 6.36
70.163809 6.36
70.223812 6.36
70.282613 6.36
70.342187 6.36
70.396060 6.36
70.454932 6.36
70.513309 6.36
70.571686 6.36
70.622811 6.36
70.683188 6.36
70.736936 6.36
70.786310 6.36
70.835953 6.36
70.886561 6.36
70.950446 6.36
71.006591 6.36
71.065601 6.36
71.124062 6.36
71.187957 6.36
71.251939 6.36
71.302593 6.36
71.361315 6.36
71.415072 6.36
71.473941 6.36
71.537958 6.36
71.606959 6.36
71.670960 6.36
71.734834 6.36
71.798944 6.36
71.862970 6.36
71.931945 6.36
71.990838 6.36
72.054962 6.36
72.118963 6.36
72.182947 6.36
72.251602 6.36
72.310323 6.36
72.374323 6.36
72.433323 6.36
72.497324 6.36
72.561324 6.36
72.625325 6.36
72.689326 6.36
72.753326 6.36
72.822843 6.36
72.886967 6.36
72.945844 6.36
73.000716 6.36
73.055713 6.36
73.108959 6.36
73.177583 6.36
73.232583 6.36
73.287583 6.36
73.342584 6.36
73.399583 6.36
73.464958 6.36
73.519978 6.36
73.574974 6.36
73.633849 6.36
73.692333 6.36
73.756216 6.36
73.814588 6.36
73.872964 6.36
73.941586 6.36
73.988840 6.36
74.039466 6.36
74.105223 6.36
74.169966 6.36
74.228964 6.36
74.292964 6.36
74.356853 6.36
74.407489 6.36
74.476617 6.36
74.545340 6.36
74.611217 6.36
74.669841 6.36
74.733609 6.36
74.799092 6.36
74.857973 6.36
74.916968 6.36
74.980608 6.36
75.051095 6.36
75.109500 6.36
75.173612 6.36
75.242596 6.36
75.316597 6.36
75.380738 6.36
75.445503 6.36
75.508105 6.36
75.566865 6.36
75.635873 6.68
75.690225 6.36
75.741627 6.68
75.805601 6.68
75.876101 6.68
75.934504 6.68
75.989994 6.68
76.048603 6.68
76.117603 6.36
76.181507 6.36
76.255483 6.36
76.326360 6.36
76.385523 6.36
76.454859 6.36
76.523874 6.36
76.587509 6.36
76.656607 6.36
76.725512 6.36
76.799608 6.36
76.874371 6.36
76.943889 6.36
77.013117 6.36
77.077869 6.36
77.131893 6.36
77.186239 6.36
77.261392 6.36
77.326242 6.36
77.390620 6.36
77.465368 6.36
77.529882 6.36
77.588615 6.36
77.662520 6.36
77.726631 6.36
77.800493 6.36
77.874522 6.36
77.948497 6.36
78.022494 6.36
78.086635 6.36
78.160619 6.36
78.234524 6.36
78.298636 6.36
78.372525 6.36
78.446527 6.36
78.520498 6.36
78.584247 6.36
78.652998 6.36
78.716526 6.36
78.785794 6.36
78.844375 6.36
78.909893 6.36
78.968532 6.36
79.038005 6.36
79.096559 6.36
79.160650 6.36
79.219752 6.36
79.288381 6.36
79.345379 6.36
79.405897 6.36
79.464385 6.36
79.533904 6.36
79.592546 6.36
79.652898 6.36
79.711384 6.36
79.768262 6.36
79.827155 6.36
79.890899 6.36
79.949384 6.36
80.013511 6.36
80.077386 6.36
80.151635 6.36
80.216011 6.36
80.274765 6.36
80.338387 6.36
80.402612 6.36
80.477388 6.36
80.546389 6.36
80.615389 6.36
80.690274 6.36
80.754021 6.36
80.814553 6.36
80.883549 6.36
80.952394 6.36
81.016392 6.36
81.085545 6.36
81.149397 6.36
81.218668 6.36
81.282820 6.36
81.334442 6.36
81.389430 6.36
81.444450 6.36
81.499436 6.36
81.558025 6.36
81.622023 6.36
81.678398 6.36
81.737398 6.36
81.801023 6.36
81.860024 6.36
81.925403 6.36
81.989403 6.36
82.048283 6.36
82.106651 6.36
82.165276 6.36
82.212553 6.36
82.263277 6.36
82.329028 6.36
82.392906 6.36
82.451404 6.36
82.515534 6.36
82.570558 6.36
82.621155 6.36
82.684906 6.36
82.743406 6.36
82.812035 6.36
82.870672 6.36
82.929412 6.36
82.998411 6.36
83.072415 6.36
83.136409 6.36
83.205414 6.36
83.274035 6.36
83.337911 6.36
83.396913 6.36
83.448677 6.36
83.512289 6.68
83.570682 6.36
83.629733 6.36
83.688289 6.36
83.746663 6.36
83.815292 6.36
83.875445 6.36
83.944292 6.36
84.004307 6.36
84.059323 6.68
84.123292 6.68
84.182917 6.36
84.234299 6.36
84.303429 6.36
84.358323 6.36
84.411812 6.36
84.465295 6.36
84.535724 6.36
84.594171 6.36
84.645622 6.36
84.699607 6.36
84.763300 6.36
84.817939 6.36
84.887064 6.36
84.950577 6.36
85.014174 6.36
85.070579 6.36
85.134175 6.36
85.181431 6.36
85.232053 6.36
85.301069 6.36
85.364942 6.36
85.439432 6.36
85.503948 6.68
85.56844