0.000000 0.000000
0.041816 0.05
0.093543 2.66
0.165130 2.66
0.225536 2.66
0.284376 2.66
0.343376 2.66
0.402376 2.66
0.461528 2.66
0.520377 2.66
0.579378 2.66
0.638378 2.66
0.697378 2.66
0.767764 2.66
0.827834 2.66
0.887784 2.66
0.947684 4.34
1.002027 4.34
1.071760 4.34
1.125384 4.34
1.184382 4.34
1.243383 4.34
1.302383 4.34
1.361384 4.34
1.426841 4.34
1.491767 4.34
1.551139 4.34
1.610138 4.34
1.664024 4.34
1.728137 4.34
1.787137 4.34
1.846138 4.34
1.905139 4.34
1.964139 4.34
2.023139 4.34
2.077029 4.34
2.141141 4.34
2.200033 4.34
2.259031 4.34
2.323031 4.34
2.387033 4.34
2.451143 4.34
2.510032 4.34
2.574034 4.34
2.638035 4.34
2.696785 4.34
2.750548 4.34
2.804146 4.34
2.859396 4.34
2.924646 4.68
2.988147 4.34
3.039397 4.34
3.088787 4.68
3.142524 4.34
3.201148 4.34
3.248399 4.34
3.299025 4.34
3.362791 4.34
3.416401 4.34
3.467026 4.34
3.525528 4.34
3.584151 4.34
3.642793 4.34
3.696403 4.34
3.755278 4.34
3.824278 4.34
3.893280 4.34
3.962280 4.34
4.031280 4.34
4.105280 4.34
4.174282 4.34
4.243282 4.34
4.312558 4.34
4.371284 4.34
4.440284 4.34
4.509159 4.34
4.567926 4.34
4.636801 4.34
4.697285 4.34
4.761286 4.34
4.830287 4.34
4.899288 4.34
4.969688 4.34
5.023413 4.34
5.087289 4.34
5.151165 4.34
5.209806 4.34
5.261168 4.34
5.321168 4.34
5.381169 4.34
5.441168 4.34
5.501168 4.34
5.561169 4.34
5.621169 4.34
5.674417 4.34
5.743043 4.34
5.798044 4.34
5.853044 4.34
5.900295 4.34
5.955172 4.34
6.008420 4.34
6.077046 4.34
6.124296 4.34
6.174921 4.34
6.238422 4.34
6.307048 4.34
6.354298 4.34
6.404924 4.34
6.468424 4.34
6.537050 4.34
6.592926 4.34
6.656425 4.34
6.725050 4.34
6.783426 4.34
6.852052 4.34
6.920803 4.34
6.989428 4.34
7.058054 4.34
7.116429 4.34
7.185055 4.34
7.243430 4.34
7.312056 4.34
7.370431 4.34
7.439057 4.34
7.497432 4.34
7.566058 4.34
7.636559 4.34
7.700059 4.34
7.758434 4.34
7.827059 4.34
7.887061 4.34
7.947062 4.34
8.007062 4.68
8.065436 4.34
8.134062 4.34
8.194065 4.34
8.254065 4.34
8.314065 4.34
8.374066 4.34
8.434066 4.34
8.487315 4.34
8.555941 4.34
8.610942 4.34
8.665942 4.34
8.717067 4.34
8.777070 4.34
8.830317 4.34
8.898944 4.34
8.946194 4.34
8.996819 4.34
9.060320 4.34
9.123946 4.34
9.171195 4.34
9.220573 4.34
9.278946 4.34
9.326196 4.34
9.376822 4.34
9.440322 4.34
9.508963 4.34
9.572575 4.34
9.630967 4.34
9.692325 4.34
9.755967 4.34
9.814327 4.34
9.882966 4.34
9.946578 4.34
10.005078 4.34
10.078968 4.34
10.142729 4.34
10.211732 4.34
10.277085 4.34
10.330331 4.34
10.398970 4.34
10.459085 4.34
10.512332 4.34
10.580958 4.34
10.641086 4.34
10.695960 4.34
10.754333 4.34
10.822960 4.34
10.882961 4.34
10.946585 4.34
10.997961 4.34
11.057962 4.34
11.121587 4.34
11.190212 4.34
11.258838 4.34
11.318963 4.34
11.400964 4.34
11.460965 4.34
11.514214 4.34
11.582840 4.34
11.633966 4.34
11.710842 4.34
11.769216 4.34
11.837843 4.34
11.896218 4.34
11.959843 4.34
12.007093 4.34
12.057719 4.34
12.121220 4.34
12.189845 4.34
12.248220 4.34
12.316846 4.34
12.375222 4.34
12.443847 4.34
12.502223 4.34
12.570849 4.34
12.629223 4.34
12.697849 4.34
12.756224 4.34
12.824850 4.34
12.883225 4.34
12.946851 4.34
13.005227 4.34
13.073852 4.34
13.132228 4.34
13.200853 4.34
13.259229 4.34
13.327854 4.34
13.386230 4.34
13.454855 4.34
13.513230 4.34
13.576856 4.34
13.636859 4.34
13.695232 4.34
13.758858 4.34
13.818859 4.34
13.878861 4.34
13.942486 4.34
13.993861 4.34
14.047109 4.34
14.115735 4.34
14.166862 4.34
14.221361 4.34
14.279737 4.34
14.330863 4.34
14.390864 4.34
14.449238 4.34
14.512739 4.34
14.563864 4.34
14.619614 4.34
14.683115 4.34
14.751741 4.34
14.810116 4.34
14.878741 4.34
14.937117 4.34
15.005743 4.34
15.064118 4.34
15.132744 4.34
15.191119 4.34
15.259745 4.34
15.318120 4.34
15.386746 4.34
15.445121 4.34
15.513747 4.34
15.572123 4.34
15.640748 4.34
15.699124 4.34
15.767749 4.34
15.826125 4.34
15.894750 4.34
15.953125 4.34
16.021751 4.34
16.080126 4.34
16.148752 4.34
16.207127 4.34
16.275753 4.34
16.335755 4.34
16.395755 4.34
16.454129 4.34
16.522754 4.34
16.582757 4.34
16.642757 4.34
16.702758 4.34
16.762759 4.34
16.816007 4.34
16.884633 4.34
16.943008 4.34
17.011633 4.34
17.066634 4.34
17.117760 4.34
17.181260 4.34
17.239636 4.34
17.290761 4.34
17.345261 4.34
17.403638 4.34
17.462012 4.34
17.530638 4.34
17.589013 4.34
17.657640 4.34
17.704890 4.34
17.755516 4.34
17.819015 4.34
17.887641 4.34
17.946016 4.34
18.014642 4.34
18.073017 4.34
18.141643 4.34
18.200018 4.34
18.268644 4.34
18.327019 4.34
18.395646 4.34
18.454020 4.34
18.522646 4.34
18.581021 4.34
18.649646 4.34
18.708023 4.34
18.776648 4.34
18.836775 4.34
18.890024 4.34
18.958649 4.34
19.017024 4.34
19.085651 4.34
19.145652 4.34
19.204027 4.34
19.272652 4.34
19.332653 4.34
19.392654 4.34
19.452654 4.34
19.512655 4.34
19.572656 4.34
19.632656 4.34
19.696155 4.34
19.759656 4.34
19.814156 4.34
19.872533 4.34
19.923658 4.34
19.987157 4.34
20.045534 4.34
20.092784 4.34
20.147661 4.34
20.200910 4.34
20.269537 4.34
20.316786 4.34
20.366160 4.34
20.424538 4.34
20.471787 4.34
20.522412 4.34
20.585913 4.34
20.654539 4.34
20.712913 4.34
20.781541 4.34
20.839915 4.34
20.908541 4.34
20.966916 4.34
21.035543 4.34
21.093917 4.34
21.162544 4.34
21.220918 4.34
21.289545 4.34
21.347919 4.34
21.416545 4.34
21.474920 4.34
21.543547 4.34
21.601921 4.34
21.670548 4.34
21.730673 4.34
21.785674 4.34
21.840674 4.34
21.893923 4.34
21.962550 4.34
22.022551 4.34
22.082551 4.34
22.142551 4.34
22.202552 4.34
22.262553 4.34
22.322553 4.34
22.382554 4.34
22.442554 4.34
22.506053 4.34
22.569554 4.34
22.629556 4.34
22.682804 4.34
22.751429 4.34
22.798680 4.34
22.848056 4.34
22.906431 4.34
22.961431 4.34
23.019807 4.34
23.088432 4.34
23.135683 4.34
23.186308 4.34
23.249810 4.34
23.318434 4.34
23.365685 4.34
23.416310 4.34
23.479811 4.34
23.548436 4.34
23.606812 4.34
23.675438 4.34
23.733813 4.34
23.802438 4.34
23.860814 4.34
23.929440 4.34
23.987815 4.34
24.056440 4.34
24.114817 4.34
24.178441 4.34
24.236817 4.34
24.305442 4.34
24.363818 4.34
24.432443 4.34
24.490819 4.34
24.559444 4.34
24.617820 4.34
24.686445 4.34
24.746448 4.34
24.810072 4.34
24.861449 4.34
24.919822 4.34
24.983447 4.34
25.043450 4.34
25.103451 4.34
25.167074 4.34
25.218452 4.34
25.278452 4.34
25.336951 4.34
25.400451 4.34
25.460459 4.34
25.518954 4.34
25.577328 4.34
25.624578 4.34
25.673954 4.34
25.727329 4.34
25.774580 4.34
25.825205 4.34
25.888706 4.34
25.957331 4.34
26.004582 4.34
26.055207 4.34
26.118707 4.34
26.187333 4.34
26.245708 4.34
26.314334 4.34
26.372709 4.34
26.441335 4.34
26.499710 4.34
26.568336 4.34
26.631962 4.34
26.690337 4.34
26.748713 4.34
26.817338 4.34
26.875713 4.34
26.944338 4.34
27.002715 4.34
27.071340 4.34
27.129715 4.34
27.198341 4.34
27.261966 4.34
27.323842 4.34
27.387342 4.34
27.450968 4.34
27.512843 4.34
27.576344 4.34
27.636345 4.34
27.696345 4.34
27.754720 4.34
27.818346 4.34
27.877971 4.34
27.929347 4.34
27.989348 4.34
28.049348 4.34
28.109349 4.34
28.169351 4.34
28.232975 4.34
28.287850 4.34
28.346225 4.34
28.401225 4.34
28.452350 4.34
28.515852 4.34
28.569226 4.34
28.624227 4.34
28.675353 4.34
28.738853 4.34
28.797228 4.34
28.844480 4.34
28.895104 4.34
28.958605 4.34
29.027230 4.34
29.085606 4.34
29.154232 4.34
29.212607 4.34
29.281232 4.34
29.339608 4.34
29.408234 4.34
29.466609 4.34
29.535234 4.34
29.593611 4.34
29.662235 4.34
29.725861 4.34
29.784237 4.34
29.842612 4.34
29.911237 4.34
29.969613 4.34
30.038239 4.34
30.096614 4.34
30.165239 4.34
30.223615 4.34
30.292240 4.34
30.355866 4.34
30.414241 4.34
30.472617 4.34
30.541243 4.34
30.601245 4.34
30.659618 4.34
30.728244 4.34
30.788246 4.34
30.848247 4.34
30.901498 4.34
30.966621 4.34
31.030122 4.34
31.085122 4.34
31.136372 4.34
31.194749 4.34
31.253123 4.34
31.300374 4.34
31.350999 4.34
31.414501 4.34
31.483125 4.34
31.530376 4.34
31.581002 4.34
31.646253 4.34
31.699503 4.34
31.768128 4.34
31.826504 4.34
31.895131 4.34
31.953505 4.34
32.022130 4.34
32.080506 4.34
32.149132 4.34
32.208882 4.34
32.277509 4.34
32.346133 4.34
32.404510 4.34
32.473134 4.34
32.531775 4.34
32.585512 4.34
32.649135 4.34
32.707775 4.34
32.761386 4.34
32.830137 4.34
32.888778 4.34
32.944270 4.34
32.997777 4.34
33.063139 4.34
33.121780 4.34
33.187015 4.34
33.250780 4.34
33.302032 4.34
33.357391 4.34
33.426142 4.34
33.482034 4.34
33.529393 4.34
33.598268 4.34
33.672019 4.34
33.719394 4.34
33.783020 4.34
33.830396 4.34
33.894020 4.34
33.941395 4.34
34.005146 4.34
34.079022 4.34
34.135398 4.34
34.199273 4.34
34.259024 4.34
34.315037 4.34
34.371037 4.34
34.445025 4.34
34.509276 4.34
34.578026 4.34
34.647026 4.34
34.703042 4.34
34.777028 4.34
34.851278 4.34
34.915279 4.34
34.979280 4.34
35.043154 4.34
35.117031 4.34
35.186282 4.34
35.255032 4.34
35.313407 4.34
35.382033 4.34
35.451033 4.34
35.525034 4.34
35.594034 4.34
35.668035 4.34
35.732035 4.34
35.806035 4.34
35.880036 4.34
35.944287 4.34
36.008038 4.34
36.082038 4.34
36.151039 4.34
36.215040 4.34
36.279040 4.34
36.343165 4.34
36.402056 4.34
36.466041 4.34
36.530167 4.34
36.594043 4.34
36.658168 4.34
36.722044 4.34
36.786044 4.34
36.850044 4.34
36.914060 4.34
36.978062 4.34
37.042046 4.34
37.102172 4.34
37.161172 4.34
37.221172 4.34
37.280048 4.34
37.344062 4.34
37.408175 4.34
37.472049 4.34
37.536065 4.34
37.600050 4.34
37.664066 4.34
37.728052 4.34
37.792052 4.34
37.856066 4.34
37.920053 4.34
37.984069 4.34
38.048054 4.34
38.112055 4.34
38.176056 4.34
38.250556 4.34
38.314559 4.34
38.384073 4.34
38.448058 4.34
38.512058 4.34
38.576058 4.34
38.640059 4.34
38.699059 4.34
38.763060 4.34
38.827061 4.34
38.901562 4.34
38.965564 4.34
39.024562 4.34
39.088562 4.34
39.152564 4.34
39.222079 4.34
39.286064 4.34
39.346064 4.34
39.404566 4.34
39.474065 4.34
39.527441 4.34
39.581066 4.34
39.641066 4.34
39.699568 4.34
39.755719 4.34
39.819572 4.34
39.870719 4.34
39.934596 4.34
39.994718 4.34
40.058586 4.34
40.122572 4.34
40.186572 4.34
40.261087 4.34
40.330197 4.34
40.394599 4.34
40.458448 4.34
40.516965 4.34
40.590965 4.34
40.655839 4.34
40.729966 4.34
40.803965 4.34
40.877965 4.34
40.954966 4.34
41.028969 4.34
41.102969 4.34
41.180079 4.34
41.243846 4.34
41.307461 4.34
41.376081 4.34
41.439846 4.34
41.499972 4.34
41.572083 4.34
41.635849 4.34
41.695851 4.34
41.750848 4.34
41.809335 4.34
41.862976 4.34
41.936974 4.34
42.000974 4.34
42.069977 4.34
42.134087 4.34
42.188979 4.34
42.253088 4.34
42.308088 4.34
42.367089 4.34
42.421981 4.34
42.472614 4.34
42.523616 4.34
42.574614 4.34
42.625618 4.34
42.676618 4.34
42.727598 4.34
42.778618 4.34
42.829620 4.34
42.880618 4.34
42.931619 4.34
42.982620 4.34
43.033745 4.34
43.093619 4.34
43.144621 4.34
43.204621 4.34
43.264622 4.34
43.324623 4.34
43.388473 4.34
43.453623 4.34
43.517474 4.34
43.592098 4.34
43.650990 4.34
43.721851 4.34
43.782225 4.34
43.840990 4.34
43.909989 4.34
43.980853 4.34
44.044992 4.34
44.108629 4.34
44.173992 4.34
44.242753 4.34
44.306745 4.34
44.380631 4.34
44.445981 4.34
44.514632 4.34
44.574981 4.34
44.643633 4.34
44.698999 4.34
44.767634 4.34
44.822984 4.34
44.891634 4.34
44.946998 4.34
45.015760 4.34
45.079754 4.34
45.134361 4.34
45.202987 4.34
45.271638 4.34
45.326362 4.34
45.400238 4.34
45.453755 4.34
45.527638 4.34
45.583490 4.34
45.642240 4.34
45.695756 4.34
45.751492 4.34
45.810241 4.34
45.863757 4.34
45.919494 4.34
45.974493 4.34
46.033368 4.34
46.103745 4.34
46.163494 4.34
46.222244 4.34
46.275760 4.34
46.349646 4.34
46.423648 4.34
46.497649 4.34
46.561762 4.34
46.632123 4.34
46.685766 4.34
46.756124 4.34
46.809765 4.34
46.883651 4.34
46.957501 4.34
47.011251 4.34
47.076502 4.34
47.135251 4.34
47.200503 4.34
47.259253 4.34
47.324654 4.34
47.398656 4.34
47.469004 4.34
47.532647 4.34
47.606507 4.68
47.666631 12.32
47.726632 6.36
47.779881 6.36
47.848508 6.36
47.899632 6.36
47.965389 6.36
48.024262 6.36
48.088011 6.68
48.146539 6.68
48.220541 6.68
48.289542 6.68
48.358543 6.68
48.427543 7.02
48.496544 7.02
48.561392 7.02
48.620266 7.02
48.694545 7.02
48.763545 7.02
48.833399 7.02
48.894694 7.02
48.954033 7.37
49.013034 7.37
49.066549 7.02
49.136272 7.37
49.200270 7.37
49.269269 7.37
49.340146 7.37
49.411275 7.69
49.482683 7.69
49.547272 7.37
49.616916 7.69
49.675700 7.69
49.735404 7.69
49.796277 8.03
49.865916 8.03
49.935400 8.03
50.000411 8.03
50.061924 8.03
50.121403 8.03
50.181560 8.03
50.251277 8.35
50.315672 8.35
50.370919 8.35
50.435404 8.35
50.495559 8.35
50.561292 8.35
50.631411 8.70
50.697569 8.70
50.761565 8.70
50.825684 8.70
50.884804 8.70
50.943570 8.70
51.007688 8.70
51.066562 8.70
51.130410 9.04
51.187414 9.04
51.249412 9.04
51.324286 9.04
51.388287 9.04
51.447168 9.04
51.521696 9.04
51.580569 9.04
51.644569 9.36
51.708569 9.36
51.778168 9.36
51.842167 9.36
51.900931 9.36
51.954416 9.71
52.023692 9.71
52.093295 9.71
52.146934 9.71
52.205698 9.71
52.264419 9.71
52.329169 9.71
52.398689 10.03
52.449175 10.03
52.519307 10.03
52.580302 9.71
52.645183 9.71
52.714422 10.03
52.783722 9.71
52.837722 10.03
52.907312 10.03
52.969463 9.71
53.028428 10.03
53.084462 10.03
53.144426 9.71
53.204427 9.71
53.268177 10.03
53.328178 10.03
53.393431 10.03
53.457580 10.03
53.521429 9.71
53.590429 10.03
53.649429 10.03
53.708601 10.03
53.772610 10.03
53.836431 10.03
53.900697 10.03
53.954308 10.03
54.001559 10.03
54.065703 10.03
54.124434 10.03
54.198435 10.03
54.257435 9.71
54.321315 10.03
54.385435 10.03
54.454062 10.03
54.512686 10.03
54.571442 9.71
54.635438 10.03
54.699438 10.03
54.758314 9.71
54.817082 10.03
54.881190 10.03
54.945195 10.03
55.004197 10.03
55.063443 10.03
55.127691 10.03
55.196317 10.03
55.260193 10.03
55.319068 10.03
55.388444 10.03
55.457605 9.71
55.516712 10.03
55.575445 9.71
55.649973 10.03
55.713868 10.03
55.765398 10.03
55.820759 10.03
55.872358 10.03
55.932383 10.03
55.987368 10.03
56.046202 10.03
56.101326 10.03
56.170327 10.03
56.236365 10.03
56.300451 10.03
56.355580 10.03
56.419828 10.37
56.473327 10.37
56.537331 10.03
56.606653 10.37
56.660489 10.03
56.724333 10.03
56.789082 10.03
56.852582 10.03
56.911206 10.03
56.975466 10.03
57.034208 10.03
57.092611 10.03
57.146651 10.03
57.205333 10.03
57.274334 9.71
57.348334 9.04
57.422339 8.35
57.491466 8.03
57.555339 7.37
57.624337 7.02
57.692979 7.02
57.761980 7.02
57.825588 7.02
57.894213 7.02
57.952589 7.02
58.021214 7.02
58.079589 6.68
58.148215 6.68
58.206590 6.68
58.275216 7.02
58.335358 6.68
58.400722 7.02
58.464220 7.02
58.524220 7.02
58.584220 6.68
58.644220 7.02
58.704235 6.68
58.759253 7.02
58.812738 7.02
58.866346 7.02
58.935477 7.02
59.004097 7.02
59.051347 7.02
59.101980 7.02
59.165478 7.02
59.234102 7.02
59.285227 7.02
59.340977 7.02
59.404480 7.02
59.468491 6.68
59.522982 7.02
59.576745 7.02
59.635870 7.02
59.700983 7.02
59.759871 7.02
59.834511 6.68
59.893230 6.68
59.953355 6.68
60.022106 6.68
60.080873 6.68
60.139483 6.68
60.208106 6.68
60.266483 6.68
60.335107 6.68
60.393484 6.68
60.462108 6.68
60.520485 6.68
60.589109 6.68
60.647486 6.68
60.716236 6.68
60.786612 6.68
60.840237 6.68
60.909113 6.68
60.972755 6.68
61.026239 6.68
61.086692 6.68
61.142368 6.36
61.201241 6.68
61.275116 6.68
61.340242 6.68
61.414117 6.68
61.480126 6.68
61.539243 6.68
61.604499 6.68
61.663244 6.68
61.732245 6.68
61.796126 6.68
61.852008 6.68
61.899371 6.68
61.962996 6.68
62.014246 6.68
62.064888 6.68
62.123638 6.68
62.193386 6.68
62.257005 6.68
62.304254 6.68
62.373003 6.68
62.420253 6.68
62.470879 6.68
62.534378 6.68
62.588644 6.68
62.657377 6.68
62.726002 6.68
62.784377 6.68
62.853003 6.68
62.911379 6.68
62.965130 6.68
63.034130 6.68
63.090021 6.68
63.146024 6.68
63.202025 6.68
63.271132 6.68
63.340008 6.68
63.398383 6.68
63.467009 6.68
63.536009 6.68
63.596138 6.68
63.665010 6.68
63.734011 6.68
63.792637 6.68
63.846262 6.68
63.915013 6.68
63.979013 6.68
64.043266 6.68
64.102014 6.68
64.166015 6.68
64.230015 6.68
64.294016 6.68
64.358016 6.68
64.432016 6.68
64.492017 6.68
64.552042 6.68
64.601642 6.68
64.651643 6.68
64.701643 6.68
64.760275 6.68
64.828899 6.68
64.883900 6.68
64.938900 6.68
64.993899 6.68
65.041147 6.68
65.090845 6.68
65.141915 6.68
65.197913 6.68
65.253917 6.68
65.309916 6.68
65.365914 6.68
65.421914 6.68
65.477775 6.68
65.536666 6.68
65.600555 6.68
65.664276 6.36
65.728027 6.36
65.792027 6.68
65.848050 6.68
65.911903 6.68
65.967922 6.68
66.029404 6.68
66.083030 6.68
66.147030 6.68
66.221031 6.68
66.290031 6.68
66.354032 6.36
66.427925 6.68
66.497033 6.68
66.560923 6.68
66.625034 6.68
66.688924 6.68
66.753035 6.68
66.817050 6.68
66.881036 6.36
66.944911 6.68
67.004914 6.36
67.068539 6.36
67.118287 6.36
67.186913 6.36
67.246915 6.36
67.306920 6.36
67.360167 6.36
67.428793 6.36
67.483794 6.36
67.538795 6.36
67.593796 6.36
67.648795 6.36
67.705579 6.36
67.770061 6.36
67.834169 6.36
67.889044 6.36
67.948045 6.36
68.012170 6.36
68.070920 6.36
68.134920 6.36
68.199046 6.36
68.262936 6.36
68.326939 6.36
68.390941 6.36
68.454814 6.36
68.519175 6.36
68.574050 6.36
68.633051 6.36
68.697055 6.36
68.766052 6.36
68.824943 6.36
68.888944 6.36
68.953053 6.36
69.027428 6.36
69.096584 6.36
69.166073 6.36
69.229945 6.36
69.300306 6.36
69.364431 6.36
69.423432 6.36
69.482432 6.36
69.541433 6.36
69.601939 6.36
69.660433 6.36
69.719434 6.36
69.778434 6.36
69.838838 6.36
69.892310 6.36
69.945810 6.36
70.004311 6.36
70.057828 6.36
70.117837 6.36
70.176313 6.36
70.234701 6.36
70.289692 6.36
70.344692 6.36
70.399694 6.36
70.454694 6.36
70.501943 6.36
70.560571 6.36
70.625323 6.36
70.689444 6.36
70.754957 6.36
70.815068 6.36
70.878710 6.36
70.926206 6.36
70.987326 6.36
71.047574 6.36
71.107962 6.36
71.171713 6.36
71.227725 6.36
71.302209 6.36
71.357487 6.36
71.427328 6.36
71.477582 6.36
71.536578 6.36
71.596824 6.36
71.667199 6.36
71.730715 6.36
71.794326 6.36
71.857968 6.36
71.917081 6.36
71.977863 6.36
72.036328 6.36
72.101720 6.36
72.161856 6.36
72.225722 6.36
72.285861 6.36
72.349733 6.36
72.413724 6.36
72.482735 6.36
72.546582 6.36
72.599974 6.36
72.668611 6.68
72.723833 6.36
72.797737 6.36
72.858084 6.36
72.916614 6.36
72.977335 6.36
73.046211 6.36
73.095961 6.36
73.164615 6.36
73.233615 6.36
73.298616 6.36
73.372618 6.36
73.441617 6.36
73.506616 6.36
73.571619 6.36
73.640624 6.36
73.715350 6.36
73.783973 6.36
73.852602 6.36
73.910970 6.36
73.979596 6.36
74.038109 6.36
74.102474 6.36
74.161475 6.36
74.221970 6.36
74.285749 6.36
74.359613 6.36
74.430222 6.36
74.483624 6.36
74.557598 6.36
74.631975 6.36
74.690625 6.36
74.748974 6.36
74.817626 6.36
74.886864 6.36
74.950602 6.36
75.014493 6.36
75.085483 6.36
75.149227 6.36
75.218604 6.36
75.282622 6.36
75.351634 6.36
75.420634 6.36
75.489624 6.36
75.558873 6.36
75.627872 6.36
75.682736 6.36
75.746640 6.36
75.811233 6.36
75.871488 6.36
75.930109 6.36
75.983517 6.36
76.044111 6.36
76.097517 6.36
76.159236 6.36
76.228237 6.36
76.297112 6.36
76.357113 6.36
76.410629 6.36
76.466363 6.36
76.525369 6.36
76.589989 6.36
76.648615 6.36
76.707631 6.36
76.776631 6.36
76.845631 6.36
76.914498 6.36
76.988890 6.36
77.042522 6.36
77.111524 6.36
77.185526 6.36
77.259886 6.36
77.328520 6.36
77.398010 6.36
77.451625 6.36
77.525526 6.36
77.594528 6.36
77.668527 6.36
77.743251 6.36
77.807249 6.36
77.881126 6.36
77.934655 6.36
78.003506 6.36
78.077689 6.36
78.143656 6.36
78.212537 6.36
78.276533 6.36
78.347019 6.36
78.396657 6.36
78.465530 6.36
78.529129 6.36
78.603131 6.36
78.658136 6.36
78.723382 6.36
78.783898 6.36
78.837382 6.36
78.897762 6.36
78.956383 6.36
79.017009 6.36
79.086519 6.36
79.150550 6.36
79.214386 6.36
79.278540 6.36
79.347653 6.36
79.411542 6.36
79.470637 6.36
79.534388 6.36
79.598389 6.36
79.660573 6.36
79.724524 6.36
79.789273 6.36
79.853896 6.36
79.912773 6.36
79.981546 6.36
80.045907 6.36
80.109644 6.36
80.173549 6.36
80.242552 6.36
80.311394 6.36
80.380395 6.36
80.444551 6.36
80.508396 6.36
80.572396 6.36
80.641560 6.36
80.700797 6.36
80.764400 6.36
80.833674 6.36
80.897399 6.36
80.961532 6.36
81.030401 6.36
81.099667 6.36
81.163401 6.36
81.227402 6.36
81.302152 6.36
81.367537 6.36
81.436403 6.36
81.500404 6.36
81.564283 6.36
81.620904 6.36
81.674280 6.36
81.736436 6.36
81.800408 6.36
81.870286 6.36
81.941566 6.36
82.000408 6.36
82.064561 6.36
82.128285 6.36
82.194039 6.36
82.263161 6.36
82.322161 6.36
82.380916 6.36
82.434411 6.36
82.498411 6.36
82.562538 6.36
82.626167 6.36
82.690166 6.36
82.749040 6.36
82.807667 6.36
82.871415 6.36
82.935416 6.36
82.999416 6.36
83.063291 6.36
83.132416 6.36
83.202794 6.36
83.261418 6.36
83.325419 6.36
83.389571 6.36
83.448419 6.36
83.507422 6.36
83.581420 6.36
83.640573 6.36
83.697451 6.36
83.756175 6.36
83.822047 6.36
83.882184 6.36
83.943055 6.36
84.003345 6.36
84.067426 6.36
84.126947 6.36
84.196051 6.36
84.256334 6.36
84.320428 6.36
84.379302 6.36
84.443302 6.36
84.499054 6.36
84.562944 6.36
84.608807 6.36
84.662431 6.36
84.721305 6.36
84.777058 6.36
84.841055 6.36
84.894560