0.000000 0.000000
0.070416 0.89
0.132133 0.87
0.197129 0.90
0.259751 0.89
0.324000 0.91
0.383000 0.87
0.441900 0.88
0.500905 0.88
0.559904 0.89
0.618903 0.89
0.677904 0.90
0.732163 0.89
0.791954 0.88
0.857053 0.88
0.922302 0.79
0.983137 0.80
1.047634 0.79
1.107133 0.78
1.181148 0.79
1.239757 0.78
1.299661 0.78
1.349273 0.78
1.414154 0.80
1.473927 0.78
1.538279 0.79
1.607276 0.78
1.665760 0.80
1.725662 0.80
1.775261 0.78
1.833637 0.79
1.902262 0.80
1.960637 0.80
2.029262 0.78
2.087638 0.78
2.156264 0.80
2.214638 0.78
2.283265 0.76
2.341640 0.78
2.410266 0.79
2.468641 0.79
2.538642 0.79
2.593142 0.79
2.656643 0.78
2.725269 0.77
2.783644 0.76
2.857519 0.80
2.926145 0.78
2.989645 0.79
3.058271 0.79
3.116647 0.78
3.185272 0.78
3.243647 0.77
3.312273 0.79
3.370648 0.80
3.439274 0.78
3.497650 0.78
3.571525 0.77
3.636650 0.79
3.705276 0.78
3.760151 0.77
3.820152 0.80
3.880152 0.77
3.940153 0.80
3.998529 0.79
4.063779 0.77
4.127279 0.79
4.182155 0.79
4.245655 0.78
4.305781 0.77
4.360781 0.79
4.411909 0.78
4.471534 0.80
4.526033 0.78
4.589533 0.78
4.650910 0.79
4.705534 0.79
4.774160 0.79
4.832535 0.80
4.893913 0.80
4.944538 0.76
4.999037 0.79
5.062536 0.78
5.131163 0.79
5.189537 0.80
5.258164 0.78
5.316539 0.80
5.385165 0.80
5.443540 0.78
5.512166 0.80
5.570541 0.79
5.639166 0.78
5.697542 0.78
5.771418 0.78
5.840044 0.79
5.903543 0.81
5.972170 0.79
6.030544 0.79
6.099170 0.77
6.157546 0.79
6.226171 0.78
6.281172 0.77
6.336047 0.77
6.399547 0.78
6.468173 0.77
6.523049 0.76
6.583050 0.78
6.643050 0.76
6.703051 0.79
6.763051 0.78
6.821427 0.78
6.886676 0.80
6.951428 0.79
7.014929 0.78
7.078553 0.79
7.138678 0.77
7.193680 0.78
7.244804 0.76
7.295433 0.80
7.349932 0.76
7.413432 0.79
7.474807 0.77
7.525434 0.78
7.573557 0.79
7.638435 0.78
7.692934 0.78
7.756434 0.79
7.825059 0.79
7.883559 0.77
7.947060 0.78
8.005436 0.78
8.074061 0.78
8.132437 0.80
8.201062 0.80
8.259438 0.79
8.328063 0.76
8.386439 0.78
8.455064 0.78
8.513564 0.78
8.577065 0.79
8.635441 0.78
8.704066 0.80
8.762442 0.80
8.831068 0.77
8.889443 0.77
8.958068 0.77
9.016570 0.79
9.080086 0.77
9.135096 0.80
9.190094 0.81
9.244947 0.80
9.318947 0.78
9.377448 0.78
9.449462 0.79
9.509698 0.81
9.563089 0.79
9.621450 0.78
9.685099 0.78
9.743450 0.79
9.808353 0.77
9.862952 0.76
9.929834 0.81
10.008354 0.80
10.062953 0.80
10.121467 0.77
10.184954 0.80
10.243454 0.79
10.308356 0.78
10.362979 0.80
10.417981 0.80
10.503983 0.79
10.567983 0.80
10.631984 0.79
10.697583 0.77
10.756584 0.77
10.815583 0.78
10.879585 0.78
10.951986 0.80
11.015988 0.80
11.079987 0.78
11.143988 0.80
11.221587 0.78
11.280588 0.80
11.352988 0.78
11.413589 0.78
11.485991 0.80
11.549988 0.78
11.613992 0.79
11.677991 0.79
11.736994 0.78
11.811717 0.80
11.875593 0.78
11.934593 0.77
11.998469 0.77
12.062469 0.78
12.115994 0.78
12.169470 0.77
12.228595 0.78
12.281997 0.80
12.335472 0.80
12.399722 0.77
12.458597 0.79
12.522473 0.78
12.586473 0.79
12.641227 0.79
12.695850 0.78
12.759850 0.78
12.825228 0.79
12.873601 0.80
12.924229 0.80
12.978852 0.77
13.044230 0.80
13.098854 0.78
13.158856 0.79
13.218854 0.79
13.282855 0.78
13.346855 0.80
13.410856 0.79
13.480121 0.79
13.539857 0.77
13.598857 0.78
13.662858 0.80
13.726859 0.78
13.796374 0.78
13.865484 0.79
13.924125 0.77
13.984375 0.79
14.048126 0.79
14.108486 0.80
14.167126 0.77
14.241487 0.78
14.300612 0.77
14.360881 0.79
14.419738 0.79
14.474880 0.80
14.530253 0.78
14.593880 0.77
14.649256 0.79
14.718381 0.78
14.776880 0.78
14.837616 0.78
14.901133 0.78
14.971617 0.77
15.035133 0.79
15.100493 0.79
15.159135 0.79
15.224619 0.80
15.288137 0.80
15.353621 0.77
15.417136 0.78
15.478621 0.79
15.542136 0.79
15.616136 0.78
15.686130 0.79
15.744624 0.79
15.808141 0.80
15.878131 0.78
15.927750 0.77
15.986390 0.80
16.050266 0.79
16.115133 0.78
16.171133 0.78
16.220752 0.77
16.279394 0.76
16.343004 0.78
16.397754 0.80
16.456393 0.79
16.520505 0.77
16.584396 0.78
16.648006 0.78
16.702757 0.78
16.761396 0.80
16.825146 0.78
16.899149 0.78
16.973008 0.78
17.047010 0.78
17.107400 0.79
17.171010 0.80
17.231401 0.80
17.295011 0.79
17.369152 0.79
17.443150 0.78
17.517013 0.76
17.577404 0.78
17.641014 0.78
17.706153 0.77
17.780156 0.77
17.854156 0.77
17.928158 0.78
18.002032 0.78
18.058392 0.80
18.117032 0.77
18.180643 0.78
18.239519 0.78
18.303035 0.78
18.377034 0.78
18.451159 0.77
18.516521 0.79
18.590647 0.77
18.645397 0.76
18.700038 0.79
18.769039 0.78
18.843039 0.80
18.917287 0.78
18.981052 0.77
19.050291 0.79
19.114052 0.77
19.183041 0.79
19.252290 0.79
19.316294 0.78
19.380053 0.79
19.449042 0.79
19.523044 0.78
19.592057 0.77
19.661295 0.77
19.725057 0.79
19.789055 0.79
19.863047 0.78
19.932299 0.78
19.996060 0.79
20.065058 0.78
20.134298 0.79
20.198062 0.80
20.262051 0.80
20.331059 0.78
20.405062 0.78
20.474178 0.78
20.543300 0.78
20.607053 0.78
20.676302 0.77
20.740180 0.77
20.803916 0.78
20.867916 0.78
20.937064 0.79
21.001066 0.80
21.061666 0.79
21.123542 0.79
21.182306 0.77
21.237068 0.78
21.297544 0.78
21.356070 0.79
21.419921 0.78
21.485794 0.78
21.560310 0.78
21.615312 0.80
21.679310 0.78
21.743071 0.78
21.807073 0.79
21.871075 0.77
21.935066 0.77
21.999073 0.77
22.062928 0.78
22.126926 0.78
22.191077 0.78
22.255316 0.79
22.324426 0.80
22.393552 0.78
22.446941 0.78
22.515803 0.80
22.585318 0.80
22.649318 0.79
22.713078 0.77
22.776933 0.80
22.842932 0.79
22.911931 0.78
22.975932 0.79
23.039933 0.78
23.108934 0.79
23.177934 0.77
23.241934 0.79
23.310935 0.79
23.379935 0.78
23.448965 0.78
23.518085 0.79
23.581941 0.79
23.646088 0.78
23.704939 0.78
23.768940 0.80
23.827941 0.78
23.891941 0.79
23.955941 0.79
24.019942 0.79
24.083942 0.80
24.142943 0.78
24.206944 0.79
24.270943 0.78
24.335093 0.79
24.399095 0.78
24.462967 0.78
24.526819 0.78
24.595945 0.80
24.664946 0.78
24.742446 0.78
24.795821 0.78
24.864822 0.80
24.933822 0.80
25.002823 0.79
25.069823 0.78
25.138824 0.80
25.207833 0.77
25.276833 0.77
25.343951 0.79
25.412952 0.78
25.481952 0.79
25.550836 0.79
25.619836 0.77
25.707344 0.79
25.777837 0.79
25.846837 0.80
25.910456 0.80
25.974456 0.78
26.029456 0.78
26.086105 0.79
26.140837 0.78
26.204837 0.80
26.268838 0.77
26.332839 0.78
26.401839 0.79
26.466742 0.79
26.520351 0.77
26.575351 0.79
26.652711 0.77
26.721842 0.79
26.785712 0.78
26.854842 0.78
26.918714 0.80
26.992842 0.77
27.056842 0.78
27.120848 0.78
27.184848 0.79
27.248848 0.78
27.307848 0.78
27.371848 0.80
27.435849 0.78
27.499869 0.80
27.558869 0.78
27.631469 0.79
27.690345 0.78
27.748882 0.79
27.817721 0.79
27.886882 0.77
27.955866 0.78
28.014996 0.77
28.073867 0.78
28.137864 0.77
28.196865 0.79
28.255867 0.80
28.319868 0.79
28.379002 0.79
28.437726 0.79
28.501870 0.79
28.560852 0.78
28.624853 0.79
28.688854 0.78
28.752728 0.78
28.821354 0.78
28.885370 0.80
28.944370 0.78
29.008369 0.78
29.072371 0.78
29.136372 0.78
29.200373 0.77
29.259374 0.80
29.312859 0.77
29.367609 0.79
29.422125 0.78
29.480609 0.78
29.542012 0.78
29.592611 0.79
29.647124 0.77
29.705611 0.77
29.767013 0.77
29.817613 0.79
29.872129 0.78
29.930613 0.79
29.992012 0.78
30.042615 0.78
30.097129 0.79
30.171131 0.77
30.234866 0.79
30.293740 0.78
30.357491 0.79
30.431741 0.78
30.495617 0.76
30.564743 0.78
30.628744 0.79
30.692744 0.77
30.756620 0.78
30.825744 0.78
30.889495 0.78
30.963746 0.78
31.027746 0.77
31.091747 0.78
31.155747 0.79
31.215623 0.78
31.289748 0.78
31.353749 0.77
31.417750 0.78
31.481750 0.79
31.550501 0.79
31.610626 0.78
31.674377 0.78
31.734143 0.79
31.794392 0.80
31.844394 0.79
31.894394 0.79
31.958145 0.77
32.018396 0.79
32.082146 0.79
32.135505 0.77
32.196898 0.79
32.246506 0.78
32.311900 0.79
32.370632 0.79
32.426898 0.80
32.476508 0.78
32.537900 0.77
32.592634 0.77
32.648886 0.79
32.703509 0.78
32.777761 0.76
32.837538 0.76
32.892011 0.79
32.950512 0.78
33.024388 0.78
33.093012 0.78
33.151513 0.80
33.225764 0.77
33.289640 0.79
33.358640 0.77
33.427516 0.80
33.501516 0.76
33.575642 0.77
33.644517 0.77
33.718643 0.79
33.787644 0.78
33.856520 0.79
33.930520 0.78
34.004520 0.78
34.073522 0.78
34.142772 0.78
34.201161 0.79
34.261647 0.79
34.325523 0.78
34.394774 0.80
34.458650 0.77
34.522649 0.80
34.586525 0.77
34.650526 0.78
34.714651 0.79
34.778527 0.79
34.842652 0.78
34.906653 0.79
34.965653 0.79
35.029529 0.78
35.093654 0.79
35.157655 0.77
35.221530 0.79
35.285531 0.79
35.349531 0.78
35.413532 0.77
35.477532 0.77
35.541533 0.78
35.605783 0.78
35.660533 0.79
35.724660 0.79
35.788535 0.79
35.852535 0.79
35.916661 0.77
35.980661 0.77
36.044537 0.77
36.108538 0.78
36.172788 0.78
36.241928 0.79
36.306052 0.80
36.369931 0.78
36.433930 0.77
36.497932 0.78
36.561916 0.81
36.626068 0.78
36.689918 0.78
36.753919 0.80
36.817919 0.78
36.881920 0.77
36.945919 0.79
37.009920 0.79
37.074072 0.79
37.137921 0.78
37.197070 0.78
37.260922 0.79
37.324922 0.77
37.394439 0.79
37.463548 0.78
37.527549 0.77
37.591549 0.79
37.645063 0.77
37.708926 0.78
37.774303 0.79
37.827927 0.77
37.893305 0.79
37.947927 0.79
38.017444 0.80
38.081678 0.78
38.132307 0.79
38.186930 0.78
38.240554 0.79
38.304680 0.78
38.355309 0.78
38.409933 0.77
38.479448 0.79
38.548682 0.77
38.599311 0.79
38.653936 0.79
38.728683 0.78
38.783559 0.78
38.842559 0.79
38.906685 0.78
38.970685 0.79
39.029435 0.78
39.092936 0.78
39.151311 0.79
39.219938 0.78
39.278312 0.78
39.346939 0.77
39.405313 0.78
39.473940 0.78
39.532314 0.78
39.600940 0.78
39.659315 0.80
39.727941 0.78
39.786316 0.77
39.854942 0.78
39.913317 0.79
39.981944 0.79
40.040318 0.79
40.108945 0.78
40.177820 0.80
40.236445 0.79
40.294946 0.78
40.363821 0.80
40.422447 0.78
40.486337 0.77
40.555339 0.78
40.618949 0.78
40.677449 0.79
40.735949 0.77
40.795833 0.77
40.874201 0.77
40.922451 0.79
40.980952 0.78
41.040835 0.77
41.119203 0.77
41.173835 0.79
41.247205 0.80
41.301836 0.79
41.360455 0.78
41.420206 0.78
41.469838 0.77
41.528581 0.78
41.591706 0.79
41.682837 0.78
41.743109 0.79
41.817583 0.79
41.881584 0.79
41.936584 0.79
41.996213 0.77
42.051109 0.79
42.111351 0.79
42.175586 0.78
42.239352 0.79
42.303587 0.79
42.369112 0.77
42.429354 0.79
42.488355 0.78
42.546842 0.79
42.610715 0.79
42.665841 0.79
42.736590 0.79
42.802117 0.79
42.871355 0.80
42.935116 0.78
43.009120 0.79
43.072848 0.80
43.122849 0.78
43.181594 0.78
43.245358 0.78
43.304470 0.79
43.363471 0.79
43.422471 0.78
43.481362 0.78
43.540472 0.79
43.599473 0.79
43.654474 0.78
43.709473 0.78
43.764473 0.79
43.819124 0.78
43.893240 0.79
43.957239 0.79
44.026240 0.80
44.091123 0.78
44.156120 0.78
44.207122 0.78
44.258123 0.79
44.309124 0.77
44.358729 0.78
44.419005 0.78
44.473730 0.79
44.528730 0.79
44.583731 0.78
44.642371 0.79
44.706007 0.78
44.768006 0.79
44.827609 0.78
44.891109 0.78
44.959735 0.78
45.018111 0.80
45.086736 0.77
45.145111 0.80
45.213737 0.78
45.268736 0.78
45.327112 0.77
45.395737 0.78
45.450738 0.79
45.505739 0.78
45.564115 0.78
45.632740 0.78
45.687740 0.78
45.742615 0.77
45.802617 0.78
45.862617 0.79
45.922617 0.77
45.982618 0.78
46.046119 0.80
46.114743 0.79
46.169619 0.79
46.227995 0.80
46.293246 0.77
46.344370 0.78
46.403999 0.78
46.452121 0.79
46.512247 0.78
46.567247 0.79
46.618373 0.79
46.669001 0.79
46.723497 0.79
46.787000 0.78
46.855624 0.78
46.914001 0.79
46.982625 0.78
47.041002 0.80
47.102376 0.79
47.153004 0.80
47.207503 0.78
47.271004 0.79
47.339629 0.79
47.398004 0.79
47.466630 0.79
47.525006 0.80
47.593631 0.79
47.652006 0.80
47.720631 0.77
47.779008 0.79
47.847632 0.77
47.906009 0.79
47.974632 0.78
48.033008 0.78
48.101633 0.79
48.160011 0.79
48.229397 0.79
48.289159 0.77
48.348183 0.78
48.407156 0.77
48.471153 0.77
48.540517 0.79
48.604640 0.78
48.668514 0.77
48.732639 0.79
48.796653 0.77
48.856398 0.80
48.916933 0.77
48.981036 0.78
49.044892 0.78
49.104903 0.79
49.170147 0.79
49.221270 0.80
49.280894 0.78
49.335394 0.76
49.398905 0.78
49.460275 0.78
49.519899 0.80
49.574396 0.78
49.637897 0.80
49.699282 0.79
49.749903 0.79
49.804400 0.79
49.867900 0.78
49.929273 0.78
49.979905 0.78
50.034402 0.78
50.097901 0.79
50.166524 0.77
50.224901 0.77
50.293535 0.79
50.351907 0.78
50.420529 0.80
50.478904 0.79
50.547528 0.79
50.605907 0.78
50.674530 0.79
50.732905 0.79
50.801529 0.78
50.859911 0.79
50.928533 0.76
50.986908 0.77
51.055532 0.80
51.113908 0.78
51.182536 0.79
51.237535 0.79
51.292534 0.79
51.350910 0.78
51.419535 0.78
51.474414 0.79
51.534412 0.80
51.594411 0.79
51.654412 0.76
51.714412 0.76
51.774416 0.78
51.832789 0.80
51.892788 0.78
51.958039 0.78
52.009164 0.78
52.068799 0.78
52.123295 0.79
52.186793 0.78
52.248167 0.81
52.298792 0.79
52.353981 0.79
52.418559 0.77
52.478333 0.78
52.538243 0.76
52.608448 0.79
52.678426 0.78
52.743124 0.76
52.808100 0.78
52.873103 0.79
52.938119 0.78
53.003202 0.77
53.075348 0.81
53.135062 0.80
53.200196 0.79
53.269435 0.79
53.334053 0.79
53.397943 0.79
53.473123 0.79
53.527802 0.77
53.588431 0.80
53.652429 0.79
53.712678 0.77
53.776429 0.79
53.834992 0.79
53.894083 0.78
53.952807 0.78
54.016556 0.78
54.085432 0.78
54.140432 0.78
54.195433 0.76
54.250309 0.78
54.309438 0.78
54.370073 0.79
54.431075 0.77
54.490349 0.78
54.555688 0.77
54.619811 0.79
54.678341 0.78
54.732328 0.78
54.785815 0.78
54.845941 0.79
54.900064 0.78
54.954943 0.78
55.006091 0.80
55.055941 0.79
55.115117 0.78
55.189445 0.79
55.254691 0.78
55.309191 0.78
55.372691 0.78
55.434068 0.80
55.484718 0.78
55.539193 0.78
55.597819 0.78
55.661319 0.77
55.730195 0.79
55.793695 0.77
55.867695 0.80
55.936321 0.79
55.994698 0.80
56.063322 0.78
56.116700 0.79
56.180325 0.79
56.238699 0.80
56.307700 0.80
56.376325 0.77
56.434700 0.78
56.503326 0.79
56.561843 0.80
56.625836 0.77
56.684467 0.78
56.748220 0.79
56.811707 0.79
56.880705 0.77
56.939845 0.79
57.003348 0.79
57.058331 0.78
57.114613 0.78
57.168222 0.77
57.226837 0.78
57.290582 0.77
57.350988 0.78
57.405844 0.80
57.464710 0.80
57.524839 0.79
57.579619 0.79
57.634116 0.79
57.687841 0.78
57.742617 0.78
57.797117 0.79
57.871090 0.76
57.940134 0.78
58.009589 0.79
58.078339 0.78
58.131842 0.80
58.190598 0.76
58.251992 0.77
58.315591 0.78
58.389591 0.79
58.460110 0.80
58.523592 0.78
58.592234 0.79
58.650718 0.78
58.719718 0.78
58.783595 0.78
58.847345 0.78
58.900879 0.78
58.964471 0.76
59.023096 0.78
59.082109 0.78
59.141115 0.79
59.205364 0.78
59.269116 0.78
59.327724 0.77
59.396599 0.78
59.470866 0.80
59.535354 0.78
59.594121 0.79
59.668102 0.78
59.726602 0.76
59.800478 0.78
59.870023 0.77
59.923733 0.80
59.982731 0.78
60.046605 0.79
60.101730 0.78
60.165606 0.79
60.230041 0.80
60.289612 0.79
60.348609 0.77
60.412484 0.79
60.482513 0.78
60.529889 0.79
60.580053 0.79
60.639741 0.79
60.693738 0.79
60.752612 0.80
60.821486 0.79
60.882889 0.80
60.932626 0.80
60.997031 0.76
61.055490 0.77
61.124113 0.76
61.182488 0.76
61.251113 0.78
61.309492 0.78
61.378118 0.79
61.436492 0.78
61.505120 0.78
61.563495 0.80
61.632121 0.79
61.685743 0.79
61.739493 0.78
61.808262 0.77
61.868386 0.79
61.928495 0.79
62.002496 0.79
62.062024 0.78
62.131624 0.78
62.200498 0.80
62.274498 0.78
62.348373 0.80
62.417946 0.77
62.477273 0.78
62.537904 0.79
62.603376 0.78
62.677501 0.78
62.741269 0.78
62.791252 0.78
62.841127 0.78
62.896269 0.79
62.946270 0.79
62.996254 0.78
63.054909 0.78
63.113379 0.78
63.173629 0.77
63.237631 0.77
63.288756 0.79
63.343506 0.79
63.403413 0.77
63.456911 0.79
63.527060 0.78
63.592637 0.77
63.646635 0.76
63.710634 0.78
63.774509 0.76
63.843649 0.79
63.898387 0.78
63.952913 0.78
64.011511 0.77
64.080512 0.79
64.145415 0.79
64.205431 0.77
64.274928 0.78
64.339015 0.79
64.403015 0.79
64.467016 0.78
64.525516 0.79
64.589531 0.79
64.654648 0.80
64.718933 0.77
64.783035 0.79
64.857268 0.79
64.931519 0.80
64.990649 0.78
65.054647 0.78
65.118521 0.80
65.177528 0.79
65.246522 0.78
65.305037 0.77
65.363901 0.79
65.423900 0.79
65.483899 0.79
65.547399 0.78
65.616023 0.78
65.670903 0.80
65.731941 0.78
65.791075 0.77
65.849777 0.80
65.914056 0.79
65.983653 0.79
66.042403 0.79
66.096528 0.78
66.160529 0.78
66.219405 0.79
66.283655 0.77
66.338531 0.79
66.397406 0.80
66.448658 0.78
66.499285 0.78
66.553782 0.78
66.617282 0.77
66.685910 0.78
66.744283 0.77
66.813287 0.78
66.881917 0.77
66.940288 0.78
67.008915 0.78
67.067287 0.79
67.136093 0.78
67.205663 0.79
67.269538 0.78
67.328539 0.78
67.392664 0.78
67.447540 0.78
67.511984 0.78
67.578547 0.79
67.637543 0.78
67.696418 0.76
67.760542 0.78
67.824542 0.77
67.883802 0.78
67.937953 0.77
68.002186 0.79
68.071419 0.78
68.130545 0.78
68.189438 0.79
68.248673 0.79
68.312546 0.79
68.371437 0.77
68.435440 0.78
68.494423 0.79
68.553548 0.77
68.608685 0.78
68.672965 0.78
68.747426 0.78
68.806318 0.78
68.870426 0.79
68.934426 0.79
68.988552 0.78
69.038194 0.78
69.112303 0.79
69.176553 0.79
69.235554 0.79
69.286209 0.80
69.337214 0.79
69.391562 0.79
69.441559 0.78
69.496558 0.78
69.546306 0.78
69.606209 0.79
69.657207 0.78
69.717452 0.77
69.776811 0.79
69.835434 0.80
69.899560 0.76
69.949559 0.80
70.004327 0.79
70.068436 0.79
70.122697 0.78
70.182084 0.79
70.251439 0.79
70.310329 0.78
70.374438 0.78
70.433564 0.78
70.497208 0.81
70.571315 0.79
70.630331 0.77
70.699081 0.78
70.759316 0.77
70.823330 0.79
70.884571 0.79
70.948067 0.78
71.008206 0.79
71.082083 0.78
71.145694 0.78
71.206069 0.79
71.275320 0.76
71.339098 0.80
71.408336 0.79
71.468696 0.78
71.527218 0.77
71.586455 0.78
71.646701 0.78
71.700344 0.78
71.760103 0.78
71.808216 0.80
71.877216 0.79
71.942077 0.79
71.990342 0.79
72.045451 0.78
72.100092 0.78
72.170104 0.77
72.235102 0.79
72.284580 0.78
72.348081 0.78
72.416706 0.78
72.475084 0.79
72.543707 0.78
72.602084 0.78
72.671348 0.80
72.735111 0.79
72.799477 0.79
72.863708 0.78
72.922224 0.77
72.985708 0.79
73.045088 0.78
73.119462 0.76
73.183712 0.78
73.252586 0.78
73.317991 0.78
73.387472 0.78
73.441860 0.80
73.510998 0.79
73.585119 0.79
73.659232 0.79
73.728254 0.79
73.787360 0.77
73.851121 0.79
73.919995 0.79
73.993996 0.80
74.057592 0.79
74.132378 0.79
74.193358 0.78
74.247969 0.77
74.322123 0.77
74.382237 0.77
74.433345 0.78
74.488114 0.81
74.548225 0.78
74.608726 0.79
74.678132 0.79
74.733224 0.77
74.796990 0.78
74.870974 0.79
74.935475 0.80
74.995253 0.78
75.060113 0.78
75.124482 0.80
75.189261 0.79
75.254249 0.78
75.310021 0.79
75.384103 0.78
75.452979 0.77
75.526980 0.77
75.601006 0.78
75.674981 0.78
75.739261 0.79
75.804120 0.78
75.867878 0.79
75.932486 0.80
76.001888 0.78
76.071370 0.77
76.137000 0.80
76.211014 0.79
76.285003 0.78
76.349127 0.77
76.417987 0.79
76.482254 0.77
76.545863 0.77
76.606116 0.79
76.675128 0.78
76.744006 0.77
76.813008 0.78
76.882130 0.78
76.951082 0.79
77.025369 0.78
77.089371 0.78
77.144384 0.78
77.204255 0.79
77.258894 0.80
77.322994 0.77
77.392382 0.79
77.442395 0.76
77.507129 0.78
77.558388 0.80
77.617496 0.78
77.686496 0.77
77.744898 0.79
77.819058 0.78
77.882999 0.78
77.946907 0.79
78.016500 0.78
78.075508 0.78
78.145273 0.77
78.211503 0.80
78.269908 0.78
78.334002 0.79
78.403509 0.79
78.457275 0.78
78.526378 0.79
78.592507 0.78
78.656638 0.77
78.728143 0.79
78.792258 0.79
78.861406 0.80
78.921079 0.80
78.984761 0.78
79.054140 0.78
79.117912 0.78
79.186912 0.78
79.261136 0.79
79.324915 0.79
79.393916 0.78
79.460386 0.78
79.524390 0.80
79.584764 0.80
79.648923 0.80
79.713138 0.77
79.768645 0.79
79.833280 0.78
79.894183 0.78
79.960646 0.78
80.030166 0.77
80.084921 0.78
80.148930 0.78
80.213034 0.79
80.271919 0.78
80.335926 0.78
80.400287 0.80
80.469969 0.80
80.534076 0.78
80.587896 0.78
80.652174 0.79
80.710897 0.80
80.774399 0.78
80.832898 0.78
80.896773 0.78
80.960928 0.78
81.025069 0.79
81.089164 0.79
81.147929 0.80
81.216651 0.77
81.285902 0.78
81.349929 0.79
81.408930 0.80
81.467402 0.80
81.531420 0.80
81.595279 0.77
81.664403 0.80
81.723045 0.79
81.786780 0.80
81.851188 0.77
81.909912 0.78
81.969180 0.79
82.033426 0.77
82.088532 0.79
82.152407 0.80
82.212658 0.78
82.282814 0.78
82.346785 0.79
82.410910 0.79
82.479660 0.77
82.544941 0.78
82.608661 0.78
82.683055 0.79
82.742064 0.80
82.791788 0.80
82.851694 0.79
82.901303 0.80
82.965306 0.79
83.034181 0.78
83.097664 0.78
83.166790 0.78
83.226667 0.77
83.285307 0.77
83.338792 0.80
83.402668 0.79
83.472673 0.78
83.527318 0.78
83.596669 0.79
83.658062 0.78
83.713094 0.79
83.772310 0.77
83.836314 0.78
83.894923 0.79
83.953958 0.79
84.013705 0.78
84.077299 0.78
84.135798 0.78
84.199548 0.81
84.273675 0.78
84.337800 0.77
84.396305 0.79
84.449801 0.77
84.513551 0.80
84.582177 0.78
84.651320 0.78
84.715318 0.79
84.779429 0.78
84.843817 0.79
84.902805 0.78
84.966805 0.77
85.025322 0.78
85.089324 0.78
85.158806 0.79
85.218585 0.79
85.277323 0.77
85.328583 0.79
85.385330 0.79
85.440439 0.78
85.509561 0.78
85.578309 0.78
85.631810 0.79
85.690310 0.78
85.745330 0.80
85.798814 0.79
85.862687 0.79
85.927591 0.79
85.983594 0.7