0.000000 0.000000
0.057910 61.00
0.128546 61.00
0.188529 61.00
0.247995 61.00
0.303760 61.00
0.367881 62.00
0.431743 62.00
0.495885 61.00
0.565397 61.00
0.629396 61.00
0.693398 61.00
0.749133 61.00
0.799699 61.00
0.859547 61.00
0.931833 61.00
0.986551 62.00
1.056413 62.00
1.116893 61.00
1.171875 61.00
1.226767 61.00
1.285627 61.00
1.336405 61.00
1.397152 61.00
1.452896 61.00
1.511894 61.00
1.566878 61.00
1.621770 61.00
1.685879 61.00
1.744771 61.00
1.803772 61.00
1.862770 61.00
1.926897 61.00
2.001412 61.00
2.070905 61.00
2.134774 61.00
2.198901 61.00
2.257900 61.00
2.332259 61.00
2.396412 61.00
2.465775 61.00
2.524900 61.00
2.599261 61.00
2.658261 61.00
2.717262 61.00
2.786782 61.00
2.845779 61.00
2.904781 61.00
2.963781 62.00
3.022782 62.00
3.081781 61.00
3.140780 61.00
3.199784 61.00
3.258781 61.00
3.317641 61.00
3.388017 61.00
3.451517 61.00
3.506394 61.00
3.566394 61.00
3.629894 61.00
3.698519 61.00
3.753395 61.00
3.806645 62.00
3.877020 62.00
3.932021 61.00
3.986521 61.00
4.035896 61.00
4.096021 61.00
4.151022 61.00
4.196523 62.00
4.254898 62.00
4.318400 61.00
4.371650 61.00
4.445401 62.00
4.503776 62.00
4.572402 61.00
4.625652 61.00
4.699403 61.00
4.752653 61.00
4.826404 61.00
4.879653 61.00
4.953405 61.00
5.006654 61.00
5.080406 61.00
5.133655 61.00
5.207407 61.00
5.260657 61.00
5.334408 61.00
5.387658 61.00
5.461409 61.00
5.514659 61.00
5.588410 61.00
5.641660 61.00
5.715411 61.00
5.770411 61.00
5.825412 62.00
5.880286 62.00
5.938662 62.00
6.012413 62.00
6.067288 61.00
6.125663 61.00
6.199416 61.00
6.254290 61.00
6.314290 61.00
6.374291 61.00
6.434291 61.00
6.487541 61.00
6.557917 62.00
6.612917 62.00
6.658419 62.00
6.707793 61.00
6.767919 61.00
6.813419 61.00
6.864044 61.00
6.927545 61.00
7.001295 61.00
7.054546 61.00
7.124921 61.00
7.170423 61.00
7.221047 61.00
7.284548 61.00
7.358298 62.00
7.411549 62.00
7.485299 62.00
7.538549 61.00
7.612300 61.00
7.665551 61.00
7.739301 61.00
7.792552 61.00
7.866302 61.00
7.919553 61.00
7.993303 61.00
8.046554 61.00
8.120304 61.00
8.173555 61.00
8.247305 61.00
8.300556 62.00
8.374306 62.00
8.429313 62.00
8.482558 62.00
8.556319 61.00
8.609558 61.00
8.683315 61.00
8.736559 61.00
8.810316 61.00
8.865185 61.00
8.925185 61.00
8.985186 61.00
9.045187 61.00
9.105187 61.00
9.158438 61.00
9.223563 61.00
9.288814 61.00
9.343814 61.00
9.398318 61.00
9.456690 61.00
9.516816 61.00
9.571817 61.00
9.626321 61.00
9.675692 62.00
9.739192 62.00
9.792443 62.00
9.862818 62.00
9.908323 61.00
9.957694 61.00
10.021195 61.00
10.074445 61.00
10.148196 62.00
10.201446 62.00
10.275196 62.00
10.328447 62.00
10.402197 62.00
10.455449 62.00
10.529198 62.00
10.582450 62.00
10.656200 62.00
10.719701 62.00
10.783201 62.00
10.836451 62.00
10.910202 61.00
10.963452 61.00
11.037203 62.00
11.092203 62.00
11.145454 61.00
11.219204 61.00
11.274204 62.00
11.329207 62.00
11.393082 62.00
11.462207 61.00
11.536492 62.00
11.591485 62.00
11.646487 61.00
11.716085 61.00
11.772849 62.00
11.834852 62.00
11.896851 61.00
11.957086 61.00
12.013854 61.00
12.075859 61.00
12.137855 61.00
12.196493 62.00
12.255369 62.00
12.314214 61.00
12.383493 61.00
12.442495 62.00
12.497858 62.00
12.561966 61.00
12.625967 61.00
12.679484 61.00
12.738359 61.00
12.807374 61.00
12.867859 61.00
12.932510 61.00
12.991486 61.00
13.050498 62.00
13.109496 62.00
13.173370 62.00
13.242370 62.00
13.306222 62.00
13.375497 62.00
13.439373 62.00
13.513973 61.00
13.577974 61.00
13.646975 62.00
13.705616 62.00
13.764225 62.00
13.833226 62.00
13.902353 61.00
13.966227 61.00
14.035227 62.00
14.104501 62.00
14.168229 61.00
14.237229 61.00
14.302980 62.00
14.366856 62.00
14.441357 62.00
14.505231 61.00
14.574232 61.00
14.643232 62.00
14.712872 62.00
14.773249 61.00
14.837234 61.00
14.896235 62.00
14.960235 62.00
15.024235 62.00
15.088236 62.00
15.152237 62.00
15.211237 62.00
15.275238 61.00
15.339238 61.00
15.403239 62.00
15.467239 62.00
15.526239 61.00
15.590240 61.00
15.654240 62.00
15.718241 62.00
15.782242 61.00
15.841242 61.00
15.905243 62.00
15.969243 62.00
16.033244 62.00
16.097245 62.00
16.156245 62.00
16.220245 62.00
16.284246 62.00
16.348246 62.00
16.412246 62.00
16.471247 62.00
16.535400 61.00
16.594124 61.00
16.662748 61.00
16.726248 61.00
16.799999 62.00
16.854999 62.00
16.908249 62.00
16.982001 62.00
17.035250 62.00
17.109001 62.00
17.169129 61.00
17.218878 61.00
17.278877 61.00
17.333878 61.00
17.393879 62.00
17.453879 62.00
17.508880 62.00
17.568880 62.00
17.628881 61.00
17.683881 61.00
17.743882 62.00
17.803882 62.00
17.853383 62.00
17.913508 61.00
17.959008 61.00
18.008385 61.00
18.068510 61.00
18.123009 61.00
18.181387 61.00
18.241511 62.00
18.291011 62.00
18.341636 62.00
18.405137 62.00
18.478888 62.00
18.532137 61.00
18.605888 61.00
18.659138 62.00
18.732889 62.00
18.786139 62.00
18.859890 61.00
18.913141 61.00
18.986891 62.00
19.055642 62.00
19.119142 62.00
19.192894 62.00
19.246143 62.00
19.319894 62.00
19.373145 62.00
19.446895 62.00
19.500145 62.00
19.573896 62.00
19.627147 62.00
19.700897 62.00
19.766273 62.00
19.834897 62.00
19.889774 62.00
19.949774 62.00
20.008149 62.00
20.081900 62.00
20.136775 62.00
20.195151 62.00
20.268901 62.00
20.323777 62.00
20.383778 62.00
20.443778 62.00
20.503779 61.00
20.557029 61.00
20.627406 62.00
20.681904 62.00
20.731280 62.00
20.791408 62.00
20.846409 62.00
20.901408 62.00
20.955908 62.00
21.006533 62.00
21.070033 62.00
21.140410 61.00
21.185909 61.00
21.236535 61.00
21.300034 61.00
21.373786 61.00
21.427036 61.00
21.497413 62.00
21.542912 62.00
21.602538 61.00
21.666038 61.00
21.739914 62.00
21.808539 62.00
21.872040 62.00
21.945790 62.00
21.999041 61.00
22.072792 61.00
22.126041 62.00
22.199792 62.00
22.253042 61.00
22.326793 61.00
22.380043 62.00
22.453919 62.00
22.522545 62.00
22.587796 62.00
22.642796 62.00
22.696046 62.00
22.769797 62.00
22.823047 62.00
22.896799 62.00
22.951674 62.00
23.011674 62.00
23.071675 62.00
23.131675 62.00
23.191675 62.00
23.244926 62.00
23.315301 62.00
23.378802 62.00
23.433677 62.00
23.486928 61.00
23.557304 61.00
23.612304 61.00
23.666804 61.00
23.721680 62.00
23.774930 62.00
23.840305 62.00
23.885806 62.00
23.936431 62.00
23.999932 62.00
24.073682 62.00
24.126933 62.00
24.200683 62.00
24.253934 62.00
24.327685 62.00
24.380934 62.00
24.454685 62.00
24.507936 62.00
24.595061 61.00
24.658938 61.00
24.732829 62.00
24.801830 62.00
24.870830 62.00
24.939831 62.00
25.022321 62.00
25.081067 62.00
25.144833 61.00
25.208831 62.00
25.272943 62.00
25.341834 62.00
25.405944 62.00
25.469836 62.00
25.547324 62.00
25.602597 62.00
25.666324 62.00
25.730324 62.00
25.785598 62.00
25.849324 62.00
25.913328 62.00
25.968825 62.00
26.022325 62.00
26.086326 61.00
26.150327 61.00
26.214329 62.00
26.274840 62.00
26.338951 62.00
26.402842 62.00
26.466844 62.00
26.530843 62.00
26.594844 62.00
26.658846 62.00
26.722845 62.00
26.786830 62.00
26.850846 62.00
26.919580 62.00
26.972831 62.00
27.046581 62.00
27.099832 61.00
27.168584 61.00
27.221832 61.00
27.295584 61.00
27.348833 62.00
27.422584 62.00
27.475834 62.00
27.549585 62.00
27.602836 62.00
27.676586 62.00
27.729836 62.00
27.798588 62.00
27.851838 62.00
27.925589 62.00
27.978839 61.00
28.052589 61.00
28.105840 62.00
28.179590 62.00
28.232841 62.00
28.306591 62.00
28.359842 62.00
28.428593 62.00
28.483468 62.00
28.543468 62.00
28.608720 62.00
28.658470 62.00
28.718470 62.00
28.787220 62.00
28.850721 62.00
28.921095 62.00
28.984597 62.00
29.033972 62.00
29.094097 62.00
29.157599 62.00
29.206973 62.00
29.267099 62.00
29.312599 62.00
29.363225 62.00
29.426726 62.00
29.497100 62.00
29.542602 62.00
29.600976 62.00
29.664478 62.00
29.717728 62.00
29.791478 62.00
29.844729 62.00
29.918480 62.00
29.971730 62.00
30.045480 62.00
30.103856 62.00
30.172482 62.00
30.225732 62.00
30.299482 62.00
30.352733 62.00
30.426483 62.00
30.479733 62.00
30.553484 62.00
30.606735 61.00
30.680486 61.00
30.733736 62.00
30.807487 61.00
30.860737 61.00
30.934488 62.00
30.989488 62.00
31.042738 62.00
31.116489 62.00
31.171490 62.00
31.226366 62.00
31.286366 62.00
31.346367 62.00
31.404742 62.00
31.478492 62.00
31.533368 62.00
31.593368 62.00
31.653369 62.00
31.713369 61.00
31.773370 61.00
31.836869 62.00
31.905496 62.00
31.960372 62.00
32.013622 62.00
32.083996 62.00
32.129497 62.00
32.184373 61.00
32.237623 61.00
32.307999 62.00
32.353499 62.00
32.411874 62.00
32.472000 62.00
32.517501 62.00
32.568126 62.00
32.631626 62.00
32.705378 62.00
32.758628 62.00
32.832380 62.00
32.885628 62.00
32.959380 62.00
33.012629 62.00
33.086381 62.00
33.139631 62.00
33.213383 62.00
33.266631 62.00
33.340384 62.00
33.393633 62.00
33.467385 62.00
33.520634 62.00
33.594385 62.00
33.647635 62.00
33.721386 62.00
33.774635 62.00
33.848387 62.00
33.901636 62.00
33.975388 62.00
34.030262 62.00
34.088638 62.00
34.162389 62.00
34.217264 62.00
34.277264 62.00
34.337265 62.00
34.397265 62.00
34.457266 62.00
34.517266 62.00
34.570517 62.00
34.635642 62.00
34.700893 62.00
34.755893 62.00
34.810893 62.00
34.865894 62.00
34.920894 62.00
34.975895 62.00
35.034270 62.00
35.087521 62.00
35.157897 62.00
35.203399 61.00
35.254022 61.00
35.317524 62.00
35.391273 62.00
35.444524 62.00
35.518274 62.00
35.571524 61.00
35.645275 61.00
35.698526 62.00
35.772276 62.00
35.825527 62.00
35.899278 62.00
35.952528 61.00
36.026278 61.00
36.079529 62.00
36.153279 62.00
36.206530 61.00
36.280280 61.00
36.333531 62.00
36.407281 62.00
36.460532 62.00
36.534282 62.00
36.589283 62.00
36.644283 62.00
36.697534 62.00
36.771284 62.00
36.826160 62.00
36.886160 62.00
36.946161 62.00
37.006161 62.00
37.069663 62.00
37.138287 62.00
37.193162 62.00
37.256664 62.00
37.325289 62.00
37.380164 62.00
37.433416 62.00
37.503790 62.00
37.549290 61.00
37.607666 61.00
37.667792 62.00
37.722792 62.00
37.777292 61.00
37.826668 61.00
37.886793 61.00
37.941294 62.00
37.991919 62.00
38.050421 62.00
38.124170 62.00
38.177422 62.00
38.246171 62.00
38.299423 62.00
38.373172 62.00
38.426424 62.00
38.500173 62.00
38.553425 62.00
38.627174 62.00
38.680426 62.00
38.754175 62.00
38.807427 62.00
38.876176 62.00
38.929428 62.00
39.003177 62.00
39.056428 62.00
39.130178 62.00
39.183428 62.00
39.257179 62.00
39.310430 62.00
39.384181 62.00
39.439181 62.00
39.494181 62.00
39.547431 62.00
39.621182 62.00
39.676058 61.00
39.736058 61.00
39.796059 62.00
39.861315 62.00
39.911059 62.00
39.971060 62.00
40.036316 62.00
40.089561 62.00
40.158186 62.00
40.213062 62.00
40.276563 62.00
40.336688 62.00
40.391188 62.00
40.449563 62.00
40.509689 62.00
40.564690 62.00
40.619190 62.00
40.669816 62.00
40.733320 62.00
40.807066 61.00
40.860323 61.00
40.934068 62.00
40.987322 62.00
41.057694 62.00
41.103194 62.00
41.153819 62.00
41.217323 62.00
41.291070 61.00
41.344323 61.00
41.418071 62.00
41.471324 62.00
41.545072 62.00
41.598325 62.00
41.672074 62.00
41.725325 62.00
41.799075 62.00
41.852326 62.00
41.921076 62.00
41.974327 62.00
42.048077 61.00
42.101329 61.00
42.175078 62.00
42.228330 62.00
42.302079 61.00
42.355331 61.00
42.429080 62.00
42.483955 62.00
42.547581 61.00
42.611081 61.00
42.664333 62.00
42.733082 62.00
42.787957 62.00
42.847958 62.00
42.913210 61.00
42.962959 61.00
43.022959 62.00
43.077960 62.00
43.131210 62.00
43.201586 62.00
43.256587 62.00
43.311087 62.00
43.365962 62.00
43.424463 62.00
43.484588 62.00
43.530088 62.00
43.580714 62.00
43.644215 62.00
43.714591 62.00
43.760091 62.00
43.810716 62.00
43.874216 62.00
43.947968 61.00
44.001218 62.00
44.074968 62.00
44.128219 62.00
44.201968 62.00
44.255219 61.00
44.328970 61.00
44.382221 62.00
44.455971 62.00
44.509221 61.00
44.582972 61.00
44.636222 62.00
44.709973 62.00
44.770225 62.00
44.833725 62.00
44.897224 62.00
44.970975 62.00
45.024225 62.00
45.097976 62.00
45.151226 62.00
45.224978 62.00
45.278228 62.00
45.351979 62.00
45.406854 61.00
45.466854 61.00
45.525230 62.00
45.598980 62.00
45.662606 62.00
45.726106 62.00
45.796482 62.00
45.859982 62.00
45.914858 62.00
45.968108 62.00
46.038484 62.00
46.093485 62.00
46.147984 62.00
46.198611 62.00
46.262110 62.00
46.332486 62.00
46.387487 62.00
46.432986 62.00
46.491363 62.00
46.554863 62.00
46.608113 62.00
46.681864 62.00
46.735115 62.00
46.808865 61.00
46.862115 61.00
46.932491 62.00
46.977991 62.00
47.028616 62.00
47.092117 62.00
47.165868 61.00
47.219118 61.00
47.292995 62.00
47.366871 62.00
47.420372 62.00
47.474246 62.00
47.537872 62.00
47.601997 62.00
47.675873 61.00
47.729374 61.00
47.782998 62.00
47.856874 62.00
47.912136 62.00
47.978255 62.00
48.037879 62.00
48.088770 62.00
48.152644 62.00
48.218576 62.00
48.278257 62.00
48.332771 62.00
48.388036 61.00
48.432772 61.00
48.496885 62.00
48.566538 62.00
48.622038 62.00
48.669410 62.00
48.715132 62.00
48.773882 62.00
48.833135 62.00
48.892009 62.00
48.951009 62.00
49.021413 62.00
49.067134 62.00
49.121786 62.00
49.181139 62.00
49.240013 62.00
49.304136 62.00
49.368150 62.00
49.438434 62.00
49.502658 62.00
49.561531 62.00
49.625264 62.00
49.679275 62.00
49.733796 62.00
49.803538 62.00
49.867535 62.00
49.926266 62.00
49.980146 61.00
50.034020 61.00
50.093019 61.00
50.161909 62.00
50.235910 62.00
50.300147 62.00
50.359021 62.00
50.418021 62.00
50.491911 62.00
50.556284 62.00
50.612570 62.00
50.677025 62.00
50.741024 62.00
50.800023 62.00
50.859028 62.00
50.918026 62.00
50.977026 62.00
51.035900 62.00
51.099901 62.00
51.164030 62.00
51.219153 62.00
51.273028 62.00
51.332028 62.00
51.395903 62.00
51.455032 62.00
51.518904 62.00
51.588030 62.00
51.642905 62.00
51.702030 62.00
51.757034 62.00
51.821033 62.00
51.876157 62.00
51.934908 62.00
51.999038 62.00
52.068444 62.00
52.132565 62.00
52.188801 62.00
52.244927 62.00
52.304297 62.00
52.350165 62.00
52.409703 62.00
52.480174 62.00
52.544917 62.00
52.609816 62.00
52.675052 62.00
52.745169 62.00
52.799043 62.00
52.860424 62.00
52.926986 62.00
52.986420 62.00
53.050418 62.00
53.119921 62.00
53.179045 62.00
53.243167 62.00
53.301934 62.00
53.365794 62.00
53.429923 62.00
53.494173 62.00
53.548047 62.00
53.614301 62.00
53.673796 62.00
53.743185 62.00
53.807049 62.00
53.867828 62.00
53.917566 62.00
53.972561 62.00
54.031049 62.00
54.084674 62.00
54.139568 62.00
54.189050 62.00
54.244176 62.00
54.302678 62.00
54.361052 62.00
54.421177 62.00
54.485056 62.00
54.543718 62.00
54.598695 62.00
54.658695 62.00
54.709316 62.00
54.774945 62.00
54.849695 62.00
54.900306 62.00
54.958825 62.00
55.022557 62.00
55.096587 61.00
55.147315 61.00
55.211059 62.00
55.274559 62.00
55.327935 62.00
55.391589 62.00
55.465703 62.00
55.516317 62.00
55.574811 62.00
55.648591 62.00
55.712438 62.00
55.781317 62.00
55.845316 62.00
55.909318 62.00
55.962942 62.00
56.032320 62.00
56.091321 62.00
56.155319 62.00
56.214323 62.00
56.278835 62.00
56.342834 62.00
56.411834 62.00
56.480836 62.00
56.539839 62.00
56.598838 62.00
56.662570 62.00
56.715946 62.00
56.784822 62.00
56.843953 62.00
56.913583 62.00
56.982837 62.00
57.041594 62.00
57.105949 62.00
57.159593 62.00
57.214327 62.00
57.279079 62.00
57.328971 62.00
57.382830 62.00
57.441707 62.00
57.515954 62.00
57.585339 62.00
57.644828 62.00
57.699594 62.00
57.750204 62.00
57.813954 62.00
57.863848 62.00
57.922597 62.00
57.973366 62.00
58.024361 62.00
58.079206 62.00
58.143361 62.00
58.207208 62.00
58.271210 62.00
58.334709 62.00
58.409835 62.00
58.464727 62.00
58.528835 62.00
58.592727 62.00
58.651728 62.00
58.716099 62.00
58.776841 62.00
58.840734 62.00
58.899730 62.00
58.958714 62.00
59.022730 62.00
59.081991 62.00
59.137480 62.00
59.192470 62.00
59.247470 62.00
59.302346 62.00
59.362346 62.00
59.422345 62.00
59.481848 62.00
59.551221 62.00
59.620720 62.00
59.684720 62.00
59.748734 62.00
59.803734 62.00
59.864229 62.00
59.923860 62.00
59.978224 62.00
60.039974 62.00
60.098736 62.00
60.157740 62.00
60.216473 62.00
60.267224 62.00
60.318100 62.00
60.383477 62.00
60.453993 62.00
60.499743 62.00
60.554476 62.00
60.605227 62.00
60.656227 62.00
60.707102 62.00
60.778109 62.00
60.842231 62.00
60.907746 62.00
60.966730 62.00
61.021619 62.00
61.085747 62.00
61.149750 62.00
61.213857 62.00
61.267750 62.00
61.331874 62.00
61.390483 62.00
61.459234 62.00
61.523751 62.00
61.587485 62.00
61.651751 62.00
61.715753 62.00
61.784391 62.00
61.858367 62.00
61.913368 62.00
61.966616 62.00
62.040367 62.00
62.093615 62.00
62.167369 62.00
62.227865 62.00
62.288240 62.00
62.353615 62.00
62.427367 62.00
62.482241 62.00
62.542242 62.00
62.607868 62.00
62.666762 62.00
62.721887 62.00
62.776761 62.00
62.840495 62.00
62.909496 62.00
62.978496 62.00
63.047496 62.00
63.116498 62.00
63.185498 62.00
63.254498 62.00
63.323247 62.00
63.376499 62.00
63.450249 62.00
63.503499 62.00
63.577250 62.00
63.630501 62.00
63.704251 62.00
63.757501 62.00
63.831253 62.00
63.884503 62.00
63.958253 62.00
64.011504 62.00
64.085261 62.00
64.138508 62.00
64.212255 62.00
64.265506 62.00
64.339256 62.00
64.392507 62.00
64.466260 62.00
64.519509 62.00
64.593258 62.00
64.646509 62.00
64.720259 62.00
64.775259 62.00
64.845890 62.00
64.909387 62.00
64.983261 62.00
65.038136 62.00
65.098137 62.00
65.158138 62.00
65.221780 62.00
65.285515 62.00
65.359531 62.00
65.428418 62.00
65.497420 62.00
65.561426 62.00
65.625422 62.00
65.680534 62.00
65.739267 62.00
65.788644 62.00
65.848894 62.00
65.913157 62.00
65.978025 62.00
66.043558 62.00
66.107270 62.00
66.163424 62.00
66.223773 62.00
66.279159 62.00
66.332523 62.00
66.396147 62.00
66.449538 62.00
66.513430 62.00
66.582149 62.00
66.635409 62.00
66.709156 62.00
66.762405 62.00
66.836154 62.00
66.889408 62.00
66.963156 62.00
67.016543 62.00
67.075279 62.00
67.149434 62.00
67.218280 62.00
67.287280 62.00
67.356437 62.00
67.420281 62.00
67.484282 62.00
67.548282 62.00
67.617435 62.00
67.686549 62.00
67.752814 62.00
67.812586 62.00
67.864162 62.00
67.933567 62.00
67.992286 62.00
68.056429 62.00
68.115550 62.00
68.175666 62.00
68.230666 62.00
68.285666 62.00
68.340667 62.00
68.395669 62.00
68.450822 62.00
68.510586 62.00
68.564455 62.00
68.623452 62.00
68.682292 62.00
68.746292 62.00
68.810741 62.00
68.875550 62.00
68.935048 62.00
68.999296 62.00
69.063449 62.00
69.122170 62.00
69.191694 62.00
69.261677 62.00
69.311550 62.00
69.375173 62.00
69.449298 62.00
69.513298 62.00
69.587926 62.00
69.657175 62.00
69.726300 62.00
69.795176 62.00
69.864176 62.00
69.933177 62.00
70.002052 62.00
70.055302 62.00
70.129303 62.00
70.203179 62.00
70.272185 62.00
70.331430 62.00
70.395181 62.00
70.464181 62.00
70.533182 62.00
70.602182 62.00
70.676182 62.00
70.750058 62.00
70.804933 62.00
70.873188 62.00
70.928186 62.00
70.979186 62.00
71.027435 62.00
71.096315 62.00
71.155062 62.00
71.209829 62.00
71.263188 62.00
71.333579 62.00
71.379189 62.00
71.439564 62.00
71.485189 62.00
71.554815 62.00
71.618692 62.00
71.682191 62.00
71.751191 62.00
71.815192 62.00
71.888943 62.00
71.942197 62.00
72.012573 62.00
72.058071 62.00
72.108696 62.00
72.172197 62.00
72.245947 62.00
72.309713 62.00
72.373197 62.00
72.437197 62.00
72.510948 62.00
72.569840 62.00
72.633717 62.00
72.697199 62.00
72.766200 62.00
72.830075 62.00
72.903951 62.00
72.957201 62.00
73.026831 62.00
73.087237 62.00
73.146078 62.00
73.214845 62.00
73.274954 62.00
73.335210 62.00
73.391088 62.00
73.450209 62.00
73.519082 62.00
73.588206 62.00
73.643207 62.00
73.707087 62.00
73.776084 62.00
73.840084 62.00
73.910458 62.00
73.969084 62.00
74.033085 62.00
74.097377 62.00
74.157965 62.00
74.222088 62.00
74.285962 62.00
74.356489 62.00
74.402088 62.00
74.462643 62.00
74.521975 62.00
74.586853 62.00
74.651093 62.00
74.715091 62.00
74.779091 62.00
74.852842 62.00
74.911371 62.00
74.970092 62.00
75.036228 62.00
75.104847 62.00
75.158096 62.00
75.231847 62.00
75.285097 62.00
75.358849 62.00
75.417857 62.00
75.483979 62.00
75.548225 62.00
75.607099 62.00
75.671107 62.00
75.735099 62.00
75.804099 62.00
75.868099 62.00
75.936975 62.00
76.006101 62.00
76.069866 62.00
76.128742 62.00
76.197727 62.00
76.261746 62.00
76.322005 62.00
76.370508 62.00
76.431012 62.00
76.486015 62.00
76.531506 62.00
76.596873 62.00
76.649526 62.00
76.708233 62.00
76.761856 62.00
76.814384 62.00
76.865512 62.00
76.924760 62.00
76.978234 62.00
77.032236 62.00
77.095864 62.00
77.170861 62.00
77.236987 62.00
77.307387 62.00
77.363756 62.00
77.427865 62.00
77.483737 62.00
77.549393 62.00
77.604620 62.00
77.669114 62.00
77.733868 62.00
77.803872 62.00
77.877759 62.00
77.942440 62.00
78.001631 62.00
78.066001 62.00
78.135244 62.00
78.194777 62.00
78.261697 62.00
78.325997 62.00
78.394870 62.00
78.464124 62.00
78.527871 62.00
78.591871 62.00
78.657121 62.00
78.725747 62.00
78.789766 62.00
78.848500 62.00
78.903878 62.00
78.966003 62.00
79.020128 62.00
79.078893 62.00
79.147876 62.00
79.216751 62.00
79.285892 62.00
79.351769 62.00
79.412419 62.00
79.472534 62.00
79.531773 62.00
79.588255 62.00
79.643898 62.00
79.704255 62.00
79.764416 62.00
79.833539 62.00
79.888390 62.00
79.958135 62.00
80.011884 62.00
80.078258 62.00
80.124141 62.00
80.188415 62.00
80.257783 62.00
80.326652 62.00
80.390785 62.00
80.459762 62.00
80.515763 62.00
80.566433 62.00
80.626641 62.00
80.695780 62.00
80.764889 62.00
80.829152 62.00
80.887780 62.00
80.956782 62.00
81.026027 62.00
81.081781 62.00
81.150785 62.00
81.214892 62.00
81.278769 62.00
81.347787 62.00
81.411901 62.00
81.475895 62.00
81.539772 62.00
81.603896 62.00
81.672647 62.00
81.736423 62.00
81.800424 62.00
81.865778 62.00
81.924430 62.00
81.993436 62.00
82.048524 62.00
82.103539 62.00
82.167417 62.00
82.231901 62.00
82.300779 62.00
82.359904 62.00
82.423905 62.00
82.483038 62.00
82.536943 62.00
82.602038 62.00
82.663287 62.00
82.723536 62.00
82.778411 62.00
82.831924 62.00
82.901689 62.00
82.956920 62.00
83.021444 62.00
83.081800 62.00
83.140783 62.00
83.205683 62.00
83.269661 62.00
83.325788 62.00
83.390037 62.00
83.448803 62.00
83.508048 62.00
83.573170 62.00
83.642788 62.00
83.702048 62.00
83.766049 62.00
83.835812 62.00
83.904914 62.00
83.968669 62.00
84.043044 62.00
84.103866 62.00
84.157794 62.00
84.216917 62.00
84.271052 62.00
84.330552 62.00
84.400426 62.00
84.470297 62.00
84.535432 62.00
84.602302 62.00
84.666673 62.00
84.732444 62.00
84.786300 62.00
84.846298 62.00
84.905433 62.00
84.976735 62.00
85.031066 62.00
85.091687 62.00
85.150829 62.00
85.217059 62.00
85.272305 62.00
85.331934 62.00
85.396830 62.00
85.462063 62.00
85.507930 62.00
85.566566 62.00
85.630613 62.00
85.691179 62.00
85.749697 62.00
85.818582 62.00
85.869180 62.00
85.932931 62.00
85.991584 62.00
86.051182 62.00
86.114932 62.00
86.173586 62.00
86.247586 62.00
86.316587 62.00
86.385588 62.00
86.459588 62.00
86.528590 62.00
86.597590 62.00
86.666588 62.00
86.730827 62.00
86.796467 62.00
86.860829 62.00
86.926468 62.00
86.990832 62.00
87.056593 62.00
87.122720 62.00
87.181833 62.00
87.240834 62.00
87.299474 62.00
87.368594 62.00
87.432595 62.00
87.496595 62.00
87.557069 62.00
87.615834 62.00
87.674598 62.00
87.738835 62.00
87.797837 62.00
87.861599 62.00
87.931196 62.00
87.984840 62.00
88.043599 62.00
88.107602 62.00
88.171839 62.00
88.230602 62.00
88.299603 62.00
88.374200 62.00
88.438201 62.00
88.491592 62.00
88.560605 62.00
88.624595 62.00
88.693845 62.00
88.752482 62.00
88.821608 62.00
88.885594 62.00
88.949853 62.00
89.014205 62.00
89.078206 62.00
89.133206 62.00
89.188206 62.00
89.248850 62.00
89.307849 62.00
89.368365 62.00
89.437723 62.00
89.496727 62.00
89.562489 62.00
89.627852 62.00
89.681728 62.00
89.747489 62.00
89.813369 62.00
89.879491 62.00
89.938213 62.00
90.007729 62.00
90.066365 62.00
90.135730 62.00
90.194730 62.00
90.253730 62.00
90.312493 62.00
90.377966 62.00
90.436732 62.00
90.495735 62.00
90.549735 62.00
90.613496 62.00
90.672737 62.00
90.736499 62.00
90.791496 62.00
90.846496 62.00
90.915737 62.00
90.975096 62.00
91.034096 62.00
91.098222 62.00
91.162478 62.00
91.232427 62.00
91.293229 62.00
91.362744 62.00
91.412505 62.00
91.476742 62.00
91.535380 62.00
91.599504 62.00
91.674101 62.00
91.727505 62.00
91.796382 62.00
91.865504 62.00
91.934507 62.00
92.003507 62.00
92.072508 62.00
92.141385 62.00
92.205509 62.00
92.275106 62.00
92.335386 62.00
92.399748 62.00
92.463749 62.00
92.519389 62.00
92.583751 62.00
92.647749 62.00
92.711485 62.00
92.780485 62.00
92.849486 62.00
92.923392 62.00
92.992392 62.00
93.061488 62.00
93.120488 62.00
93.194618 62.00
93.248404 62.00
93.307241 62.00
93.371241 62.00
93.440491 62.00
93.500880 62.00
93.559492 62.00
93.623397 62.00
93.683884 62.00
93.742494 62.00
93.802886 62.00
93.861494 62.00
93.921887 62.00
93.985870 62.00
94.049871 62.00
94.108496 62.00
94.167247 62.00
94.236497 62.00
94.300498 62.00
94.359248 62.00
94.423249 62.00
94.487647 62.00
94.551875 62.00
94.615876 62.00
94.684875 62.00
94.748376 62.00
94.822126 62.00
94.875377 62.00
94.949129 62.00
95.002379 62.00
95.076127 62.00
95.129389 62.00
95.203132 62.00
95.256382 62.00
95.330130 62.00
95.383382 62.00
95.457131 62.00
95.520632 62.00
95