0.000000 0.000000
0.041755 6.01
0.103440 2.66
0.168618 2.66
0.232864 2.66
0.291863 2.66
0.355862 2.66
0.424612 2.66
0.498613 2.66
0.572628 2.66
0.641863 2.66
0.711002 2.66
0.765519 2.66
0.825537 2.66
0.892663 2.66
0.952646 4.34
1.017512 4.34
1.071261 4.34
1.130260 4.34
1.199259 4.34
1.267994 4.34
1.331869 4.34
1.396407 4.34
1.461527 4.34
1.523001 4.34
1.576874 4.34
1.635748 4.34
1.699873 4.68
1.768624 4.34
1.837624 4.34
1.901624 4.34
1.965750 4.34
2.029626 4.34
2.093626 4.34
2.157752 4.68
2.221627 4.34
2.285628 4.68
2.349628 4.34
2.413629 4.68
2.477629 4.34
2.541754 4.68
2.605880 4.34
2.664756 4.34
2.728631 4.34
2.792649 4.34
2.856632 4.34
2.920882 4.34
2.979758 4.34
3.043883 4.34
3.102650 4.34
3.166885 4.34
3.225760 4.34
3.289886 4.34
3.348761 4.34
3.412886 4.34
3.471762 4.34
3.535888 4.34
3.594763 4.34
3.669169 4.34
3.733169 4.34
3.797279 4.34
3.866640 4.34
3.930765 4.34
3.994641 4.34
4.058642 4.34
4.122767 4.34
4.186768 4.34
4.245893 4.34
4.304769 4.34
4.363644 4.34
4.427894 4.34
4.481412 4.34
4.541676 4.34
4.600663 4.34
4.664647 4.34
4.733538 4.34
4.797022 4.34
4.850541 4.34
4.914023 4.34
4.967542 4.34
5.022150 4.34
5.087556 4.34
5.151543 4.34
5.207292 4.34
5.271026 4.34
5.324418 4.34
5.371777 4.34
5.435544 4.34
5.491306 4.34
5.555036 4.34
5.613554 4.34
5.672037 4.34
5.725655 4.34
5.794656 4.34
5.854549 4.34
5.919656 4.34
5.983425 4.34
6.043658 4.34
6.109036 4.68
6.173036 4.34
6.237188 4.34
6.297552 4.34
6.361660 4.34
6.420785 4.34
6.479661 4.34
6.548662 4.34
6.607662 4.34
6.666788 4.34
6.725663 4.34
6.789788 4.34
6.848664 4.34
6.912790 4.34
6.971666 4.34
7.035791 4.34
7.089556 4.34
7.153792 4.34
7.212667 4.34
7.271667 4.68
7.330558 4.68
7.394669 4.34
7.453544 4.34
7.517566 4.34
7.581670 4.34
7.640670 4.34
7.699671 4.34
7.758671 4.34
7.817672 4.68
7.876564 4.34
7.940673 4.34
7.999567 4.34
8.068566 4.34
8.132675 4.34
8.187568 4.34
8.242205 4.34
8.297203 4.34
8.352204 4.34
8.407192 4.34
8.470927 4.34
8.535087 4.34
8.591207 4.34
8.650089 4.34
8.710209 4.34
8.765445 4.34
8.829555 4.34
8.888571 4.34
8.948572 4.34
9.007557 4.34
9.066682 4.34
9.135932 4.34
9.200088 4.34
9.269452 4.34
9.333577 4.34
9.392576 4.34
9.456685 4.34
9.515577 4.34
9.579686 4.34
9.648936 4.34
9.713093 4.34
9.782453 4.34
9.846582 4.34
9.905689 4.34
9.959581 4.34
10.018564 4.34
10.077581 4.34
10.136583 4.34
10.195566 4.34
10.254584 4.34
10.313583 4.34
10.372693 4.34
10.426568 4.34
10.485584 4.34
10.544569 4.34
10.603569 4.34
10.662587 4.34
10.721587 4.34
10.776587 4.34
10.835571 4.34
10.894586 4.34
10.953697 4.34
11.007588 4.34
11.062589 4.34
11.117588 4.34
11.172591 4.34
11.227591 4.34
11.282590 4.34
11.337590 4.34
11.392592 4.34
11.447593 4.34
11.502593 4.34
11.557594 4.34
11.612592 4.34
11.667594 4.34
11.722596 4.34
11.786704 4.34
11.840594 4.34
11.895597 4.34
11.950598 4.34
12.005596 4.34
12.060598 4.34
12.124581 4.34
12.183599 4.68
12.247599 4.34
12.306601 4.34
12.370584 4.34
12.429599 4.34
12.493584 4.34
12.552602 4.34
12.616585 4.34
12.675602 4.34
12.739212 4.34
12.809837 4.34
12.871713 4.34
12.930965 4.34
13.000476 4.34
13.065589 4.34
13.129214 4.34
13.203215 4.34
13.277215 4.34
13.351216 4.34
13.425216 4.34
13.490593 4.34
13.549120 4.34
13.623120 4.34
13.693719 4.34
13.739485 4.34
13.803123 4.34
13.872123 4.34
13.941123 4.34
14.005236 4.34
14.074238 4.34
14.148126 4.34
14.222124 4.34
14.296239 4.34
14.370489 4.34
14.429240 4.34
14.503242 4.34
14.562241 4.34
14.618128 4.34
14.692242 4.34
14.756976 4.34
14.820477 4.34
14.889104 4.34
14.947478 4.34
15.016246 4.34
15.085107 4.34
15.154622 4.34
15.213247 4.34
15.287108 4.34
15.361108 4.34
15.435109 4.34
15.504247 4.34
15.573247 4.34
15.642375 4.34
15.711111 4.34
15.782238 4.34
15.841139 4.34
15.910139 4.34
15.974253 4.34
16.038254 4.34
16.107138 4.34
16.181114 4.34
16.255115 4.34
16.329116 4.34
16.392990 4.34
16.453382 4.34
16.517117 4.34
16.580991 4.34
16.641383 4.34
16.696390 4.34
16.760270 4.34
16.824259 4.34
16.879509 4.34
16.937994 4.34
16.998386 4.34
17.053386 4.34
17.111996 4.34
17.177746 4.34
17.246872 4.34
17.310748 4.34
17.385125 4.34
17.449262 4.34
17.513266 4.34
17.577388 4.34
17.641390 4.34
17.705392 4.34
17.769284 4.34
17.833268 4.34
17.897266 4.34
17.961278 4.34
18.025395 4.34
18.084005 4.34
18.153132 4.34
18.217131 4.34
18.276131 4.34
18.347135 4.34
18.411272 4.34
18.475397 4.34
18.534007 4.34
18.603274 4.34
18.667272 4.34
18.731274 4.34
18.797013 4.34
18.860885 4.34
18.924886 4.34
18.985138 4.34
19.045139 4.34
19.109278 4.34
19.168139 4.34
19.227013 4.34
19.291013 4.34
19.355141 4.34
19.414015 4.34
19.478015 4.34
19.542015 4.34
19.601016 4.34
19.665016 4.34
19.729017 4.34
19.797892 4.34
19.856267 4.34
19.924893 4.34
19.972145 4.34
20.022768 4.34
20.086269 4.34
20.154894 4.34
20.213270 4.34
20.281895 4.34
20.345521 4.34
20.403897 4.34
20.462272 4.34
20.530898 4.34
20.589273 4.34
20.657898 4.34
20.716275 4.34
20.784899 4.34
20.843276 4.34
20.911900 4.34
20.975526 4.34
21.033902 4.34
21.092278 4.34
21.160903 4.34
21.219278 4.34
21.287904 4.34
21.346280 4.34
21.414904 4.34
21.473280 4.34
21.541906 4.34
21.605531 4.34
21.674157 4.34
21.739283 4.34
21.807908 4.34
21.871534 4.34
21.922910 4.34
21.976159 4.34
22.044785 4.34
22.103160 4.34
22.171786 4.34
22.223042 4.34
22.272412 4.34
22.330787 4.34
22.378043 4.34
22.427413 4.34
22.485789 4.34
22.540789 4.34
22.599164 4.34
22.667790 4.34
22.726166 4.34
22.794790 4.34
22.842043 4.34
22.892666 4.34
22.956167 4.34
23.024792 4.34
23.083168 4.34
23.151793 4.34
23.223545 4.34
23.292170 4.34
23.360796 4.34
23.419171 4.34
23.487796 4.34
23.551422 4.34
23.609797 4.34
23.668172 4.34
23.736798 4.34
23.795174 4.34
23.863799 4.34
23.922174 4.34
23.990801 4.34
24.049176 4.34
24.117801 4.34
24.181427 4.34
24.239802 4.34
24.298177 4.34
24.366803 4.34
24.426805 4.34
24.486805 4.34
24.546806 4.34
24.606806 4.34
24.666806 4.34
24.726808 4.34
24.781809 4.34
24.841809 4.34
24.905307 4.34
24.968808 4.34
25.024559 4.34
25.088061 4.34
25.156684 4.34
25.207810 4.34
25.262311 4.34
25.320686 4.34
25.375686 4.34
25.430686 4.34
25.477937 4.34
25.527313 4.34
25.585688 4.34
25.644065 4.34
25.712689 4.34
25.771066 4.34
25.839690 4.34
25.898067 4.34
25.966691 4.34
26.025069 4.34
26.093692 4.34
26.162443 4.34
26.231070 4.34
26.299694 4.34
26.358071 4.34
26.426695 4.34
26.485072 4.34
26.553695 4.34
26.612073 4.34
26.680697 4.34
26.739074 4.34
26.807697 4.34
26.878199 4.34
26.941699 4.34
27.000076 4.34
27.068700 4.34
27.127077 4.34
27.195701 4.34
27.255703 4.34
27.315704 4.34
27.375705 4.34
27.435704 4.34
27.495705 4.34
27.555706 4.34
27.615706 4.34
27.675707 4.34
27.735708 4.34
27.795707 4.34
27.848956 4.34
27.917582 4.34
27.964832 4.34
28.015458 4.34
28.078958 4.34
28.147584 4.34
28.198709 4.34
28.254460 4.34
28.317959 4.34
28.386586 4.34
28.442836 4.34
28.492211 4.34
28.550588 4.34
28.608962 4.34
28.677588 4.34
28.735964 4.34
28.804588 4.34
28.873340 4.34
28.941965 4.34
29.010591 4.34
29.068966 4.34
29.137591 4.34
29.195967 4.34
29.264593 4.34
29.322968 4.34
29.391594 4.34
29.449969 4.34
29.518595 4.34
29.589097 4.34
29.652595 4.34
29.710972 4.34
29.779598 4.34
29.837973 4.34
29.906597 4.34
29.966602 4.34
30.026603 4.34
30.086601 4.34
30.146603 4.34
30.206603 4.34
30.270103 4.34
30.333602 4.34
30.393604 4.34
30.446853 4.34
30.511978 4.34
30.575479 4.34
30.635604 4.34
30.695606 4.34
30.748855 4.34
30.817481 4.34
30.872481 4.34
30.927481 4.34
30.974733 4.34
31.025357 4.34
31.088857 4.34
31.157483 4.34
31.215859 4.34
31.279484 4.34
31.337859 4.34
31.406485 4.34
31.453736 4.34
31.504361 4.34
31.567861 4.34
31.636488 4.34
31.694862 4.34
31.763488 4.34
31.821863 4.34
31.890489 4.34
31.948864 4.34
32.017490 4.34
32.075865 4.34
32.144492 4.34
32.202866 4.34
32.266491 4.34
32.324868 4.34
32.393493 4.34
32.451868 4.34
32.520494 4.34
32.578869 4.34
32.647495 4.34
32.707496 4.34
32.765871 4.34
32.834496 4.34
32.894498 4.34
32.954500 4.34
33.014499 4.34
33.074500 4.34
33.134501 4.34
33.194501 4.34
33.247749 4.34
33.312875 4.34
33.376376 4.34
33.431376 4.34
33.486376 4.34
33.537502 4.34
33.592002 4.34
33.650378 4.34
33.705379 4.34
33.756504 4.34
33.820004 4.34
33.878380 4.34
33.925630 4.34
33.976255 4.34
34.039756 4.34
34.108382 4.34
34.166757 4.34
34.235383 4.34
34.293758 4.34
34.362384 4.34
34.420759 4.34
34.489385 4.34
34.547760 4.34
34.616386 4.34
34.674761 4.34
34.743387 4.34
34.801762 4.34
34.870388 4.34
34.928764 4.34
34.997389 4.34
35.055765 4.34
35.124390 4.34
35.182765 4.34
35.251391 4.34
35.309766 4.34
35.378392 4.34
35.436767 4.34
35.505393 4.34
35.563768 4.34
35.632395 4.34
35.692396 4.34
35.752396 4.34
35.812398 4.34
35.872398 4.34
35.944149 4.34
36.014399 4.34
36.067647 4.34
36.136274 4.34
36.196398 4.34
36.256023 4.34
36.324650 4.34
36.393275 4.34
36.448275 4.34
36.503276 4.34
36.558277 4.34
36.616652 4.34
36.685278 4.34
36.732528 4.34
36.783153 4.34
36.846653 4.34
36.915279 4.34
36.973654 4.34
37.042280 4.34
37.100656 4.34
37.169282 4.34
37.227657 4.34
37.296282 4.34
37.354657 4.34
37.423284 4.34
37.481658 4.34
37.550284 4.34
37.608660 4.34
37.677286 4.34
37.735660 4.34
37.804287 4.34
37.862662 4.34
37.931288 4.34
37.989662 4.34
38.058289 4.34
38.118415 4.34
38.171665 4.34
38.240290 4.34
38.300417 4.34
38.353665 4.34
38.422291 4.34
38.482294 4.34
38.540667 4.34
38.609292 4.34
38.669295 4.34
38.727668 4.34
38.796294 4.34
38.859795 4.34
38.918170 4.34
38.973171 4.34
39.028172 4.34
39.083172 4.34
39.130422 4.34
39.185299 4.34
39.238548 4.34
39.307174 4.34
39.354424 4.34
39.412799 4.34
39.471175 4.34
39.529550 4.34
39.598176 4.34
39.645426 4.34
39.696053 4.34
39.759552 4.34
39.828178 4.34
39.886553 4.34
39.955179 4.34
40.013554 4.34
40.082180 4.34
40.140555 4.34
40.209181 4.34
40.267556 4.34
40.336182 4.34
40.394557 4.34
40.463183 4.34
40.521558 4.34
40.590183 4.34
40.648560 4.34
40.717185 4.34
40.775560 4.34
40.844186 4.34
40.902562 4.34
40.971187 4.34
41.029563 4.34
41.098188 4.34
41.156563 4.34
41.225189 4.34
41.285191 4.34
41.345192 4.34
41.405192 4.34
41.465192 4.34
41.525193 4.34
41.585193 4.34
41.645193 4.34
41.705195 4.34
41.758443 4.34
41.827070 4.34
41.882070 4.34
41.937071 4.34
41.988195 4.34
42.048197 4.34
42.101446 4.34
42.170073 4.34
42.217322 4.34
42.275698 4.34
42.334074 4.34
42.381323 4.34
42.431949 4.34
42.495449 4.34
42.564077 4.34
42.622450 4.34
42.691077 4.34
42.749452 4.34
42.818078 4.34
42.876452 4.34
42.945079 4.34
43.003454 4.34
43.072080 4.34
43.130454 4.34
43.199081 4.34
43.257455 4.34
43.326082 4.34
43.384456 4.34
43.453084 4.34
43.511457 4.34
43.580085 4.34
43.638458 4.34
43.707086 4.34
43.767210 4.34
43.820460 4.34
43.889086 4.34
43.949212 4.34
44.004088 4.34
44.064088 4.34
44.124089 4.34
44.184089 4.34
44.244089 4.34
44.304090 4.34
44.367590 4.34
44.431090 4.34
44.491091 4.34
44.544340 4.34
44.612966 4.34
44.664092 4.34
44.724093 4.34
44.777343 4.34
44.845968 4.34
44.893218 4.34
44.943844 4.34
45.007345 4.34
45.075970 4.34
45.123220 4.34
45.181595 4.34
45.239971 4.34
45.298347 4.34
45.366971 4.34
45.414222 4.34
45.464848 4.34
45.528348 4.34
45.596974 4.34
45.655349 4.34
45.723975 4.34
45.782350 4.34
45.850976 4.34
45.909351 4.34
45.977977 4.34
46.036353 4.34
46.104978 4.34
46.163354 4.34
46.231979 4.34
46.290355 4.34
46.353980 4.34
46.412355 4.34
46.480981 4.34
46.539357 4.34
46.607983 4.34
46.668110 4.34
46.723110 4.34
46.776359 4.34
46.844983 4.34
46.904987 4.34
46.963360 4.34
47.031985 4.34
47.091988 4.34
47.151988 4.34
47.211988 4.34
47.271989 4.34
47.326990 4.34
47.386990 4.34
47.446990 4.34
47.501991 4.34
47.555240 4.34
47.624310 12.32
47.688746 6.36
47.742620 6.36
47.806743 6.36
47.865744 6.36
47.924874 6.36
47.977637 6.36
48.047122 6.36
48.105995 6.68
48.169995 6.68
48.244500 6.68
48.303623 6.68
48.362623 6.68
48.426748 7.02
48.485763 7.02
48.550002 7.02
48.614001 7.02
48.672875 7.02
48.742000 7.02
48.807760 7.02
48.868756 7.02
48.923879 7.02
48.993003 7.37
49.052003 7.37
49.118012 7.37
49.173634 7.37
49.232649 7.37
49.298163 7.37
49.357005 7.69
49.414014 7.69
49.471010 7.69
49.528043 7.69
49.587008 7.69
49.646008 7.69
49.705009 7.69
49.764009 7.69
49.824009 8.03
49.888010 8.03
49.947161 8.03
50.001643 8.03
50.052766 8.03
50.104171 8.03
50.157888 8.03
50.221762 8.03
50.270934 8.35
50.329890 8.35
50.393765 8.35
50.441014 8.35
50.499765 8.35
50.547289 8.35
50.601144 8.70
50.659767 8.70
50.721533 8.70
50.790172 8.70
50.844023 8.70
50.913538 8.70
50.977534 8.70
51.041535 8.70
51.105145 9.04
51.164653 9.04
51.223900 9.04
51.292898 9.04
51.362021 9.04
51.426153 9.04
51.485542 9.04
51.549542 9.04
51.618538 9.36
51.677149 9.36
51.736329 9.36
51.790153 9.36
51.848776 9.36
51.917776 9.71
51.976152 9.71
52.035156 9.71
52.093904 9.71
52.157779 9.71
52.221306 9.71
52.284779 9.71
52.345676 9.71
52.407910 10.03
52.467552 10.03
52.537438 10.03
52.602537 10.03
52.662791 10.03
52.717794 10.03
52.786908 10.03
52.856668 10.03
52.921311 10.03
52.976791 10.03
53.027815 10.03
53.087047 10.03
53.146700 9.71
53.222050 10.03
53.281674 10.03
53.357228 10.03
53.422055 10.03
53.476326 10.03
53.540049 10.03
53.599238 10.03
53.652791 10.03
53.712557 10.03
53.771045 10.03
53.834667 10.03
53.899918 10.03
53.950544 10.03
54.014339 10.03
54.078047 10.03
54.141672 10.03
54.210670 10.03
54.279545 10.03
54.333051 10.03
54.396921 10.03
54.460671 10.03
54.534797 10.03
54.608797 10.03
54.682674 10.03
54.741424 10.03
54.806828 10.03
54.860057 10.03
54.913677 10.03
54.984176 10.03
55.042926 10.03
55.101801 10.03
55.170806 10.03
55.239802 10.03
55.313682 10.03
55.373564 10.03
55.424554 10.03
55.483447 10.03
55.547447 10.03
55.621459 10.03
55.680198 10.03
55.727436 10.03
55.786199 10.03
55.833557 10.03
55.895338 10.03
55.953933 10.03
56.022684 10.03
56.096560 10.03
56.143812 10.03
56.203687 10.03
56.277687 10.03
56.346812 10.03
56.415690 10.37
56.489563 10.37
56.548191 10.37
56.612203 10.37
56.670566 10.03
56.726820 10.03
56.790457 10.03
56.859199 10.03
56.918209 10.03
56.986944 10.03
57.045944 10.03
57.100132 10.03
57.158943 10.03
57.212584 10.03
57.286697 9.71
57.361212 9.04
57.429946 8.70
57.493577 8.35
57.552227 7.69
57.605821 7.37
57.674571 7.37
57.743573 7.37
57.802198 7.37
57.867574 7.37
57.926215 7.37
57.979825 7.37
58.045103 7.37
58.100590 7.37
58.174468 7.37
58.229468 7.37
58.287829 7.37
58.346470 7.37
58.404829 7.37
58.463454 7.37
58.516829 7.37
58.580580 7.37
58.644580 7.37
58.710634 7.37
58.769834 7.37
58.823582 7.02
58.879471 7.37
58.930582 7.37
58.986472 7.02
59.048297 7.02
59.114348 6.68
59.169725 6.68
59.225095 6.68
59.279122 6.68
59.343845 6.36
59.397714 6.68
59.461603 6.68
59.530603 6.68
59.599588 6.36
59.655481 6.36
59.711482 6.36
59.780605 6.36
59.849607 6.36
59.918590 6.36
59.987591 6.36
60.056592 6.36
60.125592 6.36
60.194482 6.36
60.263467 6.68
60.332218 6.36
60.406386 6.36
60.461846 6.36
60.520608 6.36
60.589596 6.36
60.658470 6.36
60.716847 6.36
60.780648 6.36
60.845107 6.36
60.896479 6.36
60.956479 6.36
61.016479 6.36
61.076480 6.36
61.136481 6.36
61.196556 6.36
61.253514 6.36
61.322494 6.36
61.385977 6.36
61.444369 6.36
61.499370 6.36
61.554514 6.36
61.614256 6.36
61.669233 6.36
61.728138 6.36
61.784231 6.36
61.837981 6.36
61.901981 6.36
61.966736 6.36
62.021734 6.36
62.076734 6.36
62.135608 6.36
62.199609 6.36
62.259609 6.36
62.324393 6.36
62.393988 6.36
62.454251 6.36
62.513138 6.36
62.576987 6.36
62.645736 6.36
62.709998 6.36
62.768369 6.36
62.826742 6.36
62.895367 6.36
62.953743 6.36
63.022381 6.36
63.086117 6.36
63.150146 6.36
63.214146 6.36
63.283508 6.36
63.347635 6.36
63.411621 6.36
63.470619 6.36
63.529634 6.36
63.598369 6.36
63.658496 6.36
63.716995 6.36
63.770625 6.36
63.829624 6.36
63.888623 6.36
63.947513 6.36
64.011623 6.36
64.070624 6.36
64.130147 6.36
64.189755 6.36
64.248628 6.36
64.307626 6.36
64.366626 6.36
64.425626 6.36
64.484501 6.36
64.534002 6.36
64.597627 6.36
64.666519 6.36
64.730521 6.36
64.781158 6.36
64.841267 6.36
64.897279 6.36
64.966630 6.36
65.021647 6.36
65.080646 6.36
65.135631 6.36
65.190657 6.36
65.245140 6.36
65.310886 6.36
65.371635 6.36
65.435652 6.36
65.499635 6.36
65.558650 6.36
65.617513 6.36
65.681013 6.36
65.750011 6.36
65.818637 6.36
65.887263 6.36
65.956308 6.36
66.020281 6.36
66.089015 6.36
66.149422 6.36
66.214891 6.36
66.276766 6.36
66.341642 6.36
66.395143 6.36
66.448518 6.36
66.513768 6.36
66.572285 6.36
66.635894 6.36
66.687275 6.36
66.747276 6.36
66.800523 6.36
66.869149 6.36
66.934278 6.36
66.987525 6.36
67.056148 6.36
67.107540 6.36
67.166289 6.36
67.235292 6.36
67.304293 6.36
67.378551 6.36
67.428548 6.36
67.483545 6.36
67.538545 6.36
67.607295 6.36
67.663153 6.36
67.724903 6.36
67.789658 6.36
67.844656 6.36
67.903423 6.36
67.977185 6.36
68.046309 6.36
68.120915 6.36
68.186312 6.36
68.255289 6.36
68.329160 6.36
68.387534 6.36
68.451186 6.36
68.509540 6.36
68.578162 6.36
68.636537 6.36
68.705163 6.36
68.763538 6.36
68.832312 6.36
68.906196 6.36
68.980288 6.36
69.054043 6.36
69.114321 6.36
69.183165 6.36
69.247557 6.36
69.316916 6.36
69.391166 6.36
69.451167 6.36
69.509792 6.36
69.578936 6.36
69.645197 6.36
69.709197 6.36
69.773048 6.36
69.834795 6.36
69.895199 6.36
69.964306 6.36
70.023921 6.36
70.088201 6.36
70.157048 6.36
70.217566 6.36
70.276057 6.36
70.327314 6.36
70.391116 6.36
70.450929 6.36
70.514550 6.36
70.573051 6.36
70.620301 6.36
70.670926 6.36
70.734427 6.36
70.803063 6.36
70.861429 6.36
70.930054 6.36
70.988428 6.36
71.057054 6.36
71.115430 6.36
71.179185 6.36
71.234933 6.36
71.298433 6.36
71.367060 6.36
71.425434 6.36
71.494064 6.36
71.563095 6.36
71.627213 6.36
71.696090 6.36
71.766686 6.36
71.829214 6.36
71.898944 6.36
71.962812 6.36
72.031937 6.36
72.090938 6.36
72.154689 6.36
72.229096 6.36
72.293190 6.36
72.357219 6.36
72.426220 6.36
72.490096 6.36
72.559095 6.36
72.623825 6.36
72.687693 6.36
72.756694 6.36
72.820694 6.36
72.879462 6.36
72.938100 6.36
73.006952 6.36
73.058077 6.36
73.113824 6.36
73.177324 6.36
73.245950 6.36
73.304327 6.36
73.373948 6.36
73.435699 6.36
73.504575 6.36
73.559229 6.36
73.628085 6.36
73.702829 6.36
73.761470 6.36
73.824952 6.36
73.893953 6.36
73.963108 6.36
74.032221 6.36
74.096833 6.36
74.150473 6.36
74.213956 6.36
74.282955 6.68
74.351956 6.68
74.421110 6.68
74.485845 6.68
74.550478 6.68
74.614585 6.36
74.675111 6.36
74.738960 6.36
74.812960 6.36
74.881960 6.36
74.941719 6.36
75.001092 6.36
75.065118 6.36
75.139713 6.36
75.208838 6.36
75.270993 6.36
75.329840 6.36
75.395464 6.36
75.453965 6.36
75.517841 6.68
75.583717 6.36
75.647470 6.68
75.700970 6.68
75.764848 6.36
75.831128 6.36
75.889969 6.68
75.954598 6.68
76.013401 6.68
76.067231 6.68
76.125971 6.68
76.189847 6.68
76.259600 6.68
76.323857 6.36
76.382270 6.36
76.441129 6.36
76.505242 6.36
76.563974 6.36
76.628100 6.36
76.691975 6.36
76.750851 6.36
76.814726 6.36
76.879103 6.36
76.948104 6.36
77.011980 6.36
77.081132 6.36
77.139979 6.36
77.203855 6.36
77.272736 6.36
77.331245 6.36
77.389984 6.36
77.456012 6.36
77.519982 6.36
77.589108 6.36
77.652983 6.36
77.719164 6.36
77.779885 6.36
77.843859 6.36
77.903735 6.36
77.965615 6.36
78.029611 6.36
78.089736 6.36
78.136987 6.36
78.196987 6.36
78.266629 6.36
78.321741 6.36
78.378496 6.36
78.448276 6.36
78.502619 6.36
78.561395 6.36
78.625366 6.36
78.679276 6.36
78.732866 6.36
78.797175 6.36
78.851156 6.36
78.905315 6.36
78.970175 6.36
79.024136 6.36
79.082756 6.36
79.143124 6.36
79.202634 6.36
79.258147 6.36
79.317497 6.36
79.382003 6.36
79.452007 6.36
79.511633 6.36
79.575502 6.36
79.639751 6.36
79.709001 6.36
79.767878 6.36
79.831750 6.36
79.895751 6.36
79.970159 6.36
80.025638 6.36
80.084509 6.36
80.149012 6.36
80.205908 6.36
80.259520 6.36
80.328754 6.36
80.392755 6.36
80.451505 6.36
80.515520 6.36
80.580631 6.36
80.635522 6.36
80.705758 6.36
80.764386 6.36
80.811763 6.36
80.875527 6.36
80.934384 6.36
80.981634 6.36
81.033410 6.36
81.092010 6.36
81.160761 6.36
81.219280 6.36
81.283306 6.36
81.336889 6.36
81.400762 6.36
81.475532 6.36
81.544527 6.36
81.604014 6.36
81.654018 6.36
81.713055 6.36
81.771767 6.36
81.835778 6.36
81.895892 6.36
81.946533 6.36
82.010021 6.36
82.073906 6.36
82.148297 6.36
82.206663 6.36
82.265020 6.36
82.323770 6.36
82.397648 6.36
82.456023 6.36
82.509647 6.36
82.569567 6.36
82.628415 6.36
82.687025 6.36
82.750648 6.36
82.809039 6.36
82.872653 6.36
82.941652 6.36
83.005276 6.36
83.065776 6.36
83.139651 6.36
83.205446 6.36
83.267782 6.36
83.333784 6.36
83.392294 6.36
83.447660 6.36
83.511280 6.36
83.562683 6.36
83.621296 6.36
83.671156 6.36
83.731309 6.36
83.795913 6.36
83.850062 6.36
83.900450 6.36
83.955736 6.36
84.020057 6.36
84.070422 6.36
84.129920 6.36
84.197794 6.36
84.252913 6.36
84.311797 6.36
84.371788 6.36
84.422420 6.36
84.481315 6.36
84.551298 6.36
84.616067 6.36
84.669680 