0.000000 0.000000
0.068885 0.88
0.128765 0.89
0.193637 0.90
0.254635 0.88
0.308634 0.90
0.367517 0.88
0.436519 0.89
0.505519 0.88
0.569520 0.90
0.638522 0.89
0.707785 0.89
0.763300 0.89
0.817791 0.90
0.873358 0.87
0.938676 0.80
1.003767 0.79
1.063000 0.77
1.124999 0.79
1.188998 0.78
1.252999 0.78
1.317000 0.77
1.376015 0.78
1.435779 0.79
1.500415 0.78
1.559408 0.79
1.618292 0.79
1.687404 0.80
1.751286 0.77
1.815405 0.80
1.879645 0.80
1.949005 0.78
2.014405 0.79
2.078407 0.79
2.142406 0.78
2.206260 0.78
2.275650 0.79
2.344883 0.78
2.403535 0.78
2.467260 0.77
2.536408 0.79
2.600261 0.78
2.669652 0.78
2.738762 0.78
2.797413 0.77
2.861263 0.78
2.930264 0.79
2.994289 0.78
3.063265 0.79
3.127290 0.78
3.196416 0.77
3.260416 0.79
3.324417 0.77
3.390141 0.77
3.459418 0.77
3.528416 0.80
3.597417 0.79
3.661419 0.79
3.720296 0.79
3.779296 0.79
3.838271 0.80
3.902296 0.78
3.961298 0.79
4.020272 0.79
4.084273 0.79
4.148274 0.78
4.212273 0.78
4.276274 0.78
4.335426 0.79
4.394301 0.79
4.458276 0.77
4.517276 0.78
4.581276 0.77
4.640302 0.78
4.699277 0.78
4.763427 0.79
4.827279 0.77
4.891306 0.78
4.950306 0.79
5.009280 0.79
5.073281 0.78
5.137281 0.78
5.196282 0.80
5.260283 0.79
5.324283 0.78
5.388284 0.79
5.452284 0.79
5.511284 0.78
5.575285 0.79
5.639286 0.79
5.703286 0.78
5.767287 0.78
5.826286 0.77
5.890287 0.78
5.954288 0.80
6.018288 0.78
6.082290 0.79
6.141289 0.78
6.205290 0.77
6.269291 0.79
6.333291 0.78
6.392040 0.80
6.457292 0.78
6.512042 0.77
6.560295 0.79
6.615068 0.79
6.664681 0.79
6.723294 0.78
6.776794 0.79
6.830295 0.78
6.885046 0.79
6.933296 0.78
6.988046 0.78
7.042562 0.79
7.101171 0.79
7.157421 0.80
7.208047 0.78
7.262564 0.78
7.321048 0.79
7.389798 0.79
7.449565 0.78
7.508049 0.78
7.576800 0.78
7.630301 0.79
7.689051 0.78
7.757802 0.78
7.811303 0.78
7.865052 0.78
7.928803 0.77
7.997803 0.78
8.051307 0.79
8.110305 0.78
8.168929 0.77
8.243180 0.79
8.312181 0.77
8.376181 0.80
8.440057 0.78
8.509182 0.79
8.573058 0.79
8.642183 0.78
8.706059 0.79
8.780184 0.79
8.849185 0.79
8.907810 0.79
8.957826 0.78
9.018328 0.80
9.073187 0.79
9.137187 0.78
9.201062 0.78
9.264813 0.79
9.317332 0.80
9.375939 0.80
9.440955 0.79
9.488333 0.79
9.541940 0.77
9.616191 0.78
9.670957 0.78
9.726957 0.78
9.782945 0.79
9.838944 0.79
9.886320 0.79
9.940944 0.78
10.005946 0.78
10.066070 0.78
10.134946 0.77
10.204948 0.79
10.260948 0.78
10.316948 0.78
10.372949 0.79
10.428950 0.78
10.497948 0.78
10.567950 0.77
10.637074 0.79
10.705949 0.77
10.780075 0.80
10.844076 0.79
10.912952 0.77
10.986952 0.79
11.060953 0.79
11.135078 0.77
11.198954 0.78
11.273080 0.79
11.336955 0.78
11.410956 0.78
11.485081 0.77
11.553957 0.77
11.628082 0.80
11.692083 0.80
11.755958 0.77
11.819958 0.78
11.884209 0.79
11.948085 0.80
12.012086 0.77
12.076086 0.80
12.139961 0.78
12.203962 0.78
12.267963 0.79
12.332213 0.80
12.386963 0.79
12.451214 0.80
12.505964 0.80
12.570214 0.78
12.625090 0.79
12.689090 0.79
12.753091 0.78
12.817092 0.79
12.881093 0.79
12.944968 0.78
13.009093 0.78
13.072969 0.78
13.137219 0.77
13.206371 0.80
13.270497 0.79
13.334495 0.79
13.398372 0.79
13.462497 0.78
13.526500 0.79
13.586973 0.78
13.651098 0.78
13.714849 0.79
13.783475 0.78
13.841850 0.78
13.910476 0.78
13.968977 0.77
14.033227 0.79
14.098868 0.78
14.167853 0.79
14.236495 0.79
14.291502 0.79
14.346505 0.79
14.396507 0.79
14.451504 0.80
14.506507 0.80
14.561357 0.78
14.619870 0.78
14.680107 0.80
14.743871 0.78
14.807510 0.79
14.862359 0.79
14.920858 0.77
14.984510 0.78
15.037860 0.77
15.101512 0.79
15.161361 0.79
15.219875 0.79
15.284763 0.78
15.332862 0.79
15.392763 0.78
15.447362 0.77
15.505989 0.76
15.564391 0.79
15.622864 0.79
15.692115 0.80
15.746990 0.80
15.819245 0.79
15.883392 0.78
15.947392 0.79
16.011393 0.80
16.066250 0.78
16.130400 0.80
16.207995 0.77
16.271995 0.79
16.330995 0.79
16.394996 0.77
16.453996 0.79
16.526397 0.78
16.600997 0.78
16.673257 0.79
16.737398 0.79
16.801401 0.79
16.865399 0.78
16.934640 0.79
16.995000 0.77
17.049000 0.79
17.107877 0.77
17.171877 0.79
17.236003 0.79
17.300002 0.79
17.358878 0.79
17.412404 0.80
17.465879 0.79
17.524771 0.79
17.583405 0.78
17.647258 0.79
17.711258 0.79
17.775258 0.80
17.839408 0.79
17.899259 0.78
17.964637 0.78
18.015637 0.79
18.085009 0.78
18.135639 0.79
18.190262 0.78
18.250264 0.77
18.325012 0.77
18.375640 0.78
18.439887 0.79
18.499138 0.77
18.568265 0.80
18.627265 0.78
18.691266 0.80
18.755139 0.78
18.819140 0.76
18.877890 0.79
18.936891 0.79
19.005891 0.78
19.069892 0.77
19.128534 0.78
19.188271 0.79
19.262894 0.79
19.321534 0.76
19.381895 0.80
19.440537 0.79
19.500784 0.77
19.570146 0.78
19.634147 0.79
19.694787 0.79
19.758796 0.80
19.817274 0.79
19.877789 0.78
19.941539 0.78
20.012025 0.78
20.075541 0.77
20.135791 0.77
20.194278 0.77
20.244278 0.79
20.294278 0.79
20.359902 0.79
20.418667 0.79
20.482903 0.79
20.541795 0.79
20.600671 0.77
20.664281 0.78
20.728155 0.79
20.786796 0.79
20.850546 0.79
20.911906 0.78
20.966549 0.78
21.040549 0.79
21.110540 0.76
21.160159 0.79
21.218799 0.78
21.278541 0.79
21.328160 0.79
21.386550 0.77
21.447911 0.78
21.502553 0.79
21.563913 0.78
21.618554 0.79
21.692413 0.80
21.761039 0.78
21.824554 0.77
21.898554 0.79
21.972554 0.76
22.046558 0.81
22.120417 0.79
22.194558 0.80
22.268559 0.77
22.342418 0.78
22.411044 0.77
22.476419 0.79
22.536808 0.77
22.600420 0.79
22.674421 0.78
22.734811 0.78
22.798422 0.78
22.858811 0.80
22.922423 0.79
22.987563 0.80
23.061424 0.79
23.135565 0.78
23.209564 0.78
23.283439 0.78
23.343817 0.77
23.402691 0.80
23.466692 0.78
23.530444 0.79
23.599443 0.79
23.669929 0.78
23.728445 0.78
23.789805 0.79
23.844430 0.77
23.914458 0.78
23.970459 0.79
24.024932 0.79
24.084807 0.78
24.139448 0.79
24.213448 0.79
24.287448 0.77
24.361461 0.78
24.430701 0.79
24.494702 0.78
24.558461 0.77
24.632464 0.78
24.706463 0.79
24.775454 0.76
24.849464 0.79
24.918466 0.79
24.987456 0.78
25.061466 0.78
25.135712 0.78
25.199467 0.78
25.268468 0.78
25.342708 0.77
25.406710 0.78
25.470467 0.79
25.539710 0.80
25.603471 0.79
25.672709 0.78
25.736472 0.79
25.805470 0.79
25.879473 0.79
25.953463 0.79
26.027474 0.79
26.101715 0.79
26.151346 0.78
26.216949 0.79
26.270466 0.79
26.334342 0.79
26.399951 0.79
26.458476 0.77
26.527476 0.79
26.596718 0.80
26.646343 0.79
26.710330 0.78
26.774330 0.78
26.840079 0.80
26.905331 0.78
26.974331 0.79
27.039956 0.78
27.098598 0.79
27.162333 0.78
27.226334 0.78
27.290334 0.79
27.359334 0.80
27.428335 0.80
27.492335 0.78
27.561337 0.80
27.630339 0.79
27.694728 0.78
27.758486 0.78
27.822338 0.77
27.891339 0.79
27.960339 0.79
28.024340 0.78
28.093340 0.78
28.162343 0.78
28.228341 0.78
28.292342 0.79
28.356342 0.78
28.425491 0.79
28.489344 0.76
28.553345 0.79
28.622345 0.78
28.686346 0.79
28.750348 0.79
28.808970 0.79
28.863845 0.79
28.923847 0.78
28.982221 0.79
29.051351 0.80
29.115499 0.79
29.179499 0.78
29.238375 0.78
29.297499 0.79
29.356374 0.79
29.420376 0.78
29.479226 0.79
29.543375 0.80
29.607368 0.79
29.671503 0.78
29.735227 0.78
29.804354 0.79
29.873354 0.77
29.942355 0.78
30.011355 0.79
30.080359 0.78
30.144231 0.79
30.213231 0.79
30.285232 0.78
30.354233 0.77
30.426233 0.79
30.495242 0.77
30.567360 0.78
30.636360 0.79
30.705362 0.78
30.769243 0.79
30.838244 0.78
30.910244 0.79
30.979245 0.80
31.048246 0.78
31.125754 0.78
31.194864 0.78
31.265244 0.78
31.333866 0.78
31.388758 0.79
31.445118 0.77
31.496515 0.79
31.551247 0.79
31.615250 0.77
31.683993 0.77
31.745119 0.79
31.794759 0.78
31.872394 0.79
31.931250 0.79
31.995250 0.78
32.059250 0.76
32.123121 0.77
32.192249 0.80
32.256123 0.77
32.317524 0.78
32.372250 0.78
32.436252 0.78
32.500258 0.80
32.564252 0.79
32.628252 0.80
32.687252 0.78
32.751253 0.78
32.815254 0.78
32.879254 0.80
32.943255 0.77
33.015771 0.79
33.079769 0.78
33.148770 0.78
33.212772 0.77
33.281658 0.79
33.345771 0.78
33.414645 0.78
33.478259 0.79
33.542259 0.80
33.606260 0.78
33.670134 0.78
33.744261 0.79
33.808262 0.79
33.872135 0.79
33.941136 0.79
34.010137 0.77
34.084012 0.79
34.144137 0.78
34.214015 0.79
34.268777 0.79
34.332778 0.79
34.398040 0.78
34.456781 0.78
34.520782 0.78
34.574282 0.79
34.628016 0.79
34.697419 0.79
34.752142 0.79
34.816143 0.79
34.880143 0.78
34.944019 0.79
35.005420 0.78
35.055145 0.79
35.119146 0.79
35.183146 0.78
35.246897 0.80
35.301660 0.78
35.365661 0.77
35.429664 0.79
35.493664 0.78
35.557665 0.80
35.626539 0.79
35.685025 0.79
35.753791 0.79
35.817543 0.78
35.876027 0.79
35.944794 0.80
35.999668 0.79
36.058279 0.79
36.112153 0.77
36.175795 0.78
36.244794 0.78
36.298283 0.79
36.357671 0.78
36.418156 0.79
36.481907 0.78
36.542283 0.79
36.600908 0.78
36.661034 0.79
36.729797 0.77
36.784909 0.77
36.848673 0.79
36.903800 0.78
36.973036 0.78
37.042036 0.78
37.110802 0.79
37.163316 0.79
37.218038 0.78
37.287940 0.79
37.335316 0.80
37.390039 0.78
37.448680 0.79
37.502165 0.79
37.556942 0.78
37.604317 0.79
37.653916 0.77
37.715316 0.79
37.765042 0.79
37.821320 0.77
37.871043 0.79
37.927323 0.78
37.976919 0.78
38.046944 0.79
38.102945 0.78
38.162920 0.78
38.236921 0.78
38.307560 0.80
38.360922 0.78
38.430923 0.79
38.486923 0.78
38.546923 0.77
38.621049 0.78
38.689925 0.78
38.763925 0.78
38.837925 0.79
38.911926 0.79
38.985927 0.78
39.060053 0.78
39.123928 0.78
39.197928 0.79
39.266929 0.77
39.335930 0.77
39.405056 0.77
39.469056 0.79
39.533056 0.78
39.601932 0.78
39.676182 0.77
39.739933 0.80
39.813934 0.78
39.882934 0.78
39.946935 0.79
40.011060 0.79
40.075186 0.79
40.133936 0.80
40.197936 0.79
40.261937 0.78
40.326062 0.79
40.390188 0.79
40.444939 0.79
40.509064 0.77
40.572940 0.79
40.636940 0.76
40.700941 0.79
40.764941 0.78
40.828942 0.79
40.892942 0.79
40.957192 0.79
41.012068 0.79
41.076069 0.79
41.139944 0.79
41.203945 0.78
41.267945 0.78
41.331946 0.78
41.395946 0.80
41.459947 0.78
41.524197 0.78
41.579072 0.78
41.643199 0.79
41.712474 0.79
41.776324 0.79
41.840325 0.78
41.904477 0.78
41.968326 0.78
42.032327 0.78
42.096477 0.77
42.160329 0.78
42.219329 0.79
42.283329 0.78
42.347330 0.79
42.416845 0.78
42.485955 0.78
42.549956 0.78
42.613956 0.78
42.677956 0.78
42.742082 0.80
42.805957 0.79
42.864958 0.79
42.928959 0.80
42.992959 0.77
43.051960 0.79
43.105473 0.79
43.169484 0.78
43.233484 0.77
43.297337 0.79
43.361338 0.78
43.425339 0.78
43.494851 0.80
43.554717 0.79
43.603089 0.78
43.653718 0.77
43.708341 0.79
43.777341 0.79
43.836341 0.77
43.900341 0.79
43.964342 0.79
44.033856 0.78
44.093721 0.78
44.148344 0.79
44.207345 0.79
44.271345 0.78
44.331969 0.79
44.386722 0.79
44.436370 0.79
44.500374 0.79
44.564347 0.78
44.633736 0.79
44.707973 0.79
44.771973 0.78
44.830349 0.78
44.888724 0.78
44.957349 0.78
45.012350 0.79
45.070724 0.79
45.139352 0.79
45.197726 0.79
45.266352 0.80
45.321354 0.78
45.379728 0.79
45.448354 0.77
45.503228 0.77
45.585229 0.77
45.645229 0.78
45.705229 0.79
45.765230 0.78
45.825230 0.77
45.907232 0.79
45.970732 0.77
46.026982 0.77
46.086610 0.78
46.134734 0.78
46.194858 0.78
46.249859 0.79
46.300985 0.79
46.359360 0.78
46.417736 0.79
46.473986 0.78
46.524612 0.80
46.572737 0.79
46.636244 0.79
46.694614 0.78
46.755988 0.78
46.806615 0.80
46.861114 0.78
46.924615 0.78
46.993244 0.78
47.051616 0.78
47.120249 0.79
47.178617 0.78
47.247246 0.79
47.305617 0.78
47.374250 0.79
47.432619 0.77
47.501250 0.79
47.559620 0.78
47.628249 0.79
47.686621 0.78
47.755251 0.77
47.814122 0.78
47.874522 0.78
47.934764 0.79
47.998526 0.78
48.069000 0.79
48.133125 0.80
48.191767 0.78
48.255525 0.78
48.321132 0.79
48.387258 0.80
48.456771 0.79
48.520645 0.80
48.589804 0.79
48.654652 0.79
48.718883 0.79
48.768774 0.79
48.827648 0.78
48.897012 0.79
48.957134 0.77
49.021133 0.78
49.086536 0.80
49.155884 0.78
49.211014 0.78
49.275136 0.76
49.341011 0.78
49.410136 0.79
49.476024 0.77
49.541019 0.77
49.598016 0.78
49.663545 0.78
49.727888 0.79
49.777899 0.80
49.842894 0.80
49.899395 0.79
49.959016 0.79
50.022516 0.79
50.092148 0.78
50.151895 0.77
50.221426 0.79
50.285892 0.78
50.351704 0.79
50.416671 0.77
50.481414 0.77
50.540551 0.79
50.601145 0.80
50.670526 0.80
50.729674 0.79
50.788914 0.76
50.854549 0.78
50.923791 0.78
50.977545 0.80
51.036667 0.78
51.095667 0.78
51.149666 0.78
51.203665 0.78
51.268671 0.77
51.333403 0.77
51.397902 0.81
51.462152 0.80
51.531908 0.79
51.591031 0.78
51.660421 0.79
51.719559 0.78
51.788558 0.78
51.847784 0.78
51.901551 0.80
51.965907 0.79
52.040435 0.79
52.109682 0.77
52.169035 0.80
52.233035 0.80
52.286562 0.79
52.355802 0.78
52.410920 0.80
52.470684 0.79
52.531679 0.78
52.585555 0.78
52.649554 0.79
52.718565 0.79
52.772917 0.79
52.839177 0.78
52.898925 0.80
52.958542 0.80
53.023042 0.78
53.086916 0.78
53.161684 0.79
53.222926 0.79
53.282700 0.80
53.349585 0.80
53.403550 0.78
53.462294 0.78
53.526439 0.78
53.600295 0.78
53.674419 0.79
53.743560 0.77
53.812448 0.79
53.876921 0.79
53.950922 0.78
54.004327 0.79
54.073047 0.77
54.137049 0.79
54.200799 0.79
54.259327 0.77
54.323443 0.76
54.387452 0.78
54.447552 0.80
54.511700 0.79
54.566442 0.78
54.635457 0.77
54.691066 0.78
54.760734 0.78
54.819442 0.78
54.878311 0.77
54.937476 0.79
55.002059 0.78
55.068183 0.78
55.132577 0.79
55.191933 0.79
55.245339 0.79
55.310335 0.78
55.374558 0.80
55.438448 0.78
55.502447 0.77
55.561339 0.79
55.630576 0.80
55.694690 0.77
55.758577 0.80
55.822453 0.78
55.891467 0.79
55.960706 0.77
56.035189 0.78
56.104814 0.79
56.163344 0.78
56.232346 0.79
56.301471 0.77
56.365190 0.79
56.434318 0.78
56.502942 0.79
56.561442 0.77
56.625348 0.78
56.694346 0.80
56.763321 0.77
56.837445 0.78
56.901447 0.77
56.970323 0.79
57.039586 0.78
57.094476 0.77
57.145602 0.79
57.200478 0.77
57.259354 0.78
57.318353 0.80
57.373465 0.78
57.437450 0.79
57.492969 0.78
57.556843 0.78
57.615828 0.78
57.685483 0.78
57.736595 0.78
57.791358 0.79
57.850203 0.79
57.919471 0.78
57.979954 0.78
58.033358 0.78
58.097205 0.79
58.160830 0.77
58.219848 0.79
58.278832 0.79
58.342959 0.78
58.401833 0.79
58.465834 0.77
58.524477 0.78
58.588084 0.79
58.651852 0.78
58.710742 0.77
58.770343 0.78
58.829482 0.77
58.893212 0.78
58.962481 0.80
59.020838 0.78
59.074487 0.78
59.138480 0.79
59.202217 0.79
59.276483 0.79
59.335376 0.78
59.399371 0.78
59.463216 0.80
59.527091 0.78
59.592217 0.77
59.661218 0.81
59.725861 0.79
59.786345 0.79
59.849844 0.80
59.904719 0.77
59.959846 0.80
60.018220 0.80
60.069498 0.78
60.119351 0.80
60.178224 0.78
60.234489 0.78
60.289223 0.77
60.340490 0.78
60.391128 0.78
60.445600 0.77
60.519600 0.78
60.583226 0.78
60.651976 0.79
60.706616 0.79
60.770227 0.78
60.821622 0.79
60.890728 0.79
60.949229 0.78
61.012728 0.78
61.071104 0.79
61.139729 0.77
61.198230 0.77
61.262231 0.79
61.325731 0.78
61.384232 0.77
61.447732 0.78
61.506107 0.77
61.574748 0.80
61.633108 0.79
61.701734 0.79
61.760109 0.78
61.828735 0.79
61.883735 0.76
61.943988 0.80
62.004114 0.80
62.072863 0.80
62.127987 0.77
62.188121 0.78
62.256738 0.79
62.317245 0.79
62.380740 0.77
62.435615 0.79
62.495615 0.79
62.555615 0.79
62.615616 0.79
62.681005 0.78
62.735498 0.79
62.798997 0.77
62.862497 0.79
62.925998 0.79
62.991256 0.79
63.045123 0.79
63.105027 0.78
63.154513 0.79
63.213251 0.80
63.264387 0.77
63.318997 0.80
63.388508 0.77
63.442772 0.78
63.517126 0.79
63.582003 0.78
63.636517 0.79
63.700254 0.78
63.754130 0.79
63.818003 0.79
63.886877 0.79
63.950518 0.77
64.004003 0.80
64.078003 0.79
64.148134 0.78
64.212004 0.78
64.280755 0.79
64.334263 0.78
64.392773 0.78
64.446303 0.78
64.512012 0.79
64.580885 0.79
64.641008 0.79
64.715008 0.79
64.784134 0.78
64.843519 0.79
64.903015 0.78
64.972138 0.78
65.036136 0.79
65.105137 0.78
65.163637 0.79
65.224138 0.79
65.288138 0.78
65.352013 0.78
65.421139 0.78
65.485015 0.77
65.549920 0.78
65.606394 0.79
65.665141 0.79
65.724921 0.78
65.779410 0.77
65.832892 0.79
65.902894 0.79
65.957395 0.78
66.020894 0.79
66.082278 0.79
66.132896 0.77
66.187395 0.77
66.250895 0.78
66.319522 0.78
66.377896 0.78
66.446521 0.77
66.504897 0.79
66.566274 0.80
66.615898 0.78
66.680026 0.78
66.744025 0.77
66.808902 0.77
66.863400 0.79
66.927026 0.78
66.996027 0.77
67.066160 0.78
67.136031 0.79
67.194904 0.79
67.269029 0.79
67.333154 0.77
67.392304 0.77
67.457159 0.79
67.510907 0.79
67.579675 0.79
67.633157 0.79
67.691911 0.78
67.766366 0.80
67.827035 0.79
67.891034 0.79
67.959910 0.79
68.028677 0.77
68.078679 0.78
68.137415 0.78
68.197414 0.78
68.257416 0.78
68.315792 0.78
68.379292 0.79
68.442791 0.78
68.517039 0.79
68.576820 0.78
68.624165 0.79
68.679040 0.78
68.742806 0.78
68.811916 0.79
68.871044 0.78
68.934918 0.78
69.004043 0.77
69.055168 0.78
69.109919 0.78
69.179044 0.78
69.242920 0.78
69.311920 0.77
69.376046 0.80
69.440046 0.80
69.504047 0.79
69.568314 0.80
69.628056 0.79
69.697673 0.79
69.757424 0.78
69.815799 0.79
69.884425 0.78
69.943064 0.79
70.001675 0.78
70.075801 0.77
70.149927 0.78
70.218928 0.78
70.287928 0.78
70.346441 0.78
70.416054 0.79
70.479934 0.78
70.543430 0.79
70.603806 0.78
70.667449 0.78
70.722337 0.79
70.782936 0.77
70.846808 0.77
70.906807 0.78
70.975451 0.78
71.044184 0.78
71.107935 0.79
71.171435 0.78
71.226319 0.79
71.286312 0.79
71.344686 0.80
71.406061 0.78
71.465687 0.80
71.527063 0.77
71.581831 0.78
71.638063 0.77
71.697690 0.78
71.752189 0.77
71.815941 0.78
71.867065 0.78
71.917692 0.79
71.972191 0.78
72.035692 0.80
72.104318 0.80
72.162693 0.78
72.231319 0.77
72.289694 0.78
72.358320 0.77
72.416945 0.77
72.475321 0.78
72.533696 0.77
72.602704 0.76
72.671327 0.79
72.729699 0.78
72.798326 0.77
72.856701 0.79
72.925365 0.78
72.999826 0.78
73.064076 0.78
73.127951 0.80
73.186951 0.77
73.245952 0.77
73.300089 0.78
73.364725 0.79
73.433956 0.79
73.492954 0.79
73.551848 0.79
73.615955 0.78
73.675084 0.79
73.730362 0.79
73.789207 0.78
73.848360 0.79
73.912598 0.79
73.977957 0.80
74.033213 0.79
74.097961 0.79
74.161601 0.79
74.223085 0.79
74.297085 0.78
74.360728 0.79
74.417086 0.77
74.486733 0.77
74.550853 0.79
74.614853 0.79
74.678838 0.79
74.742840 0.78
74.802098 0.77
74.873847 0.78
74.934737 0.78
74.998842 0.78
75.062842 0.79
75.121733 0.79
75.185982 0.78
75.244614 0.77
75.313219 0.78
75.371600 0.78
75.445487 0.79
75.514971 0.79
75.578863 0.79
75.642596 0.77
75.716739 0.79
75.785613 0.78
75.859489 0.77
75.919974 0.78
75.985988 0.78
76.044599 0.77
76.113981 0.80
76.177852 0.79
76.236227 0.79
76.304977 0.79
76.368477 0.80
76.433603 0.79
76.491978 0.78
76.555495 0.78
76.618978 0.80
76.682604 0.78
76.742991 0.79
76.798106 0.78
76.856731 0.78
76.911856 0.79
76.970494 0.78
77.039859 0.80
77.094484 0.78
77.155992 0.78
77.220110 0.79
77.289865 0.79
77.339536 0.80
77.404517 0.78
77.469515 0.78
77.534516 0.77
77.590517 0.80
77.659629 0.79
77.728738 0.77
77.787113 0.79
77.856122 0.78
77.927632 0.77
77.986995 0.79
78.061742 0.79
78.125758 0.79
78.189883 0.79
78.253510 0.79
78.324371 0.78
78.392994 0.79
78.458384 0.77
78.518749 0.78
78.582524 0.78
78.651522 0.79
78.720120 0.80
78.779122 0.78
78.839876 0.79
78.899000 0.79
78.968123 0.79
79.028397 0.79
79.097124 0.78
79.162402 0.79
79.231517 0.78
79.305642 0.78
79.359003 0.79
79.417520 0.79
79.491628 0.78
79.546767 0.80
79.592899 0.77
79.652138 0.77
79.716379 0.78
79.781633 0.77
79.836760 0.77
79.895886 0.77
79.954647 0.79
80.009895 0.77
80.075415 0.79
80.135779 0.79
80.194645 0.78
80.258648 0.79
80.322416 0.78
80.396400 0.77
80.460527 0.79
80.529385 0.78
80.603390 0.79
80.674666 0.79
80.733891 0.76
80.798014 0.79
80.862014 0.79
80.915892 0.78
80.985400 0.79
81.049767 0.79
81.115644 0.78
81.176645 0.78
81.240896 0.79
81.306522 0.79
81.361903 0.79
81.425643 0.79
81.489304 0.77
81.558428 0.78
81.624424 0.78
81.690394 0.78
81.759395 0.79
81.833538 0.78
81.902301 0.77
81.971423 0.78
82.037415 0.78
82.101901 0.78
82.160425 0.78
82.229416 0.79
82.303276 0.77
82.363300 0.79
82.422026 0.79
82.481775 0.79
82.545281 0.78
82.610526 0.78
82.661652 0.78
82.725431 0.78
82.794282 0.77
82.864904 0.78
82.928780 0.79
82.983798 0.77
83.049906 0.79
83.103286 0.80
83.172284 0.77
83.241282 0.79
83.315410 0.78
83.384550 0.79
83.443312 0.78
83.512409 0.79
83.581664 0.79
83.631410 0.79
83.700317 0.79
83.768911 0.79
83.822318 0.80
83.891412 0.78
83.960162 0.78
84.029555 0.78
84.093413 0.78
84.157414 0.79
84.226557 0.80
84.284916 0.78
84.338318 0.77
84.407046 0.79
84.469324 0.78
84.533691 0.79
84.599322 0.77
84.668418 0.78
84.737169 0.79
84.811302 0.79
84.885326 0.78
84.954331 0.80
85.013326 0.79
85.087676 0.77
85.151922 0.79
85.206922 0.78
85.263201 0.78
85.327452 0.80
85.382705 0.78
85.447455 0.80
85.506929 0.80
85.560713 0.77
85.614302 0.79
85.679944 0.80
85.749477 0.78
85.813181 0.78
85.868692 0.78
85.934255 0.79
85.993489 0.78
86.057438 0.78
86.111706 0.78
86.176812 0.77
86.241591 0.79
86.313348 0.78
86.368718 0.78
86.422952 0.78
86.487591 0.78
86.559353 0.8