0.000000 0.000000
0.047122 42.78
0.101623 42.78
0.160991 42.78
0.226237 42.22
0.294861 42.22
0.349860 42.22
0.404860 42.22
0.459860 42.22
0.514861 42.22
0.569862 42.22
0.624737 42.22
0.684738 42.22
0.744127 42.22
0.799656 42.22
0.860645 42.22
0.925819 42.22
0.986638 42.22
1.056506 42.22
1.115519 42.22
1.174395 42.22
1.245118 42.22
1.309119 42.22
1.373145 42.22
1.427631 42.22
1.492643 42.22
1.552998 42.22
1.611997 42.22
1.667121 42.22
1.727399 42.22
1.789399 42.22
1.853400 42.22
1.927997 42.22
1.997525 42.22
2.067000 42.22
2.130875 42.22
2.200000 42.22
2.269401 42.22
2.338528 42.22
2.402377 42.22
2.471378 42.22
2.540379 41.67
2.604253 42.22
2.662879 41.67
2.731893 41.67
2.795880 41.67
2.859880 42.22
2.929006 41.67
2.992882 41.67
3.056882 41.67
3.125758 41.67
3.179007 41.67
3.252758 41.67
3.306008 41.67
3.379759 41.67
3.433009 41.67
3.506760 41.67
3.561636 41.67
3.620011 41.67
3.693761 41.67
3.748637 41.67
3.808637 41.67
3.872262 41.67
3.923638 41.67
3.983639 41.67
4.038639 41.67
4.098639 41.67
4.151890 41.67
4.222267 41.67
4.277268 41.67
4.331767 41.67
4.382394 41.67
4.445892 41.67
4.516269 41.67
4.561768 41.67
4.612394 41.67
4.675894 41.67
4.749645 41.67
4.802895 41.67
4.876646 41.67
4.929896 41.67
5.003647 41.67
5.056897 41.67
5.130648 41.67
5.183898 41.67
5.257648 41.67
5.316148 41.67
5.379650 41.67
5.432900 41.67
5.506651 41.67
5.559901 41.67
5.633653 41.67
5.686902 41.67
5.760653 41.67
5.813903 41.67
5.887653 41.67
5.946154 41.67
6.009655 41.67
6.062905 41.67
6.136656 41.67
6.189906 41.67
6.263658 41.67
6.318532 41.67
6.378533 41.67
6.438534 41.67
6.498534 41.67
6.553535 41.67
6.613535 41.67
6.673536 41.67
6.728536 41.67
6.788537 41.67
6.848537 41.67
6.903162 41.67
6.954537 41.67
7.007789 41.67
7.078166 41.67
7.123664 41.67
7.173040 41.67
7.233166 41.67
7.299806 41.67
7.368681 41.67
7.432806 41.67
7.501169 41.67
7.546683 41.67
7.602559 41.67
7.655811 41.67
7.724812 41.67
7.798810 41.67
7.867810 41.67
7.945171 41.67
8.014171 41.67
8.083172 41.67
8.170674 41.67
8.230304 41.67
8.293799 41.67
8.367549 41.67
8.420800 41.67
8.494550 41.67
8.558176 41.67
8.626802 41.67
8.700552 41.67
8.753802 41.67
8.827553 41.67
8.882553 41.67
8.935803 41.67
9.009555 41.67
9.064429 41.67
9.122806 41.67
9.196555 41.67
9.251431 41.67
9.311432 41.67
9.371432 41.67
9.435057 41.67
9.486433 41.67
9.546433 41.67
9.606433 41.67
9.669934 41.67
9.730060 41.67
9.793560 41.67
9.848436 41.67
9.901686 41.67
9.972063 41.67
10.026562 41.67
10.075937 41.67
10.139438 41.67
10.188938 41.67
10.249065 41.67
10.294564 41.67
10.345190 41.67
10.408691 41.67
10.479066 41.67
10.524567 41.67
10.575191 41.67
10.638692 41.67
10.712443 41.67
10.765693 41.67
10.839444 41.67
10.890194 41.67
10.953695 41.67
11.027445 41.67
11.080695 41.67
11.154446 41.67
11.218071 41.67
11.286697 41.67
11.360448 41.67
11.413698 41.67
11.487449 41.67
11.540699 41.67
11.614450 41.67
11.667700 41.67
11.741452 41.67
11.794702 41.67
11.868453 41.67
11.933702 41.67
12.007453 41.67
12.062330 41.67
12.122331 41.67
12.182331 41.67
12.242333 41.67
12.302331 41.67
12.362331 41.67
12.422332 41.67
12.482333 41.67
12.542333 41.67
12.602334 41.67
12.655584 41.67
12.725960 41.67
12.771459 41.67
12.841961 41.67
12.887460 41.67
12.936836 41.67
12.996962 41.67
13.042462 41.67
13.093086 41.67
13.156587 41.67
13.230340 41.67
13.283588 41.67
13.353965 41.67
13.399465 41.67
13.450090 41.67
13.513591 41.67
13.587341 41.67
13.640591 41.67
13.714343 41.67
13.767592 41.67
13.841344 41.67
13.894593 41.67
13.968344 41.67
14.021594 41.67
14.095346 41.67
14.148595 41.67
14.222350 41.67
14.287722 41.67
14.356349 41.67
14.409598 41.67
14.483349 41.67
14.536598 41.67
14.610349 41.67
14.663599 41.67
14.737351 41.67
14.792226 41.67
14.852226 41.67
14.910601 41.67
14.984353 41.67
15.039227 41.67
15.099227 41.67
15.152479 41.67
15.217603 41.67
15.291356 41.67
15.346230 41.67
15.399480 41.67
15.469857 41.67
15.524857 41.67
15.579358 41.67
15.628733 41.67
15.688858 41.67
15.743859 41.67
15.789360 41.67
15.839983 41.67
15.903484 41.67
15.977234 41.67
16.030485 41.67
16.104236 41.67
16.157486 41.67
16.231237 41.67
16.284487 41.67
16.358238 41.67
16.411488 41.67
16.480239 41.67
16.533489 41.67
16.607240 41.67
16.660491 41.67
16.734241 41.67
16.787492 41.67
16.861242 41.67
16.914492 41.67
16.988243 41.67
17.041494 41.67
17.110244 41.67
17.163494 41.67
17.237245 41.67
17.290496 41.67
17.364246 41.67
17.419246 41.67
17.472497 41.67
17.546247 41.67
17.601122 41.67
17.664624 41.67
17.733249 41.67
17.788124 41.67
17.848124 41.67
17.911750 41.67
17.963126 41.67
18.023126 41.67
18.076378 41.67
18.146754 41.67
18.201755 41.67
18.256755 41.67
18.311756 41.67
18.366756 41.67
18.421756 41.67
18.476756 41.67
18.531255 41.67
18.581881 41.67
18.645382 41.67
18.715759 41.67
18.761258 41.67
18.819633 41.67
18.883133 41.67
18.936385 41.67
19.010134 41.67
19.063387 41.67
19.137135 41.67
19.190387 41.67
19.264136 41.67
19.317388 41.67
19.391137 41.67
19.444388 41.67
19.518138 41.67
19.571389 41.67
19.645140 41.67
19.698390 41.67
19.772140 41.67
19.825391 41.67
19.899142 41.67
19.952392 41.67
20.026142 41.67
20.079394 41.67
20.153143 41.67
20.206396 41.67
20.280145 41.67
20.335020 41.67
20.393396 41.67
20.467145 41.67
20.522022 41.67
20.582022 41.67
20.642022 41.67
20.702023 41.67
20.762023 41.67
20.822023 41.67
20.882024 41.67
20.942025 41.67
20.995275 41.67
21.065652 41.67
21.120151 41.67
21.175027 41.67
21.228276 41.67
21.298654 41.67
21.344153 41.67
21.393528 41.67
21.453655 41.67
21.499154 41.67
21.549779 41.67
21.613281 41.67
21.683657 41.67
21.729156 41.67
21.779782 41.67
21.843281 41.67
21.917032 41.67
21.970283 41.67
22.044034 41.67
22.097284 41.67
22.171034 41.67
22.224285 41.67
22.298035 41.67
22.351286 41.67
22.425037 41.67
22.478287 41.11
22.552038 41.67
22.605288 41.11
22.679039 41.67
22.734039 41.67
22.787290 41.11
22.861040 41.67
22.914291 41.67
22.988041 41.67
23.043042 41.67
23.096292 41.11
23.170042 41.11
23.224919 41.11
23.284918 41.11
23.344918 41.11
23.404920 41.11
23.464920 41.11
23.524920 41.11
23.584921 41.11
23.644921 41.11
23.698172 41.11
23.768548 41.11
23.823551 41.11
23.878550 41.11
23.924049 41.67
23.973425 41.11
24.033552 41.11
24.079050 41.11
24.128426 41.67
24.188553 41.67
24.243051 41.11
24.293677 41.11
24.357177 41.11
24.430928 41.67
24.484178 41.11
24.557929 41.11
24.611179 41.11
24.684930 41.11
24.738180 41.11
24.811930 41.11
24.865182 41.11
24.938931 41.11
24.992182 41.11
25.065933 41.11
25.119183 41.11
25.192934 41.11
25.246184 41.11
25.319935 41.11
25.373185 41.11
25.446936 41.11
25.500186 41.11
25.573937 41.11
25.627187 41.11
25.700938 41.11
25.754188 41.11
25.827939 41.11
25.881189 41.11
25.954940 41.11
26.009816 41.11
26.069816 41.11
26.129817 41.11
26.189818 41.11
26.249817 41.11
26.309817 41.11
26.369819 41.11
26.423068 41.11
26.488194 41.11
26.561945 41.11
26.616820 41.11
26.670071 41.11
26.740447 41.11
26.794947 41.11
26.845572 41.11
26.909072 41.11
26.979449 41.11
27.024949 41.11
27.075575 41.11
27.139075 41.11
27.212826 41.11
27.266075 41.11
27.339826 41.11
27.393077 41.11
27.466827 41.11
27.520077 41.11
27.593829 41.11
27.647079 41.11
27.720830 41.11
27.774080 41.11
27.847830 41.11
27.901081 41.11
27.974831 41.11
28.028082 41.11
28.101832 41.11
28.155083 41.11
28.228834 41.11
28.283833 41.11
28.338835 41.11
28.392084 41.11
28.465836 41.11
28.520836 41.11
28.575837 41.11
28.630837 41.11
28.684087 41.11
28.757838 41.11
28.812714 41.11
28.872713 41.11
28.932714 41.11
28.992715 41.11
29.052715 41.11
29.112715 41.11
29.172716 41.11
29.232716 41.11
29.285967 41.11
29.356343 41.11
29.410844 41.11
29.465343 41.11
29.533969 41.11
29.604346 41.11
29.659346 41.11
29.704845 41.11
29.754221 41.11
29.814347 41.11
29.859846 41.11
29.910472 41.11
29.973973 41.11
30.042723 41.11
30.095973 41.11
30.169724 41.11
30.222974 41.11
30.296725 41.11
30.349975 41.11
30.423727 41.11
30.476976 41.11
30.550728 41.11
30.603977 41.11
30.672729 41.11
30.725978 41.11
30.799729 41.11
30.852979 41.11
30.926730 41.11
30.979980 41.11
31.053731 41.11
31.106981 41.11
31.180733 41.11
31.233982 41.11
31.302733 41.11
31.355983 41.11
31.429734 41.11
31.482984 41.11
31.556735 41.11
31.611611 41.11
31.671611 41.11
31.731612 41.11
31.791612 41.11
31.851613 41.11
31.915237 41.11
31.966614 41.11
32.026615 41.11
32.090239 41.11
32.158864 41.11
32.229242 41.11
32.284242 41.11
32.338742 41.11
32.388116 41.11
32.448244 41.11
32.502743 41.11
32.561118 41.11
32.624618 41.11
32.677869 41.11
32.748246 41.11
32.793745 41.11
32.844372 41.11
32.907870 41.11
32.981621 41.11
33.034872 41.11
33.108623 41.11
33.161873 41.11
33.235624 41.11
33.288874 41.11
33.362625 41.11
33.415875 41.11
33.489626 41.11
33.548126 41.11
33.611627 41.11
33.664877 41.11
33.738628 41.11
33.791878 41.11
33.865629 41.11
33.918879 41.11
33.992630 41.11
34.045880 41.11
34.119631 41.11
34.178131 41.11
34.240007 41.11
34.308632 41.11
34.367133 41.11
34.416883 41.11
34.490635 41.11
34.549134 41.11
34.600509 41.11
34.660510 41.11
34.715511 41.11
34.775511 41.11
34.835512 41.11
34.890513 41.11
34.950512 41.11
35.010514 41.11
35.069014 41.11
35.129140 41.11
35.184141 41.11
35.239140 41.11
35.284640 41.11
35.334015 41.11
35.394142 41.11
35.449142 41.11
35.494642 41.11
35.545267 41.11
35.608768 41.11
35.682519 41.11
35.733268 41.11
35.796769 41.11
35.870520 41.11
35.923771 41.11
35.997521 41.11
36.048271 41.11
36.111772 41.11
36.185523 41.11
36.238773 41.11
36.312524 41.11
36.376148 41.11
36.444775 41.11
36.518525 41.11
36.571776 41.11
36.645526 41.11
36.698776 41.11
36.772527 41.11
36.825778 41.11
36.899529 41.11
36.952779 41.11
37.026529 41.11
37.090154 41.11
37.160531 41.11
37.215406 41.11
37.275407 41.11
37.333782 41.11
37.407532 41.11
37.462409 41.11
37.520783 41.11
37.594534 41.11
37.649034 41.11
37.717660 41.11
37.788036 41.11
37.851536 41.11
37.906412 41.11
37.969912 41.11
38.030039 41.11
38.085040 41.11
38.139538 41.11
38.210040 41.11
38.255539 41.11
38.306164 41.11
38.369665 41.11
38.443417 41.11
38.496666 41.11
38.570417 41.11
38.623667 41.11
38.697417 41.11
38.750668 41.11
38.819561 41.11
38.885046 41.11
38.930561 41.11
39.004421 41.11
39.057689 41.11
39.131422 41.11
39.184688 41.11
39.253573 41.11
39.317048 41.11
39.385688 41.11
39.459424 41.11
39.514425 41.11
39.569426 41.11
39.622692 41.11
39.691426 41.11
39.758576 41.11
39.823928 41.11
39.894454 41.11
39.961578 41.11
40.035579 41.11
40.104582 41.11
40.173455 41.11
40.227056 41.11
40.287312 41.11
40.341057 41.11
40.399581 41.11
40.463582 41.11
40.532457 41.11
40.588935 41.11
40.661318 41.11
40.730314 41.11
40.779935 41.11
40.843586 41.11
40.917462 41.11
40.986463 41.11
41.042313 41.11
41.098314 41.11
41.154314 41.11
41.210315 41.11
41.266314 41.11
41.322315 41.11
41.378315 41.11
41.434316 41.11
41.490317 41.11
41.546317 41.11
41.602317 41.11
41.658318 41.11
41.732322 41.11
41.806319 41.11
41.880469 41.11
41.954321 41.11
42.023470 41.11
42.092471 41.11
42.161323 41.11
42.235324 41.11
42.304324 41.11
42.368589 41.11
42.432327 41.11
42.501326 41.11
42.570327 41.11
42.634326 41.11
42.708327 41.11
42.777328 41.11
42.846478 41.11
42.920329 41.11
42.984479 41.11
43.048331 41.11
43.112330 41.11
43.176330 41.11
43.240330 41.11
43.304331 41.11
43.368332 41.11
43.432333 41.11
43.496336 41.11
43.560333 41.11
43.624333 41.11
43.688334 41.11
43.752334 41.11
43.816335 41.11
43.880336 41.11
43.944338 41.11
44.008338 41.11
44.072338 41.11
44.136339 41.11
44.200339 41.11
44.264339 41.11
44.319340 41.11
44.383340 41.11
44.447340 41.11
44.511343 41.11
44.575341 41.11
44.639346 41.11
44.698966 41.11
44.762467 41.11
44.836217 41.11
44.889467 41.11
44.963218 41.11
45.016468 41.11
45.090219 41.11
45.143469 41.11
45.217220 41.11
45.280721 41.11
45.340846 41.11
45.404471 41.11
45.478222 41.11
45.531472 41.11
45.600223 41.11
45.653474 41.11
45.727224 41.11
45.782099 41.11
45.840475 41.11
45.914226 41.11
45.969101 41.11
46.029101 41.11
46.089101 41.11
46.149102 41.11
46.212728 41.11
46.281354 41.11
46.351730 41.11
46.406730 41.11
46.461731 41.11
46.516731 41.11
46.571230 41.11
46.629607 41.11
46.689732 41.11
46.735232 41.11
46.784608 41.11
46.844733 41.11
46.890233 41.11
46.940858 41.11
47.004360 41.11
47.074736 41.11
47.120235 41.11
47.170861 41.11
47.234362 41.11
47.308112 41.11
47.361363 41.11
47.435113 41.11
47.488364 41.11
47.562114 41.11
47.615365 41.11
47.686788 41.11
47.751244 41.11
47.815885 41.11
47.885242 41.11
47.949532 41.11
48.008666 41.11
48.069119 41.11
48.138244 41.11
48.207120 41.11
48.278787 41.67
48.343247 41.67
48.402403 41.67
48.456247 41.67
48.515247 41.67
48.574897 41.67
48.639376 41.67
48.698124 41.67
48.767125 41.67
48.831579 41.67
48.881881 41.67
48.947415 41.67
48.997407 41.67
49.051252 41.67
49.110127 41.67
49.179773 41.67
49.250254 41.67
49.305253 41.67
49.360253 41.67
49.420915 41.67
49.480434 41.67
49.539884 41.67
49.605257 41.67
49.660257 42.22
49.720893 42.22
49.780532 42.22
49.840777 42.22
49.910259 42.22
49.979777 42.22
50.051691 42.22
50.112264 42.22
50.171263 42.22
50.226418 42.22
50.280262 42.22
50.349784 42.22
50.415546 42.22
50.479779 42.22
50.545544 42.22
50.608150 42.22
50.667791 42.22
50.734143 42.22
50.798424 42.22
50.857531 42.22
50.920146 42.22
50.984533 42.22
51.045018 42.22
51.109144 42.22
51.174670 42.22
51.244272 42.22
51.299553 42.22
51.358270 42.22
51.417271 42.22
51.476276 42.22
51.535149 42.78
51.590148 42.78
51.645148 42.78
51.700148 42.78
51.755154 42.78
51.819543 42.78
51.883544 42.78
51.938555 42.78
52.002542 42.78
52.077808 42.78
52.137454 42.78
52.192797 42.78
52.253029 42.78
52.322028 42.78
52.382800 42.78
52.452806 42.78
52.512155 42.78
52.576817 42.78
52.641792 42.78
52.706826 42.78
52.771814 42.78
52.836816 42.78
52.901952 42.78
52.972321 42.78
53.026796 42.78
53.096665 42.78
53.161834 42.78
53.222326 42.78
53.281805 42.78
53.340693 43.33
53.399441 42.78
53.469912 43.33
53.544313 43.33
53.613040 43.33
53.677039 43.33
53.742290 43.33
53.806039 43.33
53.870043 43.33
53.934041 43.33
53.993044 43.33
54.066920 43.33
54.130669 43.33
54.185919 43.33
54.250044 43.33
54.318919 43.33
54.377420 43.33
54.428801 43.33
54.483421 43.33
54.534799 43.33
54.588046 43.33
54.656671 43.33
54.710048 43.33
54.775468 43.33
54.839048 43.33
54.904457 43.33
54.963050 43.33
55.022181 43.33
55.086053 43.33
55.154926 43.33
55.224432 43.33
55.293052 43.33
55.361805 43.33
55.431053 43.33
55.501464 43.33
55.565307 43.33
55.624183 43.33
55.688185 43.33
55.756930 43.33
55.826056 43.33
55.890184 43.33
55.954061 43.33
56.023061 43.33
56.086933 43.33
56.155808 43.33
56.221312 43.33
56.290319 43.33
56.349185 43.33
56.408061 43.33
56.471936 43.33
56.536198 43.33
56.599816 43.33
56.653188 43.33
56.721941 43.33
56.791193 43.33
56.856951 43.33
56.926193 43.33
56.990066 43.33
57.050582 43.33
57.119482 43.33
57.179692 43.33
57.243324 43.33
57.298193 43.33
57.347943 43.33
57.417069 43.33
57.475819 43.33
57.541350 43.33
57.600071 43.33
57.658821 43.33
57.727822 43.33
57.796822 43.33
57.860822 43.33
57.921354 43.33
57.980073 43.33
58.044200 43.33
58.099199 43.33
58.159352 43.33
58.228200 43.33
58.288353 43.33
58.352076 43.33
58.411208 42.78
58.481081 42.78
58.539954 42.78
58.603954 42.78
58.667830 42.78
58.731955 42.78
58.801594 42.78
58.860830 42.78
58.925081 42.78
58.988848 42.78
59.057831 42.78
59.126957 42.78
59.190958 42.78
59.264958 42.78
59.328834 42.78
59.397835 42.78
59.466961 42.78
59.536086 42.78
59.599837 42.78
59.668838 42.78
59.737855 42.78
59.802102 42.78
59.860838 42.78
59.924965 42.78
59.994214 42.78
60.049370 42.78
60.118372 42.78
60.182216 42.78
60.247842 42.78
60.311967 42.78
60.375861 42.78
60.439969 42.78
60.500220 42.78
60.551221 42.78
60.615220 42.78
60.673845 42.78
60.734251 42.78
60.797846 42.78
60.861738 42.78
60.918250 42.78
60.982377 42.78
61.040848 42.78
61.111224 42.78
61.156723 42.78
61.216850 42.78
61.280600 42.78
61.333850 42.78
61.407601 42.78
61.460854 42.78
61.534602 42.78
61.587851 42.78
61.661602 42.78
61.714853 42.78
61.788604 42.78
61.841854 42.78
61.915605 42.78
61.968992 42.78
62.037612 42.22
62.090857 42.78
62.164607 42.78
62.217856 42.78
62.291608 42.78
62.346619 42.22
62.401615 42.22
62.475862 42.78
62.539610 42.22
62.592860 42.78
62.666611 42.22
62.721486 42.22
62.779861 42.78
62.853612 42.22
62.908487 42.22
62.968488 42.22
63.021738 42.22
63.092115 42.22
63.147116 42.78
63.202116 42.22
63.257118 42.22
63.311616 42.22
63.362241 42.78
63.425747 42.22
63.496120 42.22
63.541760 42.22
63.612119 42.22
63.657619 42.22
63.708244 42.78
63.766745 42.22
63.840498 42.22
63.893748 42.78
63.964128 42.22
64.009625 42.22
64.060250 42.22
64.123751 42.22
64.183004 42.22
64.242251 42.22
64.306549 42.22
64.370124 42.22
64.438750 42.22
64.512515 42.22
64.576502 42.22
64.630128 42.22
64.698878 42.22
64.757628 42.22
64.822878 42.22
64.881647 42.22
64.945776 42.22
65.014755 42.22
65.083756 42.22
65.157648 42.22
65.226649 42.22
65.295768 42.22
65.359777 42.22
65.423775 42.22
65.497526 42.22
65.554040 42.22
65.603775 42.22
65.662510 42.22
65.713136 42.22
65.777136 42.22
65.830778 42.22
65.896042 42.22
65.941779 42.22
66.005514 42.22
66.056138 42.22
66.119781 42.22
66.188531 42.22
66.247533 42.22
66.321419 42.22
66.375018 42.22
66.438785 42.22
66.507422 42.22
66.560892 42.22
66.614533 42.22
66.678536 42.22
66.743277 42.22
66.812549 42.22
66.886422 42.22
66.939896 42.22
66.993521 42.22
67.067445 42.22
67.141425 42.22
67.210428 42.22
67.279426 42.22
67.348427 42.22
67.417429 42.22
67.486900 42.22
67.550428 42.22
67.604026 42.22
67.672781 42.22
67.741527 42.22
67.805683 42.22
67.864779 42.22
67.933544 42.22
68.007435 42.22
68.060905 42.22
68.126406 42.22
68.190680 42.22
68.254443 42.22
68.323438 42.22
68.381907 42.22
68.431907 42.22
68.486908 42.22
68.542431 42.22
68.607163 42.22
68.667285 42.22
68.720911 42.22
68.784911 42.22
68.845286 42.22
68.903818 42.22
68.949556 42.22
69.018287 42.22
69.067913 42.22
69.131538 42.22
69.201944 42.22
69.251682 42.22
69.310674 42.22
69.375923 42.22
69.421419 42.22
69.475918 42.22
69.544545 42.22
69.618307 42.22
69.692418 42.22
69.743043 42.22
69.806560 42.22
69.880419 42.22
69.945295 42.22
70.019420 42.22
70.074695 42.22
70.138813 42.22
70.197422 42.22
70.271423 42.22
70.345423 42.22
70.419452 42.22
70.478928 42.22
70.542925 42.22
70.601577 42.22
70.670309 42.22
70.725304 42.22
70.799305 42.22
70.863462 42.22
70.922458 42.22
70.986306 42.22
71.050455 42.22
71.109459 42.22
71.173457 42.22
71.239482 42.22
71.298932 42.22
71.362931 42.22
71.426932 42.22
71.487057 42.22
71.545822 42.22
71.615815 42.22
71.679825 42.22
71.738825 42.22
71.802826 42.22
71.866810 42.22
71.932319 42.22
71.991471 42.22
72.050311 42.22
72.100937 42.22
72.159813 42.22
72.219938 42.22
72.284076 42.22
72.343570 42.22
72.393586 42.22
72.452318 42.22
72.516190 42.22
72.566941 42.22
72.630441 42.22
72.695073 42.22
72.759464 42.22
72.818475 42.22
72.877325 42.22
72.941324 42.22
73.000474 42.22
73.059473 42.22
73.123359 42.22
73.192358 42.22
73.256446 42.22
73.320447 42.22
73.379515 42.22
73.438823 42.22
73.507716 42.22
73.568198 42.22
73.632355 42.22
73.691467 42.22
73.750472 42.22
73.804371 42.22
73.863360 42.22
73.927356 42.22
73.991202 42.22
74.060203 42.22
74.119593 42.22
74.169213 42.22
74.218585 42.22
74.278711 42.22
74.333711 42.22
74.388708 42.22
74.443710 42.22
74.494966 42.22
74.559730 42.22
74.623834 42.22
74.685207 42.22
74.744208 42.22
74.803362 42.22
74.862855 42.22
74.932724 42.22
74.996852 42.22
75.060725 42.22
75.124837 42.22
75.184837 42.22
75.243712 42.22
75.312840 42.22
75.377214 42.22
75.446090 42.22
75.499340 42.22
75.563219 42.22
75.627370 42.22
75.691216 42.22
75.755090 42.22
75.808342 42.22
75.882091 42.22
75.941232 42.22
76.016218 42.22
76.080094 42.22
76.138737 42.22
76.202595 42.22
76.256225 42.22
76.315496 42.22
76.369222 42.22
76.438739 42.22
76.513222 42.22
76.574100 42.22
76.638226 42.22
76.712101 42.22
76.781224 42.22
76.840225 42.22
76.908850 42.22
76.972476 42.22
77.026226 42.22
77.090227 42.22
77.148853 42.22
77.212728 42.22
77.276229 42.22
77.335229 42.22
77.395479 42.22
77.449105 42.22
77.501637 42.22
77.556564 42.22
77.623634 42.22
77.669237 42.22
77.724233 42.22
77.779234 42.22
77.834233 42.22
77.889233 42.22
77.948109 42.22
77.998860 42.22
78.057234 42.22
78.130989 42.22
78.181735 42.22
78.245236 42.22
78.309111 42.22
78.373243 42.22
78.427238 42.22
78.491237 42.22
78.564992 42.22
78.618238 42.22
78.692240 42.22
78.751241 42.22
78.815116 42.22
78.878757 42.22
78.957992 42.22
79.023398 42.22
79.082117 42.22
79.150994 42.22
79.221648 42.22
79.290761 42.22
79.345995 42.22
79.400996 42.22
79.466523 42.22
79.525121 42.22
79.584250 42.22
79.644501 42.22