0.000000 0.000000
0.074157 0.89
0.133919 0.90
0.187761 0.90
0.256397 0.89
0.311257 0.90
0.374757 0.87
0.443383 0.88
0.498257 0.89
0.558257 0.89
0.618258 0.89
0.681758 0.87
0.751915 0.89
0.822430 0.89
0.882152 0.89
0.941917 0.77
1.012033 0.78
1.077655 0.78
1.142013 0.77
1.197014 0.79
1.252013 0.78
1.307015 0.79
1.362015 0.77
1.422925 0.78
1.493021 0.80
1.554672 0.79
1.624017 0.78
1.688017 0.78
1.743017 0.79
1.798018 0.77
1.862018 0.79
1.926019 0.77
1.981019 0.78
2.045020 0.79
2.108911 0.77
2.172520 0.78
2.241147 0.78
2.304663 0.78
2.378662 0.77
2.452663 0.78
2.526523 0.78
2.600524 0.79
2.669149 0.79
2.732665 0.78
2.806526 0.79
2.871667 0.80
2.945526 0.78
3.006026 0.77
3.066278 0.79
3.137152 0.78
3.198545 0.78
3.243278 0.77
3.303029 0.78
3.361529 0.79
3.432155 0.78
3.485530 0.78
3.556156 0.80
3.609532 0.77
3.683532 0.80
3.757532 0.79
3.828033 0.78
3.886547 0.78
3.960548 0.77
4.034551 0.78
4.108549 0.77
4.182553 0.78
4.251552 0.79
4.320553 0.78
4.394553 0.80
4.468552 0.79
4.542555 0.76
4.611802 0.80
4.675806 0.78
4.739805 0.79
4.803556 0.78
4.877805 0.79
4.941567 0.78
5.010565 0.78
5.084806 0.78
5.148566 0.78
5.222567 0.79
5.296568 0.80
5.365568 0.79
5.439810 0.77
5.503569 0.78
5.577811 0.79
5.641812 0.80
5.705811 0.80
5.769815 0.78
5.833574 0.79
5.907814 0.77
5.971576 0.79
6.045689 0.78
6.098925 0.79
6.164428 0.78
6.233577 0.77
6.297430 0.78
6.361576 0.78
6.425428 0.80
6.491053 0.79
6.549580 0.78
6.618580 0.80
6.682581 0.78
6.746430 0.79
6.812181 0.78
6.877432 0.79
6.941583 0.79
7.005580 0.78
7.069460 0.78
7.133057 0.80
7.191435 0.79
7.260057 0.81
7.318434 0.79
7.387058 0.79
7.450560 0.78
7.519310 0.79
7.587935 0.78
7.651437 0.79
7.720061 0.78
7.778437 0.78
7.847062 0.77
7.905439 0.78
7.974063 0.81
8.032439 0.79
8.101064 0.77
8.159443 0.76
8.223064 0.78
8.281442 0.77
8.350066 0.78
8.408443 0.81
8.477066 0.80
8.531941 0.78
8.595444 0.80
8.664068 0.80
8.718943 0.78
8.778944 0.78
8.839069 0.77
8.893945 0.76
8.953945 0.80
9.012447 0.78
9.072571 0.78
9.136072 0.79
9.190946 0.79
9.249323 0.79
9.310698 0.79
9.370325 0.79
9.418450 0.78
9.474699 0.80
9.525326 0.77
9.573453 0.77
9.624701 0.79
9.674076 0.77
9.732453 0.78
9.788702 0.77
9.843202 0.78
9.902827 0.79
9.966328 0.79
10.027703 0.78
10.082203 0.79
10.141829 0.78
10.205330 0.80
10.273955 0.77
10.332331 0.78
10.400957 0.78
10.459332 0.78
10.527958 0.79
10.586332 0.78
10.654958 0.78
10.713460 0.78
10.776959 0.76
10.835334 0.79
10.903960 0.78
10.962335 0.81
11.030961 0.78
11.089336 0.78
11.157962 0.78
11.216337 0.79
11.284963 0.78
11.339962 0.77
11.394839 0.79
11.458339 0.78
11.526964 0.79
11.581856 0.80
11.650966 0.78
11.705855 0.81
11.764350 0.78
11.841731 0.79
11.905351 0.79
11.974351 0.76
12.046733 0.77
12.115736 0.81
12.184737 0.79
12.248353 0.78
12.317354 0.79
12.394864 0.78
12.453350 0.78
12.517223 0.80
12.585848 0.80
12.644223 0.79
12.705599 0.79
12.756226 0.79
12.810724 0.79
12.874225 0.79
12.942851 0.80
13.001225 0.79
13.069852 0.78
13.146727 0.78
13.210227 0.80
13.278853 0.80
13.337228 0.79
13.405853 0.77
13.474229 0.78
13.542855 0.78
13.601230 0.80
13.669856 0.79
13.728231 0.79
13.796857 0.77
13.855231 0.79
13.923858 0.78
13.982359 0.77
14.045859 0.78
14.104234 0.79
14.172859 0.77
14.227735 0.80
14.291235 0.76
14.359861 0.77
14.414736 0.78
14.474736 0.78
14.534863 0.80
14.589738 0.81
14.649737 0.80
14.708113 0.78
14.773366 0.79
14.836864 0.79
14.893116 0.80
14.947615 0.79
15.011116 0.78
15.072492 0.80
15.132118 0.77
15.180242 0.77
15.236492 0.78
15.287120 0.80
15.341618 0.78
15.405118 0.78
15.473744 0.77
15.532120 0.78
15.600745 0.78
15.659120 0.80
15.727747 0.79
15.786121 0.78
15.854748 0.79
15.913122 0.78
15.981747 0.79
16.040123 0.78
16.108748 0.78
16.167124 0.78
16.241000 0.80
16.309625 0.79
16.373125 0.78
16.441751 0.79
16.500127 0.79
16.568752 0.77
16.627127 0.79
16.695753 0.77
16.754129 0.77
16.822755 0.78
16.881129 0.78
16.955005 0.78
17.020131 0.80
17.088756 0.78
17.143632 0.78
17.203632 0.79
17.263632 0.78
17.323634 0.76
17.383633 0.79
17.443633 0.80
17.502009 0.78
17.567135 0.79
17.641010 0.80
17.702387 0.79
17.751763 0.79
17.806637 0.79
17.865012 0.78
17.926390 0.77
17.986014 0.78
18.040513 0.79
18.104013 0.78
18.165391 0.80
18.216016 0.78
18.270516 0.79
18.334015 0.78
18.402641 0.78
18.461016 0.79
18.529642 0.79
18.588017 0.78
18.649394 0.79
18.700020 0.79
18.763519 0.78
18.827019 0.78
18.895645 0.77
18.954020 0.80
19.022646 0.79
19.081021 0.79
19.154897 0.79
19.223522 0.79
19.287022 0.79
19.355648 0.79
19.414023 0.79
19.482649 0.79
19.541025 0.79
19.609650 0.79
19.668025 0.80
19.736651 0.78
19.795026 0.78
19.868902 0.78
19.934028 0.76
20.002653 0.77
20.057528 0.78
20.117529 0.79
20.177530 0.79
20.237530 0.78
20.297531 0.77
20.355906 0.78
20.421156 0.79
20.476156 0.79
20.531157 0.78
20.586157 0.77
20.641158 0.77
20.692283 0.80
20.741659 0.80
20.796534 0.78
20.854910 0.77
20.916285 0.77
20.966912 0.81
21.015035 0.79
21.071285 0.78
21.121913 0.79
21.170036 0.78
21.226287 0.78
21.276915 0.78
21.331414 0.79
21.394913 0.77
21.463539 0.79
21.521914 0.77
21.590540 0.78
21.648915 0.80
21.717541 0.79
21.775916 0.78
21.844542 0.79
21.902917 0.78
21.971543 0.79
22.030043 0.79
22.093543 0.77
22.151920 0.79
22.220545 0.77
22.278919 0.78
22.347546 0.77
22.405920 0.77
22.474547 0.78
22.532922 0.79
22.601548 0.79
22.656451 0.78
22.716549 0.80
22.771453 0.77
22.831574 0.80
22.895452 0.80
22.954453 0.78
23.018575 0.78
23.082578 0.79
23.147827 0.78
23.197455 0.79
23.261455 0.80
23.320580 0.77
23.385830 0.79
23.435457 0.78
23.499456 0.78
23.563431 0.78
23.627432 0.79
23.691460 0.78
23.755433 0.78
23.819450 0.78
23.874434 0.80
23.938435 0.76
24.003813 0.77
24.058435 0.78
24.118437 0.79
24.187437 0.79
24.257815 0.80
24.313061 0.78
24.367815 0.80
24.436828 0.78
24.511188 0.80
24.575188 0.77
24.639064 0.79
24.703064 0.79
24.767189 0.78
24.831189 0.78
24.895191 0.78
24.960831 0.80
25.029832 0.76
25.098833 0.77
25.162444 0.79
25.231835 0.77
25.295445 0.78
25.350832 0.78
25.419835 0.78
25.488961 0.79
25.547961 0.79
25.611837 0.80
25.675836 0.79
25.739836 0.78
25.808839 0.77
25.877964 0.78
25.941839 0.79
26.010840 0.80
26.074451 0.79
26.138324 0.77
26.207326 0.80
26.262200 0.76
26.336326 0.78
26.391076 0.78
26.449968 0.81
26.513718 0.79
26.582842 0.78
26.647710 0.78
26.697329 0.80
26.766330 0.79
26.824971 0.78
26.888846 0.80
26.957847 0.78
27.026847 0.80
27.091714 0.80
27.151848 0.79
27.220975 0.78
27.280715 0.78
27.330334 0.78
27.388976 0.79
27.447848 0.78
27.516973 0.77
27.580852 0.78
27.644609 0.78
27.718602 0.79
27.792613 0.79
27.861604 0.79
27.921854 0.78
27.980338 0.77
28.038713 0.77
28.107339 0.76
28.165715 0.79
28.234339 0.79
28.292715 0.80
28.361340 0.77
28.419716 0.78
28.493616 0.80
28.562620 0.79
28.626351 0.78
28.682984 0.78
28.746620 0.79
28.811970 0.80
28.866861 0.79
28.930862 0.78
28.989622 0.79
29.049598 0.77
29.113621 0.78
29.191223 0.79
29.255223 0.78
29.313740 0.78
29.378607 0.79
29.442863 0.78
29.502607 0.79
29.571624 0.78
29.645868 0.79
29.710101 0.78
29.773866 0.79
29.837501 0.78
29.906103 0.78
29.964744 0.78
30.033628 0.78
30.102870 0.79
30.166628 0.79
30.235629 0.78
30.304871 0.78
30.368505 0.78
30.428873 0.79
30.492632 0.79
30.566633 0.78
30.632634 0.78
30.706509 0.77
30.766877 0.79
30.830508 0.79
30.890877 0.79
30.954636 0.78
31.028637 0.77
31.102513 0.78
31.166237 0.78
31.231113 0.80
31.305239 0.78
31.370239 0.79
31.431115 0.79
31.499990 0.77
31.569116 0.80
31.622517 0.79
31.691641 0.78
31.760517 0.77
31.826118 0.79
31.879518 0.78
31.953632 0.78
32.017632 0.76
32.086637 0.80
32.152120 0.79
32.205520 0.80
32.279521 0.77
32.353522 0.78
32.423997 0.79
32.482522 0.78
32.551764 0.76
32.615524 0.81
32.689638 0.78
32.758525 0.79
32.832641 0.77
32.901501 0.77
32.971503 0.78
33.026000 0.79
33.089501 0.79
33.158127 0.77
33.216503 0.79
33.285127 0.78
33.343503 0.79
33.412128 0.81
33.470504 0.78
33.539130 0.78
33.597505 0.78
33.666130 0.78
33.724506 0.78
33.793131 0.79
33.848131 0.79
33.903131 0.78
33.958008 0.78
34.018008 0.79
34.078008 0.81
34.138009 0.78
34.198009 0.79
34.261510 0.78
34.330135 0.77
34.385011 0.79
34.443388 0.78
34.508514 0.79
34.578389 0.79
34.626512 0.79
34.686639 0.78
34.741638 0.79
34.796639 0.78
34.847764 0.77
34.898391 0.79
34.952890 0.79
35.016391 0.79
35.077766 0.80
35.128392 0.77
35.176517 0.78
35.232767 0.78
35.283393 0.80
35.337893 0.79
35.401393 0.79
35.470019 0.78
35.528394 0.81
35.597019 0.78
35.655398 0.79
35.719020 0.79
35.777397 0.77
35.846021 0.78
35.904398 0.78
35.973022 0.78
36.031399 0.79
36.100023 0.79
36.158400 0.80
36.227025 0.78
36.285403 0.79
36.349025 0.79
36.407402 0.80
36.476026 0.79
36.534402 0.78
36.603027 0.78
36.661404 0.79
36.730028 0.77
36.784903 0.79
36.844903 0.79
36.904904 0.78
36.965031 0.80
37.019906 0.78
37.079905 0.80
37.140030 0.80
37.194906 0.77
37.254907 0.79
37.313409 0.79
37.373533 0.78
37.428534 0.79
37.483534 0.80
37.538534 0.78
37.589659 0.79
37.640286 0.79
37.688412 0.79
37.744660 0.80
37.794036 0.80
37.852412 0.80
37.912537 0.81
37.970912 0.80
38.029288 0.78
38.097913 0.78
38.156289 0.81
38.224914 0.76
38.283289 0.79
38.351915 0.79
38.410290 0.78
38.478916 0.80
38.537291 0.80
38.605918 0.78
38.664420 0.78
38.727918 0.77
38.786293 0.79
38.854919 0.78
38.913294 0.78
38.981920 0.79
39.040295 0.79
39.108921 0.78
39.167296 0.78
39.235922 0.80
39.296172 0.79
39.356297 0.79
39.424923 0.79
39.485173 0.79
39.545299 0.79
39.613925 0.80
39.668925 0.80
39.723801 0.78
39.787300 0.76
39.857205 0.79
39.913204 0.79
39.972053 0.77
40.024570 0.78
40.083179 0.80
40.157304 0.78
40.221305 0.79
40.285305 0.77
40.349180 0.78
40.410570 0.78
40.465307 0.79
40.529308 0.78
40.593308 0.80
40.657183 0.79
40.731309 0.78
40.795309 0.80
40.859309 0.76
40.923185 0.77
40.991936 0.78
41.050826 0.79
41.114828 0.77
41.178827 0.79
41.242826 0.76
41.311706 0.77
41.370313 0.79
41.434189 0.80
41.502940 0.79
41.561704 0.81
41.630829 0.79
41.694831 0.78
41.758830 0.79
41.822832 0.79
41.876193 0.79
41.945068 0.78
42.019068 0.77
42.079319 0.80
42.137944 0.77
42.191446 0.78
42.246961 0.80
42.305834 0.79
42.360960 0.80
42.410961 0.78
42.460962 0.77
42.510961 0.79
42.560963 0.78
42.621099 0.79
42.670839 0.79
42.725965 0.78
42.775962 0.79
42.825963 0.79
42.875966 0.78
42.941101 0.79
42.988468 0.80
43.047076 0.80
43.112452 0.80
43.167202 0.77
43.232078 0.77
43.279454 0.78
43.334328 0.81
43.385455 0.78
43.440079 0.78
43.505080 0.80
43.561081 0.76
43.617107 0.79
43.673456 0.77
43.723206 0.79
43.792081 0.79
43.862083 0.77
43.922083 0.78
43.991083 0.79
44.060208 0.79
44.124209 0.80
44.188210 0.80
44.257085 0.78
44.325850 0.78
44.379210 0.79
44.442727 0.78
44.501087 0.77
44.569727 0.79
44.628087 0.77
44.696730 0.77
44.755089 0.80
44.826741 0.78
44.885215 0.80
44.948729 0.79
45.008981 0.78
45.077732 0.78
45.136092 0.79
45.210093 0.80
45.278732 0.78
45.333620 0.80
45.392094 0.78
45.452219 0.78
45.516095 0.77
45.570970 0.77
45.636221 0.80
45.691221 0.76
45.749737 0.79
45.804622 0.79
45.862972 0.80
45.924350 0.80
45.978973 0.78
46.052973 0.76
46.126974 0.77
46.197002 0.78
46.253001 0.77
46.300355 0.80
46.354976 0.80
46.424977 0.79
46.480978 0.78
46.537005 0.77
46.592979 0.79
46.657980 0.77
46.713980 0.78
46.769981 0.78
46.825981 0.80
46.903359 0.76
46.958105 0.79
47.027106 0.80
47.096106 0.78
47.164982 0.78
47.234107 0.78
47.303108 0.79
47.372108 0.78
47.441109 0.78
47.505110 0.81
47.582363 0.78
47.651511 0.78
47.711986 0.80
47.786112 0.78
47.850112 0.80
47.919113 0.78
47.988113 0.79
48.057239 0.79
48.121113 0.77
48.184989 0.77
48.253990 0.78
48.326515 0.76
48.376631 0.77
48.426632 0.79
48.481643 0.79
48.537894 0.78
48.596617 0.80
48.651492 0.80
48.709867 0.78
48.775118 0.78
48.830119 0.79
48.885119 0.77
48.935393 0.78
48.994517 0.79
49.047248 0.78
49.093247 0.78
49.148122 0.79
49.198412 0.80
49.263254 0.77
49.313252 0.79
49.359250 0.80
49.409250 0.77
49.464249 0.78
49.510436 0.78
49.574536 0.79
49.640126 0.78
49.704126 0.80
49.768002 0.76
49.832438 0.79
49.896409 0.79
49.960530 0.80
50.024530 0.80
50.094134 0.79
50.153132 0.80
50.212006 0.78
50.276131 0.79
50.337006 0.78
50.403260 0.78
50.467538 0.78
50.537133 0.77
50.601008 0.77
50.660702 0.78
50.720266 0.78
50.779513 0.77
50.843419 0.78
50.902538 0.79
50.972147 0.77
51.037034 0.81
51.096015 0.79
51.155014 0.77
51.214013 0.80
51.273267 0.80
51.337516 0.79
51.401905 0.79
51.466139 0.77
51.521015 0.78
51.571270 0.77
51.627427 0.80
51.686267 0.79
51.751795 0.78
51.805422 0.80
51.862278 0.79
51.922024 0.78
51.981021 0.80
52.040020 0.79
52.099019 0.78
52.149274 0.79
52.203432 0.79
52.267427 0.78
52.322425 0.78
52.377426 0.77
52.432440 0.79
52.498150 0.78
52.563664 0.80
52.633148 0.76
52.688024 0.77
52.747150 0.77
52.816431 0.76
52.880430 0.79
52.951668 0.78
53.027036 0.78
53.088282 0.79
53.147442 0.78
53.213437 0.77
53.277434 0.79
53.337033 0.76
53.398284 0.78
53.457914 0.76
53.523034 0.77
53.577286 0.80
53.648045 0.78
53.714479 0.77
53.774168 0.80
53.833922 0.79
53.898814 0.77
53.974159 0.79
54.038449 0.79
54.108034 0.79
54.167700 0.76
54.221288 0.78
54.287041 0.79
54.341674 0.78
54.416162 0.80
54.480287 0.79
54.549805 0.79
54.613929 0.76
54.678038 0.80
54.733039 0.80
54.788043 0.77
54.838694 0.80
54.903693 0.78
54.972916 0.78
55.032041 0.79
55.082699 0.80
55.147167 0.78
55.216172 0.78
55.291044 0.79
55.360293 0.80
55.420294 0.80
55.489794 0.77
55.553294 0.78
55.611937 0.78
55.675572 0.78
55.735940 0.77
55.795047 0.78
55.859048 0.80
55.922819 0.80
55.981923 0.79
56.040553 0.77
56.109577 0.77
56.178819 0.77
56.242565 0.79
56.306565 0.79
56.367055 0.80
56.430551 0.78
56.491056 0.77
56.556570 0.79
56.616821 0.79
56.670178 0.78
56.728571 0.77
56.802555 0.80
56.867684 0.80
56.928055 0.79
56.997572 0.78
57.061307 0.79
57.119823 0.78
57.183843 0.79
57.237808 0.79
57.297588 0.79
57.357824 0.78
57.417062 0.80
57.475701 0.78
57.540060 0.77
57.609060 0.77
57.672561 0.77
57.746578 0.78
57.820937 0.78
57.875704 0.80
57.939829 0.77
58.003591 0.79
58.068591 0.79
58.118192 0.77
58.178195 0.78
58.237191 0.76
58.296191 0.76
58.360320 0.76
58.429191 0.79
58.487567 0.78
58.561567 0.79
58.630568 0.77
58.704711 0.76
58.773836 0.80
58.837834 0.80
58.901585 0.78
58.975475 0.79
59.049589 0.78
59.123600 0.79
59.197572 0.78
59.266573 0.79
59.335588 0.80
59.409841 0.79
59.464575 0.76
59.538591 0.77
59.602075 0.78
59.663480 0.81
59.727849 0.79
59.782576 0.77
59.848202 0.77
59.902842 0.77
59.952479 0.76
60.026594 0.79
60.092204 0.77
60.146954 0.79
60.201847 0.78
60.251485 0.80
60.317206 0.77
60.380956 0.79
60.451484 0.78
60.511960 0.79
60.575595 0.78
60.630852 0.78
60.685459 0.79
60.759602 0.80
60.828584 0.79
60.892460 0.78
60.966603 0.78
61.035461 0.78
61.104462 0.77
61.173463 0.78
61.237087 0.78
61.295464 0.78
61.364464 0.79
61.438464 0.79
61.512590 0.78
61.576089 0.79
61.634466 0.80
61.708467 0.76
61.782341 0.79
61.844469 0.77
61.913467 0.77
61.987468 0.79
62.056093 0.78
62.116498 0.79
62.185470 0.80
62.254499 0.78
62.323624 0.79
62.387501 0.78
62.456501 0.78
62.520505 0.80
62.584502 0.77
62.648097 0.79
62.706503 0.80
62.767099 0.78
62.820502 0.80
62.880975 0.78
62.939351 0.78
63.010101 0.79
63.068851 0.78
63.132977 0.78
63.186504 0.78
63.250619 0.78
63.311103 0.76
63.369854 0.79
63.433358 0.79
63.497621 0.78
63.561358 0.76
63.625361 0.80
63.694358 0.79
63.759366 0.79
63.813982 0.79
63.867358 0.76
63.941757 0.78
64.005653 0.78
64.059502 0.81
64.118518 0.77
64.182626 0.78
64.246363 0.78
64.310623 0.80
64.369986 0.78
64.428641 0.79
64.492612 0.78
64.556237 0.79
64.616631 0.80
64.680368 0.79
64.748992 0.78
64.807368 0.77
64.875992 0.78
64.930993 0.78
64.985993 0.77
65.040994 0.77
65.101758 0.78
65.171117 0.80
65.240404 0.81
65.309242 0.77
65.374386 0.80
65.448244 0.79
65.517521 0.78
65.572647 0.77
65.627523 0.81
65.682525 0.77
65.733635 0.79
65.788888 0.79
65.847246 0.77
65.908639 0.77
65.959265 0.78
66.013764 0.79
66.077249 0.78
66.136249 0.78
66.205527 0.77
66.264404 0.79
66.328521 0.78
66.387377 0.77
66.451406 0.79
66.510127 0.78
66.569877 0.78
66.623407 0.77
66.687518 0.77
66.751128 0.79
66.814897 0.80
66.878894 0.79
66.937755 0.78
67.006881 0.76
67.060409 0.80
67.124131 0.79
67.193535 0.76
67.257532 0.79
67.315882 0.78
67.374257 0.80
67.442882 0.78
67.501384 0.76
67.564929 0.78
67.629010 0.77
67.688011 0.79
67.746886 0.80
67.813012 0.77
67.873165 0.77
67.928213 0.78
67.982555 0.78
68.037141 0.79
68.106139 0.77
68.171417 0.76
68.235140 0.78
68.304461 0.80
68.365917 0.76
68.430395 0.79
68.490180 0.77
68.539784 0.80
68.598267 0.78
68.663170 0.79
68.712784 0.77
68.781659 0.78
68.845144 0.79
68.906520 0.79
68.961145 0.80
69.026176 0.78
69.075789 0.77
69.134426 0.80
69.193147 0.79
69.261789 0.80
69.320399 0.78
69.378903 0.80
69.449031 0.78
69.513451 0.78
69.568184 0.79
69.617791 0.78
69.676402 0.77
69.740025 0.79
69.800276 0.78
69.864027 0.77
69.932667 0.80
69.991278 0.79
70.055153 0.80
70.129422 0.77
70.187782 0.77
70.242783 0.79
70.301157 0.79
70.369784 0.79
70.428159 0.78
70.496781 0.80
70.557032 0.78
70.617283 0.77
70.681033 0.79
70.751063 0.78
70.800801 0.76
70.864677 0.77
70.924785 0.79
70.993679 0.80
71.055066 0.79
71.104801 0.80
71.158286 0.78
71.213069 0.78
71.260413 0.79
71.319038 0.77
71.380442 0.80
71.431068 0.77
71.478444 0.79
71.528040 0.79
71.589442 0.77
71.645180 0.76
71.709815 0.79
71.768166 0.79
71.819444 0.78
71.870052 0.78
71.917446 0.77
71.976167 0.80
72.039793 0.76
72.093810 0.78
72.147168 0.79
72.210794 0.79
72.264295 0.80
72.323046 0.78
72.387171 0.79
72.456047 0.79
72.524813 0.78
72.578298 0.80
72.636923 0.77
72.697298 0.78
72.756050 0.77
72.824692 0.77
72.878174 0.78
72.946925 0.77
73.009051 0.78
73.083176 0.78
73.151926 0.78
73.220551 0.78
73.286053 0.76
73.355053 0.80
73.429054 0.78
73.497822 0.78
73.556574 0.80
73.615697 0.78
73.670824 0.79
73.725680 0.79
73.780823 0.79
73.835824 0.78
73.885822 0.80
73.941488 0.78
74.002312 0.77
74.061936 0.78
74.116435 0.78
74.179933 0.78
74.245184 0.78
74.308937 0.77
74.370314 0.78
74.420939 0.78
74.475441 0.80
74.538941 0.78
74.600315 0.80
74.655063 0.78
74.724064 0.79
74.788968 0.79
74.844967 0.77
74.900970 0.78
74.956968 0.80
75.017481 0.77
75.077074 0.80
75.151945 0.79
75.216972 0.78
75.271472 0.78
75.330068 0.78
75.394988 0.78
75.454818 0.78
75.523570 0.78
75.587586 0.78
75.648070 0.80
75.717071 0.79
75.781210 0.80
75.846206 0.78
75.904950 0.80
75.973574 0.78
76.028573 0.78
76.086948 0.78
76.155573 0.79
76.216466 0.78
76.281337 0.78
76.341083 0.78
76.405599 0.79
76.464595 0.79
76.528455 0.80
76.587454 0.78
76.645953 0.78
76.715203 0.80
76.779079 0.79
76.842954 0.79
76.902833 0.78
76.957332 0.77
77.021081 0.78
77.075233 0.79
77.130086 0.78
77.193957 0.77
77.257957 0.78
77.322083 0.77
77.385958 0.79
77.454850 0.77
77.523854 0.78
77.579211 0.79
77.629868 0.78
77.679334 0.79
77.742852 0.79
77.804212 0.78
77.859087 0.78
77.917463 0.79
77.976219 0.78
78.031213 0.78
78.085731 0.79
78.145339 0.80
78.208845 0.77
78.282715 0.79
78.351340 0.81
78.405096 0.78
78.469217 0.80
78.543982 0.80
78.618468 0.80
78.676860 0.79
78.750859 0.79
78.819469 0.80
78.879718 0.79
78.948861 0.78
79.017860 0.78
79.087096 0.79
79.145739 0.78
79.210972 0.78
79.274862 0.79
79.343847 0.80
79.413099 0.78
79.477099 0.78
79.540724 0.80
79.605974 0.78
79.660975 0.78
79.715978 0.79
79.770976 0.78
79.829477 0.79
79.898226 0.77
79.961727 0.77
80.030362 0.80
80.088729 0.78
80.158115 0.78
80.217729 0.77
80.279230 0.78
80.349759 0.80
80.400761 0.79
80.455521 0.78
80.510358 0.76
80.570232 0.76
80.634107 0.78
80.684760 0.77
80.749109 0.78
80.810765 0.79
80.860363 0.76
80.918859 0.80
80.980765 0.77
81.040631 0.79
81.104566 0.78
81.173863 0.80
81.242862 0.78
81.306641 0.80
81.366738 0.80
81.435364 0.78
81.493864 0.80
81.558115 0.78
81.623641 0.77
81.683997 0.79
81.737757 0.80
81.792741 0.80
81.861867 0.79
81.920867 0.78
81.979868 0.78
82.038883 0.79
82.097743 0.79
82.171761 0.78
82.235995 0.77
82.294871 0.77
82.349665 0.77
82.415251 0.80
82.481011 0.81
82.535998 0.80
82.590997 0.78
82.645997 0.79
82.700998 0.76
82.755687 0.80
82.824874 0.78
82.879652 0.81
82.938641 0.77
83.013002 0.79
83.062892 0.78
83.121751 0.77
83.191002 0.77
83.246002 0.80
83.296655 0.79
83.347657 0.76
83.402253 0.78
83.463657 0.79
83.523771 0.78
83.587879 0.80
83.651882 0.76
83.710505 0.78
83.775521 0.77
83.835132 0.80
83.904510 0.78
83.978632 0.76
84.053009 0.79
84.116535 0.77
84.176900 0.79
84.235885 0.78
84.294775 0.80
84.358885 0.80
84.423021 0.78
84.478528 0.76
84.538887 0.78
84.598137 0.77
84.658541 0.77
84.717138 0.77
84.782781 0.80
84.841262 0.78
84.899639 0.78
84.968265 0.80
85.023144 0.78
85.078140 0.80
85.138140 0.77
85.199518 0.78
85.263016 0.77
85.326518 0.78
85.395783 0.79
85.459648 0.79
85.519769 0.78
85.575019 0.79
85.644520 0.81
85.714549 0.78
85.764021 0.78
85.827521 0.76
85.901522 0.77
85.962898 0.80
86.019525 0.79
86.080907 0.79
86.135649 0.78
86.204810 0.77
86.269025 0.80
86.333526 0.78
86.402651 0.80
86.471901 0.77
86.541529 0.80
86.610785 0.76
86.680699 0.79
86.756033 0.79
86.830547 0.78
86.899796 0.80
86.963672 0.78
87.032672 0.77
87.101673 0.76
87.170674 0.79
87.229157 0.79
87.289675 0.79
87.358676 0.78
87.427548 0.76
87.496676 0.76
87.565677 0.79
87.629550 0.78
87.693675 0.78
87.762678 0.80
87.827036 0.78
87.891036 0.80
87.950037 0.78
88.014163 0.78
88.078038 0.77
88.131553 0.78
88.200681 0.80
88.261165 0.78
88.323165 0.79
88.385165 0.80
88.447166 0.80
88.509041 0.78
88.562557 0.78
88.626683 0.79
88.690810 0.79
88.740559 0.78
88.801169 0.78
88.865044 0.77
88.918450 0.78
88.984045 0.80
89.048170 0.80
89.112045 0.78
89.165563 0.79
89.229689 0.78
89.293813 0.81
89.357923 0.78
89.427048 0.81
89.480454 0.80
89.549579 0.78
89.613692 0.81
89.672579 0.80
89.736691 0.81
89.800816 0.80
89.865051 0.78
89.923927 0.79
89.988052 0.76
90.051944 0.81
90.116054 0.77
90.169457 0.78
90.238821 0.78
90.308179 0.78
90.374055 0.77
90.434585 0.78
90.498824 0.79
90.568182 0.78
90.632057 0.79
90.686933 0.79
90.756308 0.79
90.825701 0.80
90.880589 0.78
90.939463 0.78
91.003590 0.77
91.062465 0.79
91.126580 0.79
91.185465 0.79
91.249589 0.78
91.308467 0.79
91.372592 0.77
91.431467 0.80
91.495590 0.76
91.554469 0.78
91.618592 0.78
91.677471 0.78
91.741594 0.76
91.800471 0.77
91.864593 0.79
91.923473 0.79
91.987598 0.79
92.046473 0.80
92.110595 0.80
92.169473 0.78
92.233596 0.77
92.292472 0.79
92.356600 0.76
92.415476 0.77
92.479598 0.80
92.538447 0.79
92.601946 0.78
92.660321 0.78
92.728947 0.80
92.787322 0.78
92.855948 0.79
92.914323 0.80
92.982949 0.79
93.041324 0.80
93.109950 0.78
93.168325 0.78
93.236951 0.79
93.291826 0.77
93.355326 0.77
93.423952 0.80
93.478828 0.80
93.542328 0.75
93.610953 0.79
93.665829 0.79
93.725830 0.79
93.785830 0.77
93.845830 0.81
93.904206 0.80
93.969457 0.80
94.020582 0.77
94.071208 0.79
94.119333 0.78
94.175583 0.78
94.226209 0.77
94.280709 0.77
94.344209 0.80
94.405585 0.78
94.454959 0.79
94.513335 0.79
94.569586 0.79
94.620212 0.80
94.674712 0.81
94.738212 0.78
94.806838 0.77
94.865213 0.78
94.933839 0.76
94.992214 0.77
95.060839 0.78
95.119215 0.78
95.187840 0.79
95.246215 0.77
95.314841 0.80
95.373217 0.79
95.441842 0.80
95.500218 0.78
95.568843 0.78
95.627218 0.80
95.695844 0.80
95.754219 0.79
95.822845 0.78
95.881220 0.78
95.949846 0.78
96.004847 0.78
96.063222 0.78
96.131847 0.77
96.190223 0.76
96.258848 0.79
96.313724 0.80
96.373724 0.76
96.433724 0.79
96.493725 0.78
96.553726 0.77
96.612100 0.78
96.677360 0.80
96.732359 0.80
96.787358 0.78
96.850853 0.78
96.905728 0.77
96.964104 0.80
97.029357 0.80
97.080479 0.76
97.131106 0.80
97.179230 0.79
97.235482 0.78
97.286134 0.78
97.350232 0.78
97.414233 0.79
97.473001 0.79
97.542234 0.76
97.606362 0.79
97.665235 0.78
97.729362 0.76
97.787985 0.78
97.856611 0.79
97.920111 0.78
97.988863 0.80
98.047371 0.78
98.106113 0.78
98.174880 0.77
98.243992 0.77
98.302881 0.78
98.356370 0.80
98.415517 0.77
98.479756 0.79
98.538756 0.77
98.602758 0.80
98.666759 0.78
98.721760 0.78
98.781885 0.79
98.847244 0.79
98.906244 0.79
98.970245 0.78
99.034120 0.80
99.103245 0.78
99.167246 0.78
99.226247 0.77
99.290246 0.78
99.345028 0.78
99.392404 0.78
99.442248 0.81
99.500999 0.79
99.557405 0.77
99.607249 0.77
99.662030 0.81
99.709403 0.80
99.759126 0.78
99.823001 0.78
99.897126 0.78
99.961002 0.79
100.017406 0.78
100.067253 0.79
100.126128 0.80
100.195129 0.76
100.259005 0.79
100.333130 0.78
100.397130 0.78
100.466131 0.80
100.530256 0.78
100.589131 0.77
100.648132 0.78
100.712257 0.78
100.771133 0.79
100.840008 0.77
100.904133 0.78
100.973135 0.79
101.037260 0.78
101.091260 0.80
101.145136 0.78
101.209012 0.77
101.283137 0.77
101.342262 0.79
101.396138 0.78
101.450138 0.76
101.509014 0.79
101.573139 0.78
101.632014 0.78
101.696140 0.76
101.760140 0.77
101.829141 0.79
101.893142 0.78
101.957141 0.80
102.016017 0.78
102.080143 0.79
102.139018 0.78
102.208019 0.77
102.272144 0.78
102.336144 0.78
102.400020 0.80
102.464146 0.80
102.528021 0.76
102.592022 0.79
102.656147 0.77
102.720148 0.78
102.784024 0.78
102.848148 0.78
102.912024 0.77
102.976025 0.80
103.040150 0.79
103.104151 0.80
103.168026 0.78
103.232151 0.80
103.296152 0.79
103.360028 0.77
103.424028 0.77
103.493154 0.79
103.557154 0.80
103.621030 0.79
103.685155 0.77
103.749155 0.78
103.812920 0.76
103.887156 0.77
103.951157 0.79
104.015158 0.80
104.079158 0.78
104.143033 0.77
104.207158 0.79
104.271159 0.76
104.335035 0.78
104.394161 0.80
104.458036 0.77
104.517161 0.78
104.578162 0.77
104.642037 0.77
104.701163 0.80
104.765038 0.78
104.824163 0.80
104.888039 0.76
104.947164 0.79
105.011040 0.79
105.070040 0.78
105.129040 0.78
105.187931 0.76
105.252166 0.79
105.307042 0.80
105.365932 0.77
105.430168 0.77
105.490293 0.79
105.553793 0.78
105.619043 0.78
105.670169 0.76
105.719544 0.76
105.777920 0.79
105.841421 0.78
105.899796 0.76
105.968422 0.78
106.026796 0.78
106.088171 0.78
106.138798 0.78
106.193297 0.77
106.256798 0.80
106.325424 0.78
106.383799 0.79
106.452426 0.78
106.510800 0.76
106.579426 0.77
106.637801 0.80
106.706427 0.77
106.764801 0.79
106.833428 0.78
106.891803 0.79
106.960429 0.77
107.018804 0.78
107.087430 0.80
107.145805 0.78
107.214431 0.77
107.272806 0.78
107.346697 0.79
107.407183 0.78
107.476308 0.76
107.540309 0.78
107.599309 0.79
107.658464 0.78
107.733060 0.78
107.791952 0.78
107.851061 0.78
107.910061 0.78
107.965062 0.79
108.020187 0.80
108.094831 0.79
108.159063 0.78
108.218063 0.80
108.273452 0.79
108.343067 0.80
108.392959 0.78
108.452065 0.80
108.507066 0.80
108.562066 0.80
108.617067 0.78
108.672067 0.77
108.727068 0.78
108.782068 0.78
108.837068 0.79
108.892069 0.77
108.947069 0.78
109.002070 0.80
109.057070 0.78
109.112070 0.78
109.171071 0.77
109.241725 0.76
109.292728 0.78
109.362072 0.78
109.427714 0.78
109.501838 0.81
109.566073 0.78
109.630074 0.78
109.695715 0.78
109.769604 0.80
109.828842 0.79
109.892606 0.80
109.961594 0.79
110.022077 0.80
110.087606 0.78
110.151844 0.78
110.215596 0.81
110.276079 0.79
110.340204 0.76
110.399205 0.80
110.452846 0.78
110.511724 0.79
110.577331 0.79
110.632207 0.79
110.685849 0.77
110.749597 0.77
110.818600 0.78
110.892611 0.77
110.961613 0.78
111.031085 0.79
111.089727 0.79
111.155210 0.78
111.213853 0.78
111.272601 0.77
111.346978 0.80
111.401855 0.81
111.465854 0.78
111.517088 0.79
111.575854 0.78
111.627089 0.79
111.685855 0.79
111.749465 0.81
111.823857 0.77
111.887466 0.76
111.956622 0.77
112.020621 0.78
112.089621 0.80
112.153622 0.77
112.217620 0.78
112.281623 0.79
112.350862 0.76
112.414623 0.80
112.483863 0.79
112.547499 0.80
112.616499 0.78
112.685624 0.77
112.754626 0.76
112.823988 0.78
112.888098 0.78
112.962099 0.77
113.032224 0.76
113.098100 0.79
113.167226 0.77
113.232226 0.78
113.294102 0.78
113.347629 0.80
113.411631 0.78
113.465103 0.79
113.530507 0.78
113.594508 0.79
113.658632 0.81
113.724230 0.80
113.773998 0.79
113.839511 0.79
113.903635 0.79
113.967636 0.78
114.031512 0.79
114.097108 0.79
114.150511 0.80
114.211984 0.78
114.276109 0.76
114.329638 0.79
114.381002 0.77
114.445110 0.81
114.498514 0.80
114.567639 0.78
114.636879 0.81
114.710987 0.78
114.769642 0.78
114.833752 0.80
114.897647 0.76
114.967002 0.79
115.031116 0.76
115.100630 0.77
115.159371 0.78
115.233741 0.80
115.297519 0.79
115.371997 0.78
115.445992 0.80
115.510119 0.80
115.572548 0.79
115.637639 0.78
115.701884 0.78
115.776002 0.77
115.850001 0.77
115.915409 0.77
115.979771 0.79
116.038637 0.80
116.107406 0.80
116.181527 0.80
116.250650 0.81
116.319641 0.78
116.380000 0.80
116.438375 0.81
116.512404 0.78
116.581406 0.78
116.650518 0.78
116.719644 0.78
116.779877 0.80
116.843628 0.77
116.904003 0.81
116.957518 0.78
117.021409 0.77
117.090381 0.77
117.159535 0.78
117.228382 0.78
117.298882 0.77
117.357509 0.79
117.421535 0.77
117.485774 0.78
117.545383 0.79
117.599883 0.78
117.663385 0.79
117.732008 0.79
117.790385 0.78
117.859009 0.80
117.917386 0.77
117.986011 0.77
118.044387 0.78
118.113015 0.79
118.171388 0.80
118.240017 0.79
118.295013 0.77
118.353389 0.80
118.422014 0.76
118.480390 0.76
118.549015 0.78
118.607392 0.79
118.676016 0.80
118.734392 0.78
118.803016 0.77
118.857893 0.78
118.917893 0.78
118.977893 0.77
119.043019 0.76
119.097894 0.80
119.156269 0.80
119.221520 0.80
119.276520 0.80
119.340021 0.79
119.394896 0.78
119.453271 0.78
119.514648 0.81
119.565273 0.76
119.613413 0.79
119.669648 0.79
119.724273 0.79
119.785649 0.78
119.840274 0.78
119.901650 0.76
119.952277 0.77
120.006780 0.77
120.070276 0.79
120.144152 0.80
120.203778 0.80
120.267278 0.80
120.335904 0.79
120.394279 0.81
120.462904 0.80
120.521280 0.79
120.589905 0.80
120.648281 0.77
120.722156 0.79
120.781781 0.79
120.845282 0.78
120.913907 0.79
120.972283 0.78
121.040909 0.78
121.099284 0.79
121.167909 0.77
121.226284 0.79
121.294910 0.77
121.353285 0.80
121.421911 0.79
121.480287 0.78
121.548912 0.77
121.603788 0.79
121.663788 0.78
121.723789 0.78
121.783789 0.79
121.843790 0.79
121.903790 0.78
121.963791 0.79
122.023791 0.77
122.083792 0.78
122.147292 0.78
122.215918 0.77
122.270793 0.78
122.329293 0.80
122.389420 0.79
122.444420 0.77
122.495545 0.80
122.546171 0.79
122.594295 0.79
122.650545 0.78
122.701172 0.78
122.755671 0.78
122.819172 0.80
122.880548 0.78
122.931174 0.77
122.985673 0.76
123.049173 0.78
123.117799 0.77
123.176175 0.78
123.244800 0.77
123.303188 0.78
123.371801 0.77
123.430177 0.80
123.498802 0.79
123.557178 0.78
123.625803 0.76
123.684178 0.77
123.752804 0.78
123.811179 0.80
123.879805 0.77
123.934805 0.79
123.993180 0.79
124.061806 0.77
124.120181 0.79
124.188808 0.79
124.248683 0.80
124.312183 0.78
124.380808 0.77
124.435684 0.78
124.499185 0.78
124.567810 0.78
124.622685 0.78
124.682686 0.80
124.742687 0.80
124.802692 0.78
124.862687 0.80
124.921063 0.79
124.986188 0.78
125.046313 0.77
125.101319 0.77
125.166065 0.79
125.220565 0.79
125.284065 0.80
125.345441 0.77
125.394816 0.77
125.449692 0.79
125.508066 0.78
125.569444 0.78
125.620069 0.78
125.674568 0.78
125.738069 0.79
125.799445 0.78
125.859070 0.80
125.913570 0.78
125.977195 0.79
126.040709 0.80
126.099082 0.78
126.167697 0.79
126.226072 0.77
126.294698 0.79
126.353073 0.77
126.421699 0.78
126.480074 0.78
126.548710 0.79
126.607077 0.78
126.675702 0.78
126.734076 0.77
126.802703 0.79
126.861077 0.78
126.929703 0.78
126.988078 0.77
127.056704 0.79
127.115083 0.78
127.183704 0.77
127.238580 0.78
127.302080 0.79
127.370706 0.79
127.425599 0.78
127.481988 0.79
127.540583 0.79
127.609958 0.77
127.675334 0.78
127.725990 0.79
127.784460 0.79
127.843086 0.78
127.899336 0.78
127.954604 0.78
128.013086 0.77
128.077087 0.79
128.141997 0.76
128.196464 0.79
128.260092 0.77
128.324991 0.79
128.374607 0.78
128.433090 0.79
128.501965 0.78
128.570621 0.78
128.625609 0.76
128.684092 0.79
128.745998 0.80
128.800468 0.77
128.864093 0.79
128.927622 0.78
128.986219 0.77
129.049974 0.80
129.124095 0.78
129.188354 0.77
129.262611 0.78
129.326598 0.77
129.385097 0.79
129.454097 0.78
129.523097 0.77
129.587098 0.77
129.653099 0.78
129.711975 0.81
129.778225 0.77
129.841975 0.78
129.906101 0.76
129.970102 0.80
130.033977 0.76
130.098102 0.77
130.156978 0.79
130.215978 0.78
130.280103 0.81
130.334104 0.78
130.393105 0.79
130.457508 0.79
130.516620 0.78
130.571508 0.80
130.630621 0.78
130.700107 0.79
130.759107 0.78
130.817983 0.77
130.882233 0.78
130.937108 0.78
131.001234 0.79
131.056109 0.78
131.115109 0.78
131.179110 0.77
131.237985 0.78
131.302117 0.77
131.361112 0.78
131.425244 0.77
131.485515 0.80
131.549370 0.78
131.613518 0.78
131.679238 0.79
131.748371 0.78
131.812519 0.78
131.887240 0.81
131.956616 0.79
132.016884 0.80
132.085885 0.79
132.151993 0.78
132.220993 0.79
132.284994 0.77
132.349119 0.77
132.412995 0.78
132.476886 0.78
132.545995 0.78
132.610121 0.78
132.674122 0.77
132.737872 0.80
132.806998 0.79
132.865998 0.79
132.924999 0.78
132.983999 0.79
133.037875 0.79
133.102000 0.76
133.156000 0.80
133.215001 0.76
133.274001 0.78
133.338002 0.76
133.397002 0.78
133.461007 0.78
133.520128 0.78
133.579266 0.79
133.643407 0.79
133.699761 0.79
133.764005 0.77
133.823130 0.78
133.877897 0.79
133.942131 0.77
133.997131 0.78
134.052132 0.80
134.107007 0.78
134.165899 0.80
134.230133 0.77
134.285009 0.78
134.344009 0.78
134.394134 0.79
134.449018 0.78
134.508011 0.80
134.572135 0.80
134.636012 0.79
134.700140 0.77
134.769416 0.79
134.833418 0.77
134.897263 0.77
134.966653 0.79
135.027014 0.78
135.087779 0.77
135.157030 0.78
135.221418 0.78
135.301908 0.77
135.361017 0.76
135.422017 0.77
135.481035 0.77
135.544784 0.80
135.609030 0.79
135.673422 0.76
135.737786 0.79
135.796425 0.78
135.857270 0.79
135.921425 0.78
135.990911 0.79
136.050022 0.78
136.109022 0.77
136.167915 0.78
136.221428 0.79
136.283163 0.78
136.337274 0.77
136.392274 0.77
136.449025 0.79
136.504151 0.79
136.564901 0.81
136.624027 0.79
136.679027 0.78
136.734027 0.78
136.789027 0.79
136.844028 0.80
136.898919 0.78
136.962793 0.80
137.033683 0.77
137.088917 0.77
137.147905 0.78
137.207563 0.79
137.277031 0.79
137.331923 0.78
137.391032 0.80
137.449784 0.79
137.518673 0.77
137.584551 0.80
137.653914 0.78
137.712802 0.77
137.782168 0.79
137.841576 0.78
137.906162 0.77
137.966803 0.78
138.035803 0.78
138.099927 0.77
138.153939 0.80
138.214806 0.81
138.273917 0.78
138.328040 0.78
138.402917 0.78
138.456791 0.79
138.507052 0.78
138.561166 0.78
138.620169 0.77
138.684166 0.78
138.744591 0.78
138.813794 0.78
138.877558 0.80
138.947044 0.78
139.011044 0.80
139.080573 0.78
139.155049 0.79
139.224574 0.78
139.283812 0.79
139.347689 0.79
139.412047 0.77
139.476047 0.77
139.535175 0.80
139.590049 0.80
139.660053 0.79
139.734838 0.78
139.799824 0.78
139.853695 0.79
139.918585 0.80
139.982825 0.77
140.047055 0.78
140.121593 0.78
140.191572 0.78
140.256065 0.77
140.315180 0.78
140.379838 0.80
140.439183 0.80
140.508590 0.78
140.567824 0.79
140.632191 0.76
140.696058 0.79
140.760185 0.78
140.829953 0.79
140.899941 0.78
140.959186 0.78
141.019470 0.77
141.088703 0.79
141.152829 0.78
141.211935 0.78
141.277579 0.79
141.341702 0.78
141.406061 0.78
141.475438 0.78
141.539707 0.77
141.598583 0.79
141.657942 0.80
141.723474 0.79
141.777947 0.77
141.832069 0.79
141.891068 0.78
141.955066 0.78
142.008481 0.79
142.072602 0.78
142.133630 0.78
142.200072 0.78
142.264726 0.78
142.329490 0.77
142.388956 0.78
142.448722 0.78
142.513638 0.77
142.588323 0.79
142.659481 0.78
142.723590 0.78
142.788325 0.79
142.852591 0.76
142.912328 0.80
142.976592 0.78
143.040701 0.78
143.099590 0.78
143.158721 0.80
143.217594 0.77
143.287620 0.79
143.352078 0.78
143.416078 0.78
143.480203 0.76
143.549956 0.78
143.619775 0.80
143.675080 0.78
143.728485 0.79
143.798083 0.79
143.857206 0.79
143.916961 0.78
143.977503 0.79
144.045524 0.80
144.104624 0.79
144.169628 0.81
144.228855 0.78
144.288087 0.78
144.352085 0.79
144.411734 0.80
144.461338 0.81
144.516846 0.78
144.570337 0.78
144.630857 0.79
144.700339 0.77
144.769637 0.78
144.833858 0.78
144.899965 0.77
144.953339 0.78
145.023967 0.77
145.077340 0.79
145.143098 0.79
145.196465 0.80
145.261965 0.78
145.325860 0.79
145.400471 0.78
145.459626 0.80
145.518349 0.80
145.587468 0.80
145.656350 0.77
145.719969 0.76
145.778351 0.78
145.852352 0.78
145.921352 0.76
145.990354 0.79
146.059501 0.78
146.128350 0.78
146.192499 0.78
146.256659 0.80
146.311849 0.76
146.381523 0.78
146.440353 0.80
146.504670 0.79
146.554475 0.78
146.618893 0.79
146.687976 0.77
146.746977 0.79
146.807227 0.77
146.867504 0.78
146.926359 0.78
146.995630 0.79
147.050604 0.80
147.114361 0.78
147.180231 0.78
147.245268 0.78
147.305361 0.79
147.369868 0.79
147.421757 0.78
147.480736 0.78
147.544358 0.78
147.608631 0.78
147.658361 0.80
147.722375 0.79
147.786989 0.77
147.848308 0.80
147.902506 0.78
147.961364 0.80
148.025505 0.77
148.084517 0.79
148.143237 0.78
148.209755 0.78
148.279526 0.77
148.343373 0.78
148.397373 0.78
148.457267 0.80
148.516377 0.78
148.580507 0.78
148.639407 0.78
148.698401 0.81
148.762653 0.77
148.821410 0.80
148.882540 0.80
148.941497 0.80
149.005123 0.80
149.065415 0.78
149.126543 0.80
149.180382 0.78
149.235917 0.80
149.305373 0.79
149.374431 0.79
149.433498 0.78
149.497534 0.78
149.556519 0.81
149.610635 0.79
149.670129 0.79
149.736635 0.79
149.795876 0.78
149.859890 0.80
149.918892 0.77
149.978882 0.77
150.033752 0.79
150.099166 0.78
150.146533 0.80
150.201408 0.78
150.260256 0.79
150.320159 0.78
150.372004 0.78
150.430777 0.78
150.496165 0.78
150.555257 0.77
150.614803 0.81
150.679424 0.78
150.733259 0.78
150.792258 0.78
150.856132 0.81
150.917536 0.81
150.977776 0.76
151.047262 0.78
151.111259 0.78
151.170667 0.78
151.229262 0.78
151.293421 0.77
151.352261 0.78
151.416264 0.77
151.475424 0.81
151.534803 0.76
151.604267 0.78
151.668678 0.81
151.727783 0.81
151.797453 0.80
151.862268 0.77
151.917652 0.78
151.978796 0.78
152.039654 0.76
152.105145 0.78
152.179679 0.79
152.242439 0.78
152.292679 0.77
152.353274 0.80
152.412677 0.77
152.478145 0.78
152.547550 0.78
152.602772 0.80
152.657788 0.78
152.716791 0.80
152.773055 0.79
152.820564 0.78
152.875795 0.78
152.929275 0.80
152.984901 0.79
153.041448 0.79
153.096274 0.78
153.151054 0.78
153.212064 0.79
153.266671 0.78
153.336907 0.78
153.401796 0.79
153.460652 0.77
153.514152 0.76
153.580055 0.79
153.627404 0.79
153.677443 0.78
153.736280 0.76
153.795559 0.78
153.859549 0.79
153.918159 0.80
153.977282 0.79
154.032067 0.78
154.101156 0.79
154.165289 0.78
154.234803 0.78
154.288577 0.80
154.348038 0.78
154.417296 0.80
154.476286 0.77
154.530174 0.77
154.604919 0.78
154.668552 0.78
154.737554 0.77
154.801287 0.79
154.860037 0.80
154.934291 0.78
154.993040 0.78
155.062587 0.79
155.122043 0.78
155.186454 0.77
155.245042 0.76
155.309586 0.79
155.365563 0.77
155.424813 0.78
155.484295 0.78
155.543305 0.80
155.603558 0.79
155.653672 0.79
155.713172 0.77
155.777183 0.78
155.838724 0.78
155.908184 0.80
155.978604 0.78
156.044176 0.78
156.103173 0.79
156.167492 0.79
156.221552 0.76
156.285836 0.79
156.341483 0.80
156.406183 0.78
156.465707 0.80
156.525470 0.78
156.585967 0.79
156.633303 0.79
156.688178 0.76
156.747177 0.79
156.811492 0.79
156.875461 0.78
156.945185 0.77
157.004699 0.77
157.070591 0.78
157.134461 0.77
157.199185 0.80
157.258057 0.78
157.319192 0.80
157.378057 0.79
157.442317 0.76
157.512063 0.78
157.581064 0.77
157.645183 0.78
157.709058 0.78
157.773184 0.77
157.837312 0.79
157.901468 0.80
157.961192 0.78
158.015186 0.76
158.074061 0.80
158.138187 0.78
158.202188 0.81
158.266188 0.76
158.325316 0.80
158.389958 0.77
158.444320 0.80
158.503477 0.79
158.568200 0.81
158.629070 0.79
158.688465 0.80
158.742479 0.78
158.802890 0.79
158.857323 0.78
158.921587 0.78
158.985320 0.78
159.050856 0.81
159.100473 0.79
159.165869 0.79
159.220856 0.80
159.270477 0.76
159.327327 0.79
159.386486 0.78
159.451332 0.76
159.511077 0.78
159.561334 0.80
159.631457 0.78
159.692333 0.78
159.751489 0.78
159.815961 0.79
159.880075 0.79
159.944474 0.78
160.000862 0.80
160.050457 0.76
160.116497 0.78
160.191204 0.77
160.250499 0.80
160.325463 0.77
160.389486 0.79
160.459332 0.78
160.518081 0.77
160.577087 0.78
160.637853 0.79
160.712850 0.81
160.781973 0.80
160.836211 0.80
160.902085 0.76
160.956087 0.78
161.019711 0.79
161.091091 0.78
161.151838 0.80
161.211216 0.79
161.276856 0.77
161.346095 0.81
161.405089 0.77
161.459362 0.78
161.524217 0.80
161.589091 0.78
161.652839 0.78
161.712090 0.78
161.766742 0.78
161.815089 0.80
161.869966 0.77
161.921090 0.78
161.987093 0.81
162.041985 0.76
162.092217 0.79
162.152092 0.78
162.205971 0.77
162.264861 0.78
162.334219 0.80
162.397862 0.78
162.467222 0.77
162.531356 0.78
162.591776 0.78
162.650973 0.77
162.710223 0.79
162.770223 0.79
162.836355 0.78
162.911099 0.77
162.968532 0.79
163.032876 0.80
163.092234 0.80
163.156870 0.77
163.211228 0.77
163.275633 0.77
163.345875 0.79
163.399874 0.79
163.459235 0.80
163.520107 0.77
163.580870 0.80
163.639869 0.78
163.703871 0.77
163.764358 0.78
163.819633 0.78
163.889118 0.81
163.954634 0.80
164.023876 0.78
164.087634 0.79
164.151878 0.79
164.215873 0.77
164.270113 0.81
164.339627 0.80
164.399119 0.79
164.453363 0.77
164.512247 0.79
164.577988 0.79
164.647674 0.77
164.703116 0.78
164.763680 0.78
164.818122 0.77
164.873660 0.80
164.933118 0.81
164.993652 0.76
165.060124 0.77
165.119887 0.78
165.179254 0.78
165.239759 0.77
165.304262 0.77
165.379244 0.78
165.440130 0.77
165.505124 0.79
165.575256 0.78
165.641875 0.80
165.706775 0.79
165.771892 0.79
165.836776 0.80
165.898003 0.79
165.972629 0.81
166.047770 0.77
166.112778 0.79
166.177773 0.78
166.242887 0.79
166.304429 0.80
166.368771 0.77
166.423002 0.79
166.492784 0.79
166.546768 0.77
166.605888 0.77
166.666771 0.79
166.725911 0.77
166.783127 0.76
166.847519 0.80
166.912130 0.76
166.965773 0.79
167.025011 0.80
167.090646 0.76
167.149259 0.77
167.218757 0.80
167.278541 0.78
167.333537 0.78
167.381640 0.78
167.447007 0.80
167.516789 0.78
167.575509 0.78
167.650019 0.79
167.708776 0.81
167.767655 0.78
167.826636 0.77
167.896018 0.78
167.955783 0.79
168.019775 0.77
168.074011 0.77
168.137780 0.77
168.202014 0.78
168.260783 0.79
168.320137 0.77
168.373655 0.80
168.443140 0.79
168.498015 0.80
168.573018 0.80
168.642016 0.80
168.711143 0.76
168.764784 0.78
168.824020 0.78
168.893519 0.78
168.968020 0.79
169.042646 0.78
169.107020 0.79
169.181814 0.81
169.251145 0.78
169.312028 0.78
169.386021 0.79
169.455426 0.79
169.524521 0.77
169.598664 0.80
169.667793 0.79
169.717526 0.78
169.787038 0.79
169.852671 0.77
169.906434 0.78
169.976675 0.77
170.035795 0.76
170.090798 0.78
170.145526 0.76
170.209435 0.78
170.273437 0.78
170.339032 0.81
170.388905 0.80
170.443921 0.79
170.508030 0.78
170.572290 0.76
170.627910 0.79
170.692160 0.79
170.756805 0.78
170.806550 0.78
170.860920 0.80
170.920581 0.77
170.990563 0.79
171.055684 0.81
171.115298 0.77
171.180291 0.78
171.239681 0.77
171.299165 0.79
171.363447 0.78
171.438555 0.78
171.503298 0.80
171.567554 0.80
171.632166 0.78
171.691040 0.78
171.745050 0.79
171.816558 0.78
171.886046 0.76
171.950812 0.77
172.020697 0.79
172.085692 0.79
172.146929 0.77
172.206818 0.78
172.271700 0.78
172.327047 0.80
172.393613 0.77
172.452545 0.80
172.516932 0.78
172.572044 0.78
172.632308 0.79
172.698583 0.78
172.757453 0.78
172.824053 0.80
172.877926 0.77
172.939060 0.80
172.998824 0.78
173.056358 0.76
173.106052 0.76
173.165053 0.79
173.221055 0.77
173.290828 0.76
173.350599 0.78
173.409931 0.78
173.475336 0.76
173.524944 0.79
173.583930 0.78
173.653303 0.77
173.717928 0.76
173.776459 0.80
173.826823 0.79
173.880949 0.79
173.950604 0.77
174.009572 0.77
174.073840 0.78
174.132824 0.80
174.196932 0.77
174.260822 0.78
174.324572 0.80
174.383579 0.78
174.442600 0.80
174.501702 0.80
174.560580 0.78
174.619584 0.78
174.683311 0.76
174.747709 0.80
174.812063 0.78
174.878837 0.80
174.937832 0.78
175.001940 0.81
175.066064 0.78
175.120939 0.79
175.175939 0.78
175.236833 0.79
175.302226 0.78
175.360942 0.78
175.417585 0.77
175.481596 0.78
175.541192 0.78
175.610191 0.78
175.684193 0.79
175.747966 0.78
175.800604 0.80
175.855724 0.79
175.915199 0.79
175.971731 0.78
176.031606 0.77
176.088722 0.77
176.148469 0.77
176.207324 0.79
176.271329 0.78
176.342844 0.79
176.402461 0.78
176.467331 0.79
176.521329 0.79
176.580327 0.77
176.644866 0.79
176.714327 0.78
176.778328 0.78
176.837328 0.78
176.901202 0.80
176.964969 0.78
177.023844 0.80
177.087845 0.79
177.156720 0.80
177.215329 0.78
177.274849 0.78
177.333460 0.77
177.387621 0.80
177.451852 0.78
177.516732 0.78
177.585847 0.78
177.657338 0.78
177.721598 0.79
177.781370 0.79
177.842213 0.81
177.911466 0.79
177.969850 0.79
178.033856 0.77
178.094210 0.80
178.168215 0.78
178.231837 0.78
178.286729 0.79
178.350855 0.79
178.405862 0.77
178.470217 0.80
178.523609 0.78
178.583371 0.79
178.637219 0.80
178.701633 0.77
178.760732 0.78
178.830363 0.78
178.894738 0.80
178.959376 0.76
179.024224 0.77
179.078606 0.80
179.138229 0.78
179.197859 0.80
179.257760 0.78
179.322514 0.79
179.383545 0.80
179.453224 0.80
179.517353 0.78
179.576868 0.79
179.641362 0.77
179.706229 0.79
179.781362 0.80
179.851522 0.76
179.915227 0.79
179.984516 0.77
180.048356 0.80
180.102513 0.78
180.166902 0.78
180.226485 0.79
180.290362 0.76
180.352028 0.78
180.418753 0.79
180.478371 0.80
180.543237 0.78
180.608234 0.79
180.662629 0.77
180.726752 0.77
180.791237 0.78
180.850234 0.78
180.920615 0.78
180.974863 0.78
181.034494 0.78
181.094241 0.78
181.155372 0.78
181.216539 0.76
181.275866 0.80
181.340531 0.79
181.399522 0.76
181.455650 0.78
181.519501 0.80
181.581017 0.78
181.629647 0.78
181.686034 0.78
181.736028 0.78
181.783376 0.81
181.838623 0.78
181.899533 0.81
181.953118 0.78
182.007397 0.77
182.066495 0.76
182.141564 0.80
182.201248 0.80
182.255384 0.76
182.310891 0.79
182.375873 0.76
182.441549 0.78
182.501248 0.80
182.560899 0.80
182.627544 0.79
182.692259 0.81
182.762250 0.76
182.816562 0.78
182.876254 0.76
182.941127 0.79
183.002253 0.76
183.063129 0.78
183.133131 0.77
183.202753 0.78
183.262565 0.76
183.321252 0.76
183.377258 0.79
183.447130 0.78
183.505875 0.78
183.566002 0.77
183.635256 0.78
183.690771 0.78
183.754521 0.78
183.823537 0.78
183.892771 0.79
183.951775 0.78
184.010520 0.78
184.060784 0.80
184.125188 0.81
184.184267 0.79
184.250551 0.80
184.315269 0.80
184.381558 0.78
184.447534 0.77
184.503268 0.77
184.559929 0.78
184.620454 0.80
184.680925 0.78
184.732647 0.78
184.793446 0.77
184.852650 0.79
184.923145 0.78
184.980477 0.79
185.056147 0.78
185.106434 0.78
185.166028 0.77
185.220567 0.76
185.290575 0.79
185.351566 0.80
185.425908 0.80
185.495893 0.78
185.550393 0.78
185.613892 0.77
185.682653 0.76
185.741019 0.78
185.804522 0.77
185.862900 0.77
185.931521 0.77
185.989904 0.78
186.058522 0.76
186.111904 0.78
186.180526 0.79
186.238898 0.80
186.307523 0.79
186.362657 0.77
186.431275 0.76
186.494785 0.78
186.560155 0.78
186.618527 0.80
186.673661 0.78
186.738407 0.78
186.798533 0.80
186.856907 0.76
186.925529 0.77
186.983907 0.80
187.044040 0.78
187.099036 0.78
187.150158 0.80
187.209788 0.78
187.264285 0.79
187.327792 0.80
187.393414 0.80
187.451784 0.78
187.521795 0.79
187.576287 0.80
187.646475 0.78
187.716038 0.79
187.775037 0.76
187.833909 0.77
187.893164 0.76
187.948162 0.78
188.003036 0.79
188.062166 0.77
188.132821 0.77
188.194047 0.78
188.259044 0.76
188.320301 0.77
188.376585 0.79
188.452049 0.77
188.511451 0.78
188.570039 0.78
188.629166 0.79
188.698737 0.76
188.765169 0.78
188.834295 0.80
188.903810 0.79
188.978047 0.77
189.037046 0.78
189.096058 0.76
189.157597 0.79
189.222173 0.80
189.287309 0.80
189.341456 0.77
189.400453 0.79
189.474691 0.78
189.534178 0.79
189.604051 0.78
189.658050 0.76
189.722931 0.79
189.777052 0.80
189.836048 0.78
189.894692 0.76
189.954184 0.76
190.018458 0.79
190.088307 0.76
190.154304 0.77
190.220308 0.77
190.281058 0.79
190.331063 0.76
190.391936 0.78
190.457718 0.80
190.512193 0.78
190.577308 0.79
190.633715 0.77
190.689057 0.77
190.744060 0.77
190.799184 0.80
190.869714 0.79
190.930057 0.77
190.985057 0.78
191.040058 0.78
191.110714 0.77
191.175713 0.80
191.244951 0.80
191.304059 0.78
191.363194 0.79
191.437710 0.78
191.496708 0.78
191.571851 0.78
191.642071 0.80
191.706828 0.78
191.771842 0.79
191.831193 0.78
191.890721 0.77
191.956832 0.79
192.021452 0.79
192.080839 0.78
192.144837 0.78
192.203942 0.78
192.257834 0.77
192.322606 0.79
192.381836 0.78
192.437078 0.78
192.496842 0.80
192.560956 0.77
192.621849 0.80
192.686722 0.78
192.756842 0.80
192.820716 0.79
192.879843 0.79
192.943714 0.79
193.002839 0.79
193.066732 0.76
193.131078 0.79
193.200596 0.79
193.264846 0.80
193.318974 0.77
193.389614 0.80
193.448966 0.78
193.498720 0.78
193.563206 0.78
193.627204 0.78
193.696610 0.79
193.755847 0.80
193.820088 0.79
193.879603 0.78
193.939094 0.78
193.998876 0.78
194.063729 0.79
194.133990 0.79
194.198856 0.78
194.263973 0.79
194.328859 0.78
194.387854 0.79
194.443621 0.79
194.507964 0.78
194.579336 0.78
194.639877 0.79
194.704852 0.77
194.763618 0.80
194.831608 0.79
194.885861 0.77
194.945097 0.78
195.004738 0.78
195.065884 0.78
195.126742 0.79
195.187969 0.78
195.252733 0.81
195.312357 0.78
195.371974 0.79
195.431744 0.80
195.491219 0.76
195.556977 0.79
195.621471 0.76
195.695978 0.78
195.756662 0.77
195.821639 0.80
195.891097 0.78
195.955754 0.77
196.020741 0.78
196.079974 0.79
196.139507 0.76
196.208983 0.78
196.268748 0.79
196.322744 0.77
196.387754 0.78
196.452748 0.78
196.512369 0.80
196.571623 0.78
196.631110 0.77
196.695878 0.78
196.765981 0.77
196.825751 0.78
196.890616 0.80
196.960757 0.80
197.025752 0.78
197.090767 0.79
197.155648 0.81
197.220244 0.79
197.284637 0.76
197.343990 0.78
197.403522 0.77
197.467875 0.79
197.537629 0.80
197.596649 0.79
197.650886 0.79
197.710632 0.80
197.774556 0.78
197.839235 0.78
197.901639 0.80
197.960862 0.77
198.030789 0.79
198.096758 0.78
198.155879 0.78
198.220536 0.78
198.279521 0.79
198.333766 0.79
198.390409 0.79
198.449770 0.80
198.510622 0.79
198.574876 0.79
198.633500 0.80
198.689744 0.78
198.749375 0.79
198.797496 0.80
198.853744 0.77
198.904392 0.77
198.958866 0.79
199.017502 0.79
199.073744 0.78
199.124370 0.79
199.179375 0.77
199.247996 0.78
199.306370 0.78
199.374996 0.78
199.433378 0.78
199.502125 0.80
199.560502 0.79
199.629254 0.79
199.697883 0.80
199.761383 0.78
199.830002 0.78
199.883386 0.77
199.952004 0.78
200.010378 0.78
200.084255 0.78
200.152884 0.80
200.216383 0.78
200.285010 0.78
200.340009 0.77
200.398398 0.77
200.467012 0.81
200.527257 0.78
200.595889 0.77
200.656010 0.79
200.711014 0.78
200.765887 0.78
200.825892 0.80
200.884393 0.79
200.944511 0.80
201.008014 0.78
201.062887 0.79
201.122885 0.77
201.181262 0.78
201.246516 0.79
201.301769 0.78
201.365263 0.79
201.435273 0.79
201.489891 0.78
201.548271 0.78
201.604645 0.79
201.655268 0.79
201.709770 0.79
201.773394 0.79
201.829644 0.80
201.880270 0.78
201.934766 0.79
201.993271 0.79
202.054645 0.77
202.105270 0.78
202.159769 0.79
202.223266 0.78
202.291897 0.79
202.350270 0.79
202.424154 0.80
202.498148 0.80
202.558272 0.79
202.628278 0.77
202.691772 0.78
202.755277 0.80
202.829278 0.79
202.903276 0.78
202.971898 0.78
203.030273 0.79
203.098904 0.78
203.157276 0.79
203.231158 0.80
203.305156 0.79
203.365286 0.79
203.433904 0.78
203.492278 0.80
203.560911 0.79
203.615782 0.79
203.679284 0.79
203.737659 0.80
203.801161 0.78
203.866412 0.78
203.929906 0.78
203.984787 0.79
204.043155 0.77
204.108408 0.78
204.159531 0.79
204.219156 0.78
204.267281 0.80
204.322156 0.80
204.390784 0.79
204.449157 0.78
204.514411 0.79
204.565534 0.77
204.616162 0.78
204.670664 0.78
204.734161 0.79
204.795542 0.81
204.846163 0.80
204.900660 0.77
204.964163 0.78
205.032799 0.76
205.091165 0.79
205.159788 0.80
205.218168 0.79
205.286790 0.78
205.345171 0.78
205.413794 0.78
205.472166 0.78
205.540791 0.78
205.599166 0.78
205.667792 0.78
205.726167 0.80
205.794792 0.80
205.853176 0.78
205.921797 0.79
205.976806 0.78
206.031801 0.79
206.086804 0.78
206.141804 0.79
206.196800 0.78
206.251808 0.80
206.312052 0.78
206.380801 0.76
206.435680 0.79
206.495684 0.80
206.549059 0.78
206.617677 0.78
206.677685 0.77
206.736055 0.77
206.797438 0.80
206.848059 0.77
206.902563 0.79
206.966060 0.77
207.031307 0.78
207.091064 0.80
207.145557 0.79
207.209057 0.78
207.279060 0.80
207.333564 0.80
207.397062 0.79
207.458442 0.78
207.509063 0.77
207.563560 0.79
207.627067 0.76
207.695688 0.80
207.754060 0.79
207.818186 0.80
207.882186 0.78
207.946832 0.79
208.011321 0.77
208.081608 0.78
208.141199 0.81
208.211611 0.77
208.270832 0.79
208.329578 0.78
208.383062 0.78
208.447709 0.79
208.506832 0.77
208.565831 0.77
208.635475 0.79
208.704837 0.79
208.764485 0.77
208.828587 0.77
208.893066 0.79
208.962454 0.78
209.031584 0.80
209.097454 0.79
209.156592 0.77
209.222322 0.80
209.276329 0.79
209.331838 0.79
209.390851 0.79
209.455197 0.79
209.510457 0.76
209.564596 0.78
209.628593 0.78
209.688204 0.79
209.752735 0.78
209.812468 0.79
209.876606 0.78
209.935593 0.79
209.988324 0.80
210.047075 0.78
210.111325 0.79
210.166329 0.79
210.221453 0.79
210.280619 0.79
210.340208 0.79
210.394206 0.80
210.453330 0.78
210.515581 0.78
210.585213 0.79
210.650086 0.79
210.719595 0.79
210.783598 0.80
210.847601 0.79
210.922083 0.79
210.991081 0.78
211.050082 0.78
211.119082 0.80
211.183333 0.78
211.246961 0.77
211.321087 0.77
211.384963 0.78
211.456463 0.79
211.530964 0.77
211.596963 0.77
211.666471 0.78
211.725966 0.76
211.785374 0.77
211.845097 0.78
211.899218 0.79
211.953391 0.79
212.008651 0.79
212.072966 0.78
212.136967 0.78
212.201366 0.79
212.260971 0.78
212.325094 0.79
212.380619 0.78
212.454994 0.78
212.530525 0.80
212.595969 0.78
212.660874 0.77
212.725884 0.78
212.785223 0.79
212.840097 0.78
212.899529 0.78
212.965357 0.78
213.034984 0.80
213.100888 0.80
213.156108 0.78
213.221107 0.78
213.271369 0.79
213.336234 0.80
213.406358 0.79
213.476231 0.78
213.531103 0.78
213.581371 0.79
213.641108 0.80
213.695370 0.78
213.755111 0.80
213.819992 0.79
213.876115 0.79
213.946109 0.76
214.010106 0.78
214.069106 0.80
214.130365 0.78
214.194501 0.79
214.259108 0.78
214.320111 0.79
214.374387 0.79
214.433993 0.79
214.495376 0.77
214.554994 0.78
214.616365 0.79
214.676007 0.79
214.740989 0.78
214.800240 0.78
214.866530 0.79
214.931381 0.79
214.987247 0.80
215.051995 0.77
215.116996 0.79
215.171117 0.79
215.236752 0.78
215.295991 0.79
215.350988 0.78
215.406240 0.78
215.476776 0.77
215.546117 0.77
215.595882 0.77
215.660120 0.80
215.719119 0.78
215.769119 0.79
215.818743 0.77
215.887375 0.80
215.945745 0.78
216.007121 0.77
216.057750 0.78
216.112247 0.77
216.175756 0.79
216.239375 0.80
216.297748 0.78
216.366373 0.78
216.424749 0.78
216.493375 0.79
216.551758 0.77
216.620378 0.79
216.678759 0.79
216.747381 0.78
216.805762 0.79
216.874384 0.79
216.932754 0.79
217.001400 0.76
217.059880 0.79
217.123401 0.79
217.178384 0.78
217.233379 0.78
217.291754 0.78
217.360382 0.76
217.415383 0.78
217.470382 0.80
217.525388 0.79
217.580384 0.77
217.635258 0.79
217.695262 0.80
217.755256 0.80
217.815259 0.81
217.878884 0.78
217.938012 0.79
217.997010 0.78
218.061785 0.79
218.115780 0.77
218.180635 0.77
218.228760 0.79
218.298639 0.77
218.353138 0.78
218.416637 0.78
218.478014 0.77
218.528639 0.80
218.583138 0.79
218.646638 0.79
218.708013 0.77
218.758640 0.77
218.813139 0.78
218.876640 0.78
218.938015 0.77
218.988643 0.78
219.043142 0.78
219.106641 0.77
219.168018 0.77
219.218644 0.77
219.273145 0.80
219.336644 0.79
219.405269 0.79
219.463644 0.76
219.532270 0.78
219.590645 0.79
219.659270 0.77
219.717646 0.77
219.786272 0.78
219.844647 0.77
219.913279 0.78
219.971650 0.79
220.040273 0.80
220.095276 0.78
220.150278 0.77
220.205279 0.80
220.263778 0.80
220.327284 0.78
220.382283 0.79
220.437290 0.79
220.492164 0.78
220.552156 0.78
220.612162 0.80
220.670660 0.78
220.740539 0.77
220.788665 0.77
220.862532 0.79
220.927793 0.80
220.981033 0.78
221.044539 0.79
221.109786 0.79
221.164787 0.78
221.215920 0.78
221.270536 0.80
221.339167 0.78
221.397536 0.77
221.466168 0.79
221.524538 0.78
221.593172 0.76
221.651545 0.77
221.715164 0.78
221.773544 0.78
221.842168 0.79
221.900673 0.78
221.964170 0.77
222.022551 0.79
222.091174 0.78
222.149544 0.78
222.218177 0.77
222.276546 0.78
222.345174 0.79
222.403554 0.77
222.472171 0.79
222.530545 0.77
222.599170 0.80
222.657556 0.79
222.726171 0.79
222.781177 0.78
222.839552 0.78
222.908180 0.78
222.963178 0.78
223.018176 0.80
223.073180 0.79
223.128180 0.80
223.186560 0.77
223.250058 0.79
223.308428 0.80
223.371931 0.78
223.435432 0.79
223.495435 0.80
223.556808 0.79
223.620431 0.78
223.683936 0.79
223.747432 0.79
223.812689 0.78
223.867684 0.77
223.922689 0.78
223.973814 0.78
224.024435 0.79
224.072564 0.78
224.128815 0.78
224.183435 0.78
224.248693 0.78
224.307058 0.79
224.365434 0.80
224.426811 0.77
224.477434 0.78
224.531932 0.78
224.595434 0.77
224.664057 0.78
224.722444 0.78
224.783809 0.78
224.838311 0.79
224.897935 0.79
224.961436 0.79
225.030061 0.78
225.088438 0.76
225.157063 0.76
225.215440 0.80
225.284066 0.77
225.342440 0.77
225.411069 0.77
225.469444 0.77
225.538072 0.78
225.596454 0.80
225.670325 0.76
225.734076 0.79
225.789070 0.79
225.847450 0.78
225.916073 0.79
225.971077 0.78
226.026077 0.78
226.082449 0.78
226.142577 0.77
226.200951 0.79
226.260955 0.78
226.319328 0.78
226.384450 0.79
226.444584 0.79
226.499578 0.79
226.550707 0.77
226.601359 0.79
226.655828 0.78
226.714333 0.77
226.775706 0.79
226.825078 0.79
226.883458 0.79
226.943580 0.78
226.994837 0.78
227.058335 0.81
227.119705 0.80
227.174330 0.78
227.235707 0.80
227.286364 0.77
227.340964 0.79
227.399334 0.77
227.467957 0.79
227.536835 0.79
227.600338 0.78
227.668960 0.80
227.727334 0.78
227.801211 0.76
227.860847 0.77
227.919971 0.78
227.979465 0.78
228.043462 0.80
228.104463 0.79
228.163746 0.79
228.233986 0.78
228.303746 0.80
228.368757 0.78
228.443772 0.77
228.508757 0.78
228.568468 0.80
228.632356 0.80
228.701472 0.78
228.770787 0.77
228.830525 0.77
228.889614 0.79
228.946356 0.79
229.015350 0.78
229.068248 0.79
229.121884 0.78
229.190731 0.78
229.254221 0.77
229.319474 0.79
229.380781 0.79
229.440513 0.78
229.494877 0.77
229.551752 0.78
229.611356 0.77
229.665657 0.78
229.730523 0.78
229.789978 0.79
229.854611 0.78
229.909851 0.79
229.974535 0.78
230.039528 0.76
230.109613 0.79
230.170613 0.79
230.231524 0.79
230.290357 0.78
230.354226 0.76
230.422977 0.79
230.481871 0.78
230.545870 0.78
230.605234 0.79
230.675363 0.78
230.750363 0.78
230.819859 0.78
230.873373 0.78
230.936866 0.80
230.995488 0.78
231.054764 0.79
231.111762 0.77
231.172633 0.77
231.244554 0.77
231.305532 0.80
231.359757 0.79
231.424527 0.77
231.474368 0.78
231.538362 0.79
231.602110 0.79
231.676364 0.78
231.735377 0.80
231.799551 0.79
231.864536 0.79
231.919633 0.77
231.980624 0.77
232.040378 0.79
232.104119 0.80
232.179628 0.78
232.239246 0.79
232.293626 0.78
232.353393 0.80
232.423398 0.78
232.493630 0.78
232.553249 0.78
232.613123 0.80
232.661382 0.78
232.725432 0.76
232.795568 0.79
232.855127 0.80
232.925006 0.77
232.989505 0.81
233.044261 0.78
233.119771 0.79
233.190003 0.78
233.249631 0.77
233.316129 0.78
233.390783 0.80
233.455783 0.80
233.520664 0.77
233.580410 0.81
233.636428 0.78
233.690660 0.78
233.750413 0.78
233.819630 0.79
233.891420 0.78
233.956465 0.80
234.008415 0.77
234.073435 0.78
234.128132 0.80
234.193263 0.78
234.256183 0.80
234.314642 0.77
234.374767 0.77
234.434551 0.79
234.494267 0.77
234.553912 0.78
234.628262 0.79
234.687261 0.79
234.741259 0.77
234.791703 0.78
234.851435 0.79
234.901139 0.80
234.960263 0.78
235.019262 0.80
235.078137 0.79
235.134415 0.77
235.184262 0.78
235.243263 0.78
235.297138 0.78
235.353419 0.78
235.414267 0.77
235.468267 0.79
235.522145 0.79
235.576267 0.80
235.635661 0.80
235.700572 0.77
235.754271 0.77
235.813470 0.79
235.867788 0.78
235.932145 0.78
235.991148 0.78
236.045272 0.80
236.109684 0.79
236.179146 0.79
236.242652 0.80
236.296572 0.77
236.361284 0.77
236.431678 0.78
236.503718 0.79
236.568685 0.78
236.635279 0.78
236.695283 0.78
236.751801 0.77
236.811469 0.77
236.876465 0.79
236.942924 0.76
237.009809 0.79
237.069575 0.79
237.125656 0.78
237.179822 0.78
237.244280 0.80
237.305818 0.80
237.365585 0.78
237.421691 0.79
237.481420 0.78
237.535805 0.78
237.591686 0.79
237.651415 0.80
237.706922 0.77
237.761295 0.76
237.816916 0.79
237.876159 0.79
237.935034 0.78
237.993676 0.78
238.053288 0.80
238.108037 0.79
238.172288 0.80
238.224168 0.78
238.283163 0.78
238.333469 0.79
238.393164 0.79
238.457287 0.80
238.512163 0.78
238.571914 0.79
238.627423 0.77
238.687921 0.79
238.737686 0.78
238.807299 0.79
238.866560 0.78
238.927426 0.79
238.987174 0.79
239.057178 0.76
239.127593 0.76
239.192307 0.78
239.257306 0.80
239.327590 0.78
239.397494 0.77
239.469048 0.77
239.535436 0.79
239.591694 0.79
239.651433 0.77
239.707700 0.80
239.767478 0.80
239.823701 0.80
239.894055 0.78
239.955310 0.78
240.015056 0.78
240.076431 0.77
240.141053 0.79
240.195572 0.77
240.265312 0.78
240.325061 0.80
240.390067 0.79
240.450065 0.79
240.514933 0.78
240.579179 0.77
240.638433 0.80
240.697707 0.78
240.768062 0.77
240.827182 0.79
240.881946 0.78
240.945931 0.79
241.015183 0.78
241.065184 0.81
241.115812 0.78
241.170435 0.80
241.227435 0.78
241.287436 0.79
241.343812 0.77
241.393439 0.81
241.448437 0.78
241.504829 0.77
241.559310 0.77
241.624822 0.76
241.694187 0.77
241.744188 0.78
241.803063 0.80
241.861940 0.79
241.926190 0.78
241.990064 0.76
242.049189 0.77
242.098954 0.78
242.163453 0.78
242.228321 0.78
242.292444 0.80
242.357466 0.79
242.427322 0.78
242.497457 0.80
242.557325 0.78
242.611615 0.80
242.671326 0.78
242.725324 0.80
242.784840 0.79
242.844203 0.78
242.904948 0.79
242.969323 0.79
243.029841 0.78
243.084206 0.80
243.143954 0.77
243.203073 0.78
243.256948 0.78
243.315449 0.78
243.375208 0.80
243.440843 0.78
243.505335 0.78
243.583846 0.78
243.648212 0.78
243.707962 0.78
243.768717 0.77
243.823229 0.78
243.882960 0.78
243.941957 0.80
243.996208 0.78
244.065852 0.78
244.140965 0.78
244.194849 0.77
244.263967 0.79
244.317958 0.78
244.382213 0.79
244.452212 0.79
244.507221 0.77
244.566973 0.76
244.627722 0.78
244.687368 0.78
244.762842 0.80
244.846465 0.80
244.916465 0.79
244.990853 0.78
245.060213 0.77
245.118855 0.77
245.188341 0.78
245.252339 0.78
245.321714 0.78
245.395728 0.78
245.471093 0.79
245.536841 0.78
245.598364 0.79
245.657971 0.79
245.717103 0.80
245.776773 0.76
245.831098 0.79
245.901232 0.76
245.966224 0.80
246.031228 0.80
246.096225 0.80
246.156983 0.78
246.227360 0.78
246.287101 0.80
246.352110 0.77
246.411872 0.78
246.462109 0.78
246.521857 0.80
246.582618 0.78
246.637107 0.78
246.696877 0.79
246.761881 0.79
246.826775 0.78
246.877105 0.76
246.952115 0.78
247.007624 0.79
247.068882 0.78
247.133881 0.77
247.195117 0.77
247.254896 0.78
247.319879 0.78
247.389984 0.79
247.451111 0.77
247.506110 0.77
247.570761 0.80
247.636625 0.80
247.711993 0.80
247.782365 0.79
247.842122 0.81
247.901883 0.78
247.966746 0.79
248.026117 0.79
248.090897 0.78
248.160996 0.77
248.231136 0.79
248.290896 0.78
248.352370 0.78
248.412121 0.78
248.468245 0.79
248.538117 0.78
248.602677 0.78
248.666624 0.78
248.740896 0.78
248.800634 0.78
248.869883 0.78
248.933866 0.79
248.992633 0.80
249.051631 0.78
249.116992 0.80
249.191520 0.78
249.260994 0.78
249.321496 0.79
249.390997 0.80
249.456498 0.79
249.520890 0.78
249.576256 0.77
249.641125 0.80
249.705784 0.78
249.770648 0.78
249.830012 0.80
249.889783 0.79
249.954771 0.80
250.009008 0.78
250.074007 0.79
250.132880 0.78
250.182646 0.79
250.241895 0.78
250.306126 0.78
250.359642 0.78
250.418768 0.79
250.477892 0.78
250.547002 0.78
250.621379 0.78
250.690646 0.78
250.754896 0.79
250.824650 0.77
250.888647 0.79
250.957758 0.78
251.021523 0.79
251.085905 0.79
251.150133 0.79
251.219640 0.77
251.283666 0.76
251.347654 0.79
251.407012 0.79
251.481678 0.78
251.540892 0.79
251.605550 0.80
251.672144 0.79
251.737017 0.79
251.797917 0.79
251.862793 0.80
251.918143 0.79
251.978791 0.79
252.035398 0.78
252.094910 0.77
252.155681 0.79
252.216394 0.77
252.275643 0.79
252.329896 0.79
252.399156 0.80
252.464028 0.79
252.524522 0.77
252.584271 0.78
252.667434 0.78
252.726808 0.78
252.797151 0.78
252.859034 0.78
252.934401 0.79
252.998413 0.80
253.073933 0.79
253.132698 0.78
253.192279 0.77
253.257278 0.77
253.321911 0.78
253.381685 0.78
253.446406 0.78
253.516813 0.78
253.587031 0.77
253.651800 0.76
253.723553 0.80
253.798913 0.78
253.858582 0.80
253.918283 0.80
253.984911 0.79
254.041910 0.77
254.106692 0.79
254.167682 0.80
254.225159 0.77
254.284914 0.78
254.345914 0.78
254.401040 0.79
254.465916 0.80
254.522552 0.78
254.581806 0.80
254.646693 0.79
254.701413 0.78
254.755682 0.79
254.816415 0.77
254.880915 0.77
254.941582 0.78
255.000288 0.77
255.055814 0.79
255.115563 0.79
255.176301 0.79
255.226831 0.77
255.286544 0.77
255.351599 0.78
255.401820 0.78
255.461585 0.78
255.526595 0.79
255.586593 0.78
255.651428 0.78
255.726816 0.80
255.801435 0.80
255.866604 0.77
255.922173 0.78
255.981954 0.80
256.052183 0.79
256.117929 0.79
256.177819 0.78
256.244049 0.78
256.308434 0.79
256.377923 0.77
256.444610 0.80
256.500052 0.79
256.574426 0.77
256.633425 0.79
256.697573 0.79
256.756802 0.80
256.820428 0.79
256.884612 0.78
256.940053 0.80
257.009309 0.77
257.075699 0.80
257.136183 0.77
257.202710 0.77
257.262182 0.78
257.321708 0.78
257.381485 0.78
257.442711 0.78
257.499068 0.78
257.558436 0.79
257.617836 0.79
257.678708 0.79
257.737476 0.80
257.796311 0.80
257.847572 0.78
257.902184 0.80
257.949578 0.80
257.999309 0.79
258.055580 0.78
258.105440 0.79
258.160187 0.80
258.220838 0.77
258.295192 0.79
258.344816 0.78
258.414626 0.79
258.483704 0.79
258.543447 0.79
258.597315 0.77
258.656192 0.79
258.720716 0.78
258.779445 0.80
258.838958 0.79
258.903318 0.78
258.967194 0.77
259.027723 0.76
259.087195 0.77
259.157451 0.77
259.222325 0.77
259.292625 0.80
259.351714 0.79
259.405320 0.79
259.469199 0.79
259.532945 0.76
259.591949 0.79
259.647198 0.78
259.711326 0.80
259.775325 0.79
259.839323 0.79
259.898720 0.77
259.958327 0.80
260.022453 0.78
260.081605 0.78
260.140701 0.79
260.201631 0.78
260.261332 0.78
260.316830 0.79
260.376654 0.79
260.441729 0.78
260.501339 0.78
260.571622 0.78
260.625468 0.77
260.686360 0.80
260.745851 0.78
260.806642 0.79
260.866337 0.77
260.920208 0.76
260.989209 0.79
261.053081 0.80
261.127206 0.79
261.196083 0.78
261.266084 0.78
261.326333 0.77
261.386123 0.78
261.446336 0.80
261.505210 0.78
261.569338 0.77
261.628635 0.79
261.692088 0.77
261.756473 0.79
261.820605 0.78
261.876094 0.80
261.935469 0.78
262.010361 0.77
262.064738 0.78
262.129467 0.77
262.204351 0.79
262.268340 0.78
262.327352 0.79
262.400352 0.79
262.459469 0.79
262.529469 0.78
262.594228 0.78
262.655601 0.79
262.715098 0.77
262.790620 0.79
262.851518 0.79
262.911230 0.77
262.972528 0.76
263.032355 0.79
263.097236 0.78
263.162228 0.79
263.232530 0.79
263.297524 0.78
263.363610 0.79
263.420486 0.80
263.484229 0.76
263.557548 0.77
263.618231 0.79
263.677356 0.78
263.727508 0.77
263.786635 0.79
263.847523 0.80
263.903022 0.77
263.950379 0.80
264.011056 0.79
264.065233 0.80
264.124363 0.79
264.194232 0.78
264.258375 0.78
264.330237 0.79
264.389626 0.78
264.454240 0.78
264.519370 0.78
264.580619 0.78
264.640368 0.78
264.708365 0.79
264.773248 0.79
264.838241 0.77
264.908370 0.78
264.969615 0.77
265.039362 0.78
265.114237 0.80
265.178238 0.76
265.242116 0.79
265.301240 0.78
265.355541 0.77
265.411762 0.78
265.471254 0.78
265.536381 0.76
265.597764 0.77
265.657570 0.77
265.722548 0.79
265.778630 0.77
265.834631 0.79
265.895376 0.79
265.968549 0.80
266.029123 0.78
266.083246 0.78
266.142120 0.78
266.201120 0.78
266.260119 0.77
266.319245 0.77
266.377996 0.77
266.442246 0.80
266.501247 0.77
266.556122 0.78
266.615393 0.76
266.670531 0.78
266.729537 0.78
266.785880 0.81
266.836878 0.76
266.897128 0.77
266.956504 0.79
267.021887 0.79
267.072884 0.79
267.132382 0.79
267.202138 0.80
267.267136 0.77
267.326525 0.80
267.391280 0.80
267.451012 0.78
267.521014 0.78
267.582405 0.79
267.647269 0.78
267.712270 0.76
267.782135 0.79
267.843392 0.80
267.903012 0.79
267.967264 0.80
268.032022 0.76
268.092888 0.80
268.152269 0.79
268.212016 0.79
268.276149 0.79
268.341024 0.77
268.402267 0.79
268.468646 0.80
268.528271 0.79
268.593022 0.80
268.652652 0.80
268.712268 0.77
268.777024 0.79
268.842025 0.79
268.901654 0.78
268.961279 0.78
269.017544 0.77
269.082404 0.79
269.139279 0.79
269.195543 0.78
269.255277 0.78
269.315027 0.79
269.380033 0.80
269.445032 0.79
269.510026 0.79
269.589779 0.79
269.644277 0.80
269.704777 0.78
269.764149 0.77
269.821402 0.79
269.886773 0.78
269.956283 0.80
270.025664 0.80
270.090790 0.78
270.155025 0.78
270.214276 0.80
270.289028 0.78
270.347668 0.79
270.422284 0.79
270.486406 0.78
270.560934 0.77
270.615155 0.80
270.681288 0.78
270.741162 0.77
270.802283 0.79
270.861913 0.78
270.927037 0.79
270.991916 0.79
271.053289 0.79
271.113036 0.77
271.172921 0.79
271.227288 0.78
271.291920 0.79
271.356795 0.79
271.428425 0.76
271.488166 0.80
271.547917 0.79
271.607171 0.78
271.666930 0.80
271.721291 0.78
271.780922 0.78
271.842420 0.78
271.907051 0.78
271.967928 0.76
272.028685 0.78
272.088175 0.79
272.147925 0.78
272.198171 0.77
272.268298 0.77
272.329173 0.77
272.399429 0.78
272.459179 0.80
272.518814 0.79
272.588932 0.79
272.653925 0.80
272.708179 0.79
272.767954 0.77
272.832925 0.80
272.888929 0.78
272.953927 0.78
273.015060 0.78
273.080184 0.78
273.139819 0.78
273.194183 0.80
273.253932 0.78
273.318553 0.79
273.394186 0.77
273.453931 0.77
273.518934 0.79
273.580454 0.78
273.640065 0.79
273.699965 0.79
273.757435 0.77
273.822188 0.79
273.881937 0.78
273.943058 0.78
274.017951 0.79
274.074929 0.77
274.138948 0.79
274.202932 0.79
274.266932 0.80
274.325953 0.79
274.375824 0.79
274.439937 0.79
274.493813 0.79
274.557826 0.78
274.608066 0.80
274.667831 0.78
274.721823 0.78
274.786972 0.78
274.857189 0.77
274.927192 0.79
274.987691 0.79
275.052190 0.78
275.116944 0.80
275.177606 0.78
275.247844 0.80
275.312836 0.78
275.367075 0.79
275.426852 0.78
275.482569 0.78
275.556842 0.77
275.621840 0.78
275.681077 0.78
275.740828 0.78
275.805844 0.78
275.860075 0.77
275.924950 0.79
275.984196 0.78
276.042589 0.78
276.107072 0.77
276.171197 0.79
276.249197 0.78
276.307696 0.79
276.376624 0.79
276.435591 0.78
276.504966 0.78
276.574611 0.80
276.638959 0.79
276.698723 0.80
276.763620 0.79
276.823085 0.77
276.882707 0.78
276.944080 0.77
277.000209 0.79
277.059581 0.78
277.133828 0.78
277.192966 0.79
277.252204 0.79
277.316623 0.80
277.375956 0.78
277.439597 0.79
277.493840 0.79
277.550962 0.79
277.605083 0.78
277.670089 0.78
277.729837 0.79
277.779880 0.80
277.850097 0.76
277.910964 0.79
277.975862 0.78
278.036877 0.80
278.115085 0.80
278.173870 0.77
278.243605 0.78
278.302968 0.78
278.362630 0.80
278.451743 0.79
278.516885 0.78
278.581737 0.78
278.640468 0.79
278.699464 0.78
278.768884 0.77
278.852355 0.79
278.926861 0.79
278.988736 0.78
279.047650 0.76
279.111617 0.78
279.175642 0.79
279.239471 0.78
279.314522 0.78
279.373611 0.80
279.437621 0.79
279.501865 0.80
279.565594 0.79
279.624626 0.78
279.678618 0.78
279.737890 0.77
279.802754 0.80
279.869225 0.79
279.940378 0.79
279.999980 0.79
280.060356 0.78
280.119509 0.78
280.169854 0.77
280.234613 0.79
280.284875 0.78
280.349750 0.78
280.404632 0.77
280.463745 0.79
280.518620 0.79
280.574108 0.77
280.634857 0.79
280.699105 0.80
280.757979 0.78
280.816868 0.78
280.881105 0.77
280.934750 0.77
280.989513 0.78
281.048644 0.79
281.107753 0.77
281.171983 0.79
281.230636 0.80
281.289753 0.78
281.353986 0.79
281.413110 0.79
281.482643 0.79
281.541639 0.78
281.600631 0.79
281.659363 0.77
281.723642 0.78
281.777507 0.79
281.841757 0.79
281.900519 0.77
281.954507 0.78
282.013762 0.78
282.085626 0.77
282.144993 0.79
282.204555 0.79
282.265874 0.78
282.330253 0.80
282.396790 0.77
282.458121 0.80
282.522772 0.78
282.582536 0.78
282.641764 0.78
282.702119 0.77
282.761118 0.78
282.817647 0.78
282.872636 0.78
282.931523 0.78
282.990371 0.78
283.054372 0.80
283.118245 0.79
283.187373 0.79
283.246529 0.78
283.310531 0.78
283.371551 0.78
283.425252 0.77
283.494636 0.79
283.551262 0.77
283.610382 0.78
283.665783 0.78
283.730631 0.79
283.785254 0.78
283.855553 0.77
283.915009 0.77
283.974793 0.79
284.034653 0.79
284.099548 0.79
284.153544 0.78
284.217651 0.80
284.283271 0.78
284.337639 0.78
284.398547 0.77
284.457783 0.78
284.517134 0.78
284.591387 0.78
284.655396 0.78
284.709387 0.79
284.768804 0.78
284.828584 0.76
284.889556 0.79
284.948260 0.78
285.025902 0.80
285.089886 0.77
285.153907 0.78
285.217887 0.78
285.295389 0.78
285.354391 0.80
285.413393 0.79
285.477392 0.78
285.536141 0.78
285.595643 0.78
285.645892 0.79
285.704891 0.78
285.760578 0.78
285.821915 0.78
285.881554 0.77
285.931270 0.80
285.995585 0.78
286.054268 0.78
286.113670 0.77
286.173399 0.78
286.232146 0.79
286.301272 0.80
286.355400 0.80
286.414285 0.77
286.489804 0.78
286.560028 0.80
286.625031 0.78
286.689907 0.79
286.749276 0.79
286.808275 0.80
286.862578 0.77
286.926402 0.79
286.985150 0.78
287.062275 0.78
287.131276 0.78
287.195277 0.81
287.253905 0.80
287.312671 0.78
287.377279 0.78
287.435905 0.78
287.499840 0.78
287.553154 0.77
287.622154 0.80
287.696407 0.79
287.755159 0.80
287.814408 0.78
287.873282 0.79
287.937575 0.78
287.996931 0.78
288.071284 0.79
288.125688 0.79
288.184679 0.80
288.248799 0.80
288.308583 0.80
288.368293 0.80
288.432924 0.79
288.507829 0.77
288.567291 0.78
288.631289 0.80
288.686419 0.79
288.745164 0.78
288.809290 0.79
288.863167 0.80
288.932296 0.78
288.993291 0.77
289.050421 0.78
289.109168 0.79
289.160419 0.77
289.220689 0.78
289.290426 0.79
289.356177 0.78
289.421298 0.77
289.491696 0.78
289.552299 0.77
289.611605 0.78
289.671309 0.78
289.741570 0.77
289.806432 0.77
289.876702 0.78
289.937302 0.79
289.996300 0.79
290.057302 0.78
290.121437 0.79
290.191716 0.77
290.251305 0.79
290.312840 0.78
290.374311 0.78
290.439437 0.77
290.495827 0.78
290.555606 0.79
290.615307 0.78
290.674697 0.79
290.739434 0.78
290.800307 0.80
290.859318 0.79
290.923574 0.79
290.987307 0.78
291.046443 0.79
291.105572 0.80
291.165189 0.80
291.230314 0.77
291.291196 0.78
291.352442 0.80
291.412063 0.78
291.476620 0.78
291.532716 0.79
291.592315 0.78
291.657195 0.79
291.722196 0.79
291.781586 0.79
291.846315 0.78
291.892450 0.79
291.951480 0.79
292.021316 0.78
292.082197 0.77
292.152327 0.77
292.222632 0.78
292.279487 0.77
292.339199 0.79
292.404202 0.78
292.463445 0.79
292.532583 0.78
292.588193 0.77
292.647193 0.77
292.706192 0.79
292.770319 0.79
292.825319 0.78
292.880197 0.77
292.939196 0.79
293.003321 0.78
293.078073 0.77
293.142074 0.79
293.206196 0.79
293.266962 0.79
293.341197 0.78
293.400452 0.80
293.464478 0.76
293.528601 0.79
293.587450 0.78
293.643077 0.79
293.697200 0.78
293.756201 0.79
293.820332 0.78
293.875727 0.79
293.940456 0.79
294.010213 0.78
294.080471 0.78
294.146333 0.78
294.201613 0.78
294.261210 0.78
294.320208 0.78
294.374206 0.79
294.429331 0.80
294.494858 0.79
294.548486 0.77
294.607332 0.79
294.671611 0.77
294.741086 0.79
294.799959 0.80
294.869084 0.77
294.928880 0.78
294.978464 0.78
295.042494 0.78
295.103869 0.78
295.158463 0.79
295.217636 0.80
295.287869 0.78
295.337464 0.78
295.402889 0.77
295.452339 0.79
295.512214 0.77
295.567089 0.80
295.621090 0.78
295.684981 0.77
295.754092 0.80
295.812467 0.79
295.876216 0.79
295.940468 0.78
295.999351 0.79
296.065093 0.79
296.128860 0.79
296.202735 0.77
296.271861 0.77
296.340860 0.80
296.409972 0.77
296.468860 0.78
296.532500 0.79
296.591500 0.80
296.646865 0.78
296.715869 0.80
296.775099 0.79
296.829101 0.78
296.883103 0.79
296.937101 0.77
296.991101 0.78
297.045109 0.79
297.104103 0.77
297.157978 0.80
297.217106 0.78
297.271103 0.76
297.326106 0.77
297.376107 0.77
297.429994 0.79
297.489105 0.78
297.543113 0.80
297.598361 0.79
297.664369 0.78
297.725239 0.79
297.785770 0.79
297.841239 0.79
297.900987 0.79
297.955112 0.81
298.012540 0.78
298.072244 0.78
298.131989 0.77
298.187994 0.79
298.251986 0.77
298.310990 0.78
298.374987 0.79
298.433988 0.80
298.493378 0.77
298.558390 0.78
298.627759 0.77
298.696756 0.77
298.756117 0.78
298.815117 0.78
298.889770 0.77
298.954389 0.78
299.025999 0.80
299.096247 0.78
299.155565 0.80
299.215248 0.77
299.275123 0.77
299.339878 0.77
299.410004 0.77
299.480247 0.80
299.540127 0.78
299.605252 0.78
299.667382 0.78
299.737135 0.78
299.791379 0.79
299.850246 0.78
299.909402 0.78
299.968403 0.79
300.042890 0.79
300.101997 0.79
300.160998 0.77
300.219891 0.78
300.278999 0.80
300.334000 0.78
300.389000 0.80
300.444000 0.78
300.499001 0.78
300.554001 0.80
300.609002 0.78
300.664002 0.78
300.719139 0.80
300.773254 0.79
300.839129 0.79
300.903254 0.79
300.962004 0.78
301.026005 0.78
301.081006 0.79
301.136006 0.79
301.186008 0.80
301.245007 0.80
301.294882 0.78
301.356014 0.77
301.421012 0.79
301.485010 0.77
301.541264 0.79
301.606140 0.78
301.672441 0.77
301.732140 0.77
301.796656 0.78
301.861013 0.79
301.925146 0.78
301.978778 0.78
302.038143 0.78
302.102810 0.78
302.166655 0.79
302.225658 0.78
302.290269 0.77
302.364900 0.77
302.435153 0.76
302.496020 0.81
302.560799 0.80
302.625779 0.78
302.685272 0.78
302.745026 0.78
302.804797 0.78
302.869658 0.79
302.945027 0.80
303.005789 0.78
303.064649 0.76
303.120907 0.81
303.171578 0.80
303.236030 0.77
303.295813 0.78
303.360149 0.78
303.414027 0.78
303.488775 0.77
303.553651 0.79
303.623801 0.78
303.694156 0.78
303.760162 0.78
303.835809 0.78
303.891676 0.78
303.967160 0.76
304.032036 0.79
304.096041 0.77
304.155805 0.77
304.220031 0.76
304.286287 0.78
304.346041 0.80
304.410674 0.78
304.485807 0.80
304.556162 0.78
304.610296 0.78
304.670040 0.79
304.729803 0.78
304.788677 0.77
304.857803 0.76
304.921676 0.78
304.990674 0.80
305.059803 0.79
305.123572 0.78
305.193173 0.79
305.248163 0.78
305.308695 0.78
305.373686 0.77
305.427684 0.78
305.492045 0.77
305.548483 0.78
305.603918 0.77
305.669451 0.79
305.733919 0.78
305.789455 0.78
305.844925 0.80
305.904707 0.80
305.969687 0.77
306.029299 0.77
306.094300 0.79
306.159307 0.77
306.214925 0.79
306.274694 0.79
306.339700 0.77
306.404728 0.80
306.469600 0.79
306.539610 0.80
306.615054 0.77
306.685185 0.81
306.744929 0.78
306.804698 0.81
306.869618 0.79
306.945184 0.78
307.004929 0.79
307.075058 0.78
307.146931 0.78
307.211709 0.78
307.276714 0.80
307.337703 0.79
307.393713 0.80
307.458719 0.78
307.512827 0.78
307.577057 0.80
307.646712 0.79
307.711476 0.80
307.776605 0.81
307.837832 0.79
307.902582 0.79
307.963938 0.78
308.020830 0.80
308.085713 0.77
308.142838 0.78
308.197064 0.80
308.261697 0.80
308.318842 0.76
308.378480 0.79
308.448621 0.77
308.509377 0.77
308.563708 0.79
308.609844 0.79
308.669759 0.80
308.725372 0.77
308.784843 0.77
308.849842 0.78
308.905330 0.77
308.965948 0.80
309.026953 0.78
309.097195 0.78
309.156845 0.80
309.216717 0.78
309.276070 0.77
309.335845 0.78
309.400949 0.76
309.465853 0.78
309.525614 0.77
309.590490 0.78
309.655206 0.79
309.714958 0.77
309.774325 0.76
309.838595 0.80
309.897854 0.78
309.957074 0.78
310.021848 0.79
310.086455 0.77
310.145730 0.79
310.215955 0.78
310.275848 0.77
310.340648 0.78
310.401774 0.78
310.462725 0.78
310.528855 0.79
310.589837 0.80
310.645603 0.78
310.706851 0.78
310.767734 0.76
310.827334 0.77
310.881634 0.78
310.927867 0.79
310.988836 0.78
311.038731 0.78
311.095280 0.80
311.156728 0.78
311.221636 0.79
311.278468 0.79
311.332461 0.79
311.391739 0.79
311.451471 0.78
311.512607 0.78
311.562743 0.79
311.622608 0.77
311.688964 0.77
311.763463 0.77
311.822738 0.80
311.886731 0.79
311.950729 0.79
312.015861 0.76
312.079731 0.78
312.149374 0.78
312.213340 0.78
312.277970 0.79
312.342740 0.79
312.401863 0.80
312.471352 0.79
312.525736 0.78
312.594970 0.78
312.664667 0.78
312.723737 0.78
312.788528 0.79
312.853515 0.79
312.917354 0.78
312.975862 0.79
313.039734 0.80
313.103643 0.79
313.167975 0.80
313.227223 0.76
313.291509 0.79
313.348534 0.78
313.410256 0.78
313.464642 0.77
313.524234 0.76
313.593852 0.79
313.653235 0.79
313.714536 0.80
313.775144 0.81
313.829628 0.77
313.889363 0.79
313.950359 0.79
314.011159 0.78
314.065626 0.76
314.122138 0.78
314.176612 0.77
314.246626 0.78
314.311241 0.78
314.378019 0.79
314.433653 0.80
314.487885 0.78
314.547533 0.79
314.617631 0.79
314.682371 0.79
314.747372 0.78
314.801633 0.80
314.871806 0.80
314.931617 0.79
314.985864 0.79
315.045618 0.79
315.105376 0.78
315.170250 0.77
315.235244 0.77
315.305372 0.78
315.364240 0.79
315.423369 0.79
315.482238 0.78
315.540879 0.79
315.599885 0.78
315.658759 0.79
315.722884 0.79
315.781868 0.78
315.840644 0.79
315.904634 0.78
315.968882 0.78
316.027760 0.79
316.091759 0.78
316.147147 0.77
316.205762 0.78
316.271159 0.77
316.335245 0.77
316.399643 0.77
316.464248 0.79
316.528248 0.77
316.589774 0.78
316.649551 0.79
316.709126 0.78
316.779255 0.80
316.840774 0.77
316.910635 0.76
316.971793 0.78
317.031506 0.78
317.096260 0.77
317.157775 0.78
317.222545 0.79
317.282259 0.80
317.347259 0.78
317.412016 0.78
317.482257 0.78
317.541773 0.78
317.611560 0.78
317.671267 0.78
317.736134 0.77
317.800910 0.77
317.871261 0.77
317.925147 0.78
318.000638 0.79
318.059261 0.80
318.118259 0.79
318.172258 0.79
318.226258 0.80
318.280259 0.80
318.344009 0.78
318.413135 0.79
318.477135 0.78
318.546136 0.79
318.610011 0.78
318.679137 0.77
318.738262 0.78
318.797137 0.77
318.866014 0.79
318.930263 0.78
318.989517 0.79
319.048643 0.77
319.109142 0.80
319.168785 0.79
319.224461 0.80
319.289280 0.78
319.350148 0.78
319.409804 0.78
319.469544 0.79
319.525564 0.80
319.579800 0.79
319.639550 0.80
319.696447 0.77
319.756155 0.79
319.821155 0.77
319.882150 0.80
319.952585 0.79
320.013277 0.79
320.063276 0.78
320.122149 0.78
320.172276 0.79
320.231162 0.77
320.301721 0.79
320.357447 0.77
320.422161 0.78
320.492551 0.79
320.558579 0.78
320.622527 0.76
320.687031 0.80
320.756155 0.79
320.820281 0.79
320.890029 0.78
320.954156 0.79
321.018282 0.76
321.087656 0.77
321.151530 0.79
321.221158 0.78
321.285283 0.78
321.355032 0.78
321.419158 0.77
321.483033 0.78
321.547161 0.80
321.611173 0.78
321.676290 0.78
321.736037 0.77
321.795035 0.77
321.854163 0.76
321.915161 0.77
321.979289 0.78
322.049040 0.78
322.108039 0.77
322.168046 0.76
322.233044 0.77
322.303051 0.77
322.368053 0.78
322.433045 0.79
322.483300 0.78
322.543172 0.79
322.593296 0.79
322.652560 0.81
322.707565 0.80
322.767825 0.79
322.829302 0.79
322.889049 0.78
322.948047 0.78
323.007171 0.80
323.062616 0.78
323.122176 0.78
323.183054 0.80
323.248182 0.78
323.304836 0.78
323.356306 0.80
323.416183 0.80
323.462302 0.79
323.527181 0.80
323.592180 0.77
323.647466 0.76
323.708479 0.78
323.773307 0.80
323.828841 0.80
323.879837 0.79
323.935189 0.79
324.004840 0.78
324.071602 0.79
324.131308 0.78
324.190580 0.78
324.250307 0.79
324.310061 0.77
324.375066 0.80
324.436633 0.78
324.496310 0.80
324.555962 0.78
324.617317 0.79
324.676832 0.79
324.746958 0.80
324.811939 0.78
324.866195 0.78
324.931322 0.77
324.987315 0.79
325.052194 0.78
325.111948 0.79
325.176835 0.79
325.236319 0.77
325.296194 0.79
325.365942 0.77
325.425065 0.79
325.489941 0.79
325.549191 0.79
325.619756 0.77
325.679066 0.77
325.729197 0.79
325.784759 0.79
325.839071 0.79
325.894455 0.78
325.954217 0.77
326.013840 0.78
326.078071 0.80
326.128082 0.79
326.174195 0.79
326.238329 0.78
326.304953 0.79
326.355199 0.78
326.424954 0.80
326.485761 0.78
326.545200 0.77
326.612739 0.81
326.672201 0.78
326.732211 0.79
326.791955 0.78
326.856846 0.77
326.921332 0.78
326.982087 0.78
327.035952 0.78
327.095077 0.76
327.161210 0.78
327.235739 0.78
327.305958 0.78
327.365333 0.78
327.424341 0.79
327.483999 0.76
327.544853 0.79
327.604090 0.77
327.663746 0.81
327.730209 0.79
327.790610 0.78
327.854860 0.78
327.908850 0.77
327.963086 0.80
328.023961 0.79
328.083084 0.78
328.142859 0.79
328.197106 0.79
328.261462 0.77
328.330978 0.79
328.385614 0.80
328.445963 0.79
328.509853 0.79
328.568601 0.79
328.639336 0.78
328.695962 0.78
328.754604 0.80
328.825338 0.80
328.887213 0.79
328.945856 0.77
329.004967 0.78
329.068713 0.76
329.132214 0.77
329.190589 0.78
329.259215 0.77
329.317590 0.78
329.386216 0.78
329.444591 0.80
329.513217 0.78
329.571592 0.80
329.640217 0.79
329.698594 0.79
329.767218 0.77
329.825595 0.77
329.894219 0.79
329.952596 0.78
330.021220 0.77
330.079595 0.78
330.148221 0.78
330.203222 0.81
330.261597 0.78
330.335867 0.78
330.400104 0.77
330.466100 0.79
330.540630 0.78
330.605102 0.78
330.665229 0.78
330.724228 0.78
330.783229 0.79
330.847107 0.78
330.906105 0.77
330.960231 0.78
331.029990 0.79
331.089617 0.78
331.156233 0.79
331.216991 0.78
331.276617 0.78
331.346628 0.79
331.421989 0.78
331.482986 0.80
331.552768 0.79
331.617759 0.79
331.677113 0.79
331.747118 0.79
331.803990 0.80
331.862613 0.77
331.922376 0.79
331.987251 0.78
332.051634 0.79
332.110894 0.78
332.170116 0.80
332.224000 0.79
332.283764 0.80
332.344532 0.77
332.409001 0.78
332.468772 0.77
332.533762 0.78
332.592634 0.78
332.657003 0.80
332.722404 0.76
332.796522 0.79
332.865634 0.81
332.934993 0.78
333.009409 0.80
333.074010 0.79
333.133771 0.79
333.198643 0.77
333.257764 0.79
333.312012 0.80
333.371121 0.78
333.431783 0.78
333.487252 0.77
333.557000 0.78
333.618133 0.78
333.675129 0.78
333.739772 0.80
333.796449 0.77
333.850524 0.78
333.901004 0.79
333.960003 0.77
334.029638 0.79
334.083630 0.78
334.137775 0.80
334.187777 0.77
334.248634 0.80
334.298889 0.78
334.358584 0.79
334.425009 0.79
334.484570 0.79
334.560014 0.78
334.630260 0.80
334.685898 0.76
334.744886 0.78
334.814011 0.77
334.867885 0.79
334.922011 0.78
334.975636 0.78
335.039776 0.78
335.104419 0.79
335.163785 0.78
335.235643 0.79
335.289429 0.77
335.350645 0.78
335.410440 0.80
335.480587 0.79
335.556027 0.79
335.615785 0.78
335.687668 0.79
335.752668 0.78
335.812019 0.78
335.871018 0.78
335.932020 0.80
335.996799 0.80
336.056563 0.78
336.115786 0.78
336.176434 0.79
336.240518 0.78
336.304660 0.78
336.368519 0.77
336.432519 0.79
336.496520 0.78
336.560521 0.80
336.624521 0.78
336.688522 0.79
336.747425 0.79
336.811522 0.77
336.870428 0.79
336.935152 0.78
337.004654 0.78
337.061651 0.78
337.111651 0.77
337.166525 0.79
337.226157 0.77
337.281799 0.79
337.346030 0.78
337.408154 0.78
337.473159 0.77
337.532683 0.79
337.602918 0.79
337.673033 0.79
337.737809 0.78
337.797697 0.77
337.867803 0.77
337.932031 0.79
337.990906 0.78
338.049558 0.77
338.108436 0.79
338.167443 0.78
338.226443 0.78
338.285436 0.77
338.344443 0.80
338.402909 0.78
338.461549 0.78
338.520443 0.78
338.579440 0.78
338.643564 0.79
338.707554 0.78
338.766442 0.79
338.825440 0.80
338.889566 0.78
338.953288 0.78
339.021914 0.78
339.080915 0.79
339.137557 0.78
339.196444 0.80
339.260570 0.79
339.315446 0.78
339.374455 0.79
339.438568 0.80
339.493292 0.77
339.553441 0.78
339.617293 0.80
339.682055 0.77
339.741586 0.78
339.791297 0.79
339.855835 0.78
339.926056 0.78
339.991050 0.79
340.055299 0.80
340.120047 0.78
340.174843 0.77
340.245056 0.79
340.314301 0.78
340.373707 0.79
340.433471 0.78
340.498304 0.77
340.557709 0.78
340.617315 0.78
340.682306 0.78
340.752484 0.78
340.817312 0.78
340.877058 0.78
340.946305 0.78
341.000304 0.78
341.064586 0.79
341.134831 0.78
341.198824 0.79
341.268308 0.77
341.332616 0.77
341.393309 0.78
341.447611 0.77
341.507502 0.77
341.562938 0.80
341.627714 0.78
341.687336 0.79
341.741312 0.79
341.805313 0.77
341.864450 0.79
341.928829 0.79
341.989836 0.78
342.054603 0.79
342.104832 0.79
342.165721 0.78
342.226631 0.77
342.286193 0.77
342.351322 0.79
342.416447 0.78
342.476711 0.77
342.536324 0.78
342.606496 0.80
342.667838 0.78
342.723621 0.79
342.788716 0.78
342.854325 0.79
342.913841 0.78
342.978322 0.80
343.042198 0.77
343.101334 0.79
343.171322 0.78
343.230733 0.77
343.295655 0.79
343.356578 0.79
343.421457 0.80
343.493332 0.78
343.557593 0.77
343.617331 0.79
343.673334 0.77
343.738204 0.78
343.797958 0.78
343.857731 0.79
343.927856 0.77
343.987458 0.80
344.057458 0.79
344.126598 0.76
344.196339 0.77
344.256209 0.80
344.310458 0.78
344.385339 0.79
344.449709 0.78
344.509463 0.78
344.574335 0.79
344.633208 0.78
344.694628 0.79
344.749966 0.79
344.798729 0.76
344.859621 0.77
344.923964 0.78
344.993463 0.78
345.062728 0.78
345.119355 0.80
345.189597 0.79
345.246471 0.78
345.300609 0.77
345.355464 0.78
345.411012 0.78
345.466473 0.79
345.531468 0.79
345.587014 0.77
345.646629 0.79
345.707355 0.78
345.768221 0.78
345.822535 0.78
345.892471 0.78
345.953354 0.78
346.023103 0.78
346.081970 0.77
346.152970 0.80
346.227470 0.79
346.296765 0.79
346.356358 0.77
346.421222 0.78
346.475535 0.80
346.535225 0.77
346.600104 0.78
346.675532 0.78
346.735363 0.79
346.805516 0.77
346.864098 0.77
346.927599 0.79
346.986099 0.78
347.049603 0.77
347.104604 0.77
347.158228 0.77
347.217356 0.79
347.281740 0.77
347.345852 0.78
347.415230 0.78
347.476531 0.78
347.532507 0.79
347.587631 0.78
347.647980 0.80
347.717105 0.79
347.775979 0.78
347.840105 0.80
347.899364 0.79
347.968532 0.77
348.027608 0.78
348.092891 0.79
348.152536 0.79
348.207513 0.79
348.272531 0.77
348.332987 0.80
348.396620 0.78
348.456861 0.77
348.520986 0.78
348.585110 0.80
348.644368 0.78
348.708514 0.77
348.772371 0.77
348.837892 0.80
348.887370 0.77
348.951371 0.77
349.020519 0.79
349.078864 0.79
349.148115 0.77
349.207115 0.78
349.265755 0.79
349.331116 0.80
349.389991 0.78
349.458991 0.78
349.518430 0.78
349.577540 0.79
349.652244 0.78
349.711550 0.78
349.775627 0.78
349.839999 0.79
349.898998 0.77
349.958253 0.77
350.012537 0.79
350.072253 0.79
350.137005 0.77
350.198134 0.79
350.259542 0.78
350.335005 0.78
350.396257 0.80
350.450519 0.77
350.510007 0.79
350.580008 0.79
350.650004 0.78
350.715007 0.79
350.780009 0.78
350.850011 0.79
350.915007 0.78
350.974003 0.79
351.033429 0.77
351.093007 0.79
351.152132 0.77
351.212419 0.80
351.271413 0.78
351.332133 0.78
351.382763 0.80
351.437259 0.78
351.501262 0.78
351.565257 0.79
351.628757 0.78
351.690134 0.80
351.745012 0.78
351.804136 0.78
351.869656 0.78
351.924418 0.77
351.989266 0.80
352.059434 0.78
352.114550 0.78
352.174266 0.77
352.238764 0.79
352.313462 0.78
352.380022 0.79
352.439426 0.78
352.508659 0.78
352.573273 0.76
352.642644 0.77
352.706421 0.77
352.777767 0.78
352.842150 0.78
352.903454 0.77
352.968022 0.78
353.031912 0.79
353.091281 0.79
353.152147 0.79
353.218154 0.79
353.273723 0.77
353.328151 0.78
353.393031 0.78
353.450033 0.81
353.511026 0.76
353.568158 0.78
353.638284 0.79
353.699154 0.78
353.764281 0.79
353.824159 0.79
353.879693 0.77
353.934159 0.76
353.989724 0.78
354.044157 0.78
354.113797 0.76
354.183279 0.79
354.244686 0.79
354.311159 0.78
354.375931 0.79
354.441738 0.79
354.497912 0.78
354.563038 0.77
354.635043 0.79
354.695912 0.77
354.755034 0.78
354.816689 0.79
354.886032 0.77
354.941032 0.80
354.996033 0.79
355.051034 0.77
355.115034 0.78
355.178926 0.79
355.238035 0.78
355.301927 0.78
355.365554 0.79
355.425929 0.79
355.485037 0.78
355.543803 0.78
355.602678 0.79
355.667050 0.77
355.727555 0.78
355.801569 0.80
355.862169 0.78
355.922556 0.79
355.992817 0.79
356.057815 0.80
356.111811 0.78
356.171044 0.78
356.235822 0.78
356.300675 0.77
356.375582 0.78
356.435178 0.78
356.489309 0.77
356.549052 0.78
356.608680 0.79
356.670052 0.77
356.729825 0.76
356.794832 0.78
356.855595 0.80
356.910057 0.80
356.969833 0.78
357.034824 0.80
357.089555 0.78
357.144060 0.77
357.213821 0.78
357.278836 0.77
357.343862 0.79
357.404601 0.77
357.459062 0.79
357.518823 0.78
357.583826 0.77
357.645065 0.78
357.704829 0.79
357.775187 0.78
357.835827 0.78
357.894824 0.81
357.949060 0.79
358.018591 0.80
358.084587 0.77
358.149184 0.78
358.218842 0.77
358.283841 0.80
358.343188 0.78
358.404319 0.80
358.464064 0.77
358.519601 0.78
358.584187 0.78
358.653464 0.80
358.720063 0.78
358.784192 0.80
358.853616 0.77
358.912832 0.79
358.971948 0.79
359.031759 0.76
359.091194 0.77
359.145077 0.78
359.205946 0.78
359.262950 0.78
359.329455 0.78
359.399715 0.78
359.464592 0.76
359.534723 0.80
359.599856 0.77
359.655073 0.77
359.704955 0.79
359.764717 0.78
359.818453 0.78
359.887958 0.78
359.947721 0.79
360.016948 0.78
360.075580 0.79
360.139076 0.79
360.197596 0.78
360.262076 0.79
360.321074 0.78
360.390480 0.79
360.459608 0.80
360.518987 0.77
360.583592 0.79
360.642597 0.79
360.706861 0.80
360.773078 0.78
360.837733 0.80
360.902645 0.76
360.956601 0.79
361.022963 0.78
361.082591 0.79
361.138623 0.78
361.199741 0.79
361.264592 0.79
361.325729 0.78
361.379861 0.79
361.435533 0.78
361.489857 0.79
361.559631 0.77
361.623656 0.78
361.684333 0.79
361.753641 0.78
361.807603 0.79
361.868336 0.76
361.926852 0.79
362.001098 0.79
362.059852 0.78
362.134464 0.79
362.195091 0.79
362.248464 0.78
362.308867 0.79
362.362629 0.78
362.427093 0.78
362.480620 0.78
362.539339 0.79
362.605369 0.77
362.674468 0.78
362.733351 0.78
362.792352 0.77
362.858095 0.77
362.911625 0.79
362.965627 0.79
363.024106 0.79
363.083869 0.77
363.137869 0.78
363.206971 0.77
363.266359 0.77
363.335753 0.78
363.396489 0.79
363.461227 0.78
363.525874 0.79
363.597355 0.78
363.658626 0.78
363.723610 0.79
363.788642 0.80
363.853650 0.78
363.914612 0.78
363.975874 0.78
364.035627 0.77
364.100612 0.79
364.165519 0.79
364.221361 0.77
364.280746 0.79
364.344633 0.79
364.404532 0.78
364.460522 0.79
364.519515 0.78
364.569759 0.80
364.629560 0.79
364.689362 0.79
364.753762 0.78
364.813524 0.79
364.868984 0.79
364.920308 0.79
364.970761 0.79
365.031275 0.79
365.090361 0.79
365.154361 0.77
365.218871 0.78
365.277878 0.79
365.342526 0.79
365.396621 0.79
365.446633 0.80
365.501624 0.79
365.562374 0.77
365.616763 0.79
365.677275 0.80
365.746523 0.79
365.805865 0.79
365.871242 0.79
365.935759 0.78
366.005392 0.77
366.069628 0.78
366.139891 0.78
366.204497 0.79
366.263639 0.78
366.327885 0.78
366.392536 0.78
366.451372 0.79
366.510417 0.78
366.569777 0.79
366.628997 0.77
366.688547 0.78
366.743883 0.78
366.813874 0.78
366.872875 0.79
366.931887 0.78
366.996519 0.79
367.055251 0.77
367.119404 0.79
367.173631 0.79
367.238003 0.79
367.302627 0.79
367.374003 0.78
367.434439 0.77
367.493774 0.78
367.552754 0.78
367.607764 0.78
367.666133 0.79
367.731391 0.78
367.786758 0.79
367.851438 0.79
367.910894 0.79
367.970427 0.78
368.024422 0.79
368.083258 0.77
368.142510 0.76
368.192258 0.79
368.252013 0.79
368.327013 0.79
368.388510 0.78
368.449265 0.78
368.503705 0.78
368.562260 0.79
368.626259 0.78
368.690434 0.78
368.749261 0.78
368.813136 0.79
368.881901 0.78
368.940780 0.80
369.004780 0.78
369.063787 0.77
369.122778 0.78
369.186779 0.80
369.255656 0.78
369.319265 0.78
369.383141 0.78
369.451907 0.78
369.510783 0.78
369.574910 0.77
369.639437 0.78
369.703269 0.80
369.757271 0.79
369.816270 0.79
369.866520 0.79
369.927190 0.78
369.977648 0.78
370.031576 0.77
370.092273 0.77
370.146149 0.79
370.215453 0.78
370.265149 0.79
370.330053 0.77
370.381427 0.79
370.435560 0.79
370.491028 0.78
370.561279 0.78
370.631280 0.79
370.690477 0.79
370.750280 0.78
370.820281 0.78
370.879155 0.78
370.930448 0.79
370.980482 0.80
371.051672 0.79
371.111284 0.79
371