0.000000 0.000000
0.057919 59.00
0.112434 59.00
0.171887 59.00
0.240509 59.00
0.295382 59.00
0.358882 59.00
0.427507 59.00
0.482383 59.00
0.542383 59.00
0.602384 59.00
0.665883 59.00
0.730427 59.00
0.800708 59.00
0.865912 59.00
0.920433 59.00
0.990557 59.00
1.056420 59.00
1.120779 59.00
1.175779 59.00
1.230778 59.00
1.285779 59.00
1.340779 59.00
1.401430 59.00
1.471559 59.00
1.537270 59.00
1.602783 59.00
1.666783 59.00
1.721784 59.00
1.776783 59.00
1.840783 59.00
1.904783 59.00
1.959785 59.00
2.023786 59.00
2.087786 59.00
2.151521 59.00
2.220146 59.00
2.283661 59.00
2.357398 59.00
2.431425 59.00
2.505399 59.00
2.579399 59.00
2.648148 59.00
2.711663 59.00
2.785525 59.00
2.850665 59.00
2.924427 59.00
2.989917 59.00
3.050277 59.00
3.116027 59.00
3.181278 59.00
3.232529 59.00
3.282029 59.00
3.345668 59.00
3.411029 59.00
3.469671 59.00
3.535030 59.00
3.593671 59.00
3.662532 59.00
3.736434 59.00
3.807033 59.00
3.870673 59.00
3.939436 59.00
4.013534 59.00
4.087561 59.00
4.161551 59.00
4.230412 59.00
4.304675 59.00
4.373551 59.00
4.447552 59.00
4.521552 59.00
4.590414 59.00
4.654415 59.00
4.718416 59.00
4.782555 59.00
4.856416 59.00
4.920440 59.00
4.989441 59.00
5.063442 59.00
5.127418 59.00
5.201570 59.00
5.275420 59.00
5.344420 59.00
5.418421 59.00
5.482421 59.00
5.556422 59.00
5.620422 59.00
5.684422 59.00
5.748423 59.00
5.812424 59.00
5.886424 59.00
5.950449 59.00
6.024425 59.00
6.083049 59.00
6.148426 59.00
6.212427 59.00
6.276301 59.00
6.340427 59.00
6.404302 59.00
6.469928 59.00
6.528429 59.00
6.597455 59.00
6.661430 59.00
6.725305 59.00
6.790930 59.00
6.860180 59.00
6.920305 59.00
6.984306 59.00
7.048307 59.00
7.117182 59.00
7.170433 59.00
7.244183 59.00
7.297433 59.00
7.371184 59.00
7.434684 59.00
7.498310 59.00
7.566935 59.00
7.630436 59.00
7.704187 59.00
7.757437 59.00
7.831187 59.00
7.884438 59.00
7.958188 59.00
8.011440 59.00
8.085188 59.00
8.138440 59.00
8.207190 59.00
8.260442 59.00
8.334191 59.00
8.387443 59.00
8.461191 59.00
8.516067 59.00
8.574443 59.00
8.648193 59.00
8.703068 59.00
8.763068 59.00
8.828321 59.00
8.878070 59.00
8.938070 59.00
8.996570 59.00
9.056696 59.00
9.120196 59.00
9.175072 59.00
9.228323 59.00
9.298698 59.00
9.353198 59.00
9.402574 59.00
9.462699 59.00
9.508199 59.00
9.557575 59.00
9.612700 59.00
9.658201 59.00
9.716576 59.00
9.776702 59.00
9.822202 59.00
9.881827 59.00
9.945327 59.00
10.015703 59.00
10.061204 59.00
10.120829 59.00
10.184330 59.00
10.258080 59.00
10.311331 59.00
10.385081 59.00
10.438331 59.00
10.512082 59.00
10.565331 59.00
10.639083 59.00
10.697584 59.00
10.761084 59.00
10.814334 59.00
10.888085 59.00
10.941335 59.00
11.015085 59.00
11.068336 59.00
11.142086 59.00
11.195337 59.00
11.269087 59.00
11.329214 59.00
11.378964 59.00
11.437339 59.00
11.511090 59.00
11.565965 59.00
11.634982 59.00
11.689967 59.00
11.743217 59.00
11.825859 59.00
11.884218 59.00
11.953219 59.00
12.030734 59.00
12.099861 59.00
12.168861 59.00
12.227220 59.00
12.296221 59.00
12.373736 59.00
12.432222 59.00
12.496222 59.00
12.569972 59.00
12.623222 59.00
12.693598 59.00
12.739099 59.00
12.789724 59.00
12.853224 59.00
12.926975 59.00
12.980225 59.00
13.053976 59.00
13.125726 59.00
13.189227 59.00
13.262978 59.00
13.316228 59.00
13.389979 59.00
13.458358 59.00
13.526979 59.00
13.580230 59.00
13.653980 59.00
13.707231 59.00
13.780981 59.00
13.834232 59.00
13.907982 59.00
13.966483 59.00
14.029983 59.00
14.083233 59.00
14.156983 59.00
14.211860 59.00
14.270235 59.00
14.343986 59.00
14.398861 59.00
14.458861 59.00
14.518862 59.00
14.573863 59.00
14.633863 59.00
14.687113 59.00
14.757489 59.00
14.820989 59.00
14.875864 59.00
14.926615 59.00
14.990116 59.00
15.060491 59.00
15.114991 59.00
15.164368 59.00
15.224492 59.00
15.269992 59.00
15.320618 59.00
15.384119 59.00
15.457868 59.00
15.511120 59.00
15.584870 59.00
15.638120 59.00
15.711870 59.00
15.765121 59.00
15.838871 59.00
15.892122 59.00
15.965872 59.00
16.019123 59.00
16.092874 59.00
16.146123 59.00
16.219875 59.00
16.288625 59.00
16.352125 59.00
16.425876 59.00
16.479126 59.00
16.552877 59.00
16.606128 59.00
16.679879 59.00
16.733129 59.00
16.806878 59.00
16.860130 59.00
16.933879 59.00
16.999130 59.00
17.072881 59.00
17.127756 59.00
17.187757 59.00
17.247758 59.00
17.307758 59.00
17.367758 59.00
17.427759 59.00
17.481008 59.00
17.546135 59.00
17.619886 59.00
17.690387 59.00
17.735886 59.00
17.790761 59.00
17.844011 59.00
17.914389 59.00
17.968887 59.00
18.019514 59.00
18.083013 60.00
18.153390 60.00
18.198890 60.00
18.249515 59.00
18.313016 59.00
18.386766 59.00
18.440016 59.00
18.513767 59.00
18.567017 59.00
18.637394 59.00
18.682893 59.00
18.742518 59.00
18.806019 59.00
18.879770 59.00
18.933020 59.00
19.006770 59.00
19.060021 59.00
19.133896 59.00
19.202522 59.00
19.266023 59.00
19.339773 59.00
19.393023 59.00
19.466774 59.00
19.520025 59.00
19.593774 59.00
19.647025 59.00
19.720776 59.00
19.774026 59.00
19.847902 59.00
19.913027 59.00
19.986778 59.00
20.041653 59.00
20.101654 59.00
20.161654 59.00
20.221654 59.00
20.281655 59.00
20.334905 59.00
20.405281 59.00
20.460281 59.00
20.515281 59.00
20.570282 59.00
20.625282 59.00
20.680283 59.00
20.725783 59.00
20.780659 59.00
20.833909 59.00
20.904284 59.00
20.949785 59.00
20.999160 59.00
21.059286 59.00
21.104786 59.00
21.154162 59.00
21.214287 59.00
21.259787 59.00
21.310414 59.00
21.373913 59.00
21.447664 59.00
21.500914 59.00
21.574664 59.00
21.627916 59.00
21.701666 59.00
21.754916 59.00
21.828666 59.00
21.881917 59.00
21.955667 59.00
22.008918 59.00
22.077668 59.00
22.130919 59.00
22.204669 59.00
22.257920 59.00
22.331670 59.00
22.384921 59.00
22.458671 59.00
22.511922 59.00
22.585672 59.00
22.640548 59.00
22.705824 59.00
22.755550 59.00
22.820827 59.00
22.879452 59.00
22.938301 59.00
23.002454 59.00
23.066453 59.00
23.130454 59.00
23.181302 59.00
23.245455 59.00
23.304455 59.00
23.368456 59.00
23.419456 59.00
23.483458 59.00
23.542305 59.00
23.611432 59.00
23.675432 59.00
23.739449 59.00
23.803450 59.00
23.858307 59.00
23.922435 59.00
23.986438 59.00
24.037309 59.00
24.097309 59.00
24.171574 59.00
24.240577 59.00
24.297061 59.00
24.350702 59.00
24.415703 59.00
24.489952 59.00
24.553938 59.00
24.617938 59.00
24.681959 59.00
24.745954 59.00
24.809939 59.00
24.873940 59.00
24.939580 59.00
25.008705 59.00
25.077719 59.00
25.146581 59.00
25.210444 59.00
25.279585 59.00
25.334820 59.00
25.398721 59.00
25.467585 59.00
25.526836 59.00
25.590721 59.00
25.654711 59.00
25.718711 59.00
25.787720 59.00
25.856587 59.00
25.920722 59.00
25.989587 59.00
26.058592 59.00
26.117199 59.00
26.186200 59.00
26.250076 59.00
26.315200 59.00
26.379076 59.00
26.428716 59.00
26.492592 59.00
26.561602 59.00
26.630602 59.00
26.681329 59.00
26.745204 59.00
26.808955 59.00
26.867605 59.00
26.936731 59.00
27.005606 59.00
27.074608 59.00
27.130459 59.00
27.199609 59.00
27.263608 59.00
27.314333 59.00
27.372959 59.00
27.426725 59.00
27.495609 59.00
27.559610 59.00
27.623600 59.00
27.697599 59.00
27.771603 59.00
27.840613 59.00
27.905854 59.00
27.964463 59.00
28.017713 59.00
28.091464 59.00
28.144714 59.00
28.218465 59.00
28.271715 59.00
28.345466 59.00
28.398715 59.00
28.472468 59.00
28.541618 59.00
28.610468 59.00
28.666969 59.00
28.725618 59.00
28.795969 59.00
28.845618 59.00
28.909621 59.00
28.973736 59.00
29.032472 59.00
29.097746 59.00
29.175222 59.00
29.239223 59.00
29.292622 59.00
29.361498 59.00
29.426865 59.00
29.485505 59.00
29.550626 59.00
29.624625 59.00
29.688627 59.00
29.752626 59.00
29.816503 59.00
29.885102 59.00
29.948867 59.00
30.012358 59.00
30.081628 59.00
30.145505 59.00
30.214629 59.00
30.288871 59.00
30.347504 59.00
30.412871 59.00
30.471507 59.00
30.545360 59.00
30.611359 59.00
30.685511 59.00
30.750874 59.00
30.809509 59.00
30.874874 59.00
30.933510 59.00
31.007515 59.00
31.081512 59.00
31.150236 59.00
31.209987 59.00
31.284113 59.00
31.349113 59.00
31.409989 59.00
31.484115 59.00
31.553115 59.00
31.606631 59.00
31.670367 59.00
31.739367 59.00
31.804992 59.00
31.863632 59.00
31.932370 59.00
32.001644 59.00
32.065517 59.00
32.130995 59.00
32.189636 59.00
32.258372 59.00
32.332522 59.00
32.402996 59.00
32.466636 59.00
32.530396 59.00
32.594374 59.00
32.668375 59.00
32.737376 59.00
32.811523 59.00
32.880376 59.00
32.954250 59.00
33.005000 59.00
33.068501 59.00
33.142251 59.00
33.195502 59.00
33.269252 59.00
33.322503 59.00
33.396253 59.00
33.449504 59.00
33.523254 59.00
33.576505 59.00
33.650255 59.00
33.703506 59.00
33.777255 59.00
33.832257 59.00
33.887257 59.00
33.942132 59.00
34.002132 59.00
34.062133 59.00
34.122133 59.00
34.182135 59.00
34.245635 59.00
34.314260 59.00
34.369135 59.00
34.422387 59.00
34.487511 59.00
34.561262 59.00
34.610637 59.00
34.670762 59.00
34.725763 59.00
34.780764 59.00
34.835763 59.00
34.881264 59.00
34.931890 59.00
34.995391 59.00
35.065766 59.00
35.111266 59.00
35.160641 59.00
35.220766 59.00
35.266267 59.00
35.316892 59.00
35.380393 59.00
35.454143 59.00
35.507394 59.00
35.581144 59.00
35.634395 59.00
35.703145 59.00
35.756397 59.00
35.830146 59.00
35.883398 59.00
35.957147 59.00
36.010400 59.00
36.084148 59.00
36.137400 59.00
36.211149 59.00
36.264400 59.00
36.333150 59.00
36.386402 59.00
36.460150 59.00
36.513403 59.00
36.587151 59.00
36.640404 59.00
36.714153 59.00
36.769028 59.00
36.829028 59.00
36.889029 59.00
36.954282 59.00
37.004030 59.00
37.064031 59.00
37.129283 59.00
37.179031 59.00
37.239032 59.00
37.297532 59.00
37.357657 59.00
37.412658 59.00
37.467658 59.00
37.522659 59.00
37.577659 59.00
37.623160 59.00
37.672535 59.00
37.732660 59.00
37.778161 59.00
37.836536 59.00
37.896661 59.00
37.955037 59.00
38.008287 59.00
38.082038 59.00
38.135288 59.00
38.209039 59.00
38.262289 59.00
38.336039 59.00
38.389290 59.00
38.463040 59.00
38.516292 59.00
38.590042 59.00
38.648543 59.00
38.712043 59.00
38.765293 59.00
38.839043 59.00
38.892294 59.00
38.966044 59.00
39.019296 59.00
39.093045 59.00
39.146296 59.00
39.220046 59.00
39.280299 59.00
39.340424 59.00
39.409048 59.00
39.469300 59.00
39.529425 59.00
39.598049 59.00
39.658176 59.00
39.707925 59.00
39.766300 59.00
39.840051 59.00
39.896052 59.00
39.950819 59.00
40.012578 59.00
40.062179 59.00
40.136179 59.00
40.200180 59.00
40.264180 59.00
40.328180 59.00
40.398582 59.00
40.444181 59.00
40.508183 59.00
40.572182 59.00
40.636183 59.00
40.710184 59.00
40.774184 59.00
40.838184 59.00
40.902185 59.00
40.975935 59.00
41.034827 59.00
41.098826 59.00
41.162827 59.00
41.226828 59.00
41.290704 59.00
41.354313 59.00
41.413189 59.00
41.486940 59.00
41.545830 59.00
41.614831 60.00
41.678832 60.00
41.742831 59.00
41.806832 59.00
41.860317 59.00
41.924068 59.00
41.998067 59.00
42.063318 59.00
42.121944 59.00
42.175445 59.00
42.230945 59.00
42.289836 59.00
42.344959 59.00
42.400078 59.00
42.450078 59.00
42.500078 59.00
42.550078 59.00
42.603948 59.00
42.654838 59.00
42.709964 59.00
42.765080 59.00
42.815081 59.00
42.865080 59.00
42.923950 59.00
42.976477 59.00
43.026076 59.00
43.096452 59.00
43.146076 59.00
43.214952 59.00
43.267453 59.00
43.313077 59.00
43.373454 59.00
43.419079 59.00
43.487954 59.00
43.543968 59.00
43.599971 59.00
43.661483 59.00
43.707206 59.00
43.770957 59.00
43.844957 59.00
43.900972 59.00
43.969958 59.00
44.039084 59.00
44.102958 59.00
44.172209 59.00
44.235960 59.00
44.309850 59.00
44.363336 59.00
44.426850 59.00
44.480087 59.00
44.553851 59.00
44.607087 59.00
44.680854 59.00
44.734088 59.00
44.807853 59.00
44.864090 59.00
44.932856 59.00
44.987855 59.00
45.061855 59.00
45.115091 59.00
45.188967 59.00
45.262858 59.00
45.317745 59.00
45.370968 59.00
45.436352 59.00
45.494969 59.00
45.555094 59.00
45.620354 59.00
45.675353 59.00
45.733861 59.00
45.788748 59.00
45.841972 59.00
45.912352 59.00
45.957973 59.00
46.031974 59.00
46.105973 59.00
46.179865 59.00
46.235864 59.00
46.288354 59.00
46.333975 59.00
46.407865 59.00
46.463867 59.00
46.519866 59.00
46.575871 59.00
46.640868 59.00
46.696870 59.00
46.752867 59.00
46.808871 59.00
46.873869 59.00
46.936980 59.00
47.005981 59.00
47.074869 59.00
47.143981 59.00
47.212873 59.00
47.281983 59.00
47.350875 59.00
47.419874 59.00
47.483873 59.00
47.552875 59.00
47.635511 59.00
47.690877 59.00
47.764986 59.00
47.828986 59.00
47.897987 59.00
47.966877 59.00
48.035879 59.00
48.099879 59.00
48.163989 59.00
48.232880 59.00
48.310381 59.00
48.365867 59.00
48.415866 59.00
48.465633 59.00
48.520757 59.00
48.580741 59.00
48.635617 59.00
48.688867 59.00
48.759243 59.00
48.814243 59.00
48.869243 59.00
48.923254 59.00
48.978644 59.00
49.035248 59.00
49.081247 59.00
49.126872 59.00
49.186261 59.00
49.241775 59.00
49.297126 59.00
49.347250 59.00
49.393125 59.00
49.443000 59.00
49.498255 59.00
49.558418 59.00
49.618894 59.00
49.682890 59.00
49.746894 59.00
49.811006 59.00
49.880412 59.00
49.944408 59.00
50.008406 59.00
50.072635 59.00
50.131882 59.00
50.190895 59.00
50.254899 59.00
50.315773 59.00
50.381779 59.00
50.451419 59.00
50.515896 59.00
50.579883 59.00
50.638902 59.00
50.704017 59.00
50.763426 59.00
50.827426 59.00
50.886414 59.00
50.950669 59.00
51.015558 59.00
51.074782 59.00
51.133777 59.00
51.192778 59.00
51.251893 59.00
51.321425 59.00
51.380542 59.00
51.444905 59.00
51.499780 59.00
51.559146 59.00
51.611269 59.00
51.670267 59.00
51.734419 59.00
51.789267 59.00
51.850153 59.00
51.900564 59.00
51.959896 59.00
52.018785 59.00
52.077788 59.00
52.137150 59.00
52.187432 59.00
52.251271 59.00
52.306271 59.00
52.361271 59.00
52.416277 59.00
52.476792 59.00
52.542428 59.00
52.611915 59.00
52.666791 59.00
52.725900 59.00
52.800429 59.00
52.864430 59.00
52.930429 59.00
53.005552 59.00
53.072157 59.00
53.131280 59.00
53.197437 59.00
53.261278 59.00
53.320927 59.00
53.376808 59.00
53.436481 59.00
53.501571 59.00
53.561043 59.00
53.626610 59.00
53.692842 59.00
53.757912 59.00
53.812481 59.00
53.877472 59.00
53.952828 59.00
54.022283 59.00
54.086681 59.00
54.150534 59.00
54.205288 59.00
54.265803 59.00
54.320660 59.00
54.394806 59.00
54.464287 59.00
54.528442 59.00
54.592809 59.00
54.656804 59.00
54.711806 59.00
54.766806 59.00
54.821566 59.00
54.886556 59.00
54.951807 59.00
55.010809 59.00
55.065559 59.00
55.125807 59.00
55.200295 59.00
55.269795 59.00
55.344294 59.00
55.399168 59.00
55.468814 59.00
55.537464 59.00
55.590796 59.00
55.654561 59.00
55.719921 59.00
55.773797 59.00
55.837814 59.00
55.901564 59.00
55.965820 59.00
56.019565 59.00
56.088568 59.00
56.157578 59.00
56.221454 59.00
56.285566 59.00
56.350823 59.00
56.409551 59.00
56.474944 59.00
56.535568 59.00
56.600819 59.00
56.654178 59.00
56.707571 59.00
56.781554 59.00
56.846679 59.00
56.911930 59.00
56.976305 59.00
57.045435 60.00
57.103807 60.00
57.162461 59.00
57.221826 59.00
57.280439 59.00
57.336474 59.00
57.400828 59.00
57.459827 59.00
57.518578 59.00
57.588063 59.00
57.651560 59.00
57.725465 59.00
57.799603 59.00
57.854562 59.00
57.918589 59.00
57.982591 59.00
58.051444 59.00
58.102193 59.00
58.157064 59.00
58.221190 59.00
58.280191 59.00
58.338946 59.00
58.413316 59.00
58.466583 59.00
58.540443 59.00
58.609568 59.00
58.683474 59.00
58.752474 59.00
58.816474 59.00
58.880585 59.00
58.954320 59.00
59.028474 59.00
59.102448 59.00
59.176322 59.00
59.245572 59.00
59.314590 59.00
59.388478 59.00
59.443591 59.00
59.517479 59.00
59.581075 59.00
59.651479 59.00
59.706335 59.00
59.761575 59.00
59.826951 59.00
59.890840 60.00
59.936594 60.00
60.005479 60.00
60.070968 59.00
60.134846 59.00
60.189829 59.00
60.235597 59.00
60.295955 59.00
60.365081 59.00
60.434337 59.00
60.490482 59.00
60.559721 59.00
60.618846 59.00
60.664459 59.00
60.738459 59.00
60.807334 59.00
60.871335 59.00
60.945335 59.00
61.014336 59.00
61.083336 59.00
61.152337 59.00
61.221212 59.00
61.274463 59.00
61.348588 59.00
61.417464 59.00
61.491465 59.00
61.560214 59.00
61.613466 59.00
61.687466 59.00
61.761341 59.00
61.828493 59.00
61.892466 59.00
61.966350 59.00
62.040217 59.00
62.095350 59.00
62.164351 59.00
62.233352 59.00
62.302499 59.00
62.366354 59.00
62.435353 59.00
62.499354 59.00
62.563351 59.00
62.632224 59.00
62.690615 59.00
62.745863 59.00
62.804627 59.00
62.859850 59.00
62.918352 59.00
62.988866 59.00
63.052976 59.00
63.117101 59.00
63.170504 59.00
63.229356 59.00
63.289853 59.00
63.353979 59.00
63.412357 59.00
63.476358 59.00
63.540230 59.00
63.609508 59.00
63.673230 59.00
63.742231 59.00
63.792874 59.00
63.851483 59.00
63.920237 59.00
63.984238 59.00
64.043522 59.00
64.102518 59.00
64.161363 59.00
64.225235 59.00
64.294624 59.00
64.353986 59.00
64.407370 59.00
64.471370 59.00
64.535237 60.00
64.600631 60.00
64.659368 59.00
64.733115 59.00
64.786368 59.00
64.860117 59.00
64.915118 59.00
64.970118 59.00
65.025118 59.00
65.085631 59.00
65.149867 59.00
65.224521 59.00
65.288242 59.00
65.353388 59.00
65.427118 59.00
65.496244 59.00
65.556620 59.00
65.606245 59.00
65.666636 59.00
65.721638 59.00
65.772892 59.00
65.826248 59.00
65.896637 59.00
65.942122 59.00
65.992764 59.00
66.056247 59.00
66.120401 60.00
66.184250 60.00
66.248404 59.00
66.307250 59.00
66.371406 59.00
66.430251 59.00
66.489129 59.00
66.554002 59.00
66.607409 59.00
66.666253 59.00
66.730128 59.00
66.798895 59.00
66.863004 60.00
66.921880 60.00
66.985756 59.00
67.044413 59.00
67.103132 59.00
67.172257 59.00
67.236257 59.00
67.300006 59.00
67.353257 59.00
67.427007 59.00
67.485508 59.00
67.549008 59.00
67.607760 59.00
67.672011 59.00
67.731011 59.00
67.791780 59.00
67.856012 59.00
67.911013 59.00
67.966435 59.00
68.016141 59.00
68.085139 59.00
68.155514 59.00
68.214140 59.00
68.283016 59.00
68.349647 59.00
68.414430 59.00
68.473019 59.00
68.523784 59.00
68.582393 59.00
68.646017 59.00
68.696784 59.00
68.760660 59.00
68.824144 59.00
68.894520 59.00
68.940145 59.00
69.009020 59.00
69.059787 59.00
69.118426 59.00
69.172146 59.00
69.245897 59.00
69.304426 59.00
69.362898 59.00
69.427554 59.00
69.492153 59.00
69.551026 59.00
69.601792 59.00
69.660431 59.00
69.719026 59.00
69.784276 59.00
69.843026 59.00
69.911669 59.00
69.975277 59.00
70.034028 59.00
70.107907 59.00
70.171907 59.00
70.226907 59.00
70.280158 59.00
70.353909 59.00
70.407157 59.00
70.480906 59.00
70.541184 59.00
70.601282 59.00
70.660032 59.00
70.733909 59.00
70.784801 59.00
70.843534 59.00
70.908909 59.00
70.972684 60.00
71.037911 60.00
71.094066 59.00
71.142286 59.00
71.195911 59.00
71.248443 59.00
71.298038 59.00
71.368443 60.00
71.413913 60.00
71.466442 59.00
71.512164 59.00
71.577444 59.00
71.623814 59.00
71.693797 59.00
71.752290 59.00
71.807446 59.00
71.852916 59.00
71.905444 59.00
71.960297 59.00
72.023792 59.00
72.077794 59.00
72.131293 59.00
72.194809 59.00
72.248295 59.00
72.301920 59.00
72.365920 59.00
72.434938 59.00
72.508797 59.00
72.562297 59.00
72.615923 59.00
72.681298 59.00
72.734923 59.00
72.808798 59.00
72.862298 60.00
72.925925 60.00
72.993078 59.00
73.061926 59.00
73.130926 59.00
73.199553 59.00
73.264941 59.00
73.333928 59.00
73.407929 59.00
73.481804 59.00
73.540606 59.00
73.599572 59.00
73.654823 59.00
73.714931 59.00
73.764823 59.00
73.824960 59.00
73.874962 59.00
73.929316 59.00
73.986312 59.00
74.044809 59.00
74.095435 59.00
74.158935 59.00
74.229309 59.00
74.287937 59.00
74.358313 60.00
74.403813 60.00
74.454440 59.00
74.517938 59.00
74.588316 59.00
74.633944 59.00
74.702938 59.00
74.771813 59.00
74.827829 59.00
74.883829 59.00
74.939831 59.00
74.996070 59.00
75.055720 59.00
75.130608 59.00
75.199837 59.00
75.250442 59.00
75.314193 59.00
75.377818 59.00
75.433819 59.00
75.502471 59.00
75.571474 59.00
75.626836 59.00
75.695838 59.00
75.765080 59.00
75.824729 59.00
75.883950 59.00
75.957699 59.00
76.012698 59.00
76.065947 60.00
76.139698 60.00
76.194959 59.00
76.265089 59.00
76.319603 59.00
76.389711 59.00
76.448486 59.00
76.512480 59.00
76.571329 59.00
76.624844 59.00
76.693953 59.00
76.757845 59.00
76.821845 59.00
76.885722 59.00
76.936335 60.00
77.005084 60.00
77.059092 60.00
77.108833 59.00
77.172854 59.00
77.236850 59.00
77.300957 59.00
77.364847 59.00
77.433848 59.00
77.502878 59.00
77.567217 59.00
77.612727 59.00
77.663461 59.00
77.721854 59.00
77.792211 59.00
77.843085 59.00
77.901604 59.00
77.954855 59.00
78.009837 59.00
78.064730 59.00
78.124338 59.00
78.187844 59.00
78.261714 59.00
78.330340 59.00
78.389091 59.00
78.447861 59.00
78.522621 59.00
78.597350 59.00
78.655843 59.00
78.729735 59.00
78.803593 59.00
78.858611 59.00
78.927734 59.00
78.996736 59.00
79.065860 59.00
79.124739 59.00
79.189847 60.00
79.253626 60.00
79.322864 59.00
79.396977 59.00
79.455774 59.00
79.519723 59.00
79.590099 59.00
79.645099 59.00
79.700104 59.00
79.755100 59.00
79.813601 59.00
79.877226 59.00
79.940726 59.00
80.014481 59.00
80.067729 59.00
80.136611 59.00
80.196728 59.00
80.267111 59.00
80.332357 59.00
80.383358 59.00
80.434231 60.00
80.494358 60.00
80.549238 59.00
80.612873 59.00
80.667607 59.00
80.727873 59.00
80.793511 59.00
80.844363 59.00
80.902984 59.00
80.968765 59.00
81.019612 59.00
81.088502 59.00
81.152861 59.00
81.221862 59.00
81.285618 59.00
81.350880 59.00
81.419517 59.00
81.472739 59.00
81.541989 59.00
81.602519 59.00
81.667865 59.00
81.721866 59.00
81.776865 59.00
81.840757 59.00
81.899760 59.00
81.958759 59.00
82.017758 59.00
82.076757 60.00
82.150511 60.00
82.219869 59.00
82.273521 59.00
82.332509 59.00
82.394121 59.00
82.459764 59.00
82.514761 59.00
82.569513 59.00
82.624763 59.00
82.679748 60.00
82.734621 60.00
82.803804 59.00
82.862527 59.00
82.917396 59.00
82.991644 59.00
83.046881 59.00
83.105880 59.00
83.169758 59.00
83.224767 59.00
83.279502 59.00
83.330257 59.00
83.381128 59.00
83.446518 59.00
83.502638 59.00
83.566771 59.00
83.630771 59.00
83.689505 59.00
83.754533 59.00
83.814135 59.00
83.883256 59.00
83.957632 59.00
84.031757 59.00
84.095523 59.00
84.160900 59.00
84.219885 59.00
84.273527 59.00
84.337778 59.00
84.401540 59.00
84.462642 59.00
84.522886 59.00
84.582137 59.00
84.637415 59.00
84.701137 59.00
84.761445 59.00
84.825389 59.00
84.878638 59.00
84.952420 59.00
85.007264 59.00
85.062265 59.00
85.122265 59.00
85.182417 59.00
85.242016 59.00
85.305517 59.00
85.379768 59.00
85.438423 59.00
85.503894 59.00
85.558894 59.00
85.623270 59.00
85.697426 59.00
85.748146 59.00
85.806521 59.00
85.880271 59.00
85.950898 59.00
85.998401 59.00
86.068909 59.00
86.114522 59.00
86.183275 59.00
86.253150 59.00
86.312278 59.00
86.381526 59.00
86.450578 59.00
86.520283 59.00
86.589655 59.00
86.659286 59.00
86.734684 59.00
86.809531 59.00
86.878529 59.00
86.942433 59.00
87.011435 59.00
87.080436 59.00
87.149531 59.00
87.213282 59.00
87.268435 59.00
87.337532 59.00
87.406533 59.00
87.475534 59.00
87.544534 59.00
87.608549 59.00
87.677801 60.00
87.741438 60.00
87.805564 59.00
87.875161 59.00
87.928566 59.00
87.998162 59.00
88.056913 59.00
88.115555 59.00
88.179445 60.00
88.239929 60.00
88.301932 59.00
88.363932 59.00
88.425930 59.00
88.487931 59.00
88.546571 59.00
88.605446 59.00
88.669445 59.00
88.724572 59.00
88.779935 60.00
88.849169 60.00
88.902571 59.00
88.962936 59.00
89.026921 60.00
89.096171 60.00
89.149573 59.00
89.208452 59.00
89.272453 59.00
89.342048 59.00
89.411173 60.00
89.464575 60.00
89.528452 59.00
89.592455 59.00
89.651455 59.00
89.715457 59.00
89.779453 59.00
89.849051 59.00
89.908051 60.00
89.972177 60.00
90.030820 60.00
90.100053 60.00
90.153570 59.00
90.217459 59.00
90.286930 59.00
90.352930 59.00
90.413305 59.00
90.477461 59.00
90.546932 59.00
90.616182 59.00
90.671057 60.00
90.735183 60.00
90.804465 59.00
90.859309 59.00
90.923463 59.00
90.982310 59.00
91.046465 60.00
91.105310 60.00
91.169467 59.00
91.228311 59.00
91.292465 59.00
91.351312 59.00
91.415466 59.00
91.474313 59.00
91.538469 59.00
91.597314 59.00
91.661469 59.00
91.720315 59.00
91.784469 60.00
91.843316 60.00
91.907469 59.00
91.966317 59.00
92.030472 59.00
92.089318 59.00
92.153474 59.00
92.212318 59.00
92.276476 59.00
92.335320 59.00
92.399475 59.00
92.458321 59.00
92.522476 59.00
92.586071 59.00
92.639321 59.00
92.713072 59.00
92.766322 59.00
92.840072 59.00
92.893323 60.00
92.967073 60.00
93.020324 59.00
93.094074 59.00
93.147325 60.00
93.221075 60.00
93.275951 59.00
93.334326 59.00
93.408077 59.00
93.462952 59.00
93.521328 60.00
93.595079 60.00
93.649954 59.00
93.709954 59.00
93.769955 59.00
93.829955 59.00
93.883205 59.00
93.953581 59.00
94.008582 59.00
94.054082 59.00
94.103458 59.00
94.163583 60.00
94.209083 60.00
94.259709 59.00
94.323208 59.00
94.393584 59.00
94.439085 59.00
94.497461 59.00
94.557586 59.00
94.603086 59.00
94.653711 59.00
94.717212 59.00
94.790962 59.00
94.844212 59.00
94.917963 59.00
94.971213 59.00
95.044964 59.00
95.098214 59.00
95.171965 60.00
95.225215 60.00
95.298966 59.00
95.352216 59.00
95.425967 59.00
95.479217 59.00
95.552967 59.00
95.606218 59.00
95.679969 59.00
95.733219 59.00
95.806970 59.00
95.860220 59.00
95.933971 59.00
95.988971 59.00
96.042221 59.00
96.115972 59.00
96.169222 59.00
96.242973 59.00
96.297849 59.00
96.357849 59.00
96.417850 59.00
96.477850 59.00
96.537850 59.00
96.591101 59.00
96.661478 59.00
96.716479 59.00
96.771479 60.00
96.834978 60.00
96.889853 59.00
96.943103 59.00
97.013479 59.00
97.068480 59.00
97.113980 60.00
97.163357 60.00
97.223481 59.00
97.268982 59.00
97.329107 59.00
97.393108 59.00
97.451983 59.00
97.521108 59.00
97.585109 59.00
97.643985 59.00
97.713363 59.00
97.766985 59.00
97.835610 59.00
97.899110 59.00
97.972862 59.00
98.031370 59.00
98.084988 59.00
98.158863 59.00
98.222996 59.00
98.286643 59.00
98.340406 60.00
98.394240 60.00
98.463756 60.00
98.522759 59.00
98.586645 59.00
98.650758 59.00
98.705759 59.00
98.765868 59.00
98.825993 59.00
98.885119 59.00
98.949119 59.00
99.012995 60.00
99.082120 60.00
99.146121 60.00
99.210246 59.00
99.269122 59.00
99.327872 59.00
99.380403 59.00
99.426248 59.00
99.479999 59.00
99.545402 59.00
99.591249 59.00
99.644874 59.00
99.697405 59.00
99.743125 59.00
99.802001 59.00
99.875876 59.00
99.940002 59.00
100.005392 59.00
100.051252 59.00
100.105003 59.00
100.173893 59.00
100.237879 59.00
100.311898 59.00
100.376005 60.00
100.444897 60.00
100.509006 59.00
100.567882 59.00
100.632132 59.00
100.696133 59.00
100.750008 60.00
100.818900 60.00
100.883009 59.00
100.951902 59.00
101.016009 59.00
101.075135 59.00
101.129135 60.00
101.188011 60.00
101.261903 59.00
101.326137 59.00
101.380137 59.00
101.434138 59.00
101.488013 59.00
101.551903 59.00
101.611014 60.00
101.674890 60.00
101.738890 59.00
101.807908 59.00
101.871891 59.00
101.935892 59.00
101.994909 59.00
102.058893 59.00
102.118018 60.00
102.186894 60.00
102.250894 59.00
102.314911 59.00
102.378895 59.00
102.442910 59.00
102.506912 59.00
102.570897 59.00
102.634914 59.00
102.698912 59.00
102.762898 59.00
102.826913 59.00
102.890916 59.00
102.954899 60.00
103.018917 60.00
103.082916 59.00
103.146901 59.00
103.210918 59.00
103.274919 59.00
103.338902 59.00
103.402920 59.00
103.471920 59.00
103.535920 59.00
103.599904 60.00
103.663919 60.00
103.727922 59.00
103.791920 59.00
103.865924 60.00
103.929906 60.00
103.993924 59.00
104.057923 59.00
104.121908 59.00
104.185926 59.00
104.249925 59.00
104.313909 60.00
104.372910 60.00
104.436911 59.00
104.495911 59.00
104.556803 59.00
104.620912 59.00
104.679912 59.00
104.743913 59.00
104.802913 59.00
104.866914 59.00
104.925914 59.00
104.989914 59.00
105.048806 59.00
105.107807 59.00
105.166805 59.00
105.230933 60.00
105.285808 60.00
105.344809 59.00
105.408933 59.00
105.474448 59.00
105.532793 59.00
105.603167 59.00
105.658168 59.00
105.703669 60.00
105.762044 60.00
105.825545 59.00
105.878795 59.00
105.952545 59.00
106.005796 59.00
106.076171 59.00
106.121672 59.00
106.172297 59.00
106.235798 60.00
106.309548 59.00
106.362798 59.00
106.436550 59.00
106.489800 59.00
106.563551 59.00
106.616801 59.00
106.690551 60.00
106.743802 60.00
106.817552 59.00
106.870803 59.00
106.944553 59.00
106.997804 59.00
107.071554 59.00
107.124804 59.00
107.198555 60.00
107.251805 60.00
107.325572 59.00
107.391057 59.00
107.460308 59.00
107.519308 59.00
107.583309 59.00
107.642309 59.00
107.711826 59.00
107.770828 59.00
107.829828 59.00
107.888829 59.00
107.943826 59.00
107.998937 59.00
108.073465 59.00
108.137831 59.00
108.196830 60.00
108.251974 60.00
108.321834 59.00
108.376957 59.00
108.430833 59.00
108.485832 59.00
108.540832 59.00
108.595833 59.00
108.650832 59.00
108.705834 59.00
108.760833 59.00
108.815835 59.00
108.870833 59.00
108.925836 60.00
108.980836 60.00
109.035836 60.00
109.090838 59.00
109.154963 59.00
109.224321 59.00
109.275321 59.00
109.340838 59.00
109.406475 59.00
109.480479 59.00
109.544841 59.00
109.608840 59.00
109.674477 60.00
109.748480 60.00
109.812841 60.00
109.871481 60.00
109.940594 59.00
110.005969 59.00
110.071732 59.00
110.130595 59.00
110.194593 59.00
110.259971 59.00
110.324204 59.00
110.383205 59.00
110.436846 59.00
110.495846 59.00
110.556080 59.00
110.616206 59.00
110.669849 59.00
110.728597 59.00
110.802725 59.00
110.871459 59.00
110.940459 60.00
111.009613 60.00
111.073850 59.00
111.134085 59.00
111.192615 59.00
111.256726 59.00
111.325603 59.00
111.380604 59.00
111.444603 59.00
111.504963 59.00
111.559854 59.00
111.614964 59.00
111.669855 59.00
111.728339 59.00
111.802625 59.00
111.866341 59.00
111.935466 59.00
111.999467 59.00
112.068467 59.00
112.137736 59.00
112.196469 59.00
112.260469 59.00
112.329623 59.00
112.393622 59.00
112.462622 60.00
112.526353 60.00
112.595353 60.00
112.664498 60.00
112.733352 60.00
112.802626 59.00
112.866627 59.00
112.941099 59.00
113.011100 59.00
113.076992 59.00
113.151226 59.00
113.210991 59.00
113.272976 60.00
113.331629 60.00
113.390504 60.00
113.449228 59.00
113.513228 59.00
113.573505 60.00
113.637507 60.00
113.702979 59.00
113.761872 59.00
113.822230 60.00
113.882508 60.00
113.946510 59.00
114.015636 59.00
114.075983 59.00
114.134636 59.00
114.199875 59.00
114.260109 59.00
114.313626 59.00
114.368876 59.00
114.429110 59.00
114.482625 59.00
114.546514 60.00
114.615514 60.00
114.689987 60.00
114.753629 60.00
114.812517 59.00
114.876514 59.00
114.945518 60.00
115.015241 59.00
115.079239 59.00
115.138371 59.00
115.212401 59.00
115.276491 59.00
115.350516 59.00
115.424992 60.00
115.488993 60.00
115.555006 59.00
115.616379 59.00
115.680495 59.00
115.754995 59.00
115.828995 59.00
115.894396 59.00
115.958495 59.00
116.017525 59.00
116.086377 59.00
116.160526 59.00
116.229525 59.00
116.298402 59.00
116.358874 59.00
116.417375 59.00
116.491376 59.00
116.560407 59.00
116.629251 60.00
116.698407 60.00
116.758894 59.00
116.822408 59.00
116.882895 59.00
116.941504 59.00
117.000407 59.00
117.069381 59.00
117.138407 60.00
117.207256 60.00
117.277896 59.00
117.341633 59.00
117.400257 59.00
117.464414 59.00
117.528257 59.00
117.578883 59.00
117.642384 59.00
117.716140 59.00
117.769385 60.00
117.843134 60.00
117.896386 59.00
117.970135 59.00
118.023387 59.00
118.097137 59.00
118.150388 59.00
118.224137 59.00
118.279137 59.00
118.332389 59.00
118.406139 59.00
118.459390 59.00
118.533140 59.00
118.586391 59.00
118.660141 59.00
118.713392 59.00
118.787142 59.00
118.842017 59.00
118.902017 59.00
118.962018 59.00
119.032269 59.00
119.082018 59.00
119.135270 59.00
119.205645 59.00
119.260646 59.00
119.324145 59.00
119.379020 59.00
119.432271 59.00
119.502647 59.00
119.548147 59.00
119.597523 59.00
119.657648 60.00
119.703149 60.00
119.773649 59.00
119.819274 59.00
119.889650 60.00
119.935150 60.00
119.985776 60.00
120.049276 59.00
120.123151 59.00
120.182778 59.00
120.246277 59.00
120.320028 59.00
120.373278 59.00
120.447029 59.00
120.500279 60.00
120.574030 60.00
120.627280 59.00
120.701031 59.00
120.760782 59.00
120.824282 59.00
120.898032 59.00
120.951283 59.00
121.025033 59.00
121.078284 59.00
121.152034 59.00
121.205286 59.00
121.279035 59.00
121.332286 59.00
121.406049 59.00
121.459287 59.00
121.533037 59.00
121.587912 59.00
121.647913 59.00
121.707914 59.00
121.767914 60.00
121.827914 60.00
121.887915 60.00
121.947915 60.00
122.007918 60.00
122.067916 60.00
122.131418 60.00
122.200042 60.00
122.254918 60.00
122.308305 60.00
122.373543 59.00
122.428544 59.00
122.483545 59.00
122.529044 59.00
122.578421 59.00
122.638546 59.00
122.684046 59.00
122.734671 60.00
122.798171 60.00
122.868547 59.00
122.914047 59.00
122.964673 59.00
123.028173 59.00
123.101931 60.00
123.155175 60.00
123.228925 59.00
123.282175 59.00
123.355926 59.00
123.409176 59.00
123.482927 59.00
123.536177 59.00
123.609928 59.00
123.663178 59.00
123.736929 59.00
123.790179 59.00
123.863930 60.00
123.918929 60.00
123.972180 60.00
124.045931 60.00
124.099193 59.00
124.172932 59.00
124.227683 59.00
124.291182 59.00
124.364933 60.00
124.419809 60.00
124.478184 59.00
124.551936 59.00
124.606810 59.00
124.666811 59.00
124.726811 59.00
124.786811 59.00
124.846812 59.00
124.900073 59.00
124.965187 59.00
125.030439 60.00
125.085439 60.00
125.148939 59.00
125.199577 59.00
125.263065 60.00
125.333441 60.00
125.378941 59.00
125.433816 59.00
125.487067 59.00
125.557443 59.00
125.602954 59.00
125.653568 59.00
125.717068 59.00
125.787445 59.00
125.841944 59.00
125.892570 59.00
125.961320 59.00
126.024821 60.00
126.078071 60.00
126.151822 60.00
126.205072 60.00
126.278823 59.00
126.332073 59.00
126.405823 59.00
126.459079 59.00
126.532837 59.00
126.586078 59.00
126.659828 59.00
126.713077 60.00
126.786833 60.00
126.840076 59.00
126.913827 59.00
126.967077 59.00
127.040828 59.00
127.094079 59.00
127.167829 59.00
127.222705 59.00
127.281079 59.00
127.354834 60.00
127.409708 60.00
127.464723 59.00
127.519582 59.00
127.588626 59.00
127.659334 59.00
127.708851 59.00
127.763460 59.00
127.827210 59.00
127.887335 59.00
127.938614 59.00
127.997212 59.00
128.056086 59.00
128.124855 59.00
128.175471 59.00
128.238963 59.00
128.307856 59.00
128.358605 60.00
128.412089 60.00
128.480859 59.00
128.554730 59.00
128.609734 59.00
128.663091 59.00
128.728857 60.00
128.779467 60.00
128.842968 60.00
128.911735 60.00
128.970218 59.00
129.028861 59.00
129.102969 59.00
129.172220 59.00
129.241488 59.00
129.310721 59.00
129.364097 59.00
129.432973 59.00
129.501977 60.00
129.565973 60.00
129.631866 59.00
129.690974 59.00
129.756866 59.00
129.820867 59.00
129.884851 59.00
129.948856 59.00
130.012852 59.00
130.082102 59.00
130.135978 59.00
130.194978 60.00
130.258853 60.00
130.318104 59.00
130.371854 59.00
130.441375 59.00
130.500510 60.00
130.555358 60.00
130.614358 59.00
130.678872 59.00
130.743121 60.00
130.796873 60.00
130.860983 60.00
130.915858 60.00
130.979989 59.00
131.034875 59.00
131.093860 60.00
131.157877 60.00
131.216986 59.00
131.280878 59.00
131.339861 59.00
131.403987 59.00
131.469370 59.00
131.533372 59.00
131.597371 60.00
131.657995 60.00
131.732381 60.00
131.796370 60.00
131.865880 59.00
131.940404 60.00
131.995523 60.00
132.064882 59.00
132.130760 59.00
132.199883 60.00
132.263890 60.00
132.327887 60.00
132.391883 60.00
132.460994 60.00
132.524887 60.00
132.588886 59.00
132.652888 59.00
132.716888 59.00
132.791002 59.00
132.844765 60.00
132.908998 60.00
132.962890 60.00
133.021999 60.00
133.080890 60.00
133.140000 60.00
133.193891 59.00
133.252768 59.00
133.316876 59.00
133.375894 59.00
133.439768 59.00
133.498894 59.00
133.557878 60.00
133.627408 60.00
133.682436 59.00
133.742772 59.00
133.801781 59.00
133.856773 59.00
133.920899 59.00
133.975881 60.00
134.030886 60.00
134.085882 60.00
134.144774 60.00
134.208898 60.00
134.263883 60.00
134.322900 60.00
134.382134 60.00
134.427884 59.00
134.486903 59.00
134.550902 59.00
134.614778 59.00
134.678886 59.00
134.753262 59.00
134.817264 60.00
134.881417 60.00
134.945418 59.00
135.010888 59.00
135.066542 60.00
135.135781 60.00
135.205265 60.00
135.280544 60.00
135.339784 60.00
135.400783 60.00
135.459784 59.00
135.523657 59.00
135.587786 60.00
135.657268 60.00
135.716484 59.00
135.780269 59.00
135.841027 59.00
135.905270 59.00
135.969788 59.00
136.028789 59.00
136.087786 59.00
136.146790 59.00
136.205538 59.00
136.271023 59.00
136.321274 59.00
136.376274 59.00
136.433025 60.00
136.482792 60.00
136.548900 59.00
136.602793 59.00
136.657794 59.00
136.712793 60.00
136.767793 60.00
136.822792 60.00
136.877796 60.00
136.941668 59.00
137.016278 59.00
137.067279 59.00
137.126795 59.00
137.185797 60.00
137.255795 60.00
137.310805 60.00
137.369799 60.00
137.433915 59.00
137.497438 59.00
137.563436 60.00
137.632800 60.00
137.691800 60.00
137.760707 60.00
137.820290 60.00
137.884809 60.00
137.945575 60.00
138.014554 60.00
138.078802 59.00
138.137804 59.00
138.198696 59.00
138.257811 59.00
138.311916 59.00
138.381480 59.00
138.440791 59.00
138.494953 59.00
138.545168 59.00
138.604166 59.00
138.668166 60.00
138.723447 60.00
138.792588 59.00
138.856559 59.00
138.925561 60.00
138.995169 60.00
139.059294 59.00
139.133561 59.00
139.203296 60.00
139.267812 60.00
139.326450 59.00
139.390582 59.00
139.460172 59.00
139.519176 59.00
139.577925 60.00
139.638697 60.00
139.713302 60.00
139.778308 60.00
139.837820 60.00
139.901302 60.00
139.961566 60.00
140.025574 59.00
140.100304 59.00
140.170306 59.00
140.239827 59.00
140.299181 60.00
140.358317 60.00
140.423184 60.00
140.487307 60.00
140.551824 60.00
140.610711 60.00
140.680183 60.00
140.744185 60.00
140.808703 59.00
140.883716 59.00
140.943188 60.00
141.003589 60.00
141.067465 59.00
141.136827 59.00
141.195828 60.00
141.256465 60.00
141.325827 59.00
141.384587 59.00
141.454312 60.00
141.523602 60.00
141.582596 60.00
141.641714 59.00
141.706191 59.00
141.761718 59.00
141.816069 59.00
141.875068 59.00
141.939192 60.00
141.992585 60.00
142.051320 60.00
142.112081 60.00
142.183948 60.00
142.243205 60.00
142.308201 60.00
142.372728 60.00
142.427205 60.00
142.492084 60.00
142.567198 60.00
142.642207 60.00
142.707589 60.00
142.766855 60.00
142.836591 60.00
142.890867 60.00
142.960593 60.00
143.019485 60.00
143.078325 60.00
143.142731 60.00
143.201595 60.00
143.266211 59.00
143.336079 59.00
143.400079 59.00
143.458953 59.00
143.528848 60.00
143.598204 60.00
143.659080 59.00
143.712594 59.00
143.776956 59.00
143.841082 59.00
143.900730 59.00
143.961506 59.00
144.027967 60.00
144.083463 60.00
144.148089 60.00
144.207461 60.00
144.272087 60.00
144.336086 60.00
144.390216 60.00
144.445464 60.00
144.504749 59.00
144.554462 59.00
144.614603 59.00
144.679090 60.00
144.748339 60.00
144.817965 60.00
144.878529 60.00
144.937464 60.00
145.002856 60.00
145.061466 60.00
145.126886 59.00
145.180605 59.00
145.240840 59.00
145.309967 60.00
145.379102 59.00
145.443628 59.00
145.497217 59.00
145.566349 59.00
145.635218 60.00
145.704094 60.00
145.757352 60.00
145.831220 60.00
145.900220 60.00
145.969221 60.00
146.038355 60.00
146.107222 60.00
146.171351 60.00
146.235352 60.00
146.295974 59.00
146.359991 59.00
146.424507 60.00
146.483355 60.00
146.538505 59.00
146.597354 59.00
146.666869 59.00
146.730976 59.00
146.786227 60.00
146.851618 60.00
146.910506 59.00
146.974359 59.00
147.029357 59.00
147.093229 59.00
147.159107 60.00
147.228108 60.00
147.284108 60.00
147.348376 60.00
147.409632 59.00
147.464877 59.00
147.523232 60.00
147.587233 60.00
147.642362 59.00
147.701110 59.00
147.770881 59.00
147.831109 59.00
147.886522 60.00
147.940237 60.00
148.004242 59.00
148.063238 59.00
148.122239 60.00
148.192640 60.00
148.258241 60.00
148.322240 60.00
148.381374 60.00
148.440114 60.00
148.500378 60.00
148.559241 60.00
148.623389 60.00
148.682403 60.00
148.741628 60.00
148.805375 60.00
148.866254 60.00
148.920247 60.00
148.984119 59.00
149.049410 59.00
149.110306 60.00
149.164384 60.00
149.223568 60.00
149.284248 60.00
149.353123 60.00
149.412249 59.00
149.476250 59.00
149.535251 59.00
149.594406 59.00
149.648880 60.00
149.715127 60.00
149.779877 60.00
149.844000 60.00
149.902892 60.00
149.963000 60.00
150.017877 60.00
150.082003 60.00
150.134530 60.00
150.180252 60.00
150.244253 60.00
150.303004 60.00
150.355641 60.00
150.414773 60.00
150.479007 60.00
150.539258 60.00
150.593269 60.00
150.663425 60.00
150.717259 60.00
150.771133 60.00
150.835132 60.00
150.905538 59.00
150.961776 59.00
151.025782 59.00
151.090133 59.00
151.154454 60.00
151.213388 60.00
151.272137 60.00
151.331136 60.00
151.394889 60.00
151.459264 60.00
151.513138 59.00
151.583141 59.00
151.647152 60.00
151.711658 60.00
151.775906 60.00
151.840894 60.00
151.905463 60.00
151.957274 60.00
152.027464 60.00
152.084020 60.00
152.158156 60.00
152.226160 59.00
152.280468 59.00
152.337274 59.00
152.391147 59.00
152.457148 59.00
152.526020 60.00
152.586898 60.00
152.647057 60.00
152.700795 60.00
152.761056 59.00
152.808444 59.00
152.859789 59.00
152.913275 59.00
152.968901 60.00
153.025401 60.00
153.080275 60.00
153.133899 60.00
153.194797 60.00
153.245527 60.00
153.315460 60.00
153.385798 59.00
153.439465 59.00
153.498152 60.00
153.562795 60.00
153.615431 59.00
153.661282 59.00
153.720281 60.00
153.773905 60.00
153.838533 60.00
153.902157 59.00
153.961283 60.00
154.014906 60.00
154.080032 60.00
154.143907 60.00
154.213551 59.00
154.272283 59.00
154.326806 59.00
154.395911 60.00
154.460286 59.00
154.514161 59.00
154.583913 60.00
154.647552 60.00
154.716552 60.00
154.785286 60.00
154.839037 60.00
154.913042 60.00
154.972040 60.00
155.046296 60.00
155.100811 59.00
155.170302 59.00
155.224042 60.00
155.293302 60.00
155.349455 60.00
155.408581 60.00
155.468171 60.00
155.521919 60.00
155.587562 59.00
155.642950 59.00
155.697047 59.00
155.755920 59.00
155.822476 59.00
155.886923 60.00
155.957055 60.00
156.022924 60.00
156.082055 60.00
156.145940 60.00
156.205699 59.00
156.269570 59.00
156.329309 59.00
156.384823 59.00
156.444063 59.00
156.509181 60.00
156.568626 60.00
156.621302 60.00
156.666930 60.00
156.726053 60.00
156.789941 60.00
156.859464 60.00
156.923717 60.00
156.988559 59.00
157.049066 59.00
157.118573 60.00
157.177721 60.00
157.237058 60.00
157.302999 60.00
157.357056 60.00
157.420821 60.00
157.490579 60.00
157.559824 60.00
157.623933 59.00
157.687934 59.00
157.751934 60.00
157.816063 59.00
157.885438 59.00
157.939716 59.00
157.999065 60.00
158.052937 60.00
158.116936 59.00
158.180952 59.00
158.244938 60.00
158.309191 60.00
158.368598 60.00
158.428074 60.00
158.487478 60.00
158.546714 60.00
158.607611 60.00
158.666955 60.00
158.726320 60.00
158.785475 60.00
158.841074 60.00
158.905482 60.00
158.969446 60.00
159.033476 60.00
159.084474 60.00
159.148473 60.00
159.203590 60.00
159.254478 60.00
159.315207 60.00
159.370487 60.00
159.435082 60.00
159.489600 60.00
159.549211 60.00
159.609958 60.00
159.676088 60.00
159.735487 60.00
159.794496 60.00
159.858951 60.00
159.922965 60.00
159.983486 60.00
160.034484 60.00
160.095204 60.00
160.169955 60.00
160.234330 60.00
160.303967 60.00
160.373483 60.00
160.437967 60.00
160.502081 60.00
160.555850 60.00
160.621880 60.00
160.691466 60.00
160.760849 60.00
160.820093 60.00
160.880618 60.00
160.939969 60.00
160.998724 60.00
161.069632 60.00
161.130606 60.00
161.194970 60.00
161.255606 60.00
161.324633 60.00
161.389088 60.00
161.443095 60.00
161.502861 60.00
161.567624 60.00
161.631732 60.00
161.695972 60.00
161.749608 60.00
161.799089 60.00
161.848635 60.00
161.909090 60.00
161.965638 60.00
162.020623 60.00
162.080093 59.00
162.140093 59.00
162.189886 60.00
162.243734 60.00
162.312737 60.00
162.376734 60.00
162.445740 60.00
162.510221 60.00
162.574369 60.00
162.629741 60.00
162.693981 60.00
162.758097 60.00
162.820229 60.00
162.889630 60.00
162.952230 60.00
163.016874 60.00
163.075976 60.00
163.135505 60.00
163.194990 60.00
163.254354 60.00
163.324365 60.00
163.383873 60.00
163.442995 59.00
163.503983 59.00
163.564767 60.00
163.623870 60.00
163.682632 60.00
163.743104 60.00
163.803759 60.00
163.867634 60.00
163.933510 60.00
164.002516 60.00
164.066509 60.00
164.135878 60.00
164.194623 60.00
164.253888 60.00
164.318362 60.00
164.382892 60.00
164.437367 60.00
164.495999 60.00
164.556631 60.00
164.626375 60.00
164.690992 60.00
164.746239 60.00
164.801890 60.00
164.856243 60.00
164.916900 60.00
164.976242 60.00
165.038624 60.00
165.098374 60.00
165.157761 60.00
165.223877 60.00
165.282779 60.00
165.357763 60.00
165.423898 59.00
165.488895 59.00
165.553780 60.00
165.625672 60.00
165.685406 60.00
165.750393 60.00
165.815406 60.00
165.876629 60.00
165.951631 60.00
166.026253 60.00
166.091259 60.00
166.156255 60.00
166.221406 60.00
166.288130 60.00
166.347522 60.00
166.406879 60.00
166.471263 60.00
166.530768 60.00
166.584532 60.00
166.650663 60.00
166.709768 60.00
166.767128 60.00
166.826252 60.00
166.896131 60.00
166.949772 60.00
167.008774 60.00
167.069427 59.00
167.133383 59.00
167.197543 60.00
167.261391 60.00
167.316257 60.00
167.365768 60.00
167.426007 60.00
167.495271 60.00
167.554533 60.00
167.628645 60.00
167.692775 59.00
167.751764 59.00
167.805513 60.00
167.874648 60.00
167.934266 60.00
167.998558 60.00
168.057794 60.00
168.121777 60.00
168.180572 59.00
168.244778 59.00
168.304138 60.00
168.357779 60.00
168.427141 60.00
168.485891 60.00
168.551644 60.00
168.626142 60.00
168.695143 60.00
168.748767 60.00
168.807786 60.00
168.872269 60.00
168.946520 59.00
169.021268 60.00
169.090789 60.00
169.160283 60.00
169.230020 60.00
169.290589 60.00
169.365021 60.00
169.434150 60.00
169.503427 60.00
169.577427 60.00
169.646425 60.00
169.701651 60.00
169.765554 60.00
169.831527 60.00
169.890527 60.00
169.955159 60.00
170.014443 60.00
170.069432 60.00
170.124277 60.00
170.193528 60.00
170.257528 60.00
170.317920 60.00
170.376798 60.00
170.431798 60.00
170.492157 60.00
170.550905 60.00
170.615803 60.00
170.670908 60.00
170.735293 60.00
170.790659 60.00
170.844687 60.00
170.899165 60.00
170.969045 60.00
171.034166 60.00
171.093819 60.00
171.158811 59.00
171.223559 59.00
171.277807 60.00
171.342163 60.00
171.417291 60.00
171.481824 60.00
171.551569 59.00
171.610735 59.00
171.675041 60.00
171.728824 60.00
171.795292 60.00
171.864592 60.00
171.934562 60.00
171.999178 60.00
172.064173 60.00
172.125491 60.00
172.190571 60.00
172.250172 60.00
172.311046 59.00
172.371920 59.00
172.431421 60.00
172.495450 60.00
172.556045 60.00
172.611170 60.00
172.677298 60.00
172.741456 60.00
172.807821 60.00
172.861926 60.00
172.922835 60.00
172.982599 60.00
173.038956 60.00
173.089928 60.00
173.148944 60.00
173.204802 60.00
173.269301 60.00
173.329059 60.00
173.388466 60.00
173.458053 60.00
173.508942 60.00
173.567930 60.00
173.632178 60.00
173.701946 60.00
173.760572 60.00
173.814699 60.00
173.864931 60.00
173.929059 60.00
173.988305 60.00
174.052319 59.00
174.116947 60.00
174.181058 60.00
174.239821 60.00
174.303307 60.00
174.362309 60.00
174.421308 60.00
174.480312 60.00
174.544579 60.00
174.603603 60.00
174.662187 59.00
174.726317 59.00
174.796063 60.00
174.857319 60.00
174.921940 60.00
174.985957 60.00
175.050064 60.00
175.104956 60.00
175.160064 60.00
175.220837 60.00
175.285067 60.00
175.345067 60.00
175.405598 60.00
175.460203 60.00
175.520191 60.00
175.589192 60.00
175.663193 60.00
175.731946 60.00
175.788588 60.00
175.834194 60.00
175.893950 60.00
175.959589 60.00
176.009959 60.00
176.076577 60.00
176.126958 60.00
176.186198 60.00
176.249950 60.00
176.321612 60.00
176.380958 60.00
176.445956 60.00
176.505454 60.00
176.559203 60.00
176.623338 60.00
176.693202 60.00
176.757079 60.00
176.821327 60.00
176.880077 60.00
176.948952 60.00
177.007842 60.00
177.071843 60.00
177.135721 60.00
177.199329 60.00
177.258848 60.00
177.317460 60.00
177.371462 60.00
177.435849 60.00
177.500464 60.00
177.564726 60.00
177.636090 60.00
177.700211 60.00
177.759853 60.00
177.821090 60.00
177.889960 60.00
177.953960 60.00
178.017851 59.00
178.073088 59.00
178.147086 60.00
178.215962 60.00
178.270851 60.00
178.329587 60.00
178.389853 60.00
178.448967 60.00
178.507716 60.00
178.561864 60.00
178.621219 60.00
178.680221 60.00
178.744732 59.00
178.808876 59.00
178.878628 60.00
178.937890 60.00
179.002870 60.00
179.062365 60.00
179.116882 60.00
179.181872 60.00
179.241375 60.00
179.306374 60.00
179.367353 60.00
179.431974 60.00
179.496100 60.00
179.560618 60.00
179.619886 60.00
179.684875 60.00
179.759859 60.00
179.829982 60.00
179.899355 60.00
179.963105 60.00
180.032357 59.00
180.086375 59.00
180.150638 60.00
180.210368 60.00
180.269107 60.00
180.335662 60.00
180.402654 60.00
180.456866 60.00
180.521883 60.00
180.586754 60.00
180.646362 60.00
180.710749 60.00
180.769765 60.00
180.829120 60.00
180.899121 60.00
180.958632 60.00
181.018374 60.00
181.072763 60.00
181.133873 60.00
181.200243 60.00
181.259756 60.00
181.318999 60.00
181.383521 60.00
181.439543 60.00
181.503613 60.00
181.563879 60.00
181.613533 60.00
181.668879 60.00
181.718757 60.00
181.771378 60.00
181.817127 60.00
181.883246 60.00
181.937118 60.00
181.991242 60.00
182.050510 60.00
182.120127 60.00
182.179767 60.00
182.239247 60.00
182.289405 60.00
182.354378 60.00
182.420004 60.00
182.479753 60.00
182.539399 60.00
182.606003 60.00
182.670775 60.00
182.741001 60.00
182.800258 60.00
182.854775 60.00
182.919752 60.00
182.986011 60.00
183.041877 60.00
183.111637 60.00
183.186628 60.00
183.246263 60.00
183.305252 60.00
183.361060 60.00
183.425788 60.00
183.484876 60.00
183.550126 60.00
183.613882 60.00
183.674771 60.00
183.733522 60.00
183.802506 60.00
183.876522 60.00
183.935634 60.00
183.994523 60.00
184.049920 60.00
184.103885 60.00
184.168143 60.00
184.229014 60.00
184.293669 60.00
184.360019 60.00
184.426013 60.00
184.487145 60.00
184.542533 60.00
184.599013 60.00
184.663549 60.00
184.716455 60.00
184.777142 60.00
184.836432 60.00
184.901668 60.00
184.968267 60.00
185.034675 60.00
185.094269 60.00
185.144550 60.00
185.204272 60.00
185.274277 60.00
185.330026 60.00
185.404910 60.00
185.478781 60.00
185.529392 60.00
185.592895 60.00
185.666655 60.00
185.725145 60.00
185.788644 60.00
185.841896 60.00
185.915646 60.00
185.968897 60.00
186.042647 60.00
186.096030 60.00
186.164651 60.00
186.217898 60.00
186.291647 60.00
186.346647 60.00
186.410275 60.00
186.473774 60.00
186.544155 60.00
186.602653 60.00
186.657657 60.00
186.717408 60.00
186.782661 60.00
186.841032 59.00
186.909656 59.00
186.968030 60.00
187.028154 60.00
187.083161 60.00
187.138158 60.00
187.192664 60.00
187.243286 60.00
187.306783 60.00
187.377296 60.00
187.430785 60.00
187.504549 60.00
187.560037 60.00
187.624919 60.00
187.694667 60.00
187.753802 60.00
187.812800 60.00
187.877040 60.00
187.926913 60.00
187.981786 60.00
188.040806 60.00
188.115448 60.00
188.177847 60.00
188.237581 60.00
188.298818 60.00
188.360295 60.00
188.430484 60.00
188.495291 60.00
188.554039 60.00
188.607917 60.00
188.682290 60.00
188.743815 60.00
188.818293 60.00
188.882455 60.00
188.956807 60.00
189.015813 60.00
189.074811 60.00
189.141303 60.00
189.200816 60.00
189.271054 60.00
189.325297 60.00
189.384296 60.00
189.453690 60.00
189.517929 60.00
189.582821 60.00
189.641924 60.00
189.701492 60.00
189.760927 60.00
189.814813 60.00
189.873690 60.00
189.937936 59.00
190.002302 59.00
190.072056 60.00
190.133180 60.00
190.198830 60.00
190.264948 60.00
190.314930 60.00
190.370489 60.00
190.440308 60.00
190.495939 60.00
190.555831 60.00
190.616307 60.00
190.667824 60.00
190.722825 60.00
190.777825 60.00
190.852308 60.00
190.908825 60.00
190.963823 60.00
191.018822 60.00
191.093308 60.00
191.158461 60.00
191.223826 60.00
191.282826 60.00
191.346963 60.00
191.416311 60.00
191.480834 60.00
191.550314 60.00
191.625842 60.00
191.690836 60.00
191.750327 60.00
191.815192 60.00
191.869318 60.00
191.940725 60.00
191.999952 60.00
192.064840 60.00
192.123588 60.00
192.187953 60.00
192.241833 60.00
192.301327 60.00
192.365837 60.00
192.424954 60.00
192.475325 60.00
192.539509 60.00
192.600332 60.00
192.665324 60.00
192.735460 60.00
192.799589 60.00
192.863839 60.00
192.922604 60.00
192.986843 60.00
193.045485 60.00
193.114849 60.00
193.179328 60.00
193.248845 60.00
193.302832 60.00
193.372202 60.00
193.432857 60.00
193.482844 60.00
193.541729 60.00
193.611205 60.00
193.675329 60.00
193.739849 60.00
193.798610 60.00
193.858337 60.00
193.922850 60.00
193.977337 60.00
194.042335 60.00
194.112466 60.00
194.177339 60.00
194.242466 60.00
194.312734 60.00
194.366606 60.00
194.427629 60.00
194.486630 60.00
194.558090 60.00
194.623853 60.00
194.683341 60.00
194.742464 60.00
194.814092 60.00
194.869736 60.00
194.928867 60.00
194.983220 60.00
195.044354 60.00
195.105227 60.00
195.166470 60.00
195.231223 60.00
195.296220 60.00
195.355753 60.00
195.410222 60.00
195.475221 60.00
195.544878 60.00
195.600221 60.00
195.674609 60.00
195.735355 60.00
195.800225 60.00
195.875222 60.00
195.934229 60.00
195.999226 60.00
196.063747 60.00
196.118229 60.00
196.187545 60.00
196.247230 60.00
196.306744 60.00
196.366231 60.00
196.431229 60.00
196.490883 60.00
196.555605 59.00
196.614897 59.00
196.679759 60.00
196.744494 60.00
196.804237 60.00
196.869229 60.00
196.939239 60.00
197.004233 60.00
197.069237 60.00
197.134234 60.00
197.204107 60.00
197.268639 60.00
197.327752 60.00
197.382110 60.00
197.446501 60.00
197.516233 60.00
197.580640 60.00
197.634638 60.00
197.689113 60.00
197.753232 60.00
197.823236 60.00
197.885401 60.00
197.939524 60.00
198.009248 60.00
198.075239 60.00
198.134366 60.00
198.199120 60.00
198.263489 60.00
198.317622 60.00
198.373118 60.00
198.433627 60.00
198.489125 60.00
198.553868 60.00
198.617626 60.00
198.677745 60.00
198.732248 60.00
198.781621 60.00
198.841744 60.00
198.887242 60.00
198.937866 60.00
199.001627 60.00
199.061744 60.00
199.107243 60.00
199.163501 60.00
199.232121 60.00
199.285371 60.00
199.359120 60.00
199.412379 60.00
199.486124 60.00
199.544623 60.00
199.608255 60.00
199.676875 60.00
199.740385 60.00
199.814127 60.00
199.867507 60.00
199.936129 60.00
199.989392 60.00
200.063256 60.00
200.131885 60.00
200.195385 60.00
200.269135 60.00
200.324135 60.00
200.377383 60.00
200.451138 60.00
200.511385 60.00
200.574886 60.00
200.640135 60.00
200.695139 60.00
200.750014 60.00
200.810010 60.00
200.863263 60.00
200.928636 60.00
200.992140 60.00
201.047012 60.00
201.107011 60.00
201.160269 60.00
201.230635 60.00
201.285641 60.00
201.344263 60.00
201.418143 60.00
201.474016 60.00
201.527264 60.00
201.592647 60.00
201.638141 60.00
201.688773 60.00
201.757519 60.00
201.817645 60.00
201.863149 60.00
201.913767 60.00
201.977400 60.00
202.042646 60.00
202.088142 60.00
202.138777 60.00
202.202267 60.00
202.276028 60.00
202.329270 60.00
202.403150 60.00
202.477148 60.00
202.542402 60.00
202.611149 60.00
202.670774 60.00
202.734277 60.00
202.808155 60.00
202.882152 60.00
202.956022 60.00
203.009273 60.00
203.083030 60.00
203.136277 60.00
203.210025 60.00
203.284157 60.00
203.349404 60.00
203.418034 60.00
203.471278 60.00
203.545037 60.00
203.599907 60.00
203.663411 60.00
203.721785 60.00
203.780164 60.00
203.850537 60.00
203.914030 60.00
203.968913 60.00
204.022155 60.00
204.092530 60.00
204.147561 60.00
204.202033 60.00
204.251409 60.00
204.306281 60.00
204.374906 60.00
204.428157 60.00
204.498535 60.00
204.553535 60.00
204.599034 60.00
204.649660 60.00
204.713161 60.00
204.783541 60.00
204.829037 60.00
204.879661 60.00
204.943166 60.00
205.016911 60.00
205.070168 60.00
205.143913 60.00
205.197170 60.00
205.270915 60.00
205.324174 60.00
205.397918 60.00
205.451166 60.00
205.524915 60.00
205.578165 60.00
205.651916 60.00
205.705166 60.00
205.778917 60.00
205.832178 60.00
205.905921 60.00
205.960921 60.00
206.015926 60.00
206.070930 60.00
206.125930 60.00
206.180926 60.00
206.235929 60.00
206.290928 60.00
206.364926 60.00
206.419805 60.00
206.479802 60.00
206.533183 60.00
206.596678 60.00
206.661810 60.00
206.715055 60.00
206.785435 60.00
206.830933 60.00
206.881555 60.00
206.945062 60.00
207.015432 60.00
207.073938 60.00
207.124559 60.00
207.188057 60.00
207.261933 60.00
207.312566 60.00
207.376063 60.00
207.446443 60.00
207.491938 60.00
207.542560 60.00
207.606060 60.00
207.679813 60.00
207.733060 60.00
207.797061 60.00
207.860936 60.00
207.925484 60.00
207.989824 60.00
208.060194 60.00
208.119834 60.00
208.190194 60.00
208.254707 60.00
208.313583 60.00
208.367187 60.00
208.431495 60.00
208.490582 60.00
208.549602 60.00
208.614192 60.00
208.688834 60.00
208.748321 60.00
208.807569 60.00
208.872068 60.00
208.940956 60.00
209.010585 60.00
209.075956 60.00
209.140699 60.00
209.206321 60.00
209.260204 60.00
209.315841 60.00
209.374605 60.00
209.433947 60.00
209.498331 60.00
209.548595 60.00
209.612450 60.00
209.666740 60.00
209.736593 60.00
209.796209 60.00
209.855482 60.00
209.919479 60.00
209.976324 60.00
210.025951 60.00
210.090077 60.00
210.145075 60.00
210.200204 60.00
210.264623 60.00
210.318729 60.00
210.378207 60.00
210.437214 60.00
210.494458 60.00
210.563745 60.00
210.628733 60.00
210.703600 60.00
210.767486 60.00
210.831491 60.00
210.900833 60.00
210.969959 60.00
211.028956 60.00
211.097958 60.00
211.162085 60.00
211.225848 60.00
211.299962 60.00
211.363885 60.00
211.435338 60.00
211.509857 60.00
211.575758 60.00
211.644974 60.00
211.704632 60.00
211.769090 60.00
211.823620 60.00
211.883110 60.00
211.937218 60.00
211.997880 60.00
212.051858 60.00
212.115859 60.00
212.185105 60.00
212.239636 60.00
212.303842 60.00
212.364378 60.00
212.433861 60.00
212.508977 60.00
212.574737 60.00
212.643759 60.00
212.708735 60.00
212.763741 60.00
212.818972 60.00
212.877981 60.00
212.943976 60.00
213.013639 60.00
213.083618 60.00
213.134612 60.00
213.199657 60.00
213.259229 60.00
213.314748 60.00
213.384981 60.00
213.454761 60.00
213.509979 60.00
213.569235 60.00
213.619627 60.00
213.679116 60.00
213.733615 60.00
213.798627 60.00
213.859928 60.00
213.924751 60.00
213.988872 60.00
214.047981 60.00
214.108881 60.00
214.178609 60.00
214.237619 60.00
214.298882 60.00
214.357997 60.00
214.412548 60.00
214.473864 60.00
214.533557 60.00
214.594866 60.00
214.654622 60.00
214.719538 60.00
214.778866 60.00
214.845242 60.00
214.915123 60.00
214.971121 59.00
215.030530 59.00
215.095626 60.00
215.154993 60.00
215.219403 59.00
215.274866 59.00
215.335113 60.00
215.390116 60.00
215.459377 60.00
215.524868 60.00
215.579866 60.00
215.638872 60.00
215.697868 60.00
215.752994 60.00
215.802868 60.00
215.871499 60.00
215.924745 60.00
215.995121 60.00
216.040625 60.00
216.091247 60.00
216.154754 60.00
216.223501 60.00
216.276747 60.00
216.350497 60.00
216.403748 60.00
216.477500 60.00
216.530760 60.00
216.604503 60.00
216.657751 60.00
216.731505 60.00
216.784753 60.00
216.858510 60.00
216.911755 60.00
216.985513 60.00
217.044005 60.00
217.107511 60.00
217.162509 60.00
217.217506 60.00
217.270754 60.00
217.344506 60.00
217.399507 60.00
217.454506 60.00
217.509513 60.00
217.564509 60.00
217.619385 60.00
217.679403 60.00
217.739385 60.00
217.799393 60.00
217.862883 60.00
217.916780 60.00
217.975779 60.00
218.040453 60.00
218.099889 60.00
218.163511 60.00
218.212885 60.00
218.281510 60.00
218.332138 60.00
218.395637 60.00
218.466013 60.00
218.511514 60.00
218.562137 60.00
218.625638 60.00
218.696013 60.00
218.741514 60.00
218.792139 60.00
218.855640 60.00
218.926015 60.00
218.971517 60.00
219.022142 60.00
219.085641 60.00
219.156018 60.00
219.201517 60.00
219.252143 60.00
219.315644 60.00
219.389395 60.00
219.442644 60.00
219.516395 60.00
219.569645 60.00
219.643396 60.00
219.696646 60.00
219.770397 60.00
219.823646 60.00
219.897398 60.00
219.950649 60.00
220.024399 60.00
220.079402 60.00
220.134401 60.00
220.189403 60.00
220.247903 60.00
220.311411 60.00
220.366411 60.00
220.421407 60.00
220.476282 60.00
220.536281 60.00
220.596287 60.00
220.654785 60.00
220.723407 60.00
220.772785 60.00
220.841532 60.00
220.911908 60.00
220.965157 60.00
221.023540 60.00
221.093912 60.00
221.148909 60.00
221.203910 60.00
221.249537 60.00
221.323292 60.00
221.376537 60.00
221.450296 60.00
221.503538 60.00
221.577286 60.00
221.630541 60.00
221.699289 60.00
221.752546 60.00
221.826293 60.00
221.879541 60.00
221.948294 60.00
222.001543 60.00
222.075300 60.00
222.128545 60.00
222.202297 60.00
222.255547 60.00
222.329300 60.00
222.382550 60.00
222.456296 60.00
222.509554 60.00
222.583295 60.00
222.636546 60.00
222.710296 60.00
222.765303 60.00
222.818554 60.00
222.892307 60.00
222.947307 60.00
223.002300 60.00
223.057305 60.00
223.112305 60.00
223.165552 60.00
223.229054 60.00
223.287428 60.00
223.356057 60.00
223.414432 60.00
223.479562 60.00
223.544810 60.00
223.599431 60.00
223.668062 60.00
223.726433 60.00
223.796811 60.00
223.851808 60.00
223.906814 60.00
223.961815 60.00
224.007309 60.00
224.056691 60.00
224.116815 60.00
224.162436 60.00
224.232808 60.00
224.291184 60.00
224.344435 60.00
224.414816 60.00
224.460308 60.00
224.510932 60.00
224.574434 60.00
224.648183 60.00
224.701434 60.00
224.771812 60.00
224.817309 60.00
224.876934 60.00
224.940436 60.00
225.014186 60.00
225.067438 60.00
225.141188 60.00
225.194438 60.00
225.268191 60.00
225.321439 60.00
225.395196 60.00
225.448443 60.00
225.522199 60.00
225.575451 60.00
225.649328 60.00
225.717947 60.00
225.773196 60.00
225.826451 60.00
225.900200 60.00
225.955205 60.00
226.010203 60.00
226.065199 60.00
226.126703 60.00
226.179951 60.00
226.245082 60.00
226.298332 60.00
226.363453 60.00
226.428706 60.00
226.483703 60.00
226.538711 60.00
226.584204 60.00
226.634829 60.00
226.693334 60.00
226.763708 60.00
226.809204 60.00
226.867582 60.00
226.927705 60.00
226.982712 60.00
227.037328 60.00
227.107704 60.00
227.153330 60.00
227.223707 60.00
227.269205 60.00
227.325085 60.00
227.378335 60.00
227.452087 60.00
227.515835 60.00
227.579340 60.00
227.653085 60.00
227.706334 60.00
227.780212 60.00
227.839834 60.00
227.903726 60.00
227.957966 60.00
228.022337 60.00
228.083339 60.00
228.147474 60.00
228.212468 60.00
228.282214 60.00
228.352475 60.00
228.422341 60.00
228.487221 60.00
228.546968 60.00
228.611222 60.00
228.685520 60.00
228.749228 60.00
228.808977 60.00
228.868219 60.00
228.925217 60.00
228.994349 60.00
229.056257 60.00
229.105971 60.00
229.174858 60.00
229.233221 60.00
229.303595 60.00
229.359226 60.00
229.418976 60.00
229.478609 60.00
229.539609 60.00
229.589978 60.00
229.649534 60.00
229.708982 60.00
229.773871 60.00
229.838353 60.00
229.893852 60.00
229.952986 60.00
230.017986 60.00
230.088105 60.00
230.148983 60.00
230.209984 60.00
230.269229 60.00
230.333227 60.00
230.406976 60.00
230.465876 60.00
230.529746 60.00
230.583986 60.00
230.653859 60.00
230.728984 60.00
230.803984 60.00
230.857362 60.00
230.920987 60.00
230.974238 60.00
231.038547 60.00
231.099550 60.00
231.156529 60.00
231.222992 60.00
231.283991 60.00
231.343528 60.00
231.402999 60.00
231.458368 60.00
231.517236 60.00
231.581110 60.00
231.655113 60.00
231.719369 60.00
231.778238 60.00
231.842995 60.00
231.898242 60.00
231.959127 60.00
232.018913 60.00
232.083119 60.00
232.157999 60.00
232.217873 60.00
232.277383 60.00
232.331901 60.00
232.401997 60.00
232.472001 60.00
232.531768 60.00
232.595997 60.00
232.645396 60.00
232.704129 60.00
232.774005 60.00
232.833878 60.00
232.903557 60.00
232.968510 60.00
233.023001 60.00
233.098255 60.00
233.168545 60.00
233.233399 60.00
233.294882 60.00
233.369259 60.00
233.439570 60.00
233.504429 60.00
233.558904 60.00
233.620148 60.00
233.674420 60.00
233.728916 60.00
233.798632 60.00
233.869919 60.00
233.934902 60.00
233.992206 59.00
234.051927 59.00
234.107132 60.00
234.171784 60.00
234.238639 60.00
234.293635 60.00
234.358892 60.00
234.418262 60.00
234.472789 60.00
234.532456 60.00
234.606904 60.00
234.666136 60.00
234.725260 60.00
234.779424 60.00
234.835266 60.00
234.885139 60.00
234.944262 60.00
234.998012 60.00
235.062136 60.00
235.122417 60.00
235.168137 60.00
235.222013 60.00
235.281138 60.00
235.341416 60.00
235.392796 60.00
235.452140 60.00
235.506141 60.00
235.560268 60.00
235.614155 60.00
235.684273 60.00
235.738270 60.00
235.792020 60.00
235.851788 60.00
235.910790 60.00
235.975145 60.00
236.029271 60.00
236.093646 60.00
236.158023 60.00
236.226778 60.00
236.280278 60.00
236.339668 60.00
236.410158 60.00
236.482028 60.00
236.552472 60.00
236.619045 60.00
236.673825 60.00
236.735578 60.00
236.795155 60.00
236.860164 60.00
236.921446 60.00
236.993583 60.00
237.053284 60.00
237.109448 60.00
237.163529 60.00
237.223030 60.00
237.289588 60.00
237.349285 60.00
237.405476 60.00
237.465166 60.00
237.519553 60.00
237.575417 60.00
237.635165 60.00
237.689679 60.00
237.745165 60.00
237.799541 60.00
237.854910 60.00
237.919170 60.00
237.977800 60.00
238.037168 60.00
238.087036 60.00
238.151038 60.00
238.207963 60.00
238.261913 60.00
238.321296 60.00
238.371690 60.00
238.436039 60.00
238.490914 60.00
238.554805 60.00
238.611174 60.00
238.670559 60.00
238.721417 60.00
238.785917 60.00
238.850419 60.00
238.911176 60.00
238.965695 60.00
239.035689 60.00
239.106056 60.00
239.176173 60.00
239.241057 60.00
239.306050 60.00
239.381172 60.00
239.447815 60.00
239.513930 60.00
239.575448 60.00
239.635185 60.00
239.691497 60.00
239.751177 60.00
239.807489 60.00
239.872575 60.00
239.933802 60.00
239.993619 60.00
240.054949 60.00
240.119590 60.00
240.179594 60.00
240.243707 60.00
240.303614 60.00
240.368596 60.00
240.428610 60.00
240.493617 60.00
240.557930 60.00
240.622433 60.00
240.681460 60.00
240.746615 60.00
240.811182 60.00
240.860697 60.00
240.924698 60.00
240.993933 60.00
241.049060 60.00
241.098699 60.00
241.149308 60.00
241.211309 60.00
241.266308 60.00
241.326437 60.00
241.377467 60.00
241.432311 60.00
241.487470 60.00
241.538310 60.00
241.607437 60.00
241.672938 60.00
241.728063 60.00
241.787065 60.00
241.840829 60.00
241.904938 60.00
241.968938 60.00
242.027939 60.00
242.082941 60.00
242.141940 60.00
242.212071 60.00
242.271319 60.00
242.341200 60.00
242.411323 60.00
242.475988 60.00
242.541076 60.00
242.595323 60.00
242.655082 60.00
242.709325 60.00
242.763449 60.00
242.827954 60.00
242.888826 60.00
242.947864 60.00
243.008592 60.00
243.067957 60.00
243.122456 60.00
243.181843 60.00
243.240951 60.00
243.299590 60.00
243.358959 60.00
243.419592 60.00
243.489087 60.00
243.562457 60.00
243.631964 60.00
243.686463 60.00
243.751458 60.00
243.806962 60.00
243.861461 60.00
243.920725 60.00
243.979966 60.00
244.044458 60.00
244.119469 60.00
244.178850 60.00
244.242723 60.00
244.301959 60.00
244.360731 60.00
244.430712 60.00
244.495085 60.00
244.545467 60.00
244.610339 60.00
244.665848 60.00
244.741468 60.00
244.816608 60.00
244.895092 60.00
244.969601 60.00
245.039215 60.00
245.102857 60.00
245.172337 60.00
245.236339 60.00
245.300339 60.00
245.374607 60.00
245.449736 60.00
245.520717 60.00
245.576745 60.00
245.641847 60.00
245.700888 60.00
245.755381 60.00
245.814867 60.00
245.879746 60.00
245.944745 60.00
246.009761 60.00
246.074749 60.00
246.140740 60.00
246.211108 60.00
246.270854 60.00
246.335875 60.00
246.390362 60.00
246.449986 60.00
246.500367 60.00
246.565228 60.00
246.620879 60.00
246.675362 60.00
246.740369 60.00
246.805367 60.00
246.864980 60.00
246.930638 60.00
246.990232 60.00
247.052615 60.00
247.112384 60.00
247.173644 60.00
247.233371 60.00
247.298368 60.00
247.368537 60.00
247.434883 60.00
247.493986 60.00
247.549375 60.00
247.620609 60.00
247.690532 60.00
247.760757 60.00
247.825867 60.00
247.880369 60.00
247.945376 60.00
248.009868 60.00
248.069364 60.00
248.139562 60.00
248.209760 60.00
248.269371 60.00
248.336118 60.00
248.395875 60.00
248.452119 60.00
248.516633 60.00
248.581381 60.00
248.645615 60.00
248.719516 60.00
248.779518 60.00
248.853880 60.00
248.912634 60.00
248.971368 60.00
249.035634 60.00
249.095993 60.00
249.170243 60.00
249.239520 60.00
249.304246 60.00
249.369525 60.00
249.439250 60.00
249.504764 60.00
249.560125 60.00
249.619644 60.00
249.684257 60.00
249.749253 60.00
249.808521 60.00
249.868256 60.00
249.933255 60.00
249.992781 60.00
250.052634 60.00
250.116753 60.00
250.166646 60.00
250.225767 60.00
250.290126 60.00
250.343643 60.00
250.402774 60.00
250.456520 60.00
250.526003 60.00
250.600253 60.00
250.669530 60.00
250.733533 60.00
250.803383 60.00
250.867523 60.00
250.936536 60.00
251.000536 60.00
251.069781 60.00
251.134134 60.00
251.198260 60.00
251.262510 60.00
251.326387 60.00
251.390786 60.00
251.460136 60.00
251.519403 60.00
251.584265 60.00
251.655927 60.00
251.715561 60.00
251.776402 60.00
251.841276 60.00
251.902033 60.00
251.962647 60.00
252.018021 60.00
252.073396 60.00
252.134267 60.00
252.199018 60.00
252.259551 60.00
252.313649 60.00
252.377893 60.00
252.442569 60.00
252.508649 60.00
252.562792 60.00
252.651522 60.00
252.710651 60.00
252.775713 60.00
252.837911 60.00
252.913163 60.00
252.977271 60.00
253.052403 60.00
253.116666 60.00
253.170818 60.00
253.235811 60.00
253.305693 60.00
253.360156 60.00
253.425028 60.00
253.495159 60.00
253.565549 60.00
253.635557 60.00
253.707413 60.00
253.777418 60.00
253.837166 60.00
253.896804 60.00
253.963414 60.00
254.029685 60.00
254.085168 60.00
254.146168 60.00
254.208911 60.00
254.268699 60.00
254.329682 60.00
254.384909 60.00
254.444412 60.00
254.506661 60.00
254.565588 60.00
254.625167 60.00
254.680286 60.00
254.739579 60.00
254.795039 60.00
254.859414 60.00
254.920043 60.00
254.979289 60.00
255.043692 60.00
255.094045 60.00
255.158916 60.00
255.214690 60.00
255.265047 60.00
255.330051 60.00
255.389695 60.00
255.440047 60.00
255.505049 60.00
255.565050 60.00
255.629930 60.00
255.705298 60.00
255.779929 60.00
255.845055 60.00
255.900694 60.00
255.965602 60.00
256.030677 60.00
256.096493 60.00
256.161588 60.00
256.222691 60.00
256.286935 60.00
256.361924 60.00
256.428307 60.00
256.483927 60.00
256.553299 60.00
256.612300 60.00
256.676174 60.00
256.740929 60.00
256.799302 60.00
256.863302 60.00
256.924054 60.00
256.988061 60.00
257.054309 60.00
257.120357 60.00
257.181181 60.00
257.241058 60.00
257.305441 60.00
257.359937 60.00
257.421183 60.00
257.482710 60.00
257.542456 60.00
257.601538 60.00
257.662457 60.00
257.716185 60.00
257.775182 60.00
257.835587 60.00
257.885057 60.00
257.937586 60.00
257.983307 60.00
258.043594 60.00
258.089309 60.00
258.143061 60.00
258.199321 60.00
258.277942 60.00
258.328706 60.00
258.392939 60.00
258.467830 60.00
258.521947 60.00
258.581316 60.00
258.640326 60.00
258.699190 60.00
258.763441 60.00
258.822736 60.00
258.887318 60.00
258.946067 60.00
259.015503 60.00
259.065841 60.00
259.135950 60.00
259.200952 60.00
259.276329 60.00
259.335823 60.00
259.389320 60.00
259.448069 60.00
259.516945 60.00
259.575948 60.00
259.631201 60.00
259.690072 60.00
259.754197 60.00
259.818198 60.00
259.882454 60.00
259.936954 60.00
260.001201 60.00
260.060201 60.00
260.124827 60.00
260.180086 60.00
260.239862 60.00
260.300830 60.00
260.360333 60.00
260.420209 60.00
260.479863 60.00
260.550209 60.00
260.609331 60.00
260.664856 60.00
260.729724 60.00
260.794465 60.00
260.844875 60.00
260.904207 60.00
260.968080 60.00
261.032080 60.00
261.105956 60.00
261.175083 60.00
261.248958 60.00
261.305208 60.00
261.368959 60.00
261.424960 60.00
261.489210 60.00
261.548088 60.00
261.612634 60.00
261.671094 60.00
261.740361 60.00
261.804605 60.00
261.858859 60.00
261.914218 60.00
261.988869 60.00
262.048534 60.00
262.108218 60.00
262.182854 60.00
262.247215 60.00
262.306217 60.00
262.379094 60.00
262.443364 60.00
262.508093 60.00
262.572735 60.00
262.634099 60.00
262.693849 60.00
262.769105 60.00
262.835228 60.00
262.889767 60.00
262.950983 60.00
263.010867 60.00
263.075750 60.00
263.140747 60.00
263.211108 60.00
263.276108 60.00
263.342103 60.00
263.408381 60.00
263.462978 60.00
263.541233 60.00
263.602105 60.00
263.656103 60.00
263.711239 60.00
263.770511 60.00
263.831233 60.00
263.885750 60.00
263.938364 60.00
263.993638 60.00
264.049108 60.00
264.103107 60.00
264.172753 60.00
264.237106 60.00
264.308756 60.00
264.373521 60.00
264.432764 60.00
264.497762 60.00
264.564376 60.00
264.618894 60.00
264.692238 60.00
264.751760 60.00
264.816742 60.00
264.887120 60.00
264.953535 60.00
265.018110 60.00
265.092986 60.00
265.157111 60.00
265.220991 60.00
265.279990 60.00
265.339247 60.00
265.395534 60.00
265.455117 60.00
265.514767 60.00
265.581549 60.00
265.641251 60.00
265.706251 60.00
265.762374 60.00
265.818378 60.00
265.879124 60.00
265.947004 60.00
266.012999 60.00
266.067121 60.00
266.120995 60.00
266.179869 60.00
266.238885 60.00
266.297995 60.00
266.356995 60.00
266.420996 60.00
266.479996 60.00
266.534887 60.00
266.593872 60.00
266.654375 60.00
266.713379 60.00
266.768542 60.00
266.819519 60.00
266.876003 60.00
266.935259 60.00
267.004517 60.00
267.055540 60.00
267.111006 60.00
267.180688 60.00
267.245639 60.00
267.310508 60.00
267.369775 60.00
267.429561 60.00
267.499544 60.00
267.560913 60.00
267.631009 60.00
267.696013 60.00
267.760777 60.00
267.821912 60.00
267.881556 60.00
267.945886 60.00
268.010551 60.00
268.071640 60.00
268.136017 60.00
268.190577 60.00
268.254888 60.00
268.319563 60.00
268.380768 60.00
268.452400 60.00
268.512023 60.00
268.571559 60.00
268.636394 60.00
268.696018 60.00
268.755543 60.00
268.820651 60.00
268.885397 60.00
268.945024 60.00
269.001274 60.00
269.060905 60.00
269.127155 60.00
269.179274 60.00
269.239028 60.00
269.293585 60.00
269.358562 60.00
269.423572 60.00
269.488569 60.00
269.572406 60.00
269.628031 60.00
269.687421 60.00
269.748024 60.00
269.805275 60.00
269.869399 60.00
269.934912 60.00
270.004400 60.00
270.069524 60.00
270.139026 60.00
270.192912 60.00
270.267678 60.00
270.326668 60.00
270.400902 60.00
270.470279 60.00
270.539697 60.00
270.599032 60.00
270.659814 60.00
270.724912 60.00
270.780801 60.00
270.840416 60.00
270.905598 60.00
270.970421 60.00
271.031818 60.00
271.096911 60.00
271.151418 60.00
271.211039 60.00
271.270424 60.00
271.335416 60.00
271.407163 60.00
271.471936 60.00
271.526418 60.00
271.585681 60.00
271.645425 60.00
271.705043 60.00
271.759425 60.00
271.826167 60.00
271.890917 60.00
271.946422 60.00
272.011294 60.00
272.071926 60.00
272.126429 60.00
272.186045 60.00
272.246822 60.00
272.312925 60.00
272.377954 60.00
272.442928 60.00
272.497466 60.00
272.567450 60.00
272.632427 60.00
272.691932 60.00
272.746426 60.00
272.811428 60.00
272.872682 60.00
272.932429 60.00
272.993569 60.00
273.063929 60.00
273.118429 60.00
273.177934 60.00
273.232438 60.00
273.297303 60.00
273.372702 60.00
273.432433 60.00
273.497459 60.00
273.564185 60.00
273.623931 60.00
273.678309 60.00
273.741183 60.00
273.800691 60.00
273.860442 60.00
273.921596 60.00
273.996715 60.00
274.053571 60.00
274.117576 60.00
274.181699 60.00
274.245697 60.00
274.304572 60.00
274.359698 60.00
274.418432 60.00
274.477705 60.00
274.536435 60.00
274.595944 60.00
274.646327 60.00
274.705703 60.00
274.765317 60.00
274.835710 60.00
274.905716 60.00
274.971837 60.00
275.036190 60.00
275.095449 60.00
275.156317 60.00
275.226321 60.00
275.291320 60.00
275.350837 60.00
275.405327 60.00
275.466613 60.00
275.535448 60.00
275.600322 60.00
275.664848 60.00
275.719329 60.00
275.784323 60.00
275.843857 60.00
275.908731 60.00
275.968197 60.00
276.021570 60.00
276.091197 60.00
276.155197 60.00
276.219333 60.00
276.291820 60.00
276.355320 60.00
276.419713 60.00
276.483719 60.00
276.553201 60.00
276.617451 60.00
276.677205 60.00
276.742208 60.00
276.806858 60.00
276.861203 60.00
276.922622 60.00
276.983961 60.00
277.043745 60.00
277.112455 60.00
277.171595 60.00
277.236202 60.00
277.295208 60.00
277.359736 60.00
277.418455 60.00
277.477610 60.00
277.529464 60.00
277.589084 60.00
277.648642 60.00
277.713738 60.00
277.763730 60.00
277.828635 60.00
277.894731 60.00
277.954360 60.00
278.015373 60.00
278.099215 60.00
278.152459 60.00
278.222463 60.00
278.286738 60.00
278.341224 60.00
278.430215 60.00
278.495217 60.00
278.560218 60.00
278.619340 60.00
278.683605 60.00
278.747463 60.00
278.831218 60.00
278.905467 60.00
278.972616 60.00
279.026465 60.00
279.090466 60.00
279.154470 60.00
279.218349 60.00
279.293218 60.00
279.357720 60.00
279.416468 60.00
279.480513 60.00
279.544470 60.00
279.608627 60.00
279.662742 60.00
279.721629 60.00
279.781228 60.00
279.847869 60.00
279.922980 60.00
279.978521 60.00
280.039227 60.00
280.103508 60.00
280.157755 60.00
280.213103 60.00
280.272752 60.00
280.328232 60.00
280.383355 60.00
280.442355 60.00
280.497355 60.00
280.557860 60.00
280.622748 60.00
280.683104 60.00
280.741979 60.00
280.800981 60.00
280.865104 60.00
280.918633 60.00
280.968362 60.00
281.032521 60.00
281.086361 60.00
281.156108 60.00
281.209362 60.00
281.268365 60.00
281.338110 60.00
281.397110 60.00
281.461362 60.00
281.520365 60.00
281.584590 60.00
281.643516 60.00
281.702364 60.00
281.761523 60.00
281.820365 60.00
281.884521 60.00
281.938506 60.00
281.997489 60.00
282.064120 60.00
282.129119 60.00
282.183002 60.00
282.244379 60.00
282.309120 60.00
282.375373 60.00
282.436872 60.00
282.506629 60.00
282.560999 60.00
282.620372 60.00
282.686119 60.00
282.745119 60.00
282.805647 60.00
282.851370 60.00
282.915524 60.00
282.974522 60.00
283.033245 60.00
283.097246 60.00
283.166246 60.00
283.230564 60.00
283.289249 60.00
283.350007 60.00
283.409382 60.00
283.478399 60.00
283.534007 60.00
283.594379 60.00
283.653637 60.00
283.709421 60.00
283.764128 60.00
283.834012 60.00
283.899010 60.00
283.958574 60.00
284.013011 60.00
284.078010 60.00
284.137385 60.00
284.196635 60.00
284.265896 60.00
284.321561 60.00
284.382509 60.00
284.441569 60.00
284.496010 60.00
284.570258 60.00
284.634259 60.00
284.693388 60.00
284.747259 60.00
284.807015 60.00
284.868017 60.00
284.927138 60.00
285.009885 60.00
285.073903 60.00
285.137901 60.00
285.201887 60.00
285.274262 60.00
285.333265 60.00
285.397390 60.00
285.456266 60.00
285.515140 60.00
285.579396 60.00
285.635148 60.00
285.689016 60.00
285.744154 60.00
285.805647 60.00
285.865397 60.00
285.915270 60.00
285.974143 60.00
286.038395 60.00
286.097402 60.00
286.151917 60.00
286.211146 60.00
286.280146 60.00
286.339271 60.00
286.393022 60.00
286.468278 60.00
286.538571 60.00
286.603582 60.00
286.673909 60.00
286.733278 60.00
286.787150 60.00
286.846401 60.00
286.910403 60.00
286.964150 60.00
287.032900 60.00
287.110152 60.00
287.174153 60.00
287.237902 60.00
287.296668 60.00
287.361279 60.00
287.419905 60.00
287.478671 60.00
287.537278 60.00
287.601029 60.00
287.675032 60.00
287.734031 60.00
287.798282 60.00
287.852157 60.00
287.916162 60.00
287.980678 60.00
288.050159 60.00
288.109421 60.00
288.168663 60.00
288.232803 60.00
288.292292 60.00
288.346795 60.00
288.411558 60.00
288.491609 60.00
288.551166 60.00
288.610039 60.00
288.674427 60.00
288.724164 60.00
288.788039 60.00
288.847164 60.00
288.911040 60.00
288.972044 60.00
289.038420 60.00
289.088179 60.00
289.148419 60.00
289.204813 60.00
289.268926 60.00
289.334821 60.00
289.399817 60.00
289.470177 60.00
289.536301 60.00
289.590048 60.00
289.649822 60.00
289.720052 60.00
289.784932 60.00
289.855183 60.00
289.921177 60.00
289.975175 60.00
290.035934 60.00
290.099925 60.00
290.170180 60.00
290.235307 60.00
290.296621 60.00
290.358074 60.00
290.417931 60.00
290.479583 60.00
290.539312 60.00
290.593824 60.00
290.658572 60.00
290.718057 60.00
290.778930 60.00
290.838056 60.00
290.902559 60.00
290.971308 60.00
291.025068 60.00
291.089577 60.00
291.143709 60.00
291.208716 60.00
291.269811 60.00
291.330961 60.00
291.390583 60.00
291.455076 60.00
291.516442 60.00
291.576190 60.00
291.635716 60.00
291.700717 60.00
291.765710 60.00
291.824957 60.00
291.880323 60.00
291.935578 60.00
291.999960 60.00
292.060699 60.00
292.130818 60.00
292.201071 60.00
292.267321 60.00
292.317722 60.00
292.382720 60.00
292.447569 60.00
292.516595 60.00
292.572194 60.00
292.625942 60.00
292.685067 60.00
292.749069 60.00
292.804069 60.00
292.859069 60.00
292.917946 60.00
292.982071 60.00
293.056844 60.00
293.120947 60.00
293.184946 60.00
293.245839 60.00
293.319963 60.00
293.384202 60.00
293.448481 60.00
293.512479 60.00
293.571455 60.00
293.626979 60.00
293.681075 60.00
293.734955 60.00
293.798952 60.00
293.864867 60.00
293.924206 60.00
293.988765 60.00
294.058966 60.00
294.124852 60.00
294.190868 60.00
294.245085 60.00
294.298878 60.00
294.358081 60.00
294.413330 60.00
294.477485 60.00
294.532331 60.00
294.591332 60.00
294.655458 60.00
294.719962 60.00
294.778852 60.00
294.847753 60.00
294.911751 60.00
294.962334 60.00
295.026463 60.00
295.086602 60.00
295.137336 60.00
295.201461 60.00
295.270730 60.00
295.321464 60.00
295.385467 60.00
295.436464 60.00
295.500214 60.00
295.545736 60.00
295.605090 60.00
295.663619 60.00
295.732858 60.00
295.796608 60.00
295.855216 60.00
295.924611 60.00
295.983352 60.00
296.043769 60.00
296.107737 60.00
296.181735 60.00
296.255986 60.00
296.319760 60.00
296.388869 60.00
296.447737 60.00
296.516622 60.00
296.575353 60.00
296.630875 60.00
296.694741 60.00
296.758974 60.00
296.812975 60.00
296.866974 60.00
296.920975 60.00
296.974978 60.00
297.028975 60.00
297.088104 60.00
297.141980 60.00
297.195869 60.00
297.254977 60.00
297.304876 60.00
297.359979 60.00
297.413980 60.00
297.467862 60.00
297.526980 60.00
297.582362 60.00
297.642886 60.00
297.708990 60.00
297.768363 60.00
297.829116 60.00
297.879559 60.00
297.938987 60.00
297.996256 60.00
298.055995 60.00
298.110535 60.00
298.171810 60.00
298.230876 60.00
298.289876 60.00
298.353863 60.00
298.412737 60.00
298.471862 60.00
298.536887 60.00
298.606632 60.00
298.675755 60.00
298.739864 60.00
298.798990 60.00
298.868376 60.00
298.938378 60.00
299.004551 60.00
299.074766 60.00
299.139245 60.00
299.198999 60.00
299.258892 60.00
299.318387 60.00
299.388540 60.00
299.458768 60.00
299.523897 60.00
299.583755 60.00
299.646124 60.00
299.715765 60.00
299.775246 60.00
299.834246 60.00
299.893246 60.00
299.952247 60.00
300.021763 60.00
300.080763 60.00
300.139765 60.00
300.198765 60.00
300.257766 60.00
300.312766 60.00
300.367767 60.00
300.422768 60.00
300.477768 60.00
300.532768 60.00
300.587765 60.00
300.642768 60.00
300.697769 60.00
300.757253 60.00
300.817771 60.00
300.887254 60.00
300.940770 60.00
301.004769 60.00
301.059779 60.00
301.114770 60.00
301.169883 60.00
301.228887 60.00
301.278883 60.00
301.334640 60.00
301.404781 60.00
301.463778 60.00
301.525139 60.00
301.589909 60.00
301.651138 60.00
301.715890 60.00
301.775433 60.00
301.839779 60.00
301.903777 60.00
301.962778 60.00
302.021894 60.00
302.081264 60.00
302.145436 60.00
302.209782 60.00
302.274141 60.00
302.343422 60.00
302.413646 60.00
302.479790 60.00
302.539278 60.00
302.604280 60.00
302.669147 60.00
302.728797 60.00
302.783280 60.00
302.848275 60.00
302.923651 60.00
302.989792 60.00
303.043651 60.00
303.108898 60.00
303.154405 60.00
303.214522 60.00
303.274276 60.00
303.344149 60.00
303.397902 60.00
303.467283 60.00
303.532277 60.00
303.602283 60.00
303.672676 60.00
303.738682 60.00
303.814289 60.00
303.875575 60.00
303.945683 60.00
304.010684 60.00
304.079797 60.00
304.134286 60.00
304.199032 60.00
304.270037 60.00
304.329804 60.00
304.389284 60.00
304.464290 60.00
304.534689 60.00
304.594161 60.00
304.653807 60.00
304.708293 60.00
304.767552 60.00
304.836435 60.00
304.900436 60.00
304.969534 60.00
305.038609 60.00
305.102440 60.00
305.177162 60.00
305.232163 60.00
305.292487 60.00
305.352169 60.00
305.411562 60.00
305.470590 60.00
305.531167 60.00
305.591812 60.00
305.652167 60.00
305.717697 60.00
305.772043 60.00
305.832829 60.00
305.883180 60.00
305.948170 60.00
306.007823 60.00
306.072836 60.00
306.137823 60.00
306.202818 60.00
306.253174 60.00
306.318173 60.00
306.383176 60.00
306.448061 60.00
306.518181 60.00
306.593619 60.00
306.663819 60.00
306.728713 60.00
306.783180 60.00
306.848052 60.00
306.923626 60.00
306.988696 60.00
307.053615 60.00
307.125492 60.00
307.190178 60.00
307.255182 60.00
307.316182 60.00
307.377503 60.00
307.437184 60.00
307.496578 60.00
307.561057 60.00
307.625193 60.00
307.690185 60.00
307.755065 60.00
307.816311 60.00
307.881186 60.00
307.942483 60.00
308.008708 60.00
308.064196 60.00
308.121316 60.00
308.181065 60.00
308.245577 60.00
308.297316 60.00
308.357066 60.00
308.427072 60.00
308.491950 60.00
308.547607 60.00
308.597725 60.00
308.648069 60.00
308.708068 60.00
308.768602 60.00
308.833609 60.00
308.887945 60.00
308.944451 60.00
309.010651 60.00
309.075713 60.00
309.140598 60.00
309.195203 60.00
309.259946 60.00
309.319595 60.00
309.379488 60.00
309.449481 60.00
309.504076 60.00
309.569076 60.00
309.633764 60.00
309.698720 60.00
309.753076 60.00
309.817324 60.00
309.876323 60.00
309.941074 60.00
310.005599 60.00
310.065082 60.00
310.124327 60.00
310.194457 60.00
310.259600 60.00
310.319088 60.00
310.380080 60.00
310.446618 60.00
310.507338 60.00
310.573614 60.00
310.629459 60.00
310.685336 60.00
310.751478 60.00
310.805960 60.00
310.865465 60.00
310.915627 60.00
310.967729 60.00
311.026628 60.00
311.078084 60.00
311.135211 60.00
311.200087 60.00
311.257085 60.00
311.316585 60.00
311.375469 60.00
311.429858 60.00
311.491088 60.00
311.546479 60.00
311.600967 60.00
311.667734 60.00
311.742212 60.00
311.806470 60.00
311.870856 60.00
311.934856 60.00
311.994357 60.00
312.063855 60.00
312.127859 60.00
312.192215 60.00
312.256656 60.00
312.326533 60.00
312.385735 60.00
312.450217 60.00
312.509514 60.00
312.578969 60.00
312.643218 60.00
312.707865 60.00
312.766976 60.00
312.831979 60.00
312.896220 60.00
312.959969 60.00
313.023860 60.00
313.082219 60.00
313.151990 60.00
313.211356 60.00
313.275355 60.00
313.327098 60.00
313.392975 60.00
313.448364 60.00
313.502870 60.00
313.577872 60.00
313.631893 60.00
313.693111 60.00
313.757855 60.00
313.813364 60.00
313.867886 60.00
313.929106 60.00
313.993880 60.00
314.049381 60.00
314.110140 60.00
314.160382 60.00
314.225235 60.00
314.289749 60.00
314.361656 60.00
314.421523 60.00
314.471640 60.00
314.531368 60.00
314.596238 60.00
314.660891 60.00
314.725904 60.00
314.785365 60.00
314.850242 60.00
314.915373 60.00
314.969864 60.00
315.029370 60.00
315.083890 60.00
315.148865 60.00
315.213891 60.00
315.283994 60.00
315.343115 60.00
315.407238 60.00
315.461113 60.00
315.524863 60.00
315.583642 60.00
315.642631 60.00
315.706633 60.00
315.765760 60.00
315.824635 60.00
315.888632 60.00
315.952885 60.00
316.011758 60.00
316.075757 60.00
316.129764 60.00
316.189760 60.00
316.253763 60.00
316.314120 60.00
316.378127 60.00
316.442771 60.00
316.507123 60.00
316.573556 60.00
316.633258 60.00
316.687752 60.00
316.757777 60.00
316.824550 60.00
316.889137 60.00
316.955254 60.00
317.015256 60.00
317.074783 60.00
317.141573 60.00
317.201256 60.00
317.260784 60.00
317.325794 60.00
317.390545 60.00
317.460781 60.00
317.525557 60.00
317.590010 60.00
317.649777 60.00
317.714778 60.00
317.779452 60.00
317.849791 60.00
317.909134 60.00
317.979139 60.00
318.043261 60.00
318.097009 60.00
318.156133 60.00
318.210132 60.00
318.264133 60.00
318.322901 60.00
318.392010 60.00
318.461135 60.00
318.524900 60.00
318.588886 60.00
318.657886 60.00
318.722137 60.00
318.776012 60.00
318.844888 60.00
318.909013 60.00
318.973642 60.00
319.032454 60.00
319.087892 60.00
319.152787 60.00
319.208091 60.00
319.267792 60.00
319.328651 60.00
319.393652 60.00
319.453294 60.00
319.509274 60.00
319.563676 60.00
319.623275 60.00
319.684277 60.00
319.734678 60.00
319.799686 60.00
319.860918 60.00
319.931030 60.00
319.997152 60.00
320.047150 60.00
320.100899 60.00
320.160283 60.00
320.209900 60.00
320.280032 60.00
320.345281 60.00
320.400687 60.00
320.471040 60.00
320.537031 60.00
320.606437 60.00
320.665688 60.00
320.734903 60.00
320.798904 60.00
320.868696 60.00
320.932905 60.00
320.997034 60.00
321.071436 60.00
321.135436 60.00
321.200034 60.00
321.263909 60.00
321.333586 60.00
321.397927 60.00
321.461799 60.00
321.531157 60.00
321.589910 60.00
321.654812 60.00
321.714578 60.00
321.773912 60.00
321.832910 60.00
321.893802 60.00
321.957915 60.00
322.027579 60.00
322.086929 60.00
322.146597 60.00
322.211586 60.00
322.281570 60.00
322.346591 60.00
322.411585 60.00
322.471176 60.00
322.521704 60.00
322.577048 60.00
322.636452 60.00
322.691465 60.00
322.750448 60.00
322.807825 60.00
322.867594 60.00
322.926922 60.00
322.985923 60.00
323.040920 60.00
323.106051 60.00
323.161579 60.00
323.226742 60.00
323.287466 60.00
323.344182 60.00
323.394711 60.00
323.450178 60.00
323.510934 60.00
323.570705 60.00
323.631469 60.00
323.692184 60.00
323.757060 60.00
323.811469 60.00
323.862462 60.00
323.913712 60.00
323.983461 60.00
324.055310 60.00
324.115060 60.00
324.174306 60.00
324.234061 60.00
324.288582 60.00
324.353593 60.00
324.420311 60.00
324.480061 60.00
324.534495 60.00
324.595842 60.00
324.655484 60.00
324.725489 60.00
324.790487 60.00
324.849937 60.00
324.909834 60.00
324.971190 60.00
325.030757 60.00
325.090486 60.00
325.155482 60.00
325.220071 60.00
325.279949 60.00
325.344837 60.00
325.403830 60.00
325.468481 60.00
325.527831 60.00
325.602315 60.00
325.657834 60.00
325.717073 60.00
325.767319 60.00
325.822945 60.00
325.872833 60.00
325.937948 60.00
325.992492 60.00
326.056840 60.00
326.111944 60.00
326.162071 60.00
326.216865 60.00
326.288754 60.00
326.343074 60.00
326.403457 60.00
326.468332 60.00
326.523845 60.00
326.595490 60.00
326.650700 60.00
326.720074 60.00
326.770457 60.00
326.835455 60.00
326.899860 60.00
326.965847 60.00
327.019951 60.00
327.073845 60.00
327.139741 60.00
327.214328 60.00
327.284459 60.00
327.349333 60.00
327.408091 60.00
327.467851 60.00
327.523461 60.00
327.587858 60.00
327.642335 60.00
327.714209 60.00
327.769457 60.00
327.838869 60.00
327.892850 60.00
327.946854 60.00
328.002638 60.00
328.061729 60.00
328.121341 60.00
328.180881 60.00
328.245337 60.00
328.309600 60.00
328.364462 60.00
328.429960 60.00
328.488630 60.00
328.547463 60.00
328.618086 60.00
328.679961 60.00
328.733461 60.00
328.804088 60.00
328.866088 60.00
328.929855 60.00
328.988763 60.00
329.047636 60.00
329.116338 60.00
329.169590 60.00
329.243339 60.00
329.296590 60.00
329.370340 60.00
329.423590 60.00
329.497341 60.00
329.550592 60.00
329.624348 60.00
329.677593 60.00
329.751350 60.00
329.804594 60.00
329.878350 60.00
329.931595 60.00
330.005350 60.00
330.058597 60.00
330.132348 60.00
330.187349 60.00
330.240598 60.00
330.314500 60.00
330.378628 60.00
330.444627 60.00
330.519353 60.00
330.583642 60.00
330.654504 60.00
330.708228 60.00
330.767231 60.00
330.825978 60.00
330.890105 60.00
330.944109 60.00
331.013763 60.00
331.068236 60.00
331.139985 60.00
331.200765 60.00
331.255237 60.00
331.325236 59.00
331.400636 60.00
331.470882 60.00
331.531243 60.00
331.596259 60.00
331.661113 60.00
331.725619 60.00
331.791882 60.00
331.846631 60.00
331.900889 60.00
331.965872 60.00
332.035635 60.00
332.094756 60.00
332.154116 60.00
332.207751 60.00
332.262245 60.00
332.327245 60.00
332.392776 60.00
332.447247 60.00
332.512246 60.00
332.571507 60.00
332.635519 60.00
332.706523 60.00
332.775518 60.00
332.844526 60.00
332.913522 60.00
332.988248 60.00
333.057763 60.00
333.112253 60.00
333.177250 60.00
333.241769 60.00
333.295765 60.00
333.355122 60.00
333.415634 60.00
333.471129 60.00
333.535518 60.00
333.601901 60.00
333.658908 60.00
333.718426 60.00
333.779008 60.00
333.834649 60.00
333.888773 60.00
333.944004 60.00
334.008139 60.00
334.067523 60.00
334.121634 60.00
334.171524 60.00
334.227135 60.00
334.286797 60.00
334.337008 60.00
334.408884 60.00
334.463013 60.00
334.538578 60.00
334.608782 60.00
334.673777 60.00
334.729016 60.00
334.798136 60.00
334.851884 60.00
334.906011 60.00
334.959526 60.00
335.018429 60.00
335.083141 60.00
335.147645 60.00
335.214139 60.00
335.273515 60.00
335.334455 60.00
335.388793 60.00
335.459017 60.00
335.534575 60.00
335.599644 60.00
335.666149 60.00
335.731151 60.00
335.795896 60.00
335.855018 60.00
335.915903 60.00
335.975425 60.00
336.035025 60.00
336.099646 60.00
336.160425 60.00
336.219267 60.00
336.283422 60.00
336.347425 60.00
336.411422 60.00
336.475269 60.00
336.539270 60.00
336.603426 60.00
336.667271 60.00
336.731426 60.00
336.790272 60.00
336.854428 60.00
336.913721 60.00
336.983273 60.00
337.040276 60.00
337.095447 60.00
337.145276 60.00
337.204690 60.00
337.269673 60.00
337.330029 60.00
337.386696 60.00
337.451694 60.00
337.516447 60.00
337.581448 60.00
337.657033 60.00
337.721601 60.00
337.776035 60.00
337.846448 60.00
337.916031 60.00
337.975043 60.00
338.028280 60.00
338.092440 60.00
338.151446 60.00
338.210438 60.00
338.269438 60.00
338.328448 60.00
338.387036 60.00
338.440284 60.00
338.504450 60.00
338.563440 60.00
338.622285 60.00
338.686290 60.00
338.750442 60.00
338.809441 60.00
338.868287 60.00
338.932162 60.00
339.006039 60.00
339.064914 60.00
339.125568 60.00
339.180444 60.00
339.239290 60.00
339.299445 60.00
339.358446 60.00
339.417291 60.00
339.472294 60.00
339.537557 60.00
339.596168 60.00
339.660627 60.00
339.725465 60.00
339.775297 60.00
339.834309 60.00
339.904592 60.00
339.969589 60.00
340.034174 60.00
340.098577 60.00
340.158813 60.00
340.223604 60.00
340.293176 60.00
340.357497 60.00
340.411952 60.00
340.476930 60.00
340.541490 60.00
340.595950 60.00
340.660823 60.00
340.730937 60.00
340.795939 60.00
340.855577 60.00
340.925180 60.00
340.984305 60.00
341.043178 60.00
341.113312 60.00
341.182825 60.00
341.247060 60.00
341.311182 60.00
341.377308 60.00
341.431317 60.00
341.485831 60.00
341.546833 60.00
341.611441 60.00
341.665956 60.00
341.725313 60.00
341.784063 60.00
341.843186 60.00
341.912828 60.00
341.973613 60.00
342.033070 60.00
342.094101 60.00
342.149449 60.00
342.214452 60.00
342.264835 60.00
342.329845 60.00
342.394977 60.00
342.460712 60.00
342.514845 60.00
342.584954 60.00
342.651613 60.00
342.711451 60.00
342.767204 60.00
342.833071 60.00
342.897593 60.00
342.962324 60.00
343.021071 60.00
343.085196 60.00
343.150199 60.00
343.214470 60.00
343.279326 60.00
343.340329 60.00
343.399960 60.00
343.471846 60.00
343.541702 60.00
343.595855 60.00
343.657154 60.00
343.716705 60.00
343.776459 60.00
343.841462 60.00
343.906457 60.00
343.971333 60.00
344.035959 60.00
344.110599 60.00
344.174865 60.00
344.234730 60.00
344.294332 60.00
344.363890 60.00
344.433850 60.00
344.493212 60.00
344.552865 60.00
344.612083 60.00
344.673088 60.00
344.732739 60.00
344.782605 60.00
344.838461 60.00
344.902755 60.00
344.972087 60.00
345.046602 60.00
345.107366 60.00
345.168088 60.00
345.234357 60.00
345.284732 60.00
345.339632 60.00
345.393740 60.00
345.454374 60.00
345.510093 60.00
345.569643 60.00
345.630375 60.00
345.691218 60.00
345.746741 60.00
345.806219 60.00
345.871097 60.00
345.937220 60.00
346.001623 60.00
346.060845 60.00
346.131861 60.00
346.205979 60.00
346.280611 60.00
346.340223 60.00
346.399742 60.00
346.459221 60.00
346.513745 60.00
346.578626 60.00
346.654108 60.00
346.713747 60.00
346.784105 60.00
346.848223 60.00
346.911726 60.00
346.964973 60.00
347.033728 60.00
347.088726 60.00
347.142228 60.00
347.195979 60.00
347.265507 60.00
347.324852 60.00
347.399105 60.00
347.454988 60.00
347.516359 60.00
347.576882 60.00
347.626757 60.00
347.695870 60.00
347.754979 60.00
347.818855 60.00
347.877980 60.00
347.952362 60.00
348.011518 60.00
348.075513 60.00
348.136242 60.00
348.191515 60.00
348.250991 60.00
348.317114 60.00
348.380629 60.00
348.440988 60.00
348.499882 60.00
348.563874 60.00
348.622985 60.00
348.692515 60.00
348.756370 60.00
348.820515 60.00
348.871370 60.00
348.935371 60.00
348.999370 60.00
349.057863 60.00
349.126881 60.00
349.185882 60.00
349.244757 60.00
349.309879 60.00
349.368991 60.00
349.437884 60.00
349.502131 60.00
349.561540 60.00
349.630994 60.00
349.695408 60.00
349.759370 60.00
349.823998 60.00
349.882997 60.00
349.942006 60.00
349.996385 60.00
350.056004 60.00
350.115534 60.00
350.176768 60.00
350.243400 60.00
350.313561 60.00
350.374782 60.00
350.434422 60.00
350.488552 60.00
350.558561 60.00
350.628543 60.00
350.693548 60.00
350.758554 60.00
350.828506 60.00
350.893546 60.00
350.958002 60.00
351.011886 60.00
351.071557 60.00
351.130883 60.00
351.196257 60.00
351.255412 60.00
351.316009 60.00
351.365631 60.00
351.416259 60.00
351.479764 60.00
351.549420 60.00
351.607756 60.00
351.678132 60.00
351.723773 60.00
351.782776 60.00
351.848546 60.00
351.908261 60.00
351.973017 60.00
352.037892 60.00
352.098263 60.00
352.158017 60.00
352.217765 60.00
352.291792 60.00
352.363814 60.00
352.423267 60.00
352.487428 60.00
352.551798 60.00
352.621426 60.00
352.690268 60.00
352.756461 60.00
352.820785 60.00
352.887272 60.00
352.946791 60.00
353.010787 60.00
353.069786 60.00
353.131147 60.00
353.196667 60.00
353.256273 60.00
353.311904 60.00
353.371545 60.00
353.428653 60.00
353.489652 60.00
353.546692 60.00
353.616805 60.00
353.682905 60.00
353.742803 60.00
353.807927 60.00
353.862280 60.00
353.917910 60.00
353.972281 60.00
354.027909 60.00
354.092445 60.00
354.161822 60.00
354.227529 60.00
354.289686 60.00
354.354463 60.00
354.424283 60.00
354.481710 60.00
354.546810 60.00
354.613524 60.00
354.674457 60.00
354.733802 60.00
354.799283 60.00
354.864801 60.00
354.919799 60.00
354.974801 60.00
355.029800 60.00
355.093798 60.00
355.157802 60.00
355.216801 60.00
355.280803 60.00
355.344550 60.00
355.409928 60.00
355.463801 60.00
355.527802 60.00
355.586802 60.00
355.650830 60.00
355.711693 60.00
355.780554 60.00
355.846168 60.00
355.901556 60.00
355.971299 60.00
356.036298 60.00
356.095796 60.00
356.149576 60.00
356.214304 60.00
356.279299 60.00
356.354297 60.00
356.418930 60.00
356.473173 60.00
356.532823 60.00
356.587309 60.00
356.648597 60.00
356.708307 60.00
356.773310 60.00
356.838178 60.00
356.893828 60.00
356.948303 60.00
357.013305 60.00
357.072430 60.00
357.123052 60.00
357.192304 60.00
357.257311 60.00
357.322305 60.00
357.387178 60.00
357.442862 60.00
357.497308 60.00
357.562312 60.00
357.623590 60.00
357.683310 60.00
357.753709 60.00
357.819829 60.00
357.873574 60.00
357.932816 60.00
357.997308 60.00
358.063462 60.00
358.133184 60.00
358.197321 60.00
358.262314 60.00
358.327188 60.00
358.388071 60.00
358.447832 60.00
358.503571 60.00
358.568187 60.00
358.632311 60.00
358.698599 60.00
358.768067 60.00
358.832314 60.00
358.896833 60.00
358.955721 60.00
359.010194 60.00
359.075196 60.00
359.128828 60.00
359.189713 60.00
359.250847 60.00
359.307959 60.00
359.378198 60.00
359.443197 60.00
359.513206 60.00
359.578199 60.00
359.639073 60.00
359.692832 60.00
359.743200 60.00
359.802589 60.00
359.866475 60.00
359.926202 60.00
359.995949 60.00
360.059708 60.00
360.123200 60.00
360.176455 60.00
360.246077 60.00
360.305075 60.00
360.369453 60.00
360.438452 60.00
360.497481 60.00
360.562328 60.00
360.626597 60.00
360.685482 60.00
360.751829 60.00
360.816214 60.00
360.881082 60.00
360.940727 60.00
361.001475 60.00
361.061084 60.00
361.122499 60.00
361.183522 60.00
361.243211 60.00
361.304462 60.00
361.363739 60.00
361.418087 60.00
361.473590 60.00
361.538085 60.00
361.602333 60.00
361.663208 60.00
361.732337 60.00
361.791624 60.00
361.847212 60.00
361.910959 60.00
361.979960 60.00
362.043961 60.00
362.113214 60.00
362.178852 60.00
362.232606 60.00
362.296742 60.00
362.346632 60.00
362.405863 60.00
362.464606 60.00
362.518214 60.00
362.588092 60.00
362.653351 60.00
362.717467 60.00
362.776469 60.00
362.836845 60.00
362.895627 60.00
362.949595 60.00
363.008094 60.00
363.067659 60.00
363.121657 60.00
363.185888 60.00
363.245097 60.00
363.314221 60.00
363.380516 60.00
363.439753 60.00
363.504354 60.00
363.576107 60.00
363.642410 60.00
363.702237 60.00
363.767105 60.00
363.832108 60.00
363.893113 60.00
363.954361 60.00
364.014110 60.00
364.079115 60.00
364.144106 60.00
364.205394 60.00
364.264556 60.00
364.323359 60.00
364.38