0.000000 0.000000
0.065043 0.90
0.122014 0.89
0.193413 0.88
0.257627 0.90
0.316529 0.89
0.375526 0.89
0.434528 0.88
0.493653 0.89
0.552528 0.90
0.611530 0.89
0.670530 0.89
0.735280 0.89
0.794959 0.89
0.855140 0.89
0.915038 0.66
0.974905 0.79
1.039260 0.79
1.098538 0.79
1.157535 0.78
1.216535 0.77
1.275532 0.79
1.334533 0.79
1.394034 0.78
1.459268 0.78
1.518764 0.77
1.578027 0.79
1.637026 0.79
1.696011 0.79
1.755028 0.78
1.814137 0.78
1.873028 0.79
1.932028 0.78
1.991029 0.78
2.050029 0.78
2.109015 0.79
2.168029 0.78
2.232033 0.79
2.291030 0.79
2.355033 0.79
2.419034 0.78
2.478034 0.78
2.542143 0.78
2.606035 0.79
2.670032 0.79
2.723545 0.78
2.777394 0.79
2.832522 0.78
2.891271 0.79
2.951271 0.79
3.012647 0.79
3.067274 0.78
3.115524 0.79
3.169273 0.78
3.225675 0.79
3.276275 0.78
3.325790 0.79
3.389526 0.79
3.444277 0.79
3.498915 0.79
3.552277 0.78
3.616027 0.78
3.669528 0.78
3.728403 0.79
3.792403 0.78
3.861403 0.79
3.930404 0.78
3.999405 0.78
4.068156 0.78
4.142406 0.80
4.211406 0.78
4.280406 0.79
4.339408 0.79
4.408408 0.79
4.477408 0.79
4.541050 0.79
4.599801 0.78
4.665285 0.79
4.734410 0.79
4.798411 0.80
4.867412 0.78
4.936162 0.79
4.996539 0.78
5.055413 0.77
5.124414 0.78
5.183039 0.78
5.232916 0.79
5.287789 0.79
5.347791 0.78
5.407791 0.78
5.467790 0.77
5.527792 0.78
5.587792 0.78
5.647792 0.79
5.706168 0.79
5.771418 0.79
5.826418 0.79
5.877546 0.79
5.926920 0.79
5.981795 0.78
6.040170 0.78
6.101547 0.79
6.152173 0.78
6.206672 0.78
6.270172 0.79
6.331549 0.78
6.382175 0.78
6.436673 0.79
6.500173 0.78
6.570176 0.77
6.624675 0.79
6.688176 0.79
6.756801 0.79
6.815176 0.79
6.889052 0.79
6.957678 0.79
7.021179 0.78
7.089804 0.79
7.148178 0.79
7.216805 0.78
7.275180 0.78
7.343806 0.78
7.402181 0.78
7.470807 0.79
7.529182 0.77
7.603057 0.78
7.663183 0.78
7.731809 0.78
7.790184 0.78
7.858810 0.79
7.913686 0.78
7.973686 0.79
8.033687 0.79
8.097187 0.78
8.165813 0.78
8.220688 0.79
8.280689 0.78
8.340689 0.79
8.400690 0.79
8.460690 0.78
8.519066 0.78
8.584316 0.78
8.639316 0.78
8.690441 0.79
8.748818 0.79
8.803693 0.79
8.862068 0.79
8.923443 0.78
8.974070 0.79
9.028570 0.77
9.092194 0.78
9.148444 0.79
9.199072 0.79
9.247196 0.79
9.303446 0.79
9.354074 0.79
9.408574 0.78
9.472073 0.79
9.540714 0.79
9.599200 0.79
9.665725 0.78
9.724201 0.79
9.787717 0.78
9.846077 0.80
9.914728 0.78
9.973203 0.77
10.042094 0.77
10.110731 0.79
10.179730 0.79
10.248730 0.78
10.303705 0.79
10.362080 0.78
10.430730 0.78
10.485707 0.79
10.544082 0.79
10.612708 0.79
10.667708 0.77
10.722584 0.79
10.786084 0.78
10.854709 0.78
10.909585 0.78
10.969710 0.78
11.024586 0.79
11.084586 0.79
11.158465 0.77
11.221963 0.79
11.287213 0.79
11.364088 0.77
11.432713 0.77
11.487589 0.79
11.545965 0.78
11.607340 0.79
11.679090 0.78
11.742591 0.78
11.800966 0.79
11.869592 0.78
11.928093 0.78
11.984343 0.78
12.034969 0.78
12.089470 0.79
12.152970 0.79
12.221595 0.79
12.279970 0.78
12.348597 0.79
12.406971 0.79
12.475597 0.79
12.533973 0.78
12.602598 0.78
12.660974 0.79
12.729599 0.77
12.787975 0.79
12.856600 0.78
12.915101 0.77
12.978602 0.77
13.036976 0.78
13.105602 0.79
13.163978 0.78
13.232603 0.77
13.290979 0.79
13.359605 0.80
13.417980 0.79
13.486606 0.77
13.545106 0.79
13.608607 0.78
13.663483 0.77
13.727107 0.77
13.790608 0.78
13.845485 0.78
13.905485 0.79
13.965609 0.79
14.020486 0.78
14.078860 0.79
14.140236 0.79
14.199862 0.79
14.247986 0.79
14.304236 0.79
14.362612 0.78
14.417489 0.79
14.475863 0.78
14.537238 0.79
14.596866 0.79
14.651364 0.78
14.714866 0.79
14.783492 0.77
14.841867 0.79
14.910493 0.78
14.968868 0.79
15.037494 0.79
15.095868 0.78
15.164495 0.79
15.222869 0.78
15.291496 0.79
15.349870 0.78
15.418497 0.78
15.476871 0.79
15.545498 0.78
15.603872 0.79
15.672500 0.78
15.730873 0.79
15.799501 0.79
15.857874 0.77
15.926500 0.78
15.984875 0.77
16.053502 0.78
16.111877 0.79
16.180504 0.79
16.238877 0.79
16.307505 0.78
16.362378 0.79
16.422379 0.79
16.485879 0.78
16.554506 0.79
16.609380 0.78
16.669380 0.79
16.729382 0.78
16.789381 0.79
16.847757 0.79
16.911258 0.79
16.974758 0.79
17.040009 0.78
17.091133 0.77
17.149511 0.79
17.207885 0.79
17.264135 0.79
17.323762 0.78
17.371887 0.79
17.435387 0.79
17.493762 0.79
17.562388 0.79
17.620763 0.78
17.682138 0.78
17.732766 0.78
17.787265 0.79
17.850765 0.79
17.919390 0.79
17.977766 0.77
18.046392 0.78
18.104767 0.77
18.173393 0.79
18.231768 0.79
18.300394 0.79
18.358769 0.77
18.427395 0.79
18.485770 0.78
18.554396 0.78
18.612772 0.78
18.681397 0.78
18.739772 0.79
18.808398 0.78
18.863398 0.79
18.921774 0.79
18.990399 0.79
19.048775 0.78
19.117400 0.79
19.172276 0.78
19.235777 0.79
19.304401 0.78
19.359277 0.79
19.419278 0.77
19.479278 0.78
19.539279 0.79
19.599279 0.79
19.659280 0.78
19.722780 0.79
19.792656 0.78
19.840782 0.78
19.897032 0.79
19.955407 0.78
20.013782 0.78
20.070033 0.79
20.119409 0.79
20.174284 0.79
20.232660 0.79
20.294036 0.79
20.344662 0.79
20.392786 0.78
20.449036 0.78
20.499670 0.78
20.554162 0.78
20.617663 0.78
20.686288 0.80
20.744665 0.79
20.813289 0.78
20.871665 0.79
20.940290 0.79
20.998665 0.79
21.067291 0.79
21.125666 0.79
21.194292 0.77
21.252668 0.77
21.321293 0.79
21.379669 0.79
21.448295 0.79
21.506670 0.79
21.575294 0.80
21.633671 0.78
21.702296 0.78
21.757296 0.80
21.812297 0.78
21.867298 0.78
21.925673 0.78
21.994298 0.78
22.049174 0.79
22.109175 0.79
22.169175 0.79
22.229175 0.79
22.289176 0.79
22.349176 0.79
22.409177 0.77
22.469178 0.79
22.532678 0.78
22.601303 0.77
22.656179 0.78
22.714556 0.79
22.775930 0.78
22.826557 0.78
22.874680 0.79
22.934806 0.78
22.993182 0.78
23.051558 0.79
23.112933 0.79
23.163559 0.78
23.218059 0.78
23.281559 0.78
23.342934 0.79
23.393561 0.78
23.448061 0.78
23.511562 0.78
23.580186 0.78
23.638562 0.78
23.707187 0.78
23.765563 0.79
23.834189 0.79
23.892564 0.79
23.961189 0.79
24.019566 0.78
24.088190 0.79
24.146570 0.79
24.210191 0.78
24.268568 0.79
24.337192 0.79
24.395569 0.79
24.464193 0.80
24.522571 0.79
24.591195 0.79
24.649571 0.78
24.718195 0.77
24.773071 0.79
24.833197 0.78
24.888072 0.78
24.951577 0.79
25.015198 0.78
25.070073 0.79
25.130074 0.78
25.190199 0.79
25.245075 0.80
25.305076 0.79
25.363576 0.79
25.432201 0.77
25.487077 0.80
25.545578 0.79
25.601828 0.78
25.652462 0.78
25.700580 0.79
25.751829 0.78
25.802473 0.79
25.856956 0.79
25.920461 0.80
25.981832 0.78
26.032463 0.78
26.086956 0.79
26.150463 0.78
26.219082 0.79
26.277464 0.79
26.346083 0.77
26.404464 0.79
26.473084 0.78
26.531464 0.78
26.600085 0.79
26.658586 0.78
26.722086 0.78
26.780467 0.79
26.849087 0.79
26.907468 0.78
26.976089 0.79
27.034470 0.79
27.103090 0.78
27.161468 0.78
27.230091 0.78
27.290340 0.79
27.350469 0.78
27.419092 0.79
27.479342 0.78
27.539468 0.80
27.608094 0.79
27.662969 0.78
27.722970 0.79
27.786473 0.78
27.851346 0.77
27.901096 0.79
27.955972 0.78
28.015972 0.79
28.075972 0.78
28.135973 0.79
28.195974 0.79
28.256099 0.79
28.314475 0.78
28.374600 0.79
28.425725 0.79
28.484101 0.79
28.542480 0.79
28.597601 0.78
28.648727 0.78
28.707103 0.78
28.765480 0.78
28.821728 0.79
28.872355 0.78
28.926855 0.78
28.990356 0.79
29.058980 0.79
29.117355 0.77
29.185981 0.79
29.244356 0.78
29.312982 0.77
29.371357 0.79
29.439983 0.79
29.498359 0.79
29.566984 0.78
29.625360 0.79
29.693985 0.78
29.752488 0.79
29.815987 0.79
29.874362 0.79
29.942988 0.79
30.001363 0.78
30.069989 0.78
30.128364 0.78
30.196990 0.78
30.255365 0.80
30.323991 0.80
30.382493 0.79
30.445992 0.78
30.504367 0.80
30.572992 0.79
30.627868 0.78
30.691369 0.78
30.759994 0.77
30.814870 0.79
30.874870 0.78
30.933249 0.79
30.993246 0.79
31.058498 0.78
31.109622 0.79
31.162997 0.78
31.221373 0.79
31.277624 0.79
31.328249 0.78
31.382750 0.79
31.446250 0.77
31.507625 0.78
31.558252 0.79
31.612751 0.78
31.672877 0.77
31.731252 0.77
31.799878 0.79
31.858253 0.77
31.926879 0.79
31.985254 0.77
32.053880 0.78
32.112255 0.78
32.182258 0.78
32.245757 0.78
32.309257 0.79
32.377883 0.79
32.436258 0.80
32.505009 0.78
32.558511 0.79
32.612260 0.79
32.681011 0.77
32.734512 0.79
32.793261 0.78
32.862012 0.79
32.915514 0.79
32.971028 0.77
33.026264 0.78
33.095014 0.79
33.150139 0.78
33.218791 0.78
33.274031 0.79
33.330545 0.78
33.389266 0.78
33.459166 0.78
33.506544 0.79
33.561268 0.78
33.635143 0.78
33.696545 0.78
33.746144 0.79
33.807545 0.78
33.857145 0.77
33.918546 0.78
33.968146 0.79
34.042146 0.79
34.103548 0.79
34.162147 0.79
34.227173 0.79
34.292164 0.78
34.348175 0.79
34.408149 0.78
34.482400 0.79
34.541151 0.77
34.615276 0.77
34.680152 0.78
34.740152 0.78
34.814152 0.78
34.883278 0.78
34.947279 0.79
35.011279 0.79
35.080155 0.77
35.154280 0.80
35.218156 0.78
35.286797 0.78
35.345157 0.79
35.419157 0.77
35.488157 0.78
35.562283 0.78
35.631159 0.78
35.705285 0.78
35.769160 0.77
35.843161 0.79
35.917412 0.78
35.976162 0.78
36.045162 0.79
36.119163 0.79
36.188288 0.79
36.252289 0.78
36.316290 0.78
36.375165 0.78
36.439290 0.79
36.503166 0.78
36.567166 0.79
36.631417 0.79
36.695168 0.79
36.759168 0.78
36.823168 0.79
36.887169 0.79
36.951295 0.80
37.015295 0.79
37.079421 0.78
37.134171 0.78
37.198422 0.78
37.253172 0.78
37.317173 0.78
37.381173 0.78
37.445174 0.79
37.509175 0.77
37.573300 0.78
37.637175 0.78
37.701300 0.79
37.765301 0.77
37.829177 0.78
37.893178 0.79
37.957178 0.78
38.021178 0.79
38.085179 0.78
38.149304 0.78
38.213430 0.79
38.282557 0.79
38.352072 0.78
38.421181 0.77
38.485182 0.78
38.549307 0.79
38.613309 0.79
38.672184 0.79
38.736184 0.79
38.800184 0.78
38.864435 0.78
38.933587 0.79
38.992587 0.79
39.056563 0.78
39.120714 0.78
39.190078 0.78
39.259188 0.79
39.323313 0.79
39.372703 0.78
39.442081 0.78
39.500708 0.78
39.554191 0.79
39.618316 0.79
39.667707 0.79
39.732945 0.78
39.787570 0.78
39.847961 0.79
39.902570 0.78
39.966570 0.79
40.026597 0.79
40.090571 0.77
40.154572 0.78
40.223962 0.78
40.298322 0.79
40.362447 0.79
40.426573 0.78
40.485074 0.79
40.553965 0.78
40.623952 0.78
40.692966 0.78
40.766965 0.79
40.840967 0.78
40.914968 0.77
40.991968 0.79
41.065969 0.78
41.139969 0.78
41.211971 0.79
41.275580 0.79
41.335970 0.78
41.407972 0.78
41.471581 0.79
41.531973 0.80
41.603974 0.78
41.667583 0.79
41.722465 0.78
41.777584 0.79
41.836084 0.78
41.899851 0.78
41.974210 0.77
42.032851 0.77
42.107211 0.79
42.166211 0.80
42.220978 0.79
42.285213 0.80
42.340214 0.78
42.399214 0.79
42.449842 0.78
42.500846 0.79
42.551846 0.79
42.602843 0.79
42.653846 0.78
42.704848 0.78
42.755848 0.79
42.806845 0.78
42.857869 0.79
42.908849 0.78
42.959849 0.78
43.010850 0.78
43.065470 0.79
43.121851 0.79
43.176746 0.79
43.236474 0.79
43.296746 0.79
43.356472 0.79
43.425747 0.79
43.485473 0.79
43.554748 0.79
43.624098 0.79
43.688349 0.78
43.748476 0.79
43.808991 0.79
43.872864 0.78
43.947226 0.78
44.007477 0.79
44.076868 0.79
44.142228 0.77
44.205743 0.78
44.279995 0.78
44.343744 0.78
44.414230 0.79
44.477745 0.79
44.543231 0.78
44.606748 0.79
44.672106 0.79
44.730748 0.78
44.796108 0.78
44.854749 0.78
44.920109 0.78
44.978751 0.78
45.053000 0.78
45.112742 0.79
45.171235 0.78
45.234753 0.78
45.304743 0.78
45.363238 0.78
45.427003 0.79
45.490752 0.80
45.560746 0.79
45.610365 0.78
45.669007 0.78
45.728747 0.79
45.778366 0.79
45.837004 0.78
45.896748 0.79
45.946368 0.78
46.001367 0.78
46.070243 0.78
46.135643 0.78
46.190370 0.78
46.249011 0.78
46.312761 0.77
46.386646 0.77
46.460762 0.78
46.535010 0.78
46.598646 0.78
46.659013 0.78
46.722649 0.80
46.783015 0.77
46.846766 0.79
46.920650 0.80
46.984376 0.77
47.039649 0.78
47.103376 0.78
47.163651 0.79
47.227378 0.78
47.287641 0.79
47.361643 0.78
47.435630 0.79
47.500771 0.78
47.569631 0.79
47.633255 0.79
47.693255 0.79
47.753256 0.79
47.811631 0.78
47.873007 0.79
47.937019 0.79
47.992262 0.78
48.056136 0.79
48.114776 0.78
48.183636 0.78
48.257776 0.78
48.326779 0.79
48.395637 0.78
48.464781 0.79
48.534143 0.79
48.588266 0.78
48.657543 0.79
48.731780 0.79
48.800938 0.78
48.865917 0.78
48.926909 0.78
48.981036 0.79
49.039785 0.78
49.104148 0.79
49.168270 0.80
49.232145 0.78
49.306395 0.79
49.368660 0.78
49.448665 0.79
49.514914 0.79
49.584664 0.78
49.648913 0.77
49.708156 0.79
49.767932 0.78
49.833680 0.79
49.898150 0.79
49.967830 0.79
50.029406 0.78
50.089154 0.79
50.149559 0.78
50.219152 0.79
50.288801 0.79
50.347923 0.79
50.403155 0.78
50.463560 0.78
50.532921 0.78
50.593721 0.80
50.665409 0.78
50.734814 0.79
50.793675 0.78
50.857806 0.78
50.916677 0.78
50.980812 0.79
51.039687 0.79
51.103802 0.79
51.159289 0.79
51.221287 0.79
51.286927 0.77
51.356286 0.79
51.415036 0.79
51.484415 0.79
51.553693 0.78
51.617805 0.79
51.681693 0.78
51.745936 0.78
51.810167 0.78
51.874166 0.78
51.927683 0.79
51.991696 0.79
52.055939 0.77
52.120169 0.77
52.173683 0.78
52.237808 0.79
52.302083 0.79
52.361300 0.79
52.422078 0.79
52.481593 0.78
52.551859 0.79
52.612750 0.79
52.682425 0.78
52.751745 0.79
52.810816 0.79
52.869938 0.79
52.941174 0.79
53.001692 0.79
53.056175 0.80
53.111050 0.78
53.171049 0.78
53.231050 0.78
53.301465 0.78
53.359927 0.79
53.425581 0.79
53.489428 0.78
53.558555 0.77
53.622585 0.78
53.681582 0.78
53.740429 0.78
53.804431 0.78
53.868431 0.79
53.927587 0.79
53.978806 0.78
54.033432 0.79
54.097722 0.78
54.161433 0.78
54.230588 0.78
54.294703 0.79
54.358702 0.79
54.422311 0.80
54.486060 0.77
54.544703 0.79
54.603437 0.78
54.672592 0.78
54.731592 0.78
54.790063 0.79
54.849064 0.78
54.913081 0.78
54.972068 0.77
55.036700 0.79
55.100735 0.79
55.159447 0.79
55.228067 0.79
55.287067 0.78
55.351197 0.78
55.425444 0.78
55.484837 0.78
55.548734 0.79
55.612445 0.79
55.687074 0.78
55.737071 0.78
55.797734 0.77
55.843855 0.79
55.898948 0.78
55.959079 0.78
56.019580 0.78
56.074609 0.79
56.138450 0.78
56.207877 0.79
56.268452 0.79
56.332721 0.78
56.387853 0.78
56.446453 0.79
56.510453 0.79
56.574453 0.78
56.633584 0.78
56.692462 0.79
56.761862 0.79
56.820849 0.78
56.884467 0.78
56.948651 0.78
57.007466 0.78
57.065956 0.79
57.119616 0.78
57.173467 0.79
57.242333 0.77
57.311209 0.78
57.385211 0.79
57.459468 0.78
57.523463 0.79
57.592336 0.78
57.661212 0.79
57.729962 0.79
57.793855 0.79
57.857337 0.79
57.925962 0.77
57.984338 0.77
58.052964 0.78
58.111340 0.79
58.179965 0.79
58.238341 0.78
58.306966 0.79
58.367224 0.77
58.427342 0.78
58.495968 0.78
58.550843 0.79
58.610844 0.78
58.670844 0.78
58.730850 0.78
58.785972 0.80
58.839478 0.79
58.903347 0.79
58.967222 0.78
59.028624 0.79
59.079250 0.76
59.133727 0.78
59.197226 0.77
59.258603 0.79
59.318229 0.79
59.372728 0.78
59.436228 0.78
59.495773 0.78
59.549981 0.78
59.608995 0.78
59.673103 0.78
59.727872 0.79
59.797104 0.79
59.866513 0.79
59.930605 0.78
59.985231 0.78
60.053995 0.79
60.112875 0.78
60.171231 0.79
60.239857 0.79
60.298232 0.78
60.366858 0.80
60.425236 0.79
60.493858 0.79
60.552234 0.78
60.620859 0.78
60.679235 0.77
60.753111 0.78
60.813361 0.79
60.877237 0.79
60.940879 0.79
60.999515 0.78
61.063576 0.79
61.115369 0.79
61.174367 0.77
61.238241 0.79
61.308271 0.79
61.377241 0.77
61.451689 0.78
61.512368 0.79
61.576243 0.79
61.636368 0.77
61.700244 0.79
61.764120 0.77
61.829151 0.79
61.876522 0.78
61.926121 0.78
61.987503 0.78
62.042149 0.78
62.096885 0.78
62.160888 0.77
62.220130 0.79
62.281506 0.77
62.336128 0.79
62.397503 0.79
62.448130 0.78
62.502629 0.78
62.561656 0.79
62.625656 0.79
62.689126 0.78
62.757768 0.77
62.816128 0.79
62.884769 0.79
62.938379 0.78
63.002255 0.78
63.067132 0.79
63.123132 0.78
63.179132 0.78
63.239256 0.78
63.308257 0.79
63.371772 0.78
63.430133 0.77
63.504259 0.79
63.567774 0.78
63.628134 0.79
63.702260 0.79
63.765901 0.78
63.819386 0.78
63.878012 0.78
63.952262 0.78
64.016267 0.79
64.075141 0.78
64.139264 0.78
64.203264 0.79
64.267390 0.79
64.331265 0.79
64.395016 0.79
64.463765 0.78
64.518641 0.78
64.580042 0.79
64.624905 0.77
64.674907 0.78
64.733654 0.78
64.792025 0.79
64.857272 0.78
64.912273 0.78
64.967272 0.78
65.018398 0.77
65.069025 0.77
65.119051 0.77
65.175052 0.79
65.231050 0.79
65.287053 0.78
65.343053 0.78
65.399051 0.79
65.455053 0.79
65.504553 0.79
65.568554 0.78
65.637667 0.78
65.696026 0.79
65.765152 0.78
65.825055 0.79
65.885153 0.79
65.945056 0.79
66.001031 0.78
66.056279 0.79
66.120279 0.79
66.184031 0.78
66.258156 0.79
66.327281 0.78
66.391032 0.78
66.465157 0.79
66.534158 0.78
66.598158 0.78
66.662284 0.79
66.726160 0.78
66.790160 0.78
66.854161 0.78
66.918161 0.78
66.976677 0.77
67.031538 0.78
67.091662 0.77
67.150038 0.79
67.218663 0.79
67.273540 0.78
67.333544 0.79
67.391917 0.78
67.457167 0.79
67.512168 0.77
67.567168 0.79
67.622169 0.79
67.673421 0.78
67.743168 0.79
67.807168 0.79
67.866294 0.79
67.921169 0.77
67.985169 0.78
68.044044 0.79
68.108170 0.77
68.172171 0.79
68.236171 0.78
68.300047 0.78
68.364048 0.78
68.428173 0.78
68.492174 0.78
68.551299 0.79
68.606174 0.77
68.670175 0.78
68.734301 0.78
68.798177 0.78
68.862051 0.79
68.926177 0.79
68.990303 0.76
69.059429 0.78
69.133946 0.79
69.203180 0.79
69.266822 0.80
69.327305 0.79
69.396431 0.79
69.455587 0.78
69.514558 0.78
69.573432 0.77
69.628588 0.79
69.692560 0.78
69.751433 0.80
69.810560 0.78
69.865587 0.78
69.919184 0.78
69.977585 0.79
70.031185 0.79
70.089586 0.79
70.144562 0.78
70.202941 0.79
70.263065 0.79
70.318065 0.77
70.373067 0.78
70.428067 0.79
70.479190 0.78
70.528570 0.79
70.593074 0.78
70.657445 0.79
70.722852 0.78
70.792192 0.79
70.846960 0.79
70.903192 0.78
70.953327 0.79
71.010325 0.78
71.075856 0.79
71.145071 0.79
71.204851 0.78
71.264837 0.79
71.325323 0.78
71.395209 0.79
71.450325 0.78
71.504464 0.77
71.564852 0.79
71.633699 0.77
71.693837 0.78
71.762449 0.77
71.826200 0.79
71.890100 0.79
71.944204 0.79
72.004453 0.79
72.064729 0.79
72.133452 0.78
72.193731 0.78
72.257463 0.80
72.317719 0.77
72.386955 0.78
72.450724 0.78
72.519956 0.79
72.573331 0.78
72.631707 0.79
72.697082 0.78
72.760736 0.78
72.835084 0.79
72.884848 0.78
72.945218 0.79
73.009210 0.78
73.073085 0.78
73.127711 0.78
73.201728 0.78
73.266741 0.79
73.335730 0.78
73.404466 0.78
73.474744 0.79
73.539742 0.78
73.608856 0.79
73.677871 0.78
73.752223 0.79
73.815722 0.78
73.884346 0.78
73.942724 0.79
74.011345 0.78
74.070345 0.79
74.129223 0.78
74.189753 0.78
74.253862 0.78
74.322750 0.77
74.396623 0.79
74.456988 0.79
74.520615 0.78
74.594727 0.78
74.658848 0.77
74.722347 0.79
74.780724 0.79
74.854849 0.77
74.918866 0.79
74.982352 0.77
75.048493 0.78
75.112229 0.78
75.186621 0.79
75.255868 0.79
75.319745 0.78
75.388634 0.79
75.452354 0.78
75.526747 0.78
75.590624 0.78
75.659981 0.78
75.719857 0.78
75.779108 0.78
75.834357 0.79
75.898238 0.78
75.956875 0.78
76.012109 0.79
76.070877 0.79
76.122110 0.79
76.191111 0.79
76.265236 0.79
76.320112 0.79
76.383877 0.77
76.443642 0.80
76.493239 0.79
76.557614 0.79
76.616741 0.80
76.680879 0.78
76.744614 0.79
76.813642 0.79
76.882741 0.78
76.951621 0.79
77.015867 0.79
77.079769 0.77
77.148645 0.80
77.222619 0.77
77.291636 0.79
77.366120 0.78
77.424870 0.77
77.488649 0.80
77.562622 0.80
77.631625 0.78
77.706002 0.78
77.775123 0.79
77.844123 0.79
77.909901 0.79
77.966530 0.78
78.040626 0.79
78.110001 0.76
78.175627 0.79
78.249773 0.77
78.313532 0.79
78.373895 0.79
78.433629 0.77
78.497254 0.79
78.566131 0.80
78.626255 0.78
78.695256 0.78
78.757131 0.78
78.810775 0.78
78.871131 0.77
78.929757 0.78
78.990263 0.79
79.054538 0.79
79.123763 0.79
79.182533 0.78
79.251761 0.80
79.315516 0.78
79.379637 0.79
79.443795 0.78
79.502516 0.79
79.571638 0.79
79.632266 0.79
79.697770 0.78
79.762024 0.78
79.816279 0.77
79.880558 0.79
79.944520 0.78
80.019143 0.78
80.072549 0.78
80.141647 0.79
80.210643 0.79
80.279660 0.80
80.348395 0.79
80.417689 0.79
80.476645 0.78
80.545776 0.78
80.609662 0.78
80.673691 0.78
80.732651 0.79
80.801663 0.78
80.865524 0.78
80.934682 0.79
80.998552 0.78
81.067679 0.78
81.131554 0.77
81.200666 0.79
81.264918 0.79
81.335430 0.77
81.404403 0.79
81.473558 0.78
81.537668 0.79
81.588923 0.79
81.647678 0.79
81.708155 0.77
81.768406 0.78
81.837939 0.78
81.904163 0.78
81.973660 0.80
82.032533 0.79
82.096535 0.78
82.162160 0.79
82.231159 0.78
82.290035 0.78
82.349035 0.79
82.407573 0.77
82.471562 0.79
82.535662 0.77
82.594286 0.79
82.658040 0.79
82.717039 0.78
82.781054 0.78
82.839414 0.78
82.908693 0.79
82.967570 0.78
83.036666 0.79
83.100416 0.79
83.169291 0.79
83.229417 0.79
83.298572 0.78
83.357571 0.79
83.421669 0.79
83.480583 0.79
83.544424 0.78
83.613574 0.78
83.672707 0.79
83.724046 0.78
83.789817 0.78
83.854047 0.79
83.915937 0.77
83.975063 0.79
84.035302 0.79
84.099820 0.78
84.163942 0.78
84.227925 0.78
84.288426 0.78
84.352426 0.79
84.411057 0.78
84.476333 0.78
84.525818 0.79
84.587334 0.79
84.635587 0.79
84.694428 0.77
84.754332 0.78
84.808954 0.78
84.867935 0.79
84.926433 0.79
84.985702 0.78
85.042707 0.79
85.106835 0.79
85.165951 0.79
85