0.000000 0.000000
0.074293 0.90
0.144937 0.87
0.210878 0.89
0.270017 0.88
0.329023 0.88
0.393025 0.89
0.451903 0.91
0.517625 0.89
0.576500 0.91
0.629900 0.90
0.699293 0.88
0.769531 0.91
0.829463 0.89
0.894517 0.91
0.954138 0.78
1.019039 0.78
1.088632 0.77
1.147505 0.78
1.200910 0.79
1.264908 0.81
1.329031 0.79
1.388296 0.77
1.449517 0.77
1.521137 0.76
1.580010 0.78
1.644273 0.79
1.713634 0.79
1.775913 0.79
1.840036 0.78
1.909037 0.77
1.978276 0.78
2.052762 0.78
2.122037 0.76
2.186038 0.77
2.250030 0.80
2.314027 0.80
2.377917 0.80
2.442040 0.78
2.505891 0.79
2.564916 0.79
2.623916 0.78
2.687893 0.78
2.746893 0.79
2.810920 0.77
2.869910 0.78
2.929018 0.78
2.992895 0.79
3.056896 0.78
3.120895 0.80
3.184895 0.78
3.243896 0.79
3.307897 0.77
3.372147 0.76
3.426897 0.78
3.490898 0.79
3.554923 0.78
3.618899 0.79
3.677900 0.78
3.741900 0.81
3.805900 0.77
3.869901 0.79
3.933901 0.77
3.992902 0.78
4.056902 0.80
4.120902 0.78
4.184903 0.80
4.248778 0.78
4.322652 0.80
4.382778 0.79
4.451404 0.79
4.509780 0.80
4.578404 0.78
4.636779 0.80
4.705406 0.80
4.760405 0.79
4.815281 0.79
4.878781 0.78
4.947407 0.78
5.002407 0.80
5.057283 0.80
5.117408 0.80
5.172284 0.78
5.232285 0.78
5.292410 0.77
5.347285 0.77
5.407286 0.77
5.465661 0.77
5.527037 0.78
5.585412 0.80
5.643788 0.79
5.700038 0.78
5.759664 0.78
5.807788 0.78
5.864039 0.79
5.923665 0.78
5.978164 0.79
6.041665 0.78
6.103041 0.77
6.153666 0.77
6.208167 0.80
6.271666 0.80
6.340293 0.78
6.398668 0.79
6.467294 0.79
6.525669 0.78
6.599545 0.79
6.668170 0.79
6.731670 0.79
6.800296 0.77
6.858671 0.79
6.927297 0.78
6.985672 0.77
7.054298 0.79
7.112673 0.79
7.181298 0.79
7.239674 0.79
7.313550 0.79
7.373674 0.76
7.442300 0.77
7.500676 0.78
7.569302 0.79
7.627676 0.80
7.696303 0.80
7.751178 0.78
7.811179 0.79
7.871179 0.77
7.931179 0.80
7.991180 0.78
8.051180 0.77
8.111181 0.77
8.169556 0.78
8.229557 0.77
8.294806 0.77
8.363557 0.78
8.428808 0.81
8.479934 0.78
8.539560 0.80
8.587684 0.78
8.651184 0.79
8.709560 0.76
8.770938 0.80
8.825561 0.80
8.894186 0.77
8.952561 0.80
9.013939 0.78
9.064563 0.78
9.119064 0.80
9.182563 0.78
9.251190 0.79
9.309564 0.80
9.378189 0.78
9.436565 0.79
9.505191 0.79
9.563566 0.76
9.632193 0.79
9.690567 0.77
9.759192 0.77
9.817568 0.80
9.891444 0.80
9.960069 0.79
10.023569 0.79
10.092195 0.81
10.150571 0.78
10.219196 0.77
10.274197 0.79
10.329197 0.79
10.387572 0.77
10.456198 0.80
10.514573 0.80
10.583199 0.78
10.638074 0.80
10.701574 0.78
10.770200 0.77
10.825076 0.78
10.885076 0.78
10.945077 0.80
11.005077 0.79
11.068577 0.78
11.128702 0.79
11.192204 0.78
11.250579 0.77
11.310704 0.79
11.361829 0.81
11.411205 0.78
11.469580 0.77
11.534457 0.79
11.582580 0.79
11.638831 0.80
11.689458 0.76
11.737581 0.78
11.801083 0.78
11.859458 0.79
11.928102 0.78
11.986585 0.76
12.050102 0.78
12.113960 0.78
12.177586 0.78
12.241102 0.80
12.299588 0.78
12.363111 0.80
12.421588 0.79
12.490479 0.76
12.559113 0.78
12.614115 0.78
12.672715 0.77
12.736479 0.76
12.823966 0.79
12.884116 0.79
12.942592 0.78
13.014717 0.78
13.078359 0.77
13.147118 0.78
13.202120 0.78
13.271121 0.78
13.326118 0.81
13.394995 0.77
13.449995 0.79
13.527596 0.80
13.586597 0.77
13.658998 0.76
13.717998 0.80
13.776996 0.78
13.840998 0.79
13.904997 0.78
13.982600 0.77
14.041600 0.79
14.114002 0.78
14.169001 0.79
14.233002 0.77
14.297002 0.78
14.374602 0.76
14.433604 0.80
14.501728 0.79
14.556604 0.81
14.615604 0.78
14.679604 0.80
14.739355 0.76
14.793856 0.79
14.857355 0.78
14.925981 0.78
14.984356 0.80
15.052982 0.77
15.111482 0.78
15.174983 0.79
15.233358 0.81
15.301983 0.79
15.360359 0.79
15.428984 0.78
15.487359 0.78
15.555986 0.80
15.614361 0.80
15.682987 0.77
15.737987 0.78
15.796362 0.78
15.864987 0.79
15.919988 0.79
15.974988 0.77
16.029989 0.77
16.088365 0.78
16.156990 0.79
16.211866 0.78
16.275366 0.78
16.343991 0.79
16.398868 0.79
16.458868 0.80
16.518993 0.79
16.573868 0.77
16.632243 0.79
16.692244 0.79
16.757494 0.78
16.812494 0.78
16.867495 0.78
16.922495 0.79
16.977495 0.79
17.032496 0.77
17.083621 0.81
17.134249 0.80
17.182372 0.80
17.238622 0.79
17.289248 0.76
17.337374 0.79
17.400874 0.79
17.459250 0.78
17.527875 0.78
17.586250 0.80
17.654876 0.77
17.713251 0.78
17.781878 0.78
17.840252 0.77
17.908879 0.78
17.967253 0.78
18.035879 0.78
18.094254 0.79
18.162880 0.78
18.221255 0.78
18.289881 0.81
18.348256 0.78
18.416882 0.78
18.471883 0.78
18.530257 0.78
18.598884 0.80
18.657258 0.78
18.725885 0.78
18.780886 0.79
18.839259 0.77
18.907886 0.78
18.966260 0.78
19.034887 0.77
19.089762 0.77
19.149761 0.77
19.209763 0.78
19.269762 0.78
19.329763 0.78
19.389764 0.79
19.449764 0.80
19.508140 0.79
19.573390 0.78
19.628391 0.80
19.679516 0.77
19.730143 0.80
19.778266 0.79
19.834517 0.78
19.883893 0.77
19.938768 0.79
19.997145 0.77
20.058518 0.80
20.118145 0.78
20.172644 0.78
20.236144 0.80
20.297520 0.81
20.348147 0.80
20.402646 0.78
20.466147 0.79
20.534772 0.77
20.593148 0.79
20.661773 0.79
20.720149 0.78
20.788774 0.80
20.847149 0.79
20.915774 0.78
20.974150 0.77
21.042776 0.78
21.101151 0.78
21.169776 0.79
21.228152 0.78
21.296777 0.77
21.355153 0.76
21.423778 0.78
21.482155 0.80
21.550779 0.77
21.605779 0.78
21.664156 0.79
21.732780 0.78
21.787657 0.78
21.851157 0.80
21.919782 0.80
21.974658 0.80
22.034657 0.77
22.094658 0.79
22.154659 0.77
22.214659 0.79
22.273034 0.78
22.338285 0.78
22.401786 0.78
22.456660 0.80
22.515037 0.79
22.576412 0.79
22.634787 0.76
22.693163 0.79
22.753288 0.78
22.804413 0.80
22.864041 0.78
22.918539 0.79
22.982040 0.78
23.050665 0.80
23.109041 0.80
23.177666 0.77
23.236042 0.79
23.304667 0.77
23.363043 0.80
23.431668 0.79
23.490044 0.77
23.558669 0.80
23.617045 0.79
23.685670 0.78
23.744046 0.78
23.812671 0.81
23.871047 0.79
23.939671 0.78
23.998048 0.78
24.066673 0.80
24.125048 0.79
24.193674 0.78
24.252049 0.77
24.320674 0.78
24.379050 0.76
24.447675 0.77
24.502676 0.80
24.557551 0.78
24.617551 0.76
24.677558 0.77
24.737553 0.78
24.797553 0.78
24.857555 0.78
24.917554 0.79
24.977555 0.80
25.041055 0.78
25.104555 0.80
25.164556 0.80
25.228056 0.79
25.284307 0.78
25.343935 0.79
25.392058 0.78
25.452183 0.79
25.503309 0.78
25.562935 0.76
25.617435 0.79
25.680936 0.76
25.742310 0.79
25.801937 0.80
25.856561 0.78
25.914938 0.77
25.976312 0.77
26.026938 0.76
26.081438 0.78
26.144939 0.78
26.213564 0.80
26.271940 0.78
26.340564 0.80
26.398943 0.78
26.462565 0.77
26.520942 0.80
26.589567 0.81
26.647943 0.79
26.716567 0.78
26.774944 0.77
26.843568 0.78
26.901945 0.77
26.970569 0.79
27.028949 0.78
27.092570 0.76
27.150946 0.80
27.219571 0.79
27.277947 0.77
27.346572 0.81
27.401448 0.77
27.461448 0.77
27.521448 0.80
27.581449 0.78
27.641449 0.80
27.701575 0.78
27.756450 0.78
27.816450 0.80
27.871451 0.77
27.931452 0.78
27.991451 0.78
28.046452 0.78
28.109954 0.77
28.170078 0.77
28.221204 0.77
28.271830 0.78
28.319955 0.76
28.380080 0.80
28.431206 0.79
28.481831 0.80
28.536332 0.80
28.599831 0.80
28.668457 0.79
28.726832 0.78
28.795458 0.80
28.853834 0.79
28.922459 0.78
28.980960 0.78
29.044460 0.79
29.102835 0.78
29.171461 0.80
29.229836 0.77
29.298461 0.77
29.356837 0.79
29.425463 0.78
29.483837 0.77
29.552464 0.76
29.610964 0.78
29.674464 0.78
29.732844 0.77
29.801465 0.78
29.859846 0.80
29.928467 0.78
29.986967 0.80
30.055968 0.78
30.124968 0.78
30.193969 0.79
30.262719 0.78
30.327849 0.79
30.396471 0.77
30.451345 0.79
30.511346 0.79
30.574471 0.78
30.629472 0.78
30.687851 0.79
30.756473 0.77
30.825223 0.77
30.888724 0.78
30.953974 0.78
31.025724 0.80
31.087100 0.81
31.137726 0.78
31.192226 0.78
31.255726 0.80
31.317102 0.77
31.367730 0.79
31.422227 0.79
31.485728 0.79
31.547103 0.79
31.597730 0.79
31.652229 0.79
31.715729 0.78
31.784355 0.79
31.842730 0.80
31.911356 0.77
31.988232 0.77
32.051732 0.77
32.120358 0.77
32.178733 0.77
32.247358 0.78
32.305860 0.77
32.369359 0.77
32.427734 0.78
32.496361 0.78
32.554735 0.80
32.623361 0.78
32.681736 0.79
32.750363 0.77
32.808737 0.79
32.877363 0.80
32.937613 0.78
32.997739 0.77
33.066363 0.77
33.121364 0.79
33.176240 0.78
33.239740 0.77
33.308366 0.77
33.363242 0.78
33.423242 0.80
33.483243 0.78
33.543243 0.79
33.603243 0.79
33.661619 0.78
33.726744 0.79
33.786870 0.77
33.841871 0.77
33.892996 0.80
33.943621 0.78
33.991746 0.80
34.047997 0.77
34.098622 0.79
34.146747 0.79
34.210248 0.78
34.268623 0.79
34.329998 0.78
34.380625 0.78
34.435125 0.78
34.498624 0.79
34.567250 0.78
34.625626 0.78
34.694251 0.78
34.752626 0.79
34.821252 0.78
34.879628 0.79
34.948253 0.78
35.006628 0.79
35.075254 0.78
35.133630 0.80
35.202256 0.78
35.260630 0.80
35.334506 0.77
35.403132 0.79
35.466632 0.79
35.535258 0.80
35.593633 0.79
35.662258 0.76
35.717259 0.78
35.772259 0.79
35.827260 0.80
35.885635 0.77
35.954261 0.78
36.009136 0.80
36.069136 0.78
36.129138 0.77
36.189138 0.78
36.249139 0.80
36.309139 0.79
36.369139 0.78
36.427514 0.79
36.492764 0.78
36.547765 0.78
36.602765 0.77
36.653891 0.78
36.704518 0.80
36.752641 0.77
36.808893 0.78
36.859519 0.79
36.914017 0.77
36.977518 0.79
37.038895 0.79
37.089521 0.80
37.144020 0.80
37.207519 0.80
37.276145 0.78
37.334521 0.77
37.404523 0.79
37.459022 0.77
37.522522 0.78
37.591147 0.79
37.649523 0.78
37.719525 0.78
37.774024 0.80
37.837524 0.79
37.906150 0.77
37.964525 0.78
38.038401 0.78
38.107027 0.79
38.170527 0.80
38.239152 0.78
38.297528 0.79
38.366153 0.77
38.424528 0.78
38.493154 0.78
38.551530 0.79
38.620155 0.78
38.678531 0.78
38.752406 0.80
38.817532 0.80
38.886158 0.80
38.941032 0.78
39.001032 0.80
39.061034 0.80
39.121034 0.78
39.181034 0.78
39.241035 0.79
39.304535 0.78
39.373161 0.78
39.428036 0.78
39.486411 0.79
39.551661 0.77
39.602787 0.78
39.661163 0.78
39.719539 0.80
39.775790 0.77
39.834164 0.79
39.892540 0.80
39.948790 0.79
39.999417 0.78
40.053918 0.78
40.117416 0.77
40.186042 0.78
40.244417 0.77
40.313042 0.78
40.371419 0.77
40.440043 0.76
40.498419 0.78
40.567044 0.79
40.625420 0.78
40.694046 0.78
40.752546 0.79
40.816047 0.78
40.874422 0.80
40.943047 0.79
41.001423 0.78
41.070049 0.81
41.128424 0.78
41.197049 0.81
41.255425 0.78
41.324050 0.79
41.382550 0.78
41.446051 0.77
41.501051 0.77
41.555928 0.80
41.615929 0.79
41.675929 0.81
41.735930 0.77
41.809803 0.78
41.873304 0.79
41.938554 0.78
42.002055 0.78
42.056931 0.80
42.116931 0.78
42.176932 0.79
42.235432 0.79
42.291682 0.76
42.350058 0.78
42.408433 0.77
42.464683 0.80
42.523060 0.78
42.581435 0.78
42.644936 0.77
42.703310 0.78
42.764685 0.77
42.828186 0.80
42.881437 0.78
42.944938 0.76
43.003312 0.78
43.071938 0.78
43.130314 0.77
43.198940 0.78
43.257314 0.79
43.325941 0.77
43.384315 0.79
43.452942 0.79
43.511316 0.78
43.579943 0.78
43.638317 0.80
43.706944 0.80
43.765318 0.79
43.833945 0.77
43.892319 0.78
43.960945 0.78
44.019320 0.78
44.087946 0.79
44.146321 0.78
44.214948 0.78
44.273323 0.78
44.341949 0.77
44.396822 0.80
44.460324 0.79
44.528950 0.81
44.583824 0.77
44.647325 0.80
44.715952 0.78
44.770825 0.79
44.830826 0.78
44.889202 0.77
44.954452 0.77
45.019203 0.79
45.067328 0.78
45.127453 0.79
45.182454 0.80
45.233579 0.78
45.282956 0.78
45.337829 0.79
45.396206 0.80
45.457580 0.80
45.508208 0.77
45.556331 0.78
45.612581 0.77
45.672209 0.78
45.726708 0.78
45.790208 0.79
45.858833 0.77
45.917209 0.79
45.985834 0.76
46.044210 0.79
46.112836 0.76
46.171211 0.78
46.239837 0.77
46.300111 0.78
46.374113 0.78
46.443114 0.76
46.503229 0.79
46.577113 0.79
46.651356 0.77
46.720119 0.77
46.780357 0.77
46.844118 0.78
46.907717 0.80
46.962849 0.79
47.023120 0.78
47.097117 0.78
47.160719 0.80
47.215848 0.77
47.281470 0.79
47.335360 0.81
47.399362 0.80
47.458363 0.80
47.522122 0.77
47.591365 0.79
47.655123 0.78
47.719365 0.80
47.783123 0.77
47.842363 0.78
47.900862 0.80
47.962600 0.78
48.026725 0.80
48.085242 0.79
48.149365 0.78
48.213601 0.79
48.287602 0.78
48.351126 0.79
48.420368 0.78
48.484603 0.78
48.548604 0.77
48.612372 0.78
48.676372 0.78
48.740133 0.77
48.814131 0.78
48.883249 0.80
48.952136 0.79
49.018135 0.79
49.084135 0.77
49.150014 0.79
49.220267 0.80
49.281614 0.79
49.356612 0.78
49.426015 0.78
49.497266 0.79
49.567492 0.79
49.632023 0.79
49.696489 0.80
49.757255 0.77
49.822026 0.79
49.886491 0.79
49.945615 0.78
50.006142 0.79
50.070496 0.78
50.129619 0.79
50.188742 0.78
50.258145 0.77
50.322493 0.80
50.381622 0.79
50.446028 0.80
50.510388 0.76
50.565387 0.78
50.620387 0.80
50.675500 0.77
50.739622 0.80
50.793263 0.79
50.852390 0.80
50.907389 0.78
50.953634 0.80
51.014395 0.80
51.079017 0.78
51.138265 0.77
51.192264 0.78
51.251398 0.80
51.316036 0.79
51.375268 0.78
51.439501 0.79
51.504031 0.78
51.574280 0.78
51.639131 0.79
51.703397 0.78
51.769271 0.78
51.828640 0.81
51.888279 0.77
51.947150 0.80
52.011507 0.80
52.075506 0.77
52.134635 0.79
52.188633 0.81
52.247507 0.80
52.306037 0.77
52.370273 0.76
52.426288 0.79
52.491280 0.77
52.555637 0.79
52.624886 0.77
52.699516 0.80
52.760171 0.79
52.819155 0.80
52.878027 0.80
52.947277 0.78
53.006409 0.79
53.070908 0.78
53.134890 0.79
53.204154 0.78
53.264640 0.80
53.329410 0.78
53.383646 0.80
53.453536 0.79
53.514400 0.79
53.574197 0.80
53.633781 0.78
53.698773 0.80
53.763780 0.80
53.824898 0.79
53.889182 0.79
53.948656 0.79
54.008424 0.77
54.068150 0.78
54.133060 0.78
54.192899 0.80
54.257408 0.78
54.320898 0.77
54.379919 0.78
54.443925 0.78
54.503023 0.78
54.561900 0.80
54.621025 0.80
54.685278 0.80
54.754411 0.81
54.818067 0.80
54.882026 0.77
54.950905 0.76
55.025168 0.78
55.088907 0.77
55.152908 0.80
55.219033 0.78
55.283298 0.79
55.348929 0.78
55.413286 0.76
55.477408 0.77
55.546657 0.79
55.608908 0.78
55.678032 0.78
55.742057 0.79
55.800532 0.77
55.855532 0.78
55.910409 0.80
55.968910 0.77
56.037947 0.79
56.097051 0.79
56.161062 0.77
56.215072 0.77
56.279211 0.78
56.334179 0.79
56.389054 0.80
56.442930 0.77
56.498038 0.81
56.562413 0.76
56.631915 0.78
56.685792 0.78
56.749916 0.77
56.813917 0.78
56.877947 0.78
56.937060 0.77
56.995945 0.80
57.066091 0.80
57.125297 0.78
57.190054 0.78
57.260214 0.79
57.324324 0.78
57.382931 0.78
57.437064 0.78
57.491094 0.76
57.550309 0.80
57.609438 0.78
57.684423 0.78
57.738244 0.78
57.802425 0.79
57.860798 0.78
57.930327 0.79
57.999553 0.78
58.058554 0.76
58.123800 0.78
58.182800 0.80
58.251801 0.77
58.310954 0.78
58.375098 0.78
58.424972 0.78
58.483803 0.79
58.547957 0.77
58.606554 0.78
58.666429 0.77
58.727340 0.80
58.782324 0.80
58.837555 0.78
58.897432 0.78
58.958059 0.76
59.007806 0.77
59.062807 0.78
59.126807 0.78
59.190683 0.80
59.252076 0.76
59.306809 0.78
59.370684 0.79
59.440983 0.77
59.494813 0.79
59.558810 0.78
59.622686 0.78
59.693312 0.77
59.762823 0.78
59.832206 0.77
59.890688 0.76
59.952063 0.79
60.001814 0.78
60.065689 0.81
60.134814 0.79
60.198565 0.80
60.267329 0.78
60.320816 0.81
60.384692 0.79
60.453567 0.80
60.519573 0.79
60.593694 0.80
60.662444 0.76
60.726209 0.78
60.784820 0.77
60.848820 0.78
60.908340 0.78
60.972339 0.79
61.041213 0.81
61.099822 0.78
61.163697 0.78
61.233269 0.78
61.289349 0.78
61.358451 0.77
61.413340 0.80
61.482215 0.79
61.540700 0.78
61.604963 0.78
61.658829 0.78
61.722827 0.79
61.786327 0.76
61.841202 0.79
61.899578 0.79
61.959583 0.79
62.024831 0.79
62.079829 0.80
62.130984 0.81
62.185579 0.79
62.246956 0.80
62.306616 0.79
62.361103 0.81
62.425081 0.79
62.483582 0.80
62.553958 0.76
62.604608 0.79
62.659097 0.80
62.723225 0.78
62.781585 0.77
62.851588 0.78
62.901102 0.78
62.964585 0.80
63.033711 0.78
63.097228 0.77
63.155586 0.79
63.229462 0.77
63.298114 0.80
63.361588 0.77
63.430218 0.80
63.488593 0.78
63.557217 0.79
63.615592 0.76
63.684218 0.78
63.742593 0.79
63.811592 0.76
63.880233 0.80
63.940718 0.79
64.004594 0.78
64.073362 0.78
64.133722 0.80
64.197721 0.79
64.261595 0.78
64.330364 0.77
64.380364 0.78
64.430364 0.78
64.480383 0.78
64.544362 0.77
64.608003 0.78
64.671598 0.80
64.740599 0.79
64.800856 0.78
64.859728 0.79
64.914856 0.77
64.973601 0.78
65.038855 0.79
65.093477 0.77
65.162727 0.78
65.222114 0.79
65.281735 0.77
65.346124 0.80
65.404605 0.79
65.464506 0.77
65.520508 0.79
65.580615 0.78
65.646523 0.80
65.702517 0.78
65.762482 0.79
65.827508 0.78
65.883507 0.79
65.939560 0.79
65.993867 0.77
66.058017 0.78
66.117127 0.78
66.191610 0.80
66.255485 0.80
66.324869 0.77
66.389015 0.77
66.452612 0.78
66.521362 0.79
66.583488 0.80
66.657488 0.79
66.721255 0.80
66.776489 0.78
66.845614 0.80
66.904490 0.77
66.978490 0.78
67.047491 0.78
67.121491 0.79
67.185117 0.77
67.240258 0.78
67.290261 0.80
67.354023 0.77
67.409247 0.78
67.473620 0.80
67.537619 0.78
67.601370 0.80
67.662746 0.78
67.717746 0.78
67.772746 0.80
67.822496 0.79
67.891497 0.78
67.960498 0.79
68.029623 0.79
68.089403 0.77
68.138902 0.78
68.202499 0.78
68.262401 0.78
68.318399 0.78
68.374403 0.78
68.434376 0.77
68.503759 0.78
68.570006 0.77
68.635398 0.79
68.689879 0.77
68.753378 0.78
68.822003 0.78
68.880631 0.79
68.944504 0.78
69.013505 0.81
69.082505 0.78
69.146631 0.77
69.210520 0.76
69.274014 0.78
69.332387 0.80
69.401010 0.79
69.459387 0.77
69.528011 0.77
69.581771 0.77
69.637513 0.78
69.696636 0.77
69.755511 0.76
69.814512 0.77
69.878637 0.79
69.942640 0.77
70.006639 0.77
70.070389 0.78
70.139514 0.78
70.203515 0.77
70.267391 0.77
70.331642 0.78
70.390391 0.80
70.454391 0.77
70.518267 0.79
70.587392 0.79
70.651532 0.79
70.715899 0.78
70.779768 0.78
70.843769 0.78
70.907770 0.79
70.971925 0.79
71.041535 0.77
71.102277 0.79
71.162524 0.79
71.226397 0.79
71.290522 0.78
71.349417 0.79
71.413968 0.80
71.488651 0.78
71.552525 0.80
71.607300 0.79
71.656924 0.78
71.720902 0.77
71.779927 0.77
71.840527 0.81
71.904527 0.78
71.963527 0.77
72.022527 0.78
72.081181 0.77
72.150404 0.79
72.214532 0.78
72.273405 0.77
72.332404 0.78
72.396405 0.80
72.460531 0.79
72.519407 0.78
72.578532 0.77
72.642424 0.76
72.701533 0.79
72.760533 0.78
72.814533 0.79
72.868534 0.80
72.927409 0.79
72.991410 0.77
73.050411 0.78
73.109536 0.78
73.168536 0.76
73.222537 0.80
73.281540 0.77
73.331414 0.77
73.390413 0.78
73.449538 0.81
73.508414 0.80
73.567289 0.80
73.627675 0.78
73.681790 0.79
73.736791 0.76
73.791665 0.76
73.860791 0.80
73.920667 0.78
73.984802 0.78
74.045548 0.78
74.102542 0.78
74.153193 0.80
74.202793 0.78
74.267068 0.78
74.323173 0.77
74.392547 0.80
74.456546 0.76
74.513063 0.79
74.582318 0.78
74.651439 0.77
74.715064 0.80
74.784064 0.80
74.858548 0.78
74.922548 0.79
74.986064 0.80
75.046549 0.79
75.112317 0.80
75.171194 0.76
75.240193 0.80
75.309195 0.78
75.378195 0.77
75.442687 0.77
75.496984 0.77
75.571323 0.79
75.629804 0.80
75.695555 0.76
75.754180 0.79
75.814556 0.81
75.878198 0.80
75.942071 0.78
76.011557 0.78
76.070200 0.79
76.139083 0.76
76.214103 0.79
76.273059 0.78
76.347310 0.80
76.411060 0.77
76.485078 0.78
76.554326 0.78
76.614091 0.79
76.663687 0.78
76.732563 0.80
76.807077 0.78
76.881078 0.78
76.955064 0.79
77.019329 0.79
77.083333 0.80
77.147082 0.81
77.216331 0.78
77.280112 0.78
77.349567 0.76
77.415567 0.78
77.479096 0.78
77.548095 0.78
77.622069 0.78
77.691212 0.77
77.755070 0.77
77.829086 0.79
77.898335 0.80
77.957089 0.79
78.026100 0.81
78.090572 0.78
78.154704 0.77
78.229343 0.77
78.293453 0.78
78.357230 0.80
78.416452 0.78
78.490951 0.78
78.556700 0.78
78.611701 0.76
78.670076 0.80
78.728577 0.78
78.781980 0.80
78.847578 0.78
78.912981 0.80
78.973232 0.78
79.033579 0.78
79.086982 0.78
79.143456 0.81
79.207095 0.78
79.271331 0.80
79.325957 0.78
79.391582 0.78
79.444958 0.79
79.518985 0.81
79.583211 0.78
79.647210 0.78
79.702584 0.79
79.760959 0.80
79.834961 0.80
79.903962 0.78
79.977961 0.78
80.046836 0.79
80.116247 0.78
80.170088 0.81
80.238838 0.78
80.307587 0.78
80.366251 0.78
80.420965 0.79
80.494965 0.78
80.563966 0.78
80.627594 0.79
80.687859 0.78
80.748119 0.77
80.816849 0.80
80.877106 0.78
80.946110 0.76
81.014996 0.78
81.084111 0.80
81.148123 0.79
81.211848 0.78
81.281112 0.79
81.350111 0.77
81.419097 0.78
81.479598 0.78
81.529351 0.78
81.587973 0.80
81.648098 0.78
81.699362 0.79
81.762974 0.79
81.819229 0.78
81.869852 0.78
81.921100 0.78
81.979979 0.80
82.036227 0.80
82.094857 0.78
82.158983 0.77
82.215227 0.77
82.265858 0.78
82.320353 0.78
82.384104 0.78
82.435229 0.78
82.485855 0.77
82.545857 0.78
82.620120 0.77
82.683859 0.79
82.752482 0.81
82.821499 0.78
82.885483 0.80
82.944123 0.77
83.003114 0.78
83.062371 0.77
83.131861 0.77
83.206380 0.76
83.265259 0.79
83.319361 0.79
83.383379 0.77
83.447740 0.77
83.513864 0.78
83.582489 0.78
83.643362 0.79
83.709032 0.80
83.772868 0.77
83.842279 0.79
83.906741 0.78
83.970918 0.76
84.035013 0.77
84.093494 0.76
84.152495 0.80
84.207742 0.79
84.271368 0.79
84.335383 0.80
84.390369 0.76
84.449383 0.80
84.507746 0.77
84.572258 0.78
84.636747 0.77
84.706025 0.81
84.766497 0.80
84.825389 0.78
84.883873 0.78
84.943748 0.80
84.993389 0.80
85.052015 0.80
85.110749 0.81
85.179904 0.79
85.243999 0.78
85.302909 0.80
85.361903 0.79
85.416030 0.79
85.475131 0.80
85.530001 0.79
85.594271 0.79
85.657753 0.80
85.726628 0.78
85.795628 0.77
85.860185 0.77
85.919761 0.79
85.975153 0.79
86.039005 0.78
86.098007 0.79
86.157011 0.79
86.216256 0.80
86.280758 0.78
86.344382 0.78
86.399383 0.78
86.454383 0.79
86.512758 0.78
86.581384 0.78
86.639760 0.79
86.708384 0.79
86.763261 0.79
86.828386 0.78
86.886761 0.79
86.955387 0.79
87.010262 0.80
87.073762 0.79
87.142388 0.79
87.197263 0.80
87.257264 0.80
87.317265 0.78
87.377264 0.77
87.435640 0.79
87.500922 0.78
87.559642 0.79
87.628642 0.79
87.697643 0.78
87.759018 0.78
87.813644 0.78
87.882412 0.78
87.946162 0.77
88.004770 0.80
88.064676 0.76
88.114290 0.77
88.172926 0.81
88.231647 0.78
88.300398 0.76
88.359289 0.78
88.417927 0.79
88.481649 0.77
88.550418 0.81
88.614167 0.78
88.677930 0.78
88.736650 0.76
88.805418 0.79
88.869169 0.79
88.927929 0.78
88.991653 0.81
89.060421 0.80
89.119294 0.79
89.177934 0.78
89.236779 0.79
89.300780 0.80
89.364656 0.78
89.428655 0.78
89.502656 0.76
89.571422 0.79
89.635174 0.80
89.695425 0.78
89.754048 0.76
89.823048 0.80
89.892052 0.77
89.961050 0.78
90.030052 0.78
90.099054 0.78
90.152536 0.78
90.213940 0.77
90.263662 0.78
90.327788 0.79
90.386538 0.78
90.442941 0.76
90.492943 0.80
90.551789 0.78
90.610789 0.80
90.669665 0.79
90.733665 0.78
90.793571 0.79
90.853667 0.76
90.922667 0.79
90.991668 0.78
91.060668 0.80
91.129667 0.80
91.193669 0.80
91.257545 0.80
91.331545 0.78
91.400670 0.79
91.464546 0.80
91.533672 0.79
91.602672 0.79
91.666672 0.81
91.735547 0.80
91.799673 0.78
91.863674 0.79
91.932550 0.77
92.001550 0.79
92.075675 0.79
92.139551 0.79
92.203676 0.78
92.262802 0.79
92.321677 0.78
92.385553 0.78
92.449678 0.80
92.508554 0.79
92.577554 0.78
92.641679 0.80
92.700680 0.80
92.769680 0.79
92.833681 0.79
92.892556 0.79
92.956681 0.80
93.015807 0.78
93.074682 0.78
93.138683 0.78
93.197684 0.79
93.256559 0.78
93.320685 0.80
93.384560 0.76
93.448686 0.77
93.507561 0.79
93.571686 0.77
93.630562 0.77
93.694812 0.81
93.744812 0.80
93.799688 0.78
93.858688 0.78
93.917564 0.78
93.981814 0.78
94.050970 0.78
94.115082 0.79
94.179083 0.79
94.244566 0.78
94.313817 0.78
94.368692 0.79
94.432568 0.77
94.496693 0.76
94.555568 0.80
94.619694 0.76
94.680569 0.79
94.744695 0.78
94.803695 0.77
94.862696 0.77
94.921696 0.78
94.985572 0.78
95.040572 0.81
95.099340 0.79
95.168338 0.77
95.237699 0.79
95.296699 0.78
95.355574 0.77
95.414700 0.79
95.473700 0.80
95.527701 0.80
95.586576 0.80
95.645702 0.76
95.704577 0.79
95.763467 0.77
95.827703 0.80
95.882703 0.79
95.937704 0.79
95.992704 0.79
96.047704 0.79
96.102705 0.76
96.157580 0.77
96.216348 0.80
96.277706 0.79
96.332474 0.77
96.401582 0.78
96.465458 0.78
96.529583 0.80
96.588350 0.79
96.658364 0.78
96.718459 0.79
96.781960 0.79
96.840335 0.81
96.908960 0.77
96.967336 0.79
97.035961 0.77
97.094337 0.78
97.162962 0.77
97.221338 0.78
97.289963 0.79
97.348339 0.79
97.416964 0.79
97.475339 0.76
97.543965 0.80
97.602340 0.77
97.670966 0.76
97.729364 0.78
97.789967 0.79
97.864361 0.78
97.933597 0.76
97.987596 0.79
98.051720 0.79
98.126235 0.78
98.200595 0.78
98.264472 0.79
98.329023 0.79
98.393726 0.78
98.463005 0.78
98.537473 0.78
98.596598 0.77
98.655599 0.78
98.710599 0.79
98.765599 0.77
98.820600 0.80
98.875601 0.76
98.930601 0.78
98.985601 0.80
99.040602 0.78
99.095602 0.78
99.150603 0.79
99.201257 0.77
99.255855 0.78
99.310855 0.78
99.376604 0.79
99.431604 0.80
99.486605 0.80
99.541605 0.77
99.596606 0.76
99.660859 0.80
99.721607 0.81
99.776374 0.79
99.840249 0.79
99.914375 0.80
99.978137 0.78
100.042609 0.78
100.117137 0.78
100.191485 0.76
100.250611 0.80
100.316611 0.79
100.382254 0.78
100.456380 0.77
100.516737 0.78
100.580738 0.78
100.639901 0.76
100.714489 0.78
100.773382 0.80
100.832490 0.78
100.891491 0.78
100.950491 0.79
101.004383 0.81
101.063491 0.77
101.122492 0.79
101.176492 0.77
101.235493 0.78
101.294493 0.76
101.348494 0.79
101.407494 0.77
101.457495 0.76
101.516495 0.78
101.570495 0.77
101.625621 0.80
101.696149 0.78
101.747152 0.79
101.796746 0.78
101.853152 0.79
101.904145 0.77
101.958748 0.78
102.015152 0.80
102.064748 0.80
102.121154 0.77
102.175750 0.79
102.230750 0.79
102.290626 0.76
102.354501 0.80
102.409502 0.78
102.464502 0.77
102.519503 0.79
102.578503 0.80
102.642503 0.81
102.706396 0.77
102.765504 0.79
102.824505 0.80
102.888755 0.77
102.951274 0.79
103.020397 0.78
103.079506 0.80
103.145507 0.77
103.209757 0.81
103.270383 0.80
103.329509 0.78
103.388758 0.77
103.449402 0.78
103.503161 0.78
103.567510 0.80
103.628278 0.79
103.682277 0.79
103.736279 0.78
103.790277 0.77
103.844277 0.81
103.903404 0.78
103.958403 0.79
104.013405 0.78
104.067167 0.77
104.136168 0.78
104.196640 0.80
104.255516 0.78
104.319516 0.78
104.388516 0.80
104.457516 0.78
104.517517 0.77
104.591517 0.78
104.660518 0.78
104.719161 0.80
104.783162 0.81
104.852161 0.79
104.921160 0.76
104.990163 0.78
105.059164 0.78
105.123162 0.81
105.192148 0.77
105.261164 0.78
105.330023 0.80
105.399165 0.79
105.468167 0.79
105.537024 0.77
105.606168 0.78
105.675168 0.77
105.744167 0.77
105.813167 0.76
105.882169 0.78
105.951167 0.79
106.020172 0.78
106.089168 0.78
106.158168 0.81
106.227170 0.79
106.291047 0.80
106.365046 0.77
106.434173 0.79
106.503047 0.79
106.572532 0.80
106.636532 0.78
106.705533 0.77
106.779659 0.78
106.843534 0.79
106.917660 0.80
106.981660 0.80
107.043661 0.78
107.105662 0.78
107.167662 0.77
107.229537 0.78
107.282943 0.79
107.352053 0.81
107.416065 0.78
107.476539 0.80
107.530056 0.78
107.590665 0.78
107.654540 0.79
107.707945 0.79
107.771946 0.79
107.841181 0.79
107.900057 0.81
107.964183 0.78
108.028308 0.77
108.092543 0.76
108.151544 0.78
108.215544 0.78
108.269061 0.78
108.328556 0.78
108.397798 0.78
108.467077 0.78
108.531189 0.77
108.595312 0.81
108.664672 0.79
108.723548 0.76
108.776950 0.77
108.846189 0.79
108.910316 0.77
108.974425 0.78
109.043800 0.78
109.113194 0.79
109.172078 0.79
109.236192 0.79
109.300320 0.81
109.364427 0.77
109.424803 0.78
109.494070 0.78
109.558207 0.76
109.622321 0.78
109.686430 0.79
109.750431 0.80
109.810806 0.78
109.875083 0.78
109.933961 0.78
109.992961 0.80
110.057085 0.78
110.115962 0.80
110.180085 0.81
110.238965 0.80
110.303086 0.78
110.361964 0.78
110.426087 0.78
110.484966 0.80
110.549089 0.78
110.607966 0.81
110.672090 0.76
110.730967 0.78
110.795092 0.77
110.853969 0.77
110.918092 0.78
110.976970 0.78
111.041095 0.77
111.099969 0.78
111.164093 0.78
111.222971 0.80
111.287094 0.78
111.345972 0.79
111.410097 0.80
111.468943 0.76
111.532443 0.78
111.590818 0.79
111.659443 0.78
111.717819 0.80
111.786444 0.80
111.844820 0.79
111.913446 0.80
111.971821 0.78
112.040446 0.76
112.098822 0.77
112.167447 0.76
112.225822 0.77
112.294448 0.77
112.349324 0.78
112.409325 0.80
112.469325 0.78
112.529325 0.78
112.589326 0.78
112.649326 0.77
112.707701 0.76
112.772827 0.77
112.842703 0.78
112.906203 0.77
112.969703 0.78
113.034954 0.78
113.086079 0.78
113.144454 0.78
113.202830 0.79
113.259081 0.81
113.309706 0.78
113.364206 0.77
113.427706 0.79
113.489082 0.78
113.539708 0.78
113.594208 0.80
113.657708 0.77
113.726334 0.78
113.784709 0.77
113.853335 0.78
113.911710 0.79
113.980336 0.78
114.038711 0.80
114.107337 0.79
114.165712 0.79
114.234338 0.78
114.292713 0.78
114.361339 0.79
114.419714 0.79
114.488340 0.81
114.546715 0.79
114.615340 0.78
114.673716 0.77
114.742342 0.79
114.800717 0.78
114.869342 0.77
114.927718 0.79
114.996343 0.78
115.051221 0.79
115.111220 0.81
115.171220 0.78
115.234721 0.76
115.308597 0.78
115.368849 0.80
115.432597 0.77
115.489002 0.80
115.544022 0.76
115.598874 0.78
115.663118 0.81
115.718365 0.79
115.782367 0.78
115.836009 0.76
115.895366 0.77
115.953727 0.76
116.019107 0.78
116.077727 0.78
116.136603 0.77
116.193007 0.80
116.242855 0.77
116.296855 0.79
116.355604 0.78
116.429605 0.79
116.498372 0.79
116.551856 0.80
116.606636 0.76
116.675737 0.81
116.739373 0.76
116.792859 0.79
116.851611 0.77
116.920234 0.77
116.989609 0.79
117.063734 0.80
117.127484 0.79
117.187867 0.77
117.251611 0.78
117.315611 0.78
117.389737 0.78
117.453236 0.79
117.511737 0.78
117.575612 0.78
117.644380 0.81
117.704490 0.76
117.778745 0.77
117.842615 0.78
117.911491 0.76
117.971741 0.79
118.035492 0.79
118.094259 0.80
118.163617 0.80
118.232619 0.79
118.301744 0.76
118.360744 0.80
118.424495 0.77
118.488495 0.79
118.549873 0.80
118.603623 0.80
118.667621 0.76
118.736746 0.77
118.795622 0.78
118.860525 0.76
118.907900 0.77
118.966623 0.78
119.025499 0.78
119.089499 0.79
119.163625 0.78
119.227750 0.78
119.286626 0.79
119.350627 0.78
119.414627 0.78
119.483627 0.78
119.547503 0.78
119.616628 0.79
119.680504 0.78
119.754635 0.77
119.818505 0.79
119.887505 0.76
119.961631 0.77
120.025506 0.78
120.094382 0.79
120.168785 0.76
120.238637 0.79
120.302635 0.80
120.371634 0.76
120.430510 0.78
120.504635 0.77
120.568510 0.77
120.632511 0.78
120.701761 0.79
120.760512 0.77
120.824637 0.79
120.888513 0.80
120.947013 0.78
120.997281 0.80
121.052281 0.80
121.108919 0.80
121.173043 0.80
121.242015 0.78
121.311033 0.77
121.379920 0.77
121.444017 0.80
121.513045 0.76
121.565767 0.77
121.615643 0.78
121.679644 0.79
121.739422 0.81
121.795423 0.78
121.855520 0.80
121.919520 0.80
121.984423 0.77
122.044396 0.80
122.114426 0.78
122.164023 0.79
122.228023 0.79
122.292023 0.77
122.356023 0.78
122.420024 0.79
122.483931 0.77
122.548025 0.77
122.606928 0.80
122.671025 0.80
122.735166 0.78
122.799527 0.79
122.863529 0.80
122.932527 0.78
122.991528 0.79
123.055528 0.80
123.116654 0.79
123.180654 0.79
123.244422 0.79
123.308656 0.80
123.372656 0.77
123.436531 0.80
123.495531 0.78
123.559543 0.79
123.625312 0.79
123.684658 0.80
123.745283 0.79
123.810533 0.76
123.874034 0.78
123.928910 0.78
123.988910 0.80
124.047285 0.79
124.108661 0.77
124.168287 0.79
124.216412 0.80
124.276537 0.78
124.331537 0.77
124.386539 0.78
124.437663 0.77
124.496039 0.81
124.554414 0.80
124.610664 0.78
124.661305 0.79
124.715790 0.78
124.779290 0.80
124.840666 0.77
124.891293 0.80
124.945791 0.76
125.009418 0.81
125.072919 0.80
125.131293 0.77
125.199919 0.80
125.258294 0.79
125.326950 0.78
125.390796 0.76
125.460171 0.78
125.520422 0.76
125.584423 0.77
125.648673 0.78
125.717952 0.79
125.792674 0.80
125.856549 0.80
125.920442 0.79
125.979425 0.77
126.038550 0.77
126.102551 0.77
126.161551 0.79
126.220317 0.78
126.286317 0.78
126.350449 0.77
126.409554 0.80
126.468554 0.78
126.522554 0.78
126.576559 0.78
126.635430 0.79
126.694555 0.79
126.748556 0.76
126.802556 0.77
126.861556 0.79
126.915557 0.78
126.969557 0.81
127.018948 0.79
127.082808 0.80
127.137808 0.79
127.196452 0.80
127.254809 0.79
127.313560 0.80
127.368333 0.79
127.424561 0.81
127.479325 0.80
127.544216 0.81
127.603562 0.78
127.658563 0.77
127.718688 0.79
127.782564 0.81
127.837564 0.76
127.892063 0.78
127.951689 0.78
128.015191 0.79
128.083815 0.77
128.142193 0.76
128.210816 0.77
128.269317 0.79
128.332816 0.76
128.386192 0.77
128.454817 0.81
128.513197 0.76
128.581818 0.79
128.640194 0.80
128.708819 0.76
128.767195 0.78
128.835820 0.76
128.890820 0.78
128.949197 0.79
129.017822 0.80
129.072824 0.81
129.127824 0.78
129.182823 0.79
129.237698 0.78
129.297699 0.78
129.361200 0.78
129.431075 0.79
129.480825 0.78
129.535700 0.81
129.595700 0.80
129.655702 0.76
129.715702 0.77
129.774077 0.78
129.839327 0.80
129.894328 0.80
129.945454 0.78
130.009079 0.80
130.070458 0.78
130.121081 0.81
130.169205 0.78
130.232705 0.76
130.291081 0.76
130.359706 0.79
130.418221 0.79
130.481708 0.78
130.540091 0.78
130.608708 0.78
130.667084 0.80
130.735709 0.79
130.794085 0.80
130.862710 0.77
130.921086 0.78
130.989715 0.78
131.048087 0.77
131.116721 0.81
131.175088 0.79
131.243713 0.78
131.302088 0.81
131.370714 0.79
131.429089 0.80
131.497715 0.77
131.556090 0.79
131.624716 0.79
131.683102 0.80
131.751717 0.80
131.806727 0.77
131.861717 0.78
131.916722 0.81
131.971718 0.79
132.026597 0.77
132.086594 0.78
132.146604 0.76
132.206594 0.78
132.266595 0.77
132.326596 0.79
132.386596 0.79
132.446597 0.76
132.510097 0.79
132.564973 0.77
132.630224 0.78
132.694974 0.79
132.753474 0.76
132.816990 0.79
132.873350 0.78
132.923977 0.77
132.978476 0.79
133.041977 0.78
133.103352 0.78
133.153980 0.81
133.208478 0.78
133.271980 0.77
133.335603 0.78
133.393981 0.78
133.462605 0.81
133.520994 0.78
133.584605 0.76
133.642981 0.81
133.711606 0.76
133.769982 0.77
133.838607 0.76
133.896983 0.79
133.965609 0.79
134.023983 0.79
134.092609 0.80
134.150987 0.81
134.214609 0.78
134.272986 0.78
134.341611 0.79
134.399987 0.77
134.468862 0.78
134.529001 0.80
134.597613 0.80
134.656000 0.80
134.724614 0.81
134.779614 0.79
134.834489 0.78
134.894490 0.78
134.954490 0.80
135.014491 0.81
135.074491 0.79
135.137992 0.80
135.206617 0.77
135.264993 0.78
135.325118 0.79
135.384022 0.81
135.437370 0.78
135.496024 0.80
135.565026 0.79
135.616386 0.78
135.675140 0.77
135.733876 0.78
135.798140 0.78
135.857027 0.80
135.917625 0.78
135.979624 0.78
136.045139 0.79
136.104000 0.79
136.164626 0.79
136.228626 0.78
136.292625 0.80
136.356626 0.77
136.425879 0.80
136.495155 0.79
136.559032 0.78
136.623146 0.79
136.687145 0.79
136.746146 0.78
136.804881 0.79
136.869034 0.79
136.933054 0.80
136.997024 0.77
137.061300 0.77
137.125272 0.79
137.189148 0.80
137.253149 0.77
137.307011 0.79
137.370885 0.77
137.434886 0.79
137.503886 0.78
137.568036 0.77
137.632158 0.78
137.687011 0.80
137.751040 0.77
137.815012 0.78
137.873917 0.78
137.938278 0.80
138.003070 0.77
138.068055 0.78
138.127141 0.78
138.186016 0.80
138.244920 0.80
138.309016 0.80
138.368152 0.76
138.423143 0.79
138.478393 0.80
138.537409 0.76
138.607018 0.80
138.671158 0.81
138.717290 0.79
138.781395 0.77
138.840395 0.79
138.899413 0.76
138.964148 0.77
139.010290 0.78
139.069522 0.79
139.133415 0.78
139.203022 0.77
139.261398 0.79
139.320414 0.79
139.384422 0.81
139.453905 0.78
139.512939 0.77
139.577025 0.79
139.641184 0.79
139.701902 0.79
139.765903 0.78
139.824902 0.79
139.893904 0.78
139.952933 0.79
140.011908 0.78
140.075906 0.81
140.139906 0.78
140.193907 0.79
140.253066 0.77
140.309783 0.78
140.374097 0.78
140.430783 0.80
140.495189 0.79
140.550691 0.78
140.615315 0.79
140.668051 0.78
140.726662 0.78
140.785786 0.77
140.846198 0.78
140.910177 0.79
140.974798 0.78
141.044303 0.78
141.113787 0.77
141.177787 0.77
141.242433 0.78
141.295915 0.79
141.349915 0.79
141.404664 0.79
141.461801 0.78
141.521665 0.79
141.571451 0.78
141.645790 0.76
141.709924 0.76
141.774186 0.77
141.834669 0.79
141.903793 0.80
141.962795 0.77
142.026920 0.79
142.091308 0.79
142.144669 0.78
142.213672 0.78
142.282674 0.80
142.346421 0.79
142.416325 0.79
142.480188 0.77
142.544673 0.78
142.608439 0.79
142.667801 0.79
142.726800 0.78
142.785925 0.79
142.844674 0.80
142.913803 0.80
142.977676 0.79
143.041801 0.80
143.105806 0.79
143.166804 0.76
143.230679 0.79
143.299678 0.78
143.364099 0.78
143.428197 0.78
143.492195 0.78
143.552805 0.77
143.612085 0.77
143.667431 0.79
143.726196 0.77
143.781448 0.78
143.840199 0.78
143.899077 0.79
143.958204 0.78
144.016808 0.79
144.072214 0.77
144.124934 0.79
144.179834 0.77
144.239560 0.78
144.293201 0.80
144.346686 0.80
144.406562 0.77
144.462562 0.79
144.518562 0.80
144.578941 0.77
144.643082 0.78
144.697206 0.80
144.755564 0.78
144.814817 0.76
144.873816 0.78
144.927816 0.78
144.986690 0.78
145.051105 0.78
145.110084 0.77
145.169211 0.77
145.227692 0.76
145.291692 0.80
145.360693 0.79
145.429818 0.79
145.493699 0.78
145.557696 0.79
145.626822 0.79
145.688570 0.78
145.762699 0.77
145.821697 0.76
145.890697 0.80
145.954697 0.77
146.013826 0.77
146.072699 0.81
146.126699 0.79
146.190574 0.80
146.251215 0.78
146.306103 0.79
146.375576 0.78
146.449710 0.77
146.508703 0.78
146.572857 0.76
146.627827 0.78
146.691965 0.79
146.745704 0.78
146.804860 0.81
146.882579 0.76
146.941347 0.80
147.000109 0.80
147.055119 0.79
147.124099 0.78
147.177966 0.77
147.232101 0.81
147.290859 0.76
147.360099 0.79
147.418838 0.78
147.482710 0.78
147.537508 0.78
147.586960 0.78
147.657485 0.80
147.726462 0.78
147.790837 0.78
147.845462 0.77
147.925465 0.79
147.994838 0.78
148.059091 0.78
148.117852 0.78
148.176588 0.80
148.253965 0.81
148.322965 0.78
148.388468 0.77
148.452107 0.77
148.517966 0.78
148.571592 0.79
148.635717 0.79
148.694592 0.78
148.753718 0.77
148.812120 0.78
148.867721 0.78
148.931595 0.79
148.990594 0.79
149.054595 0.80
149.113973 0.80
149.173003 0.78
149.225125 0.78
149.275098 0.80
149.335601 0.76
149.394724 0.77
149.453599 0.77
149.517598 0.78
149.576858 0.77
149.637353 0.81
149.692726 0.81
149.754379 0.79
149.813605 0.77
149.872603 0.80
149.926728 0.79
149.987005 0.77
150.072856 0.79
150.137006 0.76
150.192006 0.77
150.246856 0.76
150.311738 0.79
150.368395 0.79
150.419389 0.77
150.470361 0.79
150.534606 0.78
150.598499 0.78
150.657607 0.77
150.716607 0.78
150.775859 0.78
150.840015 0.80
150.904611 0.76
150.963611 0.78
151.028490 0.77
151.087613 0.79
151.146737 0.79
151.216018 0.80
151.275487 0.81
151.339612 0.80
151.403616 0.78
151.457614 0.78
151.521618 0.78
151.582380 0.78
151.646622 0.79
151.710615 0.81
151.769615 0.79
151.833741 0.79
151.892624 0.79
151.957025 0.78
152.026748 0.76
152.091027 0.80
152.155753 0.76
152.210038 0.76
152.287030 0.77
152.356621 0.77
152.415750 0.79
152.479874 0.79
152.540755 0.77
152.600501 0.78
152.659623 0.80
152.709498 0.77
152.768622 0.80
152.823623 0.78
152.878373 0.80
152.942501 0.80
152.997254 0.78
153.062268 0.77
153.126626 0.79
153.176626 0.79
153.231140 0.78
153.296505 0.81
153.355753 0.78
153.425633 0.78
153.487260 0.78
153.542513 0.79
153.604049 0.78
153.668765 0.76
153.733507 0.77
153.792763 0.80
153.851883 0.79
153.914518 0.79
153.984149 0.81
154.049909 0.79
154.124149 0.77
154.195511 0.81
154.249383 0.80
154.313152 0.78
154.382162 0.79
154.451153 0.80
154.521760 0.76
154.582401 0.77
154.646404 0.80
154.700766 0.76
154.759907 0.79
154.824641 0.78
154.883388 0.78
154.941889 0.78
155.007514 0.79
155.061773 0.78
155.121925 0.78
155.193416 0.79
155.247409 0.77
155.306517 0.80
155.365267 0.77
155.434145 0.79
155.508157 0.80
155.567649 0.76
155.637162 0.76
155.707064 0.78
155.771416 0.77
155.830435 0.80
155.896163 0.80
155.955647 0.76
156.025021 0.80
156.089647 0.79
156.153522 0.77
156.219164 0.80
156.283166 0.77
156.352655 0.78
156.416402 0.77
156.481305 0.77
156.545779 0.80
156.605299 0.76
156.674778 0.78
156.738779 0.79
156.797528 0.80
156.869171 0.79
156.938053 0.81
157.002424 0.78
157.061422 0.79
157.145296 0.76
157.209169 0.79
157.283173 0.79
157.357173 0.81
157.426174 0.78
157.495299 0.77
157.554300 0.77
157.623300 0.78
157.687302 0.76
157.740785 0.77
157.794410 0.80
157.849301 0.78
157.908052 0.78
157.977303 0.77
158.041304 0.77
158.105305 0.77
158.169052 0.77
158.238304 0.78
158.302056 0.80
158.357542 0.78
158.421665 0.79
158.480667 0.79
158.535540 0.76
158.595543 0.78
158.664793 0.79
158.730802 0.77
158.795545 0.79
158.870546 0.78
158.939920 0.80
159.009311 0.77
159.068186 0.78
159.132547 0.78
159.198047 0.78
159.268177 0.78
159.327423 0.78
159.392051 0.79
159.461081 0.79
159.525674 0.78
159.586315 0.78
159.647300 0.77
159.706318 0.78
159.776198 0.80
159.840677 0.78
159.900330 0.78
159.965094 0.79
160.031322 0.80
160.090319 0.80
160.144557 0.79
160.213930 0.79
160.283321 0.78
160.347319 0.78
160.406557 0.79
160.460074 0.80
160.519206 0.78
160.578324 0.81
160.633440 0.76
160.693079 0.77
160.763214 0.78
160.823937 0.78
160.888079 0.78
160.942444 0.79
160.997941 0.79
161.052080 0.78
161.107435 0.79
161.177566 0.79
161.230313 0.77
161.276447 0.80
161.341101 0.77
161.411344 0.80
161.484109 0.79
161.543207 0.79
161.613101 0.78
161.683231 0.80
161.748109 0.77
161.812703 0.79
161.892944 0.80
161.963350 0.79
162.047227 0.80
162.106570 0.77
162.176107 0.78
162.251338 0.78
162.310579 0.80
162.374569 0.80
162.428088 0.78
162.487340 0.80
162.546225 0.77
162.605572 0.79
162.664445 0.77
162.728574 0.82
162.787572 0.76
162.847095 0.79
162.906091 0.78
162.965458 0.80
163.026347 0.78
163.091223 0.78
163.146094 0.78
163.210460 0.79
163.264097 0.80
163.328096 0.78
163.387220 0.78
163.451343 0.77
163.516827 0.79
163.581105 0.79
163.639954 0.78
163.703957 0.81
163.764831 0.79
163.825586 0.78
163.894956 0.77
163.955373 0.79
164.008984 0.78
164.077985 0.78
164.129249 0.80
164.189332 0.77
164.253836 0.78
164.323123 0.79
164.388141 0.78
164.446836 0.79
164.517239 0.79
164.587251 0.78
164.652240 0.78
164.721965 0.77
164.786719 0.78
164.850965 0.80
164.914593 0.78
164.997463 0.80
165.066964 0.80
165.130464 0.78
165.183838 0.79
165.257971 0.79
165.317362 0.78
165.387034 0.78
165.446721 0.78
165.524250 0.78
165.578344 0.80
165.652467 0.78
165.721997 0.77
165.785852 0.78
165.854847 0.78
165.918849 0.81
165.983002 0.78
166.037262 0.77
166.101596 0.80
166.165853 0.78
166.229599 0.79
166.286249 0.79
166.346769 0.78
166.411044 0.77
166.472485 0.79
166.532123 0.78
166.582113 0.80
166.642863 0.77
166.713048 0.79
166.781775 0.78
166.836248 0.78
166.895980 0.80
166.950290 0.80
167.010031 0.79
167.064126 0.77
167.123355 0.77
167.201053 0.77
167.260358 0.78
167.324359 0.78
167.394028 0.77
167.447861 0.77
167.512119 0.78
167.585379 0.78
167.664046 0.78
167.729028 0.78
167.792618 0.80
167.852262 0.77
167.912057 0.76
167.973035 0.78
168.023267 0.79
168.075267 0.78
168.135040 0.77
168.194378 0.80
168.266030 0.77
168.316173 0.78
168.375870 0.77
168.430124 0.78
168.484494 0.78
168.553616 0.80
168.613867 0.78
168.678283 0.78
168.747614 0.77
168.811369 0.76
168.875260 0.77
168.934060 0.79
168.998128 0.77
169.062130 0.78
169.126384 0.79
169.191624 0.78
169.238997 0.80
169.292621 0.77
169.361746 0.78
169.416745 0.76
169.486161 0.79
169.545141 0.79
169.614167 0.78
169.674141 0.78
169.737621 0.80
169.811498 0.77
169.868387 0.79
169.921875 0.77
169.980753 0.80
170.039878 0.79
170.098637 0.79
170.172755 0.80
170.236888 0.79
170.301381 0.78
170.370130 0.77
170.433628 0.77
170.503070 0.79
170.562149 0.76
170.615906 0.80
170.680760 0.78
170.744886 0.78
170.812257 0.80
170.870633 0.78
170.944633 0.78
171.013638 0.80
171.088132 0.78
171.148400 0.78
171.212277 0.78
171.281277 0.76
171.345136 0.80
171.405277 0.80
171.469154 0.78
171.527639 0.77
171.596261 0.78
171.651401 0.79
171.710637 0.79
171.774388 0.76
171.833892 0.78
171.892640 0.80
171.958770 0.79
172.012641 0.76
172.077080 0.78
172.128517 0.78
172.182018 0.78
172.251018 0.80
172.314919 0.77
172.369146 0.78
172.433157 0.81
172.493520 0.76
172.553522 0.79
172.601068 0.77
172.655167 0.77
172.713654 0.79
172.778178 0.77
172.843796 0.77
172.907528 0.81
172.966526 0.78
173.031291 0.78
173.090023 0.80
173.159652 0.77
173.228785 0.77
173.293654 0.80
173.368659 0.77
173.437949 0.80
173.497311 0.79
173.563532 0.79
173.638030 0.76
173.703405 0.77
173.773092 0.78
173.838179 0.80
173.892313 0.79
173.959083 0.78
174.018793 0.78
174.080309 0.78
174.139661 0.79
174.201085 0.80
174.260537 0.76
174.327100 0.79
174.383163 0.78
174.443106 0.78
174.502916 0.78
174.561914 0.80
174.625540 0.77
174.687792 0.77
174.746165 0.78
174.800175 0.77
174.859791 0.77
174.920056 0.81
174.976663 0.79
175.031788 0.77
175.090667 0.78
175.160540 0.78
175.215924 0.78
175.275055 0.77
175.344791 0.78
175.399540 0.80
175.464432 0.80
175.514043 0.80
175.572678 0.77
175.636920 0.78
175.695545 0.78
175.759542 0.78
175.823675 0.78
175.883062 0.76
175.947082 0.76
176.007798 0.78
176.072047 0.77
176.136981 0.77
176.202799 0.78
176.274680 0.79
176.352935 0.78
176.409203 0.79
176.468802 0.78
176.533559 0.78
176.592676 0.79
176.653955 0.78
176.713680 0.80
176.775205 0.76
176.834805 0.78
176.899192 0.81
176.973801 0.78
177.037551 0.79
177.096676 0.78
177.160677 0.78
177.214814 0.77
177.279074 0.79
177.338812 0.78
177.393076 0.79
177.457819 0.79
177.519105 0.77
177.583816 0.78
177.650564 0.79
177.715568 0.77
177.788691 0.78
177.853694 0.76
177.913567 0.81
177.974323 0.76
178.028818 0.78
178.093686 0.77
178.154570 0.80
178.219565 0.76
178.273821 0.81
178.338819 0.80
178.394322 0.78
178.449574 0.78
178.510320 0.78
178.564827 0.79
178.624570 0.77
178.678692 0.80
178.744944 0.77
178.805460 0.76
178.870576 0.78
178.932109 0.77
178.991829 0.80
179.056698 0.80
179.126954 0.79
179.186851 0.77
179.245320 0.80
179.314698 0.79
179.364831 0.77
179.443453 0.78
179.504463 0.79
179.563830 0.78
179.633325 0.80
179.697834 0.78
179.751950 0.77
179.816830 0.81
179.876344 0.77
179.935708 0.78
179.995458 0.79
180.049829 0.78
180.109454 0.79
180.168452 0.80
180.232354 0.76
180.296955 0.78
180.350578 0.78
180.409954 0.81
180.463362 0.79
180.517836 0.79
180.579958 0.78
180.635980 0.77
180.695711 0.80
180.768964 0.78
180.828712 0.78
180.893466 0.78
180.958465 0.80
181.028606 0.78
181.089467 0.77
181.154347 0.78
181.219468 0.77
181.280254 0.78
181.334733 0.79
181.399361 0.78
181.458713 0.76
181.523855 0.77
181.593870 0.79
181.656469 0.78
181.721473 0.78
181.791856 0.78
181.863723 0.77
181.928858 0.77
181.995474 0.78
182.057012 0.76
182.121876 0.78
182.186723 0.78
182.251595 0.78
182.315864 0.79
182.385601 0.77
182.446859 0.78
182.521469 0.78
182.575597 0.80
182.644852 0.76
182.709595 0.76
182.770255 0.80
182.834852 0.77
182.904366 0.76
182.965603 0.79
183.025243 0.76
183.091601 0.78
183.155723 0.80
183.225860 0.78
183.290602 0.78
183.355383 0.80
183.420355 0.78
183.481874 0.78
183.541370 0.78
183.600365 0.79
183.654119 0.77
183.718367 0.81
183.782139 0.80
183.846373 0.79
183.905482 0.77
183.955355 0.78
184.014383 0.78
184.073730 0.80
184.134147 0.81
184.193608 0.78
184.257604 0.77
184.321106 0.77
184.390135 0.78
184.449123 0.76
184.523378 0.79
184.582377 0.80
184.646383 0.80
184.711257 0.80
184.770374 0.77
184.840618 0.80
184.910490 0.79
184.975257 0.77
185.034488 0.77
185.099622 0.80
185.159157 0.77
185.234124 0.78
185.304136 0.78
185.374372 0.78
185.428493 0.79
185.489379 0.81
185.550493 0.80
185.614255 0.81
185.673742 0.79
185.738503 0.78
185.792621 0.81
185.851620 0.79
185.916011 0.80
185.985405 0.79
186.046266 0.78
186.105262 0.79
186.164506 0.79
186.234028 0.79
186.304270 0.77
186.368624 0.78
186.428290 0.78
186.493128 0.81
186.563288 0.78
186.628046 0.79
186.687282 0.80
186.746498 0.80
186.816282 0.78
186.866501 0.77
186.921511 0.80
186.981273 0.81
187.040504 0.76
187.097514 0.78
187.156503 0.78
187.231032 0.80
187.300144 0.76
187.364505 0.78
187.439035 0.79
187.508508 0.76
187.572631 0.78
187.633272 0.78
187.687256 0.78
187.751277 0.79
187.810007 0.77
187.874516 0.77
187.940511 0.78
188.004761 0.80
188.071513 0.78
188.131170 0.77
188.196155 0.77
188.250274 0.81
188.311771 0.78
188.371516 0.78
188.425515 0.79
188.489513 0.80
188.564067 0.77
188.633012 0.76
188.697517 0.79
188.751640 0.79
188.816167 0.78
188.875518 0.79
188.945171 0.80
189.005941 0.78
189.065396 0.79
189.129517 0.78
189.184391 0.81
189.253644 0.79
189.306285 0.78
189.352401 0.78
189.416521 0.78
189.486026 0.77
189.536291 0.80
189.586189 0.79
189.651173 0.78
189.716044 0.76
189.791148 0.80
189.850191 0.80
189.910944 0.76
189.975150 0.77
190.035052 0.78
190.110529 0.77
190.180660 0.77
190.240405 0.76
190.311057 0.79
190.386539 0.79
190.456787 0.77
190.521781 0.78
190.586786 0.80
190.651658 0.77
190.711911 0.78
190.780531 0.80
190.838906 0.77
190.907528 0.78
190.965905 0.76
191.034529 0.79
191.092905 0.79
191.161529 0.78
191.216531 0.79
191.277048 0.78
191.340943 0.77
191.410299 0.77
191.474533 0.80
191.528051 0.81
191.583315 0.79
191.638787 0.80
191.702795 0.78
191.768041 0.79
191.827060 0.79
191.886320 0.78
191.940540 0.81
192.001320 0.76
192.061065 0.80
192.115198 0.80
192.181977 0.78
192.253548 0.80
192.318676 0.78
192.382920 0.78
192.446425 0.78
192.516317 0.80
192.592203 0.79
192.662188 0.78
192.719555 0.77
192.779297 0.80
192.843436 0.80
192.918672 0.80
192.983317 0.78
193.043958 0.78
193.107932 0.77
193.171426 0.79
193.229806 0.78
193.304102 0.78
193.368677 0.78
193.438676 0.79
193.508193 0.78
193.567324 0.80
193.632803 0.79
193.697323 0.77
193.755927 0.77
193.819432 0.77
193.878074 0.77
193.937336 0.77
193.989439 0.77
194.054202 0.76
194.129065 0.79
194.192807 0.77
194.259443 0.78
194.319185 0.79
194.382687 0.79
194.447207 0.77
194.512118 0.78
194.573440 0.78
194.630343 0.79
194.691443 0.78
194.755975 0.80
194.826347 0.81
194.883064 0.78
194.937811 0.80
195.001684 0.78
195.063074 0.79
195.117812 0.80
195.169076 0.76
195.219686 0.79
195.274186 0.79
195.337689 0.77
195.406689 0.77
195.475688 0.81
195.544689 0.79
195.618693 0.77
195.692690 0.81
195.761440 0.78
195.820333 0.77
195.878971 0.77
195.937816 0.78
196.001691 0.79
196.060821 0.79
196.124974 0.76
196.179222 0.77
196.248696 0.78
196.313137 0.78
196.383095 0.76
196.452465 0.78
196.511826 0.77
196.570961 0.76
196.630861 0.78
196.695827 0.80
196.749997 0.78
196.805453 0.78
196.870151 0.79
196.931833 0.79
196.992828 0.79
197.054155 0.77
197.113341 0.79
197.172216 0.77
197.227952 0.79
197.291702 0.76
197.360996 0.78
197.416092 0.80
197.470227 0.77
197.530103 0.78
197.596363 0.78
197.655959 0.78
197.719957 0.79
197.780331 0.77
197.838705 0.80
197.907832 0.80
197.958984 0.80
198.022834 0.80
198.081582 0.81
198.155837 0.78
198.214708 0.77
198.278836 0.79
198.344617 0.78
198.394104 0.78
198.454626 0.77
198.504104 0.79
198.573969 0.78
198.639624 0.78
198.706118 0.78
198.765855 0.78
198.825128 0.76
198.890126 0.78
198.960027 0.80
199.030004 0.80
199.094726 0.79
199.149033 0.80
199.219152 0.79
199.278858 0.80
199.343721 0.76
199.413862 0.79
199.475366 0.80
199.535103 0.78
199.591371 0.76
199.650733 0.79
199.712356 0.78
199.776853 0.78
199.839550 0.80
199.893979 0.77
199.953350 0.78
200.013015 0.76
200.068361 0.79
200.128131 0.80
200.188857 0.79
200.243108 0.81
200.300027 0.78
200.364882 0.77
200.435152 0.80
200.496055 0.78
200.555869 0.77
200.616732 0.80
200.675860 0.78
200.740009 0.79
200.809137 0.78
200.874728 0.78
200.938855 0.77
200.993857 0.79
201.048616 0.76
201.123608 0.80
201.187744 0.76
201.258032 0.80
201.318522 0.79
201.373873 0.77
201.444112 0.78
201.503742 0.78
201.568615 0.78
201.632866 0.77
201.697738 0.79
201.756884 0.77
201.821140 0.78
201.895611 0.79
201.959869 0.80
202.029018 0.78
202.093130 0.76
202.153487 0.77
202.222740 0.78
202.283488 0.78
202.347614 0.78
202.401614 0.78
202.455875 0.79
202.516617 0.77
202.580624 0.79
202.640265 0.80
202.709743 0.78
202.774752 0.79
202.834264 0.78
202.899066 0.80
202.960044 0.79
203.024911 0.78
203.089750 0.78
203.149132 0.76
203.206131 0.78
203.275631 0.80
203.330057 0.77
203.395498 0.77
203.455056 0.79
203.520752 0.78
203.575913 0.77
203.635632 0.78
203.685754 0.77
203.735751 0.79
203.801041 0.80
203.866627 0.78
203.916941 0.79
203.975878 0.77
204.040764 0.80
204.108422 0.80
204.159947 0.78
204.219510 0.78
204.289638 0.76
204.346137 0.80
204.405759 0.77
204.480637 0.77
204.545137 0.79
204.604914 0.80
204.663633 0.76
204.719641 0.80
204.784638 0.79
204.845946 0.78
204.905514 0.78
204.969646 0.79
205.029520 0.78
205.090927 0.78
205.155641 0.80
205.216513 0.77
205.280636 0.78
205.341636 0.78
205.405636 0.78
205.466402 0.79
205.530637 0.78
205.591637 0.78
205.655952 0.76
205.706030 0.76
205.775947 0.78
205.841642 0.79
205.896773 0.78
205.961948 0.79
206.017780 0.78
206.074048 0.79
206.133648 0.76
206.193929 0.80
206.254773 0.76
206.314018 0.79
206.379297 0.78
206.443524 0.80
206.502648 0.80
206.562771 0.81
206.632776 0.78
206.702648 0.78
206.764340 0.80
206.823524 0.78
206.893532 0.78
206.943779 0.78
207.008411 0.77
207.058785 0.78
207.128653 0.79
207.186221 0.77
207.251174 0.81
207.321415 0.78
207.381177 0.76
207.451431 0.80
207.512660 0.78
207.577415 0.79
207.638959 0.76
207.698657 0.77
207.758906 0.76
207.817278 0.79
207.885905 0.80
207.940911 0.78
207.995915 0.78
208.054285 0.80
208.122907 0.80
208.183162 0.78
208.243283 0.79
208.311909 0.79
208.370287 0.79
208.433909 0.79
208.488783 0.78
208.552288 0.80
208.620913 0.76
208.675785 0.80
208.739291 0.78
208.799412 0.78
208.850544 0.79
208.908919 0.80
208.967288 0.79
209.023541 0.79
209.072914 0.77
209.127788 0.79
209.186164 0.80
209.247540 0.79
209.298166 0.78
209.346290 0.78
209.402540 0.78
209.453167 0.79
209.507665 0.80
209.571167 0.77
209.632541 0.77
209.683172 0.78
209.737669 0.76
209.801180 0.76
209.869798 0.77
209.928296 0.76
209.991803 0.78
210.050169 0.79
210.118795 0.79
210.177172 0.78
210.245804 0.80
210.304176 0.78
210.372806 0.77
210.431182 0.78
210.499809 0.80
210.568682 0.81
210.632179 0.79
210.700819 0.78
210.759180 0.79
210.827812 0.78
210.888057 0.77
210.948186 0.79
211.022058 0.78
211.090686 0.79
211.150811 0.78
211.205680 0.80
211.265689 0.77
211.325684 0.78
211.389192 0.77
211.449311 0.78
211.514067 0.78
211.562189 0.77
211.622310 0.80
211.677320 0.78
211.732313 0.78
211.787311 0.78
211.838443 0.78
211.889062 0.78
211.943567 0.79
212.007064 0.78
212.068444 0.78
212.119069 0.78
212.173564 0.78
212.237073 0.78
212.298440 0.80
212.349065 0.77
212.403566 0.77
212.467064 0.81
212.528447 0.78
212.579066 0.77
212.633573 0.79
212.697069 0.79
212.765700 0.77
212.824075 0.80
212.892699 0.76
212.951078 0.79
213.019695 0.77
213.078081 0.80
213.146698 0.79
213.205076 0.79
213.273701 0.77
213.332080 0.81
213.405953 0.78
213.466084 0.78
213.534703 0.80
213.589699 0.80
213.649960 0.78
213.710077 0.78
213.778701 0.76
213.833702 0.80
213.888710 0.78
213.943708 0.77
213.998579 0.78
214.058707 0.79
214.113583 0.78
214.173587 0.79
214.233585 0.78
214.286957 0.76
214.352216 0.80
214.410583 0.79
214.468965 0.78
214.537584 0.78
214.592591 0.78
214.656090 0.79
214.712333 0.77
214.771956 0.81
214.826456 0.80
214.889960 0.80
214.951333 0.79
215.001958 0.78
215.056462 0.78
215.119959 0.79
215.189965 0.77
215.244462 0.78
215.307969 0.80
215.376589 0.79
215.434964 0.78
215.508867 0.78
215.577462 0.80
215.640969 0.77
215.709589 0.78
215.768245 0.77
215.826838 0.78
215.890590 0.78
215.944591 0.76
216.013465 0.80
216.072344 0.76
216.136105 0.81
216.197471 0.78
216.272013 0.78
216.338261 0.80
216.395125 0.78
216.450476 0.78
216.510137 0.77
216.569240 0.78
216.628386 0.77
216.692594 0.79
216.753599 0.78
216.808597 0.80
216.873150 0.79
216.923354 0.77
216.982854 0.77
217.053110 0.79
217.118020 0.77
217.177261 0.76
217.232476 0.79
217.293375 0.78
217.348900 0.81
217.413134 0.81
217.478109 0.78
217.537605 0.78
217.594362 0.78
217.659253 0.78
217.720260 0.79
217.781610 0.79
217.842020 0.79
217.901385 0.78
217.960481 0.80
218.014008 0.77
218.078479 0.79
218.131855 0.79
218.201135 0.78
218.264864 0.78
218.328983 0.80
218.393011 0.79
218.462143 0.78
218.520733 0.78
218.584609 0.76
218.653869 0.79
218.717610 0.79
218.787002 0.80
218.845485 0.80
218.903876 0.77
218.962986 0.78
219.022153 0.80
219.081256 0.79
219.147125 0.77
219.212028 0.80
219.266271 0.79
219.326045 0.80
219.387270 0.79
219.447128 0.78
219.508496 0.78
219.577742 0.80
219.638618 0.78
219.695618 0.78
219.757903 0.79
219.821899 0.78
219.886021 0.77
219.945022 0.79
220.009023 0.78
220.067898 0.80
220.132024 0.77
220.190898 0.78
220.255022 0.77
220.309143 0.78
220.369259 0.78
220.432748 0.80
220.497249 0.78
220.560756 0.79
220.634752 0.80
220.703376 0.78
220.761752 0.78
220.823128 0.78
220.878063 0.78
220.931754 0.79
220.996766 0.78
221.055382 0.76
221.113760 0.77
221.178135 0.76
221.241636 0.77
221.301387 0.78
221.359756 0.76
221.433639 0.79
221.507634 0.78
221.567766 0.78
221.636386 0.80
221.694756 0.77
221.763381 0.76
221.821759 0.76
221.890384 0.78
221.948768 0.78
222.017387 0.79
222.072386 0.76
222.130899 0.81
222.199640 0.80
222.259768 0.79
222.328392 0.79
222.388763 0.80
222.452762 0.76
222.517044 0.78
222.566927 0.78
222.625923 0.78
222.680169 0.78
222.741422 0.76
222.806092 0.78
222.865776 0.78
222.935780 0.79
223.000958 0.81
223.065772 0.76
223.135963 0.77
223.200776 0.80
223.267061 0.78
223.328400 0.77
223.385415 0.80
223.445058 0.80
223.504397 0.77
223.562957 0.76
223.616770 0.77
223.686178 0.79
223.745291 0.76
223.803934 0.78
223.863298 0.81
223.937944 0.79
223.992185 0.76
224.056932 0.78
224.115937 0.79
224.185653 0.80
224.249928 0.77
224.308650 0.78
224.377939 0.78
224.437155 0.78
224.506296 0.80
224.565964 0.78
224.625407 0.78
224.691780 0.77
224.766782 0.79
224.830781 0.80
224.889783 0.81
224.953782 0.78
225.009081 0.76
225.073299 0.77
225.133092 0.77
225.192787 0.79
225.249092 0.78
225.305313 0.78
225.365070 0.79
225.424977 0.80
225.486309 0.77
225.551663 0.80
225.605788 0.80
225.659665 0.81
225.724066 0.78
225.777664 0.78
225.837089 0.77
225.896541 0.77
225.953069 0.79
226.012796 0.80
226.077667 0.81
226.153172 0.80
226.218084 0.76
226.277805 0.78
226.337423 0.80
226.397111 0.78
226.456800 0.79
226.521806 0.81
226.592197 0.79
226.663059 0.79
226.732309 0.77
226.796059 0.80
226.865311 0.80
226.918795 0.78
226.977546 0.79
227.041671 0.77
227.105546 0.78
227.179672 0.78
227.243675 0.79
227.307800 0.79
227.366562 0.80
227.431679 0.79
227.495677 0.76
227.562342 0.79
227.622096 0.79
227.676075 0.78
227.732327 0.77
227.791067 0.79
227.847333 0.78
227.907100 0.78
227.963338 0.77
228.023107 0.79
228.078808 0.79
228.137809 0.79
228.196680 0.79
228.265806 0.78
228.319681 0.78
228.378999 0.79
228.433320 0.77
228.497684 0.79
228.552125 0.80
228.613103 0.78
228.677819 0.78
228.738692 0.78
228.800347 0.79
228.855947 0.76
228.915565 0.80
228.969995 0.80
229.035085 0.79
229.100950 0.79
229.160696 0.77
229.230855 0.79
229.302699 0.78
229.372693 0.77
229.443093 0.77
229.503819 0.77
229.575717 0.78
229.645988 0.81
229.716262 0.79
229.775822 0.78
229.841826 0.80
229.901824 0.79
229.964705 0.76
230.029827 0.76
230.100100 0.80
230.166705 0.78
230.231574 0.80
230.298091 0.78
230.362952 0.78
230.423985 0.78
230.483574 0.79
230.542700 0.77
230.596825 0.78
230.661103 0.80
230.720828 0.81
230.781576 0.78
230.840961 0.81
230.897009 0.76
230.950954 0.78
231.015957 0.80
231.076704 0.78
231.135577 0.80
231.194576 0.79
231.253580 0.79
231.312829 0.77
231.371829 0.78
231.435956 0.78
231.494829 0.80
231.563829 0.79
231.627956 0.78
231.691956 0.77
231.745707 0.77
231.800581 0.80
231.860370 0.80
231.924457 0.78
231.988966 0.77
232.043709 0.78
232.098720 0.79
232.159590 0.78
232.228861 0.80
232.287345 0.76
232.352385 0.79
232.422470 0.78
232.483470 0.78
232.558722 0.77
232.615118 0.78
232.684590 0.81
232.748464 0.81
232.817214 0.77
232.877342 0.81
232.945972 0.78
233.000969 0.79
233.061856 0.80
233.131599 0.79
233.193016 0.78
233.264603 0.77
233.329225 0.77
233.390605 0.80
233.455729 0.80
233.521346 0.80
233.585862 0.79
233.655601 0.76
233.720486 0.77
233.781727 0.78
233.842857 0.80
233.902482 0.80
233.967126 0.76
234.026734 0.77
234.087858 0.77
234.148729 0.77
234.208482 0.77
234.273486 0.79
234.338482 0.76
234.399239 0.80
234.453736 0.78
234.523862 0.78
234.584736 0.78
234.644376 0.77
234.703480 0.81
234.762604 0.77
234.817604 0.80
234.872370 0.79
234.936480 0.80
234.995605 0.78
235.050372 0.78
235.114519 0.79
235.185260 0.78
235.245485 0.79
235.306378 0.79
235.375620 0.80
235.447491 0.78
235.512406 0.80
235.566748 0.80
235.622868 0.79
235.697613 0.76
235.761872 0.78
235.827612 0.79
235.893613 0.81
235.957612 0.76
236.032382 0.78
236.096612 0.77
236.166157 0.79
236.225381 0.78
236.289259 0.78
236.353385 0.76
236.412492 0.78
236.466499 0.79
236.530902 0.78
236.595622 0.79
236.654891 0.76
236.724903 0.79
236.784630 0.78
236.844268 0.77
236.899629 0.80
236.959378 0.79
237.009624 0.78
237.073911 0.77
237.133500 0.77
237.192623 0.78
237.262265 0.79
237.321389 0.77
237.380498 0.78
237.434498 0.78
237.484378 0.80
237.543503 0.80
237.593376 0.79
237.652501 0.79
237.702507 0.79
237.773153 0.77
237.829913 0.79
237.904503 0.78
237.959628 0.79
238.029005 0.77
238.094396 0.79
238.153508 0.78
238.208505 0.76
238.263764 0.79
238.323515 0.78
238.387007 0.78
238.456508 0.80
238.512632 0.79
238.587273 0.78
238.646511 0.78
238.710146 0.79
238.784016 0.79
238.843514 0.79
238.908288 0.78
238.969765 0.77
239.044638 0.79
239.104418 0.77
239.158513 0.80
239.218285 0.78
239.288138 0.80
239.362283 0.80
239.421641 0.76
239.496297 0.78
239.561290 0.80
239.620643 0.78
239.680290 0.79
239.745290 0.77
239.810430 0.78
239.871291 0.79
239.936145 0.78
240.006300 0.78
240.071293 0.77
240.136299 0.78
240.201294 0.78
240.255524 0.79
240.316534 0.78
240.376296 0.76
240.435656 0.77
240.496528 0.78
240.561399 0.78
240.616647 0.80
240.675647 0.81
240.734291 0.80
240.794776 0.78
240.856523 0.77
240.931320 0.81
240.985290 0.78
241.049658 0.78
241.121531 0.78
241.185790 0.80
241.245548 0.78
241.310280 0.80
241.374293 0.80
241.438182 0.79
241.502292 0.79
241.566297 0.77
241.630058 0.78
241.694169 0.80
241.758154 0.77
241.827172 0.79
241.896030 0.80
241.965075 0.80
242.029174 0.78
242.098157 0.78
242.167302 0.79
242.231299 0.78
242.295302 0.77
242.359302 0.80
242.423080 0.77
242.487312 0.78
242.542302 0.78
242.591916 0.78
242.663663 0.79
242.717550 0.79
242.778421 0.78
242.833919 0.78
242.889424 0.78
242.949175 0.78
243.014187 0.78
243.064422 0.76
243.134298 0.78
243.188918 0.77
243.253324 0.80
243.330669 0.77
243.389548 0.77
243.448543 0.76
243.502426 0.80
243.561797 0.77
243.631313 0.81
243.692201 0.79
243.756927 0.78
243.816431 0.78
243.876202 0.79
243.935424 0.78
243.999052 0.77
244.063429 0.81
244.133316 0.78
244.197678 0.78
244.256549 0.80
244.315560 0.80
244.385300 0.77
244.444069 0.77
244.505092 0.79
244.569429 0.79
244.639231 0.76
244.694553 0.78
244.753555 0.76
244.818096 0.79
244.877338 0.80
244.937126 0.78
244.991435 0.79
245.055806 0.79
245.130808 0.80
245.195218 0.77
245.252331 0.76
245.306561 0.81
245.367212 0.78
245.424444 0.78
245.481563 0.79
245.542336 0.78
245.598561 0.77
245.657563 0.80
245.721435 0.78
245.774809 0.78
245.838936 0.78
245.890202 0.79
245.944939 0.77
245.999207 0.79
246.048974 0.80
246.108114 0.77
246.167572 0.79
246.231943 0.79
246.291347 0.80
246.351120 0.76
246.410569 0.81
246.475703 0.78
246.540822 0.79
246.605701 0.77
246.689217 0.80
246.748570 0.77
246.812964 0.80
246.871980 0.78
246.925946 0.77
246.985215 0.77
247.054444 0.79
247.113444 0.79
247.172445 0.79
247.236445 0.79
247.300447 0.78
247.364575 0.79
247.423575 0.80
247.482448 0.78
247.546573 0.78
247.601699 0.79
247.676355 0.79
247.742224 0.78
247.803115 0.78
247.863964 0.77
247.924956 0.79
247.980233 0.79
248.039961 0.80
248.100831 0.77
248.170969 0.77
248.232457 0.78
248.292965 0.77
248.357961 0.79
248.412103 0.80
248.472962 0.79
248.534228 0.80
248.599769 0.79
248.654378 0.79
248.719125 0.80
248.789234 0.78
248.848963 0.78
248.900224 0.78
248.965745 0.78
249.029835 0.78
249.084243 0.79
249.145236 0.79
249.204474 0.78
249.264250 0.80
249.318211 0.80
249.387226 0.79
249.456253 0.80
249.515101 0.80
249.586854 0.78
249.650965 0.78
249.714713 0.79
249.784358 0.76
249.854010 0.80
249.912852 0.78
249.982102 0.78
250.052348 0.79
250.122112 0.80
250.192385 0.78
250.259010 0.79
250.316004 0.79
250.366259 0.76
250.431853 0.78
250.493245 0.78
250.558851 0.79
250.622849 0.78
250.686720 0.77
250.756611 0.80
250.806364 0.77
250.883849 0.78
250.956365 0.79
251.020364 0.78
251.089869 0.77
251.146635 0.79
251.201859 0.78
251.261017 0.78
251.325248 0.80
251.395488 0.76
251.470730 0.80
251.535484 0.78
251.610730 0.79
251.670111 0.78
251.735254 0.79
251.799603 0.77
251.868730 0.77
251.932729 0.78
251.991606 0.77
252.055606 0.78
252.114860 0.79
252.173733 0.78
252.237621 0.78
252.312865 0.78
252.377127 0.78
252.430736 0.80
252.490133 0.77
252.564738 0.79
252.629019 0.80
252.698373 0.77
252.781867 0.79
252.840489 0.78
252.906870 0.76
252.971742 0.77
253.041747 0.77
253.106871 0.80
253.166407 0.78
253.226127 0.77
253.285746 0.78
253.340125 0.77
253.396375 0.80
253.455872 0.78
253.515749 0.77
253.580748 0.78
253.640125 0.79
253.701060 0.79
253.755139 0.80
253.814752 0.78
253.876251 0.79
253.941133 0.78
253.998045 0.80
254.057751 0.78
254.122755 0.78
254.187752 0.76
254.246622 0.78
254.306875 0.78
254.365748 0.78
254.429751 0.79
254.493750 0.79
254.552749 0.78
254.616877 0.80
254.671627 0.78
254.735880 0.79
254.790752 0.78
254.854627 0.77
254.923878 0.78
254.978630 0.80
255.042883 0.79
255.097754 0.79
255.162404 0.76
255.232633 0.77
255.297067 0.80
255.353279 0.80
255.417896 0.77
255.482761 0.76
255.541758 0.78
255.597767 0.78
255.662638 0.78
255.737642 0.79
255.792050 0.80
255.856638 0.78
255.911022 0.79
255.964761 0.77
256.028763 0.79
256.082765 0.80
256.143637 0.81
256.198064 0.78
256.254284 0.79
256.318640 0.76
256.382652 0.79
256.438153 0.78
256.502649 0.78
256.561642 0.77
256.625643 0.77
256.689648 0.78
256.748766 0.79
256.808293 0.76
256.867771 0.77
256.926645 0.79
256.980644 0.81
257.040145 0.78
257.099020 0.79
257.168647 0.79
257.227645 0.79
257.287419 0.79
257.346646 0.77
257.405648 0.80
257.459647 0.79
257.523646 0.76
257.587649 0.76
257.647401 0.76
257.697025 0.78
257.756150 0.79
257.820151 0.77
257.884151 0.78
257.948024 0.78
258.012026 0.80
258.071422 0.79
258.135652 0.78
258.199905 0.79
258.253651 0.78
258.307909 0.78
258.372422 0.80
258.437098 0.76
258.503661 0.80
258.568658 0.78
258.636984 0.79
258.703660 0.80
258.768539 0.77
258.829915 0.80
258.884197 0.78
258.943922 0.78
259.000037 0.77
259.064919 0.79
259.124791 0.78
259.179192 0.77
259.238923 0.80
259.299790 0.79
259.369920 0.77
259.429793 0.77
259.494549 0.76
259.559546 0.78
259.624542 0.80
259.689551 0.76
259.754419 0.80
259.824548 0.78
259.889421 0.79
259.959551 0.77
260.024671 0.77
260.081314 0.80
260.135805 0.77
260.200923 0.77
260.261679 0.76
260.322677 0.77
260.383548 0.78
260.445116 0.79
260.504676 0.77
260.554423 0.79
260.613934 0.80
260.679547 0.78
260.738673 0.78
260.795926 0.80
260.870439 0.80
260.929673 0.76
260.993925 0.79
261.068556 0.78
261.127675 0.79
261.197680 0.78
261.257429 0.78
261.316689 0.79
261.381811 0.77
261.437930 0.78
261.502560 0.80
261.572808 0.78
261.627118 0.79
261.686814 0.77
261.746326 0.76
261.812806 0.78
261.877447 0.78
261.941448 0.79
262.000681 0.79
262.066446 0.76
262.120559 0.78
262.175932 0.78
262.250814 0.78
262.311686 0.78
262.375935 0.78
262.450695 0.78
262.509810 0.78
262.574440 0.78
262.639332 0.80
262.714444 0.79
262.779443 0.81
262.840205 0.79
262.894694 0.79
262.954444 0.81
263.015205 0.78
263.069700 0.77
263.129443 0.80
263.193816 0.78
263.258695 0.78
263.317817 0.78
263.387441 0.77
263.451816 0.78
263.511448 0.77
263.576337 0.77
263.635703 0.78
263.695349 0.77
263.756698 0.78
263.815820 0.76
263.875321 0.78
263.944203 0.77
264.018452 0.78
264.082820 0.78
264.146820 0.78
264.207099 0.80
264.276469 0.79
264.340340 0.80
264.409463 0.76
264.463577 0.76
264.527459 0.79
264.592457 0.79
264.653347 0.78
264.712709 0.77
264.772458 0.81
264.831829 0.78
264.891583 0.80
264.952583 0.78
265.008373 0.78
265.073352 0.77
265.134476 0.78
265.189581 0.78
265.249360 0.79
265.308869 0.81
265.368592 0.78
265.428351 0.77
265.482590 0.78
265.542463 0.77
265.597710 0.78
265.657358 0.79
265.727714 0.81
265.788593 0.77
265.848361 0.76
265.909090 0.79
265.965584 0.78
266.029084 0.80
266.093593 0.78
266.157711 0.79
266.216349 0.79
266.280353 0.78
266.340087 0.77
266.409352 0.77
266.473116 0.78
266.542355 0.79
266.606116 0.81
266.670117 0.80
266.739118 0.79
266.803119 0.79
266.870233 0.77
266.939716 0.80
267.003717 0.81
267.067856 0.79
267.142123 0.77
267.212385 0.80
267.286721 0.78
267.340720 0.77
267.405373 0.77
267.462597 0.79
267.526595 0.78
267.596361 0.79
267.660599 0.79
267.724724 0.80
267.794242 0.79
267.853374 0.77
267.912599 0.81
267.977252 0.77
268.042250 0.80
268.096243 0.79
268.161251 0.76
268.226128 0.78
268.296266 0.77
268.361252 0.80
268.426015 0.80
268.490370 0.79
268.550860 0.80
268.615141 0.78
268.674480 0.78
268.743604 0.79
268.800486 0.79
268.859608 0.79
268.924116 0.76
268.999382 0.78
269.077735 0.78
269.143495 0.76
269.202485 0.76
269.271862 0.80
269.331255 0.78
269.390264 0.77
269.455266 0.76
269.514623 0.78
269.568621 0.76
269.628261 0.78
269.687617 0.79
269.752496 0.78
269.817743 0.79
269.877006 0.76
269.946502 0.79
270.000616 0.77
270.061748 0.77
270.121499 0.79
270.181034 0.79
270.251404 0.77
270.305748 0.79
270.366502 0.78
270.427505 0.80
270.488122 0.80
270.552494 0.77
270.613622 0.77
270.669066 0.79
270.739283 0.79
270.796395 0.79
270.866504 0.81
270.926999 0.78
270.992760 0.79
271.052196 0.78
271.113628 0.76
271.174128 0.81
271.238508 0.78
271.308394 0.78
271.373418 0.80
271.438130 0.78
271.488378 0.78
271.558135 0.80
271.617034 0.78
271.681270 0.76
271.742043 0.80
271.806634 0.78
271.871513 0.77
271.941507 0.77
272.006283 0.78
272.078060 0.78
272.142149 0.77
272.201416 0.76
272.255022 0.77
272.314512 0.79
272.384760 0.78
272.454393 0.77
272.519288 0.78
272.591080 0.77
272.666520 0.79
272.738408 0.77
272.805162 0.78
272.866411 0.77
272.931172 0.79
272.992176 0.77
273.053056 0.77
273.114413 0.76
273.168642 0.78
273.238141 0.80
273.297207 0.77
273.354140 0.78
273.413397 0.77
273.474291 0.78
273.528518 0.78
273.585520 0.80
273.645289 0.76
273.695518 0.77
273.755287 0.79
273.816019 0.78
273.875304 0.79
273.935082 0.79
273.996291 0.79
274.061080 0.76
274.122082 0.77
274.176290 0.79
274.241295 0.76
274.300904 0.78
274.355091 0.79
274.424660 0.80
274.484296 0.80
274.559059 0.76
274.618418 0.79
274.677055 0.80
274.742082 0.78
274.806653 0.79
274.876783 0.79
274.952408 0.81
275.017186 0.79
275.089089 0.80
275.159312 0.78
275.220438 0.77
275.287076 0.78
275.351420 0.79
275.416185 0.77
275.477065 0.78
275.542226 0.77
275.612300 0.81
275.682310 0.77
275.739308 0.78
275.798795 0.78
275.866798 0.79
275.930662 0.79
275.990188 0.80
276.045536 0.81
276.095534 0.80
276.155087 0.79
276.212180 0.77
276.271165 0.78
276.332435 0.78
276.407917 0.79
276.462192 0.79
276.521939 0.78
276.583183 0.77
276.647923 0.79
276.712794 0.78
276.782184 0.77
276.846800 0.78
276.905792 0.78
276.960192 0.79
277.019927 0.81
277.084805 0.78
277.160334 0.78
277.230548 0.77
277.304806 0.78
277.368949 0.79
277.422793 0.80
277.491795 0.78
277.560671 0.77
277.624443 0.80
277.698796 0.79
277.758555 0.78
277.823443 0.78
277.893203 0.79
277.953114 0.77
278.019551 0.80
278.084798 0.77
278.148548 0.77
278.222799 0.78
278.291801 0.79
278.355440 0.80
278.408929 0.77
278.478191 0.78
278.547197 0.81
278.611317 0.79
278.664936 0.77
278.725934 0.78
278.779680 0.76
278.844116 0.78
278.903811 0.78
278.964683 0.80
279.031331 0.77
279.101811 0.78
279.156117 0.80
279.215819 0.78
279.276811 0.78
279.341442 0.80
279.397112 0.79
279.456688 0.80
279.523340 0.80
279.582943 0.78
279.652998 0.78
279.714347 0.78
279.773816 0.78
279.835339 0.80
279.891112 0.80
279.950342 0.80
280.010136 0.78
280.065570 0.78
280.121349 0.77
280.181230 0.77
280.241946 0.80
280.292126 0.78
280.351964 0.76
280.422108 0.81
280.481823 0.79
280.546823 0.79
280.616828 0.78
280.681827 0.80
280.752241 0.78
280.817354 0.77
280.877116 0.79
280.936830 0.79
281.001951 0.79
281.065697 0.79
281.130827 0.80
281.187344 0.78
281.246957 0.78
281.311972 0.78
281.371703 0.78
281.433137 0.76
281.489332 0.78
281.548954 0.78
281.603347 0.76
281.659348 0.78
281.734106 0.77
281.790974 0.78
281.855579 0.77
281.919578 0.80
282.002829 0.76
282.056961 0.78
282.116708 0.79
282.180221 0.78
282.235963 0.78
282.301127 0.78
282.358264 0.77
282.417870 0.80
282.478586 0.76
282.537979 0.79
282.597838 0.78
282.654482 0.77
282.715090 0.80
282.775965 0.78
282.830101 0.78
282.894100 0.78
282.952708 0.76
283.011100 0.80
283.080100 0.80
283.152104 0.77
283.221477 0.78
283.291464 0.78
283.346116 0.77
283.409116 0.78
283.469117 0.78
283.527588 0.79
283.586967 0.78
283.643848 0.77
283.699595 0.78
283.760857 0.79
283.835726 0.79
283.900860 0.78
283.970880 0.80
284.037606 0.77
284.091853 0.78
284.156121 0.78
284.226034 0.79
284.295597 0.76
284.349720 0.80
284.409001 0.77
284.468147 0.80
284.532470 0.78
284.615042 0.77
284.671140 0.80
284.735725 0.79
284.795043 0.78
284.855730 0.78
284.921728 0.79
284.986732 0.78
285.047608 0.80
285.108872 0.77
285.168613 0.79
285.229356 0.77
285.281137 0.78
285.346038 0.78
285.410734 0.79
285.467362 0.78
285.527028 0.77
285.593042 0.76
285.653740 0.77
285.710400 0.78
285.770035 0.77
285.830737 0.79
285.887395 0.79
285.947035 0.78
286.007865 0.80
286.061863 0.78
286.139618 0.80
286.205363 0.80
286.265029 0.79
286.329739 0.78
286.404744 0.77
286.469743 0.78
286.539739 0.79
286.614613 0.78
286.673613 0.79
286.734872 0.77
286.799617 0.76
286.858748 0.78
286.918502 0.78
286.979744 0.79
287.044495 0.76
287.098752 0.79
287.157870 0.78
287.217498 0.79
287.282497 0.79
287.341753 0.78
287.401505 0.78
287.466374 0.78
287.530746 0.80
287.596876 0.78
287.656128 0.81
287.710998 0.78
287.769500 0.79
287.828623 0.78
287.882635 0.80
287.932498 0.80
287.991881 0.77
288.052756 0.79
288.108258 0.76
288.166874 0.78
288.232891 0.79
288.303257 0.80
288.372753 0.77
288.438256 0.80
288.493758 0.81
288.550056 0.78
288.609755 0.79
288.670759 0.78
288.726263 0.78
288.785759 0.77
288.849265 0.76
288.918757 0.77
288.988637 0.78
289.060509 0.78
289.119766 0.77
289.179518 0.77
289.244404 0.78
289.314640 0.80
289.379389 0.78
289.443896 0.80
289.511764 0.80
289.575638 0.76
289.640641 0.79
289.705516 0.79
289.764270 0.78
289.838393 0.79
289.892515 0.78
289.957394 0.77
290.018769 0.77
290.075079 0.80
290.134775 0.78
290.191062 0.78
290.255648 0.80
290.315270 0.79
290.384086 0.78
290.443772 0.78
290.505062 0.78
290.569777 0.77
290.635521 0.79
290.701768 0.77
290.765768 0.78
290.825287 0.78
290.884646 0.80
290.959413 0.80
291.023771 0.81
291.083421 0.81
291.148425 0.79
291.218407 0.80
291.283414 0.80
291.353416 0.77
291.418434 0.78
291.483420 0.78
291.547415 0.77
291.606652 0.78
291.675778 0.79
291.744653 0.78
291.808775 0.76
291.872775 0.78
291.938157 0.78
292.007175 0.79
292.081532 0.79
292.156169 0.79
292.230427 0.78
292.291168 0.80
292.365422 0.80
292.426298 0.79
292.495298 0.78
292.564299 0.76
292.628531 0.78
292.692425 0.78
292.751283 0.79
292.815300 0.81
292.879541 0.79
292.938658 0.78
292.999430 0.80
293.056430 0.80
293.120429 0.79
293.174179 0.80
293.228536 0.79
293.297942 0.79
293.357541 0.80
293.416664 0.80
293.480664 0.78
293.539791 0.76
293.598664 0.77
293.659546 0.80
293.719295 0.78
293.778427 0.79
293.839453 0.80
293.909670 0.78
293.974425 0.76
294.035317 0.78
294.094805 0.78
294.154549 0.77
294.215548 0.78
294.265557 0.77
294.325326 0.78
294.390320 0.79
294.440557 0.78
294.500327 0.78
294.565320 0.78
294.624932 0.78
294.689933 0.78
294.749189 0.79
294.818188 0.77
294.887311 0.79
294.951319 0.78
295.010318 0.76
295.074066 0.79
295.143450 0.77
295.212551 0.80
295.276804 0.77
295.341303 0.79
295.405564 0.78
295.465332 0.77
295.524682 0.78
295.589331 0.77
295.646810 0.77
295.711325 0.76
295.772811 0.79
295.832561 0.79
295.889443 0.78
295.949212 0.79
296.010438 0.80
296.075213 0.79
296.134058 0.80
296.198322 0.79
296.259209 0.78
296.318561 0.79
296.379470 0.77
296.439224 0.79
296.500440 0.80
296.565213 0.77
296.630211 0.78
296.680441 0.78
296.750570 0.78
296.811445 0.80
296.871098 0.79
296.937701 0.78
296.997445 0.79
297.062217 0.79
297.127218 0.78
297.186570 0.77
297.245567 0.79
297.309962 0.80
297.369450 0.79
297.429110 0.80
297.493337 0.78
297.552084 0.77
297.616567 0.79
297.686237 0.77
297.750948 0.78
297.815461 0.78
297.880219 0.80
297.945113 0.79
298.015141 0.77
298.069582 0.76
298.129350 0.78
298.199581 0.78
298.259455 0.78
298.324237 0.79
298.385362 0.78
298.445120 0.80
298.504460 0.77
298.564224 0.78
298.623579 0.78
298.683956 0.79
298.744836 0.79
298.804341 0.79
298.859835 0.77
298.913958 0.78
298.964366 0.78
299.024129 0.78
299.084881 0.78
299.139230 0.78
299.200093 0.79
299.254461 0.79
299.304373 0.80
299.363966 0.79
299.430586 0.77
299.506129 0.78
299.567336 0.78
299.632093 0.79
299.697128 0.78
299.750836 0.78
299.809835 0.78
299.878833 0.80
299.947834 0.80
300.016960 0.77
300.085960 0.80
300.163461 0.79
300.216836 0.77
300.285836 0.77
300.354836 0.79
300.423837 0.78
300.496099 0.78
300.560466 0.77
300.619591 0.78
300.694865 0.76
300.764257 0.76
300.829382 0.78
300.890239 0.78
300.959466 0.77
301.017997 0.78
301.081995 0.78
301.145850 0.78
301.204997 0.78
301.274018 0.79
301.333250 0.78
301.393853 0.79
301.467019 0.79
301.528015 0.79
301.586996 0.78
301.648247 0.80
301.708016 0.79
301.762109 0.79
301.819248 0.79
301.874766 0.78
301.939253 0.78
301.999046 0.78
302.060480 0.78
302.121256 0.78
302.181113 0.78
302.242022 0.78
302.296258 0.78
302.356022 0.79
302.415482 0.78
302.475034 0.79
302.529257 0.78
302.590019 0.79
302.655030 0.79
302.725381 0.81
302.791128 0.78
302.856042 0.78
302.914861 0.79
302.969259 0.78
303.029036 0.79
303.083112 0.77
303.149254 0.78
303.208863 0.80
303.278268 0.77
303.343117 0.78
303.403738 0.78
303.459270 0.78
303.519031 0.78
303.578365 0.79
303.643037 0.79
303.704496 0.79
303.764399 0.76
303.820264 0.76
303.881266 0.79
303.935502 0.78
304.002128 0.79
304.061874 0.77
304.112277 0.80
304.169300 0.76
304.230265 0.78
304.294871 0.79
304.354159 0.78
304.411011 0.77
304.464872 0.78
304.523873 0.77
304.587745 0.79
304.646370 0.78
304.697623 0.80
304.751386 0.77
304.802624 0.78
304.853664 0.78
304.905012 0.76
304.964125 0.78
305.030030 0.79
305.079749 0.79
305.144639 0.78
305.196254 0.80
305.249751 0.78
305.308752 0.78
305.367626 0.80
305.432641 0.77
305.487132 0.79
305.541400 0.80
305.611067 0.79
305.681290 0.77
305.756758 0.78
305.832280 0.77
305.902510 0.79
305.962162 0.78
306.021895 0.80
306.086760 0.79
306.152892 0.78
306.212137 0.79
306.270885 0.79
306.334756 0.80
306.409147 0.77
306.467760 0.78
306.531761 0.79
306.595634 0.78
306.664634 0.77
306.723636 0.77
306.792761 0.79
306.856763 0.79
306.915386 0.80
306.974155 0.79
307.034638 0.78
307.093643 0.77
307.158407 0.80
307.217641 0.80
307.286638 0.78
307.356161 0.79
307.414641 0.80
307.490079 0.78
307.549395 0.79
307.614075 0.78
307.668283 0.77
307.732898 0.79
307.794296 0.81
307.853772 0.78
307.912783 0.77
307.977774 0.79
308.036771 0.78
308.096521 0.80
308.155297 0.76
308.219645 0.79
308.275197 0.78
308.340777 0.79
308.399647 0.79
308.464070 0.78
308.524527 0.77
308.579023 0.80
308.638152 0.77
308.707777 0.79
308.771663 0.77
308.846783 0.80
308.916652 0.78
308.985651 0.79
309.049778 0.77
309.113419 0.78
309.184653 0.78
309.248654 0.80
309.312782 0.78
309.372032 0.77
309.436045 0.80
309.507786 0.77
309.572785 0.81
309.631656 0.75
309.695791 0.78
309.749785 0.77
309.809086 0.78
309.873792 0.79
309.940052 0.78
310.002537 0.79
310.086080 0.79
310.145668 0.76
310.206923 0.77
310.271790 0.78
310.331056 0.78
310.382794 0.76
310.446801 0.78
310.507676 0.78
310.567669 0.78
310.621921 0.80
310.681209 0.80
310.746065 0.77
310.805675 0.78
310.870676 0.78
310.931423 0.79
310.985921 0.77
311.060067 0.79
311.120992 0.78
311.181931 0.77
311.242428 0.78
311.307322 0.79
311.362926 0.79
311.422675 0.80
311.487674 0.80
311.552690 0.77
311.606802 0.76
311.667799 0.79
311.727680 0.79
311.797934 0.78
311.857678 0.78
311.921676 0.79
311.985801 0.78
312.041067 0.81
312.110561 0.80
312.171939 0.79
312.231430 0.79
312.305308 0.77
312.365808 0.77
312.430690 0.76
312.492340 0.81
312.558977 0.77
312.623688 0.80
312.688813 0.80
312.748560 0.78
312.808563 0.79
312.881686 0.79
312.942684 0.77
312.996695 0.81
313.056063 0.80
313.117115 0.80
313.176818 0.78
313.236563 0.77
313.290945 0.81
313.347819 0.80
313.412689 0.77
313.473568 0.80
313.538569 0.80
313.603575 0.80
313.668575 0.78
313.729319 0.78
313.788822 0.78
313.848575 0.78
313.909320 0.77
313.964823 0.78
314.024572 0.78
314.085320 0.77
314.140823 0.80
314.200575 0.79
314.278328 0.79
314.343828 0.78
314.402446 0.79
314.456697 0.80
314.526580 0.76
314.585571 0.79
314.645330 0.79
314.700328 0.77
314.764323 0.78
314.829347 0.78
314.883830 0.77
314.939953 0.78
314.998452 0.78
315.062829 0.79
315.124083 0.79
315.183836 0.78
315.244827 0.79
315.305827 0.78
315.361588 0.79
315.431093 0.78
315.495831 0.79
315.555454 0.76
315.614578 0.79
315.679459 0.79
315.740712 0.78
315.800347 0.78
315.859833 0.79
315.919349 0.80
315.983220 0.80
316.057586 0.77
316.112580 0.78
316.162589 0.80
316.212206 0.77
316.275956 0.78
316.341351 0.78
316.405831 0.79
316.464707 0.78
316.528465 0.80
316.593464 0.77
316.648244 0.77
316.702715 0.80
316.762357 0.78
316.822712 0.79
316.900720 0.79
316.954336 0.77
317.013717 0.77
317.083867 0.78
317.149352 0.79
317.214242 0.79
317.286587 0.79
317.355838 0.78
317.424713 0.76
317.488355 0.80
317.557355 0.78
317.656845 0.78
317.720847 0.79
317.781117 0.79
317.841233 0.79
317.915485 0.79
317.987849 0.79
318.048235 0.78
318.117608 0.80
318.187853 0.79
318.247472 0.79
318.301472 0.78
318.355362 0.78
318.420366 0.79
318.475852 0.77
318.545605 0.79
318.606126 0.78
318.681604 0.79
318.740725 0.79
318.801127 0.78
318.860367 0.79
318.919242 0.80
318.978369 0.78
319.037369 0.78
319.101601 0.78
319.165727 0.77
319.224729 0.80
319.293881 0.78
319.353608 0.77
319.423732 0.78
319.488254 0.78
319.549233 0.78
319.608376 0.78
319.659481 0.79
319.709618 0.78
319.768732 0.79
319.848160 0.78
319.902616 0.79
319.962131 0.78
320.037490 0.78
320.103238 0.80
320.162380 0.77
320.226395 0.77
320.291259 0.77
320.350631 0.79
320.439745 0.79
320.504495 0.78
320.569377 0.78
320.623365 0.78
320.687385 0.77
320.751624 0.78
320.816133 0.80
320.875621 0.79
320.935269 0.80
320.994383 0.77
321.053257 0.78
321.112492 0.77
321.178278 0.79
321.243270 0.77
321.297260 0.77
321.361496 0.79
321.426026 0.77
321.485371 0.78
321.544627 0.77
321.605398 0.79
321.660623 0.79
321.721276 0.77
321.786278 0.79
321.851268 0.78
321.901507 0.77
321.961280 0.78
322.015378 0.78
322.061509 0.79
322.121282 0.78
322.185752 0.80
322.246509 0.78
322.306262 0.79
322.356505 0.78
322.420628 0.78
322.485274 0.78
322.544502 0.80
322.604276 0.79
322.669180 0.79
322.728392 0.79
322.789279 0.78
322.854279 0.79
322.913515 0.77
322.973415 0.80
323.045011 0.78
323.104514 0.81
323.164283 0.79
323.229046 0.78
323.299281 0.78
323.364283 0.80
323.425520 0.78
323.485418 0.78
323.545283 0.78
323.599294 0.78
323.664159 0.79
323.718279 0.78
323.779519 0.76
323.840522 0.79
323.900285 0.79
323.961520 0.79
324.022525 0.77
324.082055 0.79
324.146409 0.77
324.212768 0.79
324.282173 0.80
324.343412 0.78
324.397645 0.79
324.458183 0.77
324.518907 0.78
324.569397 0.78
324.629907 0.78
324.689524 0.79
324.754524 0.78
324.811654 0.76
324.876531 0.78
324.933649 0.79
325.003778 0.79
325.068779 0.79
325.128183 0.79
325.193170 0.80
325.258170 0.78
325.317410 0.78
325.377319 0.80
325.436526 0.77
325.495535 0.78
325.560660 0.79
325.620027 0.79
325.684167 0.77
325.743151 0.78
325.802166 0.78
325.867185 0.78
325.921048 0.79
325.979910 0.78
326.038905 0.80
326.108780 0.76
326.173310 0.79
326.245163 0.79
326.304172 0.80
326.362908 0.77
326.427534 0.79
326.481049 0.79
326.544909 0.78
326.611301 0.78
326.677072 0.79
326.736193 0.78
326.795411 0.80
326.865186 0.79
326.921923 0.78
326.976076 0.78
327.040420 0.77
327.101329 0.79
327.161077 0.78
327.215317 0.79
327.275111 0.78
327.328933 0.78
327.388320 0.80
327.444552 0.77
327.504310 0.78
327.569099 0.79
327.630322 0.78
327.694920 0.77
327.753919 0.77
327.813187 0.80
327.862919 0.79
327.927675 0.79
327.987303 0.78
328.051957 0.78
328.127426 0.78
328.192675 0.77
328.257316 0.79
328.316434 0.77
328.380797 0.78
328.440329 0.78
328.500108 0.79
328.564424 0.78
328.629102 0.78
328.694098 0.78
328.748068 0.78
328.798330 0.79
328.859331 0.78
328.918802 0.77
328.985327 0.79
329.045098 0.78
329.105816 0.79
329.156328 0.78
329.217326 0.77
329.272565 0.77
329.328327 0.78
329.384202 0.77
329.454115 0.79
329.515124 0.78
329.572560 0.78
329.628338 0.79
329.685337 0.79
329.746190 0.79
329.811702 0.79
329.870943 0.79
329.924808 0.78
329.988808 0.77
330.047942 0.78
330.111809 0.77
330.176945 0.78
330.234440 0.78
330.304687 0.78
330.352077 0.79
330.412328 0.77
330.476332 0.79
330.545819 0.78
330.604688 0.78
330.664216 0.78
330.719698 0.78
330.774104 0.76
330.845820 0.78
330.910947 0.78
330.970463 0.78
331.039816 0.78
331.093947 0.78
331.163824 0.78
331.233824 0.79
331.292820 0.78
331.351818 0.77
331.411132 0.79
331.475209 0.80
331.534950 0.77
331.590825 0.78
331.660459 0.78
331.720221 0.79
331.779825 0.77
331.839094 0.77
331.909371 0.78
331.974113 0.78
332.038215 0.80
332.107835 0.78
332.161824 0.79
332.225700 0.76
332.289953 0.78
332.348699 0.78
332.418956 0.79
332.488829 0.79
332.548235 0.79
332.609118 0.79
332.681830 0.78
332.736104 0.77
332.795866 0.78
332.856832 0.79
332.915705 0.78
332.979967 0.77
333.039095 0.78
333.103835 0.78
333.169606 0.76
333.228708 0.79
333.283232 0.78
333.344132 0.76
333.403869 0.78
333.468853 0.79
333.538966 0.79
333.604588 0.79
333.654394 0.77
333.718589 0.79
333.782837 0.77
333.842147 0.77
333.914586 0.79
333.970129 0.79
334.029867 0.79
334.100029 0.78
334.171875 0.79
334.242126 0.79
334.301861 0.79
334.367025 0.80
334.436274 0.80
334.501241 0.79
334.566145 0.77
334.625119 0.78
334.684254 0.78
334.748852 0.76
334.812865 0.78
334.871854 0.77
334.935718 0.77
335.018849 0.79
335.074850 0.78
335.130727 0.77
335.192370 0.80
335.256851 0.76
335.315850 0.80
335.374721 0.78
335.433848 0.79
335.492850 0.76
335.551722 0.78
335.615723 0.77
335.674365 0.78
335.733366 0.78
335.783366 0.78
335.842128 0.79
335.897366 0.79
335.956367 0.78
336.015130 0.78
336.074369 0.79
336.133728 0.80
336.193148 0.77
336.245861 0.79
336.291864 0.79
336.346730 0.78
336.397034 0.79
336.456734 0.79
336.517485 0.79
336.573034 0.80
336.632736 0.79
336.698486 0.79
336.754035 0.80
336.813882 0.78
336.883622 0.78
336.938033 0.78
337.003114 0.78
337.067747 0.79
337.132740 0.79
337.203025 0.78
337.262876 0.79
337.327761 0.78
337.392741 0.77
337.457739 0.78
337.517131 0.76
337.591750 0.77
337.656744 0.78
337.721743 0.77
337.791625 0.79
337.846063 0.78
337.902266 0.79
337.967051 0.80
338.026880 0.79
338.088122 0.78
338.157744 0.79
338.217055 0.77
338.276021 0.80
338.337125 0.80
338.395997 0.79
338.460012 0.77
338.516127 0.79
338.581054 0.79
338.635019 0.76
338.700048 0.81
338.765050 0.78
338.830626 0.79
338.884749 0.80
338.943890 0.80
339.007760 0.78
339.064382 0.77
339.124040 0.78
339.193636 0.77
339.248097 0.79
339.313048 0.78
339.378380 0.79
339.439752 0.78
339.496380 0.79
339.546137 0.80
339.606757 0.78
339.652885 0.76
339.717041 0.78
339.777396 0.78
339.841895 0.79
339.906024 0.78
339.970036 0.80
340.035633 0.79
340.099631 0.81
340.158506 0.79
340.219758 0.78
340.284079 0.78
340.349061 0.78
340.420387 0.80
340.486904 0.76
340.546521 0.78
340.607764 0.79
340.667518 0.78
340.729071 0.79
340.789765 0.78
340.849520 0.78
340.910900 0.81
340.966518 0.80
341.036408 0.79
341.095768 0.77
341.160028 0.78
341.219769 0.79
341.294390 0.77
341.363898 0.78
341.428414 0.78
341.492643 0.79
341.551646 0.80
341.601768 0.78
341.661408 0.78
341.730643 0.80
341.789523 0.78
341.843018 0.78
341.901644 0.77
341.975271 0.80
342.023520 0.79
342.087413 0.80
342.151650 0.77
342.201648 0.78
342.256774 0.80
342.317273 0.80
342.371649 0.80
342.426425 0.78
342.490657 0.78
342.540653 0.78
342.590659 0.79
342.650422 0.79
342.715160 0.78
342.774788 0.78
342.834657 0.79
342.895410 0.80
342.965424 0.78
343.029665 0.76
343.113292 0.78
343.180080 0.77
343.239788 0.77
343.304543 0.78
343.365942 0.79
343.425662 0.80
343.490300 0.76
343.554794 0.79
343.616054 0.78
343.675668 0.78
343.735421 0.78
343.800307 0.77
343.875791 0.78
343.940794 0.78
344.005790 0.77
344.066431 0.79
344.120669 0.76
344.175940 0.78
344.240791 0.80
344.301308 0.79
344.366172 0.77
344.424662 0.79
344.483303 0.77
344.548173 0.78
344.601664 0.79
344.665791 0.78
344.724677 0.78
344.784423 0.78
344.834670 0.80
344.908669 0.78
344.972556 0.78
345.037794 0.78
345.103435 0.79
345.164422 0.80
345.228433 0.78
345.293427 0.78
345.357798 0.79
345.421798 0.79
345.485796 0.77
345.545316 0.78
345.614678 0.79
345.675183 0.79
345.732182 0.78
345.801675 0.80
345.876435 0.77
345.935426 0.78
345.989680 0.77
346.054434 0.78
346.115322 0.76
346.169683 0.78
346.234680 0.77
346.294071 0.78
346.358054 0.79
346.422564 0.78
346.486817 0.78
346.546562 0.78
346.606331 0.78
346.671204 0.78
346.737449 0.79
346.798205 0.78
346.862691 0.78
346.918812 0.77
346.978312 0.77
347.042435 0.79
347.096324 0.78
347.155686 0.79
347.210568 0.80
347.270208 0.78
347.336065 0.76
347.405572 0.78
347.465335 0.79
347.530336 0.78
347.589573 0.80
347.649473 0.78
347.710210 0.80
347.780343 0.79
347.845483 0.80
347.917214 0.77
347.987341 0.79
348.052450 0.78
348.107820 0.78
348.173460 0.78
348.219568 0.80
348.279567 0.80
348.348693 0.80
348.402574 0.78
348.466946 0.76
348.531951 0.80
348.593343 0.80
348.647216 0.77
348.716339 0.77
348.770449 0.79
348.829328 0.79
348.904347 0.79
348.969349 0.79
349.034113 0.77
349.098463 0.78
349.159222 0.79
349.218460 0.78
349.278233 0.80
349.343204 0.78
349.407579 0.79
349.477228 0.79
349.531330 0.78
349.581460 0.79
349.636966 0.79
349.696457 0.79
349.761355 0.79
349.817969 0.79
349.876707 0.80
349.930589 0.77
349.991460 0.79
350.052338 0.78
350.102470 0.78
350.162233 0.77
350.212469 0.80
350.267963 0.76
350.316083 0.78
350.380958 0.77
350.434582 0.79
350.493249 0.78
350.553964 0.79
350.613228 0.78
350.677225 0.78
350.736228 0.79
350.790352 0.78
350.845106 0.77
350.909227 0.80
350.963229 0.78
351.017104 0.77
351.076359 0.78
351.145967 0.76
351.215599 0.79
351.296601 0.78
351.361468 0.78
351.422482 0.78
351.492242 0.77
351.551361 0.77
351.626056 0.78
351.695999 0.78
351.755474 0.80
351.815251 0.78
351.880141 0.77
351.950246 0.80
352.011729 0.79
352.071475 0.80
352.136477 0.79
352.196250 0.78
352.257383 0.80
352.322247 0.79
352.387249 0.80
352.442734 0.77
352.498374 0.79
352.563140 0.79
352.622610 0.77
352.682396 0.78
352.736731 0.77
352.801486 0.79
352.862382 0.80
352.922125 0.76
352.972373 0.79
353.031479 0.79
353.096014 0.78
353.160142 0.80
353.214011 0.79
353.273371 0.79
353.343035 0.79
353.414737 0.79
353.479250 0.76
353.529368 0.80
353.594403 0.78
353.654024 0.77
353.723740 0.78
353.788743 0.79
353.848132 0.79
353.913034 0.78
353.988254 0.78
354.052610 0.78
354.106012 0.79
354.169864 0.78
354.233861 0.80
354.298141 0.77
354.356862 0.79
354.421140 0.80
354.480016 0.77
354.543864 0.78
354.607738 0.77
354.671488 0.76
354.730489 0.80
354.783866 0.77
354.848132 0.78
354.907132 0.79
354.965867 0.80
355.029889 0.77
355.099743 0.77
355.164276 0.79
355.224039 0.80
355.278125 0.79
355.336873 0.77
355.391271 0.76
355.445499 0.80
355.506124 0.79
355.560285 0.78
355.620054 0.77
355.685052 0.78
355.744408 0.79
355.805273 0.78
355.865129 0.78
355.915127 0.78
355.965282 0.78
356.020765 0.78
356.075130 0.76
356.130387 0.80
356.187276 0.78
356.247049 0.79
356.306073 0.79
356.371048 0.80
356.432758 0.79
356.492041 0.80
356.555880 0.79
356.610004 0.80
356.669137 0.79
356.729759 0.78
356.789276 0.78
356.859769 0.78
356.914282 0.79
356.974056 0.78
357.033383 0.77
357.097507 0.77
357.166271 0.77
357.235399 0.80
357.294400 0.79
357.348273 0.80
357.422399 0.78
357.486399 0.78
357.560896 0.78
357.624896 0.80
357.689140 0.78
357.754637 0.78
357.828888 0.76
357.892890 0.79
357.956762 0.77
358.015894 0.78
358.079900 0.80
358.138390 0.77
358.203767 0.77
358.267935 0.80
358.326642 0.79
358.390392 0.79
358.460520 0.78
358.522394 0.79
358.576161 0.79
358.640768 0.77
358.704902 0.80
358.758772 0.78
358.823527 0.78
358.888070 0.77
358.952646 0.78
359.018649 0.78
359.088291 0.80
359.152414 0.78
359.212650 0.80
359.262427 0.78
359.321919 0.79
359.372172 0.78
359.436163 0.80
359.494774 0.78
359.550025 0.76
359.604649 0.78
359.674669 0.77
359.724195 0.77
359.787651 0.79
359.856402 0.80
359.909907 0.79
359.968933 0.78
360.032653 0.77
360.101404 0.77
360.170529 0.78
360.229171 0.79
360.287780 0.77
360.351279 0.80
360.409780 0.78
360.478656 0.79
360.542407 0.78
360.611657 0.79
360.680783 0.78
360.744408 0.77
360.799659 0.77
360.868784 0.76
360.927410 0.78
360.996535 0.78
361.070785 0.79
361.134661 0.77
361.203787 0.77
361.267790 0.78
361.326538 0.79
361.390790 0.79
361.450540 0.77
361.504180 0.79
361.563085 0.78
361.619541 0.79
361.674040 0.78
361.737544 0.78
361.802543 0.77
361.856799 0.79
361.926800 0.78
361.991187 0.78
362.050801 0.80
362.115806 0.80
362.181548 0.79
362.236046 0.80
362.299548 0.78
362.360922 0.78
362.411093 0.79
362.470192 0.78
362.535549 0.78
362.609799 0.76
362.668811 0.80
362.733804 0.78
362.804201 0.80
362.876092 0.80
362.930196 0.78
362.999802 0.80
363.058814 0.78
363.117803 0.80
363.177100 0.78
363.231196 0.78
363.300805 0.80
363.359808 0.78
363.420681 0.79
363.474682 0.77
363.538810 0.76
363.598073 0.80
363.659327 0.78
363.728817 0.77
363.788687 0.79
363.858940 0.78
363.919694 0.78
363.980940 0.77
364.037206 0.76
364.106688 0.79
364.165811 0.77
364.235562 0.78
364.305131 0.79
364.365821 0.77
364.431942 0.79
364.496696 0.78
364.557453 0.78
364.611691 0.78
364.671126 0.78
364.731955 0.78
364.791214 0.78
364.855952 0.77
364.915695 0.80
364.975821 0.79
365.025829 0.78
365.097696 0.79
365.168117 0.79
365.228703 0.79
365.293706 0.77
365.353699 0.79
365.423827 0.77
365.488959 0.79
365.548577 0.78
365.621954 0.78
365.681583 0.78
365.754826 0.77
365.819091 0.79
365.888970 0.76
365.948449 0.77
366.015223 0.81
366.074961 0.80
366.134703 0.79
366.191227 0.78
366.250963 0.77
366.307225 0.77
366.366960 0.77
366.426588 0.80
366.490829 0.77
366.555106 0.76
366.619705 0.79
366.675093 0.81
366.735472 0.79
366.794835 0.79
366.877710 0.80
366.942477 0.78
367.001708 0.78
367.056716 0.77
367.117586 0.80
367.172710 0.78
367.227338 0.77
367.275584 0.80
367.334470 0.80
367.398457 0.79
367.457862 0.78
367.527231 0.79
367.591461 0.79
367.660459 0.78
367.729585 0.79
367.788961 0.76
367.843712 0.77
367.903711 0.76
367.977463 0.78
368.041589 0.78
368.100719 0.78
368.169848 0.79
368.226011 0.78
368.290722 0.79
368.355002 0.79
368.413590 0.79
368.472723 0.78
368.555344 0.78
368.623967 0.78
368.682467 0.78
368.749484 0.77
368.818359 0.79
368.887469 0.79
368.951728 0.78
369.006024 0.79
369.083595 0.78
369.137728 0.80
369.197016 0.79
369.266598 0.79
369.330597 0.80
369.384733 0.78
369.444373 0.78
369.511027 0.79
369.570736 0.78
369.630481 0.80
369.684735 0.80
369.744490 0.78
369.809482 0.77
369.874486 0.80
369.935241 0.78
369.989734 0.80
370.054612 0.77
370.111863 0.78
370.172736 0.78
370.237615 0.79
370.298485 0.78
370.363485 0.77
370.422861 0.80
370.488607 0.80
370.554606 0.78
370.609882 0.78
370.670737 0.77
370.727611 0.78
370.777622 0.77
370.849490 0.80
370.911008 0.78
370.975746 0.79
371.035616 0.79
371.107493 0.79
371.172493 0.80
371.237260 0.75
371.307131 0.78
371.376614 0.77
371.435627 0.78
371.505147 0.78
371.571623 0.79
371.633043 0.80
371.697134 0.76
371.756381 0.80
371.815627 0.79
371.869382 0.77
371.933493 0.78