0.000000 0.000000
0.085068 0.87
0.150123 0.87
0.216619 0.87
0.271744 0.88
0.326901 0.87
0.392269 0.88
0.445898 0.87
0.509896 0.87
0.571272 0.87
0.630258 0.87
0.699635 0.87
0.759398 0.87
0.829635 0.87
0.884072 0.87
0.943896 0.87
1.008930 0.87
1.073501 0.87
1.142749 0.87
1.206902 0.87
1.271264 0.87
1.340626 0.87
1.400072 0.79
1.459925 0.78
1.524506 0.79
1.583629 0.78
1.637628 0.79
1.696503 0.78
1.755504 0.79
1.814504 0.79
1.873505 0.79
1.932505 0.78
1.991505 0.79
2.050506 0.78
2.109395 0.78
2.167882 0.79
2.233157 0.78
2.286885 0.79
2.355633 0.79
2.419134 0.79
2.471508 0.79
2.524759 0.79
2.583134 0.79
2.643260 0.79
2.690510 0.79
2.741137 0.78
2.804637 0.78
2.868136 0.79
2.920512 0.78
2.971139 0.78
3.034637 0.79
3.098139 0.78
3.150514 0.79
3.201141 0.78
3.264641 0.79
3.328157 0.79
3.402158 0.79
3.476033 0.79
3.534767 0.78
3.593410 0.79
3.662158 0.79
3.736019 0.79
3.799770 0.78
3.858412 0.79
3.927021 0.79
3.990646 0.79
4.054164 0.78
4.128023 0.79
4.196648 0.78
4.262024 0.79
4.317415 0.80
4.386167 0.79
4.460025 0.78
4.534027 0.78
4.602651 0.78
4.657777 0.79
4.712777 0.79
4.769029 0.79
4.837653 0.79
4.906529 0.79
4.965171 0.79
5.016530 0.79
5.075030 0.79
5.145530 0.79
5.199031 0.79
5.264532 0.79
5.323033 0.78
5.393533 0.78
5.452173 0.78
5.516033 0.79
5.590034 0.79
5.659051 0.79
5.728052 0.79
5.802050 0.79
5.871050 0.79
5.945303 0.79
6.014053 0.79
6.088054 0.79
6.162055 0.78
6.236056 0.78
6.310056 0.79
6.379306 0.79
6.448056 0.79
6.522057 0.78
6.596057 0.79
6.670059 0.79
6.744310 0.79
6.808307 0.79
6.872183 0.79
6.941061 0.79
7.010312 0.79
7.079061 0.78
7.153061 0.79
7.227073 0.79
7.301312 0.79
7.370062 0.78
7.444065 0.78
7.518065 0.78
7.587317 0.79
7.651066 0.79
7.720078 0.79
7.784077 0.78
7.844428 0.78
7.897946 0.79
7.961930 0.79
8.027442 0.79
8.082445 0.79
8.141071 0.79
8.201430 0.79
8.260071 0.79
8.320432 0.79
8.379070 0.79
8.439558 0.78
8.508558 0.79
8.572433 0.78
8.630936 0.79
8.700086 0.79
8.763937 0.78
8.833087 0.79
8.902451 0.78
8.961075 0.79
9.030088 0.79
9.099328 0.78
9.163452 0.80
9.227455 0.79
9.285941 0.79
9.354941 0.79
9.424091 0.78
9.493330 0.79
9.556942 0.78
9.620441 0.78
9.683943 0.79
9.758318 0.78
9.821818 0.79
9.882069 0.78
9.940444 0.78
10.003945 0.79
10.067445 0.79
10.130946 0.78
10.194446 0.78
10.254446 0.79
10.314446 0.79
10.374447 0.79
10.434448 0.78
10.489448 0.79
10.544323 0.79
10.607823 0.78
10.671449 0.79
10.731449 0.79
10.786326 0.78
10.849826 0.79
10.913327 0.79
10.976827 0.78
11.036956 0.79
11.091578 0.79
11.144828 0.78
11.208329 0.79
11.271829 0.78
11.335330 0.78
11.398830 0.78
11.451206 0.79
11.501832 0.79
11.565332 0.78
11.628832 0.79
11.692333 0.78
11.755833 0.79
11.819459 0.79
11.877834 0.79
11.941335 0.78
12.004835 0.79
12.068336 0.79
12.131836 0.79
12.195337 0.79
12.258837 0.80
12.322338 0.79
12.385838 0.79
12.449463 0.79
12.507839 0.79
12.571340 0.78
12.634839 0.78
12.698341 0.78
12.761841 0.79
12.825342 0.79
12.885343 0.78
12.948842 0.80
13.012344 0.79
13.067344 0.78
13.127344 0.78
13.190850 0.78
13.254471 0.78
13.309346 0.79
13.369346 0.79
13.420471 0.79
13.473722 0.79
13.526097 0.78
13.575473 0.79
13.642125 0.78
13.692751 0.79
13.759864 0.78
13.832367 0.79
13.896365 0.79
13.965367 0.78
14.029367 0.78
14.103370 0.79
14.167366 0.79
14.231368 0.79
14.295368 0.79
14.359371 0.79
14.436868 0.79
14.500860 0.79
14.564869 0.79
14.637371 0.79
14.701375 0.78
14.770374 0.79
14.834373 0.79
14.908250 0.79
14.966860 0.79
15.030734 0.79
15.094235 0.79
15.157735 0.79
15.221361 0.79
15.279736 0.78
15.343237 0.79
15.406738 0.79
15.470238 0.79
15.525239 0.79
15.580239 0.79
15.635240 0.78
15.698739 0.78
15.762240 0.79
15.825740 0.79
15.889242 0.79
15.944241 0.78
16.004242 0.78
16.064243 0.79
16.119243 0.78
16.179243 0.79
16.234120 0.79
16.297620 0.79
16.357745 0.79
16.408871 0.79
16.468623 0.79
16.532122 0.79
16.595622 0.79
16.651874 0.79
16.706372 0.78
16.759624 0.79
16.811999 0.79
16.861374 0.79
16.914624 0.79
16.967001 0.79
17.017627 0.78
17.081125 0.79
17.144626 0.79
17.208127 0.78
17.271627 0.79
17.335128 0.79
17.398628 0.78
17.462129 0.79
17.525629 0.79
17.599505 0.79
17.668130 0.79
17.731631 0.78
17.795132 0.79
17.858633 0.79
17.922133 0.78
17.985632 0.79
18.049134 0.79
18.112634 0.78
18.176135 0.79
18.239635 0.79
18.313510 0.78
18.373636 0.78
18.437137 0.79
18.500637 0.79
18.564138 0.79
18.627638 0.79
18.691140 0.78
18.751139 0.79
18.814640 0.78
18.874265 0.79
18.948015 0.78
19.011516 0.79
19.080142 0.78
19.140143 0.79
19.198518 0.79
19.258643 0.79
19.309769 0.79
19.364269 0.78
19.417520 0.79
19.477646 0.78
19.524896 0.79
19.575522 0.79
19.639022 0.78
19.702522 0.79
19.766023 0.78
19.829523 0.79
19.881900 0.79
19.932526 0.78
19.996025 0.79
20.059525 0.78
20.123026 0.79
20.186526 0.78
20.250027 0.79
20.313527 0.79
20.387402 0.78
20.456028 0.79
20.519528 0.78
20.583029 0.79
20.646529 0.79
20.710030 0.79
20.773530 0.78
20.837032 0.78
20.900532 0.79
20.964031 0.78
21.027532 0.79
21.101409 0.79
21.170034 0.79
21.225034 0.78
21.280034 0.79
21.340035 0.78
21.403535 0.79
21.467037 0.79
21.527037 0.78
21.587037 0.79
21.650538 0.78
21.724413 0.78
21.784539 0.78
21.848039 0.78
21.908040 0.78
21.962917 0.79
22.026415 0.78
22.086541 0.78
22.141541 0.79
22.192667 0.79
22.251042 0.79
22.309419 0.79
22.365668 0.78
22.421420 0.79
22.484921 0.78
22.543420 0.79
22.599670 0.79
22.655422 0.80
22.718922 0.78
22.782421 0.78
22.845923 0.79
22.909423 0.79
22.972925 0.79
23.036424 0.79
23.099926 0.79
23.163425 0.78
23.226927 0.78
23.285426 0.79
23.348927 0.79
23.412426 0.78
23.475929 0.78
23.539428 0.79
23.602930 0.78
23.666429 0.79
23.729930 0.79
23.793430 0.78
23.856931 0.79
23.915431 0.79
23.978933 0.78
24.042432 0.78
24.105934 0.79
24.165935 0.79
24.225934 0.79
24.285937 0.78
24.349434 0.78
24.412936 0.79
24.472937 0.79
24.532939 0.79
24.587938 0.79
24.647938 0.79
24.707941 0.79
24.761313 0.79
24.821313 0.79
24.881439 0.79
24.936439 0.79
24.987564 0.78
25.045941 0.79
25.100815 0.79
25.164317 0.78
25.220567 0.79
25.276320 0.79
25.339817 0.79
25.403321 0.79
25.455693 0.79
25.506320 0.79
25.569819 0.79
25.633320 0.78
25.696820 0.79
25.760321 0.79
25.823821 0.79
25.887322 0.78
25.950822 0.79
26.014323 0.78
26.077823 0.79
26.141323 0.79
26.204824 0.78
26.268325 0.79
26.331826 0.79
26.395326 0.78
26.458827 0.79
26.522327 0.79
26.585827 0.78
26.649328 0.79
26.712828 0.79
26.767828 0.78
26.822829 0.79
26.877829 0.78
26.941331 0.79
27.004831 0.80
27.064831 0.79
27.124832 0.79
27.184832 0.78
27.244833 0.78
27.304833 0.79
27.364833 0.79
27.424834 0.79
27.484834 0.79
27.544835 0.79
27.608336 0.78
27.663336 0.79
27.718336 0.78
27.765587 0.79
27.814965 0.79
27.868213 0.78
27.928339 0.79
27.979464 0.78
28.035215 0.79
28.098714 0.80
28.162215 0.78
28.225716 0.79
28.289216 0.78
28.352842 0.78
28.411482 0.79
28.467219 0.79
28.525852 0.79
28.584484 0.79
28.653120 0.78
28.716853 0.79
28.775484 0.79
28.844362 0.79
28.918124 0.79
28.978362 0.79
29.052487 0.79
29.124855 0.78
29.190125 0.79
29.250600 0.80
29.314725 0.79
29.380126 0.78
29.450601 0.78
29.514126 0.79
29.584727 0.78
29.645128 0.79
29.710728 0.78
29.774604 0.79
29.838370 0.79
29.910730 0.79
29.969372 0.79
30.028247 0.79
30.088606 0.78
30.152131 0.78
30.217607 0.79
30.281133 0.78
30.341233 0.78
30.388483 0.79
30.437859 0.79
30.491109 0.78
30.543485 0.79
30.592860 0.78
30.646111 0.79
30.698487 0.79
30.747861 0.79
30.801112 0.79
30.853486 0.79
30.902863 0.79
30.956113 0.79
31.008492 0.79
31.059116 0.79
31.122614 0.79
31.186115 0.79
31.249614 0.79
31.313117 0.79
31.376616 0.79
31.440116 0.79
31.503617 0.79
31.567118 0.78
31.630618 0.79
31.694118 0.79
31.757619 0.78
31.821120 0.78
31.884620 0.78
31.948121 0.79
32.011621 0.79
32.075121 0.78
32.138622 0.79
32.202123 0.78
32.265622 0.79
32.320623 0.79
32.384124 0.79
32.447624 0.79
32.511125 0.79
32.574625 0.79
32.634626 0.78
32.698127 0.78
32.761627 0.78
32.821627 0.79
32.881629 0.79
32.941628 0.79
33.001629 0.78
33.060005 0.79
33.120130 0.79
33.175131 0.79
33.230132 0.78
33.285131 0.79
33.340131 0.78
33.395132 0.78
33.450132 0.79
33.497383 0.79
33.546758 0.79
33.600009 0.78
33.656260 0.79
33.712011 0.78
33.775511 0.78
33.839011 0.78
33.902511 0.79
33.966012 0.78
34.029512 0.80
34.093013 0.79
34.156513 0.79
34.220014 0.78
34.283514 0.79
34.347015 0.78
34.410515 0.79
34.474016 0.79
34.537516 0.79
34.601017 0.79
34.664517 0.79
34.728017 0.79
34.791519 0.78
34.855018 0.79
34.918519 0.79
34.982020 0.79
35.045521 0.78
35.100521 0.78
35.155521 0.78
35.210521 0.79
35.274022 0.79
35.337522 0.79
35.397523 0.79
35.461024 0.79
35.524524 0.78
35.584524 0.79
35.644525 0.78
35.704525 0.79
35.768026 0.79
35.831526 0.78
35.891527 0.79
35.949906 0.79
36.013528 0.78
36.071906 0.79
36.124279 0.79
36.173654 0.78
36.226906 0.79
36.287030 0.78
36.334281 0.79
36.383656 0.79
36.436908 0.78
36.489282 0.79
36.539910 0.78
36.603408 0.78
36.666909 0.78
36.730409 0.79
36.793910 0.79
36.846285 0.78
36.896911 0.79
36.960411 0.79
37.023913 0.79
37.092536 0.79
37.150914 0.78
37.214413 0.79
37.277915 0.79
37.341414 0.79
37.404915 0.79
37.468415 0.79
37.532040 0.79
37.590416 0.79
37.653918 0.79
37.717416 0.79
37.780919 0.79
37.844418 0.79
37.907920 0.79
37.971419 0.79
38.034921 0.78
38.098420 0.79
38.162045 0.79
38.220421 0.78
38.280422 0.79
38.340547 0.79
38.395422 0.79
38.455423 0.79
38.515548 0.79
38.570423 0.79
38.630425 0.79
38.690549 0.79
38.745425 0.79
38.808926 0.79
38.868551 0.79
38.942301 0.79
39.005802 0.79
39.065928 0.79
39.124304 0.79
39.187804 0.79
39.240179 0.78
39.293430 0.79
39.351805 0.78
39.404181 0.79
39.453555 0.79
39.506806 0.79
39.559181 0.78
39.609808 0.78
39.673307 0.78
39.736808 0.78
39.800308 0.78
39.863810 0.78
39.927310 0.78
39.990810 0.79
40.043186 0.79
40.106686 0.78
40.175311 0.79
40.238812 0.78
40.302438 0.79
40.360812 0.79
40.424314 0.79
40.487814 0.78
40.551315 0.78
40.614815 0.78
40.678316 0.79
40.741816 0.79
40.805316 0.79
40.868817 0.79
40.932443 0.79
40.987318 0.79
41.047319 0.79
41.110819 0.79
41.174319 0.79
41.234321 0.79
41.294321 0.78
41.354321 0.79
41.414322 0.78
41.469197 0.79
41.532698 0.78
41.597823 0.79
41.661323 0.79
41.716199 0.79
41.779699 0.78
41.839824 0.78
41.891076 0.79
41.941702 0.79
42.005202 0.79
42.068702 0.79
42.121077 0.78
42.171705 0.79
42.235203 0.78
42.298703 0.79
42.351079 0.79
42.401706 0.78
42.465205 0.78
42.528706 0.78
42.592206 0.79
42.655707 0.79
42.708082 0.79
42.767708 0.79
42.831208 0.80
42.894708 0.78
42.958209 0.79
43.021710 0.79
43.085210 0.78
43.148710 0.79
43.212211 0.79
43.275712 0.78
43.339212 0.79
43.402713 0.78
43.466213 0.79
43.529713 0.78
43.593214 0.79
43.656714 0.79
43.730590 0.78
43.790716 0.79
43.854216 0.79
43.917717 0.79
43.981235 0.79
44.041360 0.79
44.118852 0.79
44.182234 0.78
44.237121 0.79
44.300853 0.80
44.364237 0.79
44.419123 0.79
44.482853 0.78
44.550239 0.79
44.605123 0.79
44.663855 0.79
44.732853 0.78
44.796857 0.79
44.852627 0.78
44.909124 0.78
44.967855 0.78
45.031727 0.79
45.091602 0.78
45.165728 0.78
45.224367 0.79
45.277858 0.78
45.341605 0.79
45.419007 0.79
45.477606 0.79
45.541371 0.78
45.594862 0.79
45.658732 0.79
45.727861 0.79
45.791608 0.78
45.868864 0.80
45.951861 0.78
46.015734 0.78
46.084611 0.79
46.158611 0.79
46.232612 0.79
46.306864 0.79
46.370487 0.78
46.430612 0.79
46.494113 0.79
46.557613 0.78
46.621114 0.79
46.684613 0.78
46.748115 0.79
46.808115 0.78
46.868116 0.79
46.928116 0.79
46.988117 0.79
47.048118 0.78
47.108118 0.79
47.168118 0.79
47.231618 0.78
47.295119 0.79
47.355119 0.78
47.413495 0.78
47.473621 0.79
47.524746 0.79
47.580498 0.79
47.643997 0.79
47.709046 0.78
47.773272 0.78
47.832268 0.79
47.885750 0.79
47.945040 0.79
48.014753 0.79
48.073752 0.79
48.142752 0.79
48.206627 0.79
48.270757 0.79
48.329755 0.79
48.388909 0.79
48.447754 0.79
48.511505 0.79
48.581401 0.78
48.652897 0.79
48.717032 0.79
48.780506 0.79
48.855643 0.79
48.914761 0.79
48.978635 0.78
49.042759 0.79
49.101760 0.79
49.156290 0.79
49.217765 0.79
49.272046 0.78
49.330926 0.78
49.391762 0.78
49.446073 0.78
49.507287 0.79
49.563284 0.79
49.622765 0.78
49.681639 0.79
49.740774 0.79
49.794643 0.79
49.854029 0.79
49.909281 0.79
49.967916 0.78
50.032146 0.79
50.091019 0.80
50.154924 0.79
50.206283 0.79
50.264924 0.78
50.334781 0.78
50.385150 0.78
50.444023 0.78
50.508022 0.79
50.571926 0.79
50.637438 0.78
50.693433 0.78
50.757648 0.79
50.821523 0.78
50.885972 0.79
50.950779 0.79
51.001152 0.78
51.060026 0.78
51.124026 0.78
51.188156 0.78
51.252654 0.78
51.316653 0.79
51.380528 0.79
51.444654 0.79
51.514532 0.79
51.584031 0.79
51.648030 0.78
51.712031 0.78
51.781536 0.78
51.840784 0.79
51.901658 0.79
51.960533 0.78
52.024658 0.78
52.088950 0.79
52.153036 0.78
52.216939 0.78
52.280940 0.78
52.345082 0.78
52.409790 0.79
52.474084 0.78
52.534796 0.79
52.595543 0.79
52.655800 0.79
52.725677 0.79
52.780794 0.78
52.845801 0.79
52.910985 0.78
52.970795 0.79
53.036799 0.79
53.106547 0.79
53.162071 0.78
53.217549 0.79
53.273331 0.79
53.337673 0.78
53.396547 0.78
53.455552 0.79
53.515077 0.79
53.578953 0.79
53.642951 0.78
53.712297 0.79
53.781676 0.78
53.840548 0.78
53.905078 0.78
53.969299 0.78
54.038549 0.79
54.102425 0.78
54.160958 0.78
54.230316 0.78
54.299676 0.79
54.358303 0.79
54.427553 0.78
54.491570 0.79
54.560554 0.79
54.629803 0.79
54.693959 0.78
54.752805 0.78
54.816932 0.78
54.886199 0.79
54.941435 0.79
55.000098 0.78
55.059438 0.79
55.128307 0.78
55.192686 0.79
55.251184 0.79
55.314936 0.78
55.383810 0.78
55.447686 0.78
55.511569 0.78
55.572240 0.79
55.634223 0.79
55.697690 0.79
55.756441 0.79
55.825189 0.79
55.877563 0.78
55.936565 0.79
55.986566 0.79
56.041565 0.79
56.105816 0.79
56.171197 0.78
56.234692 0.78
56.289568 0.78
56.353568 0.79
56.408568 0.79
56.467211 0.79
56.536194 0.78
56.597201 0.79
56.660821 0.78
56.722198 0.78
56.777465 0.78
56.833227 0.79
56.902451 0.79
56.961322 0.78
57.030326 0.79
57.094138 0.78
57.168202 0.79
57.242075 0.79
57.297467 0.78
57.356576 0.78
57.421112 0.79
57.481579 0.79
57.545202 0.78
57.614079 0.78
57.674346 0.78
57.743079 0.79
57.798222 0.78
57.872097 0.78
57.927097 0.79
58.001206 0.78
58.070097 0.79
58.135583 0.78
58.189097 0.78
58.254708 0.79
58.320349 0.79
58.384358 0.78
58.443713 0.78
58.507711 0.78
58.566085 0.78
58.626211 0.79
58.681227 0.79
58.746593 0.78
58.810464 0.78
58.874089 0.78
58.926464 0.78
58.977090 0.79
59.024465 0.79
59.075118 0.78
59.139366 0.79
59.198233 0.79
59.253590 0.78
59.317232 0.79
59.379129 0.79
59.444124 0.78
59.502594 0.78
59.566237 0.78
59.634970 0.79
59.703868 0.79
59.768239 0.78
59.828096 0.78
59.891722 0.78
59.950347 0.79
60.019115 0.79
60.093109 0.78
60.167228 0.78
60.231118 0.79
60.305117 0.79
60.379003 0.78
60.440976 0.78
60.511601 0.79
60.575227 0.79
60.644102 0.79
60.718006 0.79
60.787371 0.78
60.856133 0.79
60.920009 0.78
60.989230 0.79
61.047605 0.78
61.102480 0.79
61.160982 0.79
61.216607 0.79
61.285481 0.79
61.343985 0.79
61.418009 0.79
61.487009 0.78
61.543745 0.78
61.608387 0.79
61.662128 0.78
61.718611 0.79
61.792487 0.78
61.847380 0.78
61.906501 0.78
61.960116 0.79
62.007364 0.79
62.066019 0.79
62.135016 0.78
62.208990 0.78
62.283130 0.78
62.341991 0.79
62.405617 0.79
62.474368 0.79
62.538260 0.78
62.607010 0.79
62.676504 0.79
62.746123 0.79
62.804496 0.79
62.868263 0.78
62.936871 0.78
63.005496 0.78
63.068996 0.79
63.132497 0.79
63.187498 0.78
63.242497 0.79
63.297497 0.79
63.352498 0.79
63.407628 0.78
63.472903 0.79
63.536500 0.78
63.596501 0.79
63.656500 0.78
63.716501 0.78
63.776502 0.79
63.832879 0.78
63.893003 0.78
63.956503 0.79
64.016503 0.78
64.080004 0.79
64.154272 0.79
64.212908 0.79
64.281907 0.79
64.353033 0.78
64.413383 0.79
64.472281 0.79
64.536039 0.79
64.596509 0.78
64.656509 0.79
64.720386 0.79
64.778916 0.79
64.848170 0.78
64.911914 0.79
64.980915 0.79
65.049918 0.78
65.118919 0.79
65.187919 0.78
65.257765 0.78
65.316515 0.79
65.390391 0.79
65.443921 0.78
65.507921 0.78
65.576922 0.78
65.645920 0.78
65.714922 0.79
65.784519 0.78
65.848395 0.79
65.906924 0.79
65.971289 0.78
66.031898 0.78
66.106021 0.78
66.169927 0.78
66.239023 0.78
66.302923 0.79
66.376772 0.78
66.437024 0.79
66.505926 0.78
66.574927 0.78
66.643901 0.78
66.714176 0.79
66.773154 0.78
66.832153 0.79
66.890919 0.79
66.951403 0.79
67.015292 0.79
67.085411 0.79
67.154783 0.79
67.218781 0.79
67.280281 0.79
67.343780 0.78
67.409284 0.78
67.467909 0.78
67.528408 0.79
67.592409 0.79
67.656284 0.78
67.714915 0.78
67.781418 0.79
67.840289 0.79
67.898787 0.79
67.962941 0.79
68.022787 0.79
68.092055 0.78
68.151039 0.79
68.219663 0.79
68.278305 0.78
68.337056 0.79
68.401040 0.78
68.464944 0.78
68.531670 0.79
68.592062 0.78
68.661058 0.79
68.730059 0.79
68.799058 0.79
68.862955 0.78
68.926947 0.80
68.995670 0.78
69.057949 0.79
69.126671 0.79
69.178314 0.79
69.233312 0.78
69.288297 0.79
69.343423 0.78
69.407440 0.79
69.476549 0.78
69.535299 0.79
69.590313 0.78
69.645300 0.79
69.696425 0.79
69.760300 0.79
69.829191 0.79
69.882802 0.79
69.938678 0.79
69.997318 0.78
70.071178 0.79
70.129803 0.79
70.185707 0.78
70.239321 0.78
70.297805 0.79
70.361969 0.79
70.412710 0.78
70.466306 0.79
70.524681 0.79
70.589557 0.79
70.658321 0.78
70.716962 0.79
70.780809 0.78
70.849684 0.79
70.913325 0.78
70.971685 0.79
71.045561 0.78
71.099329 0.79
71.157817 0.79
71.222818 0.79
71.286816 0.79
71.350815 0.79
71.419689 0.78
71.483331 0.78
71.542104 0.79
71.607815 0.79
71.676691 0.79
71.750692 0.79
71.814458 0.79
71.873332 0.79
71.947208 0.78
72.012694 0.79
72.076334 0.79
72.132597 0.78
72.191343 0.79
72.246195 0.78
72.298602 0.78
72.352337 0.79
72.407322 0.79
72.462339 0.79
72.515823 0.79
72.566602 0.79
72.621824 0.79
72.690574 0.79
72.742979 0.79
72.801575 0.78
72.853980 0.78
72.912576 0.78
72.964982 0.78
73.023577 0.78
73.075982 0.79
73.134578 0.78
73.196095 0.78
73.254829 0.78
73.323705 0.79
73.382580 0.78
73.446080 0.79
73.509580 0.78
73.573081 0.79
73.636581 0.78
73.700367 0.78
73.757638 0.78
73.826711 0.79
73.895834 0.79
73.955584 0.78
74.019226 0.79
74.077719 0.78
74.137087 0.79
74.200586 0.79
74.264086 0.79
74.327586 0.79
74.391087 0.79
74.454589 0.79
74.523978 0.79
74.579109 0.79
74.634231 0.78
74.708117 0.78
74.763108 0.78
74.818108 0.78
74.878119 0.78
74.933121 0.79
74.988108 0.79
75.044843 0.79
75.099856 0.78
75.153233 0.79
75.208855 0.78
75.272972 0.79
75.331597 0.79
75.395095 0.78
75.453597 0.78
75.508597 0.79
75.559854 0.79
75.623858 0.78
75.687724 0.78
75.746856 0.79
75.805474 0.78
75.874600 0.79
75.935174 0.79
75.999140 0.79
76.064509 0.78
76.120507 0.78
76.176508 0.79
76.232505 0.78
76.288507 0.79
76.357875 0.78
76.408024 0.78
76.466861 0.80
76.526481 0.78
76.579980 0.78
76.639016 0.78
76.702982 0.78
76.766983 0.78
76.830482 0.79
76.894136 0.78
76.958137 0.78
77.027748 0.79
77.086734 0.79
77.145865 0.79
77.206861 0.79
77.267611 0.78
77.332053 0.78
77.387613 0.79
77.451866 0.79
77.512613 0.78
77.576613 0.79
77.635015 0.79
77.695615 0.79
77.759872 0.79
77.814872 0.79
77.874994 0.78
77.930010 0.78
77.999494 0.78
78.063003 0.79
78.121373 0.78
78.190619 0.78
78.249119 0.78
78.302379 0.78
78.354744 0.78
78.407998 0.79
78.466373 0.79
78.525496 0.79
78.581375 0.79
78.644880 0.78
78.703375 0.79
78.755759 0.79
78.806378 0.78
78.869888 0.79
78.933375 0.79
78.985749 0.79
79.040633 0.78
79.110023 0.79
79.166407 0.79
79.230908 0.78
79.300760 0.78
79.366651 0.78
79.425628 0.79
79.480007 0.79
79.549633 0.79
79.608910 0.78
79.667932 0.79
79.728912 0.80
79.792895 0.79
79.853637 0.78
79.917913 0.78
79.983915 0.79
80.049264 0.79
80.109384 0.79
80.173511 0.78
80.237637 0.78
80.292064 0.79
80.347524 0.78
80.416513 0.78
80.475518 0.78
80.533888 0.78
80.593888 0.79
80.654513 0.79
80.718645 0.79
80.777650 0.78
80.831766 0.78
80.897523 0.79
80.961778 0.79
81.031518 0.79
81.087085 0.78
81.157527 0.78
81.212946 0.80
81.287775 0.79
81.352898 0.79
81.418655 0.78
81.469064 0.79
81.533782 0.79
81.600797 0.79
81.665906 0.79
81.737328 0.79
81.802221 0.79
81.861906 0.78
81.936973 0.78
82.006952 0.79
82.071969 0.79
82.131528 0.79
82.191095 0.79
82.250526 0.79
82.301651 0.79
82.360665 0.79
82.420095 0.79
82.484290 0.79
82.553532 0.78
82.617279 0.79
82.691167 0.78
82.746910 0.79
82.812158 0.79
82.872291 0.79
82.931535 0.79
82.990411 0.78
83.055298 0.79
83.124783 0.78
83.183909 0.79
83.247910 0.79
83.321786 0.78
83.387289 0.79
83.456170 0.79
83.516792 0.79
83.571787 0.78
83.626786 0.79
83.681672 0.78
83.735969 0.79
83.791165 0.78
83.851290 0.78
83.914791 0.78
83.973165 0.79
84.029415 0.79
84.093543 0.78
84.142921 0.79
84.196166 0.79
84.248551 0.78
84.297918 0.79
84.366667 0.79
84.430168 0.79
84.504295 0.79
84.573795 0.79
84.642796 0.79
84.708226 0.79
84.772549 0.79
84.831553 0.78
84.888317 0.79
84.947554 0.79
85.017210 0.79
85.0818