0.000000 0.000000
0.082468 0.87
0.143558 0.87
0.209378 0.87
0.273531 0.88
0.332529 0.87
0.391526 0.87
0.450530 0.86
0.509529 0.87
0.568529 0.87
0.627654 0.88
0.686527 0.87
0.756805 0.87
0.816678 0.87
0.876703 0.87
0.936572 0.87
0.991138 0.87
1.060759 0.87
1.114536 0.87
1.173535 0.88
1.232632 0.87
1.291533 0.87
1.350533 0.87
1.415587 0.79
1.480782 0.78
1.540264 0.78
1.594027 0.78
1.653136 0.79
1.712025 0.79
1.771025 0.79
1.830013 0.79
1.889028 0.79
1.948028 0.80
2.007028 0.79
2.066139 0.79
2.125030 0.78
2.184028 0.79
2.248141 0.79
2.307030 0.79
2.371033 0.78
2.435033 0.78
2.494032 0.79
2.558018 0.79
2.622034 0.79
2.686034 0.78
2.739548 0.79
2.793395 0.78
2.848522 0.79
2.912271 0.78
2.972271 0.78
3.028523 0.79
3.078022 0.79
3.131527 0.78
3.190398 0.79
3.237665 0.78
3.288275 0.79
3.346915 0.79
3.405526 0.78
3.456277 0.78
3.514789 0.78
3.573402 0.78
3.632043 0.79
3.685529 0.79
3.744403 0.79
3.808278 0.78
3.877279 0.79
3.946279 0.78
4.015279 0.79
4.089280 0.78
4.158281 0.79
4.227282 0.79
4.296408 0.79
4.355282 0.79
4.424283 0.79
4.493283 0.78
4.557050 0.79
4.620926 0.79
4.686410 0.79
4.750411 0.79
4.814286 0.79
4.883287 0.79
4.957162 0.78
5.012539 0.78
5.071288 0.78
5.140414 0.79
5.199054 0.78
5.248790 0.78
5.308790 0.79
5.368790 0.78
5.428792 0.79
5.488791 0.79
5.548791 0.79
5.608792 0.79
5.663668 0.79
5.727167 0.79
5.787293 0.79
5.842293 0.79
5.889546 0.78
5.942795 0.79
5.997670 0.78
6.061170 0.79
6.113547 0.78
6.164173 0.78
6.227672 0.78
6.291173 0.79
6.343550 0.78
6.394175 0.78
6.457674 0.78
6.521174 0.79
6.582176 0.79
6.645676 0.78
6.709175 0.79
6.772677 0.78
6.836177 0.78
6.910052 0.79
6.978678 0.79
7.042178 0.79
7.105679 0.79
7.169179 0.79
7.232680 0.78
7.296180 0.79
7.359680 0.78
7.423181 0.79
7.486682 0.79
7.550183 0.79
7.624058 0.79
7.684184 0.80
7.747684 0.79
7.811185 0.78
7.874685 0.78
7.934686 0.78
7.994686 0.78
8.054686 0.78
8.118187 0.79
8.181687 0.79
8.241688 0.78
8.301689 0.78
8.361689 0.78
8.421689 0.78
8.476567 0.78
8.540066 0.79
8.600191 0.79
8.655191 0.79
8.706316 0.78
8.764692 0.79
8.819569 0.78
8.883068 0.79
8.935443 0.78
8.986071 0.79
9.049571 0.79
9.108070 0.78
9.160445 0.78
9.209822 0.79
9.263072 0.79
9.315446 0.78
9.366074 0.79
9.429574 0.79
9.493073 0.79
9.556723 0.79
9.615075 0.79
9.681576 0.79
9.745201 0.78
9.803577 0.79
9.867077 0.78
9.930728 0.78
9.989203 0.79
10.063078 0.79
10.126730 0.78
10.195731 0.78
10.264580 0.78
10.319580 0.78
10.383082 0.79
10.446582 0.79
10.501582 0.79
10.565082 0.79
10.628582 0.78
10.683583 0.79
10.743583 0.79
10.807083 0.79
10.870585 0.79
10.930587 0.79
10.985586 0.78
11.045586 0.79
11.105588 0.79
11.179466 0.78
11.242962 0.79
11.303087 0.79
11.385089 0.79
11.448589 0.78
11.503469 0.79
11.566965 0.78
11.623215 0.79
11.694966 0.78
11.758469 0.78
11.821967 0.78
11.885468 0.79
11.943968 0.78
11.996343 0.79
12.046969 0.79
12.110470 0.79
12.173970 0.78
12.237471 0.78
12.300971 0.79
12.364473 0.78
12.427972 0.79
12.491474 0.79
12.554972 0.78
12.618474 0.79
12.681973 0.78
12.745476 0.79
12.808975 0.79
12.872477 0.78
12.930976 0.79
12.994478 0.79
13.057977 0.78
13.121479 0.79
13.184978 0.79
13.248480 0.79
13.311979 0.78
13.375481 0.78
13.438980 0.79
13.502482 0.78
13.560982 0.79
13.624482 0.78
13.684482 0.79
13.742982 0.79
13.806484 0.79
13.866485 0.78
13.926487 0.78
13.981485 0.79
14.036360 0.78
14.099861 0.78
14.156111 0.78
14.210611 0.79
14.263862 0.79
14.320112 0.78
14.378489 0.79
14.433363 0.78
14.496864 0.79
14.553114 0.79
14.608866 0.79
14.672364 0.79
14.735866 0.78
14.799366 0.79
14.862866 0.80
14.926367 0.79
14.989867 0.79
15.053368 0.79
15.116868 0.79
15.180369 0.79
15.243869 0.78
15.307370 0.79
15.370870 0.79
15.434370 0.79
15.497872 0.79
15.561372 0.79
15.624873 0.78
15.688374 0.79
15.751874 0.79
15.815374 0.79
15.878875 0.79
15.942374 0.79
16.005875 0.79
16.069376 0.78
16.132876 0.79
16.196378 0.78
16.259877 0.78
16.323378 0.79
16.383378 0.79
16.443379 0.79
16.506879 0.78
16.570379 0.79
16.630380 0.78
16.690381 0.79
16.750381 0.78
16.805257 0.79
16.868758 0.79
16.932258 0.78
16.995759 0.78
17.055885 0.79
17.107009 0.79
17.165385 0.79
17.223760 0.79
17.280010 0.79
17.334512 0.79
17.387761 0.78
17.451262 0.78
17.514763 0.79
17.578264 0.78
17.641764 0.78
17.694139 0.78
17.744766 0.79
17.808265 0.78
17.871765 0.78
17.935266 0.79
17.998767 0.79
18.062267 0.79
18.125767 0.78
18.189268 0.79
18.252768 0.79
18.316270 0.79
18.379770 0.79
18.443270 0.79
18.506771 0.79
18.570271 0.79
18.633772 0.79
18.697272 0.78
18.760773 0.78
18.824273 0.79
18.879274 0.79
18.942774 0.78
19.006274 0.79
19.069775 0.78
19.133275 0.79
19.193276 0.78
19.256777 0.79
19.320277 0.79
19.380278 0.78
19.440278 0.79
19.500278 0.79
19.560278 0.78
19.620280 0.79
19.680280 0.78
19.743781 0.78
19.803406 0.79
19.856657 0.78
19.912907 0.79
19.971283 0.79
20.029658 0.79
20.082033 0.79
20.135283 0.79
20.190159 0.79
20.253659 0.79
20.306035 0.79
20.355410 0.78
20.408661 0.79
20.461036 0.79
20.511664 0.79
20.575162 0.78
20.638662 0.78
20.702164 0.78
20.765664 0.78
20.829165 0.78
20.892665 0.79
20.956166 0.79
21.019665 0.79
21.083167 0.79
21.146667 0.79
21.210167 0.79
21.273668 0.79
21.337168 0.79
21.400669 0.79
21.464169 0.78
21.527670 0.79
21.591170 0.79
21.654671 0.79
21.718171 0.79
21.773172 0.79
21.828173 0.79
21.883173 0.78
21.946673 0.79
22.010174 0.79
22.070174 0.78
22.130175 0.79
22.190175 0.79
22.250176 0.78
22.310176 0.80
22.370177 0.79
22.430177 0.79
22.490177 0.78
22.553678 0.79
22.617179 0.78
22.672053 0.79
22.735556 0.79
22.787930 0.79
22.837305 0.79
22.890558 0.79
22.950682 0.79
23.009057 0.79
23.072558 0.79
23.124932 0.78
23.175559 0.79
23.239058 0.78
23.302560 0.78
23.354935 0.79
23.405560 0.79
23.469061 0.79
23.532562 0.78
23.596062 0.79
23.659562 0.79
23.723062 0.79
23.786563 0.79
23.850063 0.79
23.913565 0.78
23.977064 0.79
24.040566 0.79
24.104066 0.79
24.167691 0.79
24.226067 0.79
24.289568 0.79
24.353068 0.79
24.416569 0.79
24.480069 0.78
24.543570 0.79
24.607069 0.79
24.670572 0.78
24.734070 0.78
24.794196 0.78
24.849071 0.78
24.909072 0.79
24.972698 0.79
25.031073 0.79
25.091073 0.79
25.151199 0.78
25.206075 0.79
25.266075 0.79
25.326200 0.79
25.384576 0.79
25.448076 0.79
25.503081 0.78
25.561452 0.79
25.613828 0.79
25.663204 0.79
25.716579 0.78
25.763831 0.79
25.814461 0.79
25.877956 0.78
25.941462 0.79
25.993831 0.78
26.044463 0.79
26.107957 0.78
26.171462 0.79
26.234958 0.79
26.298464 0.79
26.361959 0.79
26.425464 0.79
26.488960 0.79
26.552464 0.79
26.616086 0.79
26.674466 0.79
26.737962 0.79
26.801467 0.78
26.864963 0.79
26.928468 0.78
26.991964 0.79
27.055469 0.78
27.118966 0.79
27.182468 0.79
27.246091 0.78
27.311341 0.78
27.371469 0.78
27.435092 0.78
27.500343 0.79
27.560469 0.79
27.623969 0.79
27.683969 0.78
27.743970 0.79
27.807596 0.78
27.862096 0.79
27.916972 0.79
27.976972 0.78
28.036973 0.79
28.096972 0.78
28.156973 0.78
28.217098 0.79
28.271975 0.79
28.330350 0.78
28.390477 0.79
28.441601 0.78
28.499976 0.79
28.558478 0.79
28.613478 0.79
28.664602 0.79
28.722978 0.80
28.781353 0.78
28.833728 0.79
28.884355 0.79
28.947855 0.78
29.011354 0.79
29.074856 0.79
29.138356 0.78
29.201857 0.79
29.265357 0.78
29.328857 0.79
29.392358 0.79
29.455859 0.78
29.519359 0.79
29.582860 0.79
29.646360 0.78
29.709986 0.79
29.768361 0.78
29.831862 0.79
29.895362 0.79
29.958863 0.78
30.022364 0.79
30.085863 0.78
30.149364 0.79
30.212865 0.78
30.276365 0.79
30.339991 0.78
30.398366 0.79
30.461867 0.79
30.525367 0.79
30.588868 0.78
30.648869 0.79
30.712369 0.79
30.775870 0.79
30.835870 0.80
30.890746 0.78
30.954246 0.79
31.014246 0.78
31.074372 0.78
31.125501 0.79
31.178873 0.78
31.237248 0.79
31.289624 0.78
31.340252 0.78
31.403750 0.78
31.467250 0.79
31.519625 0.79
31.570251 0.79
31.633752 0.79
31.688752 0.79
31.752253 0.78
31.815753 0.78
31.879253 0.79
31.942753 0.79
32.006254 0.78
32.069755 0.79
32.133256 0.78
32.198132 0.79
32.266757 0.79
32.330258 0.79
32.393759 0.79
32.457259 0.79
32.521024 0.79
32.574513 0.79
32.633260 0.79
32.697025 0.79
32.750512 0.78
32.814262 0.79
32.878026 0.79
32.931516 0.80
32.987027 0.79
33.047263 0.79
33.111031 0.78
33.171140 0.79
33.234906 0.79
33.291164 0.78
33.346641 0.78
33.410266 0.79
33.471169 0.78
33.518541 0.79
33.582268 0.79
33.656143 0.79
33.708543 0.79
33.767145 0.79
33.819546 0.79
33.878145 0.78
33.930547 0.79
33.989271 0.78
34.063146 0.80
34.124671 0.79
34.183273 0.79
34.243148 0.79
34.304150 0.78
34.360174 0.79
34.429149 0.78
34.498401 0.78
34.562150 0.79
34.631152 0.78
34.692153 0.78
34.761152 0.79
34.835278 0.79
34.904403 0.79
34.968404 0.79
35.032404 0.79
35.101155 0.79
35.170280 0.78
35.239155 0.79
35.302672 0.79
35.366157 0.78
35.440282 0.79
35.509158 0.79
35.583283 0.79
35.652159 0.78
35.721284 0.79
35.790161 0.79
35.864161 0.79
35.933411 0.79
35.997287 0.79
36.066163 0.79
36.135163 0.80
36.204164 0.79
36.268164 0.79
36.332415 0.79
36.391165 0.79
36.455291 0.79
36.519291 0.79
36.583291 0.78
36.647292 0.78
36.711293 0.78
36.775294 0.79
36.839294 0.79
36.903169 0.78
36.967170 0.79
37.031296 0.78
37.091421 0.78
37.150296 0.79
37.210421 0.79
37.269297 0.79
37.333172 0.78
37.397299 0.79
37.461299 0.78
37.525174 0.79
37.589300 0.79
37.653175 0.79
37.717176 0.79
37.781301 0.78
37.845176 0.79
37.909177 0.80
37.973178 0.79
38.037179 0.79
38.101304 0.79
38.165180 0.79
38.234556 0.79
38.298556 0.79
38.373181 0.78
38.437182 0.79
38.501183 0.79
38.565182 0.79
38.629183 0.79
38.688184 0.78
38.752309 0.78
38.816310 0.79
38.885561 0.79
38.949562 0.79
39.008562 0.78
39.072563 0.79
39.136564 0.79
39.211188 0.79
39.275189 0.79
39.335314 0.79
39.388565 0.79
39.463315 0.78
39.516717 0.78
39.570191 0.79
39.630316 0.78
39.683567 0.79
39.744945 0.79
39.803569 0.79
39.859958 0.78
39.918569 0.79
39.983947 0.78
40.042597 0.79
40.106572 0.79
40.170572 0.78
40.245086 0.78
40.319447 0.79
40.378596 0.79
40.442573 0.78
40.501087 0.79
40.575090 0.79
40.639966 0.79
40.714090 0.79
40.788092 0.79
40.862093 0.78
40.939093 0.79
41.013093 0.79
41.087095 0.79
41.169329 0.79
41.233095 0.78
41.291580 0.78
41.365330 0.79
41.429095 0.79
41.487463 0.78
41.561331 0.79
41.625097 0.78
41.683466 0.79
41.738465 0.79
41.793466 0.79
41.852084 0.78
41.920975 0.78
41.990210 0.78
42.053976 0.78
42.123336 0.79
42.178212 0.78
42.242212 0.78
42.297213 0.79
42.356338 0.79
42.411214 0.78
42.461846 0.78
42.512845 0.79
42.563845 0.78
42.614847 0.79
42.665847 0.78
42.716847 0.79
42.767848 0.78
42.818848 0.79
42.869868 0.78
42.920849 0.79
42.971850 0.79
43.022849 0.78
43.082847 0.79
43.133850 0.79
43.193848 0.78
43.253852 0.80
43.313849 0.79
43.372473 0.79
43.442850 0.79
43.501473 0.78
43.575990 0.79
43.640099 0.79
43.709349 0.79
43.769749 0.79
43.830225 0.79
43.893991 0.79
43.968351 0.79
44.028751 0.79
44.092751 0.78
44.163228 0.79
44.226754 0.78
44.295994 0.79
44.364743 0.79
44.435230 0.79
44.498746 0.78
44.564231 0.79
44.627745 0.78
44.688107 0.79
44.751748 0.79
44.812232 0.79
44.875750 0.79
44.936109 0.79
44.999874 0.78
45.069001 0.78
45.123486 0.79
45.192236 0.79
45.255752 0.78
45.315488 0.79
45.384362 0.78
45.443003 0.79
45.511755 0.79
45.572745 0.79
45.626365 0.78
45.685005 0.79
45.740747 0.78
45.794366 0.78
45.853007 0.79
45.908749 0.79
45.963748 0.78
46.022642 0.79
46.091243 0.79
46.152750 0.79
46.206369 0.78
46.265011 0.79
46.333762 0.78
46.407763 0.78
46.481761 0.78
46.551013 0.78
46.619648 0.79
46.675014 0.78
46.743650 0.78
46.799015 0.79
46.867765 0.79
46.941654 0.78
47.000375 0.79
47.060651 0.79
47.119376 0.78
47.184652 0.79
47.243377 0.78
47.308653 0.78
47.382769 0.79
47.456629 0.79
47.521896 0.79
47.590630 0.79
47.654256 0.78
47.714255 0.78
47.769131 0.79
47.832632 0.79
47.888882 0.79
47.949140 0.78
48.008262 0.79
48.077135 0.79
48.130635 0.79
48.204636 0.78
48.273636 0.78
48.342637 0.79
48.416779 0.78
48.480638 0.79
48.550392 0.79
48.604265 0.79
48.678640 0.78
48.747640 0.78
48.817149 0.78
48.882146 0.78
48.943144 0.80
49.002143 0.78
49.055785 0.78
49.125397 0.79
49.184270 0.78
49.253269 0.79
49.327550 0.79
49.389707 0.79
49.470148 0.78
49.531147 0.79
49.606147 0.78
49.664788 0.78
49.724403 0.78
49.780152 0.78
49.855042 0.79
49.919275 0.78
49.989410 0.78
50.050924 0.79
50.110403 0.79
50.165557 0.79
50.240402 0.79
50.304925 0.79
50.360048 0.79
50.424403 0.78
50.479557 0.79
50.545044 0.78
50.615162 0.78
50.686692 0.78
50.750688 0.79
50.809559 0.79
50.873930 0.79
50.932690 0.79
50.996924 0.79
51.055695 0.79
51.119674 0.79
51.176575 0.78
51.238569 0.79
51.308161 0.79
51.377411 0.79
51.436292 0.78
51.505573 0.79
51.569694 0.79
51.633678 0.79
51.697693 0.79
51.767293 0.78
51.826167 0.78
51.890041 0.78
51.943692 0.79
52.007571 0.78
52.077170 0.79
52.136043 0.78
52.189571 0.78
52.253685 0.78
52.318306 0.78
52.382585 0.79
52.438299 0.79
52.503079 0.78
52.564088 0.79
52.628980 0.79
52.703692 0.79
52.767586 0.78
52.826736 0.79
52.891175 0.78
52.957049 0.78
53.017554 0.79
53.072049 0.79
53.132050 0.78
53.192050 0.78
53.252176 0.78
53.312177 0.78
53.381052 0.79
53.446802 0.79
53.510696 0.79
53.574427 0.79
53.638585 0.78
53.697720 0.78
53.761609 0.78
53.825584 0.78
53.889842 0.79
53.943558 0.79
53.990808 0.78
54.054742 0.78
54.113588 0.78
54.182433 0.79
54.246589 0.78
54.310587 0.79
54.374587 0.78
54.443311 0.79
54.501936 0.78
54.560687 0.78
54.624592 0.78
54.688593 0.79
54.747565 0.78
54.806191 0.79
54.865064 0.78
54.929065 0.78
54.988069 0.78
55.052710 0.79
55.116943 0.79
55.180442 0.78
55.244084 0.79
55.303067 0.79
55.372443 0.78
55.446697 0.78
55.505959 0.78
55.564599 0.79
55.633729 0.78
55.703074 0.78
55.752949 0.79
55.809697 0.78
55.859969 0.79
55.919953 0.78
55.974949 0.79
56.035451 0.78
56.090574 0.79
56.154325 0.80
56.223972 0.78
56.284451 0.79
56.344740 0.78
56.403955 0.79
56.462578 0.78
56.526464 0.79
56.590466 0.78
56.649468 0.78
56.708329 0.79
56.778091 0.78
56.841848 0.79
56.900466 0.78
56.964584 0.79
57.023465 0.79
57.081851 0.78
57.135612 0.79
57.189332 0.78
57.263462 0.79
57.332334 0.79
57.406335 0.79
57.480590 0.79
57.539335 0.79
57.613468 0.79
57.682212 0.78
57.745980 0.79
57.814855 0.79
57.878338 0.78
57.941838 0.79
58.005338 0.80
58.068839 0.79
58.132339 0.78
58.195840 0.79
58.259340 0.79
58.322842 0.79
58.388222 0.79
58.448344 0.79
58.511844 0.78
58.571843 0.78
58.631844 0.79
58.691844 0.78
58.746851 0.78
58.801971 0.79
58.855477 0.79
58.924508 0.78
58.988222 0.79
59.040598 0.78
59.091238 0.78
59.154727 0.79
59.218226 0.79
59.274478 0.78
59.330230 0.78
59.393728 0.79
59.457492 0.78
59.512001 0.79
59.566008 0.78
59.624979 0.78
59.690258 0.79
59.743871 0.79
59.818353 0.78
59.882481 0.79
59.942628 0.78
60.006231 0.79
60.069995 0.78
60.128757 0.78
60.192231 0.79
60.255731 0.78
60.319232 0.79
60.382733 0.79
60.446233 0.78
60.509734 0.78
60.573234 0.79
60.636735 0.78
60.700236 0.79
60.774112 0.79
60.829362 0.78
60.898362 0.78
60.956879 0.78
61.015515 0.79
61.075749 0.78
61.131530 0.78
61.190367 0.78
61.259241 0.79
61.324241 0.78
61.398242 0.79
61.469174 0.79
61.528368 0.78
61.592118 0.79
61.652369 0.79
61.716244 0.78
61.785245 0.79
61.841147 0.79
61.888522 0.78
61.947120 0.78
62.003371 0.79
62.054148 0.79
62.112888 0.79
62.182386 0.79
62.241130 0.78
62.293506 0.79
62.357127 0.79
62.409505 0.79
62.460129 0.79
62.523629 0.79
62.577892 0.79
62.646641 0.79
62.710126 0.79
62.773642 0.79
62.837127 0.78
62.900629 0.79
62.954380 0.78
63.023380 0.79
63.079131 0.78
63.135132 0.79
63.191133 0.78
63.260382 0.78
63.329257 0.79
63.387633 0.78
63.451133 0.79
63.525259 0.79
63.583634 0.78
63.649134 0.79
63.718135 0.78
63.781903 0.78
63.835386 0.78
63.899137 0.79
63.968262 0.79
64.032391 0.79
64.091265 0.78
64.155264 0.79
64.219264 0.78
64.283265 0.79
64.347140 0.79
64.416140 0.79
64.479640 0.79
64.539642 0.79
64.590892 0.79
64.640906 0.78
64.690906 0.78
64.749529 0.79
64.813023 0.79
64.873146 0.78
64.928147 0.78
64.983149 0.78
65.030399 0.79
65.079775 0.78
65.131051 0.78
65.187053 0.79
65.243053 0.78
65.299053 0.78
65.355051 0.79
65.411052 0.79
65.467054 0.78
65.520667 0.78
65.584553 0.79
65.653527 0.79
65.717277 0.79
65.781152 0.79
65.837104 0.79
65.901154 0.79
65.957059 0.79
66.016922 0.79
66.072280 0.79
66.136279 0.79
66.205047 0.79
66.274031 0.78
66.343157 0.79
66.412048 0.78
66.486283 0.79
66.550158 0.79
66.614159 0.79
66.678159 0.79
66.742159 0.78
66.806160 0.79
66.870160 0.78
66.934161 0.79
66.992538 0.78
67.052541 0.78
67.107539 0.78
67.171037 0.79
67.234540 0.78
67.294540 0.78
67.349417 0.79
67.412917 0.78
67.473043 0.78
67.528044 0.79
67.583042 0.78
67.638043 0.79
67.689583 0.79
67.759168 0.78
67.823293 0.78
67.878294 0.79
67.937169 0.78
68.001295 0.78
68.060170 0.79
68.124059 0.79
68.188171 0.78
68.252047 0.79
68.316173 0.78
68.380172 0.79
68.444049 0.79
68.508299 0.79
68.563300 0.79
68.622175 0.79
68.686175 0.78
68.755302 0.79
68.814176 0.78
68.878179 0.78
68.942177 0.79
69.011428 0.78
69.080583 0.78
69.155179 0.78
69.219179 0.78
69.287820 0.79
69.348431 0.80
69.412585 0.79
69.471584 0.79
69.530587 0.79
69.589432 0.80
69.649683 0.79
69.708587 0.79
69.767586 0.79
69.826434 0.79
69.881585 0.79
69.935059 0.79
69.993586 0.78
70.047061 0.79
70.105436 0.78
70.160437 0.79
70.223939 0.78
70.278940 0.79
70.333941 0.79
70.388942 0.79
70.443942 0.78
70.491192 0.79
70.544442 0.79
70.609323 0.79
70.673444 0.78
70.738958 0.78
70.804317 0.79
70.862835 0.78
70.915193 0.78
70.974744 0.79
71.031448 0.79
71.091963 0.79
71.160963 0.79
71.216852 0.78
71.285969 0.78
71.346575 0.78
71.411452 0.78
71.466590 0.79
71.520452 0.79
71.580966 0.79
71.654715 0.79
71.714838 0.79
71.778449 0.78
71.847200 0.78
71.906205 0.78
71.965328 0.79
72.020453 0.78
72.085730 0.79
72.149328 0.78
72.214972 0.79
72.273329 0.79
72.338954 0.79
72.402970 0.78
72.471973 0.79
72.535849 0.79
72.589207 0.79
72.652735 0.79
72.713082 0.78
72.781737 0.78
72.847209 0.79
72.905835 0.78
72.966463 0.78
73.030335 0.79
73.085211 0.79
73.148728 0.79
73.222855 0.78
73.282739 0.79
73.356715 0.78
73.425727 0.78
73.490730 0.79
73.555715 0.79
73.624715 0.78
73.699237 0.79
73.773221 0.78
73.836722 0.78
73.900219 0.79
73.963721 0.79
74.027221 0.78
74.086347 0.79
74.150471 0.78
74.205756 0.79
74.269749 0.79
74.343737 0.78
74.417632 0.79
74.472865 0.78
74.541738 0.78
74.615753 0.79
74.674724 0.78
74.738223 0.79
74.801723 0.79
74.875974 0.78
74.934729 0.78
74.998352 0.79
75.069620 0.79
75.133228 0.78
75.207867 0.79
75.271869 0.78
75.335619 0.78
75.409759 0.79
75.473632 0.78
75.542748 0.78
75.611748 0.79
75.671981 0.79
75.735874 0.78
75.800360 0.78
75.855611 0.79
75.914233 0.78
75.972752 0.78
76.033361 0.79
76.086750 0.79
76.143236 0.79
76.212236 0.79
76.281236 0.79
76.341237 0.79
76.399862 0.78
76.455640 0.78
76.509114 0.79
76.579132 0.79
76.632630 0.79
76.696866 0.79
76.765865 0.79
76.834866 0.78
76.898619 0.79
76.972670 0.79
77.031759 0.78
77.095621 0.79
77.169648 0.79
77.243645 0.78
77.312619 0.79
77.387120 0.78
77.440885 0.78
77.509624 0.78
77.583747 0.79
77.652622 0.79
77.727126 0.79
77.796373 0.79
77.865249 0.78
77.922126 0.79
77.987627 0.79
78.061625 0.79
78.131127 0.79
78.196631 0.79
78.265754 0.79
78.334504 0.79
78.385896 0.78
78.449534 0.80
78.513255 0.79
78.587260 0.78
78.642131 0.78
78.712536 0.79
78.773023 0.78
78.826632 0.78
78.887012 0.78
78.945633 0.79
79.006263 0.79
79.075765 0.79
79.139634 0.79
79.203635 0.79
79.267636 0.79
79.336763 0.78
79.395545 0.78
79.459887 0.78
79.523637 0.79
79.587637 0.78
79.649577 0.78
79.713775 0.79
79.778271 0.78
79.837667 0.78
79.902025 0.78
79.965546 0.78
80.035017 0.79
80.093549 0.79
80.157545 0.79
80.226551 0.78
80.295548 0.78
80.369661 0.79
80.433674 0.78
80.492552 0.78
80.561649 0.78
80.625550 0.79
80.689787 0.79
80.748529 0.80
80.817553 0.79
80.886649 0.79
80.950800 0.79
81.019676 0.79
81.083565 0.79
81.152652 0.79
81.216556 0.79
81.286152 0.79
81.351402 0.79
81.425669 0.78
81.489558 0.79
81.553535 0.79
81.610154 0.79
81.663546 0.78
81.724030 0.79
81.789664 0.78
81.854055 0.79
81.925410 0.78
81.989562 0.79
82.048407 0.79
82.112407 0.79
82.178034 0.79
82.247034 0.78
82.306035 0.78
82.365035 0.79
82.423573 0.79
82.487537 0.79
82.551707 0.79
82.615289 0.78
82.673914 0.79
82.733054 0.78
82.796931 0.79
82.860680 0.79
82.924571 0.78
82.983415 0.78
83.052569 0.78
83.121572 0.79
83.190297 0.78
83.250694 0.79
83.314572 0.78
83.373419 0.78
83.437574 0.79
83.496578 0.79
83.565423 0.78
83.629696 0.78
83.684820 0.78
83.740047 0.78
83.811174 0.79
83.871331 0.79
83.932062 0.78
83.990931 0.78
84.056428 0.79
84.116075 0.79
84.185175 0.80
84.243942 0.79
84.309704 0.78
84.368427 0.79
84.432427 0.79
84.488336 0.79
84.546929 0.79
84.598056 0.78
84.651580 0.78
84.710429 0.78
84.766334 0.79
84.824953 0.79
84.883808 0.78
84.942589 0.78
85.007183 0.79
85.063837 0.79
85.123058 0.79
85.181811 0.78
85