0.000000 0.000000
0.052498 42.78
0.104374 42.78
0.174259 42.78
0.238868 42.22
0.297737 42.22
0.383611 42.22
0.433736 42.22
0.497736 42.22
0.561737 42.22
0.639379 42.22
0.713503 42.22
0.769165 42.22
0.830683 41.67
0.890532 41.67
0.960900 41.67
1.025745 41.67
1.083648 41.67
1.129384 41.67
1.183144 41.67
1.235645 41.67
1.281384 41.67
1.345145 41.67
1.404507 41.67
1.469501 41.67
1.534262 41.67
1.589385 41.67
1.658144 41.67
1.722138 41.67
1.791021 41.67
1.851024 41.67
1.925025 41.67
1.978499 41.67
2.032262 41.67
2.101263 41.67
2.170266 41.67
2.239265 41.67
2.303266 41.67
2.367266 41.67
2.436154 41.67
2.499753 41.67
2.563503 41.67
2.617145 41.67
2.686144 41.67
2.751396 41.67
2.820031 41.67
2.894030 41.67
2.947632 41.67
3.011398 41.67
3.070033 41.67
3.123633 41.67
3.193885 41.67
3.247634 41.67
3.317886 41.67
3.371510 41.67
3.421510 41.67
3.471511 41.67
3.521511 41.67
3.571512 41.67
3.621511 41.67
3.682153 41.67
3.751038 41.67
3.815039 41.67
3.864513 41.67
3.933140 41.67
4.003519 41.67
4.058520 41.67
4.104017 41.67
4.153392 41.67
4.213520 41.67
4.259018 41.67
4.309643 41.67
4.373145 41.67
4.446896 41.67
4.500144 41.67
4.573899 41.67
4.624645 41.67
4.688146 41.67
4.761898 41.67
4.815148 41.67
4.888901 41.67
4.939648 41.67
5.003149 41.67
5.076900 41.67
5.130150 41.67
5.203903 41.67
5.267526 41.67
5.336152 41.67
5.409903 41.67
5.464902 41.67
5.519903 41.67
5.574904 41.67
5.629905 41.67
5.683155 41.67
5.756909 41.67
5.822279 41.67
5.890907 41.67
5.945907 41.67
6.000781 41.67
6.060783 41.67
6.120783 41.67
6.180782 41.67
6.240783 41.67
6.300784 41.67
6.360785 41.67
6.414035 41.67
6.484414 41.67
6.539413 41.67
6.602914 41.67
6.652288 41.67
6.712415 41.67
6.766916 41.67
6.817539 41.67
6.881062 41.67
6.936038 41.67
6.999939 41.67
7.063943 41.67
7.127942 41.67
7.191943 41.67
7.255944 41.67
7.319943 41.67
7.383945 41.67
7.447945 41.67
7.511946 41.67
7.567043 41.67
7.630946 41.67
7.686308 41.67
7.744950 41.67
7.808948 41.67
7.872950 41.67
7.936947 41.67
8.000949 41.67
8.064949 41.67
8.128949 41.67
8.192927 41.67
8.256925 41.67
8.320925 41.67
8.379926 41.67
8.449439 41.67
8.513551 41.67
8.572442 41.67
8.636427 41.67
8.700428 41.67
8.764443 41.67
8.828554 41.67
8.887444 41.67
8.951445 41.67
9.015445 41.67
9.084805 41.67
9.143557 41.67
9.197198 41.67
9.255933 41.67
9.314808 41.67
9.373449 41.67
9.432200 41.67
9.490935 41.67
9.549810 41.67
9.599201 41.67
9.652810 41.67
9.707435 41.67
9.767561 41.67
9.826453 41.67
9.890451 41.67
9.954813 41.67
10.013813 41.67
10.072814 41.67
10.123439 41.67
10.187453 41.67
10.251457 41.67
10.307455 41.67
10.371456 41.67
10.431441 41.67
10.505692 41.67
10.570692 41.67
10.639944 41.67
10.703693 41.67
10.756945 41.67
10.830694 41.67
10.883946 41.67
10.957696 41.67
11.010946 41.67
11.084697 41.67
11.137947 41.67
11.211696 41.67
11.264949 41.67
11.338698 41.67
11.391949 41.67
11.465699 41.67
11.520699 41.67
11.575700 41.67
11.630575 41.67
11.690576 41.67
11.750576 41.67
11.810576 41.67
11.870578 41.67
11.930578 41.67
11.990578 41.67
12.050579 41.67
12.110579 41.67
12.170579 41.67
12.230580 41.67
12.294081 41.67
12.354207 41.67
12.409208 41.67
12.464208 41.67
12.509707 41.67
12.559084 41.67
12.619210 41.67
12.664709 41.67
12.714084 41.67
12.774210 41.67
12.819709 41.67
12.870335 41.67
12.933836 41.67
13.004213 41.67
13.049711 41.67
13.100337 41.67
13.163837 41.67
13.237588 41.67
13.290838 41.67
13.364589 41.67
13.417840 41.67
13.491590 41.67
13.544841 41.67
13.618591 41.67
13.671842 41.67
13.745592 41.67
13.798843 41.67
13.872593 41.67
13.925844 41.67
13.999594 41.67
14.052844 41.67
14.126595 41.67
14.179845 41.67
14.253597 41.67
14.308597 41.67
14.361847 41.67
14.435598 41.67
14.490473 41.67
14.548848 41.67
14.622599 41.67
14.677475 41.67
14.737475 41.67
14.797476 41.67
14.857476 41.67
14.910726 41.67
14.981103 41.67
15.044602 41.67
15.099478 41.67
15.152729 41.67
15.223133 41.67
15.277730 41.67
15.351730 41.67
15.415606 41.67
15.477135 41.67
15.536982 41.67
15.595608 41.67
15.660608 41.67
15.734484 41.67
15.799484 41.67
15.852735 41.67
15.923111 41.67
15.968610 41.67
16.019236 41.67
16.082736 41.67
16.156487 41.67
16.209737 41.67
16.283488 41.67
16.336738 41.67
16.410489 41.67
16.463739 41.67
16.537490 41.67
16.590740 41.67
16.664491 41.67
16.717742 41.67
16.791491 41.67
16.844742 41.11
16.918493 41.67
16.971742 41.67
17.045493 41.11
17.100494 41.67
17.155494 41.67
17.208745 41.67
17.282496 41.11
17.337371 41.67
17.397371 41.67
17.457373 41.11
17.517373 41.11
17.577373 41.11
17.637374 41.11
17.697374 41.67
17.757375 41.11
17.810625 41.11
17.875751 41.67
17.941003 41.11
17.996002 41.67
18.051004 41.11
18.096502 41.67
18.145880 41.11
18.206005 41.11
18.251504 41.11
18.300879 41.67
18.361005 41.67
18.406504 41.11
18.455881 41.11
18.516007 41.11
18.561506 41.11
18.612131 41.11
18.675632 41.11
18.749383 41.11
18.802633 41.11
18.876384 41.11
18.929634 41.11
19.003385 41.11
19.056635 41.11
19.130386 41.11
19.183636 41.11
19.257387 41.11
19.310637 41.11
19.384387 41.11
19.437638 41.11
19.511388 41.11
19.564639 41.11
19.638390 41.11
19.691640 41.11
19.765391 41.11
19.818641 41.11
19.892392 41.11
19.947392 41.11
20.002393 41.11
20.057268 41.11
20.117268 41.11
20.177269 41.11
20.237270 41.11
20.297270 41.11
20.357271 41.11
20.417271 41.11
20.480772 41.11
20.549397 41.11
20.604273 41.11
20.657523 41.11
20.727900 41.11
20.782399 41.11
20.840775 41.11
20.900902 41.11
20.955401 41.11
21.013776 41.11
21.073903 41.11
21.119402 41.11
21.170027 41.11
21.238653 41.11
21.307278 41.11
21.360529 41.11
21.430905 41.11
21.476404 41.11
21.527031 41.11
21.590530 41.11
21.664282 41.11
21.717532 41.11
21.787909 41.11
21.838532 41.11
21.912283 41.11
21.965533 41.11
22.039284 41.11
22.092534 41.11
22.166285 41.11
22.219535 41.11
22.293287 41.11
22.346536 41.11
22.420288 41.11
22.473537 41.11
22.547288 41.11
22.600538 41.11
22.669289 41.11
22.722539 41.11
22.796290 41.11
22.851291 41.11
22.904541 41.11
22.978292 41.11
23.033167 41.11
23.091542 41.11
23.165293 41.11
23.219793 41.11
23.271169 41.11
23.331169 41.11
23.391170 41.11
23.445922 41.11
23.514671 41.11
23.574798 41.11
23.638297 41.11
23.693172 41.11
23.746423 41.11
23.816800 41.11
23.862299 41.11
23.911674 41.11
23.971802 41.11
24.017300 41.11
24.067927 41.11
24.131426 41.11
24.205177 41.11
24.263677 41.11
24.327178 41.11
24.380428 41.11
24.454179 41.11
24.507428 41.11
24.577805 41.11
24.623305 41.11
24.673931 41.11
24.737431 41.11
24.811181 41.11
24.864432 41.11
24.938183 41.11
24.991432 41.11
25.065184 41.11
25.118433 41.11
25.192184 41.11
25.250685 41.11
25.314185 41.11
25.367436 41.11
25.441186 41.11
25.494437 41.11
25.568187 41.11
25.621438 41.11
25.695188 41.11
25.750064 41.11
25.810065 41.11
25.865066 41.11
25.925065 41.11
25.985066 41.11
26.040068 41.11
26.103567 41.11
26.172192 41.11
26.230693 41.11
26.299319 41.11
26.369696 41.11
26.424695 41.11
26.479696 41.11
26.534696 41.11
26.580196 41.11
26.629571 41.11
26.689698 41.11
26.744699 41.11
26.790197 41.11
26.840822 41.11
26.904323 41.11
26.978074 41.11
27.031325 41.11
27.105075 41.11
27.155825 41.11
27.219326 41.11
27.293076 41.11
27.346326 41.11
27.420078 41.11
27.470827 41.11
27.534328 41.11
27.608079 41.11
27.661329 41.11
27.735080 41.11
27.798706 41.11
27.867330 41.11
27.941081 41.11
27.994332 41.11
28.068083 41.11
28.121333 41.11
28.195084 41.11
28.248334 41.11
28.322085 41.11
28.377085 41.11
28.430336 41.11
28.504086 41.11
28.558963 41.11
28.617337 41.11
28.691088 41.11
28.745965 41.11
28.805965 41.11
28.865965 41.11
28.925966 41.11
28.985966 41.11
29.039215 41.11
29.104341 41.11
29.169593 41.11
29.224593 41.11
29.279594 41.11
29.334092 41.11
29.384718 41.11
29.448219 41.11
29.518596 41.11
29.564095 41.11
29.614720 41.11
29.678220 41.11
29.748598 41.11
29.794096 41.11
29.844721 41.11
29.908222 41.11
29.981974 41.11
30.035224 41.11
30.108975 41.11
30.162225 41.11
30.235978 41.11
30.299600 41.11
30.368227 41.11
30.441976 41.11
30.495227 41.11
30.568977 41.11
30.622229 41.11
30.691120 41.11
30.764980 41.11
30.818246 41.11
30.891985 41.11
30.973981 41.11
31.027248 41.11
31.095983 41.11
31.150983 41.11
31.222985 41.11
31.288358 41.11
31.356985 41.11
31.411863 41.11
31.471864 41.11
31.531865 41.11
31.591865 41.11
31.651864 41.11
31.711867 41.11
31.771867 41.11
31.835363 41.11
31.903988 41.11
31.958867 41.11
32.012115 41.11
32.077491 41.11
32.131990 41.11
32.182615 41.11
32.246117 41.11
32.316494 41.11
32.361992 41.11
32.435494 41.11
32.480993 41.11
32.554495 41.11
32.599994 41.11
32.670496 41.11
32.715995 41.11
32.766620 41.11
32.830122 41.11
32.903872 41.11
32.957122 41.11
33.030873 41.11
33.084123 41.11
33.157874 41.11
33.211124 41.11
33.284875 41.11
33.338125 41.11
33.411877 41.11
33.465126 41.11
33.538878 41.11
33.592127 41.11
33.665881 41.11
33.731253 41.11
33.799880 41.11
33.853129 41.11
33.926881 41.11
33.980131 41.11
34.053881 41.11
34.107132 41.11
34.180882 41.11
34.234132 41.11
34.307884 41.11
34.361134 41.11
34.434885 41.11
34.489758 41.11
34.549760 41.11
34.609760 41.11
34.669760 41.11
34.723011 41.11
34.788136 41.11
34.853389 41.11
34.908389 41.11
34.963389 41.11
35.018390 41.11
35.063890 41.11
35.122264 41.11
35.182392 41.11
35.227891 41.11
35.278515 41.11
35.342017 41.11
35.412393 41.11
35.457893 41.11
35.508517 41.11
35.567018 41.11
35.640768 41.11
35.694019 41.11
35.762769 41.11
35.816020 41.11
35.889771 41.11
35.943021 41.11
36.016772 41.11
36.070022 41.11
36.143773 41.11
36.197023 41.11
36.270773 41.11
36.324024 41.11
36.392774 41.11
36.446025 41.11
36.519776 41.11
36.573026 41.11
36.646777 41.11
36.700027 41.11
36.773778 41.11
36.827028 41.11
36.900778 41.11
36.955654 41.11
37.019279 41.11
37.069030 41.11
37.142781 41.11
37.197656 41.11
37.257656 41.11
37.317657 41.11
37.377657 41.11
37.430908 41.11
37.501284 41.11
37.555784 41.11
37.610659 41.11
37.663910 41.11
37.734286 41.11
37.789286 41.11
37.844287 41.11
37.902662 41.11
37.955912 41.11
38.026289 41.11
38.071787 41.11
38.121163 41.11
38.184664 41.11
38.237915 41.11
38.311665 41.11
38.364916 41.11
38.438666 41.11
38.491917 41.11
38.565667 41.11
38.618918 41.11
38.692668 41.11
38.745920 41.11
38.819669 41.11
38.872921 41.11
38.946670 41.11
38.999923 41.11
39.073671 41.11
39.126923 41.11
39.200672 41.11
39.253924 41.11
39.327673 41.11
39.380925 41.11
39.454673 41.11
39.507925 41.11
39.581675 41.11
39.634927 41.11
39.708676 41.11
39.761928 41.11
39.835678 41.11
39.890552 41.11
39.948929 41.11
40.022679 41.11
40.077553 41.11
40.137554 41.11
40.197555 41.11
40.250805 41.11
40.321182 41.11
40.384681 41.11
40.439557 41.11
40.492807 41.11
40.563185 41.11
40.618185 41.11
40.673185 41.11
40.727684 41.11
40.778309 41.11
40.841810 41.11
40.912188 41.11
40.957686 41.11
41.016061 41.11
41.079562 41.11
41.132812 41.11
41.206563 41.11
41.259814 41.11
41.333564 41.11
41.386815 41.11
41.460565 41.11
41.513815 41.11
41.587566 41.11
41.640816 41.11
41.714567 41.11
41.767818 41.11
41.841568 41.11
41.894819 41.11
41.968569 41.11
42.021819 41.11
42.095570 41.11
42.150570 41.11
42.203820 41.11
42.277571 41.11
42.330822 41.11
42.404573 41.11
42.457823 41.11
42.531573 41.11
42.586449 41.11
42.646449 41.11
42.704825 41.11
42.778575 41.11
42.833451 41.11
42.893452 41.11
42.953452 41.11
43.013452 41.11
43.066703 41.11
43.137081 41.11
43.200579 41.11
43.249956 41.11
43.310082 41.11
43.364580 41.11
43.415206 41.11
43.478706 41.11
43.549083 41.11
43.603582 41.11
43.661959 41.11
43.722085 41.11
43.767583 41.11
43.818209 41.11
43.881709 41.11
43.955461 41.11
44.008710 41.11
44.082461 41.11
44.135711 41.11
44.209462 41.11
44.262712 41.11
44.336463 41.11
44.389714 41.11
44.463464 41.11
44.516715 41.11
44.590465 41.11
44.643716 41.11
44.717466 41.11
44.770716 41.11
44.844468 41.11
44.897718 41.11
44.971469 41.11
45.024719 41.11
45.098470 41.11
45.151719 41.11
45.225470 41.11
45.278721 41.11
45.352472 41.11
45.405722 41.11
45.479472 41.11
45.534348 41.11
45.594349 41.11
45.654348 41.11
45.714350 41.11
45.777850 41.11
45.846476 41.11
45.901351 41.11
45.961352 41.11
46.014602 41.11
46.084979 41.11
46.139979 41.11
46.194478 41.11
46.243853 41.11
46.303979 41.11
46.349479 41.11
46.400105 41.11
46.463605 41.11
46.528983 41.11
46.574481 41.11
46.625107 41.11
46.688608 41.11
46.758985 41.11
46.804483 41.11
46.864109 41.11
46.927609 41.11
47.001360 41.11
47.054610 41.11
47.128361 41.11
47.181611 41.11
47.255362 41.11
47.308612 41.11
47.382363 41.11
47.435613 41.11
47.509364 41.11
47.562615 41.11
47.631490 41.11
47.696740 41.11
47.765366 41.11
47.818616 41.11
47.892368 41.11
47.947368 41.11
48.002368 41.11
48.057368 41.11
48.112369 41.11
48.165619 41.11
48.234495 41.11
48.298621 41.11
48.367621 41.11
48.436622 41.67
48.505497 41.67
48.575874 41.67
48.639373 41.67
48.688748 41.67
48.748875 41.67
48.807625 41.67
48.874918 41.67
48.944027 41.67
49.003025 41.67
49.064905 41.67
49.128502 41.67
49.198879 41.67
49.253378 41.67
49.304004 41.67
49.373029 41.67
49.431630 41.67
49.490380 41.67
49.554381 41.67
49.614907 41.67
49.678757 41.67
49.742258 41.67
49.795508 41.67
49.869258 41.67
49.922508 41.67
49.996259 42.22
50.049510 42.22
50.123260 42.22
50.176511 42.22
50.250261 42.22
50.303511 42.22
50.367638 42.22
50.426514 42.22
50.485389 42.22
50.549768 42.22
50.614050 42.22
50.673045 42.22
50.731766 42.22
50.792409 42.22
50.852070 42.22
50.913413 42.22
50.977769 42.22
51.038393 42.22
51.102525 42.22
51.159289 42.22
51.223521 42.22
51.287410 42.22
51.356521 42.22
51.418835 42.22
51.478528 42.22
51.537525 42.22
51.596524 42.22
51.655416 42.22
51.719524 42.22
51.778417 42.22
51.842276 42.22
51.911526 42.22
51.970418 42.22
52.034942 42.22
52.093935 42.22
52.152777 42.78
52.211778 42.78
52.276058 42.78
52.341081 42.78
52.405790 42.78
52.475804 42.78
52.551544 42.78
52.611545 42.78
52.676535 42.78
52.730667 42.78
52.795669 42.78
52.856173 42.78
52.914942 42.78
52.975535 42.78
53.034299 42.78
53.094060 42.78
53.159060 42.78
53.223538 42.78
53.277953 42.78
53.338540 42.78
53.388789 42.78
53.463793 42.78
53.538539 42.78
53.604867 42.78
53.670822 42.78
53.730431 42.78
53.789549 42.78
53.848794 42.78
53.918918 43.33
53.979707 43.33
54.034292 42.78
54.099418 43.33
54.158418 43.33
54.222169 43.33
54.271670 43.33
54.322794 43.33
54.381545 43.33
54.440551 43.33
54.495295 43.33
54.565703 43.33
54.611298 43.33
54.680425 43.33
54.739316 43.33
54.804678 43.33
54.868677 43.33
54.932425 43.33
54.992685 43.33
55.038190 43.33
55.094192 43.33
55.157801 43.33
55.232194 43.33
55.306068 43.33
55.359555 43.33
55.413429 43.33
55.472196 43.33
55.531805 43.33
55.600679 43.33
55.659323 43.33
55.728073 43.33
55.781557 43.33
55.835449 43.33
55.899330 43.33
55.963308 43.33
56.027441 43.33
56.086058 43.33
56.139309 43.33
56.208564 43.33
56.270435 43.33
56.334080 43.33
56.387564 43.33
56.458327 43.33
56.532189 43.33
56.606080 43.33
56.680080 43.33
56.754080 43.33
56.808940 43.33
56.867564 43.33
56.922565 43.33
56.977566 43.33
57.026594 43.33
57.072335 43.33
57.136322 43.33
57.196458 43.33
57.256605 43.33
57.311070 43.33
57.361694 43.33
57.425194 43.33
57.495598 43.33
57.541321 43.33
57.606578 43.33
57.652322 43.33
57.712578 43.33
57.758092 43.33
57.819603 43.33
57.865350 43.33
57.924344 43.33
57.993105 43.33
58.057091 43.33
58.121093 43.33
58.194981 43.33
58.259092 43.33
58.333106 43.33
58.402219 43.33
58.475983 42.78
58.549954 42.78
58.603579 42.78
58.672345 42.78
58.741089 42.78
58.814980 42.78
58.868455 42.78
58.922081 42.78
58.995982 42.78
59.069987 42.78
59.138960 42.78
59.192211 42.78
59.265960 42.78
59.320990 42.78
59.389990 42.78
59.464102 42.78
59.528108 42.78
59.596993 42.78
59.662489 42.78
59.715963 42.78
59.769463 42.78
59.819463 42.78
59.870839 42.78
59.925840 42.78
59.979590 42.78
60.034591 42.78
60.098591 42.78
60.157592 42.78
60.221592 42.78
60.276342 42.78
60.335110 42.78
60.395497 42.78
60.440999 42.78
60.504970 42.78
60.554362 42.78
60.612997 42.78
60.668845 42.78
60.719721 42.78
60.783471 42.78
60.847472 42.78
60.911097 42.78
60.974992 42.78
61.025599 42.78
61.089599 42.78
61.158366 42.78
61.221975 42.78
61.272601 42.78
61.336607 42.78
61.401982 42.78
61.471605 42.78
61.535603 42.78
61.599138 42.78
61.667853 42.78
61.721121 42.78
61.790146 42.78
61.859358 42.78
61.922863 42.78
61.977864 42.78
62.031136 42.78
62.099863 42.78
62.158372 42.78
62.214018 42.78
62.282867 42.78
62.337734 42.78
62.412011 42.78
62.480864 42.78
62.544986 42.78
62.613612 42.78
62.673737 42.78
62.732379 42.78
62.796378 42.78
62.860363 42.78
62.926158 42.78
62.985495 42.78
63.049871 42.78
63.118870 42.78
63.182877 42.78
63.232240 42.78
63.292396 42.78
63.337871 42.78
63.396242 42.78
63.459871 42.78
63.524021 42.78
63.587871 42.78
63.646878 42.78
63.711019 42.78
63.774879 42.78
63.838879 42.78
63.902996 42.78
63.972027 42.78
64.032390 42.78
64.096498 42.78
64.171025 42.78
64.234884 42.78
64.299027 42.78
64.357883 42.78
64.422031 42.78
64.480883 42.78
64.545031 42.78
64.608878 42.78
64.678030 42.78
64.737510 42.78
64.791004 42.78
64.864753 42.78
64.919754 42.78
64.983755 42.78
65.047910 42.78
65.107006 42.78
65.165916 42.78
65.229917 42.78
65.293915 42.78
65.357758 42.78
65.421898 42.78
65.486391 42.78
65.542061 42.78
65.601282 42.78
65.665388 42.78
65.729404 42.78
65.793387 42.78
65.857402 42.78
65.923521 42.78
65.983941 42.78
66.038765 42.78
66.102765 42.78
66.166920 42.78
66.230921 42.78
66.296766 42.78
66.360893 42.78
66.424893 42.78
66.488921 42.78
66.547768 42.78
66.611774 42.78
66.670927 42.78
66.734769 42.78
66.793770 42.78
66.857897 42.78
66.931771 42.78
66.992772 42.78
67.056926 42.78
67.120772 42.78
67.184773 42.78
67.248930 42.78
67.312774 42.78
67.376774 42.78
67.440903 42.78
67.509775 42.78
67.578776 42.78
67.647776 42.78
67.706777 42.78
67.765778 42.78
67.824778 42.78
67.883779 42.78
67.942779 42.78
68.006780 42.78
68.070779 42.78
68.134780 42.78
68.193780 42.78
68.252656 42.78
68.311297 42.78
68.375298 42.78
68.434034 42.78
68.492783 42.78
68.551784 42.78
68.615784 42.78
68.674785 42.78
68.729786 42.78
68.790036 42.78
68.839786 42.78
68.894786 42.78
68.953787 42.78
69.012788 42.78
69.071788 42.78
69.126789 42.78
69.181788 42.78
69.236664 42.78
69.287428 42.78
69.338415 42.78
69.389304 42.78
69.452791 42.78
69.507792 42.78
69.566792 42.78
69.625792 42.78
69.689793 42.78
69.758669 42.78
69.823950 42.78
69.882795 42.78
69.942320 42.78
70.011313 42.78
70.072949 42.78
70.131797 42.78
70.190797 42.78
70.254798 42.78
70.313798 42.22
70.372551 42.22
70.441799 42.78
70.505550 42.22
70.570953 42.22
70.629801 42.22
70.693676 42.22
70.757553 42.22
70.812426 42.78
70.870802 42.78
70.944552 42.22
70.999428 42.22
71.059428 42.22
71.112682 42.22
71.177806 42.22
71.251555 42.22
71.302180 42.22
71.365681 42.22
71.436059 42.22
71.491433 42.22
71.560683 42.22
71.619809 42.22
71.678684 42.22
71.749064 42.22
71.794561 42.22
71.845186 42.22
71.908686 42.22
71.982561 42.22
72.031937 42.22
72.090439 42.22
72.143691 42.22
72.214068 42.22
72.259565 42.22
72.319194 42.22
72.382692 42.22
72.446815 42.22
72.505691 42.22
72.574691 42.22
72.638442 42.22
72.712693 42.22
72.782233 42.22
72.846694 42.22
72.910819 42.22
72.974570 42.22
73.043695 42.22
73.112446 42.22
73.181700 42.22
73.237446 42.22
73.306698 42.22
73.363576 42.22
73.423212 42.22
73.492574 42.22
73.561575 42.22
73.630450 42.22
73.704576 42.22
73.773450 42.22
73.829009 42.22
73.889707 42.22
73.953579 42.22
74.022578 42.22
74.087980 42.22
74.146703 42.22
74.211964 42.22
74.266961 42.22
74.312458 42.22
74.361834 42.22
74.421962 42.22
74.476458 42.22
74.527085 42.22
74.586733 42.22
74.641378 42.22
74.710720 42.22
74.760709 42.22
74.814462 42.22
74.878835 42.22
74.942585 42.22
75.007991 42.22
75.071991 42.22
75.142587 42.22
75.211352 42.22
75.276479 42.22
75.345341 42.22
75.398589 42.22
75.467341 42.22
75.520590 42.22
75.594341 42.22
75.647596 42.22
75.721344 42.22
75.774594 42.22
75.848345 42.22
75.901598 42.22
75.975364 42.22
76.028719 42.22
76.092470 42.22
76.156470 42.22
76.225596 42.22
76.289601 42.22
76.358597 42.22
76.427597 42.22
76.496473 42.22
76.565473 42.22
76.634349 42.22
76.689369 42.22
76.753604 42.22
76.817476 42.22
76.876476 42.22
76.945493 42.22
77.014735 42.22
77.066368 42.22
77.131883 42.22
77.190603 42.22
77.259357 42.22
77.319357 42.22
77.383373 42.22
77.443885 42.22
77.507862 42.22
77.576864 42.22
77.645608 42.22
77.710888 42.22
77.769483 42.22
77.843362 42.22
77.902611 42.22
77.961484 42.22
78.025485 42.22
78.084613 42.22
78.145738 42.22
78.204867 42.22
78.279362 42.22
78.348362 42.22
78.417615 42.22
78.476380 42.22
78.541740 42.22
78.600382 42.22
78.664491 42.22
78.728491 42.22
78.797495 42.22
78.861621 42.22
78.920242 42.22
78.985617 42.22
79.044368 42.22
79.113494 42.22
79.170369 42.22
79.239495 42.22
79.303388 42.22
79.368757 42.22
79.420149 42.22
79.474748 42.22
79.521875 42.22
79.582138 42.22
79.640623 42.22
79.699249 42.22
79.748749 42.22
79.812875 42.22
79.876909 42.22
79.935895 42.22
79.994376 42.22
80.063258 42.22
80.119127 42.22
80.177879 42.22
80.236520 42.22
80.291787 42.22
80.351754 42.22
80.415884 42.22
80.479918 42.22
80.543881 42.22
80.607917 42.22
80.666756 42.22
80.725381 42.22
80.789507 42.22
80.853276 42.22
80.927400 42.22
80.991383 42.22
81.055287 42.22
81.119427 42.22
81.183635 42.22
81.247140 42.22
81.305917 42.22
81.364888 42.22
81.434013 42.22
81.492762 42.22
81.556764 42.22
81.615388 42.22
81.684279 42.22
81.753266 42.22
81.827409 42.22
81.891516 42.22
81.950531 42.22
82.019517 42.22
82.078160 42.22
82.133020 42.22
82.196769 42.22
82.262670 42.22
82.308395 42.22
82.372521 42.22
82.431287 42.22
82.501677 42.22
82.547396 42.22
82.606163 42.22
82.656772 42.22
82.712050 42.22
82.765648 42.22
82.831679 42.22
82.877166 42.22
82.937400 42.22
82.996289 42.22
83.066651 42.22
83.112297 42.22
83.167401 42.22
83.226168 42.22
83.295291 42.22
83.359308 42.22
83.428529 42.22
83.487154 42.22
83.537782 42.22
83.606654 42.22
83.670655 42.22
83.739281 42.22
83.813174 42.22
83.887538 42.22
83.941413 42.22
84.000786 42.22
84.064663 42.22
84.133662 42.22
84.202659 42.22
84.276796 42.22
84.335543 42.22
84.394790 42.22
84.453540 42.22
84.512178 42.22
84.571450 42.22
84.628224 42.22
84.702041 42.22
84.756969 42.22
84.831039 42.22
84.889542 42.22
84.944541 42.22
84.991791 42.22
85.045669 42.22
85.109171 42.22
85.183168 42.22
85.253546 42.22
85.299294 42.22
85.364551 42.22
85.410311 42.22
85.470574 42.22
85.516312 42.22
85.585075 42.22
85.649046 42.22
85.704950 42.22
85.770572 42.22
85.816314 42.22
85.884949 42.22
85.944065 42.22
86.008064 42.22
86.081951 42.22
86.146067 42.22
86.210951 42.22
86.275066 42.22
86.348955 42.78
86.413068 42.22
86.477066 42.78
86.546068 42.22
86.619953 42.22
86.688957 42.22
86.762947 42.22
86.832071 42.22
86.901072 42.22
86.970074 42.78
87.039321 42.78
87.107935 42.22
87.177074 42.22
87.241076 42.78
87.304936 42.78
87.374073 42.78
87.437961 42.22
87.501937 42.78
87.566085 42.22
87.640079 42.22
87.709088 42.78
87.772966 42.22
87.836964 42.78
87.900940 42.22
87.964965 42.78
88.028968 42.22
88.092941 42.78
88.156942 42.22
88.220943 42.78
88.284943 42.78
88.348943 42.22
88.412944 42.78
88.476948 42.78
88.540944 42.78
88.605244 42.22
88.660321 42.22
88.720447 42.22
88.765947 42.22
88.816571 42.22
88.880072 42.78
88.948822 42.78
89.002073 42.78
89.075822 42.78
89.129073 42.78
89.202824 42.78
89.256075 42.78
89.329824 42.78
89.383076 42.78
89.456826 42.78
89.510076 42.78
89.578827 42.78
89.632077 42.78
89.705827 42.78
89.759078 42.78
89.832828 42.78
89.886080 42.78
89.949957 42.78
90.013831 42.78
90.072472 42.78
90.136457 42.78
90.200458 42.78
90.264473 42.78
90.338960 42.78
90.397961 42.78
90.461961 42.78
90.525962 42.78
90.589965 42.78
90.644112 42.78
90.707963 42.78
90.771966 42.78
90.825838 42.78
90.884464 42.78
90.948463 42.78
91.012480 42.78
91.076479 42.78
91.141156 42.78
91.195125 42.78
91.245107 42.78
91.294969 42.78
91.349842 42.78
91.400467 42.78
91.464483 42.78
91.520468 42.78
91.594971 42.78
91.649844 42.78
91.705720 42.78
91.756470 42.78
91.820471 42.78
91.876470 42.78
91.936472 42.78
91.996472 42.78
92.055363 42.78
92.119598 42.78
92.193974 42.78
92.262724 42.78
92.321240 42.78
92.379725 42.78
92.453851 42.78
92.527851 42.78
92.601852 42.78
92.673852 42.78
92.747852 42.78
92.821853 42.78
92.890128 42.78
92.948729 42.78
93.017730 42.78
93.081866 42.78
93.145732 42.78
93.214732 42.78
93.269732 42.78
93.328134 42.78
93.386733 42.78
93.455866 42.78
93.524734 42.78
93.602134 42.78
93.665867 42.78
93.729863 42.78
93.788866 42.78
93.843866 42.78
93.903013 42.78
93.961868 42.78
94.020868 42.78
94.075738 42.78
94.139870 42.78
94.194870 42.78
94.249870 42.78
94.304741 42.78
94.368872 42.78
94.429407 42.78
94.495497 42.78
94.560498 42.78
94.619873 42.78
94.693878 42.78
94.763749 42.78
94.832874 42.78
94.896872 42.78
94.960746 42.78
95.011371 42.78
9