0.000000 0.000000
0.074293 0.88
0.134438 0.88
0.195125 0.89
0.250638 0.89
0.300636 0.89
0.350636 0.90
0.409273 0.89
0.464637 0.89
0.521123 0.88
0.579874 0.91
0.643999 0.88
0.708292 0.89
0.778571 0.88
0.838280 0.89
0.903294 0.88
0.958802 0.78
1.018413 0.79
1.071130 0.78
1.126129 0.78
1.181003 0.78
1.244879 0.78
1.308881 0.79
1.373146 0.79
1.433015 0.78
1.483137 0.78
1.543384 0.77
1.607286 0.79
1.671285 0.79
1.735286 0.79
1.799285 0.78
1.864786 0.78
1.934009 0.77
1.998010 0.78
2.061886 0.78
2.125886 0.78
2.189887 0.78
2.254012 0.78
2.318012 0.78
2.381888 0.79
2.445889 0.77
2.509889 0.80
2.568890 0.79
2.632891 0.79
2.696891 0.79
2.755391 0.78
2.819268 0.78
2.883268 0.78
2.947393 0.78
3.016784 0.77
3.085894 0.79
3.149895 0.78
3.213895 0.78
3.277895 0.78
3.332648 0.78
3.381021 0.79
3.444897 0.78
3.503898 0.80
3.557397 0.78
3.622649 0.79
3.677148 0.78
3.740648 0.78
3.802023 0.79
3.852651 0.77
3.900775 0.78
3.957025 0.77
4.006400 0.79
4.064776 0.77
4.128278 0.78
4.186653 0.79
4.255279 0.80
4.313653 0.77
4.382281 0.77
4.440654 0.78
4.509281 0.80
4.567655 0.79
4.636282 0.78
4.694656 0.79
4.763283 0.79
4.821657 0.77
4.890285 0.79
4.948658 0.79
5.017285 0.77
5.075660 0.78
5.144286 0.77
5.202661 0.79
5.271287 0.79
5.329661 0.78
5.398288 0.78
5.456662 0.77
5.525289 0.79
5.580289 0.79
5.635163 0.80
5.698665 0.77
5.767291 0.79
5.822165 0.77
5.882166 0.77
5.942166 0.78
6.002166 0.77
6.062167 0.77
6.122167 0.78
6.182168 0.78
6.242169 0.80
6.302169 0.80
6.360544 0.76
6.425795 0.77
6.476920 0.79
6.535297 0.80
6.593672 0.78
6.649921 0.78
6.709548 0.77
6.764047 0.78
6.827548 0.79
6.888924 0.80
6.939551 0.78
6.994049 0.80
7.057550 0.79
7.126176 0.77
7.184552 0.78
7.253176 0.79
7.311552 0.78
7.380178 0.79
7.438554 0.77
7.507179 0.79
7.565555 0.78
7.634180 0.78
7.692555 0.79
7.761181 0.77
7.819556 0.78
7.888182 0.79
7.946557 0.79
8.015183 0.76
8.073558 0.78
8.142184 0.79
8.197185 0.79
8.255560 0.79
8.324184 0.80
8.382561 0.79
8.451186 0.78
8.506061 0.79
8.566062 0.79
8.626062 0.78
8.686064 0.77
8.746064 0.78
8.806064 0.78
8.866064 0.79
8.929565 0.78
8.989691 0.79
9.044692 0.79
9.108192 0.77
9.163067 0.78
9.221443 0.79
9.286693 0.78
9.341694 0.78
9.392819 0.79
9.451194 0.79
9.509570 0.77
9.565821 0.79
9.616447 0.78
9.670946 0.78
9.734447 0.78
9.803071 0.78
9.861448 0.79
9.930073 0.79
9.988449 0.78
10.057074 0.79
10.115450 0.77
10.184075 0.78
10.242452 0.79
10.311077 0.79
10.369452 0.77
10.438077 0.79
10.496452 0.79
10.565078 0.78
10.623454 0.79
10.692079 0.78
10.750455 0.78
10.819081 0.78
10.877456 0.78
10.946081 0.80
11.004457 0.78
11.073082 0.78
11.131458 0.79
11.205486 0.79
11.279483 0.79
11.348487 0.78
11.422487 0.78
11.496337 0.77
11.561838 0.78
11.627338 0.78
11.701338 0.78
11.775339 0.78
11.840965 0.79
11.899490 0.77
11.964966 0.79
12.023341 0.79
12.092341 0.77
12.157967 0.79
12.216493 0.78
12.280491 0.78
12.340844 0.79
12.399369 0.79
12.468496 0.78
12.537496 0.78
12.606373 0.78
12.675846 0.78
12.734372 0.79
12.803497 0.79
12.872376 0.79
12.941740 0.79
12.991376 0.79
13.055974 0.78
13.109376 0.80
13.183500 0.79
13.247501 0.77
13.316502 0.78
13.380378 0.79
13.449503 0.80
13.513503 0.80
13.582503 0.79
13.646502 0.80
13.715381 0.79
13.784505 0.77
13.853621 0.78
13.917381 0.79
13.991380 0.78
14.065508 0.78
14.134508 0.80
14.198485 0.79
14.261982 0.77
14.320359 0.79
14.388984 0.79
14.443985 0.79
14.504238 0.78
14.568385 0.78
14.623386 0.77
14.687238 0.78
14.756503 0.78
14.816988 0.78
14.880739 0.77
14.939391 0.79
15.003241 0.79
15.067389 0.78
15.131242 0.77
15.196992 0.79
15.260867 0.77
15.324868 0.79
15.383508 0.79
15.447246 0.80
15.516245 0.79
15.585246 0.78
15.654246 0.79
15.718395 0.79
15.787513 0.78
15.851248 0.78
15.920249 0.80
15.989249 0.78
16.053397 0.79
16.117251 0.80
16.181401 0.78
16.245251 0.79
16.314252 0.78
16.383252 0.80
16.452402 0.78
16.516253 0.79
16.585518 0.77
16.649517 0.77
16.713519 0.79
16.777256 0.79
16.841404 0.78
16.905257 0.78
16.969257 0.79
17.038257 0.78
17.107261 0.78
17.171523 0.80
17.226262 0.77
17.286883 0.79
17.341759 0.78
17.392009 0.80
17.451884 0.79
17.515775 0.79
17.579777 0.79
17.638776 0.78
17.697774 0.78
17.756387 0.79
17.815279 0.79
17.874280 0.78
17.938279 0.79
17.997389 0.78
18.061266 0.79
18.125266 0.79
18.189267 0.78
18.253267 0.77
18.312268 0.79
18.376268 0.78
18.440268 0.78
18.504269 0.78
18.568270 0.79
18.627271 0.79
18.691272 0.79
18.755272 0.79
18.819272 0.78
18.883272 0.78
18.942273 0.79
19.006274 0.78
19.070274 0.78
19.134274 0.79
19.198275 0.78
19.257276 0.79
19.315774 0.79
19.376024 0.78
19.436149 0.79
19.504775 0.78
19.565026 0.78
19.625151 0.79
19.693777 0.79
19.748777 0.78
19.803653 0.78
19.867153 0.78
19.935779 0.78
19.990654 0.79
20.050655 0.79
20.110655 0.78
20.170655 0.78
20.230656 0.79
20.290781 0.78
20.345658 0.79
20.404032 0.79
20.469284 0.79
20.524284 0.77
20.575409 0.79
20.626035 0.78
20.680535 0.80
20.744035 0.78
20.805410 0.78
20.854786 0.79
20.913161 0.78
20.969412 0.79
21.020039 0.79
21.074538 0.78
21.138038 0.78
21.206664 0.79
21.265039 0.78
21.338914 0.79
21.407541 0.79
21.471040 0.78
21.539667 0.79
21.598042 0.79
21.666668 0.77
21.725042 0.79
21.793668 0.78
21.852044 0.79
21.920670 0.80
21.979045 0.77
22.052921 0.77
22.121547 0.80
22.181672 0.79
22.240047 0.78
22.308673 0.77
22.367048 0.77
22.435674 0.78
22.490674 0.79
22.545550 0.78
22.605551 0.77
22.669050 0.78
22.737676 0.79
22.792552 0.78
22.852552 0.77
22.912553 0.79
22.972553 0.79
23.032553 0.77
23.092554 0.79
23.156055 0.80
23.216179 0.79
23.267307 0.79
23.317933 0.79
23.366056 0.78
23.422308 0.80
23.472933 0.79
23.521058 0.78
23.577309 0.79
23.627934 0.78
23.682434 0.78
23.745934 0.78
23.807312 0.77
23.857936 0.78
23.912436 0.79
23.975936 0.78
24.045938 0.78
24.100437 0.79
24.163938 0.78
24.232563 0.78
24.290938 0.79
24.364814 0.79
24.433440 0.78
24.496941 0.77
24.565566 0.78
24.623940 0.78
24.692567 0.79
24.750942 0.79
24.819568 0.79
24.877943 0.80
24.946569 0.77
25.004944 0.78
25.078819 0.77
25.138945 0.79
25.207571 0.78
25.271072 0.79
25.334572 0.79
25.389448 0.79
25.449448 0.79
25.509449 0.77
25.569449 0.77
25.629449 0.79
25.689450 0.77
25.749450 0.79
25.809451 0.79
25.867951 0.80
25.936577 0.78
25.991452 0.79
26.049952 0.80
26.110078 0.78
26.165079 0.77
26.220079 0.78
26.275079 0.79
26.330080 0.77
26.385080 0.79
26.443456 0.77
26.501831 0.79
26.570457 0.79
26.628833 0.78
26.690208 0.79
26.740835 0.79
26.795336 0.79
26.853834 0.78
26.915209 0.78
26.965837 0.78
27.020335 0.79
27.083836 0.79
27.165963 0.78
27.234839 0.78
27.308855 0.79
27.382854 0.79
27.465222 0.78
27.528966 0.78
27.597967 0.79
27.661490 0.78
27.716490 0.79
27.771493 0.80
27.845968 0.78
27.909969 0.78
27.973969 0.80
28.046372 0.77
28.101503 0.77
28.165370 0.79
28.248226 0.77
28.312373 0.79
28.367498 0.78
28.417498 0.79
28.481372 0.79
28.536373 0.79
28.592727 0.79
28.646374 0.78
28.732374 0.79
28.787377 0.79
28.851378 0.78
28.906228 0.78
28.970375 0.80
29.025378 0.79
29.089378 0.79
29.153380 0.79
29.217230 0.79
29.275854 0.78
29.339371 0.78
29.397730 0.79
29.466357 0.78
29.524732 0.79
29.593356 0.79
29.651732 0.79
29.720358 0.79
29.778733 0.77
29.847360 0.79
29.905734 0.79
29.974360 0.79
30.032860 0.79
30.096360 0.79
30.154738 0.77
30.223362 0.78
30.281737 0.77
30.350362 0.79
30.408738 0.77
30.477363 0.78
30.535738 0.77
30.604365 0.79
30.662865 0.77
30.726366 0.78
30.784741 0.77
30.853366 0.79
30.908243 0.78
30.971743 0.79
31.040368 0.78
31.095245 0.78
31.155246 0.79
31.215245 0.78
31.275246 0.78
31.335371 0.79
31.390248 0.78
31.448622 0.79
31.508622 0.78
31.573873 0.79
31.628873 0.79
31.692373 0.78
31.747250 0.79
31.805624 0.79
31.870875 0.79
31.922000 0.78
31.972627 0.79
32.020750 0.79
32.077001 0.78
32.126377 0.78
32.184753 0.79
32.241002 0.79
32.291629 0.79
32.346128 0.79
32.409630 0.78
32.478255 0.78
32.536630 0.78
32.605256 0.78
32.663631 0.79
32.732257 0.78
32.790632 0.80
32.859259 0.78
32.917634 0.79
32.986259 0.78
33.044634 0.78
33.113260 0.79
33.171635 0.79
33.240261 0.79
33.298636 0.78
33.367262 0.80
33.425638 0.78
33.494263 0.78
33.552639 0.79
33.621264 0.79
33.676265 0.78
33.734639 0.78
33.803267 0.78
33.858141 0.78
33.918141 0.78
33.981641 0.78
34.050268 0.78
34.105143 0.79
34.165143 0.78
34.225143 0.79
34.285144 0.80
34.343519 0.77
34.408770 0.78
34.463770 0.79
34.518771 0.78
34.573772 0.78
34.628772 0.78
34.679897 0.79
34.739524 0.79
34.794023 0.77
34.857524 0.79
34.918898 0.80
34.978526 0.79
35.033025 0.78
35.096525 0.78
35.157901 0.78
35.208528 0.78
35.263027 0.79
35.326527 0.78
35.395152 0.79
35.453529 0.79
35.522154 0.79
35.580530 0.77
35.649155 0.77
35.707530 0.79
35.776156 0.79
35.834532 0.79
35.903157 0.78
35.961532 0.79
36.030158 0.78
36.088533 0.78
36.157159 0.78
36.215535 0.77
36.284160 0.77
36.342536 0.78
36.411161 0.77
36.466161 0.79
36.524538 0.79
36.593163 0.78
36.648037 0.79
36.711538 0.79
36.780163 0.79
36.835039 0.79
36.898540 0.78
36.967166 0.78
37.022041 0.79
37.082041 0.78
37.142042 0.79
37.205542 0.79
37.265668 0.79
37.320669 0.79
37.371794 0.78
37.422420 0.79
37.470545 0.78
37.526795 0.78
37.577421 0.78
37.631921 0.79
37.695421 0.78
37.764047 0.79
37.822423 0.77
37.883798 0.78
37.934425 0.79
37.988924 0.79
38.052425 0.79
38.121050 0.79
38.179425 0.78
38.248050 0.79
38.306427 0.78
38.375052 0.79
38.433428 0.78
38.502052 0.79
38.560428 0.79
38.629053 0.79
38.687430 0.78
38.756054 0.79
38.814431 0.77
38.883056 0.78
38.938056 0.78
38.996432 0.78
39.065057 0.79
39.123433 0.79
39.192059 0.79
39.247059 0.78
39.302059 0.79
39.357059 0.79
39.411935 0.77
39.471935 0.78
39.531935 0.79
39.591936 0.79
39.655437 0.78
39.724063 0.78
39.778938 0.78
39.838938 0.78
39.898939 0.79
39.962439 0.78
40.022565 0.78
40.073690 0.78
40.132065 0.79
40.190442 0.79
40.250568 0.78
40.301693 0.79
40.361319 0.78
40.415819 0.78
40.479320 0.78
40.540695 0.77
40.591321 0.78
40.645820 0.79
40.709321 0.79
40.770696 0.79
40.821323 0.79
40.875947 0.79
40.934324 0.78
41.002948 0.78
41.061327 0.78
41.124949 0.79
41.183326 0.78
41.251949 0.79
41.310327 0.78
41.378950 0.78
41.437328 0.79
41.505952 0.79
41.564328 0.79
41.632953 0.78
41.691332 0.79
41.754954 0.77
41.813331 0.79
41.881954 0.77
41.940333 0.79
42.014332 0.78
42.083335 0.80
42.152333 0.79
42.226334 0.80
42.295334 0.79
42.369334 0.79
42.443336 0.77
42.517338 0.79
42.586337 0.78
42.660337 0.78
42.729338 0.80
42.798338 0.79
42.867341 0.79
42.922491 0.77
42.981222 0.80
43.037606 0.77
43.092223 0.78
43.148607 0.79
43.203224 0.79
43.280842 0.78
43.339495 0.77
43.398221 0.79
43.462224 0.77
43.534969 0.79
43.607225 0.78
43.671225 0.79
43.735229 0.78
43.807847 0.78
43.871737 0.79
43.949497 0.78
44.013229 0.79
44.077500 0.78
44.141231 0.79
44.213850 0.78
44.272500 0.77
44.331229 0.78
44.395229 0.77
44.459228 0.79
44.523228 0.78
44.587228 0.78
44.651229 0.78
44.715233 0.79
44.779230 0.79
44.843231 0.79
44.907231 0.79
44.971231 0.78
45.040232 0.79
45.104233 0.79
45.168233 0.77
45.237234 0.78
45.306235 0.78
45.375235 0.79
45.439235 0.79
45.503110 0.78
45.572237 0.78
45.628486 0.78
45.688111 0.78
45.749511 0.79
45.804388 0.80
45.868240 0.79
45.927240 0.78
45.991241 0.78
46.055241 0.78
46.119114 0.80
46.180506 0.79
46.235242 0.77
46.299269 0.79
46.358243 0.79
46.417393 0.79
46.476269 0.79
46.535270 0.80
46.594270 0.79
46.653270 0.79
46.712270 0.78
46.771272 0.78
46.830395 0.78
46.889273 0.79
46.948277 0.78
47.007275 0.79
47.066275 0.78
47.125273 0.78
47.184273 0.78
47.243399 0.78
47.302277 0.77
47.361279 0.79
47.420274 0.79
47.479268 0.79
47.543255 0.79
47.607253 0.78
47.671253 0.78
47.735253 0.78
47.799255 0.77
47.863255 0.78
47.922282 0.79
47.986130 0.79
48.054754 0.78
48.109630 0.79
48.169631 0.78
48.229631 0.78
48.295452 0.79
48.356782 0.78
48.421136 0.79
48.485134 0.79
48.549010 0.79
48.623135 0.79
48.687011 0.79
48.757653 0.78
48.821653 0.77
48.885783 0.79
48.950140 0.80
49.010042 0.78
49.059654 0.78
49.128532 0.78
49.203681 0.78
49.268306 0.79
49.327143 0.78
49.391142 0.79
49.455466 0.78
49.525522 0.78
49.584662 0.79
49.653564 0.78
49.717297 0.79
49.771148 0.77
49.830147 0.79
49.894021 0.79
49.963021 0.78
50.032036 0.78
50.098454 0.78
50.159309 0.78
50.213149 0.79
50.277024 0.79
50.351442 0.79
50.410669 0.79
50.471026 0.79
50.539791 0.78
50.598669 0.79
50.658030 0.77
50.722154 0.79
50.786028 0.79
50.840934 0.77
50.888309 0.78
50.934479 0.78
50.994036 0.80
51.053032 0.77
51.112156 0.77
51.171031 0.79
51.240791 0.78
51.300320 0.78
51.364453 0.80
51.428423 0.79
51.492159 0.78
51.562561 0.79
51.627162 0.79
51.686162 0.78
51.745035 0.80
51.810683 0.77
51.870322 0.78
51.934680 0.77
51.998442 0.80
52.062431 0.78
52.126918 0.79
52.195916 0.78
52.260040 0.78
52.329041 0.78
52.398356 0.77
52.468565 0.80
52.527436 0.76
52.596435 0.79
52.655168 0.77
52.720181 0.79
52.785182 0.78
52.844169 0.78
52.902920 0.79
52.967478 0.78
53.027176 0.78
53.085800 0.77
53.154421 0.80
53.217921 0.77
53.286575 0.78
53.355441 0.77
53.415924 0.78
53.485049 0.78
53.549054 0.80
53.607550 0.79
53.662550 0.80
53.717426 0.77
53.776052 0.79
53.839801 0.78
53.900182 0.79
53.953803 0.78
54.028059 0.78
54.092054 0.79
54.156179 0.78
54.202190 0.79
54.262431 0.78
54.321685 0.78
54.387190 0.79
54.462197 0.78
54.532854 0.78
54.580343 0.78
54.650185 0.77
54.705064 0.78
54.760510 0.77
54.824939 0.79
54.879190 0.79
54.940069 0.79
55.004947 0.77
55.080076 0.77
55.149815 0.78
55.214349 0.78
55.278468 0.79
55.348822 0.79
55.412706 0.78
55.472065 0.77
55.535816 0.78
55.610067 0.80
55.673817 0.77
55.742818 0.77
55.816818 0.78
55.885944 0.77
55.949693 0.78
56.011945 0.78
56.075463 0.79
56.135820 0.78
56.209947 0.78
56.273838 0.77
56.337947 0.78
56.401948 0.78
56.465824 0.78
56.529353 0.78
56.593464 0.78
56.653950 0.77
56.718076 0.78
56.781826 0.78
56.845827 0.79
56.905703 0.79
56.953827 0.77
57.010077 0.79
57.060704 0.79
57.108832 0.77
57.165078 0.78
57.214480 0.78
57.272954 0.79
57.324081 0.78
57.378705 0.77
57.440081 0.79
57.490737 0.79
57.545337 0.78
57.603961 0.79
57.667835 0.79
57.736710 0.78
57.800712 0.78
57.874964 0.79
57.938839 0.79
57.997336 0.78
58.055836 0.79
58.119336 0.78
58.177854 0.78
58.246731 0.78
58.320605 0.78
58.380839 0.79
58.449731 0.78
58.518340 0.79
58.576716 0.79
58.645343 0.78
58.703718 0.78
58.772371 0.78
58.838343 0.78
58.902343 0.78
58.966370 0.79
59.030372 0.78
59.094373 0.79
59.163224 0.78
59.223224 0.78
59.283225 0.78
59.343229 0.78
59.403231 0.78
59.463230 0.78
59.516739 0.78
59.572973 0.78
59.627624 0.79
59.675849 0.78
59.730628 0.77
59.784349 0.78
59.837975 0.79
59.888108 0.79
59.947745 0.79
60.011854 0.78
60.070978 0.79
60.121630 0.78
60.176232 0.79
60.241744 0.79
60.310979 0.79
60.365748 0.79
60.429981 0.77
60.484747 0.78
60.548982 0.78
60.598992 0.77
60.658613 0.78
60.713109 0.78
60.776609 0.77
60.845236 0.78
60.903610 0.79
60.972993 0.79
61.038611 0.79
61.112752 0.78
61.176737 0.79
61.240737 0.78
61.304737 0.78
61.360743 0.79
61.429865 0.78
61.488739 0.79
61.552864 0.78
61.616864 0.78
61.675865 0.78
61.739866 0.79
61.798618 0.78
61.867242 0.78
61.922117 0.78
61.982117 0.79
62.042117 0.79
62.102118 0.78
62.162288 0.78
62.236871 0.78
62.295871 0.79
62.354762 0.79
62.413871 0.77
62.468525 0.78
62.523445 0.78
62.582877 0.78
62.637767 0.78
62.701874 0.78
62.752517 0.77
62.806999 0.78
62.870516 0.79
62.940776 0.77
62.999648 0.77
63.068767 0.78
63.127876 0.79
63.182643 0.77
63.247576 0.79
63.311878 0.78
63.366879 0.78
63.421880 0.79
63.476755 0.78
63.535755 0.78
63.594396 0.77
63.663008 0.78
63.726509 0.79
63.795135 0.78
63.853510 0.77
63.922135 0.77
63.980897 0.78
64.039759 0.78
64.098384 0.79
64.158885 0.79
64.222886 0.79
64.288386 0.78
64.349023 0.77
64.408892 0.79
64.474530 0.78
64.538388 0.78
64.598656 0.78
64.667514 0.79
64.737014 0.79
64.797140 0.78
64.862891 0.79
64.928391 0.79
64.988654 0.77
65.052142 0.79
65.126536 0.78
65.195547 0.79
65.264535 0.78
65.329424 0.78
65.378895 0.78
65.437651 0.79
65.501396 0.78
65.575397 0.78
65.649398 0.79
65.720023 0.80
65.773398 0.79
65.842665 0.79
65.906549 0.79
65.975553 0.79
66.044542 0.79
66.113544 0.78
66.182679 0.78
66.236542 0.79
66.305546 0.78
66.374546 0.79
66.443421 0.78
66.512431 0.78
66.581423 0.78
66.650435 0.77
66.719545 0.79
66.788421 0.79
66.857284 0.77
66.926673 0.79
66.990449 0.77
67.064425 0.79
67.138422 0.78
67.212424 0.79
67.281913 0.79
67.341036 0.79
67.409911 0.77
67.475427 0.79
67.549317 0.79
67.623665 0.77
67.687679 0.79
67.742413 0.79
67.816556 0.78
67.885291 0.79
67.950541 0.79
68.005807 0.80
68.060792 0.78
68.115684 0.79
68.165434 0.79
68.216793 0.77
68.275322 0.79
68.339707 0.78
68.411568 0.79
68.465459 0.79
68.524436 0.78
68.593564 0.79
68.654046 0.78
68.715803 0.78
68.779302 0.78
68.840675 0.78
68.891303 0.79
68.945801 0.78
69.009304 0.78
69.083585 0.79
69.148577 0.77
69.202431 0.79
69.266470 0.78
69.330569 0.79
69.394442 0.77
69.463818 0.78
69.517804 0.79
69.581929 0.78
69.635429 0.78
69.704447 0.78
69.768305 0.78
69.836930 0.78
69.895307 0.79
69.963931 0.79
70.022308 0.78
70.090932 0.77
70.145933 0.77
70.204448 0.79
70.263338 0.78
70.332336 0.78
70.401335 0.79
70.475436 0.77
70.544335 0.78
70.608443 0.77
70.672342 0.78
70.736343 0.78
70.800344 0.79
70.864454 0.78
70.915582 0.78
70.965348 0.80
71.029469 0.79
71.093459 0.78
71.144582 0.79
71.199192 0.79
71.263346 0.79
71.327715 0.79
71.391945 0.79
71.451945 0.79
71.510836 0.79
71.564194 0.79
71.628350 0.79
71.692588 0.79
71.747446 0.78
71.806352 0.78
71.870476 0.77
71.929352 0.79
71.993198 0.79
72.062198 0.79
72.131325 0.79
72.194825 0.79
72.253356 0.79
72.322466 0.78
72.386720 0.78
72.445826 0.78
72.509827 0.77
72.573719 0.79
72.642953 0.79
72.706721 0.78
72.775831 0.80
72.836205 0.79
72.905469 0.77
72.969206 0.79
73.043332 0.77
73.112492 0.79
73.176333 0.79
73.245209 0.78
73.314209 0.79
73.383209 0.77
73.446834 0.79
73.503117 0.78
73.554141 0.78
73.613411 0.79
73.674099 0.77
73.733342 0.78
73.792620 0.78
73.856222 0.78
73.916339 0.80
73.967494 0.79
74.022221 0.79
74.087118 0.78
74.134480 0.80
74.185092 0.79
74.239609 0.78
74.298092 0.79
74.366734 0.79
74.430735 0.79
74.494719 0.79
74.563594 0.78
74.627223 0.79
74.691095 0.78
74.759721 0.77
74.818482 0.78
74.877725 0.77
74.931228 0.79
74.989738 0.78
75.048374 0.79
75.111973 0.78
75.170741 0.78
75.237105 0.79
75.301102 0.79
75.370101 0.78
75.438726 0.78
75.497229 0.79
75.566233 0.79
75.630107 0.79
75.700424 0.77
75.761425 0.78
75.831411 0.78
75.893735 0.79
75.962606 0.78
76.017620 0.78
76.077731 0.79
76.146732 0.79
76.215740 0.78
76.280238 0.79
76.337047 0.79
76.396253 0.78
76.457247 0.79
76.511256 0.79
76.570486 0.78
76.645137 0.79
76.709611 0.78
76.774261 0.78
76.833114 0.78
76.902747 0.78
76.967496 0.78
77.032119 0.78
77.107251 0.79
77.166115 0.78
77.230122 0.78
77.293994 0.79
77.367868 0.78
77.420406 0.78
77.479634 0.78
77.538273 0.79
77.602398 0.79
77.676511 0.79
77.730649 0.79
77.794623 0.79
77.853246 0.79
77.911620 0.78
77.965124 0.78
78.029122 0.78
78.088276 0.77
78.152126 0.79
78.207373 0.78
78.266639 0.78
78.336127 0.79
78.395125 0.79
78.459126 0.78
78.513409 0.78
78.577641 0.78
78.642127 0.79
78.702877 0.77
78.767128 0.78
78.826128 0.78
78.890006 0.77
78.949913 0.78
78.999648 0.79
79.051286 0.77
79.097284 0.79
79.147006 0.78
79.205881 0.78
79.264649 0.79
79.318009 0.78
79.376883 0.77
79.436136 0.78
79.494883 0.77
79.559012 0.79
79.623137 0.78
79.682013 0.78
79.740667 0.78
79.794136 0.79
79.852900 0.77
79.916894 0.78
79.981798 0.79
80.041138 0.79
80.100138 0.79
80.154919 0.78
80.209389 0.79
80.267895 0.79
80.336892 0.80
80.405658 0.77
80.459141 0.78
80.518016 0.79
80.581659 0.80
80.635143 0.78
80.693895 0.78
80.768018 0.78
80.832335 0.78
80.891020 0.78
80.959898 0.79
81.033896 0.78
81.107771 0.79
81.171771 0.79
81.236148 0.79
81.289898 0.79
81.358898 0.79
81.427649 0.79
81.481149 0.80
81.540025 0.77
81.604153 0.78
81.662902 0.78
81.727151 0.79
81.782530 0.77
81.838815 0.79
81.883668 0.79
81.933527 0.78
81.983672 0.78
82.039032 0.77
82.097779 0.78
82.171905 0.78
82.240781 0.78
82.297156 0.79
82.351909 0.79
82.403315 0.79
82.467310 0.78
82.527161 0.78
82.582033 0.78
82.641790 0.79
82.689159 0.79
82.743909 0.78
82.808814 0.79
82.864817 0.77
82.925036 0.78
82.989161 0.78
83.043912 0.79
83.107917 0.78
83.171788 0.78
83.241039 0.79
83.292165 0.78
83.347324 0.78
83.406609 0.79
83.476041 0.79
83.534419 0.79
83.593434 0.78
83.663052 0.77
83.727337 0.78
83.792043 0.79
83.852806 0.77
83.926794 0.78
84.001044 0.78
84.059438 0.78
84.119920 0.78
84.183924 0.78
84.247797 0.79
84.316922 0.79
84.380798 0.79
84.454799 0.78
84.523924 0.79
84.587803 0.79
84.646476 0.79
84.702051 0.78
84.766175 0.80
84.830344 0.79
84.900066 0.78
84.955052 0.78
85.009803 0.77
85.070180 0.79
85.134330 0.78
85.193305 0.78
85.251930 0.78
8