0.000000 0.000000
0.090927 0.88
0.152154 0.87
0.207761 0.87
0.271739 0.86
0.335723 0.87
0.399625 0.87
0.463626 0.87
0.527624 0.88
0.591625 0.87
0.655625 0.88
0.725377 0.87
0.779889 0.87
0.841363 0.87
0.895898 0.87
0.957653 0.87
1.024233 0.87
1.098761 0.87
1.173231 0.87
1.237231 0.87
1.301231 0.88
1.365384 0.87
1.425243 0.79
1.479772 0.79
1.544237 0.79
1.608635 0.78
1.672636 0.79
1.736637 0.79
1.800759 0.79
1.864637 0.79
1.934361 0.79
1.993361 0.79
2.052238 0.79
2.116238 0.79
2.180239 0.78
2.244239 0.78
2.308239 0.79
2.372364 0.79
2.431241 0.78
2.495365 0.78
2.550130 0.79
2.615367 0.79
2.664758 0.79
2.718243 0.79
2.782243 0.79
2.846244 0.78
2.906369 0.79
2.965245 0.79
3.034622 0.79
3.096023 0.79
3.149648 0.78
3.215138 0.79
3.284372 0.79
3.348497 0.79
3.423139 0.78
3.488374 0.79
3.543015 0.78
3.606625 0.78
3.670626 0.79
3.744889 0.78
3.814141 0.79
3.888377 0.78
3.947253 0.78
4.011253 0.79
4.075254 0.79
4.144504 0.78
4.199630 0.78
4.260146 0.79
4.318631 0.79
4.379146 0.79
4.437632 0.79
4.498149 0.78
4.556634 0.79
4.617146 0.79
4.675634 0.79
4.739509 0.78
4.798149 0.79
4.862023 0.79
4.936152 0.79
5.000027 0.78
5.063638 0.79
5.127512 0.79
5.186151 0.79
5.255152 0.78
5.309640 0.79
5.373658 0.78
5.442389 0.78
5.506265 0.79
5.570157 0.79
5.625897 0.79
5.679516 0.79
5.738157 0.79
5.807156 0.78
5.862899 0.78
5.913899 0.78
5.967519 0.79
6.026158 0.79
6.090901 0.78
6.155270 0.79
6.219271 0.79
6.274272 0.79
6.329272 0.79
6.393273 0.79
6.448273 0.79
6.512274 0.79
6.576273 0.79
6.640399 0.78
6.705790 0.78
6.766275 0.78
6.830275 0.78
6.894276 0.79
6.957917 0.79
7.031791 0.79
7.087045 0.79
7.145528 0.79
7.214404 0.79
7.269530 0.79
7.334795 0.79
7.405531 0.79
7.487924 0.78
7.541406 0.79
7.596532 0.79
7.670407 0.79
7.726809 0.79
7.780408 0.79
7.854409 0.79
7.913048 0.79
7.981811 0.79
8.042174 0.79
8.096810 0.78
8.148287 0.78
8.211812 0.79
8.268287 0.79
8.331811 0.78
8.393288 0.80
8.452054 0.79
8.521053 0.79
8.580813 0.79
8.654817 0.79
8.728815 0.78
8.802818 0.79
8.867818 0.78
8.932817 0.79
8.997818 0.79
9.071818 0.79
9.145820 0.79
9.219821 0.79
9.284823 0.79
9.358822 0.79
9.432824 0.78
9.506947 0.79
9.575939 0.79
9.644698 0.79
9.700064 0.78
9.768826 0.79
9.843065 0.78
9.911826 0.79
9.985702 0.79
10.055066 0.78
10.118703 0.79
10.179302 0.78
10.244829 0.79
10.313702 0.79
10.387704 0.78
10.453305 0.78
10.508180 0.79
10.561945 0.78
10.630707 0.79
10.689182 0.78
10.747824 0.79
10.799073 0.79
10.862709 0.79
10.919184 0.78
10.972950 0.78
11.036708 0.79
11.107311 0.78
11.181186 0.79
11.239713 0.79
11.310187 0.78
11.368712 0.78
11.442712 0.78
11.513313 0.79
11.564064 0.78
11.627713 0.78
11.701716 0.79
11.775956 0.79
11.844832 0.79
11.913717 0.78
11.987716 0.79
12.061831 0.79
12.130718 0.78
12.204835 0.78
12.268720 0.78
12.342721 0.79
12.416720 0.79
12.490720 0.79
12.564722 0.79
12.633724 0.78
12.707724 0.78
12.781725 0.79
12.855726 0.79
12.924723 0.79
12.998728 0.79
13.072725 0.78
13.146725 0.79
13.220728 0.79
13.294728 0.79
13.368730 0.79
13.442728 0.79
13.503097 0.79
13.561730 0.78
13.622080 0.79
13.680581 0.79
13.749583 0.79
13.818583 0.79
13.888099 0.78
13.946721 0.79
14.007098 0.79
14.062099 0.79
14.120709 0.79
14.181085 0.79
14.239714 0.78
14.295587 0.78
14.356087 0.79
14.414712 0.79
14.483712 0.79
14.553105 0.79
14.611713 0.79
14.680714 0.79
14.749864 0.78
14.813591 0.79
14.882716 0.79
14.946618 0.78
15.015593 0.79
15.084718 0.80
15.153718 0.80
15.222719 0.79
15.291719 0.78
15.360858 0.79
15.424719 0.79
15.493860 0.79
15.557597 0.79
15.626721 0.79
15.695598 0.78
15.764723 0.79
15.834114 0.79
15.892723 0.79
15.956600 0.79
16.025601 0.78
16.090866 0.78
16.154601 0.80
16.229118 0.79
16.289227 0.79
16.335227 0.79
16.385103 0.78
16.440104 0.79
16.492479 0.79
16.546229 0.79
16.605120 0.79
16.669121 0.79
16.733120 0.79
16.797120 0.79
16.861231 0.79
16.920122 0.79
16.979123 0.79
17.043234 0.79
17.102125 0.79
17.166125 0.79
17.230127 0.79
17.294125 0.79
17.363361 0.78
17.422128 0.79
17.486112 0.79
17.550125 0.78
17.614129 0.79
17.678127 0.79
17.742130 0.79
17.806239 0.79
17.865129 0.78
17.929132 0.79
17.993133 0.79
18.052131 0.79
18.116117 0.79
18.180133 0.79
18.244135 0.79
18.308135 0.79
18.372135 0.79
18.436244 0.79
18.495134 0.79
18.559137 0.78
18.623136 0.78
18.687137 0.79
18.751247 0.79
18.810137 0.78
18.874137 0.79
18.938138 0.79
19.002140 0.79
19.066250 0.79
19.125141 0.79
19.178625 0.78
19.228125 0.80
19.281627 0.79
19.331126 0.79
19.385777 0.78
19.436378 0.78
19.494892 0.79
19.553503 0.79
19.600780 0.79
19.651380 0.79
19.709893 0.79
19.768504 0.78
19.825020 0.78
19.893894 0.79
19.952506 0.78
20.012409 0.78
20.071024 0.78
20.140024 0.78
20.208899 0.78
20.267509 0.79
20.327386 0.78
20.390899 0.79
20.449510 0.79
20.509387 0.78
20.572901 0.78
20.631511 0.79
20.695387 0.78
20.764388 0.78
20.833514 0.79
20.892140 0.79
20.951030 0.79
21.014915 0.79
21.073391 0.79
21.137141 0.78
21.190917 0.79
21.244392 0.78
21.318393 0.78
21.382143 0.79
21.442268 0.79
21.510910 0.79
21.566145 0.79
21.616158 0.78
21.666145 0.79
21.734910 0.78
21.790146 0.79
21.839911 0.78
21.895147 0.78
21.963786 0.79
22.027273 0.79
22.087650 0.79
22.151399 0.79
22.202650 0.79
22.266275 0.80
22.322654 0.78
22.381276 0.79
22.433675 0.79
22.497277 0.80
22.549653 0.78
22.613403 0.79
22.671792 0.79
22.735279 0.79
22.787654 0.79
22.851404 0.79
22.909794 0.78
22.973281 0.79
23.039920 0.79
23.098281 0.79
23.161806 0.79
23.225532 0.79
23.294283 0.79
23.368159 0.79
23.436923 0.79
23.495285 0.78
23.558809 0.79
23.622544 0.79
23.691163 0.78
23.751287 0.79
23.828288 0.79
23.905413 0.79
23.974289 0.79
24.038053 0.79
24.098290 0.78
24.162056 0.78
24.224055 0.78
24.284292 0.78
24.348056 0.79
24.398057 0.79
24.448059 0.78
24.498058 0.79
24.561557 0.78
24.625294 0.79
24.680549 0.79
24.744171 0.78
24.799170 0.79
24.867825 0.80
24.936822 0.79
24.992550 0.79
25.056173 0.79
25.108554 0.79
25.172174 0.79
25.228552 0.79
25.306300 0.78
25.362176 0.79
25.418192 0.79
25.474176 0.79
25.543426 0.79
25.599178 0.79
25.668302 0.79
25.737428 0.79
25.801304 0.78
25.862180 0.79
25.931180 0.78
25.992181 0.79
26.061306 0.79
26.130306 0.79
26.199432 0.79
26.263307 0.79
26.337183 0.79
26.411308 0.79
26.480309 0.78
26.554185 0.79
26.628185 0.78
26.697311 0.78
26.761312 0.78
26.830187 0.78
26.904188 0.79
26.978188 0.79
27.047313 0.79
27.116190 0.78
27.190190 0.79
27.254191 0.79
27.318191 0.79
27.382191 0.79
27.446317 0.79
27.510192 0.78
27.574193 0.78
27.638193 0.78
27.702194 0.78
27.766195 0.79
27.830195 0.79
27.894196 0.79
27.958196 0.78
28.022321 0.79
28.086197 0.79
28.150197 0.78
28.214198 0.79
28.278199 0.79
28.342199 0.79
28.406200 0.79
28.470201 0.79
28.534200 0.79
28.598201 0.79
28.662201 0.79
28.726202 0.78
28.790203 0.79
28.854204 0.79
28.918203 0.79
28.982205 0.79
29.046205 0.79
29.110205 0.79
29.174205 0.78
29.238206 0.78
29.302207 0.78
29.366207 0.78
29.430208 0.79
29.494209 0.79
29.558209 0.79
29.622210 0.79
29.686210 0.79
29.750211 0.79
29.809211 0.79
29.873336 0.79
29.937212 0.79
30.006589 0.79
30.070589 0.79
30.129589 0.79
30.193590 0.78
30.257590 0.79
30.321591 0.78
30.385592 0.79
30.444592 0.78
30.508593 0.79
30.572716 0.79
30.626218 0.80
30.690218 0.79
30.754219 0.79
30.814345 0.79
30.867595 0.79
30.928971 0.79
30.988971 0.79
31.053112 0.79
31.118347 0.79
31.168972 0.79
31.227598 0.78
31.291598 0.79
31.355600 0.79
31.419600 0.79
31.480975 0.79
31.539600 0.79
31.600976 0.78
31.659603 0.78
31.718602 0.79
31.787993 0.79
31.851604 0.78
31.915628 0.79
31.990117 0.79
32.064605 0.78
32.123230 0.78
32.182230 0.79
32.251481 0.79
32.306606 0.79
32.360232 0.79
32.424121 0.79
32.487872 0.79
32.543121 0.79
32.601609 0.79
32.662126 0.79
32.725876 0.78
32.791485 0.79
32.850127 0.79
32.919125 0.79
32.977613 0.79
33.041487 0.78
33.100128 0.79
33.163765 0.79
33.227489 0.79
33.286127 0.79
33.344615 0.79
33.408490 0.78
33.467132 0.78
33.527005 0.79
33.590617 0.79
33.654492 0.79
33.723492 0.79
33.782135 0.79
33.837875 0.78
33.891493 0.79
33.950133 0.79
34.005876 0.79
34.075136 0.79
34.130877 0.79
34.184496 0.79
34.243137 0.79
34.307879 0.79
34.361497 0.78
34.420139 0.79
34.475879 0.79
34.529500 0.79
34.588141 0.79
34.657016 0.78
34.730765 0.78
34.786142 0.78
34.854766 0.79
34.918502 0.78
34.977144 0.79
35.045768 0.79
35.119768 0.78
35.175145 0.78
35.243768 0.79
35.299146 0.79
35.367772 0.79
35.423147 0.79
35.487024 0.79
35.556023 0.79
35.624772 0.79
35.683508 0.79
35.752383 0.79
35.807510 0.79
35.862509 0.79
35.917385 0.79
35.991260 0.78
36.045026 0.79
36.113901 0.78
36.182776 0.79
36.248263 0.78
36.306777 0.78
36.381028 0.79
36.449778 0.79
36.506265 0.78
36.565031 0.78
36.633779 0.79
36.686141 0.79
36.749784 0.79
36.819034 0.79
36.883034 0.79
36.946909 0.79
37.011034 0.78
37.074787 0.79
37.149034 0.79
37.212911 0.79
37.277037 0.79
37.340788 0.78
37.414785 0.78
37.488788 0.79
37.562787 0.78
37.637038 0.79
37.706041 0.79
37.774789 0.79
37.848791 0.79
37.922793 0.79
37.996800 0.78
38.070653 0.79
38.130793 0.79
38.204805 0.79
38.278804 0.79
38.352655 0.79
38.412796 0.78
38.486805 0.79
38.560656 0.79
38.621047 0.79
38.684657 0.79
38.755158 0.78
38.813659 0.79
38.884159 0.79
38.947659 0.78
39.002809 0.79
39.066661 0.79
39.132161 0.79
39.190662 0.79
39.256162 0.79
39.319938 0.78
39.388689 0.79
39.454164 0.79
39.507690 0.78
39.576690 0.79
39.642166 0.79
39.700817 0.78
39.764692 0.79
39.835546 0.78
39.899293 0.78
39.968168 0.79
40.026819 0.79
40.095694 0.79
40.169695 0.79
40.238695 0.78
40.303671 0.79
40.367170 0.79
40.430671 0.78
40.494172 0.79
40.557672 0.78
40.621172 0.79
40.684673 0.79
40.748173 0.79
40.803174 0.78
40.858174 0.79
40.913175 0.78
40.968175 0.79
41.031676 0.78
41.095176 0.78
41.158677 0.79
41.222177 0.78
41.285677 0.79
41.349179 0.78
41.409179 0.79
41.469179 0.79
41.529179 0.79
41.589180 0.78
41.649181 0.79
41.704056 0.79
41.767557 0.79
41.832683 0.78
41.893559 0.78
41.957059 0.79
42.020560 0.78
42.072934 0.79
42.126184 0.78
42.184562 0.79
42.240810 0.78
42.296563 0.79
42.360061 0.79
42.423563 0.78
42.475937 0.78
42.526565 0.79
42.590063 0.78
42.653565 0.79
42.717064 0.79
42.780566 0.79
42.844065 0.78
42.907567 0.78
42.971066 0.79
43.034568 0.80
43.098067 0.79
43.161569 0.79
43.225068 0.79
43.288694 0.78
43.347069 0.79
43.410572 0.79
43.474071 0.79
43.537573 0.78
43.601071 0.79
43.664573 0.79
43.728072 0.79
43.783073 0.79
43.846575 0.78
43.910074 0.78
43.973576 0.79
44.037075 0.79
44.097201 0.79
44.155577 0.79
44.219076 0.79
44.279202 0.79
44.334077 0.78
44.394078 0.79
44.454203 0.79
44.509078 0.79
44.569079 0.79
44.624079 0.79
44.678955 0.79
44.742455 0.78
44.802581 0.79
44.849831 0.80
44.903081 0.79
44.957958 0.78
45.021458 0.79
45.073833 0.78
45.123209 0.79
45.176459 0.79
45.228834 0.79
45.279460 0.79
45.342960 0.79
45.406460 0.79
45.469961 0.79
45.533461 0.79
45.597087 0.79
45.655463 0.79
45.718963 0.79
45.782464 0.79
45.845964 0.79
45.909464 0.79
45.972966 0.80
46.036465 0.79
46.099967 0.79
46.163466 0.79
46.227092 0.79
46.285468 0.79
46.348969 0.79
46.412469 0.78
46.475969 0.79
46.539470 0.79
46.602971 0.78
46.666471 0.79
46.729972 0.79
46.784972 0.79
46.848472 0.79
46.911974 0.79
46.975473 0.78
47.039099 0.78
47.093974 0.80
47.157475 0.79
47.221101 0.79
47.275976 0.79
47.335976 0.79
47.390977 0.79
47.450978 0.78
47.509353 0.78
47.569478 0.78
47.624480 0.79
47.693356 0.79
47.754746 0.79
47.818357 0.79
47.870762 0.79
47.924483 0.78
47.980389 0.79
48.036875 0.78
48.090483 0.79
48.159484 0.79
48.229239 0.79
48.288487 0.79
48.352643 0.78
48.416361 0.79
48.490779 0.78
48.544759 0.79
48.604130 0.79
48.663006 0.78
48.721644 0.79
48.785801 0.79
48.860884 0.79
48.925008 0.78
48.989006 0.79
49.063014 0.78
49.132494 0.78
49.201493 0.79
49.265493 0.79
49.329493 0.78
49.390437 0.78
49.450030 0.78
49.504015 0.79
49.563013 0.79
49.627013 0.80
49.692287 0.79
49.756656 0.78
49.815498 0.78
49.879374 0.79
49.948504 0.78
50.002502 0.79
50.061500 0.79
50.112277 0.78
50.159649 0.78
50.213375 0.78
50.273674 0.78
50.323675 0.78
50.377503 0.78
50.446378 0.79
50.493658 0.78
50.544262 0.79
50.607759 0.78
50.671256 0.78
50.723631 0.79
50.774256 0.79
50.837759 0.79
50.901258 0.79
50.964757 0.79
51.028256 0.78
51.091757 0.78
51.156516 0.78
51.211028 0.79
51.270025 0.78
51.339024 0.78
51.392509 0.78
51.451813 0.79
51.515903 0.78
51.580030 0.78
51.644030 0.78
51.703054 0.79
51.762678 0.78
51.823515 0.78
51.882515 0.79
51.946390 0.78
52.010647 0.79
52.064394 0.78
52.128517 0.79
52.187392 0.78
52.251517 0.78
52.310964 0.79
52.375521 0.78
52.429679 0.79
52.495524 0.79
52.560658 0.79
52.631061 0.79
52.688529 0.78
52.772408 0.79
52.826801 0.79
52.887655 0.79
52.944527 0.79
53.003151 0.79
53.065182 0.78
53.128774 0.79
53.190181 0.78
53.248653 0.78
53.312151 0.79
53.364528 0.78
53.415184 0.78
53.473807 0.79
53.542817 0.78
53.617529 0.79
53.668155 0.79
53.731655 0.79
53.790162 0.79
53.855531 0.78
53.914280 0.79
53.973156 0.79
54.042532 0.79
54.101407 0.78
54.170409 0.79
54.239419 0.79
54.290186 0.79
54.353814 0.78
54.412160 0.79
54.475660 0.79
54.539161 0.78
54.602690 0.79
54.666287 0.78
54.724662 0.78
54.779817 0.78
54.848691 0.79
54.912289 0.78
54.981416 0.78
55.040166 0.78
55.109416 0.78
55.173291 0.78
55.242167 0.78
55.311292 0.78
55.375168 0.78
55.444045 0.78
55.502549 0.78
55.562696 0.79
55.626697 0.78
55.690670 0.79
55.747075 0.79
55.800671 0.79
55.864553 0.79
55.923297 0.78
55.987173 0.79
56.041826 0.78
56.100698 0.78
56.164708 0.79
56.233674 0.78
56.302675 0.79
56.372049 0.78
56.424426 0.78
56.475097 0.79
56.544303 0.79
56.613178 0.79
56.673305 0.79
56.729081 0.78
56.787561 0.79
56.851053 0.79
56.925304 0.78
56.989305 0.79
57.053434 0.79
57.117183 0.78
57.186188 0.79
57.250307 0.79
57.314311 0.78
57.378183 0.78
57.442309 0.79
57.506310 0.78
57.575310 0.79
57.639436 0.79
57.700311 0.78
57.759187 0.78
57.828312 0.79
57.887315 0.78
57.956188 0.79
58.020314 0.79
58.079314 0.79
58.148190 0.79
58.212191 0.78
58.276316 0.78
58.335066 0.78
58.404317 0.79
58.463320 0.79
58.522443 0.78
58.586599 0.78
58.650712 0.79
58.709600 0.79
58.773445 0.79
58.839010 0.79
58.894320 0.79
58.958197 0.79
59.018322 0.79
59.077198 0.79
59.141198 0.78
59.205324 0.78
59.264199 0.78
59.328074 0.78
59.392450 0.78
59.456605 0.78
59.520605 0.78
59.584577 0.79
59.643202 0.79
59.707327 0.80
59.766202 0.78
59.830203 0.79
59.893953 0.79
59.954955 0.78
60.018453 0.79
60.082104 0.79
60.151206 0.79
60.220456 0.79
60.285847 0.79
60.346612 0.79
60.415848 0.78
60.476467 0.78
60.540612 0.79
60.599612 0.78
60.663614 0.78
60.722461 0.79
60.787851 0.78
60.867337 0.78
60.930837 0.79
60.986212 0.78
61.045213 0.79
61.103963 0.78
61.178351 0.79
61.232219 0.79
61.295858 0.78
61.366342 0.79
61.421216 0.79
61.480217 0.79
61.544478 0.78
61.615848 0.79
61.680095 0.78
61.740220 0.79
61.795220 0.79
61.853863 0.78
61.910670 0.79
61.966876 0.79
62.017876 0.79
62.081346 0.79
62.140222 0.78
62.195348 0.79
62.250223 0.79
62.317104 0.79
62.372228 0.79
62.422855 0.78
62.486350 0.78
62.549853 0.79
62.613351 0.78
62.667227 0.79
62.722227 0.78
62.786227 0.79
62.849727 0.79
62.918352 0.78
62.981859 0.78
63.045357 0.79
63.108856 0.79
63.172354 0.78
63.235855 0.79
63.299355 0.79
63.362856 0.79
63.436739 0.79
63.496862 0.79
63.560360 0.78
63.623862 0.79
63.687362 0.79
63.742663 0.78
63.806876 0.78
63.865753 0.79
63.939753 0.78
64.010237 0.79
64.063878 0.78
64.124238 0.79
64.177739 0.78
64.234114 0.78
64.297754 0.79
64.359240 0.79
64.422769 0.79
64.496744 0.78
64.565743 0.79
64.639757 0.78
64.713760 0.79
64.782773 0.79
64.857497 0.79
64.910759 0.79
64.976370 0.79
65.050245 0.78
65.104013 0.78
65.159777 0.78
65.224012 0.79
65.292762 0.78
65.361872 0.78
65.420248 0.78
65.474014 0.79
65.542889 0.79
65.617018 0.79
65.681016 0.78
65.750017 0.78
65.818770 0.78
65.893252 0.78
65.953894 0.78
66.012253 0.78
66.067253 0.79
66.122254 0.79
66.177254 0.79
66.232254 0.78
66.287255 0.78
66.353131 0.78
66.416757 0.79
66.490772 0.78
66.564898 0.78
66.634027 0.79
66.702663 0.78
66.776760 0.79
66.842150 0.79
66.901025 0.79
66.964666 0.78
67.025399 0.79
67.078906 0.78
67.142638 0.78
67.216763 0.79
67.268139 0.79
67.326668 0.79
67.392139 0.78
67.450667 0.79
67.524765 0.78
67.598644 0.78
67.651018 0.79
67.701644 0.78
67.760268 0.79
67.829518 0.79
67.889673 0.79
67.953673 0.78
68.017799 0.78
68.076145 0.78
68.134771 0.79
68.204271 0.79
68.268272 0.79
68.337162 0.79
68.401148 0.79
68.454788 0.78
68.519411 0.78
68.583152 0.79
68.646652 0.79
68.710153 0.79
68.773654 0.79
68.837153 0.79
68.908656 0.79
68.972824 0.79
69.036654 0.79
69.110796 0.79
69.179796 0.78
69.245759 0.78
69.309657 0.79
69.378656 0.79
69.452810 0.79
69.521782 0.78
69.591162 0.79
69.651658 0.79
69.715158 0.79
69.770050 0.79
69.833541 0.79
69.907660 0.78
69.968664 0.79
70.028544 0.79
70.102690 0.79
70.168162 0.79
70.226545 0.78
70.300663 0.79
70.361054 0.78
70.424542 0.79
70.493541 0.79
70.562790 0.79
70.626665 0.78
70.695690 0.79
70.751297 0.79
70.810704 0.79
70.879824 0.79
70.938547 0.78
71.007547 0.79
71.071067 0.79
71.129699 0.78
71.193824 0.78
71.252701 0.79
71.321814 0.78
71.380700 0.79
71.449797 0.79
71.513702 0.79
71.582423 0.79
71.641174 0.78
71.700049 0.79
71.758828 0.78
71.817705 0.79
71.882057 0.78
71.940821 0.78
71.999694 0.79
72.068427 0.79
72.130678 0.78
72.199428 0.79
72.259585 0.78
72.328804 0.78
72.392558 0.78
72.456057 0.79
72.516056 0.79
72.571073 0.78
72.626057 0.78
72.681074 0.79
72.733462 0.78
72.789076 0.79
72.848074 0.78
72.912184 0.79
72.972711 0.79
73.036596 0.78
73.105434 0.78
73.157829 0.79
73.208454 0.79
73.271951 0.78
73.335436 0.79
73.404705 0.78
73.463596 0.78
73.527706 0.79
73.587470 0.79
73.656569 0.78
73.714942 0.78
73.778443 0.79
73.841943 0.78
73.905443 0.79
73.968944 0.78
74.032722 0.79
74.101710 0.79
74.160600 0.79
74.224570 0.78
74.293695 0.79
74.352446 0.79
74.417074 0.79
74.481090 0.79
74.545072 0.79
74.604072 0.79
74.668198 0.79
74.728715 0.78
74.792602 0.79
74.856605 0.79
74.915611 0.78
74.974603 0.79
75.028608 0.79
75.087451 0.79
75.156455 0.78
75.220720 0.79
75.279608 0.78
75.348733 0.79
75.412586 0.78
75.481454 0.79
75.551221 0.79
75.610099 0.79
75.678836 0.78
75.732331 0.79
75.784734 0.79
75.848332 0.78
75.900726 0.78
75.964333 0.78
76.016709 0.78
76.080459 0.79
76.149335 0.79
76.212979 0.78
76.271461 0.79
76.327364 0.78
76.380978 0.79
76.439462 0.78
76.495342 0.79
76.548979 0.79
76.607463 0.78
76.666464 0.79
76.725347 0.78
76.799344 0.78
76.863970 0.79
76.938987 0.79
77.002851 0.78
77.068106 0.78
77.127603 0.79
77.186661 0.78
77.240471 0.78
77.309345 0.78
77.374886 0.78
77.429969 0.79
77.495346 0.79
77.569346 0.79
77.638478 0.79
77.702472 0.79
77.771224 0.78
77.826473 0.78
77.895349 0.78
77.969801 0.79
78.025007 0.79
78.084350 0.79
78.153756 0.79
78.206231 0.78
78.270748 0.79
78.324229 0.78
78.379630 0.78
78.443813 0.79
78.505259 0.79
78.567231 0.79
78.630877 0.79
78.689358 0.78
78.748662 0.79
78.807998 0.79
78.862014 0.78
78.921361 0.78
78.985364 0.79
79.049483 0.79
79.113358 0.78
79.182486 0.78
79.241234 0.79
79.315487 0.79
79.375125 0.79
79.435487 0.79
79.494239 0.78
79.568363 0.78
79.637363 0.78
79.706239 0.78
79.775491 0.78
79.839365 0.79
79.913244 0.79
79.987241 0.78
80.061241 0.79
80.135242 0.78
80.204673 0.79
80.258782 0.79
80.328374 0.79
80.387666 0.79
80.449024 0.78
80.513498 0.78
80.567759 0.79
80.629021 0.79
80.690382 0.79
80.745007 0.79
80.800636 0.78
80.861505 0.78
80.934822 0.78
80.994635 0.78
81.060504 0.78
81.124128 0.79
81.180378 0.79
81.244650 0.79
81.305018 0.79
81.363769 0.78
81.420134 0.78
81.484252 0.79
81.531503 0.78
81.590382 0.80
81.646157 0.78
81.693506 0.79
81.747255 0.79
81.794505 0.78
81.849673 0.78
81.923661 0.79
81.978799 0.78
82.047671 0.79
82.111785 0.79
82.180636 0.79
82.235510 0.78
82.294515 0.79
82.348260 0.79
82.418146 0.78
82.477386 0.78
82.541386 0.79
82.605265 0.79
82.674778 0.79
82.746401 0.78
82.800514 0.79
82.859389 0.79
82.928265 0.80
82.992267 0.79
83.056266 0.79
83.120141 0.79
83.189142 0.78
83.258267 0.79
83.322270 0.79
83.381268 0.78
83.445269 0.78
83.509519 0.79
83.568146 0.79
83.637408 0.79
83.691822 0.79
83.747710 0.78
83.806921 0.78
83.870679 0.78
83.934678 0.79
83.998671 0.79
84.068274 0.79
84.132166 0.78
84.196275 0.78
84.252053 0.79
84.305681 0.79
84.370276 0.80
84.434152 0.79
84.490057 0.78
84.553527 0.79
84.607154 0.78
84.676154 0.79
84.737060 0.79
84.800530 0.79
84.864155 0.79
84.924085 0.78
84.993408 0.78
85.057287 0.79
85.116568 0.79
85.173070 0.78
85.232559 0.79
85.291563 0.78
85.350555 0.78
85.414288 0.78
85.473035 0.78
85.547036 0.78
85.621411 0.78
85.685054 0.79
85.754412 0.78
85.818180 0.79
85.882289 0.79
85.946289 0.78
86.005164 0.79
86.069290 0.79
86.128415 0.78
86.187416 0.79
86.246291 0.79
86.305167 0.79
86.369292