0.000000 0.000000
0.054025 42.78
0.112634 42.78
0.181634 42.78
0.245633 42.22
0.319385 42.22
0.372994 42.22
0.436994 42.22
0.505745 42.22
0.564513 42.22
0.624762 42.22
0.683638 42.22
0.747873 42.22
0.806998 42.22
0.881882 42.22
0.946878 42.22
1.006127 42.22
1.065001 42.22
1.133750 42.22
1.192516 42.22
1.261517 42.22
1.330518 42.22
1.402070 42.22
1.456130 42.22
1.525754 42.22
1.584769 42.22
1.643644 42.22
1.717398 42.22
1.771005 42.22
1.835005 42.22
1.905408 42.22
1.965649 42.22
2.029650 42.22
2.103399 42.22
2.159915 42.22
2.205649 42.22
2.269649 42.22
2.333135 42.22
2.392010 42.22
2.461011 42.22
2.524761 42.22
2.578404 42.22
2.630917 42.22
2.676656 42.22
2.730404 42.22
2.789405 42.22
2.848406 42.22
2.899014 41.67
2.962765 41.67
3.016408 42.22
3.072296 42.22
3.128297 41.67
3.184295 42.22
3.253297 41.67
3.322298 41.67
3.391299 41.67
3.460301 41.67
3.529300 41.67
3.598299 41.67
3.667299 41.67
3.736299 41.67
3.805303 41.67
3.874302 41.67
3.943274 41.67
4.017416 41.67
4.091302 41.67
4.165305 41.67
4.234307 41.67
4.303276 41.67
4.372277 41.67
4.441307 41.67
4.505430 41.67
4.574278 41.67
4.629279 41.67
4.684279 41.67
4.737904 41.67
4.803281 41.67
4.861780 41.67
4.916906 41.67
4.985781 41.67
5.037156 41.67
5.090673 41.67
5.154283 41.67
5.209158 41.67
5.258674 41.67
5.313815 41.67
5.367285 41.67
5.416675 41.67
5.470285 41.67
5.520910 41.67
5.584440 41.67
5.639287 41.67
5.697679 41.67
5.751442 41.67
5.820288 41.67
5.870913 41.67
5.934443 41.67
6.003442 41.67
6.072320 41.67
6.141318 41.67
6.215169 41.67
6.271170 41.67
6.327169 41.67
6.383170 41.67
6.448322 41.67
6.522324 41.67
6.578172 41.67
6.642449 41.67
6.711685 41.67
6.770323 41.67
6.829448 41.67
6.898449 41.67
6.967328 41.67
7.036177 41.67
7.105177 41.67
7.179177 41.67
7.243177 41.67
7.307329 41.67
7.371178 41.67
7.435177 41.67
7.499331 41.67
7.563695 41.67
7.624331 41.67
7.688181 41.67
7.757181 41.67
7.821333 41.67
7.885696 41.67
7.949697 41.67
7.999681 41.67
8.054806 41.67
8.118699 41.67
8.182682 41.67
8.237682 41.67
8.283700 41.67
8.347701 41.67
8.411701 41.67
8.475699 41.67
8.539702 41.67
8.598811 41.67
8.662703 41.67
8.724715 41.67
8.770340 41.67
8.834339 41.67
8.893342 41.67
8.962342 41.67
9.031222 41.67
9.095345 41.67
9.154344 41.67
9.218222 41.67
9.277584 41.67
9.323345 41.67
9.378345 41.67
9.433347 41.67
9.497221 41.67
9.561346 41.67
9.622068 41.67
9.681348 41.67
9.740347 41.67
9.804070 41.67
9.873225 41.67
9.937351 41.67
10.001226 41.67
10.065228 41.67
10.124228 41.67
10.183226 41.67
10.244073 41.67
10.308232 41.67
10.372233 41.67
10.436230 41.67
10.496950 41.67
10.555594 41.67
10.610701 41.67
10.669717 41.67
10.733703 41.67
10.792721 41.67
10.862235 41.67
10.926232 41.67
10.985234 41.67
11.049720 41.67
11.108598 41.67
11.168831 41.67
11.223832 41.67
11.278832 41.67
11.333833 41.67
11.388725 41.67
11.447724 41.67
11.503834 41.67
11.560084 41.67
11.619240 41.67
11.678241 41.67
11.742241 41.67
11.801242 41.67
11.861604 41.67
11.917711 41.67
11.972838 41.67
12.023838 41.67
12.093242 41.67
12.162604 41.67
12.222714 41.67
12.281715 41.67
12.345732 41.67
12.416341 41.67
12.475246 41.67
12.534092 41.67
12.593092 41.67
12.652092 41.67
12.716247 41.67
12.780094 41.67
12.839095 41.67
12.898095 41.67
12.957095 41.67
13.023401 41.67
13.087615 41.67
13.156723 41.67
13.226097 41.67
13.285097 41.67
13.344098 41.67
13.403098 41.67
13.462098 41.67
13.521099 41.67
13.580099 41.67
13.639101 41.67
13.712975 41.67
13.766351 41.67
13.826477 41.67
13.889976 41.67
13.944852 41.67
13.998102 41.67
14.068479 41.67
14.122978 41.67
14.181354 41.67
14.241482 41.67
14.295980 41.67
14.346605 41.67
14.410105 41.67
14.480483 41.67
14.525982 41.67
14.576607 41.67
14.640108 41.67
14.710485 41.67
14.755984 41.67
14.815610 41.67
14.879109 41.67
14.952860 41.67
15.006111 41.67
15.079861 41.67
15.133112 41.67
15.206861 41.67
15.260113 41.67
15.333863 41.67
15.387114 41.67
15.460864 41.67
15.514114 41.67
15.587865 41.67
15.641115 41.67
15.714866 41.67
15.768116 41.67
15.841867 41.67
15.895117 41.67
15.968869 41.67
16.023869 41.67
16.078869 41.67
16.133745 41.67
16.193745 41.67
16.253745 41.67
16.313746 41.67
16.373746 41.67
16.433747 41.67
16.493747 41.67
16.553748 41.67
16.613748 41.67
16.673749 41.67
16.733749 41.67
16.786999 41.67
16.857376 41.67
16.912377 41.67
16.967378 41.67
17.021877 41.67
17.080253 41.67
17.140379 41.67
17.185877 41.67
17.235255 41.67
17.295380 41.67
17.340879 41.67
17.391505 41.67
17.455005 41.67
17.528756 41.67
17.582006 41.67
17.655757 41.67
17.709007 41.67
17.782758 41.67
17.836008 41.67
17.909759 41.67
17.963009 41.67
18.036760 41.67
18.090010 41.67
18.163761 41.67
18.217011 41.67
18.290762 41.67
18.344012 41.67
18.417763 41.67
18.471013 41.67
18.544764 41.67
18.598014 41.67
18.671765 41.67
18.726766 41.67
18.780016 41.67
18.853770 41.67
18.908642 41.67
18.968642 41.67
19.028018 41.67
19.101769 41.67
19.156644 41.67
19.216645 41.67
19.276645 41.67
19.336646 41.67
19.389896 41.67
19.455021 41.67
19.528772 41.67
19.583647 41.67
19.636898 41.67
19.707275 41.67
19.762276 41.67
19.817276 41.67
19.871775 41.67
19.930151 41.67
19.990278 41.67
20.035776 41.67
20.086402 41.67
20.149901 41.67
20.220279 41.67
20.265778 41.67
20.316403 41.67
20.379904 41.67
20.448655 41.67
20.501905 41.67
20.575797 41.67
20.644782 41.67
20.718798 41.67
20.792796 41.67
20.861783 41.67
20.935800 41.67
21.004785 41.67
21.078800 41.67
21.152803 41.67
21.226802 41.67
21.295803 41.67
21.369801 41.67
21.438788 41.67
21.512805 41.67
21.586805 41.67
21.660791 41.67
21.729791 41.67
21.803916 41.67
21.872792 41.67
21.941792 41.67
22.010793 41.67
22.075919 41.67
22.141201 41.67
22.201686 41.67
22.270919 41.67
22.334920 41.67
22.398921 41.67
22.462922 41.67
22.521797 41.67
22.585922 41.67
22.649922 41.67
22.713923 41.67
22.772799 41.67
22.836925 41.67
22.895814 41.67
22.959926 41.67
23.023926 41.67
23.087927 41.67
23.151927 41.67
23.210693 41.67
23.279694 41.67
23.348804 41.67
23.412693 41.67
23.481930 41.67
23.540696 41.67
23.604183 41.67
23.668056 41.67
23.726698 41.11
23.795556 41.67
23.848807 41.11
23.922558 41.67
23.975808 41.67
24.049559 41.67
24.102809 41.11
24.176560 41.67
24.229809 41.67
24.298560 41.67
24.351811 41.67
24.425561 41.67
24.478812 41.11
24.552562 41.67
24.607438 41.67
24.665814 41.67
24.739564 41.67
24.794440 41.67
24.854440 41.67
24.918065 41.11
24.986691 41.11
25.057068 41.11
25.120568 41.67
25.178942 41.11
25.247568 41.67
25.302443 41.67
25.357444 41.11
25.410694 41.11
25.481071 41.11
25.536071 41.11
25.581571 41.11
25.636447 41.11
25.689696 41.11
25.763447 41.11
25.816697 41.11
25.890448 41.11
25.948949 41.11
26.012450 41.11
26.065699 41.11
26.139450 41.11
26.192700 41.11
26.266452 41.11
26.319702 41.11
26.393452 41.11
26.446702 41.11
26.520453 41.11
26.578954 41.11
26.642454 41.11
26.695705 41.11
26.769455 41.11
26.822705 41.11
26.896457 41.11
26.949706 41.11
27.023457 41.11
27.076708 41.11
27.150458 41.11
27.208959 41.11
27.270834 41.11
27.339460 41.11
27.397960 41.11
27.461461 41.11
27.516337 41.11
27.571336 41.11
27.631337 41.11
27.691338 41.11
27.746338 41.11
27.806338 41.11
27.866340 41.11
27.921340 41.11
27.981340 41.11
28.041340 41.11
28.096341 41.11
28.149592 41.11
28.219968 41.11
28.265468 41.11
28.314842 41.11
28.374970 41.11
28.429970 41.11
28.475470 41.11
28.524844 41.11
28.584971 41.11
28.630470 41.11
28.681096 41.11
28.744597 41.11
28.818348 41.11
28.869097 41.11
28.932723 41.11
29.001349 41.11
29.054600 41.11
29.128349 41.11
29.181600 41.11
29.255350 41.11
29.308601 41.11
29.382351 41.11
29.435602 41.11
29.509352 41.11
29.562603 41.11
29.636353 41.11
29.689604 41.11
29.763354 41.11
29.832105 41.11
29.895605 41.11
29.969356 41.11
30.022607 41.11
30.096357 41.11
30.151358 41.11
30.206234 41.11
30.266234 41.11
30.326235 41.11
30.384610 41.11
30.458360 41.11
30.513237 41.11
30.573237 41.11
30.633238 41.11
30.686487 41.11
30.756864 41.11
30.811864 41.11
30.862488 41.11
30.932865 41.11
30.987364 41.11
31.036739 41.11
31.096867 41.11
31.151867 41.11
31.197367 41.11
31.247991 41.11
31.311492 41.11
31.381869 41.11
31.427368 41.11
31.477993 41.11
31.541494 41.11
31.615245 41.11
31.668495 41.11
31.742247 41.11
31.795496 41.11
31.869248 41.11
31.922497 41.11
31.996249 41.11
32.049498 41.11
32.123249 41.11
32.176499 41.11
32.250253 41.11
32.313875 41.11
32.382500 41.11
32.456253 41.11
32.509501 41.11
32.583254 41.11
32.636503 41.11
32.710254 41.11
32.763504 41.11
32.837255 41.11
32.890505 41.11
32.964259 41.11
33.029506 41.11
33.103257 41.11
33.158131 41.11
33.218132 41.11
33.278132 41.11
33.338133 41.11
33.398134 41.11
33.458134 41.11
33.518134 41.11
33.571385 41.11
33.645261 41.11
33.700136 41.11
33.753387 41.11
33.818763 41.11
33.877138 41.11
33.930388 41.11
34.000764 41.11
34.055770 41.11
34.101266 41.11
34.150640 41.11
34.210770 41.11
34.256268 41.11
34.306892 41.11
34.370392 41.11
34.444143 41.11
34.497393 41.11
34.571143 41.11
34.624394 41.11
34.698144 41.11
34.751395 41.11
34.825145 41.11
34.878396 41.11
34.952146 41.11
35.005397 41.11
35.079147 41.11
35.132398 41.11
35.201147 41.11
35.254399 41.11
35.328148 41.11
35.381400 41.11
35.455150 41.11
35.508402 41.11
35.582151 41.11
35.635402 41.11
35.709153 41.11
35.764027 41.11
35.827653 41.11
35.879028 41.11
35.937405 41.11
36.006154 41.11
36.061030 41.11
36.121031 41.11
36.184656 41.11
36.236032 41.11
36.296031 41.11
36.349282 41.11
36.419660 41.11
36.474158 41.11
36.529034 41.11
36.582285 41.11
36.652662 41.11
36.707663 41.11
36.762168 41.11
36.820536 41.11
36.880663 41.11
36.926167 41.11
36.975538 41.11
37.035665 41.11
37.081169 41.11
37.131789 41.11
37.195289 41.11
37.269040 41.11
37.322290 41.11
37.396041 41.11
37.449292 41.11
37.521172 41.11
37.593685 41.11
37.657686 41.11
37.740321 41.11
37.804174 41.11
37.868175 41.11
37.932176 41.11
38.004687 41.11
38.068689 41.11
38.134449 41.11
38.193179 41.11
38.265688 41.11
38.334925 41.11
38.393692 41.11
38.476449 41.11
38.535177 41.11
38.599181 41.11
38.658178 41.11
38.717328 41.11
38.781184 41.11
38.840184 41.11
38.904185 41.11
38.982204 41.11
39.046185 41.11
39.111572 41.11
39.165206 41.11
39.220203 41.11
39.279183 41.11
39.343184 41.11
39.402057 41.11
39.466058 41.11
39.535186 41.11
39.604699 41.11
39.660810 41.11
39.711686 41.11
39.775700 41.11
39.839451 41.11
39.893061 41.11
39.943687 41.11
40.007705 41.11
40.067688 41.11
40.131702 41.11
40.193340 41.11
40.252065 41.11
40.315690 41.11
40.375691 41.11
40.439691 41.11
40.503708 41.11
40.567709 41.11
40.631709 41.11
40.702342 41.11
40.761195 41.11
40.820196 41.11
40.884209 41.11
40.948197 41.11
41.007071 41.11
41.077572 41.11
41.141072 41.11
41.206346 41.11
41.264948 41.11
41.318464 41.11
41.380200 41.11
41.438949 41.11
41.499201 41.11
41.557950 41.11
41.628452 41.11
41.682076 41.11
41.752453 41.11
41.806077 41.11
41.879952 41.11
41.948953 41.11
41.998469 41.11
42.067353 41.11
42.125955 41.11
42.179471 41.11
42.248080 41.11
42.321957 41.11
42.385957 41.11
42.460082 41.11
42.533833 41.11
42.584725 41.11
42.643359 41.11
42.701960 41.11
42.765960 41.11
42.821835 41.11
42.872727 41.11
42.937086 41.11
42.992086 41.11
43.047087 41.11
43.102088 41.11
43.157088 41.11
43.221088 41.11
43.276090 41.11
43.340089 41.11
43.404089 41.11
43.468090 41.11
43.532090 41.11
43.596092 41.11
43.660093 41.11
43.724092 41.11
43.788094 41.11
43.856969 41.11
43.930969 41.11
43.996246 41.11
44.055095 41.11
44.123846 41.11
44.189249 41.11
44.249722 41.11
44.315097 41.11
44.378973 41.11
44.452973 41.11
44.526849 41.11
44.592376 41.11
44.651100 41.11
44.711352 41.11
44.770101 41.11
44.833977 41.11
44.902853 41.11
44.971853 41.11
45.045853 41.11
45.114854 41.11
45.178980 41.11
45.247980 41.11
45.312105 41.11
45.370856 41.11
45.434856 41.11
45.498857 41.11
45.562857 41.11
45.626983 41.11
45.695858 41.11
45.764859 41.11
45.828860 41.11
45.897985 41.11
45.962111 41.11
46.020861 41.11
46.089987 41.11
46.153862 41.11
46.227988 41.11
46.296864 41.11
46.370863 41.11
46.434864 41.11
46.498865 41.11
46.562866 41.11
46.626866 41.11
46.700991 41.11
46.764868 41.11
46.828868 41.11
46.897994 41.11
46.971869 41.11
47.040869 41.11
47.109995 41.11
47.173870 41.11
47.247996 41.11
47.321872 41.11
47.385872 41.11
47.449873 41.11
47.510251 41.11
47.569124 41.11
47.624123 41.11
47.687875 41.11
47.751750 41.11
47.820875 41.11
47.875877 41.11
47.931002 41.11
47.991252 41.11
48.045752 41.11
48.104127 41.11
48.164253 41.11
48.209754 41.11
48.259128 41.11
48.320263 41.11
48.384884 41.11
48.448882 41.11
48.512881 41.11
48.582412 41.67
48.646286 41.67
48.705008 41.67
48.763884 41.67
48.827884 41.67
48.894138 41.67
48.958419 41.67
49.017414 41.67
49.071011 41.67
49.129762 41.67
49.194542 41.67
49.254017 41.67
49.313015 41.67
49.372015 41.67
49.430889 41.67
49.494889 41.67
49.564420 41.67
49.623140 41.67
49.692418 41.67
49.751542 41.67
49.810429 41.67
49.869424 41.67
49.928423 41.67
49.994173 41.67
50.058300 41.67
50.122144 42.22
50.187895 42.22
50.259175 42.22
50.323425 42.22
50.384674 42.22
50.444026 42.22
50.497774 42.22
50.561899 42.22
50.621036 42.22
50.671426 42.22
50.730903 42.22
50.794902 42.22
50.858791 42.22
50.917906 42.22
50.976668 42.22
51.042184 42.22
51.106308 42.22
51.170308 42.22
51.229284 42.22
51.298906 42.22
51.367672 42.22
51.436670 42.22
51.505786 42.22
51.570033 42.22
51.623673 42.22
51.687157 42.22
51.756033 42.78
51.817037 42.78
51.870910 42.78
51.934551 42.78
51.987910 42.78
52.051552 42.78
52.126789 42.78
52.195680 42.78
52.264554 42.78
52.317787 42.78
52.386918 42.78
52.447175 42.78
52.517806 42.78
52.591681 42.78
52.660795 42.78
52.720329 42.78
52.774346 42.78
52.839362 42.78
52.900564 42.78
52.960356 42.78
53.025373 42.78
53.084930 42.78
53.137057 42.78
53.197058 42.78
53.267182 42.78
53.337051 42.78
53.397674 42.78
53.456803 42.78
53.517049 42.78
53.571548 42.78
53.622176 43.33
53.685672 42.78
53.754549 43.33
53.807053 43.33
53.876936 43.33
53.946938 43.33
53.997055 43.33
54.061937 43.33
54.120556 43.33
54.180183 43.33
54.239941 43.33
54.304683 43.33
54.369372 43.33
54.434373 43.33
54.499316 43.33
54.558815 43.33
54.623695 43.33
54.684694 43.33
54.745696 43.33
54.807070 43.33
54.882691 43.33
54.948840 43.33
55.003206 43.33
55.068217 43.33
55.129698 43.33
55.194821 43.33
55.245064 43.33
55.314812 43.33
55.364687 43.33
55.423816 43.33
55.480600 43.33
55.545068 43.33
55.611333 43.33
55.670064 43.33
55.744707 43.33
55.810975 43.33
55.875712 43.33
55.934705 43.33
55.994237 43.33
56.059081 43.33
56.124278 43.33
56.184205 43.33
56.248826 43.33
56.319974 43.33
56.374078 43.33
56.430070 43.33
56.490701 43.33
56.544586 43.33
56.604072 43.33
56.673697 43.33
56.732574 43.33
56.801951 43.33
56.871473 43.33
56.945595 43.33
57.009451 43.33
57.073468 43.33
57.137703 43.33
57.201952 43.33
57.261085 43.33
57.335594 43.33
57.404604 43.33
57.468720 43.33
57.537347 43.33
57.601469 43.33
57.675345 43.33
57.728706 43.33
57.787359 43.33
57.851472 43.33
57.920605 43.33
57.984350 43.33
58.037833 43.33
58.103599 43.33
58.172361 43.33
58.241335 43.33
58.299835 43.33
58.345961 43.33
58.409961 43.33
58.473962 43.33
58.537962 43.33
58.611713 43.33
58.665467 43.33
58.724469 43.33
58.783716 43.33
58.843893 43.33
58.902967 43.33
58.961606 43.33
59.026867 43.33
59.072342 43.33
59.122967 43.33
59.186606 42.78
59.251922 42.78
59.305719 42.78
59.359344 42.78
59.424344 42.78
59.488345 42.78
59.562248 42.78
59.636492 42.78
59.700724 42.78
59.754491 42.78
59.823251 42.78
59.897348 42.78
59.971349 42.78
60.045226 42.78
60.098724 42.78
60.162253 42.78
60.222100 42.78
60.275726 42.78
60.334352 42.78
60.403508 42.78
60.462374 42.78
60.531854 42.78
60.600622 42.78
60.669259 42.78
60.743260 42.78
60.796730 42.78
60.855370 42.78
60.920610 42.78
60.989237 42.78
61.044237 42.78
61.099112 42.78
61.159111 42.78
61.222734 42.78
61.272859 42.78
61.331860 42.78
61.400768 42.78
61.466111 42.78
61.519736 42.78
61.584398 42.78
61.650416 42.78
61.705382 42.78
61.764393 42.78
61.838240 42.78
61.891739 42.78
61.962646 42.78
62.012398 42.78
62.076269 42.78
62.135633 42.78
62.199116 42.78
62.252394 42.78
62.316243 42.78
62.375396 42.78
62.439271 42.78
62.498399 42.78
62.562385 42.78
62.621398 42.78
62.691414 42.78
62.755249 42.78
62.809750 42.78
62.878374 42.78
62.952125 42.78
63.005375 42.78
63.074875 42.78
63.138749 42.78
63.207764 42.78
63.276768 42.78
63.345767 42.78
63.416822 42.78
63.481398 42.78
63.545285 42.78
63.609128 42.78
63.678283 42.78
63.747285 42.78
63.811390 42.78
63.877130 42.78
63.946130 42.78
64.010131 42.78
64.079132 42.78
64.143132 42.78
64.207633 42.78
64.259008 42.78
64.319008 42.78
64.379009 42.78
64.432260 42.78
64.502636 42.78
64.557639 42.78
64.612654 42.78
64.676654 42.78
64.735654 42.78
64.799763 42.78
64.863653 42.78
64.932664 42.78
64.997408 42.78
65.047300 42.78
65.116266 42.78
65.186642 42.78
65.232140 42.78
65.291774 42.78
65.355896 42.78
65.406895 42.78
65.476144 42.78
65.540143 42.78
65.590769 42.78
65.655552 42.78
65.711412 42.78
65.770413 42.78
65.824146 42.78
65.888296 42.78
65.952297 42.78
66.027158 42.78
66.092404 42.78
66.161027 42.78
66.216027 42.78
66.269278 42.78
66.343027 42.78
66.402448 42.78
66.461543 42.78
66.527153 42.78
66.586152 42.78
66.650153 42.78
66.719294 42.78
66.774910 42.78
66.828407 42.78
66.892030 42.78
66.950548 42.78
67.005550 42.78
67.060548 42.78
67.130286 42.78
67.194159 42.78
67.268157 42.78
67.337033 42.78
67.400908 42.78
67.465190 42.78
67.530332 42.78
67.584289 42.78
67.648170 42.78
67.712036 42.78
67.777169 42.78
67.851037 42.78
67.925038 42.78
67.975679 42.78
68.039439 42.78
68.098171 42.78
68.171917 42.78
68.236041 42.78
68.295040 42.78
68.359041 42.78
68.433170 42.78
68.497043 42.78
68.562557 42.78
68.627321 42.78
68.691690 42.78
68.762175 42.22
68.828045 42.78
68.894046 42.78
68.953796 42.78
69.023200 42.78
69.084595 42.78
69.158925 42.78
69.227924 42.78
69.293328 42.78
69.352049 42.78
69.415692 42.78
69.469050 42.78
69.533051 42.78
69.603455 42.78
69.662052 42.78
69.732457 42.22
69.786432 42.78
69.837803 42.78
69.901304 42.78
69.961460 42.78
70.020055 42.78
70.088931 42.78
70.147306 42.78
70.197055 42.78
70.267456 42.78
70.313056 42.78
70.377057 42.78
70.435932 42.78
70.486562 42.78
70.550060 42.78
70.620441 42.78
70.665937 42.78
70.716563 42.22
70.780064 42.78
70.854229 42.78
70.908063 42.78
70.963062 42.78
71.017938 42.22
71.083063 42.22
71.147064 42.78
71.207588 42.78
71.277712 42.78
71.352068 42.22
71.421460 42.22
71.492220 42.78
71.561082 42.22
71.616950 42.22
71.681071 42.78
71.739944 42.78
71.799069 42.78
71.864820 42.22
71.929272 42.22
71.990079 42.22
72.049592 42.22
72.109949 42.22
72.169073 42.22
72.232948 42.78
72.306827 42.22
72.360329 42.78
72.421085 42.78
72.480345 42.78
72.549950 42.78
72.618950 42.22
72.687826 42.78
72.753344 42.78
72.811828 42.22
72.876357 42.78
72.940596 42.22
73.004233 42.22
73.058079 42.78
73.121955 42.78
73.191081 42.22
73.249831 42.22
73.300598 42.22
73.359601 42.22
73.418089 42.78
73.481958 42.78
73.546088 42.22
73.605604 42.22
73.658960 42.22
73.722960 42.22
73.796961 42.78
73.861086 42.22
73.924963 42.22
73.993711 42.22
74.067837 42.22
74.141712 42.78
74.207089 42.22
74.270839 42.22
74.335467 42.22
74.394606 42.22
74.463716 42.78
74.518966 42.78
74.592716 42.22
74.661717 42.22
74.735843 42.22
74.804846 42.22
74.870249 42.78
74.940719 42.78
75.009720 42.22
75.078845 42.22
75.147846 42.22
75.216860 42.22
75.275984 42.22
75.349849 42.22
75.418723 42.22
75.487848 42.78
75.556724 42.78
75.622252 42.22
75.685975 42.78
75.746253 42.78
75.800851 42.22
75.871254 42.22
75.929978 42.22
75.993853 42.22
76.054258 42.78
76.109104 42.22
76.164230 42.78
76.233104 42.22
76.288105 42.22
76.338527 42.22
76.402737 42.22
76.472866 42.22
76.531984 42.22
76.596871 42.22
76.655983 42.22
76.719734 42.22
76.788859 42.22
76.857859 42.22
76.926860 42.22
77.000861 42.22
77.070415 42.22
77.129379 42.22
77.193266 42.22
77.251863 42.22
77.315989 42.22
77.379864 42.22
77.448990 42.22
77.517740 42.22
77.587007 42.22
77.651394 42.22
77.709995 42.22
77.778867 42.22
77.842617 42.22
77.911869 42.22
77.975744 42.22
78.044994 42.22
78.103996 42.22
78.159247 42.22
78.228752 42.22
78.297873 42.22
78.361747 42.22
78.425873 42.22
78.490123 42.22
78.555876 42.22
78.614884 42.22
78.673999 42.22
78.734153 42.22
78.779752 42.22
78.844252 42.22
78.908126 42.22
78.967127 42.22
79.027127 42.22
79.086002 42.22
79.139753 42.22
79.203881 42.22
79.262756 42.22
79.326520 42.22
79.385130 42.22
79.449131 42.22
79.507898 42.22
79.566885 42.22
79.625758 42.22
79.684886 42.22
79.753883 42.22
79.817886 42.22
79.876664 42.22
79.951651 42.22
80.010889 42.22
80.070269 42.22
80.134768 42.22
80.198764 42.22
80.262887 42.22
80.321890 42.2