0.000000 0.000000
0.054522 62.00
0.119909 61.00
0.180782 61.00
0.245129 62.00
0.300241 62.00
0.360490 62.00
0.419639 62.00
0.483640 62.00
0.547644 62.00
0.611647 62.00
0.677008 62.00
0.741793 62.00
0.806791 62.00
0.873705 62.00
0.944255 62.00
1.000376 62.00
1.075011 62.00
1.134122 62.00
1.198121 62.00
1.267650 62.00
1.337013 62.00
1.401638 62.00
1.473505 62.00
1.533019 61.00
1.592015 61.00
1.651014 62.00
1.710016 62.00
1.769017 62.00
1.828018 62.00
1.887015 62.00
1.946018 62.00
2.004892 62.00
2.068894 62.00
2.133020 62.00
2.192021 62.00
2.250895 62.00
2.321255 62.00
2.374773 62.00
2.429382 62.00
2.492881 62.00
2.563256 62.00
2.618257 61.00
2.673257 61.00
2.728258 61.00
2.786633 62.00
2.839884 62.00
2.910260 62.00
2.955760 62.00
3.005135 62.00
3.065260 62.00
3.110761 61.00
3.161387 61.00
3.224887 61.00
3.298638 62.00
3.351888 62.00
3.425638 62.00
3.478889 61.00
3.552640 61.00
3.611015 62.00
3.679641 62.00
3.732891 61.00
3.806641 61.00
3.859892 62.00
3.933643 62.00
3.986893 61.00
4.060644 61.00
4.113895 62.00
4.187645 62.00
4.240896 61.00
4.314647 61.00
4.367896 62.00
4.441647 62.00
4.494897 62.00
4.568647 62.00
4.623528 61.00
4.681899 61.00
4.755650 61.00
4.810527 61.00
4.870526 62.00
4.930527 62.00
4.990527 62.00
5.050529 62.00
5.103777 62.00
5.168903 62.00
5.234153 61.00
5.289153 61.00
5.344154 61.00
5.399155 61.00
5.454155 61.00
5.508656 62.00
5.567031 62.00
5.627156 62.00
5.672657 62.00
5.722032 61.00
5.782157 61.00
5.827658 61.00
5.878283 62.00
5.941783 62.00
6.015535 62.00
6.068785 62.00
6.142536 62.00
6.195786 62.00
6.269537 62.00
6.322787 62.00
6.396538 62.00
6.449788 62.00
6.523539 61.00
6.576789 61.00
6.650539 62.00
6.703790 62.00
6.777541 62.00
6.830791 62.00
6.904542 62.00
6.957793 62.00
7.031543 61.00
7.086544 61.00
7.139793 61.00
7.213546 61.00
7.268546 61.00
7.323547 61.00
7.378547 62.00
7.431796 62.00
7.505548 61.00
7.560422 61.00
7.620422 62.00
7.680422 62.00
7.740424 61.00
7.800424 61.00
7.863926 62.00
7.932551 62.00
7.990926 62.00
8.059552 62.00
8.110176 62.00
8.173677 62.00
8.244052 62.00
8.298553 62.00
8.356928 61.00
8.417054 61.00
8.471555 62.00
8.520930 62.00
8.584430 62.00
8.637680 62.00
8.711431 62.00
8.764682 62.00
8.835057 62.00
8.880559 62.00
8.931183 62.00
8.994684 61.00
9.068434 61.00
9.121685 61.00
9.195435 61.00
9.248686 62.00
9.322435 62.00
9.375686 62.00
9.449437 62.00
9.502688 62.00
9.576438 62.00
9.629688 62.00
9.703439 62.00
9.758440 62.00
9.811690 62.00
9.885440 62.00
9.938691 62.00
10.012441 62.00
10.065693 62.00
10.139442 62.00
10.194443 62.00
10.249318 62.00
10.309319 62.00
10.367694 62.00
10.441445 62.00
10.496321 62.00
10.554696 62.00
10.628446 62.00
10.683322 62.00
10.743322 61.00
10.806823 61.00
10.875448 62.00
10.933824 62.00
11.002450 62.00
11.060826 62.00
11.120951 62.00
11.166451 62.00
11.217076 62.00
11.280578 62.00
11.349327 62.00
11.402579 62.00
11.476328 62.00
11.529580 62.00
11.603330 62.00
11.656581 62.00
11.726955 62.00
11.772456 62.00
11.823456 61.00
11.874082 61.00
11.937583 61.00
12.011333 62.00
12.064584 62.00
12.133334 62.00
12.186584 62.00
12.260334 62.00
12.313586 62.00
12.387335 62.00
12.440587 62.00
12.514337 62.00
12.567588 62.00
12.641338 62.00
12.694589 62.00
12.763339 62.00
12.828590 62.00
12.888715 62.00
12.952340 62.00
13.010716 62.00
13.079342 62.00
13.134217 62.00
13.192594 61.00
13.266342 61.00
13.321218 62.00
13.381219 62.00
13.441219 62.00
13.501219 62.00
13.556219 62.00
13.609471 62.00
13.679847 62.00
13.733096 61.00
13.798221 61.00
13.851473 61.00
13.921848 61.00
13.967349 62.00
14.023475 62.00
14.067725 62.00
14.127850 62.00
14.173350 62.00
14.231725 62.00
14.295225 62.00
14.348477 62.00
14.418853 62.00
14.464352 62.00
14.514978 62.00
14.578478 61.00
14.652229 61.00
14.705480 62.00
14.779229 62.00
14.842731 61.00
14.906231 61.00
14.959481 62.00
15.033232 62.00
15.086483 61.00
15.160233 61.00
15.218733 62.00
15.282234 62.00
15.335484 62.00
15.409235 62.00
15.462485 61.00
15.536236 61.00
15.589486 62.00
15.663236 62.00
15.716488 62.00
15.790238 62.00
15.848739 61.00
15.912239 61.00
15.967115 62.00
16.022115 62.00
16.082115 62.00
16.142116 62.00
16.197116 62.00
16.257117 62.00
16.317117 62.00
16.372118 62.00
16.432118 62.00
16.492118 62.00
16.547119 62.00
16.600370 62.00
16.670746 62.00
16.720245 62.00
16.769621 62.00
16.829747 62.00
16.875247 62.00
16.924623 62.00
16.984748 62.00
17.030247 62.00
17.080874 62.00
17.144373 62.00
17.214749 62.00
17.260250 62.00
17.310875 62.00
17.374376 62.00
17.448126 62.00
17.501377 62.00
17.575128 62.00
17.628377 62.00
17.702129 62.00
17.755379 62.00
17.829129 62.00
17.897880 62.00
17.961380 62.00
18.035132 62.00
18.088381 62.00
18.162132 62.00
18.215383 62.00
18.289134 62.00
18.342383 62.00
18.416134 62.00
18.469384 62.00
18.543386 62.00
18.612136 62.00
18.676028 62.00
18.753388 62.00
18.822138 62.00
18.877030 62.00
18.946030 61.00
19.015029 61.00
19.078791 62.00
19.144030 62.00
19.197392 62.00
19.264392 62.00
19.333267 62.00
19.397143 62.00
19.471143 62.00
19.523670 62.00
19.569395 62.00
19.628145 62.00
19.698671 61.00
19.744396 61.00
19.808146 62.00
19.869674 62.00
19.915397 62.00
19.974148 62.00
20.048039 62.00
20.128800 62.00
20.187400 62.00
20.246400 62.00
20.315041 62.00
20.368527 62.00
20.422151 62.00
20.496040 62.00
20.561044 62.00
20.614529 62.00
20.668403 62.00
20.737044 62.00
20.790530 61.00
20.844155 61.00
20.918044 61.00
20.971532 61.00
21.025406 62.00
21.094047 62.00
21.149289 62.00
21.218046 62.00
21.273289 62.00
21.337049 62.00
21.392291 62.00
21.461035 61.00
21.515925 61.00
21.581167 62.00
21.631167 62.00
21.681168 62.00
21.731167 62.00
21.790163 62.00
21.864037 62.00
21.919170 62.00
21.972689 62.00
22.026164 61.00
22.095040 61.00
22.153689 61.00
22.217416 61.00
22.277543 62.00
22.323166 62.00
22.393543 62.00
22.443167 62.00
22.513544 62.00
22.573694 61.00
22.632168 61.00
22.702545 61.00
22.748170 61.00
22.817061 62.00
22.873063 62.00
22.929063 62.00
22.998047 62.00
23.048672 62.00
23.112173 62.00
23.186048 62.00
23.254674 62.00
23.318174 62.00
23.391924 62.00
23.445174 62.00
23.518925 62.00
23.572176 62.00
23.645926 61.00
23.699176 61.00
23.772928 62.00
23.826178 62.00
23.900054 62.00
23.965304 62.00
24.033929 62.00
24.087180 62.00
24.160930 62.00
24.215931 62.00
24.270931 62.00
24.325807 62.00
24.385807 62.00
24.445808 62.00
24.505808 62.00
24.564183 62.00
24.637935 62.00
24.692810 62.00
24.752811 62.00
24.812186 61.00
24.885937 62.00
24.935312 62.00
24.995437 62.00
25.058938 62.00
25.117313 62.00
25.177439 62.00
25.232439 62.00
25.287439 62.00
25.342439 62.00
25.400815 62.00
25.454066 62.00
25.524441 62.00
25.569942 62.00
25.620568 62.00
25.684068 62.00
25.757818 62.00
25.811068 62.00
25.884820 62.00
25.938070 62.00
26.011821 62.00
26.065070 62.00
26.138821 62.00
26.192071 62.00
26.265823 62.00
26.319073 62.00
26.392824 62.00
26.446074 62.00
26.514825 62.00
26.568075 62.00
26.641826 62.00
26.695075 62.00
26.768827 62.00
26.822077 62.00
26.895828 62.00
26.949078 62.00
27.022830 62.00
27.077829 62.00
27.132705 62.00
27.191079 62.00
27.264831 61.00
27.319705 61.00
27.379707 62.00
27.443207 62.00
27.511832 62.00
27.566708 62.00
27.626708 62.00
27.686709 62.00
27.745209 62.00
27.805335 62.00
27.860335 62.00
27.915335 62.00
27.970336 62.00
28.015837 62.00
28.066462 62.00
28.129963 62.00
28.200338 62.00
28.245839 62.00
28.296464 62.00
28.359965 62.00
28.433716 62.00
28.486966 62.00
28.557341 62.00
28.602842 62.00
28.653466 62.00
28.716967 62.00
28.790718 62.00
28.843969 62.00
28.917719 62.00
28.970970 62.00
29.044720 62.00
29.097970 62.00
29.171721 62.00
29.224971 62.00
29.298722 62.00
29.351973 62.00
29.425724 62.00
29.478973 62.00
29.552724 62.00
29.611099 62.00
29.679726 62.00
29.734726 62.00
29.787976 62.00
29.861726 62.00
29.916727 62.00
29.971604 62.00
30.031604 62.00
30.091605 62.00
30.151606 62.00
30.211606 62.00
30.271605 62.00
30.331607 62.00
30.391606 62.00
30.451607 62.00
30.511608 62.00
30.571608 62.00
30.631608 62.00
30.684858 62.00
30.755234 62.00
30.809734 62.00
30.868110 62.00
30.928234 62.00
30.982736 62.00
31.041111 62.00
31.101236 62.00
31.146737 62.00
31.197362 62.00
31.260863 62.00
31.334614 62.00
31.387864 62.00
31.461614 62.00
31.514865 62.00
31.588616 62.00
31.641866 62.00
31.715617 62.00
31.768866 62.00
31.842618 62.00
31.895868 62.00
31.969619 62.00
32.022869 62.00
32.096621 62.00
32.149870 62.00
32.223622 62.00
32.276871 62.00
32.350622 62.00
32.403872 62.00
32.477623 62.00
32.530873 62.00
32.604625 62.00
32.657874 62.00
32.731626 62.00
32.786500 62.00
32.846501 62.00
32.906501 62.00
32.966501 62.00
33.024878 62.00
33.098629 61.00
33.153503 61.00
33.213503 61.00
33.273504 62.00
33.333504 62.00
33.393505 62.00
33.453505 62.00
33.506755 62.00
33.577132 62.00
33.632131 61.00
33.690507 61.00
33.743758 62.00
33.814133 62.00
33.859634 62.00
33.909009 62.00
33.969134 62.00
34.014635 62.00
34.064011 62.00
34.124136 62.00
34.169637 62.00
34.220262 62.00
34.283762 62.00
34.357520 62.00
34.410763 62.00
34.484519 62.00
34.537764 62.00
34.611521 62.00
34.664765 62.00
34.738521 62.00
34.791767 62.00
34.865522 62.00
34.918768 62.00
34.992521 62.00
35.045768 62.00
35.119523 62.00
35.172769 62.00
35.246524 62.00
35.299770 62.00
35.373524 62.00
35.428527 62.00
35.483526 62.00
35.538527 62.00
35.593398 62.00
35.653398 62.00
35.713398 61.00
35.773399 61.00
35.833399 62.00
35.896900 62.00
35.965527 61.00
36.020401 61.00
36.083902 62.00
36.152529 62.00
36.207403 62.00
36.260653 62.00
36.325779 62.00
36.391029 62.00
36.445530 62.00
36.503906 62.00
36.564031 62.00
36.618531 62.00
36.669156 62.00
36.732657 62.00
36.801408 62.00
36.854658 62.00
36.928408 62.00
36.981659 62.00
37.055409 62.00
37.108661 62.00
37.182410 62.00
37.235661 62.00
37.309411 62.00
37.362662 62.00
37.436412 62.00
37.489663 62.00
37.563413 62.00
37.626914 62.00
37.690415 62.00
37.743665 62.00
37.817416 62.00
37.870666 62.00
37.944417 62.00
37.999417 62.00
38.052668 62.00
38.126418 62.00
38.179669 62.00
38.253418 62.00
38.308419 62.00
38.363294 62.00
38.423295 62.00
38.483295 62.00
38.543296 62.00
38.603297 62.00
38.663297 62.00
38.726797 62.00
38.795423 62.00
38.850298 62.00
38.913800 62.00
38.982425 62.00
39.037300 62.00
39.090551 62.00
39.160926 62.00
39.215426 62.00
39.264803 62.00
39.324928 62.00
39.379428 62.00
39.437803 62.00
39.501429 62.00
39.552055 62.00
39.615555 62.00
39.689305 62.00
39.742556 62.00
39.807932 62.00
39.853431 62.00
39.904058 62.00
39.967558 62.00
40.041308 62.00
40.094560 62.00
40.168310 62.00
40.221561 62.00
40.295311 62.00
40.348562 62.00
40.422311 62.00
40.475564 62.00
40.549312 62.00
40.602564 62.00
40.676313 62.00
40.729565 62.00
40.798314 62.00
40.851566 61.00
40.925316 61.00
40.980316 62.00
41.033567 62.00
41.107317 62.00
41.162317 62.00
41.215569 62.00
41.289318 62.00
41.344194 62.00
41.404195 62.00
41.464195 61.00
41.524195 61.00
41.584196 62.00
41.644196 62.00
41.704197 62.00
41.769449 62.00
41.822698 62.00
41.891323 62.00
41.950949 62.00
42.014449 62.00
42.084824 62.00
42.139825 62.00
42.198326 62.00
42.247701 62.00
42.307827 62.00
42.353327 62.00
42.403953 62.00
42.467453 62.00
42.541204 62.00
42.594454 61.00
42.668204 61.00
42.721455 62.00
42.795205 62.00
42.848456 62.00
42.922206 62.00
42.980707 62.00
43.044207 62.00
43.097458 62.00
43.171209 62.00
43.224459 62.00
43.298209 62.00
43.351460 62.00
43.425211 62.00
43.478461 62.00
43.552211 62.00
43.612464 62.00
43.675963 62.00
43.739463 62.00
43.813213 62.00
43.866465 62.00
43.940214 61.00
43.995090 61.00
44.048466 62.00
44.122217 62.00
44.175466 62.00
44.249218 62.00
44.304093 62.00
44.364093 62.00
44.424094 62.00
44.484094 62.00
44.544094 62.00
44.604095 62.00
44.659096 62.00
44.712346 62.00
44.777471 62.00
44.842722 62.00
44.897723 62.00
44.952723 62.00
45.007724 62.00
45.062724 62.00
45.108224 62.00
45.157601 62.00
45.217725 62.00
45.263225 62.00
45.312602 62.00
45.372726 62.00
45.418227 62.00
45.468852 62.00
45.532353 62.00
45.606103 62.00
45.659354 62.00
45.733104 62.00
45.786355 62.00
45.860105 62.00
45.913355 62.00
45.987106 62.00
46.040356 62.00
46.114107 62.00
46.167358 61.00
46.241109 61.00
46.294358 62.00
46.368109 62.00
46.433485 62.00
46.502111 62.00
46.555360 62.00
46.629112 62.00
46.682361 62.00
46.756113 62.00
46.809363 62.00
46.883113 62.00
46.936364 62.00
47.010114 62.00
47.064990 62.00
47.124991 62.00
47.184991 62.00
47.244992 62.00
47.304992 62.00
47.364992 62.00
47.424994 62.00
47.484994 62.00
47.544994 62.00
47.598244 62.00
47.668620 62.00
47.723621 62.00
47.769121 62.00
47.819747 61.00
47.883247 61.00
47.956997 62.00
48.010247 62.00
48.083998 62.00
48.137248 62.00
48.211124 62.00
48.261749 62.00
48.326507 62.00
48.385772 62.00
48.449769 62.00
48.513783 62.00
48.572545 62.00
48.639307 62.00
48.693258 62.00
48.757257 62.00
48.821380 62.00
48.880539 62.00
48.935033 62.00
48.994260 62.00
49.058383 62.00
49.122133 62.00
49.186388 62.00
49.240386 62.00
49.299260 62.00
49.363024 62.00
49.421510 62.00
49.480390 62.00
49.534264 62.00
49.593263 62.00
49.657028 62.00
49.717167 62.00
49.767692 62.00
49.822910 62.00
49.877796 62.00
49.929169 62.00
49.978905 62.00
50.032140 62.00
50.091911 62.00
50.150797 62.00
50.205794 62.00
50.260670 62.00
50.317520 62.00
50.367923 62.00
50.427397 62.00
50.477271 62.00
50.532270 62.00
50.587145 62.00
50.648158 62.00
50.712915 62.00
50.769044 62.00
50.825041 62.00
50.881040 62.00
50.937277 62.00
51.002682 62.00
51.063040 62.00
51.119039 62.00
51.175040 62.00
51.231408 62.00
51.285818 62.00
51.344808 62.00
51.405277 62.00
51.464151 62.00
51.530156 62.00
51.599840 62.00
51.664279 62.00
51.723154 62.00
51.792285 62.00
51.856799 62.00
51.921406 62.00
51.977049 62.00
52.051156 62.00
52.112161 62.00
52.171940 62.00
52.236051 62.00
52.300034 62.00
52.359159 62.00
52.421546 62.00
52.480808 62.00
52.545162 62.00
52.604161 62.00
52.668036 62.00
52.732682 62.00
52.793300 62.00
52.853807 62.00
52.924178 62.00
52.990304 62.00
53.060303 62.00
53.110428 62.00
53.160689 62.00
53.216175 62.00
53.270712 62.00
53.326303 62.00
53.376801 62.00
53.432173 62.00
53.487175 62.00
53.546057 62.00
53.601043 62.00
53.674933 62.00
53.725545 62.00
53.794920 62.00
53.845546 62.00
53.914697 62.00
53.973296 62.00
54.032298 62.00
54.095938 62.00
54.165078 62.00
54.224428 62.00
54.283179 62.00
54.338431 62.00
54.386060 62.00
54.459925 62.00
54.529181 62.00
54.593185 62.00
54.667835 62.00
54.727178 62.00
54.791053 62.00
54.854928 62.00
54.922085 62.00
54.976055 62.00
55.035073 62.00
55.094189 62.00
55.152823 62.00
55.217184 62.00
55.276058 62.00
55.339963 62.00
55.399074 61.00
55.463074 61.00
55.522961 62.00
55.587059 62.00
55.641072 62.00
55.706313 62.00
55.764811 62.00
55.819686 62.00
55.881321 62.00
55.931066 62.00
55.996313 62.00
56.051312 62.00
56.109694 62.00
56.163068 62.00
56.228314 62.00
56.274081 62.00
56.339445 62.00
56.392941 62.00
56.447816 62.00
56.498442 62.00
56.567330 62.00
56.622192 62.00
56.685943 62.00
56.759694 62.00
56.812945 62.00
56.876704 62.00
56.929948 62.00
56.995971 62.00
57.059697 62.00
57.118446 62.00
57.182077 62.00
57.245964 62.00
57.314699 62.00
57.380074 62.00
57.448700 62.00
57.512601 62.00
57.571450 62.00
57.631980 62.00
57.685967 62.00
57.744992 62.00
57.809603 62.00
57.868453 62.00
57.932454 62.00
57.998454 62.00
58.062455 62.00
58.122855 62.00
58.181971 62.00
58.242081 62.00
58.295847 62.00
58.366332 62.00
58.429980 62.00
58.494464 62.00
58.552833 62.00
58.623209 62.00
58.686709 62.00
58.736085 61.00
58.794710 61.00
58.853086 61.00
58.913211 62.00
58.967711 62.00
59.027337 62.00
59.090837 62.00
59.161213 62.00
59.215099 62.00
59.281344 62.00
59.344983 62.00
59.399966 62.00
59.454980 62.00
59.513966 62.00
59.577852 62.00
59.641851 62.00
59.706598 62.00
59.771099 62.00
59.835867 62.00
59.899738 62.00
59.973596 62.00
60.026845 62.00
60.100625 62.00
60.169474 62.00
60.234973 62.00
60.293989 62.00
60.357989 62.00
60.427099 62.00
60.485600 62.00
60.549478 62.00
60.609853 62.00
60.678726 62.00
60.744101 62.00
60.802603 62.00
60.876603 62.00
60.940881 62.00
61.001481 62.00
61.054745 62.00
61.115105 62.00
61.178733 62.00
61.244105 62.00
61.298364 62.00
61.364106 62.00
61.413607 62.00
61.484108 62.00
61.537609 62.00
61.608233 62.00
61.667880 62.00
61.737111 62.00
61.792000 62.00
61.852110 62.00
61.897636 62.00
61.952236 62.00
62.016490 62.00
62.081007 62.00
62.139756 62.00
62.203640 62.00
62.277739 62.00
62.351660 62.00
62.415619 62.00
62.471491 62.00
62.522365 62.00
62.586366 62.00
62.644759 62.00
62.718649 62.00
62.792647 62.00
62.861747 62.00
62.935494 62.00
63.009761 62.00
63.083500 62.00
63.136750 62.00
63.210498 62.00
63.265498 62.00
63.320500 62.00
63.373752 62.00
63.447767 62.00
63.511653 62.00
63.585772 62.00
63.659500 62.00
63.733652 62.00
63.807920 62.00
63.859632 62.00
63.923770 62.00
63.982655 62.00
64.051503 62.00
64.120655 62.00
64.181132 62.00
64.244899 62.00
64.308505 62.00
64.374130 62.00
64.442899 62.00
64.506632 62.00
64.576638 62.00
64.651510 62.00
64.720633 62.00
64.786026 62.00
64.840634 62.00
64.909885 62.00
64.973510 62.00
65.026011 62.00
65.080635 62.00
65.154387 62.00
65.207637 62.00
65.276521 62.00
65.345139 62.00
65.408638 62.00
65.482522 62.00
65.551390 62.00
65.625799 62.00
65.684525 62.00
65.753670 62.00
65.827669 62.00
65.896520 62.00
65.970521 62.00
66.039521 62.00
66.108660 62.00
66.177672 62.00
66.246524 62.00
66.315646 62.00
66.384525 62.00
66.463398 62.00
66.518397 62.00
66.587649 62.00
66.656528 62.00
66.715774 62.00
66.779679 62.00
66.848653 62.00
66.912679 62.00
66.976402 62.00
67.045401 62.00
67.109402 62.00
67.167777 62.00
67.227903 62.00
67.282904 62.00
67.341403 62.00
67.396279 62.00
67.449536 62.00
67.518405 62.00
67.584044 62.00
67.658032 62.00
67.732157 62.00
67.790658 62.00
67.855908 62.00
67.901408 62.00
67.952033 62.00
68.015536 62.00
68.089284 62.00
68.142537 62.00
68.211570 62.00
68.275574 62.00
68.344538 62.00
68.418287 62.00
68.471542 62.00
68.532600 62.00
68.596415 62.00
68.660289 62.00
68.713692 62.00
68.777571 62.00
68.846574 62.00
68.915297 62.00
68.968549 62.00
69.042295 62.00
69.095548 62.00
69.169296 62.00
69.224308 62.00
69.283427 62.00
69.352050 62.00
69.417173 62.00
69.477172 62.00
69.537173 62.00
69.597434 62.00
69.668946 62.00
69.724426 62.00
69.783425 62.00
69.843939 62.00
69.904300 62.00
69.973748 62.00
70.034681 62.00
70.094180 62.00
70.158178 62.00
70.217069 62.00
70.281178 62.00
70.340316 62.00
70.410179 62.00
70.469055 62.00
70.533180 62.00
70.586710 62.00
70.645431 62.00
70.704819 62.00
70.765185 62.00
70.824063 62.00
70.877589 62.00
70.941589 62.00
71.000433 62.00
71.064593 62.00
71.123435 62.00
71.187588 62.00
71.246436 62.00
71.310310 62.00
71.379592 62.00
71.438599 62.00
71.497595 62.00
71.556591 62.00
71.615439 62.00
71.679594 62.00
71.738315 62.00
71.803690 62.00
71.859316 62.00
71.926470 62.00
71.990596 62.00
72.054442 62.00
72.118599 62.00
72.177443 62.00
72.241449 62.00
72.302071 62.00
72.371445 62.00
72.435196 62.00
72.490071 62.00
72.550353 62.00
72.600072 62.00
72.660856 62.00
72.720620 62.00
72.789966 62.00
72.848606 62.00
72.907324 62.00
72.977700 62.00
73.033083 62.00
73.097201 62.00
73.147968 62.00
73.206604 62.00
73.260327 62.00
73.330703 62.00
73.376467 62.00
73.440211 62.00
73.490836 62.00
73.554331 62.00
73.628083 62.00
73.681333 62.00
73.755726 62.00
73.825459 62.00
73.884332 62.00
73.948331 62.00
74.012333 62.00
74.076083 62.00
74.147731 62.00
74.222461 62.00
74.281211 62.00
74.355086 62.00
74.413979 62.00
74.472998 62.00
74.537341 62.00
74.601214 62.00
74.665339 62.00
74.739089 62.00
74.797981 62.00
74.851995 62.00
74.916988 62.00
74.976341 62.00
75.036216 62.00
75.104984 62.00
75.165247 62.00
75.220347 62.00
75.279096 62.00
75.333986 62.00
75.397845 62.00
75.461725 62.00
75.525345 62.00
75.584481 62.00
75.644001 62.00
75.713099 62.00
75.765628 62.00
75.811347 62.00
75.865098 62.00
75.921099 62.00
75.980739 62.00
76.044349 62.00
76.108101 62.00
76.176978 62.00
76.230351 62.00
76.289101 62.00
76.358102 62.00
76.432108 62.00
76.506995 62.00
76.561022 62.00
76.630230 62.00
76.695002 62.00
76.755232 62.00
76.816242 62.00
76.875983 62.00
76.934481 62.00
76.998778 62.00
77.057482 62.00
77.126999 62.00
77.191125 62.00
77.255114 62.00
77.329110 62.00
77.397986 62.00
77.458264 62.00
77.522114 62.00
77.588271 62.00
77.649126 62.00
77.713238 62.00
77.787113 62.00
77.860990 62.00
77.919799 62.00
77.980116 62.00
78.044242 62.00
78.107991 62.00
78.166648 62.00
78.220117 62.00
78.284246 62.00
78.343122 62.00
78.407015 62.00
78.463380 62.00
78.522372 62.00
78.582890 62.00
78.635496 62.00
78.681503 62.00
78.745652 62.00
78.804371 62.00
78.868123 62.00
78.937791 62.00
79.002026 62.00
7