0.000000 0.000000
0.079512 0.88
0.144579 0.89
0.204362 0.89
0.273874 0.90
0.337874 0.87
0.401873 0.90
0.465874 0.88
0.534748 0.87
0.598876 0.90
0.667751 0.88
0.726750 0.89
0.786549 0.89
0.842668 0.87
0.907905 0.90
0.967888 0.79
1.037526 0.78
1.096365 0.79
1.160364 0.78
1.224364 0.78
1.288365 0.79
1.352240 0.78
1.411683 0.78
1.471371 0.78
1.532369 0.78
1.588007 0.77
1.646881 0.80
1.710883 0.78
1.779758 0.78
1.840009 0.79
1.891146 0.80
1.938520 0.78
1.997370 0.77
2.056370 0.78
2.110012 0.77
2.160012 0.78
2.210011 0.80
2.279121 0.77
2.340522 0.79
2.395247 0.79
2.455499 0.79
2.514248 0.78
2.574499 0.79
2.633249 0.79
2.689500 0.79
2.744125 0.77
2.805502 0.79
2.860125 0.80
2.925650 0.78
2.984252 0.79
3.040517 0.77
3.095128 0.78
3.169128 0.79
3.237753 0.77
3.296128 0.78
3.364754 0.78
3.423129 0.78
3.491755 0.77
3.550130 0.79
3.618756 0.79
3.677131 0.78
3.745757 0.76
3.804132 0.78
3.878007 0.81
3.946634 0.78
4.010134 0.79
4.078760 0.78
4.137134 0.79
4.205760 0.77
4.264135 0.78
4.332761 0.78
4.391137 0.78
4.459763 0.78
4.514763 0.78
4.569638 0.79
4.633138 0.76
4.701764 0.79
4.756640 0.78
4.816640 0.79
4.876640 0.79
4.936642 0.80
4.996641 0.78
5.056642 0.79
5.120793 0.78
5.179643 0.77
5.243644 0.78
5.307546 0.77
5.371644 0.77
5.437023 0.80
5.486521 0.78
5.550522 0.78
5.614522 0.78
5.678646 0.76
5.742523 0.79
5.808026 0.78
5.857648 0.79
5.921541 0.80
5.985649 0.78
6.049525 0.80
6.113525 0.78
6.179028 0.79
6.228526 0.78
6.292527 0.78
6.356528 0.76
6.420528 0.79
6.484529 0.77
6.548680 0.77
6.612530 0.78
6.676530 0.79
6.740531 0.78
6.804531 0.78
6.868682 0.77
6.932532 0.79
6.996682 0.78
7.055684 0.78
7.114684 0.77
7.184050 0.78
7.253283 0.79
7.317284 0.77
7.381160 0.78
7.445159 0.77
7.509411 0.78
7.578686 0.78
7.637537 0.79
7.701538 0.78
7.755288 0.79
7.814162 0.79
7.878163 0.79
7.937288 0.78
7.996289 0.78
8.045680 0.77
8.099165 0.78
8.163290 0.77
8.227166 0.78
8.291044 0.79
8.347291 0.78
8.396666 0.76
8.455042 0.78
8.518543 0.78
8.576918 0.78
8.638293 0.79
8.688921 0.78
8.743419 0.79
8.806919 0.78
8.875545 0.78
8.933921 0.77
9.002547 0.78
9.060922 0.76
9.129548 0.80
9.187923 0.79
9.256548 0.80
9.314923 0.77
9.383550 0.78
9.441924 0.78
9.510551 0.76
9.568925 0.77
9.637552 0.79
9.695926 0.78
9.764553 0.78
9.822927 0.78
9.891553 0.81
9.949928 0.78
10.018554 0.79
10.076929 0.77
10.145555 0.78
10.203930 0.79
10.272556 0.78
10.330931 0.78
10.399558 0.78
10.454431 0.78
10.514432 0.76
10.577932 0.77
10.646559 0.77
10.701433 0.78
10.764934 0.79
10.833560 0.80
10.888435 0.78
10.951935 0.79
11.012060 0.78
11.067061 0.78
11.118186 0.79
11.176564 0.77
11.234938 0.80
11.291187 0.79
11.340563 0.78
11.398938 0.80
11.462439 0.79
11.520815 0.79
11.582190 0.78
11.632816 0.77
11.687316 0.78
11.750816 0.80
11.819441 0.80
11.877817 0.80
11.946443 0.79
12.004818 0.78
12.073443 0.79
12.127195 0.79
12.191195 0.80
12.255195 0.79
12.320723 0.78
12.394963 0.79
12.459197 0.80
12.524839 0.77
12.598963 0.79
12.662724 0.79
12.731716 0.78
12.792089 0.81
12.850967 0.78
12.914966 0.78
12.973451 0.77
13.033719 0.77
13.098843 0.79
13.157327 0.77
13.212453 0.80
13.276328 0.78
13.334971 0.78
13.388329 0.80
13.446971 0.77
13.505454 0.78
13.558971 0.79
13.614080 0.78
13.672730 0.78
13.742731 0.77
13.803082 0.78
13.857973 0.77
13.921734 0.79
13.986735 0.78
14.050735 0.77
14.124736 0.77
14.186209 0.78
14.249735 0.79
14.311212 0.78
14.375102 0.78
14.434739 0.79
14.503587 0.79
14.568979 0.80
14.628739 0.79
14.697740 0.79
14.766740 0.77
14.840741 0.77
14.909981 0.79
14.973744 0.78
15.047982 0.79
15.111742 0.80
15.180742 0.78
15.254744 0.79
15.328742 0.78
15.402745 0.79
15.476620 0.79
15.536983 0.78
15.600622 0.79
15.674861 0.76
15.738989 0.79
15.802747 0.78
15.871749 0.79
15.945747 0.79
16.014749 0.80
16.083749 0.79
16.143751 0.79
16.212752 0.78
16.281624 0.78
16.345226 0.78
16.398626 0.80
16.464227 0.79
16.517629 0.80
16.583102 0.80
16.642978 0.78
16.697754 0.77
16.766753 0.76
16.835630 0.79
16.904630 0.78
16.978631 0.79
17.047758 0.79
17.116748 0.79
17.182107 0.79
17.240632 0.77
17.314874 0.78
17.378634 0.78
17.447749 0.78
17.516635 0.77
17.590635 0.80
17.664750 0.78
17.728637 0.79
17.802637 0.81
17.871636 0.78
17.945879 0.79
18.009637 0.79
18.078640 0.79
18.152756 0.77
18.221754 0.78
18.290757 0.78
18.354642 0.79
18.428642 0.80
18.502758 0.78
18.566642 0.79
18.640522 0.79
18.704118 0.78
18.767760 0.78
18.836643 0.79
18.910643 0.77
18.979762 0.79
19.048648 0.76
19.114121 0.79
19.172646 0.79
19.236648 0.78
19.289998 0.80
19.348648 0.78
19.417648 0.77
19.481652 0.78
19.550652 0.77
19.614766 0.78
19.675375 0.78
19.749650 0.80
19.818652 0.78
19.882503 0.79
19.951506 0.80
20.015655 0.79
20.079505 0.77
20.148653 0.76
20.212505 0.79
20.281506 0.79
20.345506 0.78
20.414648 0.78
20.478508 0.79
20.547508 0.77
20.616511 0.78
20.680509 0.78
20.749511 0.80
20.813776 0.78
20.877511 0.78
20.941510 0.77
21.005511 0.77
21.069512 0.78
21.138512 0.78
21.207513 0.77
21.271513 0.78
21.340514 0.80
21.409514 0.78
21.478515 0.79
21.547518 0.77
21.616640 0.78
21.680518 0.79
21.741016 0.80
21.796141 0.79
21.851017 0.77
21.906142 0.78
21.961017 0.78
22.025018 0.81
22.080019 0.78
22.144035 0.79
22.208036 0.78
22.272036 0.80
22.331033 0.77
22.395036 0.79
22.459036 0.78
22.523038 0.80
22.587038 0.79
22.646037 0.79
22.710039 0.77
22.774037 0.79
22.838040 0.77
22.902038 0.80
22.961041 0.77
23.025025 0.79
23.089042 0.77
23.153043 0.79
23.217050 0.77
23.276040 0.78
23.340043 0.79
23.404042 0.79
23.468042 0.78
23.532044 0.78
23.591043 0.79
23.655044 0.79
23.719047 0.77
23.787906 0.78
23.856907 0.79
23.926032 0.79
23.984561 0.78
24.048033 0.79
24.106684 0.80
24.170534 0.77
24.229535 0.79
24.293536 0.78
24.357536 0.80
24.421536 0.78
24.485537 0.79
24.544537 0.78
24.608538 0.78
24.672539 0.79
24.736538 0.79
24.791289 0.77
24.845928 0.77
24.899289 0.80
24.955690 0.78
25.006291 0.79
25.060932 0.79
25.114291 0.79
25.175692 0.79
25.226293 0.78
25.275805 0.79
25.344806 0.80
25.418934 0.79
25.482935 0.79
25.551936 0.78
25.615935 0.80
25.684809 0.78
25.743295 0.79
25.807046 0.80
25.866936 0.78
25.920297 0.78
25.989298 0.79
26.058048 0.77
26.111553 0.79
26.166298 0.78
26.230050 0.79
26.283551 0.77
26.342425 0.80
26.411301 0.77
26.475051 0.78
26.538817 0.78
26.597301 0.78
26.661053 0.79
26.730178 0.78
26.804428 0.79
26.873179 0.78
26.933304 0.78
26.997055 0.77
27.066430 0.78
27.130305 0.78
27.199056 0.78
27.249073 0.80
27.323431 0.78
27.392433 0.78
27.461433 0.77
27.520059 0.79
27.583710 0.78
27.639073 0.78
27.702700 0.77
27.766311 0.78
27.826565 0.77
27.883188 0.79
27.941703 0.77
28.005187 0.78
28.066589 0.78
28.121188 0.79
28.182565 0.78
28.241189 0.80
28.311716 0.80
28.375315 0.78
28.431567 0.79
28.486191 0.77
28.560316 0.80
28.620193 0.79
28.676193 0.77
28.736192 0.78
28.805318 0.80
28.868943 0.79
28.922444 0.78
28.986070 0.79
29.049709 0.79
29.113195 0.81
29.187196 0.80
29.256196 0.77
29.330447 0.80
29.394197 0.77
29.468323 0.79
29.532199 0.76
29.601449 0.78
29.665200 0.80
29.733841 0.78
29.792201 0.78
29.860840 0.79
29.915842 0.79
29.970727 0.80
30.030727 0.80
30.089077 0.80
30.154328 0.79
30.212845 0.78
30.267729 0.77
30.326080 0.78
30.391330 0.78
30.452857 0.78
30.507844 0.79
30.566206 0.80
30.629848 0.78
30.688332 0.80
30.743332 0.79
30.794465 0.78
30.845099 0.79
30.893466 0.79
30.960334 0.80
31.020109 0.79
31.074585 0.77
31.138210 0.79
31.207211 0.78
31.270736 0.77
31.329337 0.81
31.387738 0.78
31.446338 0.76
31.506113 0.79
31.562115 0.76
31.622214 0.78
31.691089 0.78
31.773470 0.77
31.847617 0.79
31.911341 0.79
31.983341 0.80
32.047217 0.81
32.116218 0.78
32.185218 0.78
32.254219 0.76
32.323219 0.78
32.392220 0.77
32.456221 0.79
32.520221 0.78
32.592478 0.78
32.661622 0.79
32.722222 0.78
32.786223 0.77
32.850349 0.79
32.914224 0.78
32.978224 0.78
33.042225 0.78
33.106100 0.79
33.170100 0.77
33.234102 0.80
33.298226 0.80
33.362227 0.77
33.421228 0.78
33.485103 0.78
33.549103 0.79
33.613228 0.78
33.677229 0.79
33.741105 0.78
33.805231 0.78
33.863856 0.78
33.916355 0.78
33.970981 0.76
34.041008 0.79
34.095632 0.78
34.159484 0.81
34.223631 0.79
34.287485 0.80
34.351485 0.76
34.415485 0.78
34.480988 0.78
34.530487 0.80
34.594634 0.80
34.658487 0.80
34.722488 0.79
34.786488 0.76
34.856004 0.79
34.925238 0.81
34.989114 0.81
35.053115 0.77
35.116989 0.78
35.191115 0.76
35.255116 0.78
35.319116 0.79
35.383117 0.79
35.447367 0.78
35.516643 0.80
35.575494 0.80
35.639494 0.79
35.703495 0.78
35.767496 0.79
35.831496 0.77
35.885121 0.78
35.949121 0.79
36.002647 0.79
36.066498 0.79
36.130498 0.78
36.200012 0.77
36.258650 0.78
36.317123 0.78
36.371878 0.78
36.426500 0.79
36.485501 0.78
36.549501 0.78
36.609879 0.77
36.658126 0.76
36.722252 0.77
36.772880 0.78
36.827503 0.76
36.891504 0.77
36.955505 0.77
37.020882 0.77
37.075506 0.80
37.145021 0.79
37.214130 0.78
37.278131 0.79
37.342256 0.79
37.397132 0.78
37.455773 0.78
37.516023 0.78
37.585133 0.80
37.649134 0.79
37.713260 0.77
37.776776 0.78
37.837026 0.79
37.901135 0.78
37.959775 0.79
38.020136 0.77
38.078777 0.78
38.139026 0.80
38.197513 0.78
38.252777 0.79
38.313031 0.78
38.376778 0.79
38.440390 0.77
38.495516 0.78
38.545516 0.81
38.595516 0.79
38.645517 0.77
38.709392 0.77
38.764518 0.78
38.828392 0.78
38.887033 0.80
38.951144 0.78
39.005793 0.77
39.071144 0.79
39.129784 0.78
39.199776 0.77
39.249395 0.76
39.308037 0.79
39.367777 0.77
39.426272 0.79
39.489788 0.80
39.560272 0.78
39.623787 0.79
39.693780 0.78
39.743400 0.79
39.802040 0.77
39.865789 0.79
39.935797 0.78
39.985401 0.80
40.054401 0.78
40.113041 0.80
40.176919 0.78
40.245918 0.78
40.314671 0.80
40.383404 0.78
40.438154 0.77
40.501919 0.78
40.571044 0.81
40.634671 0.78
40.708672 0.78
40.769046 0.78
40.832673 0.77
40.901671 0.79
40.962048 0.77
41.025674 0.81
41.094686 0.79
41.163924 0.79
41.227684 0.78
41.296687 0.78
41.365686 0.79
41.434677 0.79
41.499926 0.79
41.563689 0.79
41.632928 0.79
41.696687 0.77
41.761665 0.80
41.810053 0.77
41.868690 0.78
41.937691 0.79
42.006692 0.80
42.080931 0.78
42.144932 0.79
42.208693 0.78
42.282685 0.79
42.356932 0.78
42.420933 0.77
42.484696 0.77
42.558935 0.77
42.622934 0.80
42.686937 0.79
42.750937 0.78
42.814812 0.78
42.878936 0.79
42.942937 0.78
43.006824 0.78
43.075700 0.78
43.149699 0.80
43.218938 0.79
43.282942 0.79
43.346699 0.77
43.420703 0.78
43.494942 0.80
43.558704 0.77
43.627691 0.77
43.701944 0.79
43.765704 0.78
43.839695 0.79
43.913704 0.81
43.987706 0.79
44.061707 0.78
44.135697 0.78
44.205073 0.77
44.274308 0.77
44.334559 0.79
44.403710 0.80
44.467711 0.77
44.536563 0.81
44.600561 0.79
44.664562 0.80
44.730311 0.80
44.792312 0.77
44.852563 0.79
44.918312 0.78
44.982313 0.78
45.046313 0.78
45.108189 0.79
45.166828 0.78
45.227190 0.80
45.285831 0.79
45.349589 0.78
45.413718 0.77
45.482715 0.78
45.551833 0.79
45.615568 0.79
45.684571 0.80
45.748718 0.79
45.812570 0.79
45.881570 0.77
45.945571 0.78
46.009572 0.78
46.073572 0.77
46.142572 0.79
46.211721 0.80
46.275574 0.80
46.339573 0.78
46.403575 0.79
46.472575 0.79
46.536575 0.78
46.605576 0.79
46.674575 0.78
46.743576 0.78
46.812577 0.81
46.881580 0.80
46.950578 0.78
47.024579 0.80
47.098581 0.78
47.167579 0.78
47.241731 0.81
47.310581 0.78
47.379581 0.80
47.448583 0.78
47.503732 0.79
47.554846 0.77
47.609466 0.79
47.681583 0.76
47.750584 0.79
47.819586 0.78
47.870975 0.78
47.939977 0.78
48.008974 0.79
48.077975 0.78
48.147086 0.79
48.205587 0.80
48.274614 0.77
48.333473 0.80
48.397467 0.80
48.461467 0.79
48.525616 0.79
48.589473 0.78
48.666339 0.78
48.734965 0.80
48.798471 0.79
48.867091 0.78
48.926875 0.78
48.998640 0.78
49.063095 0.78
49.127219 0.80
49.191730 0.79
49.252994 0.81
49.317476 0.78
49.381752 0.78
49.445346 0.80
49.509743 0.78
49.568630 0.76
49.632753 0.78
49.691626 0.77
49.755871 0.80
49.815649 0.78
49.876484 0.79
49.935480 0.78
49.995381 0.76
50.042754 0.78
50.100108 0.79
50.164483 0.79
50.223490 0.80
50.283385 0.77
50.332996 0.80
50.394000 0.80
50.458105 0.77
50.521873 0.79
50.585518 0.79
50.644743 0.79
50.701408 0.77
50.760771 0.80
50.819984 0.78
50.878998 0.78
50.943107 0.78
51.001998 0.80
51.066001 0.80
51.124999 0.78
51.189110 0.77
51.249402 0.76
51.308538 0.77
51.367522 0.80
51.426517 0.79
51.490640 0.78
51.551405 0.77
51.610526 0.79
51.674644 0.78
51.733519 0.80
51.797644 0.76
51.856760 0.78
51.915524 0.79
51.974522 0.80
52.033518 0.78
52.097747 0.79
52.169244 0.79
52.233545 0.78
52.292522 0.78
52.356645 0.79
52.415661 0.78
52.474542 0.79
52.533528 0.76
52.592525 0.78
52.656648 0.77
52.715750 0.78
52.779998 0.79
52.836649 0.80
52.891650 0.78
52.946526 0.78
53.000752 0.80
53.062656 0.79
53.110280 0.78
53.157653 0.79
53.212375 0.78
53.276375 0.78
53.335546 0.77
53.395131 0.78
53.454793 0.78
53.514819 0.77
53.574554 0.80
53.644836 0.76
53.698380 0.79
53.761878 0.79
53.820252 0.77
53.888879 0.76
53.947254 0.76
54.015880 0.78
54.074255 0.77
54.143256 0.77
54.203258 0.80
54.257756 0.79
54.321257 0.79
54.386259 0.78
54.435761 0.77
54.504899 0.79
54.574260 0.79
54.643027 0.77
54.706776 0.78
54.767260 0.79
54.835894 0.80
54.905012 0.79
54.974013 0.78
55.038389 0.80
55.101895 0.77
55.165906 0.79
55.230391 0.79
55.289030 0.77
55.348837 0.78
55.423574 0.76
55.483146 0.79
55.552043 0.78
55.621143 0.77
55.690269 0.79
55.759269 0.79
55.828144 0.78
55.888393 0.78
55.943394 0.76
55.996894 0.80
56.055521 0.79
56.110176 0.77
56.161397 0.78
56.220913 0.78
56.284647 0.77
56.343147 0.77
56.417273 0.78
56.482179 0.78
56.536649 0.78
56.595275 0.77
56.659280 0.78
56.718150 0.79
56.786900 0.80
56.852176 0.79
56.911154 0.80
56.985278 0.77
57.049581 0.78
57.113921 0.78
57.177654 0.80
57.238280 0.80
57.307154 0.78
57.381281 0.77
57.450281 0.77
57.519157 0.77
57.588410 0.78
57.652032 0.77
57.722673 0.80
57.781158 0.78
57.855034 0.77
57.918927 0.78
57.972413 0.78
58.036289 0.79
58.105286 0.78
58.159291 0.76
58.223039 0.79
58.292162 0.78
58.361162 0.78
58.424678 0.78
58.479928 0.78
58.529930 0.78
58.588931 0.79
58.638931 0.80
58.688930 0.78
58.745415 0.79
58.804166 0.77
58.859416 0.78
58.918166 0.78
58.983044 0.78
59.031166 0.78
59.094793 0.80
59.158570 0.80
59.222571 0.79
59.281044 0.78
59.350170 0.77
59.414170 0.78
59.479076 0.76
59.535075 0.80
59.591074 0.76
59.647077 0.78
59.701548 0.77
59.765047 0.77
59.833672 0.78
59.892048 0.79
59.960673 0.80
60.019090 0.80
60.078303 0.79
60.136675 0.78
60.195050 0.79
60.263675 0.79
60.322051 0.78
60.390676 0.79
60.449429 0.78
60.524055 0.77
60.588429 0.78
60.657697 0.78
60.716305 0.78
60.774680 0.78
60.833181 0.77
60.897057 0.78
60.961445 0.80
61.022059 0.79
61.091183 0.77
61.155184 0.77
61.219184 0.80
61.278309 0.77
61.337059 0.78
61.411059 0.78
61.479688 0.77
61.534565 0.76
61.592937 0.80
61.667187 0.78
61.731723 0.80
61.801313 0.78
61.856188 0.80
61.920314 0.78
61.979189 0.78
62.038064 0.80
62.092322 0.79
62.157603 0.78
62.213976 0.77
62.263568 0.78
62.327596 0.76
62.396443 0.78
62.450443 0.77
62.509193 0.78
62.568068 0.79
62.632069 0.77
62.696195 0.80
62.755088 0.77
62.816218 0.78
62.875577 0.77
62.939449 0.79
63.003323 0.78
63.067073 0.77
63.125602 0.77
63.189448 0.80
63.254839 0.80
63.323448 0.79
63.386949 0.77
63.455599 0.80
63.515969 0.77
63.584952 0.77
63.653970 0.81
63.722969 0.77
63.791970 0.76
63.860970 0.78
63.924579 0.79
63.993329 0.78
64.056955 0.79
64.120581 0.79
64.175581 0.79
64.244763 0.77
64.305082 0.78
64.360207 0.80
64.423833 0.79
64.489083 0.79
64.548863 0.79
64.603475 0.78
64.664088 0.80
64.728086 0.78
64.786470 0.80
64.844853 0.79
64.914866 0.79
64.969475 0.79
65.028088 0.78
65.087865 0.78
65.142467 0.78
65.200963 0.80
65.279865 0.76
65.334465 0.79
65.393090 0.78
65.457090 0.78
65.516216 0.80
65.570984 0.77
65.635091 0.79
65.694353 0.78
65.748474 0.77
65.812473 0.78
65.873093 0.78
65.937094 0.77
65.996094 0.79
66.055233 0.77
66.109645 0.79
66.173991 0.79
66.243098 0.79
66.301721 0.80
66.362222 0.78
66.425732 0.79
66.485847 0.80
66.554476 0.79
66.612848 0.77
66.681476 0.80
66.736476 0.79
66.794861 0.78
66.861103 0.78
66.919739 0.77
66.988509 0.78
67.052351 0.78
67.116510 0.80
67.190728 0.79
67.256102 0.78
67.310756 0.80
67.358979 0.79
67.423104 0.76
67.478106 0.81
67.532980 0.78
67.583239 0.79
67.647647 0.78
67.717108 0.78
67.766997 0.78
67.826233 0.78
67.900875 0.78
67.970991 0.79
68.024989 0.78
68.089003 0.76
68.147860 0.79
68.211985 0.79
68.270627 0.78
68.345113 0.79
68.400112 0.78
68.450113 0.78
68.505113 0.81
68.564113 0.79
68.629756 0.79
68.694239 0.79
68.758114 0.78
68.822007 0.76
68.881116 0.79
68.946634 0.80
69.006992 0.78
69.066242 0.76
69.135367 0.79
69.197634 0.78
69.266647 0.78
69.325884 0.79
69.384244 0.77
69.449637 0.78
69.518635 0.80
69.589371 0.79
69.644637 0.78
69.708638 0.77
69.782998 0.77
69.846873 0.76
69.905766 0.79
69.974652 0.79
70.048642 0.78
70.112765 0.78
70.166768 0.79
70.226876 0.79
70.281875 0.80
70.336876 0.78
70.391876 0.78
70.446876 0.78
70.511259 0.78
70.576631 0.77
70.651129 0.77
70.714897 0.79
70.778647 0.78
70.847913 0.80
70.907131 0.78
70.970783 0.80
71.039785 0.79
71.108786 0.77
71.177774 0.79
71.246539 0.80
71.320634 0.79
71.394777 0.77
71.463635 0.79
71.532635 0.77
71.607150 0.79
71.667541 0.78
71.741541 0.79
71.815670 0.78
71.889638 0.78
71.958769 0.78
72.017900 0.79
72.077034 0.77
72.141557 0.78
72.200911 0.78
72.270266 0.78
72.339142 0.78
72.408142 0.78
72.473545 0.79
72.547782 0.80
72.608143 0.78
72.666644 0.79
72.730644 0.76
72.790550 0.78
72.849145 0.79
72.902549 0.76
72.968146 0.78
73.021526 0.79
73.090664 0.79
73.154552 0.78
73.220149 0.79
73.273525 0.79
73.339024 0.79
73.393916 0.80
73.443552 0.79
73.504899 0.80
73.555536 0.77
73.611037 0.79
73.675028 0.80
73.730027 0.77
73.799152 0.80
73.863028 0.78
73.926652 0.79
73.995402 0.78
74.055154 0.78
74.108559 0.78
74.177655 0.78
74.246655 0.79
74.312802 0.78
74.366558 0.79
74.430533 0.79
74.499657 0.79
74.568562 0.80
74.627561 0.78
74.692164 0.77
74.751161 0.79
74.820410 0.77
74.889800 0.79
74.953928 0.78
75.023691 0.80
75.084565 0.79
75.153690 0.79
75.217804 0.77
75.281678 0.76
75.350930 0.76
75.415039 0.78
75.475043 0.79
75.540415 0.77
75.609541 0.77
75.678666 0.77
75.729934 0.78
75.794042 0.80
75.852577 0.80
75.916422 0.79
75.977796 0.78
76.028423 0.79
76.082921 0.78
76.146421 0.77
76.211674 0.78
76.266670 0.78
76.330938 0.79
76.400422 0.77
76.464573 0.78
76.528582 0.79
76.587577 0.77
76.646556 0.80
76.710051 0.78
76.768427 0.79
76.837052 0.76
76.895428 0.78
76.964053 0.77
77.022556 0.80
77.081427 0.77
77.150956 0.79
77.209929 0.79
77.279620 0.78
77.349562 0.80
77.424311 0.77
77.492934 0.78
77.553058 0.78
77.611432 0.79
77.680057 0.79
77.738432 0.76
77.802839 0.79
77.858308 0.78
77.922701 0.79
77.981586 0.79
78.036933 0.80
78.095435 0.78
78.159594 0.78
78.218437 0.78
78.282955 0.77
78.336437 0.80
78.398704 0.78
78.457975 0.77
78.514952 0.79
78.573599 0.77
78.632313 0.79
78.697593 0.79
78.752347 0.79
78.801955 0.79
78.858693 0.80
78.913599 0.78
78.972604 0.78
79.026835 0.77
79.090316 0.78
79.160345 0.80
79.209942 0.78
79.268444 0.78
79.333346 0.80
79.380708 0.79
79.431344 0.79
79.487349 0.80
79.536961 0.80
79.595445 0.78
79.660349 0.77
79.709963 0.79
79.768446 0.78
79.826946 0.77
79.895948 0.76
79.964948 0.79
80.033965 0.81
80.097949 0.78
80.161965 0.78
80.220453 0.80
80.289325 0.80
80.363200 0.80
80.423326 0.79
80.486966 0.80
80.547203 0.77
80.616202 0.77
80.676328 0.80
80.750330 0.78
80.814328 0.78
80.882955 0.80
80.937846 0.79
80.997970 0.78
81.052833 0.78
81.118585 0.80
81.177467 0.78
81.241332 0.77
81.310207 0.78
81.375239 0.78
81.424854 0.79
81.483334 0.77
81.539584 0.80
81.599250 0.78
81.659211 0.78
81.713853 0.78
81.772211 0.77
81.833614 0.78
81.884218 0.79
81.935963 0.78
81.989467 0.78
82.053088 0.78
82.112755 0.79
82.171214 0.79
82.239981 0.77
82.298343 0.79
82.357473 0.78
82.416470 0.79
82.475344 0.80
82.539342 0.77
82.602844 0.79
82.661217 0.79
82.725343 0.78
82.794219 0.79
82.863219 0.77
82.937220 0.80
83.005992 0.79
83.078346 0.77
83.141848 0.79
83.200474 0.79
83.259474 0.78
83.326473 0.78
83.385098 0.79
83.453848 0.80
83.508848 0.79
83.564226 0.79
83.638225 0.79
83.712225 0.79
83.776226 0.80
83.850227 0.78
83.918851 0.77
83.973727 0.77
84.033732 0.79
84.083978 0.78
84.148492 0.79
84.207104 0.78
84.276105 0.80
84.341107 0.80
84.394622 0.79
84.458635 0.78
84.512105 0.78
84.577355 0.79
84.632484 0.77
84.687233 0.77
84.743485 0.80
84.803110 0.79
84.850485 0.79
84.905362 0.78
84.974609 0.79
85.038236 0.77
85.102238 0.78
85.165759 0.78
85.224238 0.76
85.288237 0.78
85.351879 0.79
85.415872 0.78
85.485117 0.78
85.559114 0.78
85.623364 0.80
85.682240 0.80
85.746377 0.78
85.800507 0.78
85.859242 0.77
85.925120 0.80
85.999242 0.76
86.063500 0.78
86.117370 0.78
86.181119 0.79
86.245244 0.77
86.309248 0.78
86.368245 0.78
86.432004 0.80
86.506124 0.77
86.575135 0.78
86.639121 0.78
86.708373 0.78
86.767123 0.79
86.835891 0.79
86.885764 0.78
86.940889 0.77
86.992004 0.76
87.036894 0.80
87.095528 0.79
87.161017 0.77
87.210502 0.80
87.274657 0.79
87.338503 0.78
87.404006 0.77
87.455007 0.79
87.504643 0.78
87.568656 0.79
87.632656 0.78
87.702022 0.78
87.771256 0.78
87.830256 0.77
87.889256 0.78
87.948256 0.77
88.012257 0.78
88.076383 0.78
88.131010 0.78
88.200259 0.76
88.264259 0.78
88.328385 0.77
88.397635 0.80
88.461636 0.78
88.525636 0.80
88.589513 0.78
88.653637 0.77
88.717638 0.77
88.787029 0.78
88.856264 0.79
88.920264 0.79
88.984265 0.81
89.048265 0.78
89.112390 0.80
89.181641 0.79
89.240517 0.76
89.304642 0.80
89.368518 0.78
89.438035 0.79
89.507268 0.79
89.571269 0.79
89.635269 0.76
89.699270 0.79
89.763395 0.80
89.832646 0.78
89.886146 0.78
89.939646 0.76
89.996147 0.80
90.055037 0.78
90.113647 0.79
90.167273 0.79
90.216649 0.77
90.270274 0.78
90.325275 0.79
90.384040 0.76
90.448042 0.79
90.512041 0.78
90.576276 0.80
90.631402 0.78
90.701907 0.78
90.771403 0.79
90.841908 0.79
90.892908 0.78
90.957279 0.77
91.016279 0.78
91.071280 0.77
91.121047 0.78
91.186921 0.80
91.261406 0.79
91.330533 0.79
91.390533 0.78
91.451283 0.76
91.516799 0.77
91.577284 0.77
91.641284 0.79
91.710563 0.78
91.785160 0.78
91.844161 0.79
91.903054 0.79
91.967054 0.78
92.031054 0.78
92.095055 0.78
92.159056 0.79
92.222931 0.77
92.292056 0.78
92.355932 0.78
92.425057 0.78
92.488931 0.79
92.558058 0.80
92.622060 0.77
92.685812 0.78
92.754936 0.79
92.824061 0.77
92.887936 0.80
92.957059 0.78
93.020937 0.78
93.084813 0.78
93.154804 0.79
93.204421 0.77
93.263063 0.79
93.322806 0.78
93.372422 0.77
93.441422 0.78
93.500048 0.79
93.564067 0.78
93.627940 0.79
93.696942 0.79
93.766065 0.77
93.829944 0.78
93.898941 0.77
93.968177 0.78
94.032069 0.77
94.090945 0.80
94.159944 0.79
94.228946 0.78
94.298071 0.79
94.361946 0.79
94.430945 0.79
94.499946 0.78
94.568823 0.79
94.627431 0.79
94.691307 0.78
94.749948 0.76
94.813823 0.79
94.882951 0.79
94.946827 0.80
95.010699 0.80
95.079827 0.79
95.148952 0.78
95.212827 0.79
95.276954 0.80
95.340953 0.79
95.404705 0.78
95.473956 0.78
95.537955 0.78
95.601956 0.80
95.665954 0.78
95.721081 0.79
95.770708 0.78
95.841440 0.77
95.896316 0.79
95.965191 0.77
96.039442 0.78
96.101442 0.76
96.166960 0.77
96.230958 0.77
96.294959 0.80
96.358960 0.79
96.422963 0.78
96.486837 0.79
96.556104 0.76
96.616973 0.78
96.675965 0.79
96.739713 0.78
96.808839 0.79
96.877963 0.78
96.941716 0.79
97.015967 0.80
97.079967 0.76
97.143728 0.76
97.207578 0.81
97.276731 0.78
97.340718 0.78
97.409731 0.78
97.478719 0.78
97.542721 0.77
97.607100 0.78
97.672976 0.78
97.736580 0.77
97.793209 0.77
97.853207 0.78
97.913205 0.76
97.973598 0.79
98.032583 0.76
98.091081 0.77
98.156966 0.79
98.220584 0.79
98.279084 0.79
98.339334 0.77
98.398209 0.76
98.463613 0.78
98.527977 0.81
98.586739 0.79
98.650740 0.78
98.714978 0.79
98.764738 0.79
98.828742 0.78
98.892740 0.80
98.956743 0.78
99.020742 0.77
99.084744 0.77
99.148980 0.80
99.198743 0.77
99.262734 0.79
99.326984 0.79
99.396217 0.80
99.460217 0.81
99.513744 0.78
99.577747 0.77
99.641748 0.79
99.705750 0.80
99.764625 0.77
99.828750 0.81
99.887749 0.78
99.951747 0.79
100.020864 0.80
100.079749 0.77
100.143988 0.78
100.208098 0.78
100.272223 0.78
100.341476 0.78
100.410628 0.79
100.474752 0.80
100.538868 0.79
100.602754 0.79
100.666753 0.78
100.730756 0.80
100.794756 0.78
100.858755 0.80
100.922756 0.78
100.986757 0.80
101.050757 0.77
101.114757 0.79
101.173480 0.79
101.237481 0.77
101.301484 0.78
101.370761 0.78
101.431357 0.78
101.493232 0.78
101.552233 0.78
101.610983 0.79
101.669638 0.79
101.728489 0.76
101.792752 0.77
101.851637 0.80
101.915487 0.78
101.979638 0.78
102.043491 0.79
102.107641 0.80
102.166489 0.76
102.230641 0.79
102.294753 0.78
102.353490 0.78
102.417490 0.78
102.481756 0.78
102.540494 0.78
102.604770 0.78
102.663644 0.79
102.722496 0.79
102.781643 0.78
102.845759 0.79
102.904497 0.76
102.963649 0.77
103.027884 0.78
103.086646 0.77
103.145646 0.77
103.209647 0.78
103.273763 0.76
103.332651 0.79
103.396764 0.78
103.460498 0.78
103.524649 0.78
103.588499 0.80
103.652653 0.78
103.716503 0.78
103.775652 0.80
103.834653 0.77
103.898505 0.78
103.957652 0.80
104.021502 0.78
104.085503 0.78
104.144503 0.77
104.208504 0.79
104.272504 0.79
104.336505 0.78
104.400505 0.76
104.459505 0.78
104.523506 0.80
104.587507 0.80
104.651507 0.78
104.715507 0.80
104.774508 0.78
104.838508 0.80
104.902509 0.79
104.966509 0.78
105.030540 0.78
105.089509 0.80
105.153510 0.79
105.217511 0.79
105.281511 0.79
105.345540 0.78
105.404512 0.78
105.468637 0.76
105.532513 0.78
105.596514 0.77
105.660515 0.78
105.719515 0.78
105.783515 0.76
105.847516 0.80
105.911516 0.80
105.975517 0.78
106.034517 0.79
106.098518 0.79
106.162518 0.79
106.226519 0.78
106.290519 0.77
106.349519 0.77
106.413520 0.77
106.477521 0.80
106.541521 0.78
106.605521 0.79
106.664522 0.77
106.728522 0.80
106.787271 0.78
106.856272 0.79
106.916272 0.78
106.976525 0.78
107.030273 0.78
107.094399 0.78
107.158274 0.77
107.223292 0.80
107.272793 0.79
107.341793 0.80
107.410792 0.78
107.474528 0.78
107.529278 0.80
107.583920 0.78
107.637278 0.78
107.706403 0.78
107.765028 0.76
107.818533 0.79
107.868279 0.77
107.937405 0.79
108.006280 0.79
108.070031 0.79
108.133798 0.76
108.192673 0.80
108.256535 0.77
108.315407 0.79
108.374034 0.80
108.427538 0.79
108.491799 0.78
108.560799 0.78
108.629800 0.80
108.698800 0.78
108.764411 0.78
108.823037 0.78
108.892162 0.78
108.961412 0.78
109.025038 0.81
109.080288 0.78
109.144039 0.77
109.194055 0.78
109.263415 0.78
109.332415 0.79
109.396041 0.78
109.454808 0.78
109.510059 0.79
109.560059 0.77
109.618807 0.78
109.687810 0.80
109.743043 0.78
109.801685 0.79
109.860294 0.77
109.924294 0.79
109.979546 0.78
110.043698 0.77
110.107689 0.78
110.171296 0.80
110.235296 0.78
110.295174 0.79
110.351174 0.78
110.407175 0.78
110.463175 0.79
110.523299 0.77
110.587424 0.77
110.651300 0.80
110.720425 0.77
110.784301 0.80
110.853176 0.77
110.927177 0.78
110.991178 0.80
111.060428 0.77
111.124303 0.80
111.193304 0.76
111.262304 0.79
111.331305 0.79
111.395305 0.78
111.459181 0.78
111.528307 0.79
111.597307 0.77
111.656183 0.80
111.720308 0.80
111.784308 0.78
111.848309 0.78
111.912309 0.77
111.976310 0.79
112.045310 0.79
112.109311 0.78
112.168311 0.78
112.232437 0.80
112.296312 0.79
112.360438 0.77
112.424188 0.77
112.488314 0.79
112.547439 0.77
112.611315 0.78
112.670190 0.78
112.734316 0.77
112.793316 0.80
112.857316 0.78
112.921317 0.78
112.985192 0.76
113.049318 0.78
113.113318 0.80
113.177444 0.78
113.232319 0.79
113.291320 0.77
113.350320 0.78
113.414320 0.79
113.478446 0.79
113.533322 0.80
113.592072 0.77
113.661197 0.77
113.725322 0.79
113.784323 0.77
113.848199 0.79
113.911717 0.80
113.980716 0.78
114.055200 0.78
114.124201 0.78
114.188326 0.80
114.252327 0.78
114.316327 0.79
114.380202 0.76
114.444095 0.77
114.513079 0.78
114.582094 0.79
114.645722 0.77
114.706095 0.78
114.772732 0.77
114.841724 0.78
114.902341 0.79
114.962083 0.78
115.031081 0.80
115.100100 0.80
115.163732 0.77
115.218732 0.76
115.272084 0.78
115.335735 0.80
115.394350 0.79
115.449474 0.78
115.514213 0.80
115.573213 0.79
115.637087 0.79
115.688480 0.78
115.752727 0.79
115.822213 0.77
115.886216 0.79
115.950215 0.79
116.014215 0.80
116.065340 0.78
116.120090 0.78
116.184216 0.76
116.238996 0.80
116.288592 0.79
116.352622 0.80
116.416593 0.79
116.480475 0.78
116.544620 0.78
116.599622 0.78
116.663623 0.79
116.732473 0.78
116.796623 0.79
116.865972 0.79
116.930222 0.80
116.994222 0.78
117.058223 0.77
117.117223 0.76
117.181223 0.79
117.245225 0.80
117.309349 0.78
117.373225 0.79
117.431993 0.79
117.496226 0.79
117.555478 0.78
117.619993 0.79
117.684227 0.78
117.747993 0.80
117.812228 0.80
117.865630 0.80
117.930859 0.79
118.000229 0.77
118.055369 0.79
118.115111 0.78
118.169234 0.76
118.222996 0.77
118.286873 0.78
118.352371 0.79
118.421484 0.80
118.480485 0.77
118.540485 0.79
118.600485 0.79
118.665864 0.78
118.716864 0.80
118.781892 0.80
118.846236 0.78
118.896001 0.80
118.960362 0.78
119.025892 0.78
119.090238 0.78
119.145003 0.77
119.209239 0.79
119.264364 0.79
119.333757 0.79
119.408365 0.80
119.472365 0.79
119.541768 0.78
119.616241 0.79
119.680242 0.80
119.744242 0.78
119.808010 0.81
119.872244 0.78
119.938244 0.77
120.013138 0.78
120.072012 0.78
120.136120 0.78
120.190013 0.79
120.254160 0.78
120.304011 0.79
120.368247 0.78
120.432014 0.78
120.496248 0.78
120.560374 0.80
120.615500 0.77
120.681250 0.79
120.740018 0.77
120.804018 0.79
120.868251 0.77
120.927018 0.78
120.990779 0.79
121.059780 0.78
121.123770 0.77
121.192780 0.80
121.258254 0.80
121.317020 0.80
121.380797 0.79
121.449771 0.78
121.513785 0.79
121.582757 0.77
121.651807 0.80
121.711132 0.79
121.761767 0.80
121.811383 0.76
121.875134 0.80
121.929773 0.79
121.999024 0.78
122.058154 0.80
122.121777 0.76
122.195636 0.80
122.270027 0.78
122.333904 0.80
122.402777 0.76
122.477027 0.78
122.535780 0.80
122.609793 0.78
122.683794 0.79
122.752910 0.79
122.816782 0.79
122.890784 0.78
122.964908 0.80
123.034159 0.79
123.099784 0.77
123.169035 0.77
123.232786 0.78
123.297037 0.79
123.356046 0.79
123.411037 0.78
123.475037 0.78
123.538786 0.79
123.602789 0.78
123.667271 0.80
123.725787 0.79
123.789677 0.79
123.855407 0.78
123.929791 0.78
123.993791 0.79
124.057947 0.77
124.116792 0.79
124.185794 0.78
124.254920 0.78
124.314652 0.77
124.364277 0.79
124.419027 0.78
124.473921 0.79
124.537670 0.77
124.596919 0.77
124.661154 0.78
124.730154 0.77
124.799279 0.78
124.854045 0.79
124.923156 0.80
124.992532 0.78
125.056940 0.79
125.115797 0.78
125.184684 0.78
125.253927 0.77
125.312926 0.79
125.377049 0.78
125.446536 0.77
125.515927 0.79
125.579676 0.78
125.653786 0.77
125.717929 0.78
125.781914 0.79
125.845931 0.79
125.909930 0.78
125.973929 0.78
126.038057 0.79
126.103540 0.79
126.173816 0.78
126.232934 0.79
126.286685 0.77
126.351056 0.78
126.416543 0.76
126.468054 0.78
126.533543 0.77
126.598169 0.79
126.651684 0.77
126.710935 0.78
126.769575 0.80
126.833936 0.79
126.888688 0.78
126.949296 0.78
127.011297 0.77
127.071297 0.78
127.133297 0.80
127.198937 0.76
127.248693 0.79
127.307940 0.79
127.357690 0.78
127.421689 0.79
127.486063 0.78
127.550175 0.79
127.608941 0.79
127.667693 0.77
127.731945 0.79
127.781556 0.79
127.840694 0.79
127.899695 0.78
127.958177 0.78
128.016553 0.78
128.085178 0.79
128.143554 0.79
128.212180 0.79
128.270561 0.78
128.334181 0.78
128.398307 0.79
128.458700 0.79
128.517700 0.80
128.576710 0.77
128.630702 0.79
128.694699 0.80
128.758952 0.78
128.824744 0.78
128.883561 0.79
128.947714 0.77
129.011952 0.78
129.081312 0.79
129.146704 0.77
129.210564 0.77
129.274717 0.80
129.338564 0.80
129.402568 0.78
129.466565 0.80
129.525705 0.78
129.584565 0.79
129.643566 0.79
129.707441 0.78
129.776568 0.79
129.835571 0.78
129.886834 0.78
129.941576 0.80
130.000598 0.80
130.059717 0.78
130.118723 0.78
130.177756 0.78
130.236572 0.79
130.295850 0.79
130.365071 0.78
130.429072 0.79
130.493072 0.78
130.552073 0.80
130.616073 0.79
130.669602 0.77
130.733574 0.79
130.802449 0.78
130.871449 0.79
130.940450 0.79
131.009451 0.78
131.078454 0.80
131.142076 0.79
131.200845 0.77
131.264327 0.79
131.333720 0.80
131.397579 0.79
131.466580 0.77
131.535588 0.80
131.599455 0.78
131.659848 0.79
131.720206 0.78
131.784082 0.79
131.848082 0.80
131.922583 0.78
131.996334 0.78
132.050851 0.77
132.109334 0.78
132.183615 0.78
132.238977 0.79
132.297467 0.80
132.356469 0.80
132.425726 0.78
132.475469 0.79
132.544465 0.79
132.621979 0.80
132.691467 0.80
132.755469 0.80
132.819479 0.78
132.883339 0.78
132.953371 0.76
133.008340 0.79
133.077469 0.78
133.141470 0.79
133.205471 0.78
133.272983 0.81
133.337093 0.78
133.402219 0.79
133.466473 0.78
133.533473 0.81
133.587474 0.80
133.651473 0.78
133.710473 0.79
133.793626 0.81
133.857473 0.78
133.916751 0.78
133.981098 0.79
134.059099 0.80
134.128480 0.77
134.205990 0.77
134.271350 0.78
134.339975 0.78
134.403992 0.78
134.468102 0.78
134.528105 0.78
134.581995 0.79
134.645995 0.78
134.704996 0.76
134.768995 0.79
134.819104 0.78
134.877997 0.79
134.936759 0.78
135.002233 0.79
135.056995 0.78
135.110485 0.79
135.174746 0.78
135.233498 0.79
135.292358 0.78
135.361483 0.79
135.425359 0.77
135.490001 0.79
135.548877 0.78
135.614236 0.78
135.661640 0.80
135.725765 0.78
135.795115 0.80
135.864362 0.79
135.923766 0.79
135.977488 0.76
136.036238 0.79
136.110239 0.79
136.184364 0.79
136.248499 0.78
136.307240 0.80
136.381644 0.79
136.440366 0.77
136.499242 0.78
136.573242 0.80
136.636993 0.79
136.695368 0.80
136.764119 0.79
136.828494 0.80
136.887259 0.78
136.955885 0.76
137.014497 0.77
137.073120 0.78
137.142000 0.80
137.216122 0.77
137.280498 0.79
137.339123 0.77
137.401373 0.78
137.464999 0.78
137.529378 0.79
137.593377 0.78
137.652375 0.78
137.716375 0.80
137.780251 0.79
137.843768 0.78
137.902379 0.79
137.961695 0.78
138.020770 0.78
138.084775 0.79
138.148631 0.77
138.208694 0.79
138.267774 0.81
138.331915 0.79
138.397131 0.80
138.444508 0.78
138.499384 0.76
138.563263 0.79
138.638385 0.76
138.692397 0.77
138.762671 0.80
138.821904 0.78
138.885778 0.78
138.944388 0.80
139.008387 0.78
139.067275 0.79
139.126387 0.79
139.185137 0.79
139.259263 0.80
139.323689 0.77
139.382262 0.80
139.446514 0.77
139.498266 0.77
139.562709 0.79
139.618909 0.79
139.683600 0.79
139.743397 0.79
139.802928 0.78
139.862701 0.79
139.918915 0.77
139.978397 0.79
140.042770 0.79
140.107401 0.79
140.171786 0.78
140.236146 0.78
140.300273 0.78
140.364148 0.78
140.433406 0.79
140.490401 0.78
140.545919 0.78
140.601555 0.78
140.661277 0.77
140.720670 0.78
140.779667 0.79
140.849694 0.80
140.908797 0.79
140.973402 0.81
141.028277 0.78
141.087536 0.80
141.142667 0.79
141.206670 0.77
141.272045 0.78
141.332533 0.79
141.398034 0.77
141.447681 0.78
141.504037 0.79
141.559167 0.77
141.618826 0.79
141.688282 0.79
141.747407 0.77
141.802420 0.79
141.868036 0.77
141.937718 0.78
142.007538 0.78
142.072297 0.78
142.132290 0.78
142.202289 0.79
142.261162 0.78
142.331287 0.76
142.394911 0.78
142.459290 0.80
142.523163 0.80
142.577288 0.78
142.640930 0.79
142.705416 0.78
142.769681 0.78
142.829420 0.78
142.894060 0.80
142.953553 0.79
143.009671 0.78
143.074294 0.81
143.128292 0.80
143.187059 0.77
143.247688 0.78
143.312304 0.79
143.362293 0.77
143.426557 0.76
143.486955 0.78
143.531672 0.79
143.596064 0.78
143.660184 0.77
143.720931 0.78
143.769298 0.78
143.830179 0.78
143.895932 0.78
143.950300 0.78
144.014048 0.78
144.078300 0.78
144.133174 0.78
144.192941 0.79
144.247424 0.79
144.311052 0.80
144.375425 0.78
144.445929 0.76
144.495568 0.79
144.550571 0.78
144.625177 0.76
144.689302 0.77
144.753428 0.79
144.822557 0.80
144.897316 0.78
144.967432 0.78
145.026569 0.80
145.086305 0.81
145.150060 0.78
145.210702 0.79
145.291188 0.79
145.350060 0.78
145.419581 0.77
145.484438 0.78
145.545438 0.79
145.605811 0.78
145.675443 0.80
145.745313 0.77
145.806081 0.80
145.869953 0.78
145.929316 0.80
145.994953 0.78
146.064962 0.77
146.129440 0.80
146.190064 0.77
146.248564 0.81
146.307440 0.80
146.376442 0.79
146.440442 0.78
146.509770 0.76
146.574191 0.78
146.629081 0.80
146.688319 0.78
146.758842 0.77
146.818447 0.79
146.872332 0.78
146.926449 0.78
146.981322 0.78
147.042454 0.77
147.102950 0.76
147.169074 0.78
147.233072 0.79
147.287327 0.78
147.344326 0.79
147.419456 0.78
147.497078 0.79
147.561076 0.78
147.625088 0.79
147.679204 0.77
147.748328 0.78
147.801970 0.78
147.870718 0.79
147.945093 0.78
148.008971 0.79
148.072969 0.80
148.142453 0.78
148.202733 0.80
148.273976 0.79
148.337956 0.78
148.401837 0.80
148.475738 0.79
148.545978 0.78
148.615084 0.78
148.673976 0.77
148.738004 0.76
148.797085 0.78
148.861085 0.80
148.916084 0.79
148.980223 0.78
149.034337 0.78
149.093335 0.78
149.173089 0.77
149.240468 0.79
149.300218 0.78
149.374992 0.79
149.434214 0.77
149.494993 0.79
149.554341 0.78
149.618342 0.79
149.687742 0.77
149.765472 0.80
149.834716 0.80
149.893984 0.78
149.952984 0.80
150.008862 0.79
150.067984 0.78
150.122224 0.79
150.181346 0.80
150.239988 0.78
150.299220 0.77
150.368749 0.79
150.427988 0.80
150.492220 0.79
150.566625 0.78
150.647226 0.77
150.717108 0.76
150.786724 0.80
150.856103 0.79
150.925990 0.76
150.980227 0.79
151.054756 0.79
151.130105 0.78
151.199491 0.78
151.259235 0.78
151.329239 0.78
151.383231 0.79
151.447356 0.78
151.511881 0.80
151.570994 0.80
151.635736 0.80
151.696748 0.77
151.761899 0.78
151.826754 0.77
151.896889 0.78
151.956236 0.78
152.020757 0.78
152.084752 0.79
152.139118 0.78
152.193237 0.77
152.252234 0.79
152.317609 0.78
152.383237 0.76
152.442111 0.77
152.506238 0.80
152.565238 0.78
152.624238 0.79
152.683115 0.78
152.752376 0.79
152.816988 0.80
152.866629 0.79
152.931367 0.77
152.993365 0.79
153.065135 0.78
153.124243 0.78
153.188898 0.77
153.253892 0.80
153.318899 0.79
153.383890 0.77
153.444906 0.76
153.505664 0.79
153.569764 0.77
153.634120 0.78
153.703885 0.76
153.767496 0.79
153.837123 0.80
153.906498 0.78
153.973014 0.79
154.042246 0.80
154.108625 0.80
154.172893 0.76
154.229765 0.77
154.293651 0.80
154.358127 0.78
154.427501 0.79
154.494010 0.77
154.558504 0.79
154.614011 0.79
154.678673 0.77
154.745265 0.79
154.805903 0.78
154.862756 0.78
154.922133 0.80
154.977795 0.78
155.028030 0.80
155.087258 0.78
155.152141 0.79
155.213011 0.78
155.268533 0.78
155.328138 0.78
155.392759 0.78
155.452135 0.78
155.516798 0.77
155.575634 0.77
155.639917 0.76
155.710012 0.78
155.774796 0.80
155.833512 0.78
155.903145 0.78
155.972512 0.79
156.041765 0.79
156.100638 0.76
156.165021 0.78
156.223637 0.80
156.287517 0.79
156.351514 0.78
156.420518 0.79
156.484389 0.78
156.553913 0.78
156.612519 0.77
156.677024 0.80
156.735642 0.78
156.799518 0.79
156.858644 0.79
156.917520 0.79
156.981643 0.79
157.045918 0.78
157.110269 0.80
157.174020 0.78
157.229145 0.80
157.284145 0.77
157.344560 0.77
157.403523 0.78
157.457922 0.78
157.513416 0.77
157.564932 0.76
157.624700 0.78
157.678666 0.77
157.737916 0.79
157.796526 0.78
157.866529 0.77
157.930543 0.79
158.005155 0.78
158.067042 0.79
158.127933 0.80
158.182157 0.78
158.257713 0.78
158.307929 0.79
158.367726 0.79
158.437933 0.78
158.498047 0.80
158.562030 0.78
158.630925 0.78
158.684408 0.80
158.758704 0.80
158.822536 0.78
158.887288 0.77
158.961677 0.77
159.011927 0.79
159.076034 0.76
159.140161 0.78
159.193554 0.77
159.257944 0.80
159.317036 0.80
159.386724 0.79
159.455540 0.79
159.519685 0.79
159.573683 0.78
159.632821 0.79
159.692548 0.80
159.746702 0.80
159.809428 0.78
159.859941 0.80
159.916946 0.80
159.976817 0.79
160.036060 0.77
160.091351 0.78
160.145673 0.79
160.207054 0.80
160.266552 0.79
160.325054 0.76
160.381051 0.80
160.442174 0.78
160.512553 0.79
160.562832 0.80
160.623818 0.80
160.679185 0.79
160.749608 0.77
160.814436 0.79
160.889426 0.76
160.953301 0.79
161.022424 0.79
161.073832 0.80
161.127802 0.77
161.202064 0.77
161.266427 0.77
161.330430 0.80
161.390302 0.76
161.444944 0.78
161.499056 0.80
161.562820 0.78
161.627561 0.78
161.686431 0.78
161.745840 0.78
161.805562 0.78
161.859595 0.79
161.919066 0.78
161.983944 0.77
162.048434 0.78
162.107573 0.78
162.167062 0.79
162.231434 0.78
162.296566 0.77
162.356188 0.78
162.416319 0.78
162.485566 0.80
162.547073 0.79
162.606709 0.77
162.667189 0.78
162.727734 0.79
162.792447 0.80
162.859070 0.78
162.923755 0.77
162.984189 0.77
163.040758 0.78
163.105569 0.79
163.159455 0.77
163.223970 0.80
163.283195 0.80
163.343192 0.77
163.408568 0.77
163.467445 0.79
163.526318 0.79
163.586441 0.80
163.641441 0.78
163.696442 0.78
163.747569 0.79
163.796943 0.76
163.851819 0.77
163.910194 0.79
163.971577 0.78
164.021451 0.80
164.075448 0.79
164.139322 0.78
164.198753 0.77
164.262713 0.79
164.321762 0.78
164.380733 0.78
164.445335 0.78
164.514717 0.80
164.573326 0.78
164.632452 0.79
164.696327 0.79
164.760453 0.79
164.819216 0.78
164.894581 0.79
164.958725 0.78
165.025859 0.80
165.085005 0.77
165.149467 0.78
165.211475 0.79
165.272982 0.78
165.342651 0.79
165.402343 0.78
165.477586 0.78
165.537352 0.80
165.593476 0.80
165.654722 0.77
165.712145 0.78
165.766653 0.79
165.826342 0.79
165.887658 0.79
165.955767 0.79
166.011753 0.78
166.072724 0.78
166.133630 0.78
166.203469 0.80
166.257469 0.77
166.307724 0.78
166.364468 0.77
166.433980 0.78
166.487984 0.78
166.540469 0.77
166.601477 0.78
166.667344 0.78
166.726998 0.80
166.782637 0.78
166.842485 0.80
166.914349 0.79
166.979353 0.79
167.049725 0.78
167.110662 0.78
167.175647 0.78
167.229867 0.79
167.289482 0.76
167.359232 0.80
167.434773 0.79
167.499351 0.78
167.564353 0.78
167.624011 0.79
167.690652 0.77
167.750227 0.77
167.820227 0.78
167.884494 0.79
167.945876 0.79
168.015491 0.77
168.080361 0.79
168.141646 0.77
168.198012 0.78
168.264649 0.79
168.329367 0.79
168.394233 0.78
168.453661 0.79
168.507736 0.78
168.577240 0.79
168.636885 0.79
168.696488 0.79
168.761363 0.77
168.811646 0.79
168.867679 0.79
168.923650 0.77
168.980743 0.79
169.044640 0.79
169.101359 0.78
169.160364 0.80
169.215362 0.78
169.270642 0.79
169.329753 0.77
169.390033 0.80
169.449363 0.78
169.504675 0.78
169.559647 0.77
169.625240 0.79
169.679366 0.77
169.734365 0.79
169.789365 0.79
169.844239 0.78
169.908494 0.77
169.963641 0.77
170.033248 0.79
170.097367 0.80
170.166650 0.78
170.232369 0.79
170.301671 0.77
170.371370 0.79
170.440754 0.79
170.515371 0.80
170.580127 0.78
170.639374 0.79
170.704135 0.78
170.765504 0.80
170.824657 0.78
170.884379 0.78
170.943757 0.77
171.010756 0.78
171.070253 0.78
171.129384 0.79
171.188504 0.78
171.248137 0.78
171.309382 0.77
171.370760 0.79
171.430383 0.79
171.495138 0.78
171.565677 0.79
171.625388 0.77
171.685148 0.78
171.750026 0.79
171.809388 0.79
171.864631 0.78
171.925389 0.78
171.990135 0.77
172.044394 0.78
172.100682 0.79
172.165519 0.79
172.219760 0.77
172.289519 0.78
172.351511 0.77
172.415513 0.80
172.476887 0.79
172.526537 0.78
172.583387 0.80
172.648887 0.78
172.703391 0.78
172.758890 0.77
172.823270 0.78
172.884143 0.79
172.938276 0.78
173.008392 0.78
173.078026 0.78
173.148522 0.78
173.220399 0.76
173.280272 0.79
173.340028 0.78
173.401400 0.79
173.455018 0.78
173.519276 0.80
173.583524 0.79
173.648278 0.78
173.708024 0.79
173.769407 0.78
173.829276 0.76
173.894155 0.78
173.963396 0.79
174.024031 0.80
174.085403 0.79
174.141537 0.78
174.206406 0.78
174.267719 0.80
174.343406 0.78
174.404544 0.77
174.464046 0.76
174.527915 0.78
174.593031 0.79
174.662936 0.79
174.738409 0.79
174.799155 0.79
174.859941 0.79
174.929403 0.80
174.993403 0.79
175.048152 0.78
175.112550 0.80
175.187155 0.80
175.253410 0.77
175.319051 0.80
175.384062 0.78
175.449036 0.78
175.503286 0.80
175.567409 0.78
175.632035 0.78
175.695928 0.77
175.755292 0.78
175.820162 0.78
175.870296 0.78
175.930043 0.79
175.990811 0.78
176.045298 0.80
176.104934 0.77
176.175174 0.79
176.235042 0.76
176.296301 0.78
176.356044 0.78
176.426173 0.76
176.486045 0.79
176.545417 0.79
176.614416 0.76
176.678416 0.79
176.737808 0.79
176.807053 0.78
176.871416 0.77
176.931815 0.78
177.000934 0.79
177.064933 0.79
177.128932 0.78
177.189422 0.80
177.259063 0.78
177.318062 0.77
177.381937 0.78
177.445810 0.78
177.509937 0.78
177.573937 0.80
177.637821 0.78
177.697064 0.79
177.756308 0.78
177.818425 0.80
177.887943 0.79
177.947179 0.78
178.011435 0.78
178.072181 0.78
178.136303 0.79
178.197188 0.77
178.256952 0.78
178.321959 0.77
178.386954 0.79
178.456557 0.77
178.525946 0.78
178.589708 0.78
178.653946 0.78
178.717944 0.79
178.781949 0.79
178.846191 0.78
178.910560 0.79
178.980193 0.77
179.039961 0.78
179.099474 0.79
179.159194 0.78
179.218956 0.78
179.280448 0.77
179.340191 0.78
179.404967 0.80
179.466443 0.79
179.531198 0.78
179.587445 0.78
179.651953 0.78
179.715953 0.78
179.779955 0.80
179.843707 0.77
179.912955 0.77
179.976958 0.78
180.035705 0.79
180.100192 0.79
180.160567 0.80
180.224960 0.78
180.274711 0.78
180.333961 0.79
180.404198 0.78
180.463331 0.79
180.523081 0.79
180.582737 0.78
180.653208 0.77
180.719325 0.78
180.789487 0.78
180.845077 0.79
180.904480 0.77
180.960080 0.78
181.014326 0.78
181.074084 0.79
181.128201 0.78
181.192199 0.77
181.256075 0.77
181.325974 0.79
181.392453 0.77
181.467472 0.79
181.532469 0.79
181.596738 0.78
181.655971 0.79
181.720088 0.77
181.774330 0.80
181.834970 0.79
181.905209 0.79
181.965975 0.79
182.035989 0.78
182.111102 0.77
182.177864 0.78
182.242746 0.77
182.307719 0.80
182.369107 0.78
182.438720 0.77
182.492727 0.78
182.546756 0.79
182.606104 0.77
182.666598 0.78
182.716997 0.78
182.781748 0.79
182.842522 0.78
182.896865 0.77
182.958223 0.76
183.013473 0.79
183.067986 0.76
183.129227 0.77
183.188862 0.78
183.245991 0.77
183.300218 0.78
183.370662 0.79
183.436521 0.79
183.490739 0.78
183.555727 0.80
183.615221 0.79
183.676004 0.77
183.740869 0.76
183.796221 0.78
183.856627 0.79
183.915479 0.78
183.979756 0.79
184.038474 0.79
184.097633 0.77
184.156736 0.78
184.215624 0.80
184.274474 0.79
184.338743 0.79
184.397755 0.80
184.457004 0.78
184.521769 0.78
184.580760 0.79
184.645674 0.78
184.705229 0.80
184.769882 0.78
184.840106 0.79
184.899229 0.77
184.969354 0.78
185.038999 0.80
185.103485 0.77
185.169888 0.78
185.229656 0.80
185.290647 0.79
185.344740 0.79
185.405643 0.80
185.467011 0.80
185.526653 0.81
185.580891 0.78
185.640664 0.77
185.707369 0.79
185.777660 0.79
185.838754 0.77
185.888745 0.78
185.941363 0.78
185.991371 0.78
186.045886 0.78
186.101364 0.79
186.170487 0.80
186.227002 0.78
186.296757 0.79
186.346628 0.79
186.430012 0.79
186.482758 0.78
186.532656 0.77
186.586888 0.80
186.646115 0.78
186.710504 0.79
186.775006 0.78
186.839123 0.76
186.903494 0.77
186.957897 0.79
187.017659 0.79
187.076908 0.79
187.136672 0.79
187.196122 0.77
187.255904 0.79
187.315665 0.78
187.380692 0.79
187.441670 0.78
187.495907 0.79
187.552902 0.79
187.612672 0.77
187.677692 0.77
187.738502 0.80
187.803689 0.79
187.864504 0.78
187.930900 0.80
187.996500 0.78
188.051915 0.80
188.111752 0.78
188.177377 0.79
188.236666 0.78
188.291891 0.80
188.366518 0.78
188.425505 0.79
188.486696 0.77
188.549260 0.78
188.603514 0.79
188.658758 0.79
188.723016 0.77
188.801515 0.79
188.866520 0.78
188.936515 0.79
188.996044 0.78
189.061142 0.80
189.131397 0.79
189.206814 0.78
189.266387 0.79
189.341912 0.77
189.403637 0.79
189.458268 0.81
189.514639 0.80
189.565267 0.77
189.619890 0.78
189.678262 0.80
189.752395 0.78
189.815890 0.78
189.874397 0.79
189.939268 0.78
189.999270 0.78
190.068142 0.78
190.136763 0.79
190.200263 0.79
190.268890 0.78
190.327265 0.80
190.395892 0.78
190.454267 0.79
190.522898 0.78
190.581270 0.79
190.649903 0.77
190.708270 0.78
190.771897 0.76
190.826906 0.80
190.881899 0.78
190.947151 0.80
191.015776 0.77
191.081147 0.78
191.141274 0.80
191.209896 0.78
191.264777 0.77
191.324772 0.80
191.383152 0.79
191.451776 0.79
191.511774 0.78
191.575273 0.77
191.643899 0.78
191.698774 0.78
191.757150 0.78
191.822400 0.80
191.887152 0.78
191.938155 0.77
191.986288 0.79
192.042534 0.78
192.091904 0.78
192.146716 0.78
192.206409 0.78
192.265157 0.79
192.340807 0.78
192.401537 0.78
192.467820 0.80
192.533412 0.78
192.597421 0.77
192.667285 0.76
192.726714 0.78
192.786415 0.78
192.856289 0.78
192.920929 0.80
192.984819 0.80
193.049704 0.78
193.108803 0.78
193.172943 0.79
193.237162 0.78
193.308415 0.79
193.367414 0.79
193.431416 0.77
193.492416 0.78
193.558549 0.79
193.618421 0.78
193.679418 0.78
193.739305 0.78
193.800712 0.78
193.856949 0.79
193.927300 0.79
193.988557 0.79
194.044836 0.78
194.104424 0.80
194.159818 0.78
194.213687 0.78
194.277547 0.77
194.336815 0.79
194.395689 0.80
194.450686 0.80
194.505689 0.77
194.560701 0.79
194.624703 0.78
194.685077 0.79
194.734820 0.77
194.789817 0.79
194.850055 0.80
194.904561 0.80
194.969430 0.80
195.024701 0.76
195.081580 0.80
195.142072 0.78
195.201722 0.80
195.267430 0.79
195.322614 0.79
195.382313 0.79
195.452559 0.78
195.508070 0.80
195.562607 0.79
195.627315 0.77
195.697726 0.78
195.767443 0.79
195.837440 0.81
195.907446 0.77
195.967319 0.77
196.032063 0.78
196.096311 0.77
196.157438 0.80
196.227196 0.78
196.288581 0.78
196.348190 0.80
196.413198 0.77
196.474568 0.77
196.539570 0.78
196.599444 0.78
196.653713 0.79
196.728586 0.78
196.787566 0.79
196.851728 0.79
196.926315 0.78
196.985316 0.78
197.044318 0.78
197.098318 0.78
197.157449 0.79
197.221725 0.78
197.286448 0.80
197.351322 0.80
197.405454 0.78
197.465205 0.76
197.524572 0.80
197.589953 0.78
197.654194 0.78
197.713448 0.77
197.773199 0.78
197.832486 0.80
197.892205 0.78
197.957092 0.78
198.027207 0.80
198.088748 0.78
198.153598 0.77
198.214471 0.80
198.274098 0.78
198.335777 0.78
198.400585 0.77
198.465485 0.80
198.530583 0.80
198.600331 0.78
198.664455 0.78
198.728218 0.78
198.789763 0.79
198.849207 0.79
198.903338 0.79
198.968336 0.78
199.029585 0.78
199.099584 0.80
199.169083 0.79
199.238343 0.78
199.297465 0.78
199.358484 0.78
199.418337 0.78
199.479347 0.79
199.539097 0.79
199.600478 0.80
199.665090 0.78
199.719214 0.80
199.784104 0.79
199.843470 0.79
199.898846 0.78
199.958216 0.79
200.023092 0.78
200.082088 0.79
200.141213 0.78
200.195214 0.80
200.254214 0.79
200.307980 0.80
200.372215 0.78
200.427215 0.78
200.481983 0.78
200.546216 0.78
200.604982 0.78
200.664847 0.78
200.719472 0.80
200.775848 0.77
200.826848 0.79
200.918220 0.77
200.973220 0.79
201.023220 0.80
201.072986 0.78
201.167221 0.78
201.222221 0.77
201.276989 0.79
201.376474 0.80
201.436991 0.78
201.501223 0.77
201.556227 0.79
201.612997 0.76
201.676995 0.78
201.736234 0.78
201.810742 0.79
201.877358 0.78
201.936485 0.78
202.001232 0.78
202.065875 0.77
202.132001 0.80
202.191238 0.80
202.251999 0.79
202.306363 0.80
202.362486 0.77
202.427241 0.80
202.487016 0.77
202.546488 0.77
202.606365 0.78
202.666113 0.77
202.719986 0.77
202.784491 0.78
202.855491 0.79
202.925242 0.78
202.984531 0.79
203.059241 0.77
203.128766 0.79
203.193003 0.78
203.246752 0.77
203.317364 0.79
203.383240 0.79
203.452364 0.77
203.521891 0.78
203.581007 0.77
203.635014 0.80
203.699243 0.78
203.769023 0.79
203.839121 0.78
203.909025 0.79
203.979124 0.79
204.049121 0.76
204.108244 0.77
204.167012 0.79
204.221252 0.78
204.281001 0.79
204.345369 0.78
204.405763 0.78
204.480012 0.79
204.543765 0.77
204.612648 0.77
204.677017 0.78
204.740893 0.78
204.816007 0.78
204.880253 0.77
204.941259 0.76
205.001008 0.78
205.061769 0.77
205.131905 0.78
205.186256 0.77
205.247132 0.80
205.313254 0.78
205.373917 0.78
205.438948 0.79
205.499631 0.80
205.574142 0.77
205.643773 0.77
205.703137 0.76
205.757383 0.78
205.811007 0.78
205.870140 0.78
205.935633 0.78
206.001258 0.80
206.060259 0.80
206.118901 0.79
206.182883 0.78
206.246634 0.80
206.302141 0.78
206.367637 0.79
206.419387 0.79
206.484014 0.78
206.533777 0.76
206.588144 0.80
206.652675 0.79
206.716822 0.80
206.775779 0.78
206.839779 0.78
206.908638 0.79
206.977781 0.78
207.046779 0.80
207.115780 0.78
207.184782 0.77
207.248783 0.80
207.302781 0.79
207.372146 0.80
207.446661 0.78
207.515664 0.80
207.585044 0.77
207.649281 0.78
207.702788 0.78
207.772271 0.77
207.836144 0.78
207.896664 0.78
207.965663 0.78
208.035022 0.78
208.104022 0.80
208.163798 0.78
208.233651 0.76
208.289033 0.76
208.353802 0.78
208.413163 0.78
208.470039 0.78
208.525579 0.77
208.584925 0.78
208.645809 0.78
208.705030 0.79
208.769289 0.78
208.838797 0.78
208.897532 0.81
208.953044 0.77
209.008029 0.80
209.066806 0.79
209.125536 0.79
209.195811 0.79
209.255160 0.79
209.324695 0.78
209.389417 0.77
209.455284 0.77
209.515047 0.79
209.579932 0.80
209.638933 0.77
209.708808 0.76
209.767948 0.80
209.843422 0.78
209.908166 0.78
209.983818 0.76
210.048809 0.80
210.107931 0.78
210.172162 0.76
210.230825 0.76
210.295702 0.78
210.354684 0.80
210.414175 0.77
210.486045 0.79
210.539952 0.80
210.599733 0.78
210.661047 0.80
210.730546 0.79
210.795167 0.78
210.854053 0.80
210.910172 0.79
210.969170 0.80
211.030178 0.77
211.085942 0.77
211.141321 0.78
211.201059 0.80
211.261946 0.78
211.317434 0.80
211.367955 0.77
211.423431 0.78
211.482730 0.80
211.547724 0.80
211.612427 0.80
211.676828 0.78
211.736177 0.78
211.795051 0.79
211.851822 0.78
211.906554 0.79
211.970737 0.80
212.024553 0.80
212.083958 0.76
212.139432 0.76
212.186822 0.80
212.236958 0.76
212.296685 0.79
212.350702 0.80
212.434069 0.77
212.504310 0.78
212.574313 0.78
212.639312 0.79
212.704068 0.78
212.779689 0.79
212.840448 0.77
212.900445 0.78
212.970727 0.76
213.030317 0.79
213.100732 0.76
213.165571 0.77
213.221717 0.79
213.281316 0.79
213.336966 0.79
213.392841 0.78
213.452568 0.78
213.513955 0.79
213.573736 0.77
213.634746 0.77
213.693449 0.77
213.747842 0.79
213.804728 0.79
213.861741 0.79
213.913196 0.79
213.979889 0.79
214.035368 0.79
214.090859 0.81
214.150704 0.79
214.207573 0.78
214.261735 0.78
214.322575 0.79
214.376447 0.77
214.436208 0.77
214.491846 0.77
214.556705 0.78
214.612202 0.78
214.671576 0.78
214.731204 0.79
214.796203 0.79
214.860858 0.77
214.920580 0.79
214.981348 0.78
215.036829 0.79
215.096582 0.78
215.162362 0.79
215.216854 0.77
215.276582 0.77
215.330867 0.79
215.390592 0.76
215.455456 0.79
215.526082 0.77
215.589846 0.79
215.659587 0.80
215.720467 0.76
215.789986 0.80
215.856633 0.78
215.911975 0.80
215.978661 0.79
216.044837 0.76
216.104480 0.79
216.154856 0.76
216.215586 0.78
216.271629 0.78
216.330349 0.78
216.389472 0.77
216.448878 0.78
216.514730 0.81
216.576000 0.79
216.635734 0.78
216.700472 0.79
216.759723 0.77
216.832624 0.77
216.882469 0.78
216.952642 0.80
217.013486 0.78
217.074728 0.76
217.134474 0.79
217.199490 0.78
217.269641 0.80
217.328982 0.77
217.393351 0.78
217.452343 0.77
217.530652 0.78
217.596991 0.79
217.667101 0.77
217.737483 0.78
217.807648 0.78
217.877871 0.80
217.937733 0.77
217.997489 0.79
218.062352 0.78
218.127484 0.77
218.197656 0.79
218.262487 0.77
218.327486 0.80
218.392502 0.80
218.462665 0.79
218.532874 0.81
218.603114 0.78
218.678484 0.79
218.743109 0.77
218.803480 0.78
218.862670 0.77
218.927661 0.77
218.986998 0.80
219.046505 0.76
219.111360 0.79
219.181365 0.77
219.242990 0.78
219.302511 0.80
219.362363 0.78
219.423884 0.80
219.483744 0.79
219.539901 0.80
219.599490 0.78
219.658754 0.77
219.719748 0.78
219.783891 0.79
219.843490 0.77
219.902361 0.78
219.966362 0.78
220.020655 0.79
220.086127 0.77
220.140685 0.80
220.201658 0.78
220.261512 0.80
220.322372 0.77
220.392377 0.80
220.457503 0.77
220.518371 0.78
220.568679 0.80
220.628374 0.79
220.698381 0.78
220.763505 0.81
220.828373 0.77
220.887370 0.78
220.941537 0.79
221.005908 0.79
221.071005 0.78
221.140873 0.80
221.200680 0.78
221.260387 0.79
221.330509 0.78
221.395509 0.78
221.465503 0.77
221.530385 0.78
221.595378 0.80
221.654374 0.77
221.713373 0.78
221.777388 0.78
221.842378 0.80
221.901251 0.78
221.959758 0.76
222.018257 0.78
222.077127 0.79
222.145761 0.77
222.205254 0.78
222.263895 0.78
222.322895 0.79
222.372895 0.78
222.442131 0.78
222.500754 0.78
222.555897 0.80
222.612534 0.77
222.667897 0.79
222.726647 0.79
222.781630 0.76
222.841630 0.76
222.900005 0.79
222.961381 0.79
223.019757 0.78
223.078132 0.77
223.134382 0.77
223.194012 0.79
223.248511 0.80
223.312009 0.80
223.373387 0.78
223.424017 0.79
223.478523 0.80
223.542013 0.78
223.610769 0.78
223.664268 0.78
223.722641 0.77
223.781025 0.79
223.849640 0.77
223.908015 0.77
223.978017 0.76
224.032525 0.78
224.096023 0.79
224.164644 0.78
224.223021 0.80
224.291646 0.76
224.350027 0.81
224.418651 0.79
224.473647 0.79
224.532025 0.79
224.600650 0.76
224.659031 0.77
224.727655 0.79
224.782649 0.79
224.837647 0.78
224.892655 0.79
224.951024 0.80
225.014660 0.78
225.069526 0.76
225.129525 0.78
225.189649 0.77
225.244524 0.80
225.304533 0.80
225.364652 0.80
225.419534 0.79
225.483032 0.79
225.551654 0.79
225.610036 0.79
225.673656 0.78
225.728660 0.78
225.787034 0.78
225.847157 0.77
225.902164 0.77
225.953281 0.80
226.003908 0.77
226.052041 0.80
226.108283 0.77
226.158916 0.79
226.213425 0.78
226.276911 0.79
226.338283 0.78
226.388916 0.78
226.443420 0.78
226.506920 0.79
226.575541 0.77
226.634042 0.80
226.697551 0.79
226.755914 0.79
226.824548 0.79
226.882915 0.79
226.951540 0.78
227.009919 0.79
227.078548 0.77
227.133547 0.77
227.191926 0.78
227.260550 0.79
227.319043 0.79
227.382543 0.79
227.437550 0.80
227.492562 0.76
227.550927 0.80
227.624797 0.79
227.684924 0.77
227.753550 0.79
227.813802 0.79
227.873928 0.78
227.942550 0.79
227.997423 0.78
228.055801 0.78
228.119304 0.80
228.182803 0.80
228.247927 0.78
228.308058 0.80
228.363050 0.79
228.414181 0.78
228.464810 0.80
228.512928 0.80
228.573051 0.80
228.624183 0.80
228.674807 0.80
228.722934 0.80
228.779184 0.79
228.834182 0.79
228.895060 0.79
228.960061 0.77
229.015309 0.79
229.074576 0.78
229.134307 0.78
229.204064 0.79
229.274439 0.78
229.340317 0.77
229.400068 0.80
229.464953 0.78
229.524072 0.79
229.593952 0.79
229.658315 0.78
229.723189 0.78
229.782197 0.79
229.852569 0.77
229.912315 0.79
229.973081 0.78
230.027314 0.78
230.096187 0.77
230.155322 0.78
230.219437 0.77
230.294966 0.79
230.356315 0.78
230.417319 0.78
230.482321 0.78
230.552324 0.80
230.611951 0.76
230.671570 0.80
230.731199 0.76
230.790969 0.79
230.850575 0.78
230.910203 0.79
230.969697 0.78
231.039972 0.78
231.104966 0.77
231.164218 0.80
231.223989 0.77
231.297073 0.78
231.355965 0.80
231.420971 0.79
231.475206 0.76
231.534954 0.77
231.599845 0.76
231.650206 0.79
231.709976 0.79
231.774844 0.80
231.839211 0.78
231.903452 0.78
231.964207 0.80
232.023958 0.77
232.077838 0.78
232.141334 0.78
232.202206 0.77
232.267085 0.78
232.327981 0.77
232.392578 0.78
232.461952 0.79
232.525732 0.79
232.584972 0.79
232.643736 0.78
232.708211 0.78
232.767979 0.78
232.826975 0.78
232.888100 0.78
232.947748 0.78
233.020865 0.78
233.085862 0.78
233.150864 0.78
233.205098 0.78
233.259486 0.79
233.324088 0.79
233.388867 0.79
233.448215 0.76
233.504343 0.78
233.563988 0.78
233.625347 0.79
233.685094 0.80
233.744754 0.81
233.818228 0.79
233.879219 0.81
233.943868 0.78
234.008864 0.79
234.062735 0.79
234.113100 0.77
234.172740 0.79
234.261871 0.77
234.326725 0.79
234.411633 0.79
234.467098 0.80
234.526346 0.78
234.588356 0.80
234.652738 0.78
234.717486 0.77
234.773103 0.77
234.827349 0.78
234.883104 0.79
234.953227 0.80
235.017878 0.79
235.082877 0.78
235.142350 0.78
235.201237 0.76
235.255351 0.78
235.314227 0.79
235.378878 0.78
235.437996 0.78
235.502882 0.76
235.567750 0.78
235.640882 0.79
235.705878 0.78
235.770890 0.80
235.835885 0.76
235.902484 0.76
235.969118 0.78
236.028881 0.80
236.090116 0.77
236.149887 0.81
236.214776 0.79
236.276121 0.79
236.335738 0.78
236.395003 0.79
236.464756 0.80
236.528885 0.78
236.578879 0.79
236.636007 0.79
236.700671 0.78
236.767241 0.79
236.831756 0.79
236.890751 0.80
236.949649 0.78
237.008891 0.80
237.064242 0.78
237.126240 0.79
237.195906 0.78
237.255116 0.79
237.319748 0.79
237.379372 0.79
237.444244 0.77
237.506254 0.80
237.583243 0.79
237.649013 0.78
237.713658 0.79
237.772902 0.79
237.843127 0.80
237.913255 0.80
237.978132 0.77
238.053501 0.80
238.123785 0.78
238.183126 0.80
238.236906 0.78
238.308753 0.76
238.373252 0.78
238.442501 0.79
238.506765 0.78
238.565651 0.78
238.624499 0.79
238.688500 0.76
238.752501 0.78
238.816653 0.79
238.875250 0.79
238.934126 0.79
238.993126 0.77
239.047129 0.77
239.107505 0.77
239.172029 0.78
239.236379 0.79
239.300755 0.79
239.354506 0.79
239.413918 0.77
239.473684 0.80
239.532509 0.78
239.591912 0.78
239.651682 0.78
239.713044 0.79
239.773915 0.78
239.829390 0.79
239.890019 0.78
239.950911 0.80
240.011707 0.78
240.078709 0.78
240.143517 0.80
240.213013 0.76
240.268387 0.79
240.315779 0.77
240.370512 0.78
240.434386 0.77
240.508513 0.78
240.572514 0.78
240.636515 0.78
240.700514 0.78
240.759031 0.77
240.823029 0.78
240.887032 0.80
240.951033 0.80
241.015031 0.76
241.074016 0.77
241.138017 0.78
241.196518 0.77
241.255518 0.80
241.319536 0.79
241.378521 0.77
241.442393 0.78
241.511521 0.77
241.575524 0.77
241.639522 0.79
241.703527 0.80
241.762523 0.80
241.826528 0.77
241.885527 0.78
241.949694 0.77
242.004692 0.79
242.056152 0.78
242.120401 0.80
242.184399 0.79
242.253530 0.78
242.312403 0.78
242.381401 0.78
242.445276 0.80
242.514402 0.79
242.565673 0.79
242.615404 0.79
242.679404 0.80
242.738405 0.77
242.797406 0.80
242.861537 0.79
242.911537 0.77
242.970407 0.77
243.029408 0.78
243.083409 0.80
243.143289 0.79
243.190676 0.79
243.240410 0.79
243.304814 0.79
243.364542 0.77
243.429037 0.77
243.488546 0.79
243.553543 0.80
243.607820 0.76
243.667545 0.78
243.732416 0.79
243.802553 0.78
243.867545 0.79
243.937725 0.80
243.998542 0.79
244.057414 0.77
244.126416 0.79
244.185040 0.79
244.243809 0.77
244.313417 0.76
244.377417 0.81
244.441419 0.77
244.505420 0.80
244.564717 0.80
244.628809 0.78
244.688553 0.78
244.752816 0.79
244.822430 0.76
244.883726 0.79
244.943424 0.80
245.005085 0.77
245.071714 0.78
245.136579 0.78
245.197950 0.80
245.262563 0.78
245.319957 0.79
245.379720 0.78
245.439433 0.78
245.500949 0.77
245.565302 0.77
245.629435 0.77
245.688175 0.79
245.752301 0.78
245.816303 0.80
245.880742 0.80
245.940559 0.78
245.995431 0.80
246.060436 0.79
246.130724 0.80
246.195436 0.78
246.265561 0.78
246.320735 0.78
246.380440 0.78
246.439830 0.76
246.503827 0.79
246.564833 0.79
246.629070 0.80
246.684751 0.76
246.744438 0.78
246.805739 0.79
246.870733 0.79
246.935447 0.76
247.000572 0.77
247.070440 0.79
247.131450 0.78
247.196440 0.77
247.257747 0.78
247.313971 0.80
247.378702 0.79
247.439761 0.78
247.500739 0.79
247.554962 0.78
247.619734 0.78
247.678709 0.80
247.739575 0.78
247.793963 0.78
247.858744 0.78
247.918203 0.79
247.987861 0.78
248.047583 0.79
248.107201 0.79
248.167588 0.79
248.227328 0.78
248.297200 0.77
248.361764 0.78
248.421967 0.80
248.481331 0.80
248.551453 0.80
248.606483 0.78
248.666341 0.77
248.739453 0.79
248.804213 0.80
248.879710 0.80
248.938325 0.78
248.997701 0.79
249.066767 0.78
249.132079 0.80
249.181717 0.78
249.241333 0.78
249.319584 0.78
249.383846 0.80
249.444330 0.79
249.508341 0.81
249.573209 0.79
249.637082 0.79
249.701465 0.77
249.766084 0.79
249.837339 0.79
249.897214 0.79
249.958657 0.79
250.018479 0.79
250.072617 0.78
250.127710 0.80
250.186210 0.77
250.244736 0.77
250.305339 0.78
250.364852 0.79
250.434647 0.79
250.490764 0.77
250.550481 0.78
250.610227 0.79
250.664636 0.77
250.720754 0.76
250.776482 0.78
250.841473 0.77
250.915003 0.76
250.974474 0.79
251.035032 0.76
251.089349 0.78
251.155347 0.76
251.212023 0.78
251.271639 0.80
251.337484 0.78
251.401487 0.78
251.456980 0.76
251.517222 0.80
251.567485 0.79
251.632232 0.80
251.682505 0.80
251.747482 0.79
251.807107 0.79
251.872231 0.79
251.937110 0.78
251.987503 0.78
252.052624 0.79
252.122227 0.81
252.183354 0.78
252.238224 0.78
252.302226 0.79
252.374632 0.78
252.429629 0.78
252.493632 0.78
252.563362 0.79
252.629492 0.78
252.693629 0.78
252.757633 0.79
252.818230 0.77
252.879231 0.79
252.933231 0.79
252.987367 0.78
253.047131 0.78
253.106110 0.77
253.160366 0.76
253.220114 0.79
253.281237 0.78
253.335246 0.80
253.389234 0.79
253.443246 0.80
253.502654 0.78
253.572236 0.79
253.626237 0.79
253.685649 0.79
253.755238 0.79
253.821245 0.78
253.874629 0.77
253.935374 0.78
253.996742 0.78
254.066241 0.80
254.120240 0.80
254.170239 0.78
254.225239 0.78
254.280239 0.78
254.335240 0.79
254.390240 0.78
254.445240 0.78
254.495870 0.77
254.556366 0.80
254.626871 0.79
254.691379 0.78
254.760890 0.80
254.830252 0.79
254.899996 0.79
254.959372 0.79
255.019123 0.77
255.089131 0.78
255.150686 0.79
255.210251 0.77
255.271674 0.79
255.331379 0.78
255.385692 0.78
255.445385 0.78
255.501668 0.79
255.561384 0.79
255.617677 0.80
255.677129 0.78
255.736253 0.78
255.801027 0.77
255.855265 0.79
255.915015 0.78
255.976511 0.78
256.036387 0.78
256.101386 0.78
256.157514 0.79
256.217144 0.78
256.287260 0.77
256.357388 0.80
256.418679 0.79
256.483267 0.79
256.543018 0.79
256.607780 0.79
256.678022 0.78
256.743033 0.78
256.808036 0.78
256.878067 0.80
256.942271 0.79
256.997782 0.79
257.052265 0.80
257.117021 0.77
257.182039 0.78
257.252397 0.80
257.318526 0.78
257.383392 0.77
257.444271 0.77
257.504037 0.80
257.563032 0.80
257.627275 0.78
257.691390 0.78
257.755391 0.79
257.825034 0.80
257.884036 0.78
257.943268 0.79
258.018156 0.78
258.083148 0.77
258.152395 0.78
258.212028 0.78
258.277044 0.79
258.338043 0.78
258.402524 0.78
258.477042 0.79
258.541281 0.79
258.605273 0.77
258.666531 0.80
258.733278 0.80
258.788911 0.80
258.853927 0.79
258.918923 0.77
258.987790 0.78
259.046792 0.78
259.121066 0.78
259.176531 0.77
259.246052 0.79
259.306710 0.80
259.365924 0.78
259.425161 0.78
259.484935 0.79
259.538923 0.77
259.593163 0.77
259.649414 0.77
259.709174 0.79
259.766161 0.79
259.825933 0.78
259.880163 0.78
259.935695 0.78
259.990164 0.79
260.060042 0.79
260.131918 0.78
260.186047 0.79
260.246955 0.79
260.316933 0.77
260.376544 0.81
260.441545 0.78
260.506171 0.78
260.565922 0.80
260.630937 0.76
260.690547 0.77
260.746170 0.77
260.815947 0.78
260.880946 0.78
260.945708 0.78
261.020177 0.79
261.084166 0.79
261.148545 0.79
261.212812 0.79
261.276936 0.76
261.346814 0.79
261.410937 0.78
261.475179 0.77
261.535813 0.80
261.595174 0.79
261.659815 0.79
261.724179 0.78
261.785306 0.79
261.849941 0.76
261.908941 0.76
261.968175 0.78
262.026941 0.78
262.086183 0.78
262.146821 0.78
262.200695 0.77
262.254604 0.81
262.324186 0.78
262.385058 0.79
262.440556 0.79
262.500059 0.79
262.559830 0.78
262.624741 0.80
262.700189 0.79
262.764700 0.77
262.823823 0.79
262.884559 0.77
262.949438 0.77
263.019833 0.78
263.074058 0.78
263.145829 0.78
263.210603 0.79
263.275060 0.78
263.339706 0.77
263.409436 0.78
263.479438 0.77
263.543687 0.78
263.603447 0.79
263.670065 0.80
263.729188 0.79
263.793720 0.77
263.852701 0.78
263.911962 0.78
263.971187 0.80
264.040966 0.78
264.110942 0.78
264.171851 0.78
264.230577 0.80
264.286840 0.76
264.342982 0.79
264.402759 0.77
264.456837 0.77
264.514324 0.76
264.574073 0.80
264.628198 0.79
264.688105 0.80
264.750198 0.76
264.810974 0.79
264.870849 0.80
264.920840 0.80
264.974844 0.77
265.039845 0.80
265.092493 0.77
265.146984 0.77
265.202452 0.77
265.266448 0.79
265.326971 0.78
265.380842 0.76
265.441761 0.76
265.506755 0.79
265.560860 0.77
265.631082 0.79
265.691741 0.79
265.756897 0.76
265.812479 0.78
265.871976 0.78
265.931769 0.77
265.985737 0.77
266.045334 0.78
266.110208 0.78
266.188102 0.78
266.247747 0.80
266.302010 0.78
266.366986 0.79
266.426748 0.79
266.481091 0.78
266.551339 0.77
266.611220 0.79
266.671118 0.77
266.741336 0.77
266.805851 0.77
266.880584 0.79
266.944864 0.78
267.009730 0.78
267.068470 0.79
267.134984 0.78
267.194477 0.80
267.255877 0.78
267.315650 0.80
267.376966 0.78
267.441643 0.80
267.502970 0.79
267.555999 0.77
267.615661 0.79
267.676865 0.77
267.733378 0.80
267.793469 0.79
267.857468 0.78
267.921475 0.77
267.975470 0.77
268.039470 0.77
268.103734 0.78
268.158342 0.79
268.223222 0.78
268.300986 0.78
268.362227 0.77
268.421622 0.78
268.475349 0.78
268.558745 0.79
268.613476 0.79
268.677660 0.78
268.738385 0.77
268.802775 0.79
268.867352 0.78
268.936734 0.79
269.006645 0.78
269.060481 0.78
269.114480 0.78
269.173633 0.78
269.232625 0.78
269.293651 0.78
269.357995 0.78
269.428002 0.79
269.484860 0.78
269.552664 0.79
269.613656 0.80
269.663750 0.78
269.735661 0.77
269.796497 0.78
269.855740 0.76
269.915507 0.78
269.976357 0.77
270.045483 0.78
270.109483 0.80
270.173483 0.79
270.237357 0.79
270.306108 0.77
270.369998 0.80
270.429002 0.80
270.493002 0.77
270.556999 0.77
270.620752 0.79
270.684487 0.78
270.743372 0.79
270.802363 0.79
270.871365 0.78
270.935493 0.78
270.994505 0.77
271.064696 0.80
271.134369 0.79
271.188778 0.78
271.248501 0.80
271.313005 0.79
271.372748 0.79
271.432500 0.79
271.502498 0.77
271.556746 0.79
271.610658 0.79
271.675372 0.78
271.750673 0.80
271.815507 0.79
271.885677 0.77
271.952135 0.80
272.017127 0.78
272.087557 0.79
272.141893 0.80
272.206768 0.78
272.270917 0.77
272.335902 0.78
272.402378 0.80
272.461777 0.77
272.518024 0.78
272.577506 0.78
272.642384 0.79
272.707382 0.79
272.766694 0.79
272.826517 0.79
272.885128 0.77
272.959254 0.78
273.018759 0.77
273.078022 0.77
273.142014 0.78
273.200771 0.79
273.269774 0.79
273.330509 0.78
273.386024 0.77
273.436024 0.78
273.501256 0.79
273.565259 0.79
273.629383 0.79
273.688514 0.79
273.748388 0.79
273.809140 0.77
273.868388 0.79
273.927025 0.80
273.986263 0.80
274.055789 0.78
274.121263 0.77
274.190392 0.78
274.244518 0.79
274.294390 0.78
274.353710 0.79
274.413397 0.78
274.479144 0.80
274.539267 0.79
274.598521 0.79
274.653401 0.79
274.717803 0.79
274.782405 0.80
274.836395 0.78
274.895803 0.79
274.970709 0.78
275.022683 0.78
275.083785 0.78
275.137397 0.79
275.196279 0.78
275.265811 0.78
275.324270 0.78
275.388146 0.79
275.462531 0.80
275.516796 0.79
275.586274 0.77
275.645701 0.76
275.705403 0.81
275.764287 0.76
275.818705 0.77
275.878533 0.78
275.939813 0.78
275.999540 0.80
276.053671 0.78
276.103794 0.78
276.162670 0.80
276.217777 0.77
276.281795 0.80
276.340673 0.78
276.404673 0.78
276.463802 0.77
276.522532 0.78
276.577673 0.77
276.643039 0.77
276.696673 0.77
276.755675 0.80
276.814678 0.78
276.869662 0.80
276.933679 0.78
276.995051 0.78
277.044696 0.78
277.097413 0.79
277.152411 0.78
277.207722 0.79
277.272418 0.78
277.342543 0.79
277.403544 0.78
277.468418 0.76
277.534423 0.80
277.599547 0.80
277.655044 0.76
277.706046 0.78
277.761298 0.76
277.825792 0.78
277.885568 0.77
277.945298 0.77
278.015064 0.78
278.076302 0.78
278.135546 0.78
278.191819 0.78
278.251425 0.78
278.311181 0.79
278.376182 0.81
278.430425 0.77
278.495180 0.78
278.560178 0.80
278.621424 0.80
278.677824 0.77
278.737556 0.76
278.797185 0.80
278.862184 0.80
278.927053 0.80
278.997182 0.80
279.056717 0.79
279.121324 0.78
279.182187 0.79
279.247055 0.77
279.317183 0.78
279.387177 0.79
279.446055 0.80
279.510309 0.79
279.560054 0.78
279.615438 0.78
279.675188 0.78
279.740184 0.77
279.794434 0.78
279.854436 0.76
279.914946 0.78
279.969437 0.80
280.029438 0.78
280.094067 0.79
280.169567 0.77
280.234473 0.79
280.294189 0.78
280.359190 0.77
280.434192 0.78
280.499192 0.79
280.559956 0.79
280.634575 0.78
280.698564 0.77
280.773082 0.78
280.842725 0.80
280.907196 0.80
280.968759 0.78
281.039975 0.80
281.110326 0.79
281.169820 0.78
281.229449 0.76
281.285713 0.80
281.345195 0.78
281.410072 0.78
281.475198 0.77
281.548195 0.81
281.598328 0.78
281.652195 0.79
281.713444 0.78
281.777964 0.76
281.847203 0.78
281.902763 0.79
281.962199 0.79
282.016328 0.80
282.081081 0.77
282.134949 0.76
282.198962 0.79
282.262838 0.78
282.328452 0.79
282.398451 0.80
282.457324 0.78
282.512325 0.77
282.582451 0.77
282.637332 0.80
282.691584 0.78
282.755954 0.79
282.816327 0.78
282.886080 0.79
282.945837 0.77
283.000207 0.77
283.060851 0.79
283.125338 0.78
283.185092 0.78
283.244470 0.78
283.314480 0.80
283.381087 0.77
283.445989 0.76
283.516217 0.78
283.591586 0.78
283.666492 0.79
283.736472 0.78
283.815130 0.78
283.876475 0.80
283.941218 0.79
284.000989 0.79
284.074343 0.80
284.130659 0.78
284.190341 0.76
284.249338 0.77
284.310337 0.79
284.365746 0.78
284.424982 0.79
284.484343 0.79
284.544731 0.77
284.619219 0.77
284.677980 0.78
284.742215 0.78
284.811732 0.76
284.880980 0.78
284.945217 0.78
285.003984 0.79
285.067986 0.78
285.131735 0.79
285.206220 0.77
285.266758 0.78
285.327227 0.79
285.386347 0.78
285.446989 0.79
285.505991 0.78
285.565232 0.78
285.629348 0.79
285.689002 0.78
285.754000 0.78
285.813491 0.78
285.873237 0.78
285.932999 0.79
285.994110 0.80
286.059233 0.78
286.129365 0.79
286.196000 0.78
286.255356 0.79
286.314353 0.77
286.383869 0.79
286.452764 0.80
286.518766 0.78
286.582996 0.78
286.646996 0.79
286.710760 0.80
286.776756 0.79
286.845872 0.78
286.909998 0.77
286.973877 0.80
287.038107 0.78
287.102357 0.80
287.171636 0.79
287.245999 0.79
287.309752 0.79
287.383753 0.80
287.453235 0.78
287.517238 0.77
287.575753 0.80
287.640004 0.78
287.698987 0.77
287.757632 0.78
287.822118 0.78
287.875647 0.78
287.939756 0.78
288.003651 0.79
288.062887 0.80
288.122118 0.79
288.181118 0.79
288.250899 0.77
288.315790 0.78
288.374887 0.78
288.429127 0.79
288.489017 0.79
288.553243 0.77
288.612011 0.80
288.667012 0.78
288.716775 0.78
288.775647 0.79
288.849766 0.77
288.914010 0.79
288.969122 0.77
289.041505 0.81
289.105628 0.79
289.175015 0.80
289.244903 0.77
289.309754 0.77
289.374139 0.77
289.433908 0.79
289.498901 0.78
289.553262 0.78
289.612910 0.80
289.677631 0.79
289.741894 0.79
289.796027 0.79
289.865913 0.79
289.930800 0.78
289.986133 0.78
290.047147 0.77
290.107905 0.78
290.165029 0.78
290.229911 0.79
290.287014 0.76
290.353386 0.77
290.409015 0.76
290.468782 0.79
290.528144 0.77
290.588917 0.79
290.645670 0.79
290.704915 0.80
290.775033 0.80
290.839774 0.78
290.899393 0.78
290.955017 0.79
291.019705 0.80
291.095079 0.79
291.154676 0.78
291.230145 0.80
291.300141 0.80
291.364700 0.78
291.429687 0.80
291.494154 0.80
291.569807 0.78
291.629143 0.78
291.699149 0.79
291.774685 0.77
291.834030 0.76
291.893809 0.79
291.963395 0.80
292.023027 0.79
292.087689 0.80
292.146648 0.80
292.210146 0.77
292.268522 0.78
292.337525 0.77
292.401923 0.78
292.467527 0.76
292.537693 0.79
292.598677 0.78
292.663034 0.78
292.720036 0.78
292.774279 0.79
292.838930 0.78
292.898714 0.79
292.959531 0.79
293.026160 0.79
293.081779 0.79
293.145402 0.78
293.214823 0.78
293.269548 0.79
293.323155 0.78
293.378754 0.78
293.428532 0.78
293.492532 0.78
293.551533 0.77
293.615820 0.77
293.682286 0.78
293.751534 0.79
293.810534 0.79
293.869674 0.78
293.928410 0.79
293.992536 0.77
294.056674 0.80
294.120409 0.77
294.189536 0.78
294.253536 0.80
294.317537 0.77
294.381411 0.81
294.450538 0.78
294.514538 0.78
294.569414 0.79
294.623912 0.77
294.682540 0.77
294.741039 0.79
294.799414 0.79
294.873541 0.79
294.933170 0.78
294.997704 0.79
295.056943 0.78
295.121724 0.78
295.177169 0.78
295.236169 0.76
295.290175 0.79
295.350546 0.80
295.414047 0.77
295.472422 0.76
295.541826 0.77
295.601558 0.79
295.662821 0.80
295.722556 0.78
295.787557 0.80
295.848831 0.78
295.908562 0.81
295.969719 0.80
296.019427 0.78
296.083742 0.77
296.142821 0.78
296.209059 0.77
296.268832 0.81
296.328440 0.78
296.395066 0.77
296.460184 0.80
296.525187 0.78
296.590184 0.78
296.659558 0.79
296.709303 0.78
296.769306 0.78
296.824430 0.80
296.888433 0.77
296.952431 0.80
297.016561 0.80
297.071434 0.80
297.135432 0.81
297.194057 0.79
297.252958 0.78
297.306436 0.78
297.370433 0.78
297.439828 0.78
297.513827 0.80
297.572437 0.78
297.636435 0.77
297.705314 0.78
297.774312 0.80
297.843439 0.80
297.907313 0.79
297.971859 0.79
298.038442 0.79
298.097442 0.78
298.153573 0.77
298.213446 0.79
298.272703 0.81
298.332481 0.76
298.401571 0.77
298.466449 0.78
298.527975 0.79
298.611577 0.79
298.668739 0.76
298.727965 0.78
298.797446 0.77
298.867451 0.79
298.921739 0.76
298.982213 0.77
299.036578 0.78
299.101455 0.78
299.160743 0.79
299.214719 0.77
299.274456 0.77
299.344744 0.76
299.409456 0.81
299.479860 0.80
299.544486 0.80
299.609488 0.77
299.679581 0.78
299.735086 0.77
299.790756 0.80
299.851207 0.78
299.911454 0.79
299.970848 0.77
300.034972 0.79
300.093998 0.78
300.153333 0.79
300.212762 0.76
300.272491 0.79
300.350207 0.78
300.418843 0.78
300.482831 0.78
300.541208 0.79
300.615210 0.80
300.679480 0.76
300.743646 0.77
300.807709 0.77
300.882630 0.81
300.936853 0.80
300.995880 0.79
301.055639 0.79
301.109980 0.78
301.182468 0.78
301.255467 0.79
301.314470 0.78
301.373652 0.78
301.427983 0.78
301.492481 0.78
301.560650 0.79
301.614986 0.78
301.670871 0.78
301.726654 0.77
301.786345 0.77
301.836648 0.78
301.896350 0.79
301.966665 0.80
302.026350 0.79
302.091350 0.78
302.161486 0.78
302.222488 0.78
302.283350 0.79
302.343353 0.78
302.413644 0.78
302.473358 0.78
302.538358 0.77
302.608641 0.77
302.668355 0.78
302.733482 0.77
302.803479 0.77
302.858737 0.79
302.938108 0.77
302.994105 0.78
303.054478 0.78
303.123888 0.77
303.183645 0.77
303.253231 0.79
303.312669 0.76
303.372377 0.79
303.442232 0.79
303.496667 0.78
303.556495 0.79
303.626509 0.79
303.691492 0.77
303.745752 0.80
303.815358 0.77
303.874232 0.79
303.938232 0.78
304.002233 0.76
304.060875 0.78
304.116234 0.76
304.175359 0.78
304.234234 0.78
304.293360 0.76
304.352360 0.79
304.411360 0.80
304.470361 0.80
304.529362 0.78
304.583365 0.78
304.642663 0.78
304.702996 0.78
304.762497 0.78
304.827370 0.77
304.877368 0.79
304.934000 0.80
304.993666 0.77
305.054254 0.79
305.108370 0.77
305.164998 0.78
305.214756 0.79
305.275381 0.77
305.332003 0.80
305.392518 0.77
305.457381 0.80
305.518124 0.79
305.582662 0.79
305.643250 0.77
305.702135 0.79
305.763009 0.78
305.822667 0.80
305.883135 0.77
305.937669 0.77
306.004255 0.78
306.069018 0.80
306.138249 0.80
306.197374 0.78
306.266651 0.78
306.325659 0.78
306.400253 0.79
306.459382 0.76
306.523656 0.76
306.598253 0.79
306.652255 0.79
306.716268 0.77
306.776135 0.78
306.837385 0.78
306.907141 0.76
306.972135 0.79
307.026385 0.80
307.086927 0.79
307.141387 0.80
307.211558 0.76
307.272395 0.80
307.332139 0.79
307.397139 0.77
307.456523 0.79
307.516140 0.77
307.581266 0.80
307.637898 0.78
307.692391 0.79
307.752145 0.77
307.817151 0.79
307.882143 0.80
307.947143 0.79
308.017273 0.79
308.078153 0.80
308.137017 0.79
308.201264 0.81
308.256034 0.77
308.320032 0.79
308.384265 0.78
308.439036 0.78
308.503268 0.78
308.553271 0.77
308.603019 0.80
308.657394 0.77
308.732152 0.78
308.793711 0.79
308.853272 0.78
308.923401 0.78
308.979718 0.78
309.039150 0.78
309.104031 0.79
309.165425 0.78
309.226400 0.80
309.291280 0.78
309.351034 0.79
309.405150 0.78
309.459584 0.79
309.519287 0.76
309.573703 0.79
309.633284 0.79
309.693031 0.80
309.758030 0.77
309.828161 0.80
309.889041 0.76
309.949927 0.78
310.009287 0.78
310.069042 0.77
310.134034 0.77
310.188288 0.76
310.248043 0.78
310.313035 0.79
310.363290 0.80
310.423045 0.78
310.488038 0.78
310.538294 0.78
310.598038 0.78
310.659290 0.79
310.729546 0.80
310.789297 0.78
310.849040 0.79
310.903296 0.79
310.963041 0.79
311.027934 0.78
311.087296 0.76
311.147041 0.78
311.211935 0.78
311.282047 0.79
311.347050 0.78
311.411934 0.78
311.482048 0.78
311.547046 0.78
311.617179 0.78
311.682296 0.79
311.742049 0.81
311.806937 0.77
311.866043 0.78
311.920296 0.78
311.984179 0.77
312.054423 0.81
312.129945 0.78
312.189298 0.80
312.253425 0.80
312.314045 0.80
312.373299 0.79
312.434052 0.80
312.503940 0.79
312.558305 0.78
312.617957 0.77
312.682820 0.79
312.737178 0.79
312.796563 0.78
312.860816 0.79
312.920184 0.77
312.985061 0.79
313.049825 0.78
313.110955 0.78
313.175957 0.79
313.240695 0.78
313.310954 0.77
313.375936 0.79
313.436692 0.79
313.491185 0.77
313.550970 0.78
313.615980 0.77
313.680957 0.80
313.745707 0.78
313.811707 0.79
313.876071 0.77
313.936830 0.78
314.000952 0.77
314.065197 0.79
314.120690 0.78
314.180195 0.79
314.239958 0.79
314.304833 0.79
314.374966 0.78
314.439971 0.77
314.504835 0.77
314.565964 0.79
314.630963 0.79
314.695727 0.78
314.771319 0.79
314.846836 0.78
314.917199 0.77
314.976984 0.78
315.034446 0.79
315.099194 0.78
315.168849 0.77
315.227963 0.78
315.282196 0.79
315.339204 0.78
315.398446 0.78
315.465576 0.78
315.530078 0.79
315.585572 0.79
315.660085 0.79
315.735088 0.78
315.809851 0.78
315.871075 0.78
315.926717 0.79
315.985577 0.78
316.051863 0.77
316.105716 0.79
316.169842 0.79
316.228968 0.78
316.289200 0.77
316.353199 0.80
316.411717 0.76
316.470744 0.78
316.535080 0.80
316.594206 0.80
316.652972 0.78
316.702849 0.78
316.756847 0.79
316.816204 0.78
316.885764 0.79
316.944973 0.77
317.004332 0.79
317.074088 0.77
317.133780 0.78
317.208740 0.78
317.272735 0.79
317.341736 0.80
317.405586 0.76
317.464736 0.78
317.528730 0.78
317.597852 0.77
317.656738 0.79
317.710740 0.79
317.774617 0.78
317.838975 0.79
317.908470 0.78
317.977745 0.80
318.042092 0.78
318.111467 0.78
318.178094 0.78
318.242758 0.77
318.302127 0.77
318.363097 0.79
318.422994 0.80
318.478474 0.78
318.544993 0.78
318.600476 0.80
318.654760 0.79
318.708989 0.78
318.778474 0.80
318.842504 0.78
318.912226 0.78
318.976863 0.79
319.026734 0.76
319.091868 0.79
319.152637 0.79
319.206735 0.78
319.260873 0.79
319.331106 0.80
319.390236 0.79
319.454873 0.79
319.524998 0.79
319.589734 0.77
319.649376 0.77
319.713764 0.78
319.767884 0.78
319.839739 0.78
319.899356 0.79
319.963632 0.79
320.022740 0.79
320.081871 0.79
320.146359 0.79
320.211361 0.78
320.275750 0.79
320.334763 0.79
320.394010 0.78
320.457980 0.78
320.529738 0.78
320.585756 0.77
320.644632 0.78
320.703639 0.79
320.767893 0.78
320.833510 0.77
320.903657 0.79
320.957884 0.79
321.018500 0.80
321.072885 0.79
321.137661 0.79
321.193250 0.77
321.252888 0.77
321.317744 0.79
321.374653 0.78
321.439674 0.80
321.500888 0.78
321.556402 0.79
321.620502 0.80
321.675887 0.78
321.735007 0.77
321.794008 0.78
321.854370 0.78
321.901773 0.79
321.951894 0.79
322.006129 0.77
322.065660 0.77
322.125003 0.79
322.185749 0.79
322.246664 0.79
322.305747 0.78
322.355509 0.78
322.419497 0.77
322.483369 0.78
322.552496 0.78
322.616497 0.78
322.680498 0.77
322.739497 0.76
322.803498 0.80
322.867499 0.78
322.931499 0.77
322.990530 0.78
323.049653 0.80
323.113500 0.80
323.177501 0.80
323.236501 0.78
323.295783 0.79
323.354376 0.78
323.423506 0.79
323.484507 0.77
323.548785 0.76
323.608555 0.78
323.669788 0.79
323.725395 0.79
323.786904 0.78
323.842760 0.79
323.902019 0.79
323.961761 0.78
324.023013 0.77
324.082383 0.76
324.143688 0.79
324.189768 0.80
324.254026 0.78
324.314786 0.80
324.374522 0.76
324.431672 0.77
324.501910 0.79
324.566388 0.80
324.620793 0.76
324.680539 0.79
324.746391 0.80
324.811146 0.76
324.881396 0.80
324.952281 0.79
325.001781 0.80
325.060781 0.79
325.119265 0.78
325.188265 0.78
325.252266 0.79
325.326265 0.78
325.400770 0.77
325.464519 0.79
325.523017 0.79
325.587268 0.79
325.651020 0.78
325.704520 0.80
325.758394 0.78
325.827399 0.79
325.891396 0.80
325.945668 0.80
325.999528 0.79
326.059149 0.78
326.123789 0.78
326.193534 0.80
326.258533 0.79
326.323277 0.77
326.393538 0.79
326.453408 0.79
326.507664 0.80
326.567408 0.77
326.632409 0.76
326.693694 0.81
326.757794 0.77
326.817279 0.79
326.881711 0.77
326.941413 0.79
327.002698 0.80
327.058408 0.77
327.117725 0.78
327.173929 0.78
327.238811 0.80
327.299806 0.79
327.360703 0.78
327.420416 0.80
327.481814 0.77
327.542414 0.80
327.592716 0.78
327.652420 0.76
327.702704 0.79
327.767420 0.79
327.837690 0.80
327.897415 0.77
327.951545 0.79
328.012173 0.80
328.072289 0.78
328.147712 0.78
328.207421 0.78
328.277419 0.78
328.342302 0.79
328.406810 0.77
328.471423 0.80
328.536425 0.80
328.601295 0.78
328.665292 0.78
328.724726 0.79
328.783293 0.78
328.837713 0.79
328.897426 0.78
328.956943 0.78
329.023719 0.77
329.083422 0.77
329.142559 0.78
329.202302 0.78
329.263932 0.77
329.333306 0.79
329.395084 0.78
329.461947 0.77
329.531300 0.81
329.590581 0.78
329.654815 0.78
329.719425 0.78
329.773554 0.78
329.828819 0.78
329.887819 0.78
329.947301 0.78
330.011314 0.77
330.076308 0.79
330.140698 0.77
330.204697 0.78
330.265068 0.77
330.319305 0.78
330.383724 0.78
330.436564 0.78
330.497064 0.78
330.557440 0.79
330.623749 0.78
330.689432 0.78
330.744431 0.78
330.806058 0.78
330.855681 0.78
330.920313 0.77
330.986069 0.77
331.035748 0.79
331.105310 0.78
331.159310 0.80
331.218309 0.80
331.277184 0.79
331.336437 0.80
331.405829 0.78
331.480443 0.79
331.550080 0.77
331.619313 0.78
331.678315 0.76
331.737327 0.77
331.797319 0.78
331.858442 0.77
331.927851 0.78
331.987571 0.78
332.041709 0.79
332.111316 0.79
332.165317 0.79
332.219192 0.79
332.283195 0.79
332.342323 0.78
332.396320 0.79
332.455086 0.80
332.519327 0.78
332.578320 0.77
332.632585 0.78
332.692450 0.76
332.761712 0.79
332.821951 0.79
332.881092 0.78
332.945197 0.78
333.018579 0.79
333.083077 0.79
333.147482 0.81
333.207213 0.80
333.272204 0.79
333.322484 0.76
333.382215 0.79
333.441581 0.79
333.511483 0.77
333.571213 0.79
333.641206 0.77
333.705079 0.78
333.764468 0.80
333.833766 0.79
333.893481 0.78
333.958335 0.78
334.008491 0.78
334.068336 0.79
334.133211 0.77
334.206210 0.78
334.265656 0.78
334.337085 0.78
334.419583 0.80
334.489085 0.78
334.548338 0.78
334.609216 0.80
334.670087 0.78
334.729344 0.77
334.783774 0.78
334.843340 0.79
334.908096 0.78
334.973098 0.78
335.032631 0.79
335.092346 0.78
335.152096 0.77
335.213472 0.79
335.273098 0.79
335.338097 0.78
335.392220 0.78
335.446218 0.77
335.507474 0.79
335.566747 0.80
335.626347 0.78
335.696481 0.80
335.761104 0.79
335.826106 0.79
335.885599 0.79
335.945884 0.79
336.015477 0.80
336.088240 0.78
336.138222 0.80
336.184368 0.79
336.248223 0.77
336.309105 0.79
336.374105 0.79
336.439864 0.80
336.494356 0.80
336.550607 0.77
336.615238 0.78
336.687106 0.80
336.748648 0.78
336.813109 0.79
336.872241 0.76
336.937108 0.78
336.991362 0.78
337.047674 0.80
337.107358 0.78
337.176760 0.80
337.236229 0.79
337.300105 0.80
337.358996 0.80
337.436982 0.79
337.501496 0.80
337.561239 0.79
337.620881 0.78
337.680003 0.79
337.744122 0.79
337.804753 0.79
337.873750 0.80
337.934491 0.79
337.996986 0.78
338.058368 0.77
338.119658 0.78
338.189248 0.79
338.249012 0.76
338.309993 0.78
338.364249 0.77
338.424013 0.80
338.494008 0.80
338.549249 0.78
338.609004 0.79
338.673368 0.79
338.737367 0.78
338.806759 0.77
338.872116 0.80
338.922013 0.79
338.981013 0.78
339.044882 0.77
339.120374 0.78
339.181250 0.78
339.251380 0.79
339.317384 0.77
339.387020 0.78
339.448128 0.78
339.514256 0.76
339.573885 0.79
339.649386 0.80
339.720875 0.77
339.790896 0.79
339.850252 0.79
339.914752 0.78
339.984899 0.78
340.055132 0.77
340.129897 0.79
340.199252 0.77
340.257768 0.78
340.317260 0.80
340.376647 0.79
340.451015 0.80
340.511902 0.78
340.572773 0.78
340.632139 0.79
340.691902 0.79
340.745779 0.79
340.815022 0.81
340.878773 0.80
340.952773 0.79
341.016774 0.78
341.090773 0.78
341.146024 0.78
341.209776 0.77
341.278633 0.80
341.347901 0.80
341.411776 0.78
341.475775 0.78
341.544775 0.80
341.599935 0.78
341.653637 0.80
341.722908 0.77
341.781918 0.78
341.835907 0.77
341.891931 0.77
341.951267 0.80
342.012020 0.79
342.067149 0.79
342.132145 0.80
342.191791 0.78
342.251153 0.78
342.310920 0.77
342.375918 0.77
342.440936 0.78
342.505800 0.78
342.581274 0.77
342.636650 0.79
342.701281 0.79
342.770917 0.80
342.830531 0.78
342.890281 0.80
342.954776 0.78
343.019040 0.78
343.089029 0.79
343.151523 0.80
343.211647 0.76
343.285649 0.79
343.354803 0.79
343.419152 0.80
343.479696 0.78
343.543916 0.78
343.597781 0.78
343.666928 0.78
343.728280 0.81
343.787908 0.78
343.849288 0.79
343.909043 0.79
343.968534 0.76
344.032534 0.76
344.102534 0.77
344.153533 0.78
344.218161 0.78
344.273812 0.79
344.334577 0.77
344.404809 0.77
344.469669 0.77
344.541413 0.78
344.597041 0.80
344.652547 0.79
344.716914 0.81
344.777814 0.79
344.842822 0.77
344.901933 0.78
344.961164 0.78
345.025820 0.76
345.084664 0.78
345.154816 0.78
345.219818 0.76
345.279303 0.79
345.339046 0.80
345.398823 0.79
345.463675 0.78
345.527168 0.79
345.586046 0.78
345.652429 0.78
345.717423 0.79
345.782297 0.79
345.847179 0.79
345.928050 0.79
345.987819 0.80
346.046707 0.78
346.112944 0.79
346.179299 0.80
346.241550 0.78
346.307689 0.77
346.377059 0.77
346.436824 0.78
346.495425 0.78
346.564550 0.79
346.629058 0.78
346.689553 0.80
346.762818 0.80
346.808936 0.79
346.867822 0.78
346.922427 0.78
346.982434 0.78
347.046709 0.78
347.105585 0.79
347.164957 0.79
347.224578 0.77
347.294719 0.78
347.348846 0.79
347.405809 0.79
347.456439 0.78
347.510935 0.80
347.574434 0.79
347.643064 0.80
347.701442 0.79
347.770060 0.79
347.823566 0.79
347.887067 0.78
347.951062 0.79
348.009441 0.76
348.074447 0.77
348.139441 0.76
348.193936 0.77
348.257443 0.79
348.331312 0.77
348.399939 0.79
348.463443 0.79
348.532072 0.78
348.590569 0.76
348.654067 0.78
348.707568 0.78
348.771064 0.78
348.826065 0.77
348.884569 0.78
348.948066 0.79
349.003699 0.78
349.067449 0.78
349.136078 0.80
349.191070 0.79
349.246076 0.79
349.304453 0.80
349.373579 0.78
349.427852 0.77
349.483365 0.76
349.556078 0.78
349.620767 0.77
349.682085 0.78
349.741740 0.78
349.796858 0.77
349.856578 0.78
349.906723 0.80
349.961588 0.78
350.026581 0.77
350.087857 0.80
350.157991 0.78
350.217851 0.79
350.277583 0.80
350.336582 0.79
350.406976 0.80
350.466852 0.77
350.532334 0.78
350.586853 0.79
350.656871 0.79
350.720974 0.79
350.784846 0.78
350.857466 0.78
350.921772 0.80
350.991765 0.78
351.061587 0.78
351.107868 0.76
351.167637 0.78
351.232637 0.80
351.297492 0.78
351.357213 0.76
351.416471 0.80
351.489635 0.80
351.549087 0.79
351.608855 0.78
351.674865 0.78
351.735628 0.80
351.796472 0.78
351.855870 0.78
351.911762 0.78
351.971597 0.80
352.032216 0.79
352.106466 0.79
352.170468 0.78
352.234471 0.79
352.298471 0.80
352.357342 0.80
352.421754 0.76
352.473254 0.78
352.527344 0.77
352.591653 0.78
352.652995 0.78
352.712765 0.78
352.771983 0.79
352.831771 0.77
352.891484 0.77
352.945480 0.78
353.010484 0.78
353.080656 0.79
353.141980 0.78
353.201730 0.78
353.261486 0.78
353.325992 0.76
353.385732 0.79
353.445490 0.79
353.515484 0.78
353.585483 0.78
353.650485 0.78
353.720489 0.78
353.790646 0.78
353.862358 0.79
353.932491 0.78
354.002677 0.80
354.063642 0.80
354.128489 0.79
354.193494 0.77
354.263360 0.77
354.338655 0.77
354.403663 0.79
354.468499 0.78
354.538655 0.78
354.598362 0.78
354.652499 0.78
354.717505 0.77
354.782368 0.80
354.843501 0.80
354.908366 0.77
354.969656 0.78
355.030185 0.78
355.084663 0.78
355.144510 0.79
355.201493 0.79
355.262122 0.79
355.316678 0.76
355.370636 0.78
355.431125 0.78
355.485668 0.79
355.545369 0.78
355.606680 0.79
355.666371 0.78
355.731372 0.79
355.792753 0.80
355.853665 0.78
355.920373 0.80
355.986131 0.79
356.040501 0.79
356.101373 0.79
356.171381 0.79
356.241520 0.78
356.302373 0.78
356.361681 0.78
356.421376 0.78
356.471504 0.76
356.526514 0.79
356.591380 0.80
356.661754 0.76
356.731511 0.78
356.796379 0.79
356.855771 0.79
356.925384 0.77
356.990376 0.80
357.055380 0.78
357.119628 0.78
357.178517 0.78
357.244896 0.77
357.309258 0.77
357.368699 0.79
357.424900 0.79
357.484680 0.79
357.538631 0.79
357.599255 0.79
357.663513 0.78
357.724789 0.77
357.789383 0.78
357.848510 0.79
357.903771 0.78
357.964516 0.77
358.019909 0.79
358.084513 0.78
358.143777 0.78
358.198634 0.79
358.252260 0.78
358.316385 0.77
358.380636 0.78
358.444637 0.80
358.505519 0.77
358.564638 0.79
358.631271 0.77
358.685393 0.76
358.751266 0.78
358.801524 0.79
358.855928 0.76
358.915269 0.79
358.974768 0.78
359.038941 0.79
359.098268 0.78
359.157394 0.78
359.226776 0.80
359.281520 0.78
359.345643 0.79
359.409652 0.81
359.468268 0.78
359.532269 0.77
359.596274 0.78
359.666035 0.78
359.735271 0.79
359.799396 0.79
359.868772 0.78
359.928532 0.79
359.993041 0.80
360.057274 0.79
360.111273 0.80
360.170149 0.78
360.234274 0.80
360.298274 0.79
360.362275 0.78
360.426043 0.79
360.495151 0.81
360.559152 0.78
360.623277 0.80
360.687277 0.77
360.751278 0.76
360.815153 0.76
360.882547 0.76
360.936279 0.79
360.997155 0.77
361.056280 0.79
361.115156 0.78
361.168672 0.78
361.234285 0.78
361.289282 0.78
361.339286 0.78
361.389162 0.78
361.443289 0.79
361.498285 0.78
361.553545 0.78
361.614414 0.80
361.686165 0.78
361.746918 0.79
361.816286 0.79
361.866411 0.79
361.926917 0.79
361.991415 0.78
362.061928 0.78
362.126289 0.80
362.176424 0.77
362.236170 0.77
362.301062 0.77
362.365304 0.76
362.425047 0.79
362.479045 0.78
362.543939 0.78
362.618295 0.77
362.677293 0.76
362.736548 0.79
362.811429 0.77
362.867717 0.79
362.934173 0.78
362.995173 0.79
363.056428 0.79
363.112590 0.79
363.172300 0.77
363.233178 0.77
363.294569 0.78
363.350185 0.79
363.405588 0.79
363.475428 0.80
363.539426 0.79
363.604177 0.79
363.665178 0.79
363.719070 0.80
363.783188 0.80
363.833052 0.78
363.896943 0.79
363.965820 0.79
364.025181 0.79
364.075053 0.79
364.139070 0.80
364.203190 0.77
364.253179 0.77
364.303316 0.80
364.363061 0.76
364.417310 0.80
364.481432 0.78
364.536308 0.78
364.605431 0.78
364.660823 0.78
364.729954 0.79
364.799077 0.78
364.858317 0.78
364.913311 0.79
364.983838 0.78
365.053196 0.78
365.128062 0.78
365.182320 0.79
365.241836 0.78
365.311959 0.78
365.371325 0.78
365.431070 0.79
365.492201 0.79
365.556441 0.76
365.620721 0.80
365.685189 0.76
365.749440 0.78
365.809961 0.78
365.873834 0.76
365.932957 0.78
365.997070 0.80
366.061084 0.80
366.125199 0.78
366.190960 0.78
366.254964 0.78
366.318961 0.78
366.382960 0.78
366.436446 0.80
366.489960 0.80
366.553969 0.80
366.618087 0.79
366.677090 0.79
366.737322 0.78
366.801324 0.80
366.854970 0.78
366.918967 0.78
366.982966 0.79
367.046967 0.79
367.106203 0.77
367.166735 0.77
367.220970 0.78
367.284973 0.78
367.349096 0.80
367.404211 0.78
367.462967 0.77
367.517212 0.78
367.576332 0.78
367.655582 0.78
367.725081 0.76
367.779973 0.80
367.839214 0.78
367.917213 0.79
367.976853 0.79
368.041217 0.78
368.114099 0.78
368.178981 0.79
368.238336 0.79
368.302977 0.78
368.362218 0.78
368.428338 0.78
368.499857 0.79
368.564099 0.77
368.634341 0.79
368.693870 0.79
368.753215 0.79
368.822748 0.80
368.887227 0.79
368.966744 0.80
369.041870 0.76
369.101100 0.78
369.154980 0.80
369.214102 0.80
369.273867 0.78
369.327757 0.78
369.386750 0.80
369.445751 0.78
369.499218 0.78
369.559598 0.78
369.623876 0.80
369.688870 0.79
369.743003 0.78
369.792867 0.78
369.852107 0.79
369.911871 0.78
369.966109 0.78
370.020225 0.76
370.079983 0.79
370.146227 0.78
370.205746 0.79
370.278759 0.81
370.337755 0.77
370.397113 0.79
370.466476 0.79
370.530883 0.79
370.589758 0.79
370.648994 0.78
370.718885 0.78
370.789107 0.79
370.853998 0.78
370.923890 0.79
370.988877 0.79
371.043233 0.80
371.102233 0.78
371.166881 0.80
371.231648 0.79
371.296360 0.78
371.367888 0.79
371.432883 0.80
371.494117 0.77
371.554749 0.78
371.613750 0.78
371.678021 0.79
371.737236 0.79
371.801740 0.76
371.861007 0.78
371.921656 0.78
371.991503 0.78
372.064112 0.77
372.128651 0.80
372.192887 0.80
372.248011 0.79
372.308664 0.79
372.367650 0.77
372.432122 0.80
372.492743 0.79
372.543011 0.78
372.602118 0.79
372.655643 0.78
372.719758 0.79
372.778758 0.78
372.837746 0.78
372.896652 0.77
372.955901 0.79
373.011121 0.78
373.080371 0.79
373.149762 0.78
373.203647 0.76
373.268007 0.78
373.332896 0.79
373.402627 0.76
373.466786 0.78
373.525764 0.78
373.584696 0.78
373.659501 0.76
373.728766 0.79
373.7