0.000000 0.000000
0.068802 0.89
0.135136 0.89
0.218762 0.89
0.279256 0.89
0.335255 0.89
0.391252 0.89
0.447255 0.88
0.503253 0.88
0.559253 0.87
0.615255 0.88
0.671255 0.89
0.731798 0.89
0.798494 0.89
0.858489 0.89
0.923697 0.78
0.983488 0.78
1.043001 0.79
1.112623 0.79
1.181757 0.79
1.247358 0.79
1.311234 0.78
1.385499 0.79
1.450370 0.78
1.528618 0.78
1.598363 0.78
1.657363 0.78
1.721362 0.78
1.785362 0.77
1.849238 0.79
1.923364 0.79
1.987365 0.79
2.046364 0.78
2.110365 0.78
2.174366 0.78
2.238241 0.79
2.302241 0.78
2.366493 0.79
2.430368 0.79
2.494243 0.78
2.558370 0.78
2.622244 0.79
2.686370 0.79
2.750245 0.79
2.814371 0.78
2.878372 0.79
2.942372 0.78
3.006373 0.79
3.070248 0.78
3.134374 0.80
3.198249 0.78
3.262499 0.78
3.317250 0.78
3.386250 0.80
3.450251 0.79
3.514376 0.77
3.578252 0.78
3.642378 0.80
3.706253 0.77
3.770253 0.79
3.834254 0.79
3.898254 0.79
3.962505 0.78
4.017380 0.78
4.081381 0.78
4.145257 0.78
4.209257 0.79
4.273258 0.78
4.337383 0.78
4.401259 0.78
4.465259 0.78
4.529509 0.80
4.598636 0.78
4.657636 0.78
4.721636 0.79
4.785637 0.79
4.855153 0.79
4.924263 0.77
4.988389 0.77
5.052014 0.80
5.117265 0.78
5.180765 0.79
5.239140 0.79
5.307766 0.79
5.362643 0.78
5.422642 0.79
5.481017 0.79
5.546267 0.79
5.601268 0.78
5.652393 0.78
5.710769 0.79
5.769145 0.78
5.825395 0.79
5.876021 0.78
5.924145 0.79
5.987646 0.78
6.046021 0.78
6.114647 0.78
6.173022 0.78
6.241649 0.78
6.300023 0.80
6.368649 0.78
6.427024 0.79
6.497026 0.78
6.551525 0.78
6.615026 0.78
6.683651 0.77
6.742027 0.77
6.810653 0.78
6.869028 0.78
6.937654 0.78
6.996029 0.79
7.064656 0.78
7.123030 0.78
7.191657 0.79
7.250031 0.79
7.318658 0.77
7.377032 0.78
7.445659 0.78
7.504033 0.78
7.572659 0.79
7.627660 0.79
7.682534 0.77
7.742534 0.78
7.802535 0.78
7.866036 0.77
7.934662 0.78
7.989536 0.77
8.049537 0.78
8.109537 0.78
8.169538 0.78
8.229538 0.79
8.289539 0.79
8.347915 0.78
8.413165 0.78
8.468166 0.79
8.523166 0.79
8.574292 0.79
8.633917 0.78
8.682042 0.80
8.738292 0.78
8.788919 0.79
8.837043 0.78
8.893294 0.78
8.943921 0.79
8.998420 0.78
9.061920 0.78
9.130546 0.79
9.188922 0.78
9.257547 0.77
9.315922 0.79
9.384548 0.77
9.442923 0.78
9.511549 0.78
9.569925 0.77
9.638550 0.78
9.696926 0.78
9.765551 0.78
9.823926 0.79
9.892552 0.78
9.950928 0.79
10.019553 0.77
10.077929 0.77
10.146554 0.79
10.204929 0.79
10.273555 0.79
10.328555 0.79
10.383556 0.77
10.441932 0.78
10.510557 0.77
10.568937 0.79
10.637559 0.78
10.692433 0.80
10.752434 0.79
10.812434 0.79
10.872435 0.78
10.932435 0.80
10.990811 0.79
11.056061 0.78
11.119562 0.78
11.174438 0.78
11.232813 0.78
11.298064 0.78
11.353064 0.78
11.408064 0.79
11.459190 0.79
11.518817 0.77
11.566941 0.78
11.623191 0.79
11.682818 0.78
11.737317 0.77
11.800818 0.79
11.869443 0.79
11.927818 0.79
11.996444 0.78
12.054819 0.79
12.123445 0.79
12.181820 0.77
12.250446 0.77
12.308821 0.78
12.377448 0.79
12.435823 0.78
12.504448 0.78
12.562824 0.79
12.631449 0.78
12.689824 0.78
12.758450 0.78
12.816826 0.79
12.885451 0.80
12.935332 0.77
13.004860 0.79
13.074096 0.77
13.137860 0.78
13.206972 0.76
13.271331 0.77
13.335331 0.78
13.409734 0.79
13.484097 0.78
13.547860 0.77
13.616709 0.79
13.691102 0.79
13.740739 0.78
13.806335 0.79
13.865335 0.79
13.918851 0.79
13.982977 0.78
14.043462 0.79
14.105462 0.78
14.167338 0.80
14.220855 0.78
14.281339 0.78
14.345214 0.79
14.408867 0.77
14.477869 0.78
14.546716 0.78
14.612342 0.79
14.670871 0.77
14.731342 0.79
14.784872 0.78
14.848718 0.79
14.917719 0.79
14.986720 0.77
15.055720 0.78
15.124721 0.79
15.193721 0.77
15.262876 0.79
15.331723 0.80
15.405723 0.78
15.479753 0.77
15.543751 0.78
15.607881 0.79
15.676880 0.79
15.741119 0.78
15.805226 0.78
15.874351 0.77
15.934756 0.79
16.009118 0.78
16.073228 0.78
16.138607 0.79
16.208122 0.77
16.272230 0.77
16.337609 0.79
16.407122 0.77
16.478356 0.78
16.534637 0.78
16.582884 0.76
16.643358 0.79
16.699638 0.79
16.756358 0.78
16.820359 0.79
16.873888 0.78
16.932888 0.78
16.993361 0.78
17.052236 0.78
17.116361 0.79
17.175237 0.79
17.239363 0.78
17.298129 0.78
17.362364 0.78
17.421239 0.78
17.485240 0.79
17.538766 0.78
17.602894 0.78
17.666770 0.77
17.725623 0.78
17.789623 0.78
17.853772 0.78
17.912243 0.78
17.965772 0.79
18.030012 0.79
18.099369 0.77
18.163370 0.78
18.227246 0.78
18.280656 0.79
18.345013 0.78
18.409247 0.78
18.478498 0.78
18.547902 0.78
18.612016 0.78
18.676124 0.79
18.745500 0.79
18.814777 0.78
18.878780 0.79
18.937654 0.79
19.001654 0.79
19.065657 0.78
19.129782 0.77
19.198905 0.78
19.255503 0.79
19.319660 0.79
19.383784 0.78
19.442660 0.79
19.506785 0.78
19.565661 0.77
19.629784 0.79
19.688660 0.78
19.752786 0.80
19.811661 0.78
19.875788 0.79
19.934666 0.78
19.998789 0.79
20.057666 0.78
20.121788 0.79
20.180666 0.79
20.244791 0.79
20.303668 0.78
20.367792 0.80
20.426669 0.79
20.490793 0.78
20.549669 0.78
20.613794 0.77
20.672670 0.78
20.736794 0.78
20.795671 0.80
20.859796 0.79
20.918672 0.79
20.982795 0.79
21.041672 0.78
21.105798 0.78
21.164674 0.79
21.228769 0.79
21.287674 0.79
21.351771 0.79
21.410676 0.79
21.474772 0.79
21.533677 0.79
21.597772 0.79
21.656678 0.79
21.720774 0.79
21.784399 0.78
21.849677 0.78
21.913775 0.77
21.972680 0.79
22.036776 0.77
22.095682 0.80
22.154402 0.79
22.218152 0.79
22.268154 0.77
22.323170 0.79
22.374433 0.78
22.432921 0.78
22.496405 0.77
22.557780 0.78
22.612530 0.79
22.672436 0.78
22.722049 0.78
22.780687 0.78
22.839408 0.79
22.904438 0.79
22.954050 0.78
23.012690 0.79
23.071409 0.79
23.132785 0.80
23.187410 0.78
23.257441 0.78
23.307054 0.78
23.365693 0.78
23.424412 0.79
23.493181 0.77
23.556928 0.76
23.620538 0.78
23.684414 0.79
23.753182 0.78
23.811933 0.78
23.880931 0.80
23.944541 0.79
24.008417 0.78
24.077417 0.77
24.146185 0.78
24.205061 0.79
24.273937 0.78
24.343062 0.78
24.411938 0.79
24.472186 0.78
24.535940 0.78
24.597325 0.79
24.651064 0.79
24.715064 0.79
24.778815 0.78
24.842424 0.78
24.912329 0.78
24.959705 0.79
25.009550 0.78
25.064331 0.80
25.111704 0.78
25.161426 0.78
25.225302 0.78
25.286707 0.79
25.336427 0.79
25.396334 0.78
25.443706 0.80
25.493554 0.79
25.552554 0.79
25.611305 0.79
25.682073 0.79
25.745822 0.79
25.799306 0.79
25.869307 0.79
25.923807 0.79
25.987307 0.77
26.055933 0.78
26.114308 0.77
26.188184 0.78
26.256809 0.77
26.320309 0.79
26.388935 0.79
26.447311 0.79
26.515936 0.77
26.574311 0.79
26.642937 0.78
26.701313 0.78
26.769938 0.79
26.828314 0.78
26.896939 0.78
26.955315 0.78
27.023940 0.79
27.082315 0.77
27.150942 0.79
27.209316 0.79
27.277943 0.79
27.332943 0.79
27.387818 0.79
27.447818 0.78
27.507820 0.78
27.571320 0.79
27.639946 0.79
27.694821 0.77
27.754821 0.78
27.814822 0.79
27.874822 0.78
27.933198 0.77
27.998323 0.78
28.068199 0.78
28.116324 0.78
28.176450 0.77
28.227574 0.79
28.287201 0.79
28.335326 0.79
28.391576 0.77
28.440952 0.77
28.499327 0.78
28.562827 0.79
28.621203 0.80
28.689828 0.79
28.748205 0.79
28.816830 0.79
28.875206 0.80
28.943831 0.78
29.002207 0.78
29.070832 0.78
29.129207 0.79
29.197833 0.79
29.256208 0.78
29.324834 0.78
29.383209 0.77
29.451835 0.79
29.510210 0.78
29.578836 0.79
29.637211 0.78
29.705837 0.78
29.764212 0.79
29.832838 0.78
29.891214 0.77
29.965089 0.79
30.033715 0.78
30.093840 0.79
30.152215 0.78
30.220841 0.79
30.275717 0.79
30.339217 0.78
30.407842 0.78
30.462718 0.78
30.522719 0.78
30.582719 0.79
30.642720 0.79
30.701095 0.79
30.766345 0.79
30.829846 0.79
30.888221 0.79
30.944472 0.78
31.002847 0.79
31.061223 0.79
31.121348 0.79
31.172474 0.79
31.221849 0.78
31.280224 0.78
31.343725 0.79
31.402100 0.79
31.470726 0.79
31.529102 0.79
31.597728 0.79
31.656103 0.78
31.717478 0.79
31.768105 0.79
31.822607 0.78
31.886104 0.79
31.954730 0.78
32.013106 0.79
32.081731 0.80
32.140106 0.77
32.208732 0.79
32.267108 0.78
32.335736 0.79
32.399610 0.78
32.463765 0.78
32.538236 0.78
32.597362 0.78
32.661237 0.79
32.720362 0.78
32.779363 0.79
32.838238 0.79
32.897364 0.78
32.961240 0.78
33.020365 0.78
33.079365 0.79
33.133365 0.78
33.187366 0.78
33.246241 0.79
33.305367 0.79
33.364367 0.78
33.423243 0.78
33.482368 0.78
33.546658 0.80
33.605494 0.79
33.671025 0.78
33.726026 0.78
33.775660 0.78
33.839658 0.79
33.894655 0.77
33.949657 0.79
34.015248 0.77
34.074139 0.79
34.130372 0.79
34.181016 0.79
34.235499 0.78
34.299500 0.79
34.365029 0.78
34.425142 0.79
34.489376 0.78
34.544377 0.78
34.613660 0.77
34.677656 0.79
34.732503 0.79
34.801906 0.78
34.871147 0.78
34.935380 0.78
35.010023 0.78
35.079381 0.77
35.154024 0.77
35.223382 0.78
35.292664 0.78
35.356666 0.78
35.422664 0.78
35.481664 0.78
35.551260 0.79
35.605261 0.78
35.659261 0.79
35.718153 0.79
35.777263 0.78
35.836262 0.78
35.890263 0.77
35.949156 0.79
36.008264 0.78
36.067265 0.79
36.126156 0.79
36.185265 0.79
36.244266 0.77
36.298266 0.78
36.348267 0.79
36.403267 0.78
36.458268 0.78
36.517268 0.78
36.567268 0.79
36.622269 0.78
36.677269 0.79
36.732270 0.78
36.787270 0.78
36.842270 0.79
36.897271 0.78
36.952271 0.79
37.007272 0.79
37.062272 0.78
37.117273 0.78
37.172273 0.79
37.227274 0.78
37.282274 0.79
37.337274 0.79
37.392275 0.79
37.447275 0.79
37.502276 0.79
37.557276 0.77
37.612277 0.78
37.667277 0.79
37.731169 0.81
37.790278 0.79
37.854168 0.78
37.913279 0.79
37.977172 0.79
38.036280 0.78
38.100173 0.79
38.159048 0.80
38.227924 0.80
38.301923 0.79
38.360925 0.78
38.434783 0.79
38.503800 0.77
38.577926 0.79
38.636925 0.78
38.705925 0.78
38.779804 0.78
38.836287 0.79
38.901943 0.79
38.960929 0.77
39.029930 0.78
39.098815 0.76
39.164414 0.77
39.218054 0.77
39.276930 0.78
39.337291 0.78
39.400934 0.79
39.465292 0.77
39.530819 0.79
39.580418 0.79
39.639293 0.79
39.699168 0.77
39.754294 0.79
39.818294 0.79
39.892420 0.77
39.946060 0.77
40.004936 0.78
40.069062 0.77
40.132824 0.78
40.201812 0.79
40.276298 0.77
40.335423 0.80
40.394299 0.79
40.463425 0.79
40.532831 0.79
40.597300 0.80
40.661301 0.79
40.725427 0.79
40.784302 0.79
40.850068 0.79
40.908946 0.77
40.977946 0.79
41.046946 0.78
41.115959 0.79
41.184945 0.79
41.253947 0.77
41.322950 0.78
41.391835 0.79
41.460951 0.78
41.529952 0.79
41.598951 0.79
41.668202 0.79
41.742839 0.79
41.812201 0.78
41.876185 0.80
41.940186 0.76
41.999077 0.79
42.048718 0.79
42.114313 0.79
42.173313 0.78
42.226832 0.79
42.290845 0.79
42.355082 0.77
42.409718 0.79
42.475316 0.79
42.528833 0.78
42.592959 0.79
42.653442 0.78
42.715442 0.79
42.779318 0.77
42.832834 0.79
42.891834 0.77
42.955962 0.77
43.020087 0.78
43.089446 0.78
43.148196 0.79
43.212197 0.79
43.276322 0.77
43.329840 0.78
43.393964 0.79
43.458091 0.79
43.522200 0.79
43.591575 0.78
43.655729 0.77
43.725093 0.80
43.789327 0.79
43.848327 0.78
43.912327 0.78
43.965843 0.78
44.029857 0.79
44.094095 0.79
44.163454 0.80
44.227330 0.79
44.282330 0.78
44.337331 0.79
44.393611 0.80
44.447224 0.80
44.516582 0.79
44.585975 0.79
44.640861 0.77
44.705099 0.77
44.769334 0.80
44.825615 0.79
44.873864 0.80
44.937865 0.78
45.001741 0.78
45.065586 0.78
45.131337 0.78
45.195338 0.77
45.259214 0.80
45.317714 0.79
45.386589 0.79
45.448106 0.78
45.522108 0.78
45.580591 0.79
45.654592 0.79
45.723592 0.79
45.792592 0.79
45.861593 0.79
45.930594 0.78
45.999594 0.79
46.068603 0.79
46.137602 0.77
46.206603 0.80
46.275604 0.77
46.344472 0.80
46.418605 0.77
46.487606 0.79
46.556607 0.79
46.625607 0.79
46.694607 0.79
46.763603 0.79
46.827755 0.77
46.891758 0.80
46.955882 0.78
47.019604 0.79
47.083757 0.78
47.147881 0.78
47.211607 0.78
47.275757 0.79
47.335139 0.78
47.394767 0.80
47.459618 0.78
47.519483 0.79
47.569120 0.77
47.629023 0.78
47.688135 0.78
47.742235 0.77
47.801234 0.79
47.865156 0.77
47.922011 0.79
47.976239 0.78
48.028897 0.78
48.088129 0.78
48.152130 0.78
48.209013 0.78
48.264532 0.78
48.328618 0.79
48.392489 0.79
48.461878 0.78
48.528038 0.78
48.587133 0.78
48.651131 0.79
48.720006 0.77
48.789797 0.78
48.850497 0.78
48.914777 0.78
48.973625 0.78
49.032654 0.78
49.093811 0.78
49.143657 0.78
49.202652 0.78
49.261650 0.79
49.320648 0.77
49.379786 0.79
49.429780 0.79
49.485140 0.79
49.544139 0.77
49.603139 0.79
49.665562 0.79
49.724674 0.79
49.783662 0.78
49.842666 0.78
49.906777 0.79
49.960881 0.78
50.020018 0.76
50.076407 0.79
50.131405 0.78
50.187407 0.79
50.243423 0.78
50.298022 0.79
50.356504 0.78
50.420380 0.78
50.481782 0.79
50.531799 0.79
50.586508 0.78
50.645507 0.80
50.709382 0.79
50.770785 0.78
50.826042 0.78
50.896264 0.78
50.953156 0.79
51.017510 0.79
51.076510 0.78
51.135800 0.79
51.195031 0.79
51.259027 0.78
51.327905 0.79
51.391836 0.78
51.457893 0.79
51.517030 0.79
51.581030 0.78
51.645030 0.79
51.714820 0.78
51.784519 0.78
51.843517 0.78
51.907767 0.78
51.977045 0.79
52.041687 0.79
52.100520 0.78
52.164394 0.79
52.233394 0.78
52.298956 0.78
52.358823 0.78
52.418526 0.78
52.482793 0.79
52.542531 0.78
52.598527 0.77
52.659272 0.79
52.723700 0.79
52.789920 0.77
52.852413 0.79
52.918320 0.78
52.979165 0.79
53.045789 0.79
53.110700 0.78
53.160278 0.77
53.226696 0.79
53.276280 0.78
53.351075 0.78
53.415278 0.78
53.476659 0.79
53.531311 0.78
53.578656 0.78
53.628156 0.79
53.688046 0.78
53.752698 0.79
53.811410 0.78
53.875532 0.78
53.939409 0.77
54.004312 0.79
54.069317 0.76
54.133048 0.78
54.186409 0.77
54.251315 0.78
54.314930 0.78
54.368286 0.78
54.437542 0.77
54.496413 0.78
54.565540 0.79
54.619865 0.78
54.680789 0.78
54.744414 0.78
54.808415 0.79
54.872290 0.78
54.946291 0.79
55.010418 0.79
55.074425 0.79
55.128295 0.78
55.197293 0.78
55.261293 0.79
55.330294 0.78
55.404420 0.79
55.468062 0.79
55.518061 0.78
55.573062 0.77
55.622949 0.79
55.678075 0.78
55.733422 0.78
55.787423 0.79
55.847177 0.77
55.896923 0.78
55.955302 0.79
56.024175 0.79
56.089204 0.78
56.142819 0.78
56.198067 0.79
56.254552 0.79
56.309427 0.78
56.364183 0.79
56.411553 0.78
56.466554 0.78
56.517179 0.79
56.565303 0.79
56.621554 0.78
56.676305 0.78
56.741210 0.78
56.795725 0.78
56.849714 0.79
56.913822 0.77
56.977710 0.78
57.041308 0.78
57.101189 0.77
57.150685 0.78
57.214434 0.79
57.278436 0.77
57.342436 0.79
57.406325 0.78
57.470186 0.77
57.539312 0.79
57.608188 0.78
57.677313 0.79
57.741314 0.79
57.810314 0.78
57.874189 0.79
57.938320 0.79
57.997068 0.79
58.057194 0.79
58.125820 0.79
58.180819 0.79
58.235821 0.78
58.290821 0.78
58.351455 0.79
58.410724 0.78
58.474722 0.78
58.538723 0.79
58.597571 0.78
58.661724 0.78
58.725844 0.78
58.795449 0.80
58.854323 0.79
58.914103 0.78
58.963729 0.77
59.023728 0.78
59.093837 0.79
59.158455 0.77
59.213451 0.78
59.278731 0.77
59.333732 0.79
59.388733 0.78
59.443918 0.78
59.514338 0.78
59.573458 0.78
59.623334 0.79
59.682206 0.78
59.746330 0.78
59.810330 0.79
59.869331 0.79
59.928974 0.77
59.994336 0.79
60.058459 0.79
60.113334 0.79
60.177333 0.78
60.236209 0.79
60.300334 0.78
60.355711 0.78
60.414211 0.78
60.478228 0.79
60.542336 0.78
60.606212 0.79
60.670229 0.79
60.733962 0.78
60.802587 0.78
60.866088 0.79
60.934715 0.78
60.989715 0.78
61.050231 0.78
61.110974 0.79
61.179718 0.77
61.234594 0.77
61.294601 0.77
61.354602 0.80
61.414723 0.79
61.479111 0.80
61.548220 0.78
61.606720 0.80
61.660221 0.78
61.724114 0.78
61.788346 0.78
61.851990 0.79
61.917348 0.78
61.967098 0.80
62.031974 0.78
62.079349 0.79
62.134362 0.78
62.189240 0.78
62.253350 0.76
62.303351 0.79
62.358351 0.79
62.413352 0.78
62.462979 0.78
62.537353 0.77
62.588006 0.78
62.642870 0.80
62.702479 0.79
62.766354 0.78
62.820872 0.79
62.880609 0.79
62.955232 0.77
63.014124 0.79
63.077611 0.78
63.138126 0.79
63.202233 0.79
63.261358 0.79
63.324874 0.78
63.393887 0.78
63.458359 0.78
63.518610 0.79
63.579236 0.78
63.637865 0.78
63.697989 0.79
63.766618 0.80
63.821620 0.78
63.876619 0.78
63.934991 0.78
64.008882 0.80
64.077882 0.80
64.146623 0.78
64.210491 0.77
64.268866 0.79
64.338912 0.78
64.408243 0.79
64.458118 0.79
64.521868 0.79
64.587118 0.79
64.651010 0.79
64.715140 0.78
64.774121 0.77
64.833126 0.78
64.892247 0.79
64.947263 0.78
65.002247 0.77
65.057248 0.78
65.123161 0.79
65.178377 0.78
65.243904 0.78
65.303890 0.78
65.373903 0.79
65.434015 0.78
65.498128 0.78
65.557252 0.78
65.612252 0.77
65.667252 0.79
65.722019 0.77
65.785908 0.77
65.847136 0.78
65.903026 0.78
65.971755 0.78
66.040505 0.78
66.109506 0.78
66.179009 0.79
66.242511 0.78
66.297510 0.79
66.355885 0.78
66.424510 0.79
66.482887 0.78
66.552395 0.78
66.608515 0.79
66.683263 0.78
66.747388 0.78
66.807780 0.77
66.878387 0.79
66.938041 0.79
66.992018 0.79
67.055904 0.78
67.124792 0.79
67.189265 0.78
67.263390 0.77
67.332391 0.79
67.391266 0.79
67.461795 0.79
67.522267 0.79
67.592795 0.79
67.647920 0.79
67.716769 0.78
67.785770 0.77
67.859770 0.77
67.934271 0.79
67.992896 0.79
68.061772 0.78
68.131802 0.78
68.187802 0.80
68.256773 0.78
68.330774 0.79
68.405043 0.78
68.468775 0.78
68.542775 0.77
68.616921 0.79
68.685919 0.78
68.760932 0.79
68.830406 0.79
68.904905 0.78
68.973919 0.79
69.042922 0.78
69.112291 0.78
69.172413 0.79
69.230910 0.79
69.294410 0.77
69.349409 0.78
69.407784 0.78
69.482415 0.78
69.547056 0.78
69.601963 0.78
69.656689 0.78
69.720690 0.80
69.786286 0.77
69.861294 0.78
69.923288 0.78
69.987287 0.78
70.040691 0.79
70.106413 0.78
70.170178 0.78
70.234416 0.78
70.296416 0.78
70.360165 0.77
70.415166 0.78
70.484291 0.79
70.537810 0.78
70.601934 0.80
70.666061 0.79
70.715810 0.78
70.776418 0.79
70.831187 0.78
70.896699 0.80
70.961687 0.80
71.025421 0.79
71.089296 0.77
71.142814 0.79
71.206939 0.77
71.271064 0.78
71.330081 0.80
71.393816 0.78
71.457705 0.76
71.526702 0.79
71.595706 0.79
71.664706 0.80
71.739189 0.80
71.798302 0.80
71.851707 0.79
71.920705 0.76
71.989706 0.80
72.058706 0.77
72.127707 0.79
72.196571 0.78
72.256708 0.79
72.330711 0.79
72.394713 0.79
72.458307 0.77
72.513184 0.79
72.573182 0.77
72.642184 0.79
72.706309 0.79
72.761185 0.78
72.816310 0.78
72.871186 0.79
72.929563 0.77
72.990939 0.78
73.050567 0.77
73.105065 0.78
73.168564 0.78
73.229940 0.78
73.284563 0.79
73.348718 0.78
73.412719 0.79
73.476842 0.79
73.540566 0.78
73.609833 0.77
73.668819 0.76
73.727721 0.78
73.791568 0.80
73.855723 0.77
73.914730 0.77
73.973725 0.79
74.033213 0.79
74.097700 0.78
74.161571 0.78
74.225724 0.78
74.284196 0.78
74.342724 0.77
74.406572 0.79
74.470573 0.78
74.539839 0.78
74.603868 0.78
74.655850 0.78
74.714826 0.79
74.773576 0.79
74.837731 0.77
74.896703 0.79
74.960845 0.78
75.019455 0.79
75.081578 0.79
75.150453 0.78
75.214207 0.77
75.269209 0.77
75.329205 0.79
75.384081 0.79
75.448206 0.79
75.503206 0.78
75.558082 0.79
75.613207 0.79
75.668334 0.79
75.723110 0.78
75.792100 0.78
75.856100 0.79
75.924960 0.78
75.988460 0.80
76.044854 0.80
76.099586 0.79
76.155853 0.77
76.210462 0.78
76.287588 0.78
76.338853 0.79
76.389468 0.79
76.443964 0.78
76.507467 0.78
76.576090 0.77
76.634591 0.79
76.699497 0.78
76.753967 0.78
76.817592 0.80
76.886605 0.80
76.950111 0.78
77.008594 0.78
77.077344 0.78
77.145985 0.79
77.209603 0.80
77.273099 0.77
77.331471 0.78
77.395115 0.78
77.453728 0.78
77.512114 0.79
77.567115 0.79
77.632474 0.80
77.701225 0.77
77.759603 0.78
77.818102 0.79
77.878351 0.78
77.952351 0.77
78.017605 0.79
78.082382 0.78
78.141119 0.76
78.204882 0.79
78.268479 0.77
78.328608 0.76
78.388361 0.78
78.446881 0.77
78.506980 0.77
78.565358 0.77
78.626761 0.80
78.677385 0.78
78.731857 0.79
78.795483 0.79
78.851757 0.79
78.906359 0.80
78.967736 0.78
79.018388 0.77
79.072861 0.76
79.131360 0.78
79.200004 0.78
79.253486 0.79
79.317487 0.78
79.382368 0.79
79.431878 0.78
79.490783 0.78
79.554620 0.78
79.609399 0.77
79.668740 0.78
79.732366 0.79
79.791621 0.79
79.850119 0.78
79.919494 0.79
79.983118 0.77
80.041634 0.79
80.105494 0.78
80.169120 0.77
80.233012 0.77
80.297121 0.79
80.360887 0.78
80.435001 0.79
80.489126 0.79
80.553500 0.79
80.617505 0.78
80.686668 0.77
80.743377 0.79
80.800672 0.78
80.855511 0.78
80.909249 0.79
80.978665 0.79
81.031281 0.79
81.090386 0.79
81.154768 0.77
81.218503 0.78
81.282504 0.79
81.338129 0.78
81.390661 0.79
81.440380 0.78
81.496662 0.79
81.546255 0.79
81.612028 0.79
81.668634 0.79
81.723381 0.79
81.792383 0.79
81.851258 0.78
81.921287 0.79
81.976259 0.78
82.045259 0.77
82.114010 0.78
82.167662 0.79
82.236778 0.79
82.300386 0.79
82.364512 0.79
82.423262 0.79
82.487266 0.79
82.561140 0.78
82.620029 0.79
82.683769 0.78
82.742265 0.77
82.816400 0.79
82.880142 0.80
82.954141 0.78
83.022895 0.79
83.076268 0.78
83.145032 0.79
83.198786 0.78
83.257394 0.78
83.326148 0.78
83.386270 0.79
83.455021 0.79
83.518771 0.78
83.577396 0.79
83.641147 0.78
83.715398 0.79
83.784148 0.79
83.847901 0.79
83.903042 0.80
83.966679 0.78
84.025275 0.79
84.084043 0.79
84.135154 0.79
84.204277 0.78
84.264530 0.78
84.328277 0.79
84.392403 0.78
84.456283 0.79
84.521181 0.78
84.581279 0.78
84.637529 0.80
84.688162 0.78
84.737685 0.78
84.791407 0.78
84.855157 0.79
84.929159 0.79
84.998537 0.