0.000000 0.000000
0.052567 42.78
0.117598 42.78
0.184283 42.78
0.244012 42.78
0.293884 42.22
0.362759 42.22
0.416369 42.22
0.475119 42.22
0.528883 42.22
0.599272 42.22
0.652886 42.22
0.717136 42.22
0.777037 42.22
0.833132 42.22
0.908907 42.22
0.979020 42.22
1.038378 42.22
1.097251 42.22
1.161251 42.22
1.225250 42.22
1.289251 42.22
1.353127 42.22
1.413266 42.22
1.483382 42.22
1.553256 42.22
1.617254 42.22
1.681254 42.22
1.745255 42.22
1.809255 42.22
1.873255 42.22
1.937256 42.22
2.006007 42.22
2.064898 42.22
2.138647 42.22
2.192259 42.22
2.256259 42.22
2.320259 42.22
2.384260 42.22
2.448260 42.22
2.512260 42.22
2.576136 42.22
2.631387 42.22
2.690262 42.22
2.750513 42.22
2.809388 42.22
2.869514 42.22
2.933665 42.22
2.983140 42.22
3.040141 42.22
3.093782 42.22
3.164142 42.22
3.217781 42.22
3.288143 42.22
3.333783 42.22
3.404144 42.22
3.453782 42.22
3.522660 42.22
3.575145 42.22
3.620785 42.22
3.691174 42.22
3.736911 42.22
3.797172 42.22
3.842911 42.22
3.901661 42.22
3.957524 42.22
4.013525 42.22
4.082789 42.22
4.151665 42.22
4.215528 42.22
4.284675 42.22
4.358552 42.22
4.422675 41.67
4.486528 41.67
4.550917 41.67
4.614793 41.67
4.688530 41.67
4.757680 41.67
4.826670 41.67
4.890531 41.67
4.959679 41.67
5.028532 41.67
5.097535 41.67
5.161672 41.67
5.230537 41.67
5.294535 41.67
5.368562 41.67
5.432563 41.67
5.496536 41.67
5.560537 41.67
5.624537 41.67
5.688538 41.67
5.752538 41.67
5.816539 41.67
5.880539 41.67
5.944541 41.67
6.008567 41.67
6.072541 41.67
6.136681 41.67
6.200568 41.67
6.264943 41.67
6.323568 41.67
6.387568 41.67
6.451570 41.67
6.515571 41.67
6.579570 41.67
6.643569 41.67
6.707571 41.67
6.771572 41.67
6.835547 41.67
6.899574 41.67
6.963574 41.67
7.032571 41.67
7.101422 41.67
7.159938 41.67
7.223549 41.67
7.292424 41.67
7.350940 41.67
7.414553 41.67
7.488425 41.67
7.546942 41.67
7.617427 41.67
7.694553 41.67
7.768554 41.67
7.842437 41.67
7.921437 41.67
7.979944 41.67
8.050438 41.67
8.124439 41.67
8.179306 41.67
8.234307 41.67
8.289308 41.67
8.344308 41.67
8.397558 41.67
8.466437 41.67
8.535442 41.67
8.604310 41.67
8.662949 41.67
8.726952 41.67
8.790951 41.67
8.868441 41.67
8.927444 41.67
8.991442 41.67
9.055443 41.67
9.114445 41.67
9.183064 41.67
9.241955 41.67
9.305957 41.67
9.366067 41.67
9.421067 41.67
9.479956 41.67
9.543958 41.67
9.604068 41.67
9.662959 41.67
9.726960 41.67
9.790962 41.67
9.854961 41.67
9.918962 41.67
9.983071 41.67
10.046963 41.67
10.110962 41.67
10.174963 41.67
10.238962 41.67
10.302965 41.67
10.366966 41.67
10.431074 41.67
10.494966 41.67
10.558965 41.67
10.627965 41.67
10.691965 41.67
10.766453 41.67
10.830454 41.67
10.894457 41.67
10.953454 41.67
11.017455 41.67
11.081456 41.67
11.145456 41.67
11.209460 41.67
11.268457 41.67
11.332458 41.67
11.396459 41.67
11.465974 41.67
11.524725 41.67
11.583460 41.67
11.647460 41.67
11.711486 41.67
11.775463 41.67
11.830463 41.67
11.899976 41.67
11.954726 41.67
12.013463 41.67
12.068338 41.67
12.119089 41.67
12.173964 41.67
12.237980 41.67
12.297965 41.67
12.357966 41.67
12.421979 41.67
12.477966 41.67
12.552216 41.67
12.603092 41.67
12.654092 41.67
12.714619 41.67
12.778469 41.67
12.837344 41.67
12.893344 41.67
12.967471 41.67
13.036621 41.67
13.095473 41.67
13.154346 41.67
13.223503 41.67
13.287989 41.67
13.367224 41.67
13.432625 41.67
13.486349 41.67
13.550224 41.67
13.603864 41.67
13.662741 41.67
13.728351 41.67
13.802226 41.67
13.871227 41.67
13.941744 41.67
13.995354 41.67
14.064354 41.67
14.134730 41.67
14.198619 41.67
14.257230 41.67
14.326231 41.67
14.396733 41.67
14.446357 41.67
14.516734 41.67
14.570358 41.67
14.640735 41.67
14.686359 41.67
14.756736 41.67
14.802359 41.67
14.872737 41.67
14.918360 41.67
14.988737 41.67
15.034362 41.67
15.108114 41.67
15.173112 41.67
15.224002 41.67
15.282614 41.67
15.341239 41.67
15.392004 41.67
15.450615 41.67
15.509241 41.67
15.583117 41.67
15.657117 41.67
15.731117 41.67
15.796522 41.67
15.855368 41.67
15.919369 41.67
15.983369 41.67
16.047370 41.67
16.111370 41.67
16.175371 41.67
16.244121 41.67
16.318122 41.67
16.382123 41.67
16.442776 41.67
16.506374 41.67
16.561775 41.67
16.627125 41.67
16.697654 41.67
16.758000 41.67
16.832126 41.67
16.902654 41.67
16.961377 41.67
17.016645 41.67
17.066128 41.67
17.136646 41.67
17.186254 41.67
17.256646 41.67
17.306130 41.67
17.376645 41.67
17.422131 41.67
17.491132 41.67
17.565257 41.67
17.629133 41.67
17.699649 41.67
17.759525 41.67
17.805134 41.67
17.874135 41.67
17.943136 41.67
18.007136 41.67
18.076136 41.67
18.150262 41.67
18.219137 41.67
18.293263 41.67
18.357389 41.67
18.421139 41.67
18.495264 41.67
18.564140 41.67
18.638141 41.67
18.707141 41.67
18.781142 41.67
18.855267 41.67
18.924144 41.67
18.988144 41.67
19.057144 41.67
19.131269 41.67
19.205145 41.67
19.279271 41.67
19.348146 41.67
19.417148 41.67
19.491147 41.67
19.565273 41.67
19.629149 41.67
19.703275 41.67
19.777276 41.67
19.851275 41.67
19.915026 41.67
19.980529 41.67
20.039152 41.67
20.108278 41.67
20.172154 41.67
20.236028 41.67
20.301533 41.67
20.363533 41.67
20.427559 41.67
20.491405 41.67
20.546681 41.67
20.608560 41.67
20.672549 41.67
20.741534 41.67
20.800158 41.67
20.869159 41.67
20.924159 41.67
20.988285 41.67
21.047285 41.67
21.111285 41.67
21.175050 41.67
21.244162 41.67
21.308162 41.67
21.372163 41.67
21.441289 41.67
21.500163 41.67
21.569289 41.67
21.628165 41.67
21.692165 41.67
21.756166 41.67
21.822041 41.67
21.886042 41.67
21.955293 41.67
22.019293 41.67
22.078044 41.67
22.146918 41.67
22.200294 41.67
22.269045 41.67
22.343062 41.67
22.412063 41.67
22.481047 41.67
22.545048 41.67
22.614048 41.67
22.682940 41.67
22.748427 41.67
22.793937 41.67
22.859428 41.67
22.904942 41.67
22.955551 41.67
23.014051 41.67
23.083065 41.67
23.143437 41.67
23.188944 41.67
23.254439 41.67
23.299944 41.67
23.372054 41.67
23.441069 41.67
23.510071 41.67
23.570439 41.67
23.625056 41.67
23.694070 41.67
23.763070 41.67
23.832073 41.67
23.895949 41.67
23.964950 41.67
24.042443 41.67
24.101185 41.67
24.165185 41.67
24.224061 41.67
24.287951 41.67
24.357187 41.67
24.421187 41.67
24.484952 41.67
24.554188 41.67
24.612953 41.67
24.682189 41.67
24.746190 41.67
24.810191 41.67
24.868955 41.67
24.932957 41.67
25.002192 41.67
25.060958 41.67
25.130193 41.67
25.194193 41.67
25.253069 41.67
25.316836 41.67
25.367446 41.67
25.423447 41.67
25.485071 41.67
25.543963 41.67
25.607962 41.67
25.666964 41.67
25.731073 41.67
25.790073 41.67
25.849074 41.67
25.908074 41.67
25.967075 41.67
26.026076 41.67
26.079964 41.67
26.143965 41.67
26.207967 41.67
26.271968 41.67
26.345969 41.67
26.409968 41.67
26.473970 41.67
26.537970 41.67
26.601968 41.67
26.660972 41.67
26.724972 41.67
26.788970 41.67
26.852971 41.11
26.916973 41.67
26.975973 41.67
27.039975 41.11
27.103973 41.67
27.167973 41.11
27.231976 41.67
27.290977 41.67
27.354961 41.67
27.423962 41.67
27.492962 41.67
27.556838 41.67
27.625838 41.67
27.689979 41.67
27.753980 41.67
27.817980 41.67
27.881980 41.67
27.945980 41.11
28.004979 41.67
28.068982 41.67
28.132983 41.11
28.197093 41.67
28.255983 41.11
28.319735 41.11
28.384969 41.11
28.448862 41.11
28.513971 41.11
28.574241 41.67
28.619735 41.67
28.670346 41.11
28.733987 41.11
28.794229 41.11
28.839738 41.11
28.890348 41.67
28.953974 41.11
29.019230 41.11
29.082740 41.11
29.133350 41.67
29.196976 41.11
29.265628 41.11
29.325352 41.11
29.388978 41.11
29.457603 41.11
29.511103 41.11
29.564746 41.11
29.619354 41.11
29.688105 41.67
29.741745 41.11
29.810606 41.11
29.864107 41.11
29.913747 41.11
29.977357 41.11
30.040983 41.11
30.109608 41.11
30.163109 41.11
30.216998 41.11
30.285609 41.11
30.339110 41.11
30.392752 41.11
30.457986 41.11
30.521611 41.11
30.575112 41.11
30.636988 41.11
30.705614 41.11
30.759113 41.11
30.809114 41.11
30.864365 41.11
30.929507 41.11
30.983115 41.11
31.029115 41.67
31.079117 41.11
31.129117 41.11
31.197758 41.11
31.263119 41.11
31.316759 41.11
31.387120 41.11
31.440760 41.11
31.514633 41.11
31.580121 41.11
31.629761 41.11
31.703638 41.11
31.767522 41.11
31.823498 41.11
31.876124 41.11
31.921889 41.11
31.985637 41.11
32.049639 41.11
32.123528 41.11
32.182641 41.11
32.251642 41.11
32.325529 41.11
32.399528 41.11
32.453002 41.11
32.506627 41.11
32.570253 41.11
32.634004 41.11
32.692538 41.11
32.766654 41.11
32.840506 41.11
32.909647 41.11
32.978646 41.11
33.047656 41.11
33.116508 41.11
33.190509 41.11
33.264509 41.11
33.333510 41.11
33.407511 41.11
33.481511 41.11
33.550512 41.11
33.624513 41.11
33.688513 41.11
33.752513 41.11
33.816514 41.11
33.880515 41.11
33.944515 41.11
34.008534 41.11
34.072656 41.11
34.136516 41.11
34.200517 41.11
34.264517 41.11
34.328518 41.11
34.392518 41.11
34.456521 41.11
34.520520 41.11
34.584520 41.11
34.648521 41.11
34.712521 41.11
34.776522 41.11
34.840522 41.11
34.904525 41.11
34.968524 41.11
35.032523 41.11
35.096524 41.11
35.160525 41.11
35.224526 41.11
35.288526 41.11
35.352529 41.11
35.416526 41.11
35.480527 41.11
35.544528 41.11
35.608528 41.11
35.672529 41.11
35.736530 41.11
35.800559 41.11
35.864558 41.11
35.928556 41.11
35.992558 41.11
36.056559 41.11
36.120558 41.11
36.185048 41.11
36.249047 41.11
36.313048 41.11
36.377049 41.11
36.446561 41.11
36.510562 41.11
36.574562 41.11
36.638563 41.11
36.703053 41.11
36.767053 41.11
36.831054 41.11
36.889929 41.11
36.954164 41.11
37.013053 41.11
37.071930 41.11
37.141040 41.11
37.197041 41.11
37.257040 41.11
37.321057 41.11
37.385042 41.11
37.441042 41.11
37.505043 41.11
37.574559 41.11
37.638561 41.11
37.702561 41.11
37.757420 41.11
37.808045 41.11
37.872046 41.11
37.928172 41.11
37.987047 41.11
38.061422 41.11
38.112048 41.11
38.175814 41.11
38.239424 41.11
38.313424 41.11
38.387425 41.11
38.461426 41.11
38.535426 41.11
38.612427 41.11
38.686428 41.11
38.755303 41.11
38.810437 41.11
38.879303 41.11
38.937820 41.11
39.003305 41.11
39.058181 41.11
39.113181 41.11
39.168182 41.11
39.226708 41.11
39.285307 41.11
39.357440 41.11
39.426308 41.11
39.495309 41.11
39.567948 41.11
39.628060 41.11
39.683061 41.11
39.736711 41.11
39.786311 41.11
39.856837 41.11
39.906312 41.11
39.970442 41.11
40.025443 41.11
40.080314 41.11
40.154189 41.11
40.209064 41.11
40.260065 41.11
40.311065 41.11
40.362065 41.11
40.413066 41.11
40.478444 41.11
40.533452 41.11
40.588445 41.11
40.643318 41.11
40.715446 41.11
40.770319 41.11
40.821069 41.11
40.872070 41.11
40.923071 41.11
40.979594 41.11
41.038321 41.11
41.103599 41.11
41.162323 41.11
41.227597 41.11
41.291323 41.11
41.356597 41.11
41.415324 41.11
41.483965 41.11
41.539200 41.11
41.592715 41.11
41.658201 41.11
41.711719 41.11
41.777202 41.11
41.830718 41.11
41.897831 41.11
41.961329 41.11
42.035330 41.11
42.094330 41.11
42.168205 41.11
42.221721 41.11
42.290458 41.11
42.349207 41.11
42.402724 41.11
42.471332 41.11
42.545084 41.11
42.595976 41.11
42.654610 41.11
42.704334 41.11
42.778085 41.11
42.827729 41.11
42.896336 41.11
42.970087 41.11
43.020978 41.11
43.079611 41.11
43.138214 41.11
43.188981 41.11
43.247615 41.11
43.306215 41.11
43.356981 41.11
43.415614 41.11
43.474215 41.11
43.524981 41.11
43.583615 41.11
43.642218 41.11
43.716093 41.11
43.766983 41.11
43.832496 41.11
43.891345 41.11
43.955344 41.11
44.021095 41.11
44.086498 41.11
44.145346 41.11
44.211097 41.11
44.285098 41.11
44.354098 41.11
44.419501 41.11
44.478349 41.11
44.537100 41.11
44.606349 41.11
44.665100 41.11
44.729101 41.11
44.799628 41.11
44.858352 41.11
44.917228 41.11
44.987620 41.11
45.046354 41.11
45.101620 41.11
45.151104 41.11
45.220105 41.11
45.294231 41.11
45.359625 41.11
45.405356 41.11
45.470625 41.11
45.520357 41.11
45.585626 41.11
45.635108 41.11
45.704234 41.11
45.774627 41.11
45.820235 41.11
45.889110 41.11
45.963236 41.11
46.037112 41.11
46.107613 41.11
46.166362 41.11
46.235113 41.11
46.304239 41.11
46.378240 41.11
46.452239 41.11
46.526115 41.11
46.600242 41.11
46.674242 41.11
46.748242 41.11
46.817118 41.11
46.886119 41.11
46.960244 41.11
47.029120 41.11
47.103120 41.11
47.172121 41.11
47.246246 41.11
47.320247 41.11
47.389499 41.11
47.453499 41.11
47.519373 41.11
47.587999 41.11
47.642874 41.11
47.702875 41.11
47.762874 41.11
47.822875 41.11
47.882876 41.11
47.954551 41.11
48.009910 41.11
48.070255 41.67
48.129129 41.67
48.189537 41.67
48.248255 41.67
48.307131 41.67
48.367534 41.67
48.429534 41.67
48.491562 41.67
48.555679 41.67
48.612539 41.67
48.672652 41.67
48.734540 41.67
48.809787 41.67
48.879780 41.67
48.949262 41.67
49.008136 41.67
49.077796 41.67
49.142660 41.67
49.201685 41.67
49.260697 41.67
49.319544 41.67
49.383684 41.67
49.442550 41.67
49.506671 42.22
49.565546 42.22
49.624266 42.22
49.678146 42.22
49.748144 42.22
49.817672 42.22
49.876670 42.22
49.940721 42.22
50.000400 42.22
50.054569 42.22
50.129271 42.22
50.188021 42.22
50.252276 42.22
50.311708 42.22
50.381273 42.22
50.440148 42.22
50.504148 42.22
50.570154 42.22
50.620152 42.22
50.679043 42.22
50.743150 42.22
50.814440 42.22
50.874284 42.22
50.924571 42.22
50.978404 42.22
51.042558 42.22
51.101557 42.22
51.158457 42.22
51.213406 42.22
51.288154 42.22
51.347045 42.22
51.411162 42.22
51.465409 42.22
51.524407 42.78
51.588562 42.78
51.647407 42.78
51.717044 42.78
51.787164 42.78
51.846412 42.78
51.905410 42.78
51.964410 42.78
52.034294 42.78
52.098933 42.78
52.168164 42.78
52.227163 42.78
52.286055 42.78
52.345733 42.78
52.405042 42.78
52.464545 42.78
52.536077 42.78
52.590549 42.78
52.671171 42.78
52.730043 42.78
52.789726 42.78
52.850561 42.78
52.911949 42.78
52.971169 42.78
53.026548 42.78
53.086928 42.78
53.160794 43.33
53.215670 43.33
53.275670 43.33
53.335670 43.33
53.394421 43.33
53.464685 43.33
53.519672 43.33
53.574672 43.33
53.629688 43.33
53.693173 43.33
53.753329 43.33
53.802925 43.33
53.872300 43.33
53.941176 43.33
54.004801 43.33
54.063176 43.33
54.127052 43.33
54.190825 43.33
54.255068 43.33
54.313850 43.33
54.379309 43.33
54.424820 43.33
54.486337 43.33
54.550181 43.33
54.608808 43.33
54.673440 43.33
54.732185 43.33
54.795744 43.33
54.864683 43.33
54.918059 43.33
54.981733 43.33
55.035313 43.33
55.104952 43.33
55.163936 43.33
55.233439 43.33
55.292187 43.33
55.355953 43.33
55.429704 43.33
55.483314 43.33
55.547316 43.33
55.611189 43.33
55.676830 43.33
55.745955 43.33
55.820070 43.33
55.879095 43.33
55.934447 43.33
55.994710 43.33
56.053851 43.33
56.117959 43.33
56.182078 43.33
56.240694 43.33
56.294325 43.33
56.364323 43.33
56.429572 43.33
56.489072 43.33
56.547753 43.33
56.607463 43.33
56.661324 43.33
56.726078 43.33
56.780077 43.33
56.844716 43.33
56.911256 43.33
56.970956 43.33
57.030333 43.33
57.100330 43.33
57.154205 43.33
57.223830 43.33
57.287958 43.33
57.352078 43.89
57.410828 43.89
57.474704 43.33
57.525329 43.33
57.589083 43.33
57.647723 43.33
57.711706 43.33
57.780722 43.33
57.854851 43.33
57.928600 43.33
57.982208 43.33
58.045833 43.33
58.119584 43.33
58.172834 43.33
58.246600 43.33
58.305086 43.33
58.363586 43.33
58.416837 43.33
58.475837 42.78
58.549588 42.78
58.604588 42.78
58.658214 42.78
58.722214 42.78
58.792496 42.78
58.842217 42.78
58.906216 42.78
58.970216 42.78
59.039217 42.78
59.098217 42.78
59.162356 42.78
59.223642 42.78
59.288097 42.78
59.337129 42.78
59.382612 42.78
59.435126 42.78
59.480863 42.78
59.541127 42.78
59.586601 42.78
59.637221 42.78
59.700722 42.78
59.771099 42.78
59.816599 42.78
59.865973 42.78
59.926103 42.78
59.976979 42.78
60.040475 42.78
60.094100 42.78
60.162976 42.78
60.216619 42.78
60.290617 42.78
60.364507 42.78
60.428739 42.78
60.487633 42.78
60.561509 42.78
60.635605 42.78
60.699230 42.78
60.752981 42.78
60.806606 42.78
60.880509 42.78
60.933981 42.78
60.987607 42.78
61.052983 42.78
61.106608 42.78
61.180516 42.78
61.249515 42.78
61.318516 42.78
61.382513 42.78
61.451524 42.78
61.520655 42.78
61.589614 42.78
61.653519 42.78
61.722238 42.78
61.777364 42.78
61.830989 42.78
61.881253 42.78
61.945526 42.78
62.011022 42.78
62.064616 42.78
62.128520 42.78
62.181992 42.78
62.240747 42.78
62.299522 42.78
62.363524 42.78
62.427525 42.78
62.496524 42.78
62.556996 42.78
62.602499 42.78
62.655025 42.78
62.700524 42.78
62.756372 42.78
62.807122 42.78
62.865998 42.78
62.930016 42.78
62.993999 42.78
63.062641 42.78
63.126375 42.78
63.182375 42.78
63.238375 42.78
63.294376 42.78
63.358645 42.78
63.422378 42.78
63.473127 42.78
63.537003 42.78
63.606019 42.78
63.675005 42.78
63.741384 42.78
63.810539 42.78
63.879537 42.78
63.948381 42.78
64.017534 42.78
64.077142 42.78
64.136514 42.78
64.200541 42.78
64.259535 42.78
64.333536 42.78
64.397385 42.78
64.461522 42.78
64.530141 42.78
64.595264 42.78
64.655264 42.78
64.715265 42.78
64.775266 42.78
64.836035 42.78
64.894892 42.78
64.953909 42.78
65.018032 42.78
65.081908 42.78
65.145905 42.22
65.210397 42.78
65.265659 42.22
65.324394 42.22
65.393393 42.78
65.452548 42.78
65.507394 42.78
65.571913 42.22
65.636020 42.78
65.700021 42.22
65.760021 42.22
65.819022 42.22
65.875022 42.78
65.934023 42.22
65.998023 42.78
66.062024 42.78
66.126024 42.22
66.189918 42.78
66.254154 42.22
66.328403 42.22
66.392401 42.78
66.456402 42.78
66.519921 42.78
66.593922 42.78
66.658403 42.22
66.722403 42.22
66.786557 42.78
66.850404 42.22
66.914405 42.78
66.978406 42.22
67.037406 42.78
67.096407 42.78
67.155407 42.78
67.214408 42.22
67.273408 42.22
67.332411 42.22
67.391409 42.22
67.450410 42.78
67.514410 42.78
67.573411 42.22
67.637567 42.78
67.691288 42.22
67.749662 42.78
67.813413 42.78
67.872288 42.22
67.930679 42.22
67.984414 42.22
68.039415 42.78
68.105546 42.78
68.164416 42.22
68.223415 42.22
68.297292 42.22
68.348042 42.78
68.413829 42.78
68.470043 42.78
68.520918 42.78
68.584427 42.22
68.658169 42.22
68.711419 42.22
68.785305 42.78
68.839800 42.78
68.908423 42.78
68.982172 42.78
69.045815 42.22
69.114422 42.22
69.173301 42.22
69.238550 42.78
69.307175 42.22
69.360424 42.22
69.434175 42.22
69.487426 42.22
69.551556 42.78
69.610177 42.22
69.663427 42.22
69.737177 42.78
69.790428 42.22
69.859179 42.78
69.923441 42.78
69.995680 42.78
70.060944 42.78
70.119556 42.22
70.183181 42.22
70.241688 42.78
70.293062 42.78
70.353059 42.78
70.413061 42.78
70.473062 42.78
70.533063 42.78
70.586310 42.78
70.641310 42.22
70.705185 42.78
70.774311 42.22
70.848187 42.22
70.918716 42.78
70.978942 42.22
71.037565 42.22
71.097719 42.22
71.156314 42.22
71.225065 42.22
71.299190 42.22
71.359948 42.22
71.419321 42.22
71.478319 42.78
71.542318 42.78
71.606318 42.22
71.680207 42.22
71.744846 42.22
71.810196 42.22
71.875196 42.22
71.949072 42.22
72.023070 42.78
72.081707 42.22
72.140845 42.22
72.229459 42.78
72.288199 42.22
72.353485 42.78
72.412199 42.78
72.477485 42.22
72.527838 42.22
72.592863 42.78
72.652477 42.78
72.706600 42.78
72.767329 42.22
72.826204 42.78
72.891954 42.78
72.966204 42.78
73.025333 42.22
73.084331 42.22
73.148205 42.22
73.212598 42.22
73.283081 42.22
73.347341 42.22
73.401207 42.78
73.474958 42.78
73.536602 42.78
73.590209 42.78
73.658975 42.22
73.734343 42.22
73.788840 42.22
73.847496 42.22
73.902337 42.22
73.966087 42.22
74.022087 42.78
74.078352 42.22
74.143592 42.78
74.189091 42.78
74.239717 42.78
74.303218 42.22
74.371968 42.78
74.425221 42.22
74.494092 42.78
74.558217 42.22
74.627218 42.78
74.696469 42.78
74.755094 42.22
74.819354 42.22
74.873866 42.22
74.932222 42.22
75.001095 42.78
75.070096 42.78
75.139097 42.22
75.208474 42.22
75.272223 42.78
75.336097 42.22
75.410100 42.22
75.484100 42.22
75.558114 42.22
75.627975 42.22
75.694236 42.22
75.748107 42.22
75.808771 42.22
75.867986 42.22
75.927114 42.22
75.991515 42.78
76.055354 42.22
76.119233 42.22
76.183230 42.22
76.247733 42.78
76.306106 42.78
76.374511 42.78
76.443484 42.78
76.502514 42.78
76.571357 42.22
76.630234 42.78
76.685489 42.22
76.745609 42.22
76.809486 42.78
76.873360 42.22
76.928364 42.78
76.988743 42.78
77.042112 42.78
77.110990 42.22
77.175240 42.22
77.239125 42.22
77.309243 42.22
77.368615 42.22
77.438241 42.22
77.492379 42.22
77.556494 42.22
77.620367 42.22
77.689743 42.22
77.748367 42.22
77.807243 42.22
77.876131 42.22
77.940119 42.22
78.014250 42.22
78.068123 42.22
78.131996 42.22
78.206121 42.22
78.275011 42.22
78.343997 42.22
78.408254 42.22
78.468624 42.22
78.534252 42.22
78.600415 42.22
78.671452 42.22
78.730128 42.22
78.794001 42.22
78.858127 42.22
78.922127 42.22
78.981008 42.22
79.045142 42.22
79.104380 42.22
79.160129 42.22
79.219022 42.22
79.279409 42.22
79.343506 42.22
79.407536 42.22
79.461382 42.22
79.525382 42.22
79.595649 42.22
79.654383 42.22
79.718537 42.22
79.777258 42.22
79.836026 42.22
79.895014 42.22
79.955428 42.22
80.019261 42.22
80.082887 42.22
80.152031 42.22
80.216264 42.22
80.275138 42.22
80.336266 42.22
80.406519 42.22
80.476140 42.22
80.535015 42.22
80.594016 42.22
80.649145 42.22
80.703018 42.22
80.767036 42.22
80.826018 42