0.000000 0.000000
0.041497 0.05
0.097376 2.66
0.181247 2.66
0.250997 2.66
0.302119 2.66
0.358115 2.66
0.414118 2.66
0.470119 2.66
0.526116 2.66
0.582118 2.66
0.638120 2.66
0.694119 2.66
0.760783 2.66
0.826028 2.66
0.885871 2.66
0.951011 4.34
1.010621 4.34
1.080361 4.34
1.149886 4.34
1.218759 4.34
1.279484 4.34
1.348131 4.34
1.412641 4.34
1.491243 4.34
1.566005 4.34
1.625364 4.34
1.684237 4.34
1.748129 4.34
1.812239 4.34
1.886128 4.34
1.950132 4.34
2.014365 4.34
2.073129 4.34
2.137132 4.34
2.201242 4.34
2.265133 4.34
2.329130 4.34
2.393133 4.34
2.457134 4.34
2.521132 4.34
2.585135 4.34
2.649135 4.34
2.713121 4.34
2.777136 4.34
2.841122 4.34
2.905137 4.68
2.969138 4.68
3.033123 4.34
3.097140 4.34
3.161140 4.34
3.225139 4.68
3.285375 4.68
3.349126 4.34
3.413142 4.34
3.477142 4.34
3.541127 4.68
3.605128 4.68
3.669144 4.34
3.733145 4.34
3.797129 4.34
3.861130 4.34
3.925146 4.34
3.985255 4.34
4.044131 4.34
4.108145 4.34
4.172148 4.68
4.236148 4.68
4.300150 4.68
4.364150 4.68
4.428135 4.34
4.492135 4.68
4.566637 4.68
4.625636 4.34
4.689637 4.68
4.753637 4.68
4.817639 4.68
4.887138 4.68
4.951154 4.68
5.015139 4.68
5.085390 4.34
5.149014 4.68
5.212516 4.34
5.276016 4.68
5.336018 4.34
5.396018 4.68
5.449267 4.34
5.517892 4.34
5.572894 4.68
5.627894 4.68
5.679020 4.34
5.742519 4.68
5.800895 4.34
5.848144 4.34
5.897520 4.34
5.955896 4.34
6.014271 4.34
6.082897 4.68
6.141272 4.34
6.209898 4.34
6.268273 4.34
6.336899 4.68
6.395275 4.68
6.463900 4.34
6.519776 4.34
6.583276 4.34
6.651901 4.34
6.710277 4.68
6.778902 4.34
6.837278 4.34
6.905903 4.34
6.964278 4.34
7.032905 4.34
7.091280 4.34
7.159906 4.34
7.218280 4.34
7.286907 4.34
7.345281 4.34
7.413908 4.34
7.472283 4.34
7.540908 4.34
7.601035 4.34
7.655910 4.34
7.715910 4.34
7.775911 4.34
7.834286 4.34
7.902912 4.34
7.962913 4.34
8.022913 4.34
8.082913 4.34
8.142914 4.34
8.202914 4.34
8.262915 4.34
8.316164 4.34
8.384790 4.34
8.439791 4.68
8.494791 4.34
8.549792 4.34
8.600917 4.34
8.655417 4.34
8.713794 4.34
8.761044 4.34
8.810418 4.34
8.868794 4.34
8.916044 4.34
8.966671 4.34
9.030170 4.34
9.098796 4.34
9.157172 4.34
9.225797 4.34
9.284172 4.34
9.352799 4.68
9.411174 4.34
9.479799 4.34
9.538174 4.34
9.606800 4.34
9.665176 4.34
9.733801 4.34
9.792177 4.34
9.860802 4.34
9.919177 4.34
9.987804 4.34
10.046178 4.34
10.114804 4.34
10.173180 4.34
10.241805 4.34
10.301932 4.34
10.356932 4.34
10.410182 4.34
10.478807 4.34
10.537183 4.34
10.605808 4.34
10.665810 4.34
10.725810 4.34
10.785810 4.34
10.845811 4.34
10.905811 4.34
10.959062 4.34
11.027688 4.34
11.087812 4.34
11.147815 4.34
11.201062 4.34
11.269690 4.34
11.324690 4.34
11.379691 4.34
11.434692 4.34
11.485816 4.34
11.540316 4.34
11.598692 4.34
11.649816 4.34
11.705567 4.34
11.769067 4.34
11.837693 4.34
11.896068 4.34
11.964695 4.34
12.023070 4.34
12.091696 4.34
12.150071 4.34
12.218698 4.34
12.277072 4.34
12.345697 4.34
12.404073 4.34
12.472698 4.34
12.531074 4.34
12.599700 4.34
12.658075 4.34
12.726701 4.34
12.785075 4.34
12.853702 4.34
12.912077 4.34
12.967456 4.34
13.036845 4.68
13.100735 4.34
13.169736 4.34
13.238861 4.34
13.308581 4.34
13.372457 4.34
13.446738 4.34
13.510849 4.34
13.579739 4.34
13.653852 4.34
13.714100 4.34
13.772585 4.34
13.838460 4.34
13.892104 4.34
13.950866 4.34
14.009587 4.34
14.071587 4.34
14.133588 4.68
14.194106 4.34
14.247588 4.34
14.313339 4.34
14.382215 4.34
14.440716 4.68
14.509716 4.34
14.578591 4.68
14.638984 4.68
14.697592 4.34
14.757985 4.34
14.811718 4.34
14.880594 4.34
14.949594 4.34
15.018720 4.34
15.087603 4.68
15.156721 4.68
15.225721 4.34
15.294722 4.34
15.368722 4.68
15.442606 4.68
15.511876 4.34
15.575753 4.34
15.639753 4.34
15.703604 4.68
15.778476 4.68
15.842351 4.68
15.902755 4.34
15.971757 4.68
16.046478 4.34
16.110229 4.34
16.170608 4.34
16.245480 4.34
16.309230 4.34
16.369612 4.34
16.444482 4.34
16.506635 4.34
16.556107 4.34
16.609482 4.34
16.671639 4.34
16.722483 4.34
16.788359 4.34
16.847127 4.34
16.900762 4.34
16.959485 4.34
17.025361 4.34
17.084237 4.34
17.148362 4.34
17.207238 4.34
17.271363 4.34
17.330239 4.34
17.394365 4.34
17.453239 4.34
17.511883 4.34
17.570768 4.34
17.629491 4.34
17.698895 4.34
17.757769 4.34
17.821623 4.34
17.880493 4.34
17.938897 4.34
17.997772 4.34
18.067370 4.34
18.131370 4.34
18.195371 4.34
18.254012 4.34
18.312776 4.34
18.382372 4.34
18.441248 4.34
18.510657 4.34
18.574498 4.34
18.649374 4.34
18.708250 4.34
18.777659 4.34
18.846779 4.34
18.905656 4.34
18.969657 4.34
19.033781 4.34
19.092502 4.34
19.161659 4.34
19.223532 4.34
19.287504 4.34
19.351657 4.34
19.410658 4.34
19.469506 4.34
19.533661 4.34
19.592507 4.68
19.656507 4.34
19.715507 4.34
19.779509 4.34
19.838509 4.34
19.902509 4.34
19.961510 4.34
20.025663 4.34
20.084510 4.34
20.148511 4.34
20.207512 4.34
20.271512 4.34
20.330513 4.34
20.394513 4.34
20.453514 4.34
20.517669 4.34
20.576515 4.34
20.640671 4.34
20.699515 4.34
20.763671 4.34
20.822516 4.34
20.886673 4.34
20.945518 4.34
21.009518 4.34
21.068518 4.34
21.132519 4.34
21.191519 4.34
21.255520 4.34
21.314521 4.34
21.378521 4.34
21.437522 4.34
21.501522 4.34
21.560522 4.34
21.624523 4.34
21.683524 4.34
21.747524 4.34
21.817775 4.34
21.876525 4.34
21.940526 4.34
21.999526 4.34
22.063526 4.34
22.122527 4.34
22.186402 4.34
22.245043 4.34
22.296432 4.34
22.350046 4.34
22.396046 4.34
22.464685 4.34
22.533280 4.34
22.580531 4.34
22.639406 4.34
22.695175 4.34
22.753923 4.34
22.807533 4.34
22.871408 4.34
22.927159 4.34
22.985928 4.34
23.039534 4.34
23.108285 4.34
23.155535 4.34
23.224286 4.34
23.280161 4.34
23.338930 4.34
23.392538 4.34
23.461288 4.34
23.520056 4.34
23.588695 4.34
23.647414 4.34
23.721290 4.34
23.780058 4.34
23.844056 4.34
23.912697 4.34
23.971417 4.34
24.040418 4.34
24.114293 4.34
24.173059 4.34
24.237060 4.34
24.311062 4.34
24.375062 4.34
24.445452 4.34
24.499063 4.34
24.569327 4.34
24.619064 4.34
24.683065 4.34
24.747066 4.34
24.810549 4.34
24.879299 4.34
24.935190 4.34
24.982550 4.34
25.036426 4.34
25.087193 4.34
25.134551 4.34
25.193427 4.34
25.262177 4.34
25.309553 4.34
25.368429 4.34
25.419197 4.34
25.466553 4.34
25.520430 4.34
25.579430 4.34
25.648181 4.34
25.708835 4.34
25.772556 4.34
25.836307 4.34
25.892057 4.34
25.955557 4.34
26.024182 4.34
26.082558 4.34
26.151183 4.34
26.219934 4.34
26.288559 4.34
26.357185 4.34
26.415560 4.34
26.484186 4.34
26.542562 4.68
26.611187 4.34
26.669563 4.34
26.738188 4.34
26.796563 4.34
26.865189 4.34
26.923564 4.34
26.992190 4.34
27.050565 4.34
27.119192 4.34
27.177567 4.34
27.246193 4.34
27.306319 4.34
27.361195 4.34
27.421195 4.34
27.481196 4.34
27.539570 4.34
27.608195 4.34
27.668197 4.34
27.728197 4.34
27.788198 4.34
27.848198 4.34
27.901448 4.34
27.966573 4.34
28.035199 4.34
28.089700 4.34
28.148075 4.34
28.203075 4.34
28.254201 4.34
28.308702 4.34
28.367076 4.34
28.414326 4.34
28.472703 4.34
28.531078 4.34
28.589453 4.34
28.658079 4.34
28.716454 4.34
28.785080 4.34
28.843455 4.34
28.912081 4.34
28.970456 4.34
29.039082 4.34
29.097457 4.34
29.166083 4.34
29.224458 4.34
29.293084 4.34
29.351459 4.34
29.420085 4.34
29.478460 4.34
29.547086 4.34
29.605462 4.34
29.674087 4.34
29.732462 4.34
29.801088 4.34
29.859464 4.34
29.928089 4.34
29.996840 4.34
30.067216 4.34
30.120466 4.34
30.189091 4.34
30.249092 4.34
30.307467 4.34
30.376093 4.34
30.436094 4.34
30.496094 4.34
30.556095 4.34
30.616096 4.34
30.669345 4.34
30.737970 4.34
30.798096 4.34
30.861603 4.34
30.919972 4.34
30.971098 4.34
31.034604 4.34
31.092973 4.34
31.147974 4.34
31.195224 4.34
31.253602 4.34
31.311976 4.34
31.370350 4.34
31.438976 4.34
31.497351 4.34
31.565977 4.34
31.624352 4.34
31.692978 4.34
31.740228 4.34
31.790854 4.34
31.854354 4.34
31.922980 4.34
31.981355 4.34
32.049981 4.34
32.108356 4.34
32.176982 4.34
32.235357 4.34
32.303983 4.34
32.367611 4.34
32.431766 4.34
32.501128 4.34
32.565237 4.34
32.624128 4.34
32.688238 4.34
32.747238 4.34
32.806239 4.34
32.865239 4.34
32.924131 4.34
32.988240 4.34
33.047366 4.34
33.106366 4.34
33.160366 4.34
33.214242 4.34
33.273242 4.34
33.332242 4.34
33.391243 4.34
33.450243 4.34
33.514493 4.34
33.573495 4.34
33.637659 4.34
33.692660 4.34
33.748775 4.34
33.807655 4.34
33.867774 4.34
33.922775 4.34
33.978014 4.34
34.042123 4.34
34.105890 4.34
34.153123 4.34
34.203765 4.34
34.267500 4.34
34.331658 4.34
34.388019 4.34
34.452141 4.34
34.512252 4.34
34.581502 4.34
34.645660 4.34
34.705783 4.34
34.764659 4.34
34.834022 4.34
34.898147 4.34
34.972505 4.34
35.042147 4.34
35.116662 4.34
35.186150 4.34
35.260508 4.34
35.324665 4.34
35.390509 4.34
35.449509 4.34
35.519028 4.34
35.578261 4.34
35.632261 4.34
35.686137 4.34
35.745153 4.34
35.804152 4.34
35.863263 4.34
35.922264 4.34
35.976154 4.34
36.035139 4.34
36.094140 4.34
36.153158 4.34
36.212156 4.34
36.271266 4.34
36.321267 4.34
36.371159 4.34
36.426157 4.34
36.485158 4.34
36.540269 4.34
36.590161 4.34
36.645159 4.34
36.700163 4.34
36.755162 4.34
36.810162 4.34
36.865163 4.34
36.920161 4.34
36.975164 4.34
37.030166 4.34
37.085163 4.34
37.140167 4.34
37.195167 4.34
37.250166 4.34
37.305164 4.34
37.360166 4.34
37.415167 4.34
37.470167 4.34
37.525168 4.34
37.580169 4.34
37.635167 4.34
37.699170 4.34
37.758168 4.34
37.822154 4.34
37.881169 4.34
37.945155 4.34
38.004173 4.34
38.068156 4.34
38.127173 4.34
38.190781 4.34
38.264782 4.34
38.334175 4.34
38.397783 4.34
38.472049 4.34
38.540784 4.34
38.610176 4.34
38.674053 4.34
38.742786 4.34
38.811691 4.34
38.869817 4.34
38.934180 4.34
38.992788 4.34
39.061694 4.34
39.130694 4.34
39.191165 4.34
39.244820 4.34
39.308695 4.34
39.374291 4.34
39.427811 4.34
39.497417 4.34
39.553542 4.34
39.612543 4.34
39.676294 4.34
39.722061 4.34
39.791544 4.34
39.855420 4.34
39.919171 4.34
39.972825 4.34
40.036812 4.34
40.100939 4.34
40.164828 4.34
40.238704 4.34
40.308549 4.34
40.367549 4.34
40.431300 4.34
40.495425 4.34
40.565068 4.34
40.629426 4.34
40.698552 4.34
40.757552 4.34
40.817832 4.34
40.876833 4.34
40.940833 4.34
41.009832 4.34
41.078835 4.34
41.147834 4.34
41.216711 4.34
41.285834 4.34
41.354712 4.34
41.423710 4.34
41.492835 4.34
41.561837 4.34
41.630839 4.34
41.705435 4.34
41.774838 4.34
41.849436 4.34
41.908312 4.34
41.972187 4.34
42.022080 4.34
42.080563 4.34
42.146439 4.34
42.200079 4.34
42.258833 4.34
42.322844 4.34
42.377816 4.34
42.441566 4.34
42.502083 4.34
42.560847 4.34
42.619567 4.34
42.681568 4.34
42.747443 4.34
42.806085 4.34
42.859726 4.34
42.923849 4.34
42.982570 4.34
43.057446 4.34
43.121446 4.34
43.185446 4.34
43.244322 4.34
43.303088 4.34
43.361852 4.34
43.420574 4.34
43.495450 4.34
43.554325 4.34
43.623730 4.34
43.687576 4.34
43.762451 4.34
43.821452 4.34
43.880327 4.34
43.939096 4.34
43.992578 4.34
44.056579 4.34
44.131454 4.34
44.195329 4.34
44.255609 4.34
44.310609 4.34
44.365612 4.34
44.420457 4.34
44.479332 4.34
44.548582 4.34
44.608738 4.34
44.667584 4.34
44.737225 4.34
44.797615 4.34
44.847103 4.34
44.900585 4.34
44.964586 4.34
45.028586 4.34
45.097462 4.34
45.163213 4.34
45.227230 4.34
45.285869 4.34
45.349589 4.34
45.423465 4.34
45.485232 4.34
45.553857 4.34
45.617466 4.34
45.686466 4.34
45.755467 4.34
45.824468 4.34
45.893468 4.34
45.962469 4.34
46.031470 4.34
46.100470 4.34
46.169471 4.34
46.238471 4.34
46.307472 4.34
46.381605 4.34
46.450606 4.34
46.519606 4.34
46.588607 4.34
46.657608 4.34
46.726608 4.34
46.795605 4.34
46.859604 4.34
46.918604 4.34
46.982477 4.34
47.051605 4.34
47.110607 4.34
47.174479 4.34
47.243608 4.34
47.302608 4.34
47.362363 4.34
47.427251 4.34
47.495124 4.34
47.542231 4.68
47.601793 6.01
47.656132 6.36
47.715236 6.36
47.769128 6.36
47.833127 6.36
47.893625 6.36
47.949241 6.36
48.004364 6.68
48.061237 6.68
48.120129 6.68
48.180625 6.68
48.236245 6.68
48.291491 6.68
48.355490 6.68
48.424489 7.02
48.490251 7.02
48.555138 7.02
48.619136 7.02
48.683133 7.02
48.757257 7.02
48.818250 7.02
48.882633 7.02
48.941628 7.37
49.000494 7.37
49.061495 7.37
49.116762 7.37
49.170496 7.37
49.229496 7.37
49.288495 7.37
49.347752 7.37
49.402786 7.69
49.458249 7.69
49.517248 7.69
49.576249 7.69
49.635249 7.69
49.692639 7.69
49.751503 7.69
49.810501 8.03
49.869501 8.03
49.933653 8.03
49.993145 8.03
50.048409 8.03
50.098145 8.03
50.154146 8.35
50.210145 8.03
50.266147 8.35
50.324672 8.35
50.383380 8.35
50.457255 8.35
50.504662 8.35
50.554510 8.35
50.613508 8.35
50.672382 8.70
50.746258 8.70
50.793508 8.70
50.863809 8.70
50.924263 8.70
50.980029 8.70
51.049667 9.04
51.103516 9.04
51.168155 9.04
51.227028 9.04
51.291029 9.04
51.359666 9.04
51.420396 9.04
51.490158 9.04
51.549030 9.36
51.613029 9.04
51.677030 9.36
51.747273 9.36
51.816679 9.36
51.870393 9.36
51.945034 9.71
52.014689 9.36
52.068521 9.71
52.127395 9.71
52.196394 9.71
52.270401 9.71
52.331533 9.71
52.386279 9.71
52.450400 9.71
52.510065 10.03
52.569837 9.71
52.627444 10.03
52.691401 9.71
52.752187 10.03
52.818189 9.71
52.890036 10.03
52.941414 9.71
53.013355 9.71
53.072950 10.03
53.133530 9.71
53.194343 10.03
53.249530 10.03
53.313418 9.71
53.383404 10.03
53.452154 10.03
53.503405 9.71
53.554154 10.03
53.601406 10.03
53.656172 10.03
53.725537 10.03
53.784782 10.03
53.843411 9.71
53.902283 9.71
53.971174 9.71
54.036159 9.71
54.101160 10.03
54.159784 10.03
54.218161 9.71
54.283161 9.71
54.341537 10.03
54.405417 10.03
54.464415 10.03
54.528169 10.03
54.592543 10.03
54.647074 9.71
54.712541 10.03
54.776416 10.03
54.840416 10.03
54.909166 10.03
54.978416 10.03
55.042417 10.03
55.101542 10.03
55.160169 10.03
55.229418 10.03
55.298419 10.03
55.367170 10.03
55.436171 9.71
55.494820 10.03
55.549798 9.71
55.599797 10.03
55.651203 10.03
55.704814 10.03
55.760552 10.03
55.814174 10.03
55.873799 10.03
55.928699 10.03
55.987300 10.03
56.056175 9.71
56.110818 10.03
56.171206 10.03
56.226069 10.03
56.277427 10.03
56.336303 10.03
56.387071 10.03
56.434428 10.03
56.489304 10.03
56.538679 10.03
56.597055 10.03
56.644431 10.03
56.708182 10.03
56.763937 10.03
56.822963 10.03
56.881826 10.03
56.945711 10.03
57.014689 10.03
57.068184 10.03
57.123936 10.03
57.187715 10.03
57.241202 9.36
57.305078 9.04
57.369076 8.70
57.433327 8.03
57.502187 7.37
57.571188 7.02
57.640313 7.02
57.704189 7.02
57.773080 7.02
57.837065 7.02
57.901190 7.02
57.965319 7.02
58.030569 7.02
58.094070 7.02
58.154197 7.02
58.209196 7.02
58.264198 7.02
58.319074 7.02
58.378725 7.02
58.442725 7.02
58.506696 7.02
58.565570 7.02
58.629715 7.02
58.693744 7.02
58.758200 7.02
58.822199 7.02
58.881073 7.02
58.936824 6.68
58.991841 6.68
59.056028 7.02
59.126207 7.02
59.181330 6.68
59.241576 7.02
59.306844 7.02
59.361845 7.02
59.416846 7.02
59.481860 6.68
59.541108 6.68
59.596459 6.68
59.650208 6.68
59.709206 6.68
59.773098 6.68
59.837206 6.68
59.897112 6.68
59.957105 6.68
60.021211 6.68
60.081334 6.68
60.140226 6.68
60.204208 6.68
60.263211 6.68
60.329162 6.68
60.382335 6.68
60.441227 6.68
60.510337 6.68
60.569087 6.68
60.633213 6.68
60.702214 6.68
60.765714 6.68
60.834338 6.68
60.902964 6.68
60.963091 6.68
61.018091 6.68
61.079110 6.68
61.147969 6.68
61.207972 6.68
61.267973 6.68
61.327972 6.68
61.387975 6.68
61.441722 6.68
61.510992 6.68
61.574986 6.68
61.633470 6.68
61.686988 6.68
61.755988 6.68
61.814989 6.68
61.888877 6.68
61.940348 6.68
61.998991 6.68
62.054867 6.68
62.102116 6.68
62.157225 6.68
62.215993 6.68
62.276351 6.68
62.326226 6.68
62.381227 6.68
62.436352 6.68
62.500116 6.68
62.560103 6.68
62.610757 6.68
62.670755 6.68
62.734229 6.68
62.789105 6.68
62.848759 6.68
62.918005 6.68
62.982249 6.68
63.045886 6.68
63.111357 6.68
63.170233 6.68
63.229233 6.68
63.293109 6.68
63.356611 6.68
63.426235 6.68
63.492014 6.68
63.552361 6.68
63.606127 6.68
63.671366 6.68
63.734865 6.68
63.794993 6.68
63.849993 6.68
63.903240 6.68
63.971866 6.68
64.041007 6.68
64.114881 6.68
64.173491 6.68
64.237117 6.68
64.305771 6.68
64.370885 6.68
64.431244 6.68
64.484883 6.68
64.558743 6.68
64.613771 6.68
64.683120 6.68
64.742122 6.68
64.801121 6.68
64.860121 6.68
64.915137 6.68
64.970122 6.68
65.025137 6.68
65.085511 6.68
65.155379 6.68
65.210499 6.68
65.266779 6.68
65.340769 6.68
65.396778 6.68
65.461021 6.68
65.525142 6.68
65.580144 6.68
65.635128 6.68
65.690021 6.68
65.754021 6.68
65.818266 6.68
65.874258 6.68
65.934880 6.68
66.003505 6.68
66.072505 6.68
66.141507 6.68
66.210763 6.68
66.270886 6.68
66.324137 6.68
66.392762 6.68
66.451137 6.36
66.519900 6.68
66.579687 6.68
66.645765 6.68
66.720513 6.68
66.775792 6.68
66.844667 6.68
66.905526 6.68
66.965145 6.68
67.018767 6.68
67.087791 6.68
67.157032 6.68
67.226391 6.68
67.295391 6.68
67.364516 6.68
67.428392 6.68
67.484673 6.68
67.559393 6.68
67.615795 6.68
67.679769 6.36
67.748674 6.36
67.822797 6.36
67.896788 6.36
67.966161 6.36
68.024678 6.36
68.098678 6.36
68.154679 6.36
68.219773 6.36
68.293679 6.36
68.367693 6.36
68.431681 6.36
68.505776 6.36
68.579681 6.36
68.648777 6.36
68.717949 6.36
68.798407 6.36
68.867905 6.36
68.936780 6.36
69.005780 6.36
69.074780 6.36
69.145805 6.36
69.204285 6.36
69.262663 6.36
69.322786 6.36
69.376035 6.36
69.444662 6.36
69.514806 6.36
69.570053 6.36
69.628536 6.36
69.688785 6.36
69.752536 6.36
69.823551 6.36
69.889541 6.36
69.955413 6.36
70.014052 6.36
70.072538 6.36
70.138414 6.36
70.202426 6.36
70.262541 6.36
70.328291 6.36
70.392166 6.36
70.452291 6.36
70.511057 6.36
70.569831 6.36
70.628542 6.36
70.689058 6.36
70.742544 6.36
70.808169 6.36
70.863296 6.36
70.928671 6.36
70.988295 6.36
71.057171 6.36
71.116064 6.36
71.174815 6.36
71.233548 6.36
71.303066 6.36
71.361800 6.36
71.425800 6.36
71.489550 6.36
71.558550 6.36
71.627551 6.36
71.701551 6.36
71.766438 6.36
71.825071 6.36
71.883679 6.36
71.952709 6.36
72.021554 6.36
72.090554 6.36
72.159555 6.36
72.230071 6.36
72.293711 6.36
72.362822 6.36
72.426557 6.36
72.486588 6.36
72.546586 6.36
72.610309 6.68
72.674309 6.36
72.734591 6.36
72.793185 6.36
72.844592 6.36
72.897828 6.36
72.966439 6.68
73.017565 6.36
73.073314 6.36
73.136815 6.36
73.205441 6.36
73.252692 6.36
73.316564 6.36
73.380565 6.36
73.439565 6.36
73.503441 6.36
73.572570 6.36
73.636727 6.36
73.695724 6.36
73.754568 6.36
73.823568 6.36
73.882569 6.36
73.941569 6.36
74.006320 6.36
74.065326 6.36
74.129827 6.36
74.193571 6.36
74.252447 6.36
74.310823 6.36
74.369448 6.36
74.438573 6.36
74.502574 6.36
74.566449 6.36
74.626982 6.36
74.682736 6.36
74.741575 6.36
74.805576 6.36
74.864577 6.36
74.923577 6.36
74.987704 6.36
75.053095 6.36
75.113454 6.36
75.187335 6.36
75.242490 6.68
75.297205 6.68
75.357481 6.36
75.416206 6.36
75.480097 6.68
75.531483 6.68
75.590098 6.36
75.641462 6.68
75.696208 6.36
75.755084 6.36
75.824101 6.36
75.888104 6.36
75.956711 6.36
76.020339 6.36
76.067587 6.36
76.131337 6.36
76.178587 6.36
76.260977 6.36
76.314338 6.36
76.361588 6.36
76.412215 6.36
76.475720 6.36
76.544340 6.36
76.602716 6.36
76.666466 6.36
76.722219 6.36
76.785718 6.36
76.849468 6.36
76.918346 6.36
76.976719 6.36
77.040469 6.36
77.109111 6.36
77.182986 6.36
77.241346 6.36
77.299722 6.36
77.363347 6.36
77.421723 6.36
77.480351 6.36
77.540504 6.36
77.595479 6.36
77.669349 6.36
77.732975 6.36
77.786350 6.36
77.849993 6.36
77.915477 6.36
77.985742 6.36
78.049353 6.36
78.109120 6.36
78.173122 6.36
78.236607 6.36
78.296758 6.36
78.355358 6.36
78.415122 6.36
78.480386 6.36
78.533610 6.36
78.602232 6.36
78.649483 6.36
78.700124 6.36
78.763614 6.36
78.827234 6.36
78.874484 6.36
78.943235 6.36
78.990485 6.36
79.041111 6.36
79.104612 6.36
79.168240 6.36
79.226616 6.36
79.280253 6.36
79.349238 6.36
79.405130 6.36
79.463864 6.36
79.527886 6.36
79.581495 6.36
79.641811 6.36
79.700491 6.36
79.764631 6.36
79.818241 6.36
79.887492 6.36
79.951243 6.36
80.014868 6.36
80.068369 6.36
80.137244 6.36
80.195995 6.36
80.265010 6.36
80.324013 6.36
80.398013 6.36
80.462136 6.36
80.521376 6.36
80.580372 6.36
80.649374 6.36
80.711403 6.36
80.771787 6.36
80.823508 6.36
80.882513 6.36
80.946382 6.36
81.003317 6.36
81.058036 6.36
81.123043 6.36
81.186504 6.36
81.245383 6.36
81.314879 6.36
81.366147 6.36
81.413504 6.36
81.472130 6.36
81.519506 6.36
81.583131 6.36
81.644131 6.36
81.691382 6.36
81.755256 6.36
81.824513 6.36
81.888152 6.36
81.944265 6.36
82.008259 6.36
82.082140 6.36
82.140777 6.36
82.199789 6.36
82.273764 6.36
82.327137 6.36
82.391387 6.36
82.455388 6.36
82.524139 6.36
82.593030 6.36
82.646793 6.36
82.715515 6.36
82.779265 6.36
82.848391 6.36
82.917142 6.36
82.991146 6.36
83.049518 6.36
83.113143 6.36
83.172037 6.36
83.230523 6.36
83.289145 6.36
83.359650 6.36
83.423146 6.36
83.481789 6.36
83.550522 6.36
83.609405 6.36
83.678149 6.36
83.747166 6.36
83.816157 6.36
83.876179 6.36
83.929775 6.36
83.998652 6.36
84.052153 6.36
84.110777 6.36
84.167168 6.36
84.236027 6.36
84.291153 6.36
84.355154 6.36
84.419154 6.36
84.488044 6.36
84.544060 6.36
84.613030 6.36
84.660280 6.36
84.710923 6.