0.000000 0.000000
0.041820 3.67
0.101831 2.66
0.161506 2.66
0.217254 2.66
0.291779 2.66
0.355665 2.66
0.419653 2.66
0.483652 2.66
0.548252 2.66
0.607252 2.34
0.666127 2.34
0.730828 2.66
0.795913 2.66
0.862806 2.66
0.927938 4.34
0.992800 4.34
1.052259 4.34
1.116661 4.34
1.175507 4.34
1.239660 4.34
1.303658 4.34
1.362717 4.34
1.418908 4.34
1.480267 4.34
1.539670 4.34
1.600150 4.34
1.669661 4.34
1.733662 4.34
1.797663 4.34
1.861661 4.34
1.921914 4.34
1.978028 4.34
2.042153 4.34
2.106153 4.34
2.165154 4.34
2.225139 4.34
2.275790 4.34
2.335792 4.34
2.395792 4.34
2.455791 4.34
2.515917 4.34
2.574266 4.34
2.642892 4.34
2.701267 4.34
2.769892 4.34
2.828268 4.34
2.896893 4.34
2.955269 4.34
3.023894 4.34
3.082269 4.34
3.150896 4.34
3.209270 4.34
3.277896 4.34
3.336271 4.34
3.404897 4.34
3.465024 4.34
3.520024 4.34
3.573273 4.34
3.641899 4.34
3.700274 4.34
3.768899 4.34
3.828901 4.34
3.888901 4.34
3.948902 4.34
4.008903 4.34
4.068903 4.34
4.128903 4.34
4.188904 4.34
4.248904 4.34
4.308905 4.34
4.362154 4.34
4.430780 4.34
4.485780 4.34
4.540781 4.34
4.591906 4.34
4.646406 4.34
4.704782 4.34
4.755907 4.34
4.810408 4.34
4.868783 4.34
4.916033 4.34
4.965408 4.34
5.023784 4.34
5.071034 4.34
5.121661 4.34
5.185160 4.34
5.253786 4.34
5.312162 4.34
5.380787 4.34
5.439162 4.34
5.507787 4.34
5.566164 4.34
5.634788 4.34
5.693164 4.34
5.761790 4.34
5.820165 4.34
5.888790 4.34
5.947165 4.34
6.015791 4.34
6.074166 4.34
6.142793 4.34
6.201167 4.34
6.269794 4.34
6.329920 4.34
6.383169 4.34
6.451795 4.34
6.510170 4.34
6.578795 4.34
6.638797 4.34
6.697171 4.34
6.765797 4.34
6.825798 4.34
6.885799 4.34
6.945799 4.34
7.005800 4.34
7.059049 4.34
7.124175 4.34
7.187676 4.34
7.247801 4.34
7.307802 4.34
7.361052 4.34
7.429678 4.34
7.480802 4.34
7.536553 4.34
7.600055 4.34
7.668697 4.34
7.737820 4.34
7.793555 4.34
7.857056 4.34
7.925682 4.34
7.984057 4.34
8.052683 4.34
8.111058 4.34
8.179684 4.34
8.238058 4.34
8.306685 4.34
8.365059 4.34
8.433685 4.34
8.492060 4.34
8.560686 4.34
8.619061 4.34
8.687687 4.34
8.746062 4.34
8.814687 4.34
8.874813 4.34
8.928064 4.34
8.996690 4.34
9.056816 4.34
9.111816 4.34
9.166817 4.34
9.221817 4.34
9.276817 4.34
9.331693 4.02
9.391693 4.34
9.450067 4.34
9.518693 4.34
9.578693 4.34
9.638695 4.34
9.698694 4.34
9.758695 4.34
9.818696 4.34
9.882195 4.34
9.945696 4.34
10.005321 4.34
10.073947 4.34
10.142572 4.34
10.197572 4.34
10.244823 4.34
10.294198 4.34
10.352574 4.34
10.399824 4.34
10.450449 4.34
10.513950 4.34
10.582575 4.34
10.629826 4.34
10.680451 4.34
10.743951 4.34
10.807577 4.34
10.865952 4.34
10.934578 4.34
10.992954 4.34
11.061579 4.34
11.119954 4.34
11.188580 4.34
11.246955 4.34
11.315581 4.34
11.373957 4.34
11.437581 4.34
11.495957 4.34
11.564582 4.34
11.622958 4.34
11.691584 4.34
11.749958 4.34
11.818585 4.34
11.876959 4.34
11.945586 4.34
12.003961 4.02
12.067586 4.34
12.125962 4.34
12.194587 4.34
12.254589 4.34
12.312963 4.34
12.381588 4.34
12.441590 4.34
12.501591 4.34
12.561590 4.34
12.621591 4.34
12.680091 4.34
12.743591 4.34
12.803593 4.34
12.862093 4.34
12.920467 4.34
12.971593 4.34
13.026094 4.34
13.084469 4.34
13.135594 4.34
13.199221 4.34
13.276604 4.02
13.345604 4.34
13.414605 4.34
13.483605 4.34
13.552606 4.34
13.616474 4.34
13.685474 4.34
13.762874 4.34
13.826607 4.34
13.895608 4.34
13.959609 4.34
14.028751 4.34
14.087477 4.34
14.156754 4.34
14.220228 4.34
14.284354 4.34
14.348355 4.34
14.412355 4.34
14.476355 4.34
14.540355 4.34
14.604356 4.34
14.676612 4.34
14.740758 4.34
14.813358 4.34
14.872234 4.02
14.931125 4.34
14.982488 4.34
15.037488 4.34
15.096123 4.34
15.143235 4.34
15.207360 4.34
15.267236 4.34
15.327362 4.02
15.378613 4.34
15.437487 4.34
15.501488 4.34
15.565488 4.34
15.629488 4.34
15.693615 4.34
15.752490 4.34
15.816490 4.34
15.880491 4.34
15.954366 4.34
16.001617 4.34
16.060492 4.34
16.124493 4.34
16.188493 4.34
16.252494 4.34
16.316620 4.34
16.375495 4.34
16.439495 4.34
16.503495 4.34
16.572495 4.34
16.636496 4.34
16.700497 4.34
16.764623 4.34
16.823497 4.02
16.887498 4.34
16.951498 4.34
17.015500 4.34
17.079626 4.34
17.138500 4.34
17.202500 4.34
17.266501 4.34
17.330502 4.34
17.394628 4.34
17.453503 4.34
17.517503 4.02
17.581503 4.34
17.645503 4.34
17.709631 4.34
17.768504 4.34
17.832505 4.34
17.896506 4.02
17.960506 4.34
18.024633 4.34
18.083507 4.34
18.152382 4.34
18.212384 4.34
18.265634 4.34
18.330758 4.34
18.394258 4.34
18.449259 4.34
18.504259 4.34
18.555384 4.34
18.615010 4.34
18.683637 4.34
18.752261 4.34
18.799511 4.34
18.848887 4.34
18.907262 4.34
18.954512 4.34
19.005138 4.34
19.068639 4.34
19.137264 4.34
19.195640 4.02
19.264264 4.34
19.311515 4.34
19.362140 4.34
19.425643 4.34
19.494266 4.02
19.552643 4.34
19.621267 4.34
19.679644 4.34
19.748268 4.34
19.806644 4.34
19.875269 4.34
19.933645 4.02
20.002271 4.34
20.060646 4.34
20.129271 4.34
20.198022 4.34
20.266647 4.34
20.335273 4.34
20.393649 4.34
20.462273 4.34
20.520650 4.34
20.589274 4.34
20.649277 4.34
20.707652 4.34
20.776276 4.34
20.836278 4.34
20.896278 4.02
20.956279 4.34
21.016280 4.34
21.076280 4.34
21.129529 4.34
21.198154 4.34
21.258279 4.34
21.314030 4.34
21.377530 4.34
21.446156 4.02
21.493407 4.34
21.544032 4.34
21.607532 4.34
21.676157 4.34
21.737783 4.34
21.791410 4.34
21.860160 4.34
21.934161 4.34
21.990177 4.34
22.059162 4.34
22.106536 4.34
22.175287 4.34
22.231179 4.34
22.305163 4.34
22.361180 4.34
22.426289 4.34
22.482180 4.34
22.551290 4.34
22.620166 4.34
22.694416 4.34
22.758292 4.34
22.827293 4.34
22.896418 4.34
22.970168 4.34
23.039293 4.34
23.113170 4.34
23.187170 4.34
23.261170 4.34
23.321299 4.34
23.390172 4.34
23.464172 4.34
23.538173 4.34
23.607173 4.34
23.671188 4.34
23.735299 4.34
23.790175 4.34
23.850175 4.34
23.910175 4.34
23.963425 4.34
24.032175 4.02
24.095676 4.34
24.159176 4.34
24.219177 4.34
24.272427 4.34
24.341052 4.34
24.396053 4.34
24.451053 4.34
24.509429 4.34
24.573055 4.34
24.624180 4.34
24.679930 4.34
24.743431 4.34
24.812056 4.34
24.859306 4.34
24.909932 4.34
24.973432 4.34
25.042058 4.34
25.100433 4.34
25.169058 4.34
25.227434 4.34
25.296059 4.34
25.354435 4.02
25.423060 4.34
25.481436 4.34
25.550062 4.34
25.608437 4.34
25.672062 4.34
25.730438 4.34
25.799064 4.34
25.857439 4.02
25.926065 4.02
25.984440 4.34
26.053065 4.02
26.111441 4.02
26.180066 4.34
26.240193 4.34
26.295068 4.34
26.353442 4.34
26.422068 4.34
26.482070 4.34
26.542071 4.34
26.602071 4.34
26.662072 4.34
26.722071 4.34
26.782072 4.34
26.835321 4.34
26.903947 4.34
26.964072 4.34
27.027572 4.34
27.085948 4.34
27.140948 4.34
27.195949 4.34
27.247075 4.34
27.310575 4.34
27.368950 4.34
27.420075 4.34
27.475826 4.34
27.539326 4.34
27.607952 4.34
27.659078 4.34
27.714827 4.34
27.778328 4.34
27.846954 4.34
27.905329 4.34
27.973954 4.34
28.032331 4.34
28.100955 4.34
28.159330 4.34
28.227956 4.34
28.286331 4.34
28.354958 4.34
28.413332 4.34
28.481959 4.34
28.540333 4.34
28.608959 4.34
28.667334 4.34
28.735961 4.34
28.794337 4.34
28.862961 4.34
28.923088 4.34
28.976337 4.34
29.044962 4.34
29.104965 4.34
29.163338 4.34
29.231963 4.34
29.291966 4.34
29.363717 4.02
29.427466 4.34
29.480983 4.34
29.544982 4.34
29.608468 4.34
29.661985 4.34
29.725468 4.34
29.778985 4.34
29.842469 4.34
29.895996 4.34
29.951721 4.34
30.018471 4.34
30.071986 4.34
30.126471 4.34
30.179989 4.34
30.235722 4.34
30.299472 4.34
30.352987 4.34
30.408723 4.34
30.472474 4.34
30.525989 4.34
30.594991 4.34
30.677475 4.34
30.732114 4.34
30.782726 4.34
30.846227 4.34
30.910118 4.34
30.993119 4.34
31.062228 4.02
31.136354 4.34
31.195230 4.34
31.273118 4.34
31.344009 4.34
31.404356 4.34
31.463231 4.34
31.527122 4.34
31.592984 4.34
31.656883 4.34
31.726124 4.02
31.794760 4.34
31.860126 4.34
31.918885 4.34
31.992761 4.34
32.053125 4.34
32.116885 4.34
32.185890 4.34
32.254762 4.34
32.315126 4.34
32.383762 4.34
32.444129 4.34
32.512890 4.34
32.582239 4.34
32.635879 4.34
32.704765 4.34
32.778768 4.34
32.852769 4.34
32.917891 4.34
32.986768 4.34
33.055884 4.34
33.111620 4.34
33.165244 4.34
33.218884 4.34
33.274621 4.34
33.333370 4.34
33.386885 4.34
33.442623 4.02
33.501122 4.34
33.564888 4.02
33.638772 4.34
33.712775 4.34
33.786748 4.34
33.845123 4.34
33.913749 4.34
33.972124 4.34
34.040750 4.34
34.099125 4.34
34.167752 4.34
34.226126 4.34
34.294753 4.34
34.354879 4.34
34.408127 4.34
34.476753 4.34
34.536881 4.34
34.590129 4.34
34.658754 4.34
34.718882 4.34
34.773756 4.34
34.833759 4.34
34.893758 4.34
34.952131 4.34
35.020757 4.34
35.080759 4.34
35.140760 4.34
35.204258 4.34
35.267759 4.34
35.327761 4.34
35.381010 4.02
35.449637 4.34
35.500761 4.34
35.555261 4.34
35.613637 4.02
35.660886 4.34
35.719262 4.34
35.777638 4.34
35.824888 4.34
35.874264 4.34
35.932640 4.34
35.991014 4.34
36.059640 4.34
36.106890 4.34
36.165265 4.34
36.223642 4.34
36.282016 4.34
36.350642 4.34
36.409017 4.34
36.477643 4.34
36.536018 4.34
36.604644 4.34
36.663019 4.34
36.731645 4.34
36.790020 4.34
36.858646 4.34
36.917022 4.34
36.985647 4.34
37.044021 4.34
37.112649 4.34
37.171023 4.34
37.239650 4.34
37.299776 4.34
37.354776 4.34
37.408025 4.34
37.476651 4.34
37.536777 4.34
37.591653 4.34
37.651653 4.34
37.711653 4.34
37.771655 4.34
37.831654 4.34
37.891654 4.34
37.951656 4.34
38.011029 4.34
38.079657 4.34
38.134154 4.34
38.192530 4.34
38.252658 4.34
38.316156 4.34
38.374532 4.34
38.429532 4.34
38.476782 4.34
38.526158 4.34
38.584533 4.34
38.631784 4.34
38.682408 4.34
38.745910 4.34
38.814535 4.34
38.872910 4.34
38.941535 4.34
38.988786 4.34
39.039412 4.34
39.102912 4.34
39.171538 4.34
39.229913 4.34
39.298538 4.34
39.345788 4.34
39.409290 4.34
39.477915 4.34
39.546541 4.34
39.610041 4.34
39.673542 4.34
39.731917 4.34
39.795542 4.34
39.853918 4.34
39.922543 4.34
39.980918 4.34
40.049544 4.34
40.107919 4.34
40.176545 4.34
40.234921 4.34
40.303546 4.34
40.361922 4.34
40.425547 4.34
40.483922 4.34
40.552548 4.34
40.612549 4.34
40.672551 4.34
40.732551 4.34
40.792551 4.34
40.852552 4.34
40.905800 4.34
40.970926 4.34
41.034551 4.34
41.094554 4.34
41.147802 4.34
41.216428 4.34
41.271429 4.34
41.322554 4.34
41.378304 4.34
41.441805 4.02
41.510430 4.34
41.568806 4.34
41.637431 4.34
41.684683 4.34
41.734056 4.34
41.792432 4.34
41.850807 4.34
41.919433 4.34
41.983059 4.34
42.041434 4.34
42.099809 4.34
42.168435 4.34
42.226810 4.34
42.295436 4.34
42.353812 4.34
42.422437 4.34
42.480812 4.02
42.549438 4.02
42.613064 4.34
42.671438 4.34
42.729814 4.34
42.798439 4.34
42.856815 4.02
42.925440 4.02
42.983816 4.02
43.052441 4.34
43.110817 4.34
43.179442 4.34
43.243069 4.02
43.292818 4.34
43.361443 4.34
43.425069 4.34
43.476446 4.34
43.536446 4.34
43.591447 4.02
43.651447 4.34
43.711448 4.34
43.766072 4.34
43.826072 4.34
43.877449 4.34
43.930699 4.02
43.999324 4.34
44.050449 4.02
44.106199 4.34
44.169701 4.02
44.238325 4.34
44.293325 4.34
44.344450 4.34
44.400202 4.34
44.463702 4.34
44.532327 4.02
44.588203 4.34
44.656970 4.34
44.710580 4.34
44.769330 4.02
44.828095 4.34
44.892097 4.02
44.956097 4.34
45.020096 4.34
45.083971 4.34
45.137583 4.02
45.196334 4.34
45.255099 4.34
45.319098 4.02
45.388100 4.34
45.452101 4.34
45.516102 4.34
45.590103 4.34
45.654103 4.34
45.718101 4.34
45.787103 4.34
45.847489 4.02
45.907214 4.34
45.960715 4.34
46.014340 4.34
46.079742 4.34
46.138340 4.34
46.198368 4.34
46.258368 4.34
46.322108 4.02
46.391109 4.34
46.465110 4.34
46.528593 4.34
46.593718 4.34
46.652219 4.34
46.707220 4.34
46.765346 4.34
46.828873 4.34
46.897595 4.34
46.966347 4.02
47.020871 4.34
47.074223 4.34
47.121473 4.02
47.185348 4.02
47.254224 4.34
47.301474 4.02
47.352113 4.02
47.410607 4.34
47.469225 4.34
47.527607 4.02
47.596226 4.34
47.659878 4.34
47.718477 4.34
47.787478 4.34
47.856228 4.34
47.928479 4.34
47.997229 4.02
48.055880 4.34
48.109480 4.34
48.173481 4.34
48.242356 4.02
48.312754 4.34
48.385232 4.34
48.459233 4.34
48.517884 4.34
48.583233 5.69
48.641611 6.01
48.710233 6.36
48.768611 6.36
48.837234 6.36
48.897270 6.36
48.950916 6.36
49.014891 6.36
49.064890 6.36
49.123890 6.68
49.173891 6.68
49.234269 6.68
49.287891 6.68
49.337882 6.68
49.406894 6.68
49.472245 6.68
49.536493 6.68
49.595492 6.68
49.650492 7.02
49.714243 7.02
49.774372 7.02
49.825495 7.02
49.880494 7.02
49.944244 7.02
50.013245 7.37
50.073499 7.37
50.132372 7.37
50.196370 7.37
50.260370 7.37
50.324512 7.37
50.378895 7.37
50.443017 7.37
50.507374 7.69
50.571499 7.69
50.631137 7.69
50.701026 7.69
50.754788 7.69
50.813771 7.69
50.872768 8.03
50.937512 8.03
50.992028 8.03
51.051504 8.03
51.105504 8.03
51.159378 8.03
51.225299 8.03
51.291288 8.35
51.350255 8.03
51.414380 8.35
51.473256 8.35
51.538036 8.35
51.599511 8.35
51.655291 8.35
51.714383 8.35
51.773508 8.35
51.828036 8.70
51.884033 8.70
51.944763 8.70
51.994791 8.70
52.059152 8.70
52.123261 8.70
52.187511 9.04
52.237386 9.04
52.296387 9.04
52.355386 9.04
52.414770 9.04
52.479265 9.04
52.548792 9.36
52.612666 9.36
52.677074 9.04
52.741517 9.04
52.787391 9.36
52.842390 9.36
52.901141 9.36
52.965398 9.36
53.024770 9.71
53.088675 9.71
53.149036 9.71
53.205033 9.71
53.261180 9.71
53.316525 9.71
53.377922 10.03
53.437399 9.71
53.491840 9.71
53.556907 9.71
53.616409 9.71
53.675412 9.71
53.729022 9.71
53.798149 10.03
53.858051 10.03
53.933930 10.03
53.998155 9.71
54.067041 10.03
54.136026 10.03
54.200151 9.71
54.261180 9.71
54.320151 9.71
54.394166 10.03
54.458411 9.71
54.512418 9.71
54.569088 10.03
54.630032 9.71
54.690780 9.71
54.754700 10.03
54.813912 10.03
54.878030 9.71
54.941532 9.71
55.005692 10.03
55.060532 10.03
55.124687 9.71
55.188533 9.71
55.240054 9.71
55.304162 9.71
55.368288 9.71
55.427163 9.71
55.496697 9.71
55.560817 9.71
55.619688 9.71
55.680061 9.71
55.746044 9.71
55.815812 9.71
55.880864 9.71
55.933829 9.71
55.993420 9.71
56.048541 9.71
56.118295 10.03
56.177853 9.71
56.242168 9.71
56.306166 9.71
56.365292 9.71
56.434855 9.71
56.490547 9.71
56.555190 9.71
56.609061 9.71
56.673295 9.71
56.732044 10.03
56.796295 9.71
56.859920 9.71
56.923546 9.71
56.993062 9.71
57.057172 9.71
57.116048 10.03
57.180298 10.03
57.234048 10.03
57.303189 10.03
57.362066 10.03
57.432299 10.03
57.491190 10.03
57.551935 10.03
57.605551 10.03
57.674927 10.03
57.744195 10.03
57.807932 10.03
57.867934 10.03
57.927052 10.03
57.985553 10.03
58.049182 10.03
58.117806 9.71
58.174184 10.03
58.242806 10.03
58.290056 9.36
58.340682 9.04
58.404182 8.70
58.459072 8.03
58.509834 7.37
58.579073 7.02
58.639074 6.68
58.703202 6.68
58.762200 6.68
58.817077 6.36
58.867700 6.36
58.931187 6.68
58.999826 6.68
59.069194 6.68
59.133187 6.68
59.188061 6.68
59.238689 6.36
59.307564 6.68
59.371564 6.68
59.436091 6.68
59.500205 6.68
59.559191 6.68
59.624970 6.68
59.693817 6.36
59.764457 6.68
59.829197 6.68
59.883347 6.68
59.947965 6.68
60.007195 6.36
60.060837 6.68
60.129835 6.68
60.203723 6.68
60.269196 6.68
60.322843 6.36
60.393197 6.68
60.446822 6.68
60.515698 6.68
60.580088 6.68
60.648866 6.36
60.718581 6.36
60.777200 6.68
60.830725 6.68
60.889217 6.36
60.947728 6.36
61.016702 6.36
61.082842 6.36
61.156733 6.68
61.230733 6.36
61.304732 6.36
61.378733 6.36
61.443221 6.36
61.496733 6.36
61.566222 6.68
61.625331 6.36
61.694456 6.68
61.759736 6.68
61.820210 6.36
61.873848 6.68
61.944860 6.68
62.013847 6.68
62.087849 6.68
62.162587 6.36
62.226461 6.36
62.285086 6.36
62.353712 6.68
62.417713 6.68
62.486741 6.68
62.556594 6.68
62.620977 6.68
62.679874 6.36
62.749339 6.36
62.814715 6.68
62.889112 6.68
62.952716 6.36
63.021717 6.36
63.095717 6.36
63.166217 6.36
63.224859 6.36
63.284985 6.36
63.350094 6.68
63.410093 6.68
63.473595 6.36
63.533985 6.68
63.597810 6.68
63.662345 6.36
63.725990 6.68
63.789604 6.68
63.849991 6.68
63.913605 6.68
63.973989 6.68
64.042606 6.68
64.089849 6.68
64.140475 6.36
64.203976 6.36
64.267609 6.36
64.326264 6.36
64.395764 6.36
64.454606 6.36
64.523604 6.68
64.581993 6.68
64.650604 6.36
64.708987 6.68
64.777605 6.68
64.835979 6.68
64.904607 6.68
64.962980 6.68
65.031609 6.68
65.089985 6.68
65.158611 6.36
65.216982 6.36
65.285612 6.68
65.343983 6.68
65.412612 6.36
65.483108 6.68
65.546611 6.68
65.610109 6.36
65.673611 6.68
65.733737 6.68
65.788748 6.36
65.843617 6.68
65.898615 6.68
65.956987 6.68
66.025614 6.36
66.085613 6.68
66.145691 6.68
66.204622 6.68
66.278490 6.68
66.342115 6.68
66.400767 6.36
66.464768 6.68
66.534370 6.68
66.593243 6.36
66.651885 6.68
66.715494 6.68
66.780884 6.36
66.844745 6.36
66.909371 6.36
66.963012 6.36
67.026495 6.36
67.087013 6.36
67.145776 6.36
67.209764 6.36
67.279382 6.36
67.343660 6.36
67.402659 6.36
67.477248 6.36
67.536013 6.36
67.594772 6.36
67.661142 6.36
67.726789 6.36
67.785770 6.36
67.854657 6.36
67.918502 6.36
67.987893 6.36
68.049156 6.36
68.107506 6.36
68.165881 6.36
68.234504 6.36
68.292879 6.36
68.361508 6.36
68.421633 6.36
68.476632 6.36
68.529881 6.36
68.598507 6.36
68.658508 6.36
68.718514 6.36
68.778514 6.36
68.838511 6.36
68.898510 6.36
68.958510 6.36
69.022136 6.36
69.082517 6.36
69.141512 6.36
69.205512 6.36
69.269387 6.36
69.331542 6.36
69.391668 6.36
69.450269 6.36
69.509142 6.36
69.573265 6.36
69.632140 6.36
69.696031 6.36
69.754516 6.36
69.824267 6.36
69.887767 6.36
69.951517 6.36
70.010518 6.36
70.069518 6.36
70.125269 6.36
70.195281 6.36
70.248770 6.36
70.312520 6.36
70.376676 6.36
70.440521 6.36
70.514676 6.36
70.574153 6.36
70.632788 6.36
70.691523 6.36
70.750524 6.36
70.809399 6.36
70.878399 6.36
70.942525 6.36
71.001526 6.36
71.065526 6.36
71.124401 6.36
71.188277 6.36
71.243555 6.36
71.302527 6.36
71.366528 6.36
71.430655 6.36
71.495779 6.36
71.554405 6.36
71.614433 6.36
71.668044 6.36
71.719432 6.36
71.778155 6.36
71.838434 6.36
71.897282 6.36
71.956282 6.36
72.011532 6.36
72.070533 6.36
72.139284 6.36
72.194534 6.36
72.263285 6.36
72.318410 6.36
72.374161 6.36
72.428050 6.36
72.487053 6.36
72.555663 6.36
72.624292 6.36
72.687930 6.36
72.746288 6.36
72.793539 6.36
72.862289 6.36
72.925933 6.36
72.979415 6.36
73.048058 6.36
73.112058 6.36
73.180694 12.32
73.240937 6.36
73.294418 6.36
73.368292 6.36
73.431933 6.36
73.485419 6.36
73.554422 6.36
73.610068 6.36
73.673920 6.36
73.732296 6.36
73.790699 6.36
73.844296 6.36
73.904422 6.36
73.965175 0.05
74.029062 6.36
74.093064 6.36
74.161698 6.36
74.215424 6.36
74.289427 6.36
74.349551 6.36
74.418301 6.36
74.481942 6.36
74.532069 6.36
74.596059 6.36
74.660092 6.36
74.725344 6.36
74.780070 6.36
74.838554 6.36
74.892429 6.36
74.943058 6.36
75.006555 6.36
75.070305 6.36
75.124805 6.36
75.178431 6.36
75.242432 6.36
75.293200 6.36
75.349199 6.36
75.413563 6.36
75.473064 6.36
75.532559 6.36
75.596184 6.36
75.661559 6.36
75.720184 6.36
75.794186 6.36
75.852828 6.36
75.906829 0.05
75.976568 6.36
76.036211 6.36
76.100313 6.36
76.160320 6.36
76.225069 6.36
76.289842 6.36
76.343440 6.36
76.403440 6.36
76.472190 6.36
76.546191 6.36
76.604566 6.36
76.669084 6.36
76.728450 6.36
76.782328 6.36
76.841580 6.01
76.901088 6.36
76.961837 12.32
77.024349 6.01
77.088195 0.05
77.162196 6.36
77.236196 6.36
77.300197 0.05
77.369200 12.32
77.433197 6.36
77.493208 6.36
77.556700 6.36
77.615199 12.32
77.673843 0.05
77.737840 6.36
77.806703 0.05
77.861992 6.36
77.920827 6.36
77.984452 6.36
78.053077 12.32
78.100327 6.36
78.150953 12.32
78.214454 6.36
78.283079 6.36
78.339218 6.36
78.395080 0.05
78.442330 6.36
78.492955 6.36
78.564081 6.36
78.620100 6.36
78.676098 6.36
78.732214 6.36
78.787957 12.32
78.851459 6.36
78.910209 6.36
78.979853 6.36
79.043464 12.32
79.102461 6.36
79.166211 6.36
79.235212 6.36
79.304212 6.36
79.378087 6.36
79.447106 0.05
79.516214 6.36
79.580107 6.36
79.650589 6.36
79.709107 6.36
79.769246 6.36
79.838216 6.36
79.907231 6.36
79.966106 6.36
80.026119 6.36
80.084718 6.36
80.153594 6.36
80.214119 6.36
80.282984 6.36
80.338720 6.36
80.412595 6.36
80.470986 12.32
80.526134 6.01
80.591722 12.32
80.666018 6.01
80.730098 6.36
80.785903 6.36
80.844724 12.32
80.918603 6.36
80.971992 12.32
81.019224 6.36
81.083226 6.36
81.152230 12.32
81.212226 6.36
81.262867 6.36
81.326352 6.36
81.394981 6.36
81.453353 6.36
81.516978 12.32
81.575353 6.36
81.643979 6.36
81.707606 6.36
81.765979 6.36
81.824359 0.05
81.887981 6.36
81.951982 6.01
82.010357 0.05
82.078988 12.32
82.137999 6.36
82.196358 6.36
82.264983 6.36
82.338992 6.36
82.399117 0.05
82.452365 12.32
82.521111 6.36
82.594986 6.36
82.655112 6.36
82.713612 12.32
82.787614 0.05
82.856620 0.05
82.911752 6.36
82.975617 6.36
83.039489 6.36
83.093240 6.36
83.157244 6.36
83.216148 12.32
83.275116 6.36
83.343991 6.36
83.407492 6.36
83.465867 12.32
83.521122 6.36
83.589879 6.36
83.654254 6.36
83.718125 6.36
83.768762 0.05
83.823771 6.36
83.882661 6.36
83.943259 6.36
84.002131 12.32
84.066123 6.36
84.125382 6.36
84.175252 0.05
84.234014 0.05
84.298252 6.36
84.362499 6.36
84.426500 6.36
84.490652 6.36
84.555143 6.36
84.619258 6.36
84.674126 6.01
84.733021 6.36
84.802687 6.36
84.872019 6.36
84.936021 6.36
85.000146 6.36
85.064386 6.36
85.118021 6.36
85.182131 12.32
85.246023 0.05
85.315023 0.05
85.379020 6.36
85.450047 6.36
85.519508 6.36
85.589509 6.36
85.659152 6.36
85.717886 6.36
85.786888 12.32
85.856153 6.36
85.915137 6.36
85.979512 6.36
86.035140 6.36
86.105269 6.36
86.160512 6.36
86.225139 6.36
86.284155 6.36
86.343140 6.68
86.403702 6.36
86.458667 6.68
86.513670 6.36
86.572141 6.68
86.627141 6.36
86.690892 6.68
86.751145 6.68
86.806143 6.68
86.861143 6.68
86.916158 6.68
86.971160 6.68
87.026160 6.68
87.081160 6.68
87.149795 6.68
87.205673 6.68
87.265913 6.68
87.321647 6.68
87.380397 6.68
87.433911 6.68
87.507787 6.68
87.576523 6.68
87.645524 6.68
87.714524 6.68
87.778400 6.68
87.831916 6.68
87.902275 6.68
87.955915 6.68
88.029776 6.68
88.103777 6.68
88.177778 6.68
88.251778 6.68
88.325778 6.68
88.396279 6.68
88.449920 6.68
88.520155 6.68
88.588780 6.68
88.662683 6.68
88.723173 6.68
88.786782 6.68
88.860783 6.68
88.929660 6.68
88.981171 6.68
89.039660 6.36
89.106786 6.68
89.170662 6.68
89.222176 6.68
89.280785 6.68
89.354687 6.68
89.428787 6.68
89.497687 6.68
89.566664 6.68
89.640691 6.68
89.709690 6.68
89.778689 6.68
89.853055 6.68
89.917057 6.68
89.975806 6.68
90.044806 6.68
90.113933 6.68
90.177806 6.68
90.246809 6.68
90.310811 6.68
90.384670 6.68
90.458937 6.68
90.527671 6.68
90.591812 6.68
90.655809 6.68
90.729673 6.68
90.804297 6.68
90.869799 6.68
90.933812 6.68
91.002940 6.68
91.066813 6.36
91.135815 6.68
91.199816 6.68
91.263816 6.68
91.332817 6.68
91.406677 6.68
91.475678 6.68
91.544819 6.68
91.618679 6.68
91.692705 6.68
91.756818 6.68
91.820821 6.68
91.884820 6.68
91.948824 6.68
92.012956 6.68
92.076683 6.68
92.140949 6.68
92.204684 6.36
92.268822 6.68
92.327558 6.68
92.387950 6.68
92.451836 6.68
92.515825 6.68
92.579560 6.68
92.648561 6.68
92.708951 6.68
92.772689 6.68
92.841838 6.68
92.905562 6.68
92.974827 6.68
93.038831 6.68
93.102831 6.68
93.166828 6.68
93.230830 6.68
93.294565 6.36
93.363956 6.68
93.422567 6.68
93.491958 6.68
93.555840 6.68
93.619568 6.68
93.688694 6.36
93.752569 6.68
93.821695 6.68
93.885570 6.68
93.954571 6.68
94.023836 6.68
94.087571 6.68
94.158574 6.68
94.222448 6.68
94.291448 6.68
94.351576 6.68
94.422577 6.68
94.486324 6.68
94.562578 6.68
94.617578 6.68
94.676216 6.68
94.736578 6.68
94.795218 6.68
94.859218 6.68
94.918218 6.68
94.982328 6.68
95.041218 6.68
95.100219 6.68
95.164221 6.68
95.228221 6.68
95.292222 6.68
95.356221 6.68
95.415207 6.36
95.479223 6.68
95.543223 6.68
95.607222 6.68
95.671224 6.68
95.730224 6.68
95.794223 6.68
95.858224 6.68
95.922223 6.68
95.986226 6.68
96.045211 6.36
96.109224 6.36
96.173226 6.36
96.237228 6.36
96.301229 6.36
96.360214 6.36
96.424229 6.36
96.488230 6.36
96.552228 6.36
96.616104 6.36
96.678630 6.36
96.764468 6.36
96.835107 6.36
96.895467 6.36
96.964468 6.36
97.033468 6.36
97.105468 6.36
97.174469 6.36
97.246469 6.36
97.315471 6.36
97.392985 6.36
97.451472 6.36
97.520346 6.36
97.567604 6.36
97.618222 6.36
97.690728 6.36
97.754352 6.36
97.811508 12.32
97.875609 0.05
97.930755 6.36
97.989477 6.36
98.054235 6.36
98.112732 6.36
98.181354 6.36
98.245107 6.36
98.309120 6.36
98.373117 6.36
98.437117 6.36
98.511119 6.36
98.575119 6.36
98.639123 6.36
98.703120 6.36
98.771758 6.36
98.830481 6.36
98.894482 6.36
98.958482 6.36
99.032358 6.36
99.096123 6.36
99.168484 6.36
99.242360 6.36
99.306126 6.36
99.378618 6.36
99.437486 6.36
99.501614 6.36
99.560487 6.36
99.624488 6.36
99.688619 6.36
99.747488 6.36
99.811489 6.36
99.875489 6.36
99.939490 6.36
100.003617 6.36
100.062490 6.36
100.126491 6.36
100.190492 6.36
100.254492 6.36
100.305242 6.36
100.352619 6.36
100.411243 6.36
100.458620 6.36
100.522494 6.36
100.573136 6.36
100.631649 6.36
100.695245 6.36
100.742496 6.36
100.802247 6.36
100.849497 6.36
100.918247 6.36
100.974497 6.36
101.029138 6.36
101.087624 6.36
101.151249 6.36
101.209889 6.36
101.263626 6.36
101.317375 6.36
101.391375 6.36
101.456376 6.36
101.530252 6.36
101.604645 6.36
101.658253 6.36
101.727144 6.36
101.780645 6.36
101.839254 6.36
101.897894 6.36
101.956632 6.36
102.015380 6.36
102.089256 6.36
102.147897 6.36
102.208382 6.36
102.278780 6.36
102.342257 6.36
102.400896 6.36
102.462784 6.36
102.523259 6.36
102.581900 6.36
102.647259 6.36
102.721260 6.36
102.779900 6.36
102.835136 6.36
102.900269 6.36
102.953903 6.36
103.003903 6.36
103.059263 6.36
103.117903 6.36
103.181514 6.36
103.250265 6.36
103.308907 6.36
103.372515 6.36
103.436141 6.36
103.496793 6.36
103.550267 6.36
103.624267 6.36
103.680157 6.36
103.727517 6.36
103.791144 6.36
103.847160 6.36
103.903161 6.36
103.959161 6.36
104.015161 6.36
104.071161 6.36
104.127160 6.36
104.183160 6.36
104.252147 6.36
104.326148 6.36
104.382164 6.36
104.456148 6.36
104.530149 6.36
104.594149 6.36
104.668150 6.36
104.742151 6.36
104.816151 6.36
104.890152 6.36
104.964153 6.36
105.028403 6.36
105.087153 6.36
105.161154 6.36
105.230154 6.36
105.294280 6.36
105.368155 6.36
105.442156 6.36
105.516157 6.36
105.580157 6.36
105.644158 6.36
105.708173 6.36
105.772158 6.36
105.836159 6.36
105.900174 6.36
105.964160 6.36
106.028160 6.36
106.092161 6.36
106.156174 6.36
106.220162 6.36
106.284162 6.36
106.348175 6.36
106.412163 6.36
106.476164 6.36
106.536289 6.36
106.586913 6.36
106.650414 6.36
106.719039 6.36
106.777415 6.36
106.846040 6.36
106.893290 6.36
106.943916 6.36
107.007416 6.36
107.076042 0.05
107.134418 6.36
107.203044 6.36
107.261418 6.36
107.330045 6.36
107.388419 6.36
107.457045 6.36
107.515420 6.36
107.584045 6.36
107.642421 6.36
107.711047 6.36
107.769422 6.36
107.833047 6.36
107.891423 6.36
107.960048 6.36
108.018424 6.36
108.087049 6.36
108.145425 6.36
108.214050 6.36
108.272707 6.36
108.341702 6.36
108.405703 6.36
108.464553 6.36
108.514553 6.36
108.564554 6.36
108.615820 6.36
108.669555 6.36
108.728555 12.32
108.792706 6.01
108.856707 12.32
108.920709 6.36
108.984709 6.36
109.048709 6.36
109.113183 0.05
109.172200 6.36
109.236183 6.36
109.286824 6.36
109.350685 6.36
109.414688 12.32
109.470076 6.36
109.534186 6.36
109.598187 6.36
109.648828 0.05
109.699829 6.36
109.750828 6.36
109.801828 6.36
109.865690 6.36
109.929690 6.36
109.993691 6.36
110.063190 6.36
110.122956 12.32
110.197316 6.36
110.256207 0.05
110.330693 6.36
110.399957 12.32
110.470442 6.36
110.524319 6.36
110.590070 6.36
110.659319 6.36
110.712959 6.36
110.781959 6.36
110.840571 6.36
110.900963 6.36
110.959572 6.36
111.019963 6.36
111.083963 6.36
111.152965 6.36
111.221962 6.36
111.291090 6.36
111.355200 6.36
111.414200 6.36
111.469217 6.36
111.528217 6.36
111.587201 6.36
111.646215 6.36
111.705219 6.36
111.760220 6.36
111.819203 6.36
111.874216 6.36
111.929221 6.36
111.984218 6.36
112.043204 6.36
112.098221 6.36
112.153221 6.36
112.208220 6.36
112.263222 6.36
112.318223 6.36
112.381973 12.32
112.445971 0.05
112.501734 6.36
112.561724 0.05
112.621974 6.36
112.677737 0.05
112.736460 6.36
112.789976 6.36
112.845712 6.36
112.904461 6.36
112.963211 6.36
113.026976 6.36
113.095976 6.36
113.166337 6.36
113.219979 6.36
113.288980 6.36
113.359340 6.36
113.417978 6.36
113.488340 6.36
113.541716 6.36
113.595216 6.36
113.653717 6.36
113.708968 6.36
113.777718 6.36
113.832968 6.36
113.891468 6.36
113.951860 6.36
114.020871 6.36
114.094720 6.36
114.149985 6.36
114.223721 6.36
114.282110 6.36
114.345871 6.36
114.419723 6.36
114.474987 6.36
114.529723 6.36
114.584875 6.36
114.653873 6.36
114.717725 6.36
114.774116 6.36
114.832877 6.36
114.901877 6.36
114.957755 6.36
115.031879 6.36
115.105739 6.36
115.179733 6.36
115.226980 6.36
115.277733 6.36
115.336107 6.36
115.394735 6.36
115.453108 6.36
115.521888 6.36
115.586782 6.36
115.661771 6.36
115.731123 6.36
115.800504 6.36
115.871360 6.36
115.936902 6.36
115.996008 6.36
116.065492 6.36
116.140616 6.36
116.199361 6.36
116.261236 6.36
116.324755 6.36
116.398766 6.36
116.464238 6.36
116.522759 6.36
116.591767 6.36
116.655883 6.36
116.730007 6.36
116.798880 6.36
116.862881 6.36
116.921381 6.36
116.980366 6.36
117.049242 6.36
117.102625 6.36
117.163118 6.36
117.226883 6.36
117.295744 6.36
117.361244 6.36
117.411013 6.36
117.479762 6.36
117.553659 6.36
117.627873 6.36
117.677372 6.36
117.746248 6.36
117.792013 6.36
117.856498 6.36
117.915499 6.36
117.974015 6.36
118.037774 6.36
118.106777 6.36
118.175645 6.36
118.234376 6.36
118.303252 6.36
118.363502 6.36
118.417144 6.36
118.470660 6.36
118.545021 6.36
118.608782 6.36
118.678019 6.36
118.742380 6.36
118.806380 6.36
118.880784 6.36
118.950022 6.36
119.014022 6.36
119.077775 6.36
119.142025 6.36
119.205636 6.36
119.269509 6.36
119.333384 6.36
119.397260 6.36
119.462666 6.36
119.526901 6.36
119.585790 6.36
119.644665 6.36
119.713791 6.36
119.768668 6.36
119.832793 6.36
119.896513 6.36
119.960781 6.36
120.024686 6.36
120.093669 6.36
120.157668 6.36
120.221671 6.36
120.285516 6.36
120.351142 6.36
120.409670 6.36
120.468673 6.36
120.532673 6.36
120.591519 6.36
120.662518 6.36
120.726285 6.36
120.785035 6.36
120.849271 6.36
120.908037 6.36
120.958039 6.36
121.016799 6.36
121.080678 6.36
121.139802 6.36
121.204165 6.36
121.259149 6.36
121.318041 6.36
121.377188 6.36
121.441275 6.36
121.505168 6.36
121.564042 6.36
121.622526 6.36
121.686527 6.36
121.750527 6.36
121.814528 6.36
121.883778 6.36
121.947684 6.36
122.011529 6.36
122.077155 6.36
122.139047 6.36
122.202530 6.36
122.273047 6.36
122.336798 6.36
122.410782 6.36
122.474687 6.36
122.549409 6.36
122.608159 6.36
122.663534 6.36
122.732800 6.36
122.791410 6.36
122.857410 6.36
122.923286 6.36
122.982178 6.36
123.044566 6.36
123.103412 6.36
123.169694 6.36
123.228542 6.36
123.287414 6.36
123.358694 6.36
123.422539 6.36
123.486540 6.36
123.545541 6.36
123.609541 6.36
123.668542 6.36
123.732956 6.36
123.786417 6.36
123.857811 6.36
123.916418 6.36
123.980544 6.36
124.039809 6.36
124.098545 6.36
124.162419 6.36
124.220795 6.36
124.289420 6.36
124.347808 6.36
124.416424 6.36
124.474799 6.36
124.543422 6.36
124.601797 6.36
124.670423 6.36
124.728798 6.36
124.797424 6.36
124.855799 6.36
124.924425 6.36
124.982800 6.36
125.051426 6.36
125.109801 6.36
125.178427 6.36
125.238443 6.36
125.296803 6.36
125.365428 6.36
125.425429 6.36
125.485430 6.36
125.548930 6.36
125.612430 6.36
125.672056 6.36
125.740684 6.36
125.809308 6.36
125.869435 6.36
125.923932 6.36
125.982319 6.36
126.029559 6.36
126.080186 6.36
126.143685 6.36
126.212310 6.36
126.263434 6.36
126.326935 6.36
126.385311 6.36
126.432566 6.36
126.483187 6.36
126.546698 6.36
126.615312 6.36
126.673689 6.36
126.742313 6.36
126.800690 6.36
126.869314 6.36
126.927690 6.36
126.996323 6.36
127.054692 6.36
127.123316 6.36
127.181692 6.36
127.250317 6.36
127.308693 6.36
127.372318 6.36
127.430695 6.36
127.499319 6.36
127.557697 6.36
127.626320 6.36
127.684703 6.36
127.753321 6.36
127.811697 6.36
127.880322 6.36
127.938698 6.36
128.007328 6.36
128.067324 6.36
128.125712 6.36
128.194324 6.36
128.254338 6.36
128.314326 6.36
128.374326 6.36
128.434329 6.36
128.487576 6.36
128.556202 6.36
128.611202 6.36
128.671328 6.36
128.731330 6.36
128.784578 6.36
128.853204 6.36
128.908204 6.36
128.963205 6.36
129.014330 6.36
129.070091 6.36
129.133581 6.36
129.202206 6.36
129.249459 6.36
129.309333 6.36
129.378223 6.36
129.442334 6.36
129.511460 6.36
129.580210 6.36
129.638853 6.36
129.692211 6.36
129.756337 6.36
129.830343 6.36
129.894213 6.36
129.953127 6.36
130.016589 6.36
130.080464 6.36
130.149215 6.36
130.207590 6.36
130.276216 6.36
130.345466 6.36
130.414467 6.36
130.483217 6.36
130.547345 6.36
130.616343 6.36
130.680221 6.36
130.739017 6.36
130.797862 6.36
130.858482 6.36
130.917221 6.36
130.981471 6.36
131.045347 6.36
131.109222 6.36
131.169253 6.36
131.228114 6.36
131.283348 6.36
131.357877 6.36
131.427132 6.36
131.496100 6.36
131.547754 6.36
131.601226 6.36
131.661476 6.36
131.725351 6.36
131.799102 6.36
131.846477 6.36
131.905478 6.36
131.969353 6.36
132.029354 6.36
132.080121 6.36
132.144480 6.36
132.199479 6.36
132.258231 6.36
132.313995 6.36
132.377480 6.36
132.446117 6.36
132.504481 6.36
132.573107 6.36
132.631482 6.36
132.700108 6.36
132.758483 6.36
132.827109 6.36
132.885484 6.36
132.954110 6.36
133.012489 6.36
133.081111 6.36
133.139486 6.36
133.208111 6.36
133.266487 6.36
133.335112 6.36
133.393488 6.36
133.462118 6.36
133.520489 6.36
133.589118 6.36
133.649241 6.36
133.704125 6.36
133.764118 6.36
133.824118 6.36
133.884118 6.36
133.937367 6.36
134.005992 6.36
134.071119 6.36
134.131119 6.36
134.191120 6.36
134.251122 6.36
134.304370 6.36
134.372997 6.36
134.424120 6.36
134.484127 6.36
134.537371 6.36
134.606007 6.36
134.653247 6.36
134.708124 6.36
134.761372 6.36
134.830003 6.36
134.881124 6.36
134.936880 6.36
135.000375 6.36
135.069000 6.36
135.127375 6.36
135.196001 0.05
135.243251 12.32
135.293877 6.36
135.357377 6.36
135.426002 6.36
135.484378 6.36
135.553004 6.36
135.611382 6.36
135.680005 6.36
135.738384 6.36
135.807006 6.36
135.865380 6.36
135.934007 6.36
135.992382 6.36
136.061008 6.36
136.119383 6.36
136.188020 6.36
136.246394 6.36
136.315010 6.36
136.373385 6.36
136.442011 6.36
136.502137 6.36
136.558387 6.36
136.627012 6.36
136.697387 6.36
136.766023 6.36
136.826015 6.36
136.889513 6.36
136.953014 6.36
137.007514 6.36
137.071015 6.36
137.125515 6.36
137.189017 6.36
137.243517 6.36
137.301892 6.36
137.349142 6.36
137.407518 6.36
137.465895 6.36
137.513143 6.36
137.562519 6.36
137.620894 6.36
137.668149 6.36
137.726520 6.36
137.784900 6.36
137.832148 6.36
137.882772 6.36
137.946272 6.36
138.014897 6.36
138.073273 6.36
138.141898 6.36
138.200278 6.36
138.268903 6.36
138.327276 6.36
138.395909 6.36
138.454276 6.36
138.522905 6.36
138.581279 6.36
138.649912 6.36
138.720406 6.36
138.783903 6.36
138.842278 6.36
138.910906 6.36
138.971032 6.36
139.026030 6.36
139.081033 6.36
139.136034 6.36
139.191032 6.36
139.244281 6.36
139.312909 6.36
139.386783 6.36
139.445534 6.36
139.504539 6.36
139.569163 6.36
139.628185 6.36
139.687538 6.36
139.751935 6.36
139.816812 6.36
139.882738 6.36
139.943713 6.36
140.003175 6.36
140.063855 6.36
140.133752 6.36
140.200062 6.36
140.260168 6.36
140.320712 6.36
140.379542 6.36
140.445714 6.36
140.500670 6.36
140.564169 6.36
140.632793 6.36
140.691172 6.36
140.759796 6.36
140.818170 6.36
140.886794 6.36
140.945174 6.36
141.013796 6.36
141.072176 6.36
141.140798 6.36
141.199182 6.36
141.267801 6.36
141.326182 6.36
141.394802 6.36
141.453176 6.36
141.521800 6.36
141.580175 6.36
141.648799 6.36
141.707177 6.36
141.775810 6.36
141.834180 6.36
141.902804 6.36
141.961184 6.36
142.029805 6.36
142.089940 6.36
142.144935 6.36
142.199810 6.36
142.259807 6.36
142.319807 6.36
142.379806 6.36
142.439810 6.36
142.499807 6.36
142.559807 6.36
142.613059 6.36
142.681685 6.36
142.741809 6.36
142.796319 6.36
142.859809 6.36
142.914321 6.36
142.972687 6.36
143.023810 6.36
143.079564 6.36
143.143063 6.36
143.211694 6.36
143.270065 6.36
143.338699 6.36
143.397069 6.36
143.465693 6.36
143.512941 6.36
143.563575 6.36
143.627069 6.36
143.695701 6.36
143.754067 6.36
143.822702 6.36
143.881066 6.36
143.949827 6.36
144.005568 6.36
144.069076 6.36
144.137697 6.36
144.196079 6.36
144.264700 6.36
144.324831 6.36
144.378072 6.36
144.446707 6.36
144.506822 6.36
144.561836 6.36
144.615073 6.36
144.683712 6.36
144.742076 6.36
144.810712 6.36
144.869074 6.36
144.937707 6.36
144.997700 6.36
145.057711 6.36
145.117703 6.36
145.177706 6.36
145.237707 6.36
145.297705 6.36
145.350960 6.36
145.419581 6.36
145.474588 6.36
145.525710 6.36
145.589214 6.36
145.647581 6.36
145.702590 6.36
145.757209 6.36
145.815590 6.36
145.889587 6.36
145.936835 6.36
146.010584 6.36
146.057833 6.36
146.126584 6.36
146.173833 6.36
146.237333 6.36
146.305959 6.36
146.374586 6.36
146.443216 6.36
146.501589 6.36
146.559963 6.36
146.628589 6.36
146.686963 6.36
146.755588 6.36
146.813962 6.36
146.882591 6.36
146.940964 6.36
147.004589 6.36
147.062969 6.36
147.131592 6.36
147.189967 6.36
147.253846 6.36
147.319093 6.36
147.377614 6.36
147.437723 6.36
147.506478 6.36
147.566725 6.36
147.621725 6.36
147.676725 6.36
147.735098 6.36
147.798603 6.36
147.858606 6.36
147.918606 6.36
147.982107 6.36
148.045612 6.36
148.109105 6.36
148.172606 6.36
148.236106 6.36
148.294473 6.36
148.354604 6.36
148.409101 6.36
148.467484 6.36
148.522478 6.36
148.577477 6.36
148.624732 6.36
148.693478 6.36
148.740730 6.36
148.790104 6.36
148.848489 6.36
148.906857 6.36
148.975490 6.36
149.033857 6.36
149.102491 6.36
149.160860 6.36
149.229492 6.36
149.303488 6.36
149.368748 6.36
149.428241 6.36
149.498489 6.36
149.562616 6.36
149.626615 6.36
149.685485 6.36
149.749362 6.36
149.808363 6.36
149.867500 6.36
149.937240 6.36
150.001765 6.36
150.071887 6.36
150.125624 6.36
150.184617 6.36
150.254377 6.36
150.314883 6.36
150.373622 6.36
150.437619 6.36
150.496880 6.36
150.550771 6.36
150.614820 6.36
150.668625 6.36
150.737790 6.36
150.802138 6.36
150.857496 6.36
150.931773 6.36
150.986775 6.36
151.041772 6.36
151.100496 6.36
151.160250 6.36
151.215540 6.36
151.276128 6.36
151.331125 6.36
151.391882 6.36
151.451379 6.36
151.512264 6.36
151.577257 6.36
151.632504 6.36
151.691669 6.36
151.756263 6.36
151.815755 6.36
151.869380 6.36
151.935503 6.36
151.999780 6.36
152.054256 6.36
152.113255 6.36
152.172788 6.36
152.226380 6.36
152.296258 6.36
152.355257 6.36
152.414388 6.36
152.478680 6.36
152.548507 6.36
152.607507 6.36
152.667155 6.36
152.726148 6.36
152.786805 6.36
152.840512 6.36
152.899512 6.36
152.963675 6.36
153.022512 6.36
153.086385 6.36
153.157552 6.36
153.221641 6.36
153.281145 6.36
153.345688 6.36
153.401523 6.36
153.462395 6.36
153.527184 6.36
153.592146 6.36
153.647528 6.36
153.708399 6.36
153.768065 6.36
153.828520 6.36
153.887393 6.36
153.947021 6.36
153.998429 6.36
154.053825 6.36
154.104042 6.36
154.164270 6.36
154.211519 6.36
154.262145 6.36
154.326821 6.36
154.396271 6.36
154.462397 6.36
154.518146 6.36
154.582666 6.36
154.641399 6.36
154.710916 6.36
154.764399 6.36
154.839655 6.36
154.898526 6.36
154.968825 6.36
155.028154 6.36
155.093161 6.36
155.158157 6.36
155.223156 6.36
155.281920 6.36
155.345922 6.36
155.414922 6.36
155.468528 6.36
155.532153 6.36
155.591407 6.36
155.655657 6.36
155.710161 6.36
155.774407 6.36
155.838659 6.36
155.897281 6.36
155.957408 6.36
156.015912 6.36
156.075161 6.36
156.133661 6.36
156.187413 6.36
156.251699 6.36
156.305547 6.36
156.364928 6.36
156.420074 6.36
156.479539 6.36
156.543161 6.36
156.608291 6.36
156.667090 6.36
156.722549 6.36
156.791288 6.36
156.860808 6.36
156.919164 6.36
156.976293 6.36
157.035165 6.36
157.090164 6.36
157.137415 6.36
157.201420 6.36
157.265418 6.36
157.335168 6.36
157.386417 6.36
157.437169 6.36
157.484546 6.36
157.543419 6.36
157.607711 6.36
157.661422 6.36
157.720422 6.36
157.784171 6.36
157.835940 6.36
157.899937 6.36
157.969422 6.36
158.038172 6.36
158.098550 6.36
158.162300 6.36
158.228074 6.36
158.287552 6.36
158.341818 6.36
158.410801 6.36
158.464179 6.36
158.522803 6.36
158.576564 6.36
158.631077 6.36
158.700960 6.36
158.762334 6.36
158.827083 6.36
158.888433 6.36
158.952186 6.36
159.012307 6.36
159.071320 6.36
159.130808 6.36
159.185825 6.36
159.243187 6.36
159.296840 6.36
159.355962 6.36
159.415184 6.36
159.479434 6.36
159.538311 6.36
159.597311 6.36
159.661435 6.36
159.720445 6.36
159.774185 6.36
159.848968 6.36
159.898690 6.36
159.959199 6.36
160.014440 6.36
160.073313 6.36
160.128962 6.36
160.187833 6.36
160.252449 6.36
160.313088 6.36
160.377443 6.36
160.436192 6.36
160.496698 6.36
160.553088 6.36
160.613453 6.36
160.667825 6.36
160.732580 6.36
160.788320 6.36
160.852469 6.36
160.911967 6.36
160.970698 6.36
161.026205 6.36
161.090862 6.36
161.160700 6.36
161.230112 6.36
161.295093 6.36
161.364196 6.36
161.433197 6.36
161.497325 6.36
161.561324 6.36
161.620199 6.36
161.694702 6.36
161.753703 6.36
161.823201 6.36
161.887328 6.36
161.946326 6.36
162.010452 6.36
162.077954 6.36
162.142875 6.36
162.207454 6.36
162.261986 6.36
162.317329 6.36
162.381984 6.36
162.442708 6.36
162.501991 6.36
162.570975 0.05
162.626582 6.36
162.676332 6.36
162.731207 6.36
162.795083 6.36
162.850847 12.32
162.906212 6.36
162.975460 6.36
163.029340 6.36
163.079337 6.36
163.138469 6.36
163.188724 6.36
163.253348 6.36
163.312991 6.36
163.382986 6.36
163.457590 6.36
163.511475 6.36
163.572719 6.36
163.641590 6.36
163.696465 6.36
163.746339 6.36
163.806592 6.36
163.867110 6.36
163.922858 6.36
163.981591 6.36
164.035109 6.36
164.109107 6.36
164.178111 6.36
164.247110 6.36
164.308137 6.36
164.372114 6.36
164.436228 6.36
164.490115 6.36
164.554730 6.36
164.614352 6.36
164.668139 6.36
164.732114 6.36
164.805877 6.36
164.871608 6.36
164.935476 6.36
164.990995 0.05
165.050019 6.36
165.124476 6.36
165.188613 6.36
165.257995 6.36
165.327228 6.36
165.387871 6.36
165.443228 6.36
165.498353 6.36
165.548229 6.36
165.603356 6.36
165.663610 6.36
165.718613 6.36
165.783358 6.36
165.837123 6.36
165.901231 6.36
165.956231 6.36
166.011231 6.36
166.066107 6.36
166.126127 6.36
166.186359 6.36
166.241791 6.36
166.301125 6.36
166.365630 6.36
166.426131 6.36
166.509239 6.36
166.567986 6.36
166.632736 6.36
166.696235 6.36
166.764861 6.36
166.823237 6.36
166.891865 6.36
166.950240 6.36
167.018863 6.36
167.077238 6.36
167.145865 6.36
167.204242 6.36
167.272868 6.36
167.331242 6.36
167.399866 6.36
167.459993 6.36
167.514994 6.36
167.569995 6.36
167.628495 6.36
167.679871 6.36
167.739870 6.36
167.799884 6.36
167.859874 6.36
167.919871 6.36
167.979871 6.36
168.043370 6.36
168.101749 6.36
168.156746 6.36
168.211751 6.36
168.259000 6.36
168.313875 6.36
168.372378 6.36
168.430749 6.36
168.485749 6.36
168.540750 6.36
168.591886 6.36
168.647627 6.36
168.711125 6.36
168.779752 6.36
168.827001 6.36
168.876376 6.36
168.934752 6.36
168.993127 6.36
169.061753 6.36
169.120128 6.36
169.188754 6.36
169.247133 6.36
169.315757 6.36
169.374135 6.36
169.442758 6.36
169.506512 6.36
169.570385 6.36
169.636394 6.36
169.711514 6.36
169.786521 6.36
169.856155 6.36
169.925521 6.36
169.995641 6.36
170.060521 6.36
170.121895 6.36
170.186522 6.36
170.256391 6.36
170.315663 6.36
170.376520 6.36
170.430529 6.36
170.486525 6.36
170.546040 6.36
170.600530 6.36
170.665523 6.36
170.730527 6.36
170.791525 6.36
170.856523 6.36
170.912049 6.36
170.966399 6.36
171.031154 6.36
171.085399 6.36
171.155532 6.36
171.215152 6.36
171.265533 6.36
171.330529 6.36
171.395531 6.36
171.460528 6.36
171.521152 6.36
171.586046 6.36
171.650400 6.36
171.715056 6.36
171.775530 6.36
171.834922 6.36
171.904415 6.36
171.965156 6.36
172.024404 6.36
172.094537 6.36
172.159533 6.36
172.224541 6.36
172.284052 6.36
172.357189 6.36
172.422162 6.36
172.487192 6.36
172.552162 6.36
172.616930 6.36
172.675909 6.36
172.740541 6.36
172.805537 6.36
172.871790 6.36
172.931414 6.36
172.990545 6.36
173.051542 6.36
173.116413 6.36
173.180934 6.36
173.250538 6.36
173.316934 6.36
173.381301 6.36
173.442064 6.36
173.501416 6.36
173.556949 6.36
173.611420 6.36
173.681549 6.36
173.742941 6.36
173.798552 6.36
173.859946 6.36
173.914296 6.36
173.980428 6.36
174.040063 6.36
174.095431 6.36
174.160424 6.36
174.216077 6.36
174.281070 6.36
174.338182 6.36
174.403059 6.36
174.461814 6.36
174.526549 6.36
174.588548 6.36
174.663551 6.36
174.732942 6.36
174.787069 6.36
174.840706 6.36
174.899852 6.36
174.971176 6.36
175.025435 6.36
175.085073 0.05
175.150085 6.36
175.215078 6.36
175.279956 6.36
175.334435 6.36
175.393825 6.36
175.453439 6.36
175.517821 6.36
175.577306 6.36
175.641305 6.36
175.711436 6.36
175.775684 6.36
175.832699 6.36
175.892438 6.36
175.957441 6.36
176.022436 6.36
176.078445 6.36
176.137560 6.36
176.208567 6.36
176.267958 6.36
176.321561 6.36
176.380967 6.36
176.426827 6.36
176.486321 6.36
176.551318 6.36
176.602570 6.36
176.662319 6.36
176.722833 6.36
176.787968 6.36
176.838319 6.36
176.893970 6.36
176.958966 6.36
177.018450 6.36
177.088317 6.36
177.147452 6.36
177.222840 6.36
177.276851 6.36
177.331325 6.36
177.390698 6.36
177.455320 6.36
177.514210 6.36
177.578209 6.36
177.642210 6.36
177.706210 6.36
177.774835 6.36
177.828570 6.36
177.902445 6.36
177.971991 6.36
178.033196 6.36
178.097213 6.36
178.166214 6.36
178.235322 6.36
178.294215 6.36
178.352841 6.36
178.411716 6.36
178.470574 6.36
178.534717 6.36
178.593575 6.36
178.657575 6.36
178.721703 6.36
178.785576 6.36
178.849577 6.36
178.913577 6.36
178.973705 6.36
179.032579 6.36
179.091454 6.36
179.160579 6.36
179.224706 6.36
179.283580 6.36
179.347711 6.36
179.401331 6.36
179.461343 6.36
179.521978 6.36
179.582465 6.36
179.637333 6.36
179.684712 6.36
179.743460 6.36
179.807464 6.36
179.871462 6.36
179.935462 6.36
180.000105 6.36
180.060339 6.36
180.124717 6.36
180.189109 6.36
180.248105 6.36
180.312107 6.36
180.385225 6.36
180.450113 6.36
180.510724 6.36
180.580889 6.36
180.650899 6.36
180.715866 6.36
180.775222 6.36
180.844223 6.36
180.903345 6.36
180.967631 6.36
181.037110 6.36
181.112223 6.36
181.176113 6.36
181.240873 6.36
181.305475 6.36
181.370117 6.36
181.438991 6.36
181.492790 6.36
181.544478 6.36
181.614117 6.36
181.684236 6.36
181.743484 6.36
181.808235 6.36
181.868109 6.36
181.929363 6.36
181.993871 6.36
182.044118 6.36
182.103615 6.36
182.158125 6.36
182.217123 6.36
182.271137 6.36
182.322231 6.36
182.375128 6.36
182.443986 6.36
182.504806 6.36
182.575137 6.36
182.639993 6.36
182.710244 6.36
182.785237 6.36
182.846644 6.36
182.901134 6.36
182.966019 6.36
183.036242 6.36
183.101145 6.36
183.166140 6.36
183.231037 6.36
183.302914 6.36
183.386621 6.36
183.445865 6.36
183.504893 6.36
183.569615 6.36
183.628886 6.36
183.688146 6.36
183.752891 6.36
183.817817 6.36
183.888038 6.36
183.959912 6.36
184.035142 6.36
184.099493 6.36
184.163492 6.36
184.222626 6.36
184.281928 6.36
184.345887 6.36
184.400037 6.36
184.465144 6.36
184.521014 6.36
184.587397 6.36
184.646371 6.36
184.712152 6.36
184.776500 6.36
184.835374 6.36
184.901144 6.36
184.956499 6.36
185.015376 6.36
185.079374 6.36
185.143501 6.36
185.202251 6.36
185.266651 6.36
185.317026 6.36
185.366898 6.36
185.427511 6.36
185.482155 6.36
185.547027 6.36
185.612030 6.36
185.677027 6.36
185.742168 6.36
185.808261 6.36
185.883519 6.36
185.938029 6.36
186.003041 6.36
186.068036 6.36
186.127648 6.36
186.194284 6.36
186.253762 6.36
186.307135 6.36
186.376762 6.36
186.436044 6.36
186.501161 6.36
186.565900 6.36
186.631033 6.36
186.690514 6.36
186.755268 6.36
186.815038 6.36
186.874794 6.36
186.939521 6.36
186.994038 6.36
187.053391 6.36
187.114265 6.36
187.173139 6.36
187.237265 6.36
187.303270 6.36
187.362268 6.36
187.426394 6.36
187.491272 6.36
187.550895 6.36
187.611525 6.36
187.665918 6.36
187.725522 6.36
187.779405 6.36
187.843896 6.36
187.899171 6.36
187.958397 6.36
188.017274 6.36
188.078187 6.36
188.137399 6.36
188.196273 6.36
188.256924 6.36
188.312711 6.36
188.377401 6.36
188.436149 6.36
188.500532 6.36
188.546402 6.36
188.605404 6.36
188.664902 6.36
188.723806 6.36
188.795658 6.36
188.851938 6.36
188.911536 6.36
188.976534 6.36
189.026658 6.36
189.091165 6.36
189.150406 6.36
189.220414 6.36
189.276053 6.36
189.340940 6.36
189.405825 6.36
189.475941 6.36
189.540795 6.36
189.615420 6.36
189.674942 6.36
189.736286 6.36
189.795942 6.36
189.860935 6.36
189.922169 6.36
189.987290 6.36
190.051850 6.36
190.113172 6.36
190.172936 6.36
190.234427 6.36
190.288838 6.36
190.353853 6.36
190.414843 6.36
190.474417 6.36
190.533857 6.36
190.593418 6.36
190.648855 6.36
190.713826 6.36
190.783953 6.36
190.850072 6.36
190.914672 6.36
190.979302 6.36
191.029420 6.36
191.084852 6.36
191.149845 6.36
191.219862 6.36
191.284850 6.36
191.345300 6.36
191.409961 6.36
191.484675 6.36
191.550859 6.36
191.615553 6.36
191.690873 6.36
191.752305 6.36
191.806960 6.36
191.866859 6.36
191.928199 6.36
192.003853 6.36
192.068856 6.36
192.138868 6.36
192.201428 6.36
192.260687 6.36
192.320182 6.36
192.384197 6.36
192.453303 6.36
192.522554 6.36
192.592071 6.36
192.661179 6.36
192.719947 6.36
192.784180 6.36
192.843199 6.36
192.901947 6.36
192.971566 6.36
193.031950 6.36
193.096311 6.36
193.149956 6.36
193.219315 6.36
193.273311 6.36
193.327866 6.36
193.392837 6.36
193.464191 6.36
193.525441 6.36
193.595450 6.36
193.660324 6.36
193.710569 6.36
193.780705 6.36
193.836322 6.36
193.895840 6.36
193.961972 6.36
194.028453 6.36
194.098772 6.36
194.160197 6.36
194.223821 6.36
194.293199 6.36
194.353968 6.36
194.413703 6.36
194.473084 6.36
194.539720 6.36
194.599326 6.36
194.649717 6.36
194.709196 6.36
194.773093 6.36
194.842090 6.36
194.905963 6.36
194.974967 6.36
195.035323 6.36
195.094746 6.36
195.153826 6.36
195.222968 6.36
195.292875 6.36
195.357758 6.36
195.419112 6.36
195.489100 6.36
195.548910 6.36
195.613710 6.36
195.677969 6.36
195.737586 6.36
195.806850 6.36
195.876727 6.36
195.938104 6.36
196.002731 6.36
196.058711 6.36
196.117458 6.36
196.178114 6.36
196.238900 6.36
196.303594 6.36
196.362855 6.36
196.422592 6.36
196.487591 6.36
196.552595 6.36
196.617594 12.32
196.687590 6.36
196.747223 6.36
196.802717 6.36
196.868464 6.36
196.933089 6.36
196.992096 6.36
197.046623 6.36
197.106110 6.36
197.165620 6.36
197.230610 6.36
197.290116 6.36
197.344628 6.36
197.417480 6.36
197.493134 6.36
197.547610 6.36
197.612625 6.36
197.683119 6.36
197.744347 6.36
197.803775 6.36
197.879134 6.36
197.934890 6.36
197.999726 6.36
198.075131 6.36
198.134728 6.36
198.204999 6.36
198.256875 6.36
198.322851 6.36
198.387473 6.36
198.461918 6.36
198.521025 6.36
198.584989 6.36
198.643878 6.36
198.702752 6.36
198.771993 6.36
198.835743 6.36
198.904756 6.36
198.974477 6.36
199.038476 6.36
199.109747 6.36
199.168757 6.36
199.227902 6.36
199.288356 6.36
199.353891 6.36
199.413357 6.36
199.477632 6.36
199.553130 6.36
199.606614 6.36
199.668493 6.36
199.728874 6.36
199.788006 6.36
199.842114 6.36
199.895771 6.36
199.956149 6.36
200.020868 6.36
200.085363 6.36
200.155494 6.36
200.225491 6.36
200.285009 6.36
200.340115 6.36
200.410500 6.36
200.475369 6.36
200.550502 6.36
200.615496 6.36
200.674769 6.36
200.734499 6.36
200.798784 6.36
200.858516 6.36
200.928496 6.36
200.984020 6.36
201.038501 6.36
201.103123 6.36
201.158752 6.36
201.219749 6.36
201.284509 6.36
201.345767 6.36
201.405029 6.36
201.459248 6.36
201.519747 6.36
201.578626 6.36
201.647872 6.36
201.706775 6.36
201.765623 6.36
201.834892 6.36
201.899376 6.36
201.963389 6.36
202.018645 6.36
202.077629 6.36
202.137261 6.36
202.203384 6.36
202.258796 6.36
202.319390 6.36
202.379788 6.36
202.438788 6.36
202.499507 6.36
202.561637 6.36
202.621015 6.36
202.671261 6.36
202.741514 6.36
202.807637 6.36
202.867045 6.36
202.932035 6.36
202.987513 6.36
203.048801 6.36
203.113513 6.36
203.177815 6.36
203.248035 6.36
203.313034 6.36
203.383035 6.36
203.447398 6.36
203.517521 6.36
203.587400 6.36
203.643145 6.36
203.712765 6.36
203.782839 6.36
203.853037 6.36
203.912831 6.36
203.977708 6.36
204.036775 6.36
204.091276 6.36
204.151041 6.36
204.206650 6.36
204.266272 6.36
204.330775 6.36
204.385405 6.36
204.446652 6.36
204.506278 6.36
204.567534 6.36
204.627149 6.36
204.678532 6.36
204.748650 6.36
204.808280 6.36
204.869530 6.36
204.943901 6.36
204.999281 6.36
205.058912 6.36
205.113412 6.36
205.175904 6.36
205.230284 6.36
205.295282 6.36
205.354940 6.36
205.405290 6.36
205.475406 6.36
205.545410 6.36
205.626177 6.36
205.692536 6.36
205.752284 6.36
205.816947 6.36
205.867290 6.36
205.937284 6.36
206.007417 6.36
206.082910 6.36
206.133290 6.36
206.198288 6.36
206.268417 6.36
206.343934 6.36
206.408670 6.36
206.471292 6.36
206.536196 6.36
206.601172 6.36
206.667165 6.36
206.733294 6.36
206.798292 6.36
206.861548 6.36
206.922545 6.36
206.978185 6.36
207.039646 6.36
207.094169 6.36
207.159173 6.36
207.224297 6.36
207.285542 6.36
207.344858 6.36
207.398668 6.36
207.454427 6.36
207.514174 6.36
207.574682 6.36
207.634299 6.36
207.691296 6.36
207.738670 6.36
207.792293 6.36
207.839668 6.36
207.898417 6.36
207.967418 6.36
208.031294 6.36
208.078544 6.36
208.137937 6.36
208.191548 6.36
208.250551 6.36
208.309423 6.36
208.374306 6.36
208.449552 6.36
208.513944 6.36
208.583549 6.36
208.647423 6.36
208.716943 6.36
208.775943 6.36
208.840079 6.36
208.903943 6.36
208.974204 6.36
209.027947 6.36
209.097068 6.36
209.165679 6.36
209.224428 6.36
209.288432 6.36
209.352554 6.36
209.411434 6.36
209.475305 6.36
209.544559 6.36
209.609076 6.36
209.674440 6.36
209.733686 6.36
209.792436 6.36
209.858455 6.36
209.922309 6.36
209.992567 6.36
210.047083 6.36
210.111446 6.36
210.181191 6.36
210.236563 6.36
210.296195 6.36
210.364362 6.36
210.429081 6.36
210.483083 6.36
210.549329 6.36
210.608440 6.36
210.673082 6.36
210.732099 6.36
210.797094 6.36
210.861961 6.36
210.932230 6.36
210.998322 6.36
211.063202 6.36
211.133574 6.36
211.193206 6.36
211.259331 6.36
211.318967 6.36
211.375215 6.36
211.439969 6.36
211.504210 6.36
211.570334 6.36
211.630096 6.36
211.700100 6.36
211.759976 6.36
211.835459 6.36
211.897113 6.36
211.958578 6.36
212.013109 6.36
212.074456 6.36
212.134123 6.36
212.195589 6.36
212.250101 6.36
212.309464 6.36
212.366980 6.36
212.428332 6.36
212.487981 6.36
212.553105 6.36
212.614591 6.36
212.665130 6.36
212.730118 6.36
212.785848 6.36
212.850335 6.36
212.914467 6.36
212.968982 6.36
213.039002 6.36
213.098340 6.36
213.153997 6.36
213.215213 6.36
213.272218 6.36
213.331984 6.36
213.385713 6.36
213.439334 6.36
213.499854 6.36
213.564609 6.36
213.614861 6.36
213.675108 6.36
213.726995 6.36
213.791991 6.36
213.847467 6.36
213.901992 6.36
213.961469 6.36
214.027725 6.36
214.097993 6.36
214.157469 6.36
214.211869 6.36
214.282117 6.36
214.348003 6.36
214.407897 6.36
214.483120 6.36
214.553131 6.36
214.622882 6.36
214.692990 6.36
214.757993 6.36
214.822913 6.36
214.882871 6.36
214.960989 6.36
215.025482 6.36
215.086222 6.36
215.150997 6.36
215.215888 6.36
215.280482 6.36
215.340354 6.36
215.399891 6.36
215.459483 6.36
215.514003 6.36
215.575238 6.36
215.635142 6.36
215.694876 6.36
215.754356 6.36
215.813762 12.32
215.892119 6.36
215.956118 6.36
216.020353 6.36
216.079354 6.36
216.138230 6.36
216.202230 6.36
216.266106 6.36
216.330124 6.36
216.394124 6.36
216.471763 6.36
216.535613 6.36
216.599770 6.36
216.663762 6.36
216.727613 6.36
216.788127 6.36
216.862127 6.36
216.926126 6.36
217.003763 6.36
217.059888 6.36
217.114890 6.36
217.179129 6.36
217.243130 6.36
217.307129 6.36
217.372620 6.36
217.433369 6.36
217.497776 6.36
217.567242 6.36
217.641876 6.36
217.706133 6.36
217.775887 6.36
217.840244 6.36
217.906131 6.36
217.965876 6.36
218.025248 6.36
218.089623 6.36
218.156125 6.36
218.220808 6.36
218.282131 6.36
218.343142 6.36
218.412511 6.36
218.482248 6.36
218.546796 6.36
218.611801 6.36
218.676386 6.36
218.730815 6.36
218.790254 6.36
218.854810 6.36
218.919796 6.36
218.979266 6.36
219.033825 6.36
219.093379 6.36
219.147252 6.36
219.202379 6.36
219.252253 6.36
219.311255 6.36
219.366379 6.36
219.416129 6.36
219.480256 6.36
219.549633 6.36
219.610269 6.36
219.664804 6.36
219.715789 6.36
219.776150 6.36
219.836261 6.36
219.891384 6.36
219.945808 6.36
220.010804 6.36
220.075268 6.36
220.129793 6.36
220.194806 6.36
220.259816 6.36
220.324817 6.36
220.389816 6.36
220.451273 6.36
220.507017 6.36
220.568019 6.36
220.627809 6.36
220.694401 6.36
220.755835 6.36
220.817144 6.36
220.881829 6.36
220.946830 6.36
221.008149 6.36
221.074529 6.36
221.139145 6.36
221.198798 6.36
221.262028 6.36
221.321523 6.36
221.391282 6.36
221.450522 6.36
221.515934 6.36
221.584785 6.36
221.640274 6.36
221.699651 6.36
221.758649 6.36
221.818156 6.36
221.872655 6.36
221.932176 6.36
222.007806 6.36
222.072655 6.36
222.132159 6.36
222.186660 6.36
222.246044 6.36
222.312727 6.36
222.373407 6.36
222.443660 6.36
222.508679 6.36
222.568157 6.36
222.622292 6.36
222.672531 6.36
222.741530 6.36
222.801906 6.36
222.865905 6.36
222.930156 6.36
222.989533 6.36
223.058909 6.36
223.128410 6.36
223.181928 6.36
223.251198 6.36
223.305285 6.36
223.369534 6.36
223.434056 6.36
223.493067 6.36
223.559665 6.36
223.619162 6.36
223.677928 6.36
223.746927 6.36
223.820786 6.36
223.894929 6.36
223.968787 6.36
224.037930 6.36
224.111788 6.36
224.185930 6.36
224.251543 6.36
224.317066 6.36
224.371068 6.36
224.424936 6.36
224.493808 6.36
224.563818 6.36
224.632813 6.36
224.688180 6.36
224.738065 6.36
224.793172 6.36
224.852549 6.36
224.911557 6.36
224.976559 6.36
225.046424 6.36
225.116561 6.36
225.176179 6.36
225.231685 6.36
225.293059 6.36
225.348552 6.36
225.404072 6.36
225.463555 6.36
225.523838 6.36
225.583562 6.36
225.648556 6.36
225.703679 6.36
225.773175 6.36
225.831677 6.36
225.895821 6.36
225.954943 6.36
226.025204 6.36
226.080430 6.36
226.149819 6.36
226.213822 6.36
226.282826 6.36
226.357556 6.36
226.423306 6.36
226.487557 6.36
226.551560 6.36
226.610561 6.36
226.669434 6.36
226.740818 6.36
226.805435 6.36
226.874953 6.36
226.944562 6.36
227.014570 6.36
227.075835 6.36
227.134828 6.36
227.198829 6.36
227.267688 6.36
227.326691 6.36
227.396314 6.36
227.456690 6.36
227.520831 6.36
227.575832 6.36
227.630962 6.36
227.684566 6.36
227.746566 6.36
227.808566 6.36
227.870566 6.36
227.932567 6.36
227.987959 6.36
228.057446 6.36
228.116443 6.36
228.175319 6.36
228.250444 6.36
228.309448 6.36
228.368449 6.36
228.427447 6.36
228.497573 6.36
228.572860 6.36
228.632458 6.36
228.697456 6.36
228.756979 6.36
228.811462 6.36
228.871100 6.36
228.936103 6.36
228.995975 6.36
229.055476 6.36
229.120338 6.36
229.192216 6.36
229.262475 6.36
229.321725 6.36
229.381333 6.36
229.441103 6.36
229.498467 6.36
229.563464 6.36
229.622878 6.36
229.683716 6.36
229.739211 6.36
229.794992 6.36
229.846593 6.36
229.906104 6.36
229.956341 6.36
230.017622 6.36
230.077345 6.36
230.142342 6.36
230.207214 6.36
230.264618 6.36
230.325589 6.36
230.390003 6.36
230.454864 6.36
230.509087 6.36
230.562587 6.36
230.621462 6.36
230.668999 6.36
230.733467 6.36
230.793863 6.36
230.849347 6.36
230.908864 6.36
230.973351 6.36
231.038351 6.36
231.097861 6.36
231.157474 6.36
231.232992 6.36
231.292354 6.36
231.353355 6.36
231.418223 6.36
231.488233 6.36
231.571605 6.36
231.646919 6.36
231.701351 6.36
231.766006 6.36
231.831000 6.36
231.895887 6.36
231.957122 6.36
232.019622 6.36
232.084483 6.36
232.154902 6.36
232.214229 6.36
232.278797 6.36
232.343352 6.36
232.402908 6.36
232.453356 6.36
232.507231 6.36
232.573660 6.36
232.634497 6.36
232.693609 6.36
232.752479 6.36
232.830118 6.36
232.876122 6.36
232.923357 6.36
232.980511 6.36
233.044481 6.36
233.122107 6.36
233.191125 6.36
233.250109 6.36
233.322613 6.36
233.381615 6.36
233.454123 6.36
233.518127 6.36
233.577127 6.36
233.649772 6.36
233.703616 6.36
233.762630 6.36
233.828788 6.36
233.888241 6.36
233.943365 6.36
234.009904 6.36
234.080026 6.36
234.150377 6.36
234.225784 6.36
234.280120 6.36
234.350245 6.36
234.404253 6.36
234.471016 6.36
234.541139 6.36
234.616394 6.36
234.690493 6.36
234.759618 6.36
234.823770 6.36
234.882775 6.36
234.934498 6.36
234.993497 6.36
235.059651 6.36
235.114147 6.36
235.187259 6.36
235.248260 6.36
235.309252 6.36
235.370515 6.36
235.435632 6.36
235.485628 6.36
235.545139 6.36
235.609499 6.36
235.673500 6.36
235.733501 6.36
235.811142 6.36
235.876386 6.36
235.930019 6.36
235.977252 6.36
236.033628 6.36
236.087252 6.36
236.134629 6.36
236.198254 6.36
236.245504 6.36
236.314253 6.36
236.376255 6.36
236.423631 6.36
236.487509 6.36
236.538132 6.36
236.610510 6.36
236.669509 6.36
236.738809 6.36
236.803650 6.36
236.857385 6.36
236.931384 6.36
237.000509 6.36
237.064510 6.36
237.128638 6.36
237.187261 6.36
237.245901 6.36
237.299512 6.36
237.368512 6.36
237.437387 6.36
237.506513 6.36
237.570514 6.36
237.639655 6.36
237.698264 6.36
237.772265 6.36
237.830908 6.36
237.895034 6.36
237.955410 6.36
238.009035 6.36
238.075402 6.36
238.139267 6.36
238.203268 6.36
238.277269 6.36
238.348276 6.36
238.401909 6.36
238.460520 6.36
238.529396 6.36
238.603271 6.36
238.667272 6.36
238.721915 6.36
238.771912 6.36
238.823163 6.36
238.870523 6.36
238.939403 6.36
239.003274 6.36
239.072150 6.36
239.133775 6.36
239.187150 6.36
239.234526 6.36
239.303168 6.36
239.350527 6.36
239.414152 6.36
239.461528 6.36
239.525153 6.36
239.572528 6.36
239.631279 6.36
239.687170 6.36
239.743173 6.36
239.799031 6.36
239.857531 6.36
239.921406 6.36
239.980408 6.36
240.044411 6.36
240.103413 6.36
240.169289 6.36
240.234065 6.36
240.293412 6.36
240.352953 6.36
240.419291 6.36
240.478425 6.36
240.543423 6.36
240.602966 6.36
240.662421 6.36
240.716951 6.36
240.776678 6.36
240.828959 6.36
240.890295 6.36
240.949950 6.36
241.015066 6.36
241.076544 6.36
241.141949 6.36
241.201421 6.36
241.262170 6.36
241.321428 6.36
241.380432 6.36
241.440088 6.36
241.504421 6.36
241.563420 6.36
241.622296 6.36
241.681557 6.36
241.731949 6.68
241.791425 6.68
241.860675 6.36
241.925425 6.36
241.980423 6.36
242.040861 6.36
242.096942 6.36
242.147942 6.36
242.203303 6.36
242.284193 6.36
242.344554 6.36
242.394428 6.36
242.449427 6.36
242.509945 6.36
242.561089 6.36
242.627078 6.36
242.701680 6.36
242.780213 6.36
242.839956 6.36
242.901189 6.36
242.960956 6.36
243.031081 6.36
243.095957 6.36
243.165963 6.36
243.230956 6.36
243.292313 6.36
243.353853 6.36
243.424188 6.36
243.488309 6.36
243.547434 6.36
243.601184 6.36
243.665440 6.36
243.724686 6.36
243.794313 6.36
243.863689 6.36
243.935572 6.36
243.996863 6.36
244.056327 6.36
244.110885 6.36
244.175863 6.36
244.240188 6.36
244.304565 6.36
244.365443 6.36
244.424838 6.36
244.484210 6.36
244.543441 6.36
244.602693 6.36
244.668099 6.36
244.727966 6.36
244.784838 6.36
244.854976 6.36
244.921093 6.36
244.996197 6.36
245.061203 6.36
245.116873 6.36
245.181708 6.36
245.251703 6.36
245.308122 6.36
245.363451 6.36
245.418703 6.36
245.488972 6.36
245.544844 6.36
245.609900 6.36
245.671332 6.36
245.730868 6.36
245.786337 6.36
245.845453 6.36
245.904453 6.36
245.969204 6.36
246.043706 6.36
246.102993 6.36
246.172102 6.36
246.231333 6.36
246.284971 6.36
246.349884 6.36
246.411336 6.36
246.465991 6.36
246.525716 6.36
246.585335 6.36
246.644716 6.36
246.709588 6.36
246.779730 6.36
246.844716 6.36
246.904127 6.36
246.959735 6.36
247.020967 6.36
247.085884 6.36
247.150464 6.36
247.204088 6.36
247.264998 6.36
247.324466 6.36
247.379587 6.36
247.443462 6.36
247.496980 6.36
247.561110 6.36
247.626473 6.36
247.686716 6.36
247.746218 6.36
247.810227 6.36
247.864727 6.36
247.924346 6.36
247.979976 6.36
248.050224 6.36
248.100357 6.36
248.159791 6.36
248.219862 6.36
248.284004 6.36
248.352986 6.36
248.423981 6.36
248.488609 6.36
248.552789 6.36
248.614232 6.36
248.673608 6.36
248.745986 6.36
248.814990 6.36
248.879117 6.36
248.948475 6.36
249.008992 6.36
249.073013 6.36
249.142019 6.36
249.205885 6.36
249.269994 6.36
249.344608 6.36
249.400011 6.36
249.468881 6.36
249.527870 6.36
249.605606 6.36
249.660889 6.36
249.719759 6.36
249.804612 6.36
249.868480 6.36
249.938235 6.36
249.991765 6.36
250.052792 6.36
250.122988 6.36
250.181765 6.36
250.266614 6.36
250.320240 6.36
250.374489 6.36
250.438486 6.36
250.503137 6.36
250.557621 6.36
250.627630 6.36
250.692799 6.36
250.758778 6.36
250.824877 6.36
250.890758 6.36
250.960489 6.36
251.029879 6.36
251.099490 6.36
251.158240 6.36
251.212017 6.36
251.292494 6.36
251.356634 6.36
251.421628 6.36
251.482874 6.36
251.541888 6.36
251.611497 6.36
251.670646 6.36
251.735502 6.36
251.799890 6.36
251.858887 6.36
251.923626 6.36
251.983164 6.36
252.037635 6.36
252.102502 6.36
252.167512 6.36
252.232504 6.36
252.297127 6.36
252.356503 6.36
252.425891 6.36
252.491510 6.36
252.546664 6.68
252.607901 6.36
252.672503 6.36
252.736767 6.36
252.800770 6.36
252.870033 6.68
252.924382 6.36
252.983130 6.36
253.038515 6.36
253.098135 6.36
253.157035 6.36
253.211520 6.36
253.276511 6.36
253.331892 6.36
253.387515 6.36
253.446781 6.36
253.506515 6.36
253.566153 6.36
253.619781 6.36
253.684161 6.36
253.742899 6.36
253.806902 6.36
253.876510 6.36
253.940510 6.36
254.004512 6.36
254.063386 6.36
254.132513 6.36
254.191387 6.36
254.260908 6.36
254.319671 6.36
254.389394 6.36
254.453392 6.36
254.518044 6.36
254.572522 6.36
254.637147 6.36
254.698530 6.36
254.763523 6.36
254.824779 6.36
254.884522 6.36
254.948913 6.36
255.013394 6.36
255.082645 6.36
255.151798 6.36
255.225796 6.36
255.296647 6.36
255.360800 6.36
255.429800 6.36
255.488917 6.36
255.547651 6.36
255.617530 6.36
255.688910 6.36
255.744658 6.36
255.804405 6.36
255.870535 6.36
255.942408 6.36
255.997695 6.36
256.057410 6.36
256.127533 6.36
256.193665 6.36
256.253414 6.36
256.313051 6.36
256.372931 6.36
256.432412 6.36
256.496927 6.36
256.550942 6.36
256.610284 6.36
256.680054 6.36
256.730412 6.36
256.789409 6.36
256.848409 6.36
256.912927 6.36
256.977417 6.36
257.047415 6.36
257.101299 6.36
257.173201 6.36
257.238059 6.36
257.297546 6.68
257.373061 6.36
257.437948 6.36
257.497940 6.36
257.551809 6.36
257.611422 6.36
257.676442 6.36
257.764810 6.36
257.830669 6.36
257.900424 6.36
257.966810 6.36
258.032546 6.36
258.091168 6.36
258.151541 6.36
258.215705 6.36
258.274671 6.36
258.333812 6.36
258.387947 6.36
258.441544 6.36
258.511184 6.36
258.571564 6.36
258.622420 6.36
258.673545 6.36
258.737546 6.36
258.806673 6.36
258.865547 6.36
258.929678 6.36
258.988678 6.36
259.047550 6.36
259.122176 6.36
259.178428 6.36
259.225951 6.36
259.286431 6.36
259.355552 6.36
259.419553 6.36
259.489194 6.36
259.553974 6.36
259.618957 6.36
259.688558 6.36
259.752965 6.36
259.806841 6.36
259.862315 6.36
259.926307 6.36
259.985197 6.36
260.057084 6.36
260.126560 6.36
260.190686 6.36
260.252077 6.36
260.307649 6.36
260.372696 6.36
260.433856 6.36
260.489569 6.36
260.546567 6.36
260.611324 6.36
260.667326 6.36
260.723193 6.36
260.788567 6.36
260.843576 6.36
260.908568 6.36
260.978881 6.36
261.029194 6.36
261.084317 6.36
261.131888 6.36
261.192317 6.36
261.253326 6.36
261.310740 6.36
261.360697 6.36
261.420326 6.36
261.486697 6.36
261.545443 6.36
261.609571 6.36
261.668318 6.36
261.715696 6.36
261.769570 6.36
261.833448 6.36
261.897448 6.36
261.961571 6.36
262.020701 6.36
262.079966 6.36
262.149335 6.36
262.214207 6.36
262.273704 6.36
262.333333 6.36
262.408867 6.36
262.473578 6.36
262.538205 6.36
262.602100 6.36
262.677203 6.36
262.740969 6.36
262.814210 6.36
262.878455 6.36
262.943212 6.36
263.008211 6.36
263.073216 6.36
263.138211 6.36
263.210978 6.36
263.281219 6.36
263.342586 6.36
263.403515 6.36
263.463107 6.36
263.522723 6.36
263.582622 6.36
263.642215 6.36
263.701589 6.36
263.761106 6.36
263.825587 6.36
263.880111 6.36
263.941113 6.36
264.000723 6.36
264.056350 6.36
264.115987 6.36
264.186241 6.36
264.261108 6.36
264.324985 6.36
264.385593 6.36
264.444466 6.36
264.503467 6.36
264.558341 6.36
264.614350 6.36
264.692469 6.36
264.743467 6.36
264.803131 6.36
264.868118 6.36
264.919116 6.36
264.978138 6.36
265.042861 6.36
265.107617 6.36
265.162121 6.36
265.213115 6.36
265.278269 6.36
265.342995 6.36
265.413136 6.36
265.474617 6.36
265.539226 6.36
265.608991 6.36
265.673475 6.36
265.739475 6.36
265.805349 6.36
265.869772 6.36
265.936995 6.36
266.001238 6.36
266.061019 6.36
266.120480 6.36
266.180015 6.36
266.239613 6.36
266.299021 6.36
266.360429 6.36
266.420002 6.36
266.479483 6.36
266.539009 6.36
266.598484 6.36
266.653132 6.36
266.714488 6.36
266.764630 6.36
266.819145 6.36
266.880488 6.36
266.936014 6.36
267.001120 6.36
267.062363 6.36
267.117487 6.36
267.172005 6.36
267.223193 6.36
267.288016 6.36
267.353133 6.36
267.419246 6.36
267.478996 6.36
267.538632 6.36
267.589016 6.36
267.654138 6.36
267.714488 6.36
267.783130 6.36
267.852364 6.36
267.916368 6.36
267.980365 6.36
268.045018 6.36
268.104494 6.36
268.163369 6.36
268.228022 6.36
268.292493 6.36
268.347494 6.36
268.416901 6.36
268.481502 6.36
268.546657 6.36
268.611510 6.36
268.666055 6.36
268.727502 6.36
268.782037 6.36
268.843383 6.36
268.903023 6.36
268.964505 6.36
269.024379 6.36
269.089041 6.36
269.150507 6.36
269.205025 6.36
269.261029 6.36
269.327881 6.36
269.381890 6.36
269.446785 6.36
269.516881 6.36
269.581380 6.36
269.641030 6.36
269.697028 6.36
269.758040 6.36
269.823024 6.36
269.874806 6.36
269.939764 6.36
269.998895 6.36
270.054268 6.36
270.115155 6.36
270.188157 6.36
270.248889 6.36
270.299903 6.36
270.359515 6.36
270.420511 6.36
270.466387 6.36
270.525518 6.36
270.571512 6.36
270.617523 6.36
270.667811 6.36
270.738035 6.36
270.803897 6.36
270.859265 6.36
270.914390 6.36
270.973389 6.36
271.028387 6.36
271.083263 6.36
271.142263 6.36
271.206389 6.36
271.261264 6.36
271.320264 6.36
271.379265 6.36
271.448841 6.36
271.508143 6.36
271.572822 6.36
271.634150 6.36
271.693145 6.36
271.752818 6.36
271.814150 6.36
271.878928 6.36
271.940280 6.36
271.994815 6.36
272.048650 6.36
272.118811 6.36
272.172649 6.36
272.231947 6.36
272.296523 6.36
272.350148 6.36
272.409402 6.36
272.463149 6.36
272.533281 6.36
272.587654 6.36
272.657286 6.36
272.711858 6.36
272.776823 6.36
272.846932 6.36
272.906910 6.36
272.968158 6.36
273.023405 6.36
273.087654 6.36
273.153154 6.36
273.227658 6.36
273.284074 6.36
273.343839 6.36
273.403409 6.36
273.462158 6.36
273.526851 6.36
273.583926 6.36
273.653410 6.36
273.712662 6.36
273.782161 6.36
273.851932 6.36
273.921665 6.36
273.989046 6.36
274.053666 6.36
274.118840 6.36
274.180294 6.36
274.234676 6.36
274.296054 6.36
274.355833 6.36
274.422174 6.36
274.481855 6.36
274.551690 6.36
274.613049 6.36
274.678296 6.36
274.737681 6.36
274.802681 6.36
274.867169 6.36
274.926678 6.36
274.987926 6.36
275.057961 6.36
275.117683 6.36
275.182680 6.36
275.244179 6.36
275.298679 6.36
275.358190 6.36
275.412681 6.36
275.477552 6.36
275.547685 6.36
275.607308 6.36
275.662679 6.36
275.722182 6.36
275.776683 6.36
275.836313 6.36
275.886684 6.36
275.946307 6.36
275.992313 6.36
276.042686 6.36
276.107685 6.36
276.177690 6.36
276.242739 6.36
276.308975 6.36
276.364687 6.36
276.424310 6.36
276.479693 6.36
276.544835 6.36
276.605685 6.36
276.666941 6.36
276.731690 6.36
276.791091 6.36
276.871834 6.36
276.948942 6.36
277.019220 6.36
277.083957 6.36
277.148869 6.36
277.219094 6.36
277.293830 6.36
277.363198 6.36
277.418938 6.36
277.478192 6.36
277.538944 6.36
277.599940 6.36
277.658973 6.36
277.728566 6.36
277.792566 6.36
277.857194 6.36
277.926576 6.36
277.991578 6.36
278.056572 6.36
278.121575 6.36
278.186575 6.36
278.251580 6.36
278.316848 6.36
278.376574 6.36
278.437578 6.36
278.502577 6.36
278.562198 6.36
278.612578 6.36
278.677577 6.36
278.727449 6.36
278.788200 6.36
278.843576 6.36
278.902719 6.36
278.978211 6.36
279.033578 6.36
279.092576 6.36
279.146586 6.36
279.206702 6.36
279.278332 6.36
279.348581 6.36
279.403899 6.36
279.463583 6.36
279.528582 6.36
279.593206 6.36
279.647213 6.36
279.706455 6.36
279.781712 6.36
279.852106 6.36
279.911729 6.36
279.981969 6.36
280.053334 6.36
280.117458 6.36
280.187459 6.36
280.251584 6.36
280.310595 6.36
280.376977 6.36
280.437894 6.36
280.498863 6.36
280.563622 6.36
280.620987 6.36
280.675467 6.36
280.734911 6.36
280.790341 6.36
280.873984 6.36
280.929471 6.36
280.990786 6.36
281.074466 6.36
281.144475 6.36
281.212009 6.36
281.266471 6.36
281.322097 6.36
281.372345 6.36
281.431106 6.36
281.489715 6.36
281.558717 6.36
281.627895 6.36
281.693343 6.36
281.757344 6.36
281.815987 6.36
281.869718 6.36
281.944990 6.36
281.999347 6.36
282.059606 6.36
282.134004 6.36
282.187883 6.36
282.254231 6.36
282.324478 6.36
282.388725 6.36
282.458487 6.36
282.517991 6.36
282.584226 6.36
282.643356 6.36
282.701994 6.36
282.776733 6.36
282.840993 6.36
282.900002 6.36
282.959482 6.36
283.018229 6.36
283.082477 6.36
283.146353 6.36
283.215228 6.36
283.275607 6.36
283.344881 6.36
283.408883 6.36
283.478355 6.36
283.547480 6.36
283.606236 6.36
283.675481 6.36
283.730485 6.36
283.789618 6.36
283.848483 6.36
283.913610 6.36
283.966859 6.36
284.035490 6.36
284.090493 6.36
284.141618 6.36
284.197370 6.36
284.260998 6.36
284.314491 6.36
284.361748 6.36
284.411118 6.36
284.469495 6.36
284.516742 6.36
284.585493 6.36
284.632746 6.36
284.687245 6.36
284.755870 6.36
284.824495 6.36
284.871751 6.36
284.922371 6.36
284.985870 6.36
285.054499 6.36
285.118127 6.36
285.176496 6.36
285.234872 6.36
285.303494 6.36
285.361887 6.36
285.420790 6.36
285.479643 6.36
285.543776 6.36
285.613139 6.36
285.672014 6.36
285.725625 6.36
285.784626 6.36
285.848822 6.36
285.903256 6.36
285.962790 6.36
286.027258 6.36
286.082788 6.36
286.137256 6.36
286.197638 6.36
286.252641 6.36
286.312257 6.36
286.372504 6.36
286.432509 6.36
286.491380 6.36
286.547260 6.36
286.608513 6.36
286.667633 6.36
286.728512 6.36
286.788264 6.36
286.858387 6.36
286.928268 6.36
286.993262 6.36
287.058266 6.36
287.123267 6.36
287.183636 6.36
287.242649 6.36
287.301508 6.36
287.365508 6.36
287.429511 6.36
287.493385 6.36
287.562767 6.36
287.622262 6.36
287.676275 6.36
287.741268 6.36
287.800515 6.36
287.864514 6.36
287.928513 6.36
287.992514 6.36
288.056513 6.36
288.120514 6.36
288.184515 6.36
288.248515 6.36
288.312516 6.36
288.371516 6.36
288.435516 6.36
288.499517 6.36
288.556401 6.36
288.626148 6.36
288.692528 6.36
288.752275 6.36
288.813530 6.36
288.878658 6.36
288.933152 6.36
288.992905 6.36
289.053832 6.36
289.108277 6.36
289.169406 6.36
289.230156 6.36
289.284152 6.36
289.339277 6.36
289.405655 6.36
289.464540 6.36
289.534840 6.36
289.613172 6.36
289.672842 6.36
289.723193 6.36
289.784452 6.36
289.844180 6.36
289.904033 6.36
289.968157 6.36
290.027661 6.36
290.092158 6.36
290.156066 6.36
290.226419 6.36
290.286162 6.36
290.351189 6.36
290.416169 6.36
290.471537 6.36
290.536178 6.36
290.600663 6.36
290.654283 6.36
290.712926 6.36
290.771926 6.36
290.840661 6.36
290.899285 6.36
290.962925 6.36
291.016411 6.36
291.085537 6.36
291.154287 6.36
291.228288 6.36
291.286664 6.36
291.350542 6.36
291.409418 6.36
291.478416 6.36
291.543173 6.36
291.608172 6.36
291.667431 6.36
291.727205 6.36
291.788547 6.36
291.842545 6.36
291.901419 6.36
291.966176 6.36
292.022070 6.36
292.075997 6.36
292.142315 6.36
292.201422 6.36
292.260560 6.36
292.314547 6.36
292.373679 6.36
292.433202 6.36
292.497551 6.36
292.567702 6.36
292.618082 6.36
292.682948 6.36
292.749077 6.36
292.814056 6.36
292.873188 6.36
292.939317 6.36
292.999078 6.36
293.064187 6.36
293.139689 6.36
293.218211 6.36
293.284318 6.36
293.344081 6.36
293.403554 6.36
293.467430 6.36
293.518197 6.36
293.582431 6.36
293.643307 6.36
293.707432 6.36
293.766307 6.36
293.830434 6.36
293.894563 6.36
293.953436 6.36
294.022828 6.36
294.087697 6.36
294.147446 6.36
294.217438 6.36
294.276186 6.36
294.340311 6.36
294.404315 6.36
294.468317 6.36
294.532188 6.36
294.595830 6.36
294.654843 6.36
294.718831 6.36
294.770190 6.36
294.828833 6.36
294.892831 6.36
294.944221 6.36
295.003316 6.36
295.067317 6.36
295.131317 6.36
295.190443 6.36
295.249445 6.36
295.308450 6.36
295.358446 6.36
295.417447 6.36
295.476455 6.36
295.535837 6.36
295.596208 6.36
295.655991 6.36
295.729218 6.36
295.788976 6.36
295.853974 6.36
295.913463 6.36
295.969206 6.36
296.028974 6.36
296.088452 6.36
296.143450 6.36
296.213202 6.36
296.277454 6.36
296.332585 6.36
296.389328 6.36
296.459007 6.36
296.520458 6.36
296.579726 6.36
296.658231 6.36
296.728210 6.36
296.792990 6.36
296.857974 6.36
296.922460 6.36
296.986756 6.36
297.051460 6.36
297.110346 6.36
297.169985 6.36
297.231463 6.36
297.285473 6.36
297.339713 6.36
297.397216 6.36
297.456209 6.36
297.515335 6.36
297.579744 6.36
297.644345 6.36
297.703989 6.36
297.761116 6.36
297.820346 6.36
297.874990 6.36
297.936113 6.36
298.001896 6.36
298.066892 6.36
298.126468 6.36
298.185718 6.36
298.250219 6.36
298.308594 6.36
298.358718 6.36
298.428109 6.36
298.497470 6.36
298.551229 6.36
298.617103 6.36
298.672860 6.36
298.728129 6.36
298.787345 6.36
298.851898 6.36
298.930486 6.36
298.984236 6.36
299.059236 6.36
299.118892 6.36
299.174356 6.36
299.228891 6.36
299.284354 6.36
299.348115 6.36
299.417475 6.36
299.476116 6.36
299.545351 6.36
299.614103 6.36
299.678351 6.36
299.742354 6.36
299.811605 6.36
299.881120 6.36
299.945360 6.36
300.022881 6.36
300.088608 6.36
300.149104 6.36
300.217229 6.36
300.276357 6.36
300.330231 12.32
300.384618 6.36
300.467610 6.36
300.548611 6.36
300.618126 6.36
300.687618 6.36
300.757238 6.36
300.816360 6.36
300.875128 6.36
300.939773 6.36
301.000127 6.36
301.059364 6.36
301.113365 6.36
301.163239 6.36
301.218364 6.36
301.273797 6.36
301.334129 6.36
301.389895 6.36
301.456016 6.36
301.511369 6.36
301.565794 6.36
301.630789 6.36
301.691380 6.36
301.745792 6.36
301.810788 6.36
301.866257 6.36
301.920793 6.36
301.976251 6.36
302.040785 6.36
302.101135 6.36
302.167796 6.36
302.232791 6.36
302.292253 6.36
302.361890 6.36
302.431624 6.36
302.496374 6.36
302.550248 6.36
302.619803 6.36
302.686000 6.36
302.752005 6.36
302.811635 6.36
302.875896 6.36
302.935635 6.36
302.997008 6.36
303.058007 6.36
303.116894 6.36
303.176506 6.36
303.237264 6.36
303.291797 6.36
303.356797 6.36
303.417831 6.36
303.484392 6.36
303.538636 6.36
303.603266 6.36
303.653646 6.36
303.723384 6.36
303.778891 6.36
303.844890 6.36
303.910786 6.36
303.985047 6.36
304.045801 6.36
304.110644 6.36
304.175389 6.36
304.235513 6.36
304.298137 6.36
304.353270 6.36
304.413389 6.36
304.463646 6.36
304.528646 6.36
304.588141 6.36
304.642647 6.36
304.707521 6.36
304.782162 6.36
304.841039 6.36
304.920907 6.36
304.986896 6.36
305.056521 6.36
305.131528 6.36
305.207176 6.36
305.261522 6.36
305.321770 6.36
305.391522 6.36
305.456156 6.36
305.510652 6.36
305.574897 6.36
305.638914 6.36
305.712800 6.36
305.786798 6.36
305.860800 6.36
305.934912 6.36
305.998914 6.36
306.062773 6.36
306.136773 6.36
306.210917 6.36
306.276275 6.36
306.330166 6.36
306.389164 6.36
306.444659 6.36
306.505405 6.36
306.565841 6.36
306.630657 6.36
306.692057 6.36
306.746540 6.36
306.806159 6.36
306.856538 6.36
306.921541 6.36
306.986534 6.36
307.042061 6.36
307.096545 6.36
307.157160 6.36
307.207542 6.36
307.272547 6.36
307.332163 6.36
307.382544 6.36
307.447548 6.36
307.512537 6.36
307.577171 6.36
307.642171 6.36
307.692415 6.36
307.757069 6.36
307.811733 6.36
307.886933 6.36
307.945932 6.36
308.015287 6.36
308.074171 6.36
308.138808 6.36
308.208416 6.36
308.278183 6.36
308.331954 6.36
308.392811 6.36
308.456807 6.36
308.522803 6.36
308.587418 6.36
308.657425 6.36
308.717066 6.36
308.770814 6.36
308.827845 6.36
308.888683 6.36
308.953440 6.36
309.023676 6.36
309.076929 6.36
309.135961 6.36
309.190430 6.36
309.255557 6.36
309.312552 6.36
309.373949 6.36
309.428432 6.36
309.487680 6.36
309.547432 6.36
309.612559 6.36
309.674565 6.36
309.735951 6.36
309.791433 6.36
309.852075 6.36
309.905824 6.36
309.965432 6.36
310.024430 6.36
310.089435 6.36
310.153955 6.36
310.218567 6.36
310.294219 6.36
310.372435 6.36
310.426309 6.36
310.496081 6.36
310.549701 6.36
310.608686 6.36
310.668090 6.36
310.721687 6.36
310.786564 6.36
310.851439 6.36
310.912187 6.36
310.982442 6.36
311.047445 6.36
311.107094 6.36
311.172087 6.36
311.233445 6.36
311.293099 6.36
311.354445 6.36
311.414322 6.36
311.473960 6.36
311.538229 6.36
311.602833 6.36
311.661840 6.36
311.711836 6.36
311.771445 6.36
311.833574 6.36
311.897709 6.36
311.963573 0.05
312.029581 6.36
312.099448 12.32
312.150837 0.05
312.204571 6.36
312.268836 6.36
312.318851 6.36
312.378328 6.36
312.429581 6.36
312.488842 6.36
312.542736 6.36
312.601898 6.36
312.661325 6.36
312.715334 6.36
312.785339 6.36
312.850329 0.05
312.914977 6.36
312.979975 6.36
313.049956 6.36
313.103704 6.36
313.168330 6.36
313.222203 6.36
313.292333 6.36
313.351879 6.36
313.405708 6.36
313.469580 6.36
313.534338 6.36
313.604336 6.36
313.668584 6.36
313.725463 6.36
313.790336 6.36
313.854722 6.36
313.930228 6.36
313.994986 6.36
314.061610 6.36
314.122463 6.36
314.182217 6.36
314.243630 6.36
314.318636 6.36
314.379463 6.36
314.439218 6.36
314.493222 6.36
314.554490 6.36
314.615472 6.36
314.672480 6.36
314.732221 6.36
314.793512 6.36
314.863349 6.36
314.938228 6.36
314.998726 6.36
315.057987 6.36
315.122342 6.36
315.177718 6.36
315.238224 6.36
315.303351 6.36
315.356346 6.36
315.408228 6.36
315.473230 6.36
315.537723 6.36
315.597228 6.36
315.662226 6.36
315.734635 6.36
315.804890 6.36
315.869891 6.36
315.929234 6.36
315.994237 6.36
316.059361 6.36
316.124233 6.36
316.183918 6.36
316.248767 6.36
316.309998 6.36
316.369227 6.36
316.428761 6.36
316.490008 6.36
316.560233 6.36
316.627123 6.36
316.687761 6.36
316.747235 6.36
316.806128 6.36
316.875761 6.36
316.927481 6.36
316.986479 6.36
317.050480 6.36
317.115123 6.36
317.184483 6.36
317.248619 6.36
317.312358 6.36
317.376482 6.36
317.442367 6.36
317.506490 6.36
317.565485 6.36
317.620618 6.36
317.693370 6.36
317.753010 6.36
317.817619 6.36
317.876628 6.36
317.931136 6.36
317.990617 6.36
318.044487 6.36
318.103487 6.36
318.154238 6.36
318.201615 6.36
318.260489 6.36
318.324491 6.36
318.384367 6.36
318.448490 6.36
318.507492 6.36
318.571366 6.36
318.635491 6.36
318.699491 6.36
318.758242 6.36
318.816888 6.36
318.875620 6.36
318.929371 6.36
318.993374 6.36
319.062371 6.36
319.127148 6.36
319.192019 6.36
319.256499 6.36
319.321502 6.36
319.388129 6.36
319.442013 6.36
319.507131 6.36
319.572022 6.36
319.647030 6.36
319.712160 6.36
319.777022 6.36
319.842136 6.36
319.907159 6.36
319.963027 6.36
320.027635 6.36
320.087048 6.36
320.146381 6.36
320.211137 6.36
320.272511 6.36
320.326917 6.36
320.390896 6.36
320.446508 6.36
320.505132 6.36
320.566273 6.36
320.626030 6.36
320.684903 6.36
320.755159 6.36
320.820031 6.36
320.879646 6.36
320.930034 6.36
320.985516 6.36
321.045025 6.36
321.109954 6.36
321.180036 6.36
321.235274 6.36
321.295039 6.36
321.360144 6.36
321.417276 6.36
321.477037 6.36
321.542162 6.36
321.602389 6.36
321.653156 6.36
321.709014 6.36
321.767785 6.36
321.831515 6.36
321.890392 6.36
321.959266 6.36
322.030298 6.36
322.094268 6.36
322.163394 6.36
322.227270 6.36
322.301145 6.36
322.370275 6.36
322.444146 6.36
322.513270 6.36
322.582146 6.36
322.651532 6.36
322.706047 6.36
322.767276 6.36
322.841772 6.36
322.914409 6.36
322.978902 6.36
323.049047 6.36
323.110280 6.36
323.174539 6.36
323.229051 6.36
323.303822 6.36
323.362934 6.36
323.428060 6.36
323.492156 6.36
323.561932 6.36
323.621534 6.36
323.667407 6.36
323.731937 6.36
323.796935 6.36
323.856410 6.36
323.911936 6.36
323.976913 6.36
324.035661 6.36
324.099908 6.36
324.158660 6.36
324.222688 6.36
324.286688 6.36
324.342935 6.36
324.401660 6.36
324.465660 6.36
324.529689 6.36
324.593688 6.36
324.657663 6.36
324.713940 6.36
324.772663 6.36
324.836664 6.36
324.900664 6.36
324.964665 6.36
325.029076 6.36
325.104166 6.36
325.178667 6.36
325.243167 6.36
325.314216 6.36
325.373169 6.36
325.437686 6.36
325.498198 6.36
325.557168 6.36
325.621295 6.36
325.680297 6.36
325.741189 6.36
325.805675 6.36
325.866079 6.36
325.925841 6.36
325.985426 6.36
326.044868 6.36
326.109841 6.36
326.174822 6.36
326.234311 6.36
326.288872 6.36
326.353843 6.36
326.404963 6.36
326.475307 6.36
326.529849 6.36
326.596065 6.36
326.655857 6.36
326.711310 6.36
326.770430 6.36
326.820429 6.36
326.874304 6.36
326.938303 6.36
327.007682 6.36
327.090682 6.36
327.147086 6.36
327.211956 6.36
327.276686 6.36
327.337319 6.36
327.391856 6.36
327.451438 6.36
327.510698 6.36
327.570440 6.36
327.631863 6.36
327.693199 6.36
327.747872 6.36
327.809193 6.36
327.870190 6.36
327.924697 6.36
327.984324 6.36
328.038693 6.36
328.113190 6.36
328.177876 6.36
328.249096 6.36
328.308738 6.36
328.368320 6.36
328.421958 6.36
328.483070 6.36
328.542711 6.36
328.607321 6.36
328.661874 6.36
328.732328 6.36
328.786574 6.36
328.851322 6.36
328.905207 6.36
328.969447 6.36
329.023321 6.36
329.077095 6.36
329.141573 6.36
329.202323 6.36
329.255847 6.36
329.312700 6.36
329.376866 6.36
329.451701 6.36
329.507096 6.36
329.562326 6.36
329.615968 6.36
329.681842 6.36
329.747327 6.36
329.797326 6.36
329.852706 6.36
329.911460 6.36
329.976206 6.36
330.036747 6.36
330.095717 6.36
330.160710 6.36
330.216087 6.36
330.285218 6.36
330.339712 6.36
330.404733 6.36
330.474721 6.36
330.540879 6.36
330.621589 6.36
330.689717 6.36
330.754856 6.36
330.835588 6.36
330.916590 6.36
330.981717 6.36
331.051730 6.36
331.113132 6.36
331.167593 6.36
331.232621 6.36
331.297615 6.36
331.366715 6.36
331.420725 6.36
331.485226 6.36
331.544462 6.36
331.605115 6.36
331.674719 6.36
331.731717 6.36
331.796611 6.36
331.861624 6.36
331.920968 6.36
331.975983 6.36
332.035021 6.36
332.095468 6.36
332.154723 6.36
332.210471 6.36
332.279866 6.36
332.344605 6.36
332.403634 6.36
332.473606 6.36
332.538122 6.36
332.598632 6.36
332.663615 6.36
332.719128 6.36
332.773631 6.36
332.838616 6.36
332.904860 6.36
332.969790 6.36
333.034616 6.36
333.099628 6.36
333.164488 6.36
333.230614 6.36
333.314613 6.36
333.375859 6.36
333.449141 6.36
333.503613 6.36
333.568611 6.36
333.638490 6.36
333.708625 6.36
333.773614 6.36
333.838633 6.36
333.900142 6.36
333.954486 6.36
334.008626 6.36
334.070130 6.36
334.120487 6.36
334.176021 6.36
334.230490 6.36
334.308864 6.36
334.368122 6.36
334.418491 6.36
334.479497 6.36
334.539134 6.36
334.589494 6.36
334.649146 6.36
334.703492 6.36
334.768017 6.36
334.822502 6.36
334.882118 6.36
334.946499 6.36
335.006129 6.36
335.061619 6.36
335.136024 6.36
335.190505 6.36
335.255494 6.36
335.320144 6.36
335.370497 6.36
335.435497 6.36
335.494495 6.36
335.559039 6.36
335.620247 6.36
335.690148 6.36
335.755156 6.36
335.828374 6.36
335.898504 6.36
335.963630 6.36
336.024125 6.36
336.078505 6.36
336.143130 6.36
336.198376 6.36
336.267892 6.36
336.327385 6.36
336.397047 6.36
336.447507 6.36
336.512524 6.36
336.576773 6.36
336.636509 6.36
336.697512 6.36
336.756904 6.36
336.826504 6.36
336.885888 6.36
336.946758 6.36
337.007805 6.36
337.064799 6.36
337.121633 6.36
337.180506 6.36
337.241518 6.36
337.297256 6.36
337.352884 6.36
337.411887 6.36
337.470776 6.36
337.534783 6.36
337.594639 6.36
337.658634 6.36
337.722635 6.36
337.786763 6.36
337.850510 6.36
337.916385 6.36
337.980385 6.36
338.033900 6.36
338.092511 6.36
338.153266 6.36
338.217137 6.36
338.270649 6.36
338.334911 6.36
338.393640 6.36
338.457907 6.36
338.516896 6.36
338.580517 6.36
338.641800 6.36
338.706520 6.36
338.781393 6.36
338.840268 6.36
338.904647 6.36
338.968899 6.36
339.033396 6.36
339.097520 6.36
339.166521 6.36
339.241407 6.36
339.300270 6.36
339.364148 6.36
339.417772 6.36
339.482148 6.36
339.541403 6.36
339.605904 6.36
339.669649 6.36
339.734279 6.68
339.793903 6.36
339.852526 6.36
339.927402 6.36
339.991798 6.36
340.046654 6.36
340.105527 6.36
340.169654 6.36
340.235533 6.36
340.295532 6.36
340.345158 6.36
340.401403 6.36
340.456655 6.36
340.515534 6.36
340.579531 6.36
340.649425 6.36
340.706538 6.36
340.770784 6.36
340.840940 6.36
340.900296 6.36
340.964411 6.36
341.029292 6.36
341.094171 6.36
341.158809 6.36
341.213293 6.36
341.278296 6.36
341.337708 6.36
341.407941 6.36
341.472938 6.36
341.532165 6.36
341.602420 6.36
341.677813 6.36
341.731821 6.36
341.801939 6.36
341.872295 6.36
341.936811 6.36
341.995830 6.36
342.047295 6.36
342.101304 6.36
342.166299 6.36
342.227298 6.36
342.293558 6.36
342.354728 6.36
342.414172 6.36
342.473182 6.36
342.534301 6.36
342.594191 6.36
342.653310 6.36
342.710555 6.36
342.775680 6.36
342.834837 6.36
342.885181 6.36
342.946436 6.36
343.001678 6.36
343.060551 6.36
343.119868 6.36
343.178549 6.36
343.233728 6.36
343.283681 6.36
343.337724 6.36
343.391690 6.36
343.446182 6.36
343.511073 6.36
343.571303 6.36
343.618679 6.36
343.677427 6.36
343.746428 6.36
343.815429 6.36
343.879304 6.36
343.939681 6.36
344.003305 6.36
344.061948 6.36
344.111682 6.36
344.170431 6.36
344.239432 6.36
344.309200 6.36
344.362683 6.36
344.421308 6.36
344.479950 6.36
344.549076 6.36
344.617685 6.36
344.671311 6.36
344.740187 6.36
344.798688 6.36
344.852312 6.36
344.926566 6.36
344.985443 6.36
345.054440 6.36
345.120448 6.36
345.180092 6.36
345.246459 6.36
345.306094 6.36
345.371202 6.36
345.432445 6.36
345.492095 6.36
345.557200 6.36
345.616573 6.36
345.671097 6.36
345.732336 6.36
345.785964 6.36
345.844964 6.36
345.909580 6.36
345.963197 6.36
346.022090 6.36
346.076101 6.36
346.135324 6.36
346.200096 6.36
346.254108 6.36
346.313576 6.36
346.373208 6.36
346.448207 6.36
346.513096 6.36
346.566845 6.36
346.639580 6.36
346.698330 6.36
346.762328 6.36
346.828096 6.36
346.881712 6.36
346.946457 6.36
347.007083 6.36
347.066098 6.36
347.124848 6.36
347.189332 6.36
347.253207 6.36
347.318593 6.36
347.378089 6.36
347.432116 6.36
347.498594 6.36
347.557978 6.36
347.622104 6.36
347.681015 6.36
347.745461 6.36
347.804336 6.36
347.868594 6.36
347.927336 6.36
347.991716 6.36
348.051094 6.36
348.110464 6.36
348.170115 6.36
348.235115 6.36
348.296466 6.36
348.350990 6.36
348.412222 6.36
348.473218 6.36
348.532987 6.36
348.588472 6.36
348.642863 6.36
348.709225 6.36
348.770226 6.36
348.834626 6.36
348.884993 6.36
348.949992 6.36
349.014629 6.36
349.064994 6.36
349.129993 6.36
349.194477 6.36
349.248993 6.36
349.304472 6.36
349.359345 6.36
349.409985 6.36
349.474473 6.36
349.533486 6.36
349.587995 6.36
349.652892 6.36
349.722484 6.36
349.787488 6.36
349.841767 6.36
349.920360 6.36
349.976136 6.36
350.040894 6.36
350.111129 6.36
350.188253 6.36
350.247478 6.36
350.302477 6.36
350.366227 6.36
350.440896 6.36
350.507270 6.36
350.573263 6.36
350.632909 6.36
350.697485 6.36
350.761871 6.36
350.821488 6.36
350.881364 6.36
350.940899 6.36
351.000234 6.36
351.064765 6.36
351.129243 6.36
351.194360 6.36
351.250133 6.36
351.311180 6.36
351.389873 6.36
351.449365 6.36
351.510114 6.36
351.579119 6.36
351.643363 6.36
351.697913 6.36
351.762784 6.36
351.812774 6.36
351.887141 6.36
351.947889 6.36
352.003380 6.36
352.064142 6.36
352.124890 6.36
352.174747 6.36
352.240874 6.36
352.296374 6.36
352.357167 6.36
352.417875 6.36
352.473249 6.36
352.528373 6.36
352.583878 6.36
352.639382 6.36
352.694626 6.36
352.765024 6.36
352.835253 6.36
352.900258 6.36
352.954880 6.36
353.014504 6.36
353.060378 6.36
353.124767 6.36
353.189251 6.36
353.264260 6.36
353.318797 6.36
353.388897 6.36
353.448379 6.36
353.509142 6.36
353.578771 6.36
353.648254 6.36
353.707254 6.36
353.766254 6.36
353.825380 6.36
353.884790 6.36
353.949256 6.36
354.008255 6.36
354.072647 6.36
354.155634 6.36
354.230796 6.36
354.295141 6.36
354.359799 6.36
354.413810 6.36
354.478260 6.36
354.533133 6.36
354.593148 6.36
354.657135 6.36
354.721135 6.36
354.774510 6.36
354.828262 6.36
354.883262 6.36
354.943638 6.36
355.003906 6.36
355.073264 6.36
355.128263 6.36
355.192143 6.36
355.256144 6.36
355.333646 6.36
355.398819 6.36
355.463815 6.36
355.528266 6.36
355.592266 6.36
355.656517 6.36
355.710144 6.36
355.783914 6.36
355.853144 6.36
355.913394 6.36
355.972272 6.36
356.031143 6.36
356.095147 6.36
356.159148 6.36
356.224529 6.36
356.294657 6.36
356.361026 6.36
356.420279 6.36
356.474665 6.36
356.539042 6.36
356.608833 6.36
356.673822 6.36
356.740033 6.36
356.799837 6.36
356.864834 6.36
356.937842 6.36
357.004067 6.36
357.064907 6.36
357.134829 6.36
357.199660 6.36
357.268780 6.36
357.330050 6.36
357.386948 6.36
357.451070 6.36
357.506687 6.36
357.571666 6.36
357.631172 6.36
357.685666 6.36
357.750672 6.36
357.806538 6.36
357.875927 6.36
357.935537 6.36
358.000167 6.36
358.050163 6.36
358.110807 6.36
358.174933 6.36
358.244199 6.36
358.294164 6.36
358.363836 6.36
358.429947 6.36
358.485292 6.36
358.538934 6.36
358.603178 6.36
358.667540 6.36
358.736164 6.36
358.799934 6.36
358.868934 6.36
358.937933 6.36
359.006932 6.36
359.080811 6.36
359.149934 6.36
359.220293 6.36
359.273936 6.36
359.337937 6.36
359.401813 6.36
359.465814 6.36
359.529812 6.36
359.593816 6.36
359.657801 6.36
359.721815 6.36
359.786683 6.36
359.848076 6.36
359.907438 6.36
359.973555 6.36
360.038554 6.36
360.103559 6.36
360.163191 6.36
360.218824 6.36
360.283689 6.36
360.364433 6.36
360.428556 6.36
360.484082 6.36
360.539850 6.36
360.595076 6.36
360.654564 6.36
360.719566 6.36
360.779079 6.36
360.838565 6.36
360.898193 6.36
360.953435 6.36
361.017432 6.36
361.076183 6.36
361.139951 6.36
361.209560 6.36
361.268310 6.36
361.332706 6.36
361.392566 6.36
361.457185 6.36
361.520687 6.36
361.584832 6.36
361.658688 6.36
361.733562 6.36
361.802829 6.36
361.866830 6.36
361.941564 6.36
362.007314 6.36
362.071440 6.36
362.140440 6.36
362.209565 6.36
362.268441 6.36
362.332566 6.36
362.396567 6.36
362.460442 6.36
362.524318 6.36
362.584836 6.36
362.648834 6.36
362.712836 6.36
362.781696 6.36
362.845835 6.36
362.909698 6.36
362.973848 6.36
363.037839 6.36
363.102451 6.36
363.161452 6.36
363.215325 6.36
363.275978 6.36
363.326095 6.36
363.375972 6.36
363.429842 6.36
363.489327 6.36
363.554848 6.36
363.619328 6.36
363.693843 6.36
363.757971 6.36
363.807970 6.36
363.867460 6.36
363.931980 6.36
363.985709 6.36
364.046720 6.36
364.111459 6.36
364.165333 6.36
364.234846 6.36
364.299458 6.36
364.353464 6.36
364.418005 6.36
364.477464 6.36
364.543785 6.36
364.603466 6.36
364.678595 6.36
364.761715 6.36
364.831462 6.36
364.892470 6.36
364.951346 6.36
365.005342 6.36
365.065996 6.36
365.121340 6.36
365.179979 6.36
365.238998 6.36
365.292715 6.36
365.362471 6.36
365.426899 6.36
365.480733 6.36
365.540350 6.36
365.605351 6.36
365.664094 6.36
365.718353 6.36
365.773730 6.36
365.833347 6.36
365.897871 6.36
365.962920 6.36
366.022474 6.36
366.088875 6.36
366.144350 6.36
366.199726 6.36
366.264357 6.36
366.334487 6.36
366.409102 6.36
366.475358 6.36
366.540361 6.36
366.610228 6.36
366.674763 6.36
366.733991 6.36
366.788754 6.36
366.852608 6.36
366.921609 6.36
366.990605 6.36
367.054476 6.36
367.123881 6.36
367.182607 6.36
367.246606 6.36
367.310755 6.36
367.369768 6.36
367.447774 6.36
367.506609 6.36
367.578899 6.36
367.638236 6.36
367.704109 6.36
367.762891 6.36
367.816483 6.36
367.880764 6.36
367.939617 6.36
367.998485 6.36
368.068362 6.36
368.132619 6.36
368.191783 6.36
368.250770 6.36
368.315372 6.36
368.370620 6.36
368.431494 6.36
368.496249 6.36
368.561263 6.36
368.620888 6.36
368.676377 6.36
368.737787 6.36
368.793247 6.36
368.848816 6.36
368.903248 6.36
368.958808 6.36
369.012493 6.36
369.076493 6.36
369.140806 6.36
369.194625 6.36
369.259254 6.36
369.318803 6.36
369.373124 6.36
369.432257 6.36
369.497251 6.36
369.558253 6.36
369.612259 6.36
369.677252 6.36
369.747380 6.36
369.824509 6.36
369.891041 6.36
369.955630 6.36
370.015259 6.36
370.080263 6.36
370.145254 6.36
370.204805 6.36
370.259402 6.36
370.331024 6.36
370.397262 6.36
370.456266 6.36
370.510147 6.36
370.569130 6.36
370.638805 6.36
370.698130 6.36
370.758637 6.36
370.824514 6.36
370.881513 6.36
370.942399 6.36
370.997511 6.36
371.061262 6.36
371.122176 6.36
371.182156 6.36
371.248430 6.36
371.312825 6.36
371.363159 6.36
371.428266 6.36
371.479688 6.36
371.533512 6.36
371.594432 6.36
371.647636 6.36
371.70