0.000000 0.000000
0.063220 62.00
0.144370 62.00
0.198837 62.00
0.263350 62.00
0.322347 61.00
0.386708 61.00
0.445474 62.00
0.519584 62.00
0.583351 62.00
0.646987 62.00
0.711298 62.00
0.776360 62.00
0.838142 61.00
0.897864 61.00
0.962847 62.00
1.027842 62.00
1.097355 62.00
1.156715 62.00
1.220590 61.00
1.285841 61.00
1.360118 61.00
1.419722 61.00
1.479366 61.00
1.533363 61.00
1.589000 62.00
1.652996 62.00
1.726994 61.00
1.800995 62.00
1.875122 62.00
1.944122 62.00
2.007998 62.00
2.077364 61.00
2.135999 61.00
2.205125 62.00
2.273975 62.00
2.343126 62.00
2.406976 61.00
2.470976 61.00
2.531492 61.00
2.600601 61.00
2.653978 61.00
2.717978 61.00
2.787006 61.00
2.856127 61.00
2.914854 62.00
2.978854 62.00
3.042854 62.00
3.112105 62.00
3.175730 62.00
3.228982 62.00
3.302730 62.00
3.355983 62.00
3.429731 62.00
3.482984 62.00
3.556733 62.00
3.609984 62.00
3.683734 61.00
3.736985 61.00
3.810735 62.00
3.863986 62.00
3.937736 62.00
3.990988 62.00
4.059736 62.00
4.112988 62.00
4.186738 61.00
4.239989 61.00
4.313739 61.00
4.366991 61.00
4.430866 62.00
4.499866 62.00
4.568867 62.00
4.637994 62.00
4.706995 61.00
4.770869 62.00
4.840022 62.00
4.909119 61.00
4.973012 61.00
5.033012 61.00
5.102135 61.00
5.161014 61.00
5.224872 61.00
5.288873 62.00
5.352873 62.00
5.416873 62.00
5.475874 62.00
5.539874 62.00
5.603875 62.00
5.667875 62.00
5.731876 62.00
5.790877 61.00
5.854877 61.00
5.918877 61.00
5.982879 61.00
6.046879 61.00
6.105879 61.00
6.169879 62.00
6.233880 62.00
6.297881 62.00
6.361881 62.00
6.420881 61.00
6.484882 61.00
6.548882 61.00
6.612883 61.00
6.676884 61.00
6.735885 61.00
6.799885 61.00
6.864036 61.00
6.917886 62.00
6.981886 62.00
7.045887 62.00
7.109887 62.00
7.173888 62.00
7.232888 62.00
7.296888 61.00
7.360889 61.00
7.424889 61.00
7.488891 61.00
7.547891 61.00
7.611891 61.00
7.675892 62.00
7.739893 62.00
7.803893 62.00
7.862893 62.00
7.926894 61.00
7.990895 61.00
8.054770 62.00
8.119895 62.00
8.180170 61.00
8.230770 61.00
8.299772 61.00
8.373647 61.00
8.432024 61.00
8.492148 61.00
8.547148 62.00
8.592649 62.00
8.643649 61.00
8.694275 61.00
8.757775 61.00
8.831526 61.00
8.882276 62.00
8.945777 62.00
9.016152 62.00
9.061652 62.00
9.112277 62.00
9.175778 61.00
9.249528 61.00
9.302779 62.00
9.376530 61.00
9.429780 61.00
9.503531 61.00
9.572281 61.00
9.635782 61.00
9.709532 61.00
9.762783 61.00
9.836534 61.00
9.889784 61.00
9.963534 61.00
10.016785 61.00
10.090536 61.00
10.143785 61.00
10.217536 61.00
10.282912 62.00
10.351538 62.00
10.404788 62.00
10.478539 62.00
10.533414 61.00
10.593415 61.00
10.653415 62.00
10.713416 62.00
10.773416 62.00
10.826666 62.00
10.897044 61.00
10.951543 61.00
11.009918 62.00
11.078543 62.00
11.149046 62.00
11.204046 62.00
11.259047 61.00
11.304545 61.00
11.353920 61.00
11.414048 62.00
11.459546 62.00
11.510172 62.00
11.573673 62.00
11.647548 61.00
11.698174 61.00
11.761674 62.00
11.835425 62.00
11.888675 62.00
11.962551 62.00
12.013176 61.00
12.076677 61.00
12.150443 61.00
12.203679 61.00
12.277554 62.00
12.346206 62.00
12.415204 62.00
12.478938 62.00
12.537556 62.00
12.606682 62.00
12.675682 62.00
12.749448 62.00
12.813207 62.00
12.871809 61.00
12.933939 61.00
12.987560 62.00
13.056451 62.00
13.111589 62.00
13.173561 62.00
13.247452 61.00
13.306214 61.00
13.371584 62.00
13.421570 62.00
13.471571 62.00
13.521571 62.00
13.575213 62.00
13.633565 62.00
13.692566 62.00
13.756691 61.00
13.821944 61.00
13.907944 62.00
13.957567 62.00
14.026443 61.00
14.078945 61.00
14.124569 62.00
14.193695 62.00
14.253946 61.00
14.299570 61.00
14.368460 62.00
14.432462 62.00
14.488462 62.00
14.544463 62.00
14.600462 62.00
14.656464 61.00
14.712464 61.00
14.781699 62.00
14.845465 62.00
14.919465 62.00
14.984450 61.00
15.053451 61.00
15.118577 62.00
15.187452 62.00
15.256453 62.00
15.330454 62.00
15.404455 62.00
15.468455 62.00
15.537472 62.00
15.601472 62.00
15.675470 62.00
15.749582 61.00
15.823473 61.00
15.897473 61.00
15.966583 61.00
16.035476 62.00
16.099585 62.00
16.163473 62.00
16.227477 61.00
16.291478 61.00
16.355477 61.00
16.419478 61.00
16.483478 62.00
16.547588 62.00
16.611479 62.00
16.675478 62.00
16.739479 61.00
16.803478 61.00
16.867479 62.00
16.922480 62.00
16.986467 62.00
17.050468 62.00
17.114468 61.00
17.178344 61.00
17.234358 62.00
17.290361 62.00
17.340986 62.00
17.405122 62.00
17.468988 62.00
17.532973 62.00
17.596973 61.00
17.660974 61.00
17.724976 61.00
17.779975 61.00
17.834976 61.00
17.898976 62.00
17.962979 62.00
18.032600 62.00
18.096493 62.00
18.160490 62.00
18.224490 62.00
18.288491 62.00
18.362980 62.00
18.421980 62.00
18.485980 61.00
18.549981 61.00
18.613984 62.00
18.683496 62.00
18.747495 62.00
18.811373 62.00
18.881732 62.00
18.940498 62.00
19.004233 62.00
19.057483 62.00
19.131233 62.00
19.186109 62.00
19.244609 62.00
19.313235 62.00
19.362611 62.00
19.427111 62.00
19.490611 62.00
19.554237 62.00
19.612613 61.00
19.672738 61.00
19.718238 61.00
19.768863 61.00
19.832365 61.00
19.902740 61.00
19.948240 61.00
19.997615 62.00
20.057740 62.00
20.103241 61.00
20.152617 61.00
20.216117 62.00
20.269368 62.00
20.343118 61.00
20.396369 61.00
20.470119 62.00
20.523369 62.00
20.597120 62.00
20.650370 62.00
20.724121 62.00
20.777372 62.00
20.851122 61.00
20.904372 61.00
20.978123 62.00
21.031374 62.00
21.105125 61.00
21.158375 61.00
21.232125 62.00
21.285376 62.00
21.359127 61.00
21.412377 61.00
21.486127 62.00
21.539378 62.00
21.613129 62.00
21.668004 62.00
21.726379 62.00
21.800130 62.00
21.855007 62.00
21.913381 62.00
21.987133 62.00
22.042009 62.00
22.095257 62.00
22.165633 62.00
22.220633 62.00
22.275633 62.00
22.330634 62.00
22.376134 62.00
22.434510 62.00
22.494636 62.00
22.549636 62.00
22.604137 62.00
22.662512 62.00
22.722637 62.00
22.768139 62.00
22.817513 62.00
22.877639 62.00
22.923140 62.00
22.972514 62.00
23.032639 62.00
23.078140 62.00
23.137766 62.00
23.201266 62.00
23.275018 62.00
23.328267 62.00
23.402019 62.00
23.455269 62.00
23.529020 62.00
23.582270 62.00
23.656020 62.00
23.709270 62.00
23.783021 62.00
23.836272 62.00
23.910023 62.00
23.963273 62.00
24.037024 62.00
24.092024 62.00
24.147025 62.00
24.200274 62.00
24.274026 62.00
24.327275 62.00
24.391055 62.00
24.460168 62.00
24.529053 62.00
24.598420 62.00
24.657054 62.00
24.727529 62.00
24.786420 62.00
24.846530 62.00
24.915656 62.00
24.979422 62.00
25.038058 62.00
25.102060 62.00
25.171058 62.00
25.240059 62.00
25.304175 62.00
25.378059 62.00
25.442174 62.00
25.516063 62.00
25.590063 61.00
25.654063 61.00
25.723065 62.00
25.797189 62.00
25.871187 62.00
25.935066 62.00
26.009191 62.00
26.083433 62.00
26.142067 62.00
26.216066 62.00
26.285069 62.00
26.354067 61.00
26.418071 61.00
26.482069 62.00
26.551195 62.00
26.625195 62.00
26.699795 62.00
26.760198 62.00
26.823921 62.00
26.898312 62.00
26.962048 62.00
27.035922 62.00
27.110048 62.00
27.175316 62.00
27.244050 62.00
27.309316 62.00
27.377925 62.00
27.446925 62.00
27.501676 62.00
27.566926 62.00
27.632553 62.00
27.696054 62.00
27.756319 62.00
27.816554 61.00
27.875055 61.00
27.944055 62.00
28.014555 62.00
28.073057 62.00
28.133557 62.00
28.197322 62.00
28.247057 62.00
28.321082 62.00
28.390083 62.00
28.459086 61.00
28.533086 61.00
28.602086 62.00
28.671088 62.00
28.745086 62.00
28.809087 62.00
28.873089 62.00
28.946813 62.00
29.000064 62.00
29.073814 62.00
29.127091 62.00
29.200943 62.00
29.270091 62.00
29.338943 61.00
29.407945 61.00
29.477092 62.00
29.545944 62.00
29.615093 62.00
29.689095 62.00
29.758095 62.00
29.832095 62.00
29.905946 62.00
29.974948 61.00
30.043979 62.00
30.112948 62.00
30.186949 62.00
30.256097 62.00
30.329950 62.00
30.399100 62.00
30.467951 62.00
30.526576 62.00
30.580102 61.00
30.648953 61.00
30.709468 62.00
30.767954 62.00
30.828468 62.00
30.886955 62.00
30.947469 61.00
31.016579 61.00
31.085596 62.00
31.154706 62.00
31.207957 62.00
31.277108 62.00
31.340958 62.00
31.409959 62.00
31.478960 62.00
31.547960 62.00
31.611960 62.00
31.680961 62.00
31.744835 62.00
31.813836 62.00
31.882836 62.00
31.951963 62.00
32.015989 62.00
32.084964 62.00
32.153965 62.00
32.217839 62.00
32.286990 62.00
32.356117 62.00
32.419841 62.00
32.488967 62.00
32.552843 62.00
32.621843 62.00
32.691120 62.00
32.754969 62.00
32.823970 62.00
32.893120 62.00
32.956845 61.00
33.025972 62.00
33.095121 62.00
33.158973 62.00
33.222847 62.00
33.292126 62.00
33.350849 62.00
33.414849 62.00
33.478850 62.00
33.542851 61.00
33.601850 61.00
33.665851 62.00
33.729852 62.00
33.794001 62.00
33.852852 62.00
33.916853 62.00
33.985853 62.00
34.046354 62.00
34.104855 62.00
34.165245 62.00
34.210855 62.00
34.274997 62.00
34.333856 62.00
34.392857 62.00
34.456857 62.00
34.520858 61.00
34.585001 61.00
34.643859 62.00
34.707859 62.00
34.771860 62.00
34.835860 62.00
34.899861 62.00
34.963861 62.00
35.022862 62.00
35.086862 62.00
35.150863 62.00
35.214864 62.00
35.278864 62.00
35.337865 62.00
35.401865 62.00
35.465865 62.00
35.529866 62.00
35.593867 62.00
35.652867 62.00
35.716868 62.00
35.780868 62.00
35.844869 62.00
35.908869 62.00
35.967869 62.00
36.031870 62.00
36.090620 62.00
36.141261 62.00
36.201497 62.00
36.255024 62.00
36.308623 61.00
36.359386 61.00
36.414623 62.00
36.465397 62.00
36.529389 62.00
36.593391 62.00
36.657389 62.00
36.721389 62.00
36.785393 62.00
36.849268 62.00
36.923391 62.00
36.987393 62.00
37.051394 62.00
37.115270 62.00
37.184393 61.00
37.248271 61.00
37.317397 62.00
37.381271 62.00
37.445398 62.00
37.504031 62.00
37.557632 62.00
37.631758 62.00
37.700759 62.00
37.769759 62.00
37.838760 62.00
37.907760 62.00
37.971761 62.00
38.040761 62.00
38.109511 62.00
38.163030 62.00
38.232404 62.00
38.301402 62.00
38.370405 62.00
38.434404 62.00
38.489529 62.00
38.548406 62.00
38.608531 62.00
38.663648 62.00
38.713648 62.00
38.763648 62.00
38.813649 62.00
38.863649 62.00
38.917160 61.00
38.980894 61.00
39.035894 62.00
39.089645 62.00
39.153645 62.00
39.217520 62.00
39.270050 62.00
39.315773 62.00
39.369647 62.00
39.438648 62.00
39.509048 62.00
39.554773 62.00
39.608524 62.00
39.664540 62.00
39.733525 62.00
39.807526 61.00
39.878052 62.00
39.932776 62.00
40.001527 62.00
40.075528 62.00
40.149528 62.00
40.218529 62.00
40.292530 62.00
40.356530 62.00
40.420656 62.00
40.489531 62.00
40.558531 62.00
40.622533 62.00
40.686532 62.00
40.760658 62.00
40.829533 62.00
40.903660 62.00
40.977660 62.00
41.051536 62.00
41.125536 62.00
41.194662 62.00
41.258537 62.00
41.332537 62.00
41.396663 62.00
41.465664 62.00
41.529539 62.00
41.593539 62.00
41.657540 62.00
41.721554 62.00
41.785542 62.00
41.844542 62.00
41.908668 62.00
41.972556 62.00
42.031544 62.00
42.095670 62.00
42.164545 62.00
42.223545 62.00
42.287545 62.00
42.351546 62.00
42.420438 62.00
42.476312 62.00
42.529547 62.00
42.593548 62.00
42.662315 62.00
42.713049 62.00
42.776549 62.00
42.845439 62.00
42.919314 62.00
42.972551 62.00
43.041318 62.00
43.115318 62.00
43.168552 62.00
43.242553 62.00
43.316318 62.00
43.398937 62.00
43.462556 62.00
43.536321 62.00
43.594806 62.00
43.658557 62.00
43.727323 62.00
43.787587 62.00
43.854558 62.00
43.923450 62.00
43.987559 62.00
44.051450 62.00
44.115451 62.00
44.179452 62.00
44.243450 62.00
44.307451 62.00
44.385090 62.00
44.440211 62.00
44.500440 62.00
44.559455 62.00
44.637088 62.00
44.695947 62.00
44.759457 62.00
44.818441 62.00
44.886816 62.00
44.941817 62.00
44.996816 62.00
45.051817 62.00
45.110193 62.00
45.163443 62.00
45.233818 62.00
45.279320 62.00
45.328694 62.00
45.388820 62.00
45.434320 62.00
45.484947 62.00
45.548446 62.00
45.622196 62.00
45.675448 62.00
45.749198 62.00
45.802448 62.00
45.876199 62.00
45.929450 62.00
46.003200 62.00
46.056450 62.00
46.130200 62.00
46.183452 62.00
46.252202 62.00
46.305452 62.00
46.379203 62.00
46.432453 62.00
46.506204 62.00
46.559454 62.00
46.633204 62.00
46.686455 62.00
46.760206 62.00
46.815206 62.00
46.870207 62.00
46.925207 62.00
46.980083 61.00
47.040083 61.00
47.098458 62.00
47.172210 62.00
47.227085 62.00
47.287085 62.00
47.347086 62.00
47.405586 62.00
47.474212 62.00
47.532587 62.00
47.592712 62.00
47.647713 62.00
47.702713 62.00
47.757713 62.00
47.812714 62.00
47.867714 62.00
47.922716 62.00
47.977715 62.00
48.033145 62.00
48.103004 62.00
48.163361 62.00
48.227486 62.00
48.282486 62.00
48.348600 62.00
48.412973 62.00
48.473487 62.00
48.547972 62.00
48.602168 62.00
48.668852 62.00
48.733600 62.00
48.802849 62.00
48.872492 61.00
48.942605 61.00
49.001980 62.00
49.071492 62.00
49.145977 62.00
49.205610 62.00
49.259857 62.00
49.319372 62.00
49.378371 61.00
49.437371 61.00
49.507391 62.00
49.567025 62.00
49.631483 62.00
49.685375 62.00
49.744481 62.00
49.804386 62.00
49.863862 62.00
49.928235 62.00
49.987376 62.00
50.046375 62.00
50.111383 62.00
50.175862 62.00
50.234861 62.00
50.289860 62.00
50.348860 62.00
50.404511 62.00
50.460115 62.00
50.529382 62.00
50.584380 62.00
50.639381 62.00
50.708867 61.00
50.769384 61.00
50.824381 62.00
50.879382 62.00
50.934404 62.00
51.000498 62.00
51.065153 62.00
51.120494 62.00
51.174385 62.00
51.229383 62.00
51.303872 62.00
51.364621 62.00
51.429870 62.00
51.504386 62.00
51.570749 62.00
51.636497 62.00
51.690390 62.00
51.754514 62.00
51.818888 62.00
51.880275 62.00
51.941288 62.00
52.000395 62.00
52.059392 62.00
52.125135 62.00
52.192286 62.00
52.246395 62.00
52.305392 62.00
52.369144 62.00
52.433882 62.00
52.503397 62.00
52.562394 62.00
52.617629 62.00
52.681880 62.00
52.741404 62.00
52.795151 62.00
52.859886 62.00
52.930283 62.00
53.000529 62.00
53.057509 62.00
53.116395 62.00
53.176517 62.00
53.222014 62.00
53.272642 62.00
53.334197 62.00
53.388521 62.00
53.438892 62.00
53.498411 62.00
53.552406 62.00
53.607893 62.00
53.661266 62.00
53.725391 62.00
53.789029 62.00
53.839793 62.00
53.909407 62.00
53.974026 62.00
54.038408 62.00
54.102304 62.00
54.171906 62.00
54.236393 62.00
54.300174 62.00
54.374019 62.00
54.443519 62.00
54.499895 62.00
54.564163 62.00
54.623160 62.00
54.696897 62.00
54.766413 62.00
54.830051 62.00
54.904023 62.00
54.978164 62.00
55.037179 62.00
55.111025 62.00
55.180167 62.00
55.244054 62.00
55.318151 62.00
55.392192 62.00
55.466652 62.00
55.531778 62.00
55.595419 62.00
55.659029 62.00
55.728030 62.00
55.793530 62.00
55.857421 62.00
55.917533 62.00
55.988062 62.00
56.047423 62.00
56.092907 62.00
56.147907 62.00
56.198532 62.00
56.269551 62.00
56.328163 62.00
56.392036 62.00
56.461179 62.00
56.519911 62.00
56.585541 62.00
56.644162 62.00
56.708433 62.00
56.754166 62.00
56.817913 62.00
56.882067 62.00
56.945914 62.00
57.014915 62.00
57.069914 62.00
57.130051 62.00
57.193917 62.00
57.258183 62.00
57.324116 62.00
57.377919 62.00
57.451919 62.00
57.525918 62.00
57.600187 62.00
57.663920 62.00
57.733048 62.00
57.796920 62.00
57.871186 62.00
57.939922 62.00
58.008923 62.00
58.077923 62.00
58.146923 62.00
58.221050 62.00
58.289924 62.00
58.363802 62.00
58.438051 62.00
58.506926 62.00
58.575802 62.00
58.644802 62.00
58.710303 62.00
58.765303 62.00
58.820303 62.00
58.883804 62.00
58.933179 62.00
58.993305 62.00
59.047805 62.00
59.106181 62.00
59.166306 62.00
59.211806 62.00
59.261183 62.00
59.324682 62.00
59.377936 62.00
59.448314 62.00
59.493809 62.00
59.544435 62.00
59.602937 62.00
59.676685 62.00
59.729937 62.00
59.803686 62.00
59.862567 62.00
59.921192 62.00
59.984690 62.00
60.038065 62.00
60.106691 62.00
60.159945 62.00
60.233955 62.00
60.302693 62.00
60.355947 62.00
60.429695 62.00
60.482947 62.00
60.556832 62.00
60.616575 62.00
60.680948 62.00
60.745104 62.00
60.803820 62.00
60.873098 62.00
60.932209 62.00
60.987826 62.00
61.037572 62.00
61.101964 62.00
61.157092 62.00
61.220699 62.00
61.280853 62.00
61.330699 62.00
61.385574 62.00
61.445575 62.00
61.505575 62.00
61.565576 62.00
61.629077 62.00
61.697702 62.00
61.752577 62.00
61.805827 62.00
61.869988 62.00
61.928829 62.00
61.989330 62.00
62.058580 62.00
62.111986 62.00
62.171087 62.00
62.229832 62.00
62.293990 62.00
62.352832 62.00
62.416960 62.00
62.480709 62.00
62.540709 62.00
62.609988 62.00
62.668835 62.00
62.732995 62.00
62.796993 62.00
62.855991 62.00
62.909837 62.00
62.973588 62.00
63.032463 62.00
63.091107 62.00
63.149994 62.00
63.208839 62.00
63.272839 62.00
63.336715 62.00
63.405840 62.00
63.469591 62.00
63.528341 62.00
63.597592 62.00
63.666724 62.00
63.731976 62.00
63.800596 62.00
63.855474 62.00
63.915472 62.00
63.975473 62.00
64.030758 62.00
64.080754 62.00
64.131495 62.00
64.195598 62.00
64.244988 62.00
64.303365 62.00
64.367023 62.00
64.431478 62.00
64.505726 62.00
64.576130 62.00
64.621726 62.00
64.685601 62.00
64.740857 62.00
64.805249 62.00
64.864011 62.00
64.917853 62.00
64.972854 62.00
65.031729 62.00
65.105609 62.00
65.176109 62.00
65.221608 62.00
65.272234 62.00
65.335733 62.00
65.409484 62.00
65.473868 62.00
65.543863 62.00
65.602611 62.00
65.671860 62.00
65.730610 62.00
65.790252 62.00
65.860025 62.00
65.913738 62.00
65.977737 62.00
66.051488 62.00
66.110018 62.00
66.168613 62.00
66.237381 62.00
66.296020 62.00
66.354614 62.00
66.419865 62.00
66.478625 62.00
66.543866 62.00
66.608260 62.00
66.673385 62.00
66.733646 62.00
66.783243 62.00
66.843494 62.00
66.903649 62.00
66.955023 62.00
67.004745 62.00
67.073495 62.00
67.124386 62.00
67.177871 62.00
67.231496 62.00
67.284025 62.00
67.329751 62.00
67.383500 62.00
67.436029 62.00
67.481749 62.00
67.535499 62.00
67.586141 62.00
67.644625 62.00
67.715032 62.00
67.760751 62.00
67.829520 62.00
67.894394 62.00
67.947753 62.00
68.016503 62.00
68.076504 62.00
68.150396 62.00
68.203880 62.00
68.257505 62.00
68.322631 62.00
68.396397 62.00
68.454882 62.00
68.508507 62.00
68.573396 62.00
68.626883 62.00
68.680507 62.00
68.754384 62.00
68.812890 62.00
68.876389 62.00
68.929636 62.00
69.003389 62.00
69.056638 62.00
69.130389 62.00
69.189642 62.00
69.250533 62.00
69.309640 62.00
69.368514 62.00
69.437530 62.00
69.501533 62.00
69.562292 62.00
69.627164 62.00
69.682519 62.00
69.741643 62.00
69.805643 62.00
69.869643 62.00
69.930277 62.00
69.989524 62.00
70.044646 62.00
70.114021 62.00
70.178165 62.00
70.236771 62.00
70.298036 62.00
70.361528 62.00
70.431902 62.00
70.486400 62.00
70.537028 62.00
70.600526 62.00
70.669524 62.00
70.733525 62.00
70.797401 62.00
70.853526 62.00
70.917526 62.00
70.986780 62.00
71.045529 62.00
71.109653 62.00
71.173529 62.00
71.242530 62.00
71.306530 62.00
71.370655 62.00
71.434530 62.00
71.503531 62.00
71.567299 62.00
71.631033 62.00
71.705040 62.00
71.779035 62.00
71.842532 62.00
71.916284 62.00
71.969534 62.00
72.043300 62.00
72.107793 62.00
72.174313 62.00
72.233417 62.00
72.302540 62.00
72.366430 62.00
72.430539 62.00
72.494430 62.00
72.558540 62.00
72.627677 62.00
72.681541 62.00
72.740431 62.00
72.799542 62.00
72.858542 62.00
72.922543 62.00
72.981436 62.00
73.045543 62.00
73.104435 62.00
73.173438 62.00
73.242436 62.00
73.311436 62.00
73.375314 62.00
73.435305 62.00
73.485923 62.00
73.549425 62.00
73.619801 62.00
73.665300 62.00
73.715927 62.00
73.781674 62.00
73.840319 62.00
73.914319 62.00
73.964926 62.00
74.023552 62.00
74.087319 62.00
74.161319 62.00
74.220935 62.00
74.284435 62.00
74.353304 62.00
74.427322 62.00
74.496320 62.00
74.570196 62.00
74.623430 62.00
74.692182 62.00
74.747183 62.00
74.802183 62.00
74.855435 62.00
74.919559 62.00
74.983939 62.00
75.047937 62.00
75.106938 62.00
75.165940 62.00
75.224939 62.00
75.278562 62.00
75.332452 62.00
75.396443 62.00
75.465328 62.00
75.535814 62.00
75.605441 62.00
75.664190 62.00
75.719066 62.00
75.772316 62.00
75.842692 62.00
75.897692 62.00
75.952693 62.00
76.007945 62.00
76.068459 62.00
76.142945 62.00
76.193819 62.00
76.253819 62.00
76.317462 62.00
76.372211 62.00
76.428099 62.00
76.492960 62.00
76.561949 62.00
76.615465 62.00
76.674462 62.00
76.729344 62.00
76.803956 62.00
76.867956 62.00
76.926575 62.00
76.976342 62.00
77.050344 62.00
77.114456 62.00
77.183827 62.00
77.253343 62.00
77.327583 62.00
77.391966 62.00
77.461208 62.00
77.525345 62.00
77.594349 62.00
77.653206 62.00
77.717472 62.00
77.771224 62.00
77.845350 62.00
77.904458 62.00
77.958373 62.00
78.024262 62.00
78.083352 62.00
78.147480 62.00
78.202988 62.00
78.262482 62.00
78.316356 62.00
78.375358 62.00
78.434365 62.00
78.489477 62.00
78.558842 62.00
78.627838 62.00
78.682992 62.00
78.743356 62.00
78.802340 62.00
78.857355 62.00
78.912483 62.00
78.962091 62.00
79.016843 62.00
79.067719 62.00
79.127844 62.00
79.181358 62.00
79.236094 62.00
79.300363 62.00
79.355358 62.00
79.405122 62.00
79.474223 62.00
79.548125 62.00
79.612369 62.00
79.676370 62.00
79.740351 62.00
79.795230 62.00
79.859351 62.00
79.923368 62.00
79.998353 62.00
80.064259 62.00
80.130256 62.00
80.196605 62.00
80.266158 62.00
80.332016 62.00
80.396367 62.00
80.455610 62.00
80.521232 62.00
80.581354 62.00
80.637235 62.00
80.701012 62.00
80.766482 6