0.000000 0.000000
0.047032 0.37
0.108006 2.66
0.172867 2.66
0.241488 2.66
0.310111 2.66
0.368486 2.66
0.437109 2.66
0.484360 2.66
0.534986 2.66
0.598487 2.66
0.667112 2.66
0.727254 2.66
0.786997 2.66
0.847021 2.66
0.912131 2.66
0.972000 4.34
1.031496 4.34
1.090244 4.34
1.167883 4.34
1.231493 4.34
1.295243 4.34
1.372908 4.34
1.434304 4.34
1.493893 4.34
1.553014 4.34
1.620247 4.34
1.689121 4.34
1.747497 4.34
1.816150 4.34
1.879887 4.34
1.948891 4.34
2.031123 4.34
2.107999 4.34
2.173125 4.34
2.233126 4.34
2.293127 4.34
2.346383 4.34
2.411501 4.34
2.475001 4.34
2.530002 4.34
2.588384 4.34
2.657003 4.34
2.715385 4.34
2.784004 4.34
2.838630 4.34
2.897004 4.34
2.944255 4.34
2.993631 4.34
3.052006 4.34
3.099256 4.34
3.149883 4.34
3.213385 4.34
3.282008 4.34
3.340384 4.34
3.409009 4.34
3.467386 4.34
3.536010 4.34
3.594386 4.34
3.663011 4.34
3.721387 4.34
3.790012 4.34
3.872013 4.34
3.930390 4.34
3.999014 4.34
4.057390 4.34
4.126015 4.34
4.194766 4.34
4.263392 4.34
4.332016 4.34
4.390393 4.34
4.459018 4.34
4.519144 4.34
4.572394 4.34
4.641020 4.34
4.699395 4.34
4.768020 4.34
4.828021 4.34
4.886397 4.34
4.955021 4.34
5.015024 4.34
5.075024 4.34
5.135025 4.34
5.188273 4.34
5.253401 4.34
5.322025 4.34
5.382026 4.34
5.435276 4.34
5.503901 4.34
5.558902 4.34
5.606151 4.34
5.661028 4.34
5.714278 4.34
5.782903 4.34
5.841279 4.34
5.909904 4.34
5.968280 4.34
6.036905 4.34
6.095281 4.34
6.163906 4.34
6.222281 4.34
6.290907 4.34
6.346783 4.34
6.410283 4.34
6.478909 4.34
6.537284 4.34
6.605910 4.34
6.674661 4.34
6.743285 4.34
6.811912 4.34
6.870286 4.34
6.938913 4.34
6.997288 4.34
7.065915 4.34
7.124290 4.34
7.192915 4.34
7.253042 4.34
7.308043 4.34
7.361292 4.34
7.429916 4.34
7.489920 4.34
7.548293 4.34
7.616918 4.34
7.676921 4.34
7.736921 4.34
7.796922 4.34
7.856921 4.34
7.916922 4.34
7.976922 4.34
8.036923 4.34
8.100426 4.34
8.169172 4.34
8.237798 4.34
8.292799 4.34
8.347799 4.34
8.402799 4.34
8.457799 4.34
8.512800 4.34
8.560051 4.34
8.618430 4.34
8.687176 4.34
8.755802 4.34
8.814178 4.34
8.877803 4.34
8.936178 4.34
9.004805 4.34
9.063179 4.34
9.131805 4.34
9.190180 4.34
9.258806 4.34
9.317181 4.34
9.385807 4.34
9.444183 4.34
9.507809 4.34
9.566183 4.34
9.634810 4.34
9.693184 4.34
9.761810 4.34
9.820186 4.34
9.888811 4.34
9.947187 4.34
10.015812 4.34
10.074188 4.34
10.137814 4.34
10.196189 4.34
10.264815 4.34
10.324816 4.34
10.384816 4.34
10.443191 4.34
10.511816 4.34
10.571817 4.34
10.631818 4.34
10.691818 4.34
10.755443 4.34
10.806819 4.34
10.860069 4.34
10.925194 4.34
10.988696 4.34
11.039820 4.34
11.103321 4.34
11.161696 4.34
11.212822 4.34
11.268573 4.34
11.332073 4.34
11.400699 4.34
11.447949 4.34
11.498575 4.34
11.562075 4.34
11.630700 4.34
11.689076 4.34
11.757701 4.34
11.816076 4.34
11.884702 4.34
11.943077 4.34
12.011704 4.34
12.070078 4.34
12.138705 4.34
12.197079 4.34
12.265706 4.34
12.324080 4.34
12.392707 4.34
12.451082 4.34
12.519707 4.34
12.579834 4.34
12.633083 4.34
12.701709 4.34
12.760084 4.34
12.828710 4.34
12.887085 4.34
12.955711 4.34
13.014087 4.34
13.082712 4.34
13.142713 4.34
13.201088 4.34
13.269713 4.34
13.329715 4.34
13.389716 4.34
13.449716 4.34
13.509717 4.34
13.573216 4.34
13.636716 4.34
13.700217 4.34
13.763718 4.34
13.823719 4.34
13.876969 4.34
13.945594 4.34
14.000594 4.34
14.051720 4.34
14.115220 4.34
14.173596 4.34
14.231970 4.34
14.300597 4.34
14.347847 4.34
14.397222 4.34
14.455598 4.34
14.513973 4.34
14.582599 4.34
14.640974 4.34
14.709600 4.34
14.767976 4.34
14.836601 4.34
14.894977 4.34
14.963602 4.34
15.021978 4.34
15.090604 4.34
15.148979 4.34
15.217605 4.34
15.275980 4.34
15.344605 4.34
15.402980 4.34
15.471607 4.34
15.529982 4.34
15.598608 4.34
15.658734 4.34
15.713735 4.34
15.766984 4.34
15.835609 4.34
15.895611 4.34
15.953985 4.34
16.022611 4.34
16.082612 4.34
16.142613 4.34
16.202614 4.34
16.262614 4.34
16.322614 4.34
16.375864 4.34
16.444489 4.34
16.504615 4.34
16.564616 4.34
16.617866 4.34
16.686491 4.34
16.741491 4.34
16.796492 4.34
16.851493 4.34
16.906493 4.34
16.964868 4.34
17.033495 4.34
17.080744 4.34
17.139119 4.34
17.197494 4.34
17.244745 4.34
17.295376 4.34
17.358871 4.34
17.427497 4.34
17.491123 4.34
17.549498 4.34
17.607874 4.34
17.676499 4.34
17.734875 4.34
17.803500 4.34
17.861875 4.34
17.930501 4.34
17.988876 4.34
18.057502 4.34
18.115878 4.34
18.184503 4.34
18.242879 4.34
18.311504 4.34
18.369880 4.34
18.438505 4.34
18.496881 4.34
18.565506 4.34
18.623881 4.34
18.692507 4.34
18.752509 4.34
18.812509 4.34
18.872509 4.34
18.932510 4.34
18.992510 4.34
19.056261 4.34
19.125012 4.34
19.179901 4.34
19.243392 4.34
19.305263 4.34
19.364013 4.34
19.409778 4.34
19.473542 4.34
19.537538 4.34
19.601539 4.34
19.665543 4.34
19.729540 4.34
19.798541 4.34
19.862544 4.34
19.931424 4.34
19.995534 4.34
20.059533 4.34
20.133546 4.34
20.202547 4.34
20.266397 4.34
20.330536 4.34
20.394398 4.34
20.463398 4.34
20.532398 4.34
20.606400 4.34
20.675400 4.34
20.744401 4.34
20.808401 4.34
20.877401 4.34
20.951427 4.34
21.025554 4.34
21.099403 4.34
21.168404 4.34
21.242404 4.34
21.316433 4.34
21.390555 4.34
21.464556 4.34
21.533557 4.34
21.602408 4.34
21.676559 4.34
21.750409 4.34
21.824409 4.34
21.898410 4.34
21.967437 4.34
22.027676 4.34
22.091411 4.34
22.160561 4.34
22.224563 4.34
22.288437 4.34
22.357413 4.34
22.421288 4.34
22.481678 4.34
22.545289 4.34
22.592539 4.34
22.661290 4.34
22.708541 4.34
22.772291 4.34
22.841418 4.34
22.905434 4.34
22.974419 4.34
23.043444 4.34
23.107419 4.34
23.176419 4.34
23.245685 4.34
23.309685 4.34
23.373422 4.34
23.442422 4.34
23.506296 4.34
23.575298 4.34
23.644687 4.34
23.708424 4.34
23.777449 4.34
23.841299 4.34
23.910426 4.34
23.979427 4.34
24.045429 4.34
24.109302 4.34
24.178302 4.34
24.247428 4.34
24.316429 4.34
24.385554 4.34
24.451307 4.34
24.515180 4.34
24.584431 4.34
24.648306 4.34
24.717307 4.34
24.781308 4.34
24.845307 4.34
24.909308 4.34
24.973308 4.34
25.037435 4.34
25.096310 4.34
25.160309 4.34
25.224310 4.34
25.288311 4.34
25.352438 4.34
25.411312 4.34
25.475312 4.34
25.539313 4.34
25.603314 4.34
25.667440 4.34
25.726315 4.34
25.790315 4.34
25.859316 4.34
25.923316 4.34
25.987316 4.34
26.051317 4.34
26.115443 4.34
26.174318 4.34
26.238319 4.34
26.302319 4.34
26.366319 4.34
26.425320 4.34
26.489321 4.34
26.553321 4.34
26.617322 4.34
26.681322 4.34
26.745449 4.34
26.804323 4.34
26.868324 4.34
26.932325 4.34
26.996324 4.34
27.055326 4.34
27.119326 4.34
27.183327 4.34
27.247327 4.34
27.311327 4.34
27.375478 4.34
27.434328 4.34
27.498329 4.34
27.562329 4.34
27.626329 4.34
27.676956 4.34
27.735456 4.34
27.799207 4.34
27.868206 4.34
27.937083 4.34
27.984333 4.34
28.034958 4.34
28.093459 4.34
28.152084 4.34
28.199335 4.34
28.250085 4.34
28.310849 4.34
28.379726 4.34
28.443852 4.34
28.507851 4.34
28.566479 4.34
28.630088 4.34
28.688730 4.34
28.738338 4.34
28.801965 4.34
28.860465 4.34
28.919215 4.34
28.988216 4.34
29.057217 4.34
29.126217 4.34
29.195217 4.34
29.269343 4.34
29.338218 4.34
29.402095 4.34
29.460735 4.34
29.514345 4.34
29.579622 4.34
29.638096 4.34
29.696736 4.34
29.758622 4.34
29.817097 4.34
29.875740 4.34
29.941224 4.34
30.010224 4.34
30.079100 4.34
30.137742 4.34
30.206743 4.34
30.256743 4.34
30.312102 4.34
30.381227 4.34
30.445103 4.34
30.499745 4.34
30.546995 4.34
30.598353 4.34
30.666980 4.34
30.718354 4.34
30.786980 4.34
30.834355 4.34
30.903231 4.34
30.953998 4.34
31.009999 4.34
31.079108 4.34
31.134998 4.34
31.190998 4.34
31.247000 4.34
31.312234 4.34
31.371110 4.34
31.427001 4.34
31.500986 4.34
31.559361 4.34
31.622987 4.34
31.686628 4.34
31.739988 4.34
31.798363 4.34
31.861989 4.34
31.935989 4.34
31.999629 4.34
32.058240 4.34
32.127116 4.34
32.201117 4.34
32.274993 4.34
32.349118 4.34
32.419493 4.34
32.477994 4.34
32.546995 4.34
32.607121 4.34
32.673996 4.34
32.747995 4.34
32.808024 4.34
32.868024 4.34
32.928025 4.34
32.988024 4.34
33.041248 4.34
33.101378 4.34
33.159888 4.34
33.223650 4.34
33.292526 4.34
33.356527 4.34
33.420251 4.34
33.483893 4.34
33.535251 4.34
33.599003 4.34
33.658892 4.34
33.713879 4.34
33.761254 4.34
33.820004 4.34
33.891896 4.34
33.956255 4.34
34.020006 4.34
34.075897 4.34
34.131896 4.34
34.187905 4.34
34.243900 4.34
34.299899 4.34
34.355900 4.34
34.424900 4.34
34.493901 4.34
34.562899 4.34
34.637012 4.34
34.701904 4.34
34.770901 4.34
34.836012 4.34
34.905014 4.34
34.974014 4.34
35.042905 4.34
35.116906 4.34
35.190904 4.34
35.259907 4.34
35.333892 4.34
35.407892 4.34
35.481893 4.34
35.551019 4.34
35.620019 4.34
35.683895 4.34
35.752895 4.34
35.816909 4.34
35.880911 4.34
35.944912 4.34
36.008913 4.34
36.077911 4.34
36.141914 4.34
36.205899 4.34
36.269914 4.34
36.333913 4.34
36.397916 4.34
36.461917 4.34
36.525917 4.34
36.589918 4.34
36.653916 4.34
36.718028 4.34
36.776919 4.34
36.840920 4.34
36.904920 4.34
36.968919 4.34
37.032921 4.34
37.096921 4.34
37.160907 4.34
37.224921 4.34
37.288907 4.34
37.352924 4.34
37.416922 4.34
37.480909 4.34
37.541034 4.34
37.599910 4.34
37.674412 4.34
37.738414 4.34
37.802412 4.34
37.866413 4.34
37.930413 4.34
37.994438 4.34
38.063931 4.34
38.123164 4.34
38.192416 4.34
38.256419 4.34
38.315418 4.34
38.374418 4.34
38.438421 4.34
38.497419 4.34
38.556419 4.34
38.615293 4.34
38.668919 4.34
38.732919 4.34
38.796920 4.34
38.846295 4.34
38.899920 4.34
38.963935 4.34
39.023922 4.34
39.082426 4.34
39.137547 4.34
39.201426 4.34
39.260424 4.34
39.324425 4.34
39.384550 4.34
39.448425 4.34
39.512426 4.34
39.576427 4.34
39.640428 4.34
39.709927 4.34
39.760552 4.34
39.824431 4.34
39.883430 4.34
39.943553 4.34
40.007431 4.34
40.063554 4.34
40.127431 4.34
40.191431 4.34
40.255432 4.34
40.319433 4.34
40.388933 4.34
40.454183 4.34
40.512948 4.34
40.576951 4.34
40.635950 4.34
40.705059 4.34
40.763950 4.34
40.822702 4.34
40.891700 4.34
40.950311 4.34
41.010717 4.34
41.079704 4.34
41.138313 4.34
41.198705 4.34
41.267705 4.34
41.326315 4.34
41.395190 4.34
41.448707 4.34
41.517707 4.34
41.576317 4.34
41.645192 4.34
41.698708 4.34
41.767708 4.34
41.836708 4.34
41.891320 4.34
41.965195 4.34
42.018963 4.34
42.087712 4.34
42.143447 4.34
42.202197 4.34
42.255713 4.34
42.311448 4.34
42.370198 4.34
42.419963 4.34
42.483716 4.34
42.552715 4.34
42.608452 4.34
42.667200 4.34
42.720717 4.34
42.794716 4.34
42.863717 4.34
42.928453 4.34
42.987328 4.34
43.056329 4.34
43.125204 4.34
43.178719 4.34
43.247721 4.34
43.311722 4.34
43.385723 4.34
43.454721 4.34
43.523723 4.34
43.592599 4.34
43.656599 4.34
43.720461 4.34
43.784611 4.34
43.843600 4.34
43.914086 4.34
43.974736 4.34
44.043489 4.34
44.103979 4.34
44.157603 4.34
44.231479 4.34
44.296964 4.34
44.360481 4.34
44.420965 4.34
44.474606 4.34
44.548479 4.34
44.603732 4.34
44.672481 4.34
44.727733 4.34
44.791484 4.34
44.838859 4.34
44.897609 4.34
44.961611 4.34
45.025610 4.34
45.089611 4.34
45.153612 4.34
45.217612 4.34
45.286613 4.34
45.355614 4.34
45.419613 4.34
45.483614 4.34
45.547475 4.34
45.611615 4.34
45.680615 4.34
45.744617 4.34
45.818477 4.34
45.882618 4.34
45.956478 4.34
46.030479 4.34
46.104479 4.34
46.178480 4.34
46.247620 4.34
46.316621 4.34
46.390482 4.34
46.464482 4.34
46.538483 4.34
46.602624 4.34
46.676634 4.34
46.750634 4.34
46.824636 4.34
46.898486 4.34
46.962624 4.34
47.036511 4.34
47.105627 4.34
47.169626 4.34
47.238628 4.34
47.307363 4.34
47.367755 4.34
47.426364 4.34
47.492114 4.34
47.550756 4.34
47.614366 4.34
47.679991 4.34
47.733491 4.34
47.802367 4.34
47.862758 4.34
47.921374 4.34
47.986994 4.68
48.045374 6.36
48.092619 6.36
48.143244 6.36
48.206744 6.36
48.270376 6.36
48.330247 6.36
48.388763 6.36
48.452765 6.68
48.511525 6.68
48.580527 6.68
48.644660 6.68
48.703529 6.68
48.767378 6.68
48.836377 7.02
48.906263 7.02
48.971258 7.02
49.035661 7.02
49.094659 7.02
49.164003 7.02
49.218264 7.37
49.279551 7.37
49.338666 7.37
49.397537 7.37
49.461384 7.37
49.526265 7.37
49.587541 7.37
49.646539 7.37
49.705534 7.69
49.774722 7.69
49.826429 7.69
49.890543 7.69
49.949387 7.69
50.005260 7.69
50.065463 7.69
50.125017 7.69
50.194670 7.69
50.248391 8.03
50.307397 8.03
50.371803 8.03
50.422146 8.03
50.481019 8.03
50.541266 8.35
50.607140 8.35
50.666154 8.03
50.736272 8.35
50.800554 8.35
50.859400 8.35
50.919785 8.35
50.984154 8.35
51.049149 8.35
51.104272 8.70
51.173549 8.70
51.243145 8.70
51.307559 8.70
51.372023 8.70
51.435914 8.70
51.494787 9.04
51.553568 9.04
51.618025 9.04
51.682025 9.04
51.746149 9.04
51.804790 9.04
51.858570 9.04
51.923154 9.04
51.978432 9.36
52.042433 9.36
52.106433 9.36
52.166032 9.36
52.232437 9.36
52.291434 9.71
52.355556 9.36
52.414465 9.71
52.484158 9.71
52.543031 9.71
52.608797 9.71
52.662281 10.03
52.726453 10.03
52.785913 10.03
52.852170 10.03
52.913452 10.03
52.974480 10.03
53.045045 10.03
53.106171 10.03
53.167465 10.03
53.232735 10.03
53.299048 10.03
53.360051 10.03
53.421045 10.03
53.481542 10.03
53.540289 10.03
53.604444 10.03
53.663541 10.03
53.722165 10.03
53.786056 10.03
53.845049 10.03
53.903917 10.03
53.962542 10.03
54.026292 10.03
54.095293 10.03
54.159450 10.03
54.218294 10.03
54.282169 10.03
54.350922 10.03
54.415046 10.03
54.473940 10.03
54.532546 10.03
54.591297 10.03
54.650172 10.03
54.708548 10.03
54.767298 10.03
54.841453 10.03
54.898356 10.03
54.962925 10.03
55.027050 10.03
55.086051 10.03
55.141332 10.03
55.210451 10.03
55.269177 10.03
55.332946 10.03
55.397053 10.03
55.455969 10.03
55.514805 10.03
55.583483 9.71
55.642947 10.03
55.717507 10.03
55.782556 10.03
55.841182 10.03
55.900807 10.03
55.969433 10.03
56.038058 10.03
56.098697 10.03
56.152184 10.03
56.215684 10.03
56.274060 10.03
56.321311 10.03
56.390065 10.03
56.446957 10.03
56.500825 10.03
56.570444 10.03
56.639444 10.03
56.698198 10.03
56.767065 10.37
56.830715 10.37
56.886196 10.37
56.955955 10.37
57.015317 10.37
57.084956 10.37
57.149953 10.03
57.214844 10.03
57.284584 10.03
57.348069 10.03
57.406473 10.03
57.465070 10.03
57.528712 10.03
57.582199 10.03
57.646327 10.03
57.705201 10.03
57.769078 9.36
57.828948 9.04
57.882844 8.35
57.948226 8.03
58.001841 7.37
58.072228 7.02
58.125842 6.68
58.196103 6.68
58.254844 6.68
58.325106 6.68
58.375953 6.68
58.423328 6.68
58.492080 6.68
58.552082 6.68
58.605331 6.68
58.673958 6.68
58.728958 6.68
58.776207 6.68
58.825583 6.68
58.895838 6.68
58.960085 6.68
59.015959 6.68
59.063334 6.68
59.126958 6.68
59.174208 6.68
59.233347 6.68
59.296962 6.68
59.355840 6.36
59.415215 6.36
59.478961 6.36
59.540587 6.36
59.594087 6.36
59.662963 6.36
59.721588 6.36
59.775213 6.36
59.843964 6.36
59.902608 6.36
59.956215 6.36
60.006842 6.36
60.065608 6.36
60.119216 6.36
60.182967 6.36
60.241610 6.36
60.295218 6.36
60.358968 6.36
60.432969 6.36
60.491611 6.36
60.551974 6.36
60.610347 6.36
60.678972 6.36
60.739101 6.36
60.794101 6.36
60.849103 6.36
60.904003 6.36
60.957613 6.36
61.007598 6.36
61.057614 6.36
61.107616 6.36
61.173004 6.36
61.226616 6.36
61.282237 6.36
61.341878 6.36
61.399015 6.36
61.452622 6.36
61.516618 6.36
61.585507 6.36
61.649865 6.36
61.706871 6.36
61.761605 6.36
61.825509 6.36
61.889623 6.36
61.953623 6.36
62.013735 6.36
62.077486 6.36
62.141484 6.36
62.199982 6.36
62.255733 6.36
62.319233 6.36
62.383239 6.36
62.442112 6.36
62.506110 6.36
62.574986 6.36
62.630765 6.36
62.689237 6.36
62.753689 6.36
62.813119 6.36
62.879242 6.36
62.943490 6.36
62.996989 6.36
63.067365 6.36
63.128025 6.36
63.192242 6.36
63.255991 6.36
63.324885 6.36
63.388493 6.36
63.448883 6.36
63.512870 6.36
63.576494 6.36
63.641762 6.36
63.702024 6.36
63.762245 6.36
63.830871 6.36
63.895532 6.36
63.945652 6.36
64.000904 6.36
64.054123 6.36
64.117890 6.36
64.186748 6.36
64.241752 6.36
64.296752 6.36
64.351752 6.36
64.402879 6.36
64.458629 6.36
64.522129 6.36
64.585877 6.36
64.649878 6.36
64.714003 6.36
64.777894 6.36
64.851754 6.36
64.899005 6.36
64.957880 6.36
65.031755 6.36
65.095384 6.36
65.159384 6.36
65.223383 6.36
65.276882 6.36
65.341389 6.36
65.405538 6.36
65.469385 6.36
65.527760 6.36
65.596510 6.36
65.660579 6.36
65.729890 6.36
65.803887 6.36
65.877779 6.36
65.947013 6.36
66.011047 6.36
66.069766 6.36
66.128142 6.36
66.196767 6.36
66.255143 6.36
66.323768 6.36
66.383922 6.36
66.442430 6.36
66.511430 6.36
66.571774 6.36
66.626799 6.36
66.685431 6.36
66.744430 6.36
66.804799 6.36
66.863270 6.36
66.918432 6.36
66.992272 6.36
67.056427 6.36
67.115430 6.36
67.179648 6.36
67.241273 6.36
67.305430 6.36
67.374430 6.36
67.430791 6.36
67.496574 6.36
67.547543 6.36
67.602903 6.36
67.666918 6.36
67.725902 6.36
67.794669 6.36
67.854922 6.36
67.920278 6.36
67.984433 6.36
68.048435 6.36
68.107029 6.36
68.170797 6.36
68.240293 6.36
68.298788 6.36
68.367412 6.36
68.436035 6.36
68.504662 6.36
68.568284 6.36
68.632284 6.36
68.696285 6.36
68.765802 6.36
68.829912 6.36
68.889037 6.36
68.952913 6.36
69.011931 6.36
69.070788 6.36
69.134914 6.36
69.193914 6.36
69.252805 6.36
69.316790 6.36
69.380791 6.36
69.444933 6.36
69.503807 6.36
69.567918 6.36
69.626918 6.36
69.685936 6.36
69.744809 6.36
69.804939 6.36
69.863811 6.36
69.913169 6.36
69.962935 6.36
70.021549 6.36
70.076811 6.36
70.136938 6.36
70.195922 6.36
70.250939 6.36
70.305924 6.36
70.360935 6.36
70.430814 6.36
70.490799 6.36
70.559550 6.36
70.606816 6.36
70.657457 6.36
70.708552 6.36
70.770459 6.36
70.825455 6.36
70.876429 6.36
70.939927 6.36
71.008553 6.36
71.066928 6.36
71.135692 6.36
71.191433 6.36
71.254930 6.36
71.323556 6.36
71.381931 6.36
71.450556 6.36
71.508932 6.36
71.577826 6.36
71.641824 6.36
71.705309 6.36
71.779560 6.36
71.853561 6.36
71.927709 6.36
71.987188 6.36
72.040812 6.36
72.109468 6.36
72.176591 6.36
72.230189 6.36
72.290565 6.36
72.359467 6.36
72.419815 6.36
72.488443 6.36
72.553941 6.36
72.607582 6.36
72.662194 6.36
72.726317 6.36
72.790068 6.36
72.839836 6.36
72.894836 6.36
72.958475 6.36
73.024212 6.36
73.082831 6.36
73.146454 6.36
73.197577 6.36
73.253326 6.36
73.316824 6.36
73.385868 6.36
73.440331 6.36
73.504970 6.36
73.558608 6.36
73.617592 6.36
73.681605 6.36
73.752647 6.36
73.812333 6.36
73.882330 6.36
73.941328 6.36
73.994953 6.36
74.048596 6.36
74.112620 6.36
74.171482 6.36
74.240601 6.36
74.309597 6.36
74.379487 6.36
74.453484 6.36
74.523957 6.36
74.577612 6.36
74.641611 6.36
74.710487 6.36
74.779490 6.36
74.848852 6.36
74.902487 6.36
74.976491 6.36
75.050493 6.36
75.125337 6.36
75.189088 6.36
75.249859 6.36
75.313607 6.36
75.372339 6.36
75.432856 6.36
75.491340 6.36
75.556855 6.36
75.615496 6.36
75.679476 6.36
75.743346 6.36
75.808968 6.36
75.867344 6.36
75.918474 6.36
75.974222 6.36
76.037722 6.36
76.106347 6.36
76.153597 6.36
76.223123 6.36
76.293111 6.36
76.368354 6.36
76.428600 6.68
76.492876 6.68
76.551539 6.36
76.610747 6.68
76.680767 6.68
76.735106 6.68
76.800388 6.68
76.870255 6.68
76.929604 6.36
76.993749 6.36
77.053242 6.36
77.113128 6.36
77.183233 6.36
77.253235 6.36
77.323244 6.36
77.388131 6.36
77.443517 6.36
77.503244 6.36
77.564805 6.36
77.616238 6.36
77.671488 6.36
77.740364 6.36
77.805112 6.36
77.869625 6.36
77.928762 6.36
77.979123 6.36
78.040425 6.36
78.109362 6.36
78.174747 6.36
78.224866 6.36
78.278761 6.36
78.338118 6.36
78.399117 6.36
78.453000 6.36
78.517912 6.36
78.593253 6.36
78.657763 6.36
78.716243 6.36
78.781122 6.36
78.850129 6.36
78.909621 6.36
78.969254 6.36
79.044255 6.36
79.119377 6.36
79.184377 6.36
79.253378 6.36
79.322769 6.36
79.381386 6.36
79.450380 6.36
79.524247 6.36
79.598381 6.36
79.667529 6.36
79.736248 6.36
79.794641 6.36
79.858249 6.36
79.927001 6.36
79.996379 6.36
80.055640 6.36
80.114639 6.36
80.179684 6.36
80.239134 6.36
80.308679 6.36
80.362545 6.36
80.421393 6.36
80.480388 6.36
80.540017 6.36
80.599570 6.36
80.654013 6.36
80.723021 6.36
80.784335 6.36
80.845268 6.36
80.894885 6.36
80.956018 6.36
81.016134 6.36
81.076260 6.36
81.131265 6.36
81.180886 6.36
81.244903 6.36
81.313903 6.36
81.374012 6.36
81.432905 6.36
81.493014 6.36
81.551764 6.36
81.610516 6.36
81.670029 6.36
81.725401 6.36
81.784517 6.36
81.838267 6.36
81.912143 6.36
81.959396 6.36
82.010145 6.36
82.074268 6.36
82.138413 6.36
82.213657 6.36
82.267439 6.36
82.326146 6.36
82.382026 6.36
82.446023 6.36
82.510277 6.36
82.579284 6.36
82.649037 6.36
82.718153 6.36
82.782531 6.36
82.841544 6.36
82.897036 6.36
82.960355 6.36
83.014927 6.36
83.076350 6.36
83.135159 6.36
83.205038 6.36
83.264411 6.36
83.323280 6.36
83.384173 6.36
83.448433 6.36
83.513030 6.36
83.560281 6.36
83.620911 6.36
83.680282 6.36
83.744159 6.36
83.803908 6.36
83.858928 6.36
83.917821 6.36
83.982454 6.36
84.036035 6.36
84.087160 6.36
84.156682 6.36
84.210285 6.36
84.269300 6.36
84.328568 6.36
84.382290 6.36
84.446426 6.36
84.505167 6.36
84.569926 6.36
84.623447 6.36
84.683048 6.36
84.758425 6.36
84.817294 6.36
84.876182 6.36
84.950797 6.36
85.015292 6.36
85.074493 6.36
85.129926 6.36
85.188814 6.36
85.254044 6.36
85.317804 6.36
85.387170 6.36
85.461