0.000000 0.000000
0.052381 42.78
0.106882 42.78
0.162237 42.78
0.232611 42.22
0.278114 42.22
0.328731 42.22
0.392232 42.22
0.465982 42.22
0.519234 42.22
0.592983 42.22
0.646234 42.22
0.718435 42.22
0.774660 42.22
0.834423 42.22
0.907877 42.22
0.972871 42.22
1.042631 42.22
1.117123 42.22
1.181120 42.22
1.250628 42.22
1.314740 42.22
1.380688 42.22
1.440413 42.22
1.494746 42.22
1.564154 42.22
1.628631 42.22
1.692634 42.22
1.756634 42.22
1.820635 42.22
1.884633 42.22
1.954149 42.22
2.018152 42.22
2.082122 42.22
2.146123 42.22
2.204997 42.22
2.258622 42.22
2.322640 42.22
2.381388 41.67
2.434999 42.22
2.485624 42.22
2.549647 42.22
2.619000 41.67
2.677376 41.67
2.737502 41.67
2.792502 42.22
2.847503 41.67
2.902503 41.67
2.957504 41.67
3.015877 41.67
3.069130 41.67
3.139505 41.67
3.185004 41.67
3.234380 41.67
3.294507 41.67
3.340005 41.67
3.390631 41.67
3.454132 41.67
3.527882 41.67
3.581134 41.67
3.654882 41.67
3.708134 41.67
3.781883 41.67
3.835135 41.67
3.908885 41.67
3.962136 41.67
4.035885 41.67
4.089137 41.67
4.162887 41.67
4.216138 41.67
4.289888 41.67
4.343139 41.67
4.416889 41.67
4.470140 41.67
4.543890 41.67
4.597142 41.67
4.670891 41.67
4.724142 41.67
4.797892 41.67
4.852768 41.67
4.911144 41.67
4.984894 41.67
5.039769 41.67
5.099769 41.67
5.159770 41.67
5.213020 41.67
5.278146 41.67
5.351897 41.67
5.401273 41.67
5.469898 41.67
5.528273 41.67
5.588399 41.67
5.633899 41.67
5.684524 41.67
5.748025 41.67
5.818402 41.67
5.863901 41.67
5.913276 41.67
5.976777 41.67
6.030027 41.67
6.103777 41.67
6.157028 41.67
6.230779 41.67
6.284029 41.67
6.357779 41.67
6.411030 41.67
6.484780 41.67
6.538031 41.67
6.611782 41.67
6.665032 41.67
6.738783 41.67
6.792033 41.67
6.865784 41.67
6.919034 41.67
6.992784 41.67
7.046035 41.67
7.119786 41.67
7.173036 41.67
7.246787 41.67
7.301787 41.67
7.355037 41.67
7.428789 41.67
7.482038 41.67
7.555789 41.67
7.610666 41.67
7.670666 41.67
7.730666 41.67
7.790667 41.67
7.850667 41.67
7.910667 41.67
7.970668 41.67
8.034170 41.67
8.102794 41.67
8.157670 41.67
8.221171 41.67
8.281298 41.67
8.326796 41.67
8.376173 41.67
8.436299 41.67
8.481798 41.67
8.532422 41.67
8.595923 41.67
8.666300 41.67
8.711799 41.67
8.762423 41.67
8.825924 41.67
8.899675 41.67
8.952926 41.67
9.026676 41.67
9.079927 41.67
9.153677 41.67
9.206928 41.67
9.280678 41.67
9.333928 41.67
9.407679 41.67
9.460930 41.67
9.534680 41.67
9.587930 41.67
9.661682 41.67
9.714932 41.67
9.788682 41.67
9.841932 41.67
9.915683 41.67
9.968934 41.67
10.042684 41.67
10.097685 41.67
10.152685 41.67
10.207686 41.67
10.262686 41.67
10.317686 41.67
10.372562 41.67
10.432563 41.67
10.492563 41.67
10.552564 41.67
10.612564 41.67
10.672565 41.67
10.732565 41.67
10.796066 41.67
10.856193 41.67
10.919691 41.67
10.978067 41.67
11.038194 41.67
11.092693 41.67
11.142068 41.67
11.202196 41.67
11.257196 41.67
11.311694 41.67
11.362320 41.67
11.425820 41.67
11.496197 41.67
11.541697 41.67
11.591071 41.67
11.651198 41.67
11.696698 41.67
11.747323 41.67
11.810824 41.67
11.884574 41.67
11.937825 41.67
12.011576 41.67
12.064825 41.67
12.138576 41.67
12.191826 41.67
12.265577 41.67
12.318827 41.67
12.392578 41.67
12.445829 41.67
12.514579 41.67
12.567830 41.67
12.641580 41.67
12.694830 41.67
12.768582 41.67
12.821831 41.67
12.895582 41.67
12.948832 41.67
13.022584 41.67
13.077584 41.67
13.132584 41.67
13.185834 41.67
13.259585 41.67
13.314461 41.67
13.374461 41.67
13.434462 41.67
13.498087 41.67
13.549464 41.67
13.609463 41.67
13.664465 41.67
13.724464 41.67
13.784465 41.67
13.842965 41.67
13.903092 41.67
13.957591 41.67
14.012466 41.67
14.065717 41.67
14.136095 41.67
14.190593 41.67
14.248968 41.67
14.309095 41.67
14.354595 41.67
14.405219 41.67
14.468721 41.67
14.545737 41.67
14.609613 41.67
14.678614 41.67
14.756106 41.67
14.825106 41.67
14.894106 41.67
14.952725 41.67
15.021740 41.67
15.085615 41.67
15.154852 41.67
15.218852 41.67
15.277853 41.67
15.336618 41.67
15.409107 41.67
15.467729 41.67
15.531855 41.67
15.595855 41.67
15.659856 41.67
15.723856 41.67
15.782622 41.67
15.851857 41.67
15.915858 41.67
15.974624 41.67
16.043858 41.67
16.107859 41.67
16.171860 41.67
16.235860 41.67
16.299861 41.67
16.363861 41.67
16.427862 41.67
16.486625 41.67
16.545629 41.67
16.604629 41.67
16.668629 41.67
16.732630 41.67
16.796630 41.67
16.860630 41.67
16.924741 41.67
16.983741 41.67
17.042742 41.67
17.096631 41.67
17.160743 41.67
17.219743 41.67
17.278743 41.67
17.332633 41.67
17.396744 41.67
17.455634 41.67
17.514634 41.67
17.578636 41.67
17.642635 41.67
17.706747 41.67
17.765747 41.67
17.824637 41.67
17.888642 41.67
17.957749 41.67
18.011638 41.67
18.075641 41.67
18.139641 41.67
18.203639 41.67
18.267640 41.67
18.326641 41.67
18.390643 41.67
18.454642 41.67
18.518644 41.67
18.582642 41.67
18.641645 41.67
18.705756 41.67
18.764755 41.67
18.823645 41.67
18.887646 41.67
18.951758 41.67
19.005523 41.67
19.075889 41.67
19.130649 41.67
19.194647 41.67
19.259890 41.67
19.305400 41.67
19.356011 41.67
19.419636 41.67
19.484892 41.67
19.530401 41.67
19.581012 41.67
19.644638 41.67
19.708402 41.67
19.759014 41.67
19.817640 41.67
19.882896 41.67
19.937530 41.67
20.007918 41.67
20.062641 41.67
20.127898 41.67
20.191642 41.67
20.260293 41.67
20.313768 41.67
20.367406 41.67
20.431018 41.67
20.494645 41.67
20.563296 41.67
20.616770 41.67
20.670411 41.67
20.744285 41.67
20.818272 41.67
20.871773 41.67
20.930649 41.67
20.999414 41.67
21.068274 41.67
21.121774 41.67
21.175666 41.67
21.244275 41.67
21.297776 41.67
21.368277 41.67
21.421777 41.67
21.492277 41.67
21.545778 41.67
21.609278 41.67
21.662778 41.67
21.723279 41.67
21.776780 41.67
21.826780 41.67
21.876781 41.11
21.926781 41.67
21.976781 41.67
22.029783 41.67
22.083423 41.67
22.148783 41.11
22.202424 41.67
22.272785 41.67
22.326426 41.67
22.396786 41.11
22.446426 41.11
22.511786 41.67
22.557427 41.67
22.627788 41.11
22.673429 41.67
22.743788 41.67
22.789428 41.11
22.858305 41.67
22.918816 41.11
22.982430 41.67
23.056168 41.11
23.130167 41.67
23.186167 41.11
23.242167 41.11
23.298168 41.11
23.354168 41.11
23.428168 41.11
23.502169 41.67
23.566171 41.11
23.640310 41.11
23.709310 41.11
23.783172 41.11
23.857172 41.11
23.931191 41.11
24.000199 41.11
24.069174 41.11
24.138174 41.11
24.212175 41.11
24.286176 41.11
24.355176 41.67
24.429177 41.11
24.498179 41.11
24.567178 41.11
24.631181 41.11
24.695179 41.11
24.759179 41.11
24.823180 41.11
24.887180 41.67
24.951182 41.11
25.015182 41.11
25.079185 41.11
25.143183 41.11
25.207183 41.11
25.271184 41.11
25.335184 41.11
25.399185 41.11
25.463185 41.11
25.527188 41.11
25.591187 41.11
25.655188 41.11
25.719188 41.11
25.783187 41.11
25.847188 41.11
25.911189 41.11
25.975192 41.11
26.039190 41.11
26.103191 41.11
26.167191 41.11
26.231192 41.11
26.295192 41.11
26.364705 41.11
26.428818 41.11
26.492706 41.11
26.556707 41.11
26.620708 41.11
26.684708 41.11
26.748710 41.11
26.812696 41.11
26.876821 41.11
26.935711 41.11
26.999711 41.11
27.063698 41.11
27.127719 41.11
27.191824 41.11
27.250715 41.11
27.314714 41.11
27.378717 41.11
27.442717 41.11
27.506827 41.11
27.565715 41.11
27.629720 41.11
27.693717 41.11
27.768204 41.11
27.832205 41.11
27.887078 41.11
27.937705 41.11
28.001718 41.11
28.057706 41.11
28.121719 41.11
28.177707 41.11
28.241831 41.11
28.300721 41.11
28.364721 41.11
28.428722 41.11
28.484709 41.11
28.548723 41.11
28.612835 41.11
28.668961 41.11
28.727726 41.11
28.791726 41.11
28.855712 41.11
28.930214 41.11
28.994241 41.11
29.058215 41.11
29.122237 41.11
29.191242 41.11
29.260090 41.11
29.333966 41.11
29.408091 41.11
29.481966 41.11
29.540482 41.11
29.604093 41.11
29.672969 41.11
29.731484 41.11
29.796969 41.11
29.865970 41.11
29.920970 41.11
29.979486 41.11
30.044972 41.11
30.113972 41.11
30.172486 41.11
30.227375 41.11
30.285973 41.11
30.340489 41.11
30.395500 41.11
30.482975 41.11
30.541376 41.11
30.600108 41.11
30.672106 41.11
30.730977 41.11
30.803253 41.11
30.853106 41.11
30.908106 41.11
30.976730 41.11
31.026620 41.11
31.082730 41.11
31.133730 41.11
31.184731 41.11
31.235731 41.11
31.286731 41.11
31.337732 41.11
31.388732 41.11
31.439732 41.11
31.490733 41.11
31.541734 41.11
31.592733 41.11
31.666859 41.11
31.717735 41.11
31.772627 41.11
31.828736 41.11
31.879737 41.11
31.939627 41.11
32.003627 41.11
32.083113 41.11
32.147115 41.11
32.212863 41.11
32.271630 41.11
32.351115 41.11
32.416865 41.11
32.477267 41.11
32.535866 41.11
32.604632 41.11
32.659867 41.11
32.713384 41.11
32.775270 41.11
32.833994 41.11
32.899120 41.11
32.957870 41.11
33.031996 41.11
33.090996 41.11
33.161372 41.11
33.214997 41.11
33.288873 41.11
33.359374 41.11
33.408999 41.11
33.479375 41.11
33.529000 41.11
33.599376 41.11
33.645000 41.11
33.718752 41.11
33.769643 41.11
33.828278 41.11
33.891752 41.11
33.942643 41.11
34.001268 41.11
34.059878 41.11
34.110646 41.11
34.169281 41.11
34.227880 41.11
34.278646 41.11
34.337280 41.11
34.395882 41.11
34.446647 41.11
34.505282 41.11
34.563883 41.11
34.629134 41.11
34.687884 41.11
34.738647 41.11
34.797285 41.11
34.855884 41.11
34.912136 41.11
34.970886 41.11
35.035011 41.11
35.100763 41.11
35.169888 41.11
35.235140 41.11
35.293889 41.11
35.367764 41.11
35.433141 41.11
35.491891 41.11
35.560657 41.11
35.619290 41.11
35.686268 41.11
35.744892 41.11
35.813657 41.11
35.872295 41.11
35.941019 41.11
36.014895 41.11
36.085271 41.11
36.154146 41.11
36.203771 41.11
36.269272 41.11
36.333021 41.11
36.398274 41.11
36.447772 41.11
36.518275 41.11
36.577024 41.11
36.642275 41.11
36.701024 41.11
36.769775 41.11
36.843776 41.11
36.912777 41.11
36.981777 41.11
37.055903 41.11
37.129904 41.11
37.203779 41.11
37.277780 41.11
37.351781 41.11
37.425906 41.11
37.499781 41.11
37.573906 41.11
37.647783 41.11
37.721908 41.11
37.795908 41.11
37.869785 41.11
37.943785 41.11
38.017911 41.11
38.091911 41.11
38.165787 41.11
38.239788 41.11
38.313913 41.11
38.387788 41.11
38.456789 41.11
38.520789 41.11
38.584915 41.11
38.648790 41.11
38.712791 41.11
38.781792 41.11
38.855792 41.11
38.921171 41.11
38.979793 41.11
39.034794 41.11
39.095045 41.11
39.158795 41.11
39.227796 41.11
39.288173 41.11
39.346796 41.11
39.407174 41.11
39.465797 41.11
39.529688 41.11
39.593673 41.11
39.657674 41.11
39.726924 41.11
39.785674 41.11
39.850800 41.11
39.919926 41.11
39.983691 41.11
40.047802 41.11
40.116802 41.11
40.180692 41.11
40.249695 41.11
40.318804 41.11
40.382805 41.11
40.451805 41.11
40.520805 41.11
40.584681 41.11
40.653699 41.11
40.722807 41.11
40.791808 41.11
40.855684 41.11
40.924700 41.11
40.993701 41.11
41.062810 41.11
41.131810 41.11
41.195687 41.11
41.264703 41.11
41.333938 41.11
41.392688 41.11
41.461704 41.11
41.530814 41.11
41.594702 41.11
41.663705 41.11
41.732816 41.11
41.791707 41.11
41.855706 41.11
41.919708 41.11
41.983710 41.11
42.047693 41.11
42.111708 41.11
42.175708 41.11
42.239708 41.11
42.303712 41.11
42.367711 41.11
42.431711 41.11
42.490713 41.11
42.554711 41.11
42.618711 41.11
42.682715 41.11
42.746715 41.11
42.805714 41.11
42.869713 41.11
42.933716 41.11
42.997716 41.11
43.061714 41.11
43.120715 41.11
43.184716 41.11
43.248719 41.11
43.312719 41.11
43.376720 41.11
43.435720 41.11
43.499721 41.11
43.563721 41.11
43.627721 41.11
43.691722 41.11
43.750723 41.11
43.814722 41.11
43.878723 41.11
43.942723 41.11
44.006724 41.11
44.065724 41.11
44.129726 41.11
44.193727 41.11
44.257725 41.11
44.321725 41.11
44.380711 41.11
44.444726 41.11
44.508730 41.11
44.567478 41.11
44.618088 41.11
44.683353 41.11
44.736606 41.11
44.805480 41.11
44.856091 41.11
44.919606 41.11
44.988607 41.11
45.057482 41.11
45.108093 41.11
45.166610 41.11
45.235607 41.11
45.300970 41.11
45.346485 41.11
45.411971 41.11
45.471971 41.11
45.535612 41.11
45.604612 41.11
45.676848 41.11
45.740615 41.11
45.809615 41.11
45.878374 41.11
45.931616 41.11
46.000616 41.11
46.069614 41.11
46.138614 41.11
46.202615 41.11
46.266617 41.11
46.340378 41.11
46.398978 41.11
46.476619 41.11
46.545621 41.11
46.609621 41.11
46.683622 41.11
46.747620 41.11
46.811622 41.11
46.875622 41.11
46.949383 41.11
47.007983 41.11
47.085624 41.11
47.159385 41.11
47.211866 41.11
47.257626 41.11
47.321626 41.11
47.385626 41.11
47.445737 41.11
47.499388 41.11
47.551869 41.11
47.597626 41.11
47.656626 41.11
47.721870 41.11
47.767630 41.11
47.832871 41.11
47.878632 41.11
47.942507 41.11
48.011515 41.11
48.075742 41.11
48.129505 41.11
48.193509 41.11
48.257511 41.11
48.317897 41.11
48.392510 41.11
48.456512 41.11
48.520513 41.11
48.584759 41.67
48.649753 41.67
48.719642 41.67
48.778517 41.67
48.842513 41.67
48.901648 41.67
48.955516 41.67
49.019518 41.67
49.083644 41.67
49.142518 41.67
49.201648 41.67
49.260521 41.67
49.329878 41.67
49.393878 41.67
49.462647 41.67
49.521521 41.67
49.571646 41.67
49.625520 41.67
49.689522 41.67
49.753404 41.67
49.810306 41.67
49.869525 41.67
49.919525 41.67
49.983522 41.67
50.042529 41.67
50.092526 41.67
50.156289 41.67
50.220289 41.67
50.285791 41.67
50.331684 41.67
50.392537 41.67
50.447014 42.22
50.499795 42.22
50.545529 42.22
50.599289 42.22
50.654545 42.22
50.709018 42.22
50.768533 42.22
50.827766 42.22
50.886639 42.22
50.945769 42.22
51.010534 42.22
51.069643 42.22
51.123294 42.22
51.187297 42.22
51.252021 42.22
51.316270 42.22
51.390171 42.22
51.464269 42.22
51.528903 42.22
51.604313 42.22
51.668542 42.22
51.722272 42.22
51.786302 42.22
51.845401 42.22
51.904540 42.22
51.963274 42.78
52.027274 42.22
52.101680 42.78
52.165777 42.78
52.226183 42.78
52.290179 42.78
52.354179 42.78
52.418908 42.78
52.480191 42.78
52.544309 42.78
52.608183 42.78
52.677343 42.78
52.736411 42.78
52.790545 42.78
52.844784 42.78
52.909571 42.78
52.965308 42.78
53.026736 42.78
53.086547 42.78
53.136795 42.78
53.201454 42.78
53.266660 42.78
53.321660 42.78
53.376661 42.78
53.431165 42.78
53.491689 42.78
53.545286 42.78
53.614203 42.78
53.673199 43.33
53.732440 42.78
53.782168 43.33
53.832788 43.33
53.896551 43.33
53.951165 43.33
54.001789 43.33
54.066311 43.33
54.125201 43.33
54.189598 43.33
54.256231 43.33
54.311328 43.33
54.375171 43.33
54.438926 43.33
54.500047 43.33
54.565173 43.33
54.621046 43.33
54.690055 43.33
54.743562 43.33
54.802296 43.33
54.871457 43.33
54.940054 43.33
54.993675 43.33
55.069719 43.33
55.123679 43.33
55.201051 43.33
55.265357 43.33
55.324179 43.33
55.392938 43.33
55.462182 43.33
55.521207 43.33
55.585335 43.33
55.649053 43.33
55.713053 43.33
55.767933 43.33
55.836804 43.33
55.896929 43.33
55.950681 43.33
56.006681 43.33
56.061683 43.33
56.125557 43.33
56.171432 43.33
56.231559 43.33
56.277062 43.33
56.326437 43.33
56.386560 43.33
56.441559 43.33
56.510218 43.33
56.578935 43.33
56.632187 43.33
56.702565 43.33
56.748061 43.33
56.798687 43.33
56.862438 43.33
56.925938 43.33
56.979190 43.33
57.048321 43.33
57.112357 43.33
57.171067 43.33
57.226343 43.33
57.280205 43.33
57.354948 43.33
57.419208 43.33
57.473070 43.33
57.532242 43.33
57.596071 43.33
57.660222 43.33
57.729587 43.33
57.788588 43.33
57.862945 43.33
57.917947 43.33
57.972948 43.33
58.031572 43.33
58.101073 43.33
58.160073 43.33
58.219074 43.33
58.278080 43.33
58.343200 43.33
58.406950 43.33
58.471380 43.33
58.531326 43.33
58.590076 43.33
58.653952 43.33
58.703344 43.33
58.762078 43.33
58.816956 42.78
58.875332 42.78
58.935461 43.33
58.980957 42.78
59.039332 42.78
59.099461 42.78
59.154461 42.78
59.203957 42.78
59.259832 42.78
59.318333 42.78
59.372082 42.78
59.436083 42.78
59.495084 42.78
59.550224 42.78
59.609611 42.78
59.679837 42.78
59.740212 42.78
59.793962 42.78
59.858962 42.78
59.918713 42.78
59.972213 42.78
60.035963 42.78
60.101966 42.78
60.165840 42.78
60.224354 42.78
60.287965 42.78
60.351466 42.78
60.420092 42.78
60.483843 42.78
60.538843 42.78
60.607611 42.78
60.671219 42.78
60.724594 42.78
60.789969 42.78
60.849349 42.78
60.914597 42.78
60.979847 42.78
61.053846 42.78
61.127848 42.78
61.181223 42.78
61.234598 42.78
61.288108 42.78
61.353379 42.78
61.411974 42.78
61.477380 42.78
61.541642 42.78
61.605979 42.78
61.675105 42.78
61.733727 42.78
61.802728 42.78
61.873382 42.78
61.927983 42.78
61.998358 42.78
62.043856 42.78
62.094482 42.78
62.157982 42.78
62.228361 42.78
62.274112 42.78
62.337857 42.78
62.411857 42.78
62.471608 42.78
62.524984 42.78
62.598984 42.78
62.672859 42.78
62.746735 42.78
62.815736 42.78
62.889861 42.78
62.955112 42.78
63.013863 42.78
63.082863 42.78
63.151739 42.78
63.217116 42.78
63.275989 42.78
63.349740 42.78
63.404865 42.78
63.478866 42.78
63.552742 42.78
63.618124 42.78
63.676868 42.78
63.740993 42.78
63.809744 42.78
63.868273 42.78
63.928620 42.78
63.982245 42.78
64.032263 42.78
64.100998 42.78
64.174749 42.78
64.229628 42.78
64.289624 42.78
64.342876 42.78
64.413253 42.78
64.471753 42.78
64.536750 42.78
64.610625 42.78
64.661500 42.78
64.720150 42.78
64.778626 42.78
64.853280 42.78
64.917280 42.78
64.991753 42.78
65.057003 42.78
65.116004 42.78
65.179755 42.78
65.248756 42.78
65.312881 42.78
65.382006 42.78
65.442757 42.78
65.517007 42.78
65.576012 42.78
65.634885 42.78
65.689884 42.78
65.763884 42.78
65.833515 42.78
65.897164 42.78
65.954639 42.78
66.018887 42.78
66.082637 42.78
66.146887 42.78
66.210888 42.78
66.285014 42.78
66.343764 42.78
66.412640 42.78
66.481657 42.78
66.550766 42.78
66.614891 42.78
66.678767 42.78
66.752768 42.78
66.826644 42.78
66.890893 42.78
66.959894 42.78
67.025523 42.78
67.078772 42.78
67.149151 42.78
67.204150 42.78
67.259151 42.78
67.304649 42.78
67.355274 42.78
67.419779 42.78
67.484176 42.78
67.547899 42.78
67.608180 42.78
67.668179 42.78
67.742180 42.78
67.805901 42.78
67.874652 42.78
67.943777 42.78
68.012778 42.78
68.081653 42.78
68.150778 42.78
68.219654 42.78
68.288780 42.78
68.352656 42.78
68.426906 42.78
68.490782 42.78
68.554657 42.78
68.623658 42.78
68.692658 42.78
68.761659 42.78
68.830921 42.22
68.889787 42.78
68.958785 42.78
69.032786 42.78
69.101787 42.22
69.170787 42.22
69.234663 42.22
69.308788 42.78
69.377789 42.22
69.446789 42.22
69.515790 42.78
69.576555 42.78
69.635425 42.22
69.688671 42.22
69.753794 42.22
69.827544 42.22
69.882045 42.22
69.932320 42.78
69.991672 42.78
70.055795 42.78
70.114794 42.78
70.178795 42.22
70.242670 42.78
70.307366 42.78
70.372212 42.22
70.426049 42.78
70.486203 42.78
70.545204 42.78
70.604203 42.78
70.668680 42.78
70.738553 42.78
70.789177 42.78
70.852675 42.78
70.926426 42.22
70.979675 42.78
71.053434 42.78
71.106681 42.78
71.180554 42.78
71.240180 42.78
71.304209 42.22
71.363055 42.22
71.437683 42.22
71.501699 42.22
71.565681 42.22
71.629432 42.78
71.688210 42.22
71.749132 42.22
71.810591 42.78
71.869695 42.22
71.924242 42.78
71.983564 42.78
72.047688 42.22
72.111811 42.22
72.170561 42.22
72.239812 42.22
72.293696 42.22
72.354336 42.22
72.407940 42.22
72.459314 42.22
72.518064 42.22
72.578065 42.22
72.639969 42.22
72.695069 42.78
72.750334 42.22
72.799942 42.22
72.863692 42.22
72.922459 42.78
72.973068 42.22
73.027077 42.22
73.092979 42.78
73.138588 42.22
73.202587 42.22
73.272973 42.78
73.318586 42.22
73.382835 42.22
73.437821 42.22
73.496321 42.22
73.554822 42.22
73.613591 42.78
73.682339 42.22
73.735953 42.78
73.804577 42.22
73.878327 42.22
73.936827 42.78
74.000334 42.78
74.053578 42.22
74.124343 42.22
74.182953 42.78
74.251577 42.78
74.325328 42.78
74.378579 42.78
74.452330 42.78
74.516710 42.78
74.575459 42.22
74.638956 42.78
74.707581 42.78
74.771346 42.78
74.829832 42.22
74.888351 42.22
74.941958 42.22
75.005959 42.78
75.085477 42.78
75.154354 42.78
75.219711 42.22
75.274728 42.22
75.343352 42.78
75.393962 42.22
75.462838 42.78
75.514473 42.22
75.578611 42.22
75.632633 42.22
75.686341 42.22
75.750348 42.22
75.814482 42.78
75.884872 42.78
75.939872 42.22
75.985342 42.22
76.035967 42.22
76.094468 42.78
76.163968 42.22
76.222981 42.22
76.292846 42.22
76.358489 42.78
76.422346 42.78
76.482223 42.22
76.540721 42.78
76.604346 42.22
76.658847 42.22
76.727487 42.22
76.801375 42.78
76.851974 42.22
76.915489 42.22
76.979254 42.22
77.032477 42.22
77.096379 42.22
77.170226 42.22
77.239357 42.22
77.308731 42.22
77.362370 42.22
77.426357 42.22
77.491729 42.22
77.545373 42.22
77.610605 42.22
77.674234 42.22
77.727484 42.22
77.801234 42.22
77.854732 42.22
77.920233 42.22
77.973735 42.22
78.025112 42.22
78.083739 42.22
78.144264 42.22
78.197737 42.22
78.249117 42.22
78.307861 42.22
78.357738 42.22
78.407737 42.22
78.478113 42.22
78.528865 42.22
78.597864 42.22
78.666740 42.22
78.735865 42.22
78.799368 42.22
78.868385 42.22
78.937270 42.22
78.989775 42.22
79.035624 42.22
79.094520 42.22
79.148387 42.22
79.217280 42.22
79.291275 42.22
79.356125 42.22
79.430262 42.22
79.504246 42.22
79.568260 42.22
79.642125 42.22
79.695388 42.22
79.754266 42.22
79.818274 42.22
79.887163 42.22
79.940513 42.22
79.999265 42.22
80.073155 42.22
8