0.000000 0.000000
0.074300 0.88
0.134056 0.89
0.199041 0.87
0.258275 0.89
0.317022 0.89
0.380881 0.89
0.454882 0.89
0.523883 0.90
0.592883 0.90
0.661885 0.88
0.737035 0.89
0.802036 0.88
0.882430 0.89
0.953058 0.79
1.013800 0.79
1.073166 0.80
1.122772 0.79
1.201888 0.78
1.279404 0.78
1.337889 0.79
1.402307 0.77
1.462057 0.79
1.522810 0.79
1.600408 0.78
1.658891 0.78
1.727894 0.79
1.791775 0.79
1.855919 0.78
1.919773 0.78
1.983920 0.78
2.047921 0.78
2.106774 0.79
2.170920 0.79
2.234776 0.78
2.298778 0.78
2.362780 0.77
2.426777 0.78
2.490786 0.79
2.563524 0.78
2.635779 0.78
2.699785 0.79
2.763786 0.78
2.836527 0.79
2.908779 0.79
2.972785 0.77
3.036929 0.79
3.100785 0.77
3.164929 0.79
3.223785 0.77
3.288055 0.78
3.342785 0.78
3.411785 0.79
3.480929 0.78
3.539817 0.80
3.598817 0.78
3.657818 0.78
3.716934 0.79
3.775935 0.80
3.834933 0.80
3.893818 0.77
3.952817 0.80
4.011816 0.79
4.070814 0.80
4.129936 0.79
4.188807 0.79
4.247804 0.80
4.306789 0.79
4.370664 0.79
4.444790 0.80
4.508790 0.79
4.572791 0.79
4.636791 0.79
4.700792 0.77
4.759792 0.80
4.823793 0.79
4.887793 0.78
4.951794 0.78
5.015794 0.79
5.074795 0.80
5.138795 0.79
5.202796 0.79
5.266796 0.78
5.330797 0.78
5.389797 0.77
5.453798 0.78
5.517798 0.79
5.581673 0.78
5.650800 0.81
5.714800 0.77
5.778800 0.79
5.837800 0.78
5.901801 0.78
5.960828 0.79
6.019953 0.78
6.079803 0.77
6.138954 0.77
6.193806 0.79
6.257805 0.80
6.321805 0.79
6.376555 0.77
6.435070 0.78
6.493680 0.76
6.549955 0.78
6.600557 0.77
6.655070 0.78
6.713557 0.80
6.774960 0.78
6.829433 0.78
6.884076 0.78
6.942559 0.79
7.013076 0.78
7.071560 0.77
7.141936 0.77
7.211324 0.77
7.264815 0.78
7.314688 0.78
7.374563 0.79
7.439564 0.78
7.498077 0.78
7.572205 0.77
7.625565 0.80
7.694315 0.79
7.758080 0.79
7.816691 0.78
7.880442 0.78
7.954693 0.79
8.018567 0.78
8.087335 0.78
8.151694 0.80
8.215569 0.79
8.284335 0.79
8.348087 0.78
8.408211 0.77
8.466848 0.79
8.522336 0.78
8.577212 0.79
8.637448 0.78
8.697698 0.79
8.761449 0.79
8.821699 0.79
8.885450 0.79
8.955466 0.79
9.000340 0.80
9.064093 0.79
9.124343 0.78
9.176844 0.78
9.235578 0.79
9.295845 0.79
9.345578 0.79
9.401846 0.79
9.456455 0.80
9.526472 0.79
9.573845 0.77
9.623456 0.79
9.684846 0.79
9.739582 0.78
9.795848 0.79
9.850458 0.77
9.911850 0.78
9.966458 0.78
10.035584 0.79
10.100461 0.78
10.156461 0.77
10.216460 0.78
10.285711 0.78
10.349461 0.77
10.419463 0.79
10.483462 0.80
10.557463 0.80
10.631589 0.79
10.700339 0.79
10.774465 0.77
10.848465 0.80
10.922716 0.78
10.986592 0.78
11.055592 0.79
11.124468 0.80
11.198468 0.78
11.272719 0.78
11.336469 0.77
11.410470 0.80
11.484470 0.79
11.558471 0.79
11.627471 0.78
11.691473 0.78
11.755598 0.78
11.819473 0.79
11.883599 0.79
11.947599 0.78
12.011600 0.78
12.075601 0.79
12.139601 0.79
12.203726 0.79
12.262601 0.76
12.326478 0.78
12.390478 0.78
12.454478 0.79
12.518604 0.79
12.582480 0.79
12.646480 0.78
12.710481 0.78
12.774481 0.78
12.838482 0.78
12.902608 0.79
12.966733 0.79
13.021483 0.77
13.085609 0.78
13.149484 0.78
13.213484 0.78
13.277610 0.79
13.341486 0.79
13.405487 0.79
13.469487 0.78
13.533612 0.78
13.597612 0.78
13.661488 0.77
13.725489 0.77
13.789489 0.77
13.853490 0.79
13.917490 0.79
13.981615 0.78
14.040616 0.78
14.104492 0.79
14.168493 0.79
14.232493 0.77
14.296743 0.79
14.366018 0.80
14.425619 0.77
14.489494 0.77
14.553620 0.78
14.617496 0.79
14.681746 0.79
14.745621 0.78
14.804622 0.79
14.855250 0.79
14.909874 0.78
14.963498 0.77
15.027624 0.77
15.081016 0.78
15.140876 0.79
15.206253 0.77
15.260876 0.79
15.326255 0.78
15.380878 0.78
15.441255 0.80
15.495878 0.79
15.550879 0.79
15.616257 0.78
15.665880 0.79
15.735396 0.80
15.799396 0.80
15.859283 0.78
15.908756 0.78
15.972382 0.80
16.041274 0.77
16.111273 0.79
16.166383 0.79
16.231274 0.79
16.294885 0.80
16.353385 0.80
16.422275 0.78
16.499152 0.78
16.567887 0.78
16.621387 0.78
16.690279 0.77
16.753888 0.79
16.831278 0.78
16.903280 0.78
16.966890 0.79
17.027279 0.79
17.099280 0.79
17.162891 0.79
17.217891 0.77
17.272892 0.77
17.336920 0.78
17.411519 0.78
17.470519 0.79
17.529283 0.78
17.593519 0.78
17.652520 0.79
17.707521 0.79
17.770646 0.78
17.848522 0.78
17.907522 0.79
17.962522 0.79
18.017523 0.79
18.076524 0.78
18.131524 0.79
18.182165 0.79
18.237289 0.79
18.309926 0.79
18.366158 0.79
18.420778 0.80
18.477180 0.78
18.528169 0.76
18.579159 0.79
18.630159 0.79
18.685054 0.77
18.745052 0.78
18.819530 0.79
18.879159 0.79
18.933785 0.78
18.997786 0.79
19.072407 0.80
19.136034 0.79
19.204657 0.78
19.268158 0.79
19.336785 0.79
19.395159 0.78
19.463786 0.79
19.522160 0.78
19.590787 0.79
19.649160 0.78
19.717787 0.79
19.776162 0.78
19.844788 0.78
19.899663 0.77
19.963163 0.77
20.031790 0.79
20.086664 0.78
20.146664 0.78
20.206666 0.79
20.266665 0.78
20.326665 0.79
20.386667 0.78
20.446667 0.79
20.506667 0.80
20.566668 0.76
20.626668 0.79
20.685043 0.77
20.746419 0.77
20.806046 0.78
20.854170 0.79
20.910420 0.76
20.970048 0.79
21.024546 0.78
21.088047 0.79
21.149422 0.79
21.209050 0.77
21.263549 0.79
21.327049 0.77
21.395675 0.80
21.454051 0.80
21.522676 0.78
21.581052 0.76
21.649676 0.78
21.708053 0.78
21.776678 0.79
21.835054 0.78
21.903678 0.80
21.962055 0.77
22.030679 0.79
22.089055 0.78
22.157681 0.79
22.216056 0.78
22.284682 0.78
22.343057 0.80
22.411683 0.78
22.470059 0.79
22.538684 0.78
22.593684 0.76
22.652060 0.78
22.720685 0.80
22.779062 0.78
22.847686 0.78
22.906062 0.77
22.974687 0.78
23.029563 0.79
23.089564 0.79
23.153064 0.77
23.213189 0.77
23.276690 0.79
23.335065 0.79
23.395191 0.78
23.446316 0.77
23.505943 0.80
23.560442 0.79
23.623943 0.79
23.685318 0.79
23.744945 0.79
23.793069 0.79
23.849319 0.77
23.899946 0.79
23.954445 0.78
24.017945 0.78
24.079322 0.78
24.129954 0.79
24.184446 0.77
24.247947 0.80
24.316572 0.79
24.374949 0.78
24.443573 0.77
24.501950 0.79
24.570575 0.78
24.628951 0.78
24.697576 0.77
24.755951 0.79
24.824577 0.79
24.882953 0.78
24.951578 0.79
25.009953 0.79
25.078579 0.78
25.136955 0.79
25.205580 0.79
25.263956 0.79
25.332581 0.78
25.392706 0.80
25.452833 0.77
25.512958 0.79
25.581584 0.78
25.636458 0.78
25.696459 0.79
25.756460 0.79
25.816460 0.78
25.876460 0.80
25.936462 0.78
25.999962 0.79
26.069839 0.79
26.117963 0.78
26.187839 0.79
26.235964 0.79
26.292214 0.78
26.350589 0.79
26.405465 0.79
26.463841 0.79
26.529091 0.78
26.580216 0.78
26.638592 0.78
26.696968 0.79
26.753218 0.78
26.803843 0.78
26.858344 0.78
26.921847 0.79
26.978220 0.79
27.032720 0.78
27.092346 0.78
27.155847 0.79
27.217222 0.79
27.267849 0.78
27.322347 0.78
27.385849 0.78
27.454473 0.78
27.512851 0.80
27.581474 0.78
27.639850 0.79
27.708475 0.79
27.772602 0.79
27.836478 0.78
27.900353 0.79
27.964479 0.78
28.017882 0.78
28.087004 0.79
28.156244 0.79
28.230731 0.78
28.300247 0.78
28.369481 0.78
28.424357 0.80
28.479482 0.78
28.534357 0.78
28.597859 0.79
28.666482 0.78
28.721359 0.79
28.781359 0.79
28.841359 0.80
28.901360 0.79
28.961360 0.78
29.021361 0.78
29.079737 0.78
29.144987 0.78
29.196113 0.79
29.255739 0.78
29.310238 0.79
29.373739 0.77
29.438990 0.78
29.497365 0.80
29.555740 0.79
29.617116 0.80
29.667742 0.78
29.722242 0.79
29.785742 0.78
29.854369 0.79
29.912743 0.77
29.981370 0.78
30.039744 0.78
30.108370 0.78
30.166745 0.79
30.235371 0.79
30.293746 0.79
30.362372 0.78
30.420873 0.79
30.484373 0.79
30.542748 0.78
30.611374 0.80
30.669749 0.78
30.738375 0.79
30.796749 0.79
30.865376 0.78
30.923751 0.79
30.992376 0.78
31.052627 0.80
31.112753 0.77
31.181378 0.79
31.236379 0.78
31.294754 0.77
31.363380 0.80
31.418380 0.79
31.476755 0.79
31.545382 0.78
31.614132 0.78
31.677633 0.77
31.737632 0.78
31.802884 0.78
31.857884 0.80
31.912887 0.77
31.963636 0.79
32.011760 0.79
32.068010 0.79
32.126386 0.80
32.186137 0.80
32.249637 0.80
32.311012 0.79
32.370640 0.80
32.425138 0.78
32.488639 0.79
32.557265 0.77
32.615640 0.79
32.684266 0.78
32.742641 0.79
32.811267 0.77
32.869642 0.78
32.938268 0.79
33.023921 0.79
33.082773 0.78
33.146774 0.80
33.210775 0.78
33.274776 0.78
33.338776 0.78
33.406288 0.78
33.470289 0.79
33.542784 0.78
33.606808 0.80
33.674290 0.77
33.751784 0.78
33.826051 0.79
33.895292 0.78
33.959291 0.77
34.023293 0.78
34.082291 0.76
34.146291 0.79
34.210295 0.79
34.279169 0.78
34.348295 0.79
34.412296 0.79
34.476056 0.79
34.534531 0.78
34.595931 0.78
34.645532 0.78
34.706932 0.78
34.756534 0.78
34.817932 0.79
34.867534 0.78
34.938299 0.78
34.991786 0.79
35.046537 0.78
35.101062 0.78
35.153936 0.79
35.212537 0.79
35.273938 0.80
35.332538 0.78
35.402939 0.80
35.466664 0.77
35.530539 0.79
35.604415 0.77
35.663180 0.78
35.716540 0.77
35.785666 0.77
35.849667 0.79
35.913668 0.77
35.977668 0.77
36.041544 0.79
36.110669 0.78
36.174670 0.79
36.238670 0.80
36.302671 0.79
36.366671 0.79
36.430671 0.78
36.494548 0.79
36.563673 0.78
36.627548 0.77
36.701673 0.78
36.765674 0.80
36.829675 0.78
36.893550 0.79
36.962316 0.79
37.012318 0.79
37.081427 0.79
37.146819 0.77
37.203452 0.79
37.250819 0.79
37.309553 0.78
37.365821 0.79
37.415430 0.79
37.476823 0.77
37.526555 0.79
37.582824 0.80
37.637556 0.79
37.693823 0.79
37.743432 0.79
37.808449 0.79
37.868433 0.80
37.933451 0.79
37.989449 0.79
38.044076 0.79
38.102434 0.77
38.176435 0.79
38.246436 0.79
38.302437 0.79
38.371438 0.79
38.441439 0.79
38.497440 0.79
38.557439 0.79
38.631440 0.78
38.701441 0.79
38.761440 0.79
38.835441 0.79
38.909566 0.79
38.978442 0.78
39.052443 0.79
39.126694 0.78
39.190569 0.79
39.259569 0.78
39.323445 0.80
39.397446 0.79
39.471445 0.79
39.545447 0.79
39.619448 0.80
39.693698 0.80
39.752573 0.77
39.816574 0.79
39.880574 0.78
39.944450 0.78
40.008700 0.77
40.067451 0.78
40.131576 0.78
40.195576 0.79
40.259577 0.79
40.323703 0.80
40.382454 0.78
40.451579 0.78
40.515454 0.79
40.579455 0.78
40.643456 0.79
40.707456 0.78
40.771581 0.78
40.835457 0.77
40.899457 0.78
40.963583 0.79
41.027583 0.78
41.091459 0.78
41.155460 0.79
41.219710 0.78
41.288837 0.79
41.352837 0.79
41.416838 0.79
41.480838 0.79
41.544839 0.78
41.608989 0.78
41.672990 0.79
41.736840 0.77
41.800840 0.79
41.864841 0.78
41.928990 0.77
41.992842 0.78
42.056843 0.77
42.120992 0.78
42.184844 0.77
42.243844 0.80
42.307845 0.79
42.371845 0.77
42.440846 0.79
42.504846 0.79
42.574361 0.79
42.632987 0.80
42.686472 0.78
42.739988 0.78
42.803849 0.79
42.867850 0.79
42.931850 0.78
42.995999 0.78
43.049475 0.79
43.102991 0.77
43.166852 0.78
43.226852 0.79
43.292230 0.80
43.340602 0.79
43.389992 0.78
43.449854 0.79
43.519368 0.79
43.588479 0.78
43.652480 0.76
43.716481 0.79
43.775481 0.78
43.834481 0.78
43.898607 0.79
43.967885 0.79
44.033260 0.78
44.082885 0.79
44.146887 0.79
44.210887 0.79
44.274887 0.79
44.338887 0.80
44.408486 0.78
44.472487 0.78
44.531487 0.78
44.590488 0.77
44.654612 0.77
44.723890 0.79
44.798489 0.80
44.857489 0.79
44.916379 0.77
44.980257 0.78
45.049382 0.77
45.108130 0.78
45.168380 0.77
45.227381 0.78
45.286258 0.78
45.350257 0.78
45.419260 0.79
45.482886 0.77
45.532884 0.77
45.592887 0.80
45.667262 0.78
45.731387 0.79
45.790264 0.78
45.859264 0.78
45.922890 0.79
45.981748 0.80
46.036748 0.78
46.095388 0.79
46.159266 0.78
46.224132 0.78
46.293265 0.78
46.358133 0.78
46.407752 0.78
46.466393 0.79
46.526135 0.79
46.575753 0.79
46.634392 0.78
46.698269 0.79
46.763132 0.79
46.812755 0.77
46.881756 0.78
46.940381 0.78
46.995132 0.78
47.049757 0.79
47.108383 0.78
47.172022 0.79
47.240759 0.80
47.299384 0.79
47.363026 0.77
47.437277 0.77
47.506277 0.78
47.575038 0.79
47.652011 0.80
47.712137 0.78
47.780768 0.78
47.839138 0.79
47.913044 0.79
47.982280 0.78
48.042641 0.78
48.106516 0.78
48.170282 0.78
48.229284 0.79
48.293158 0.78
48.356771 0.79
48.431162 0.78
48.495399 0.77
48.549286 0.79
48.603288 0.79
48.662160 0.78
48.731164 0.78
48.800651 0.78
48.870058 0.77
48.929166 0.78
48.998165 0.78
49.067530 0.79
49.126652 0.79
49.185651 0.78
49.239292 0.79
49.298170 0.79
49.367312 0.79
49.432305 0.79
49.491531 0.78
49.557061 0.78
49.621296 0.79
49.684932 0.78
49.754056 0.78
49.823295 0.79
49.887061 0.80
49.953204 0.78
50.028662 0.78
50.098410 0.79
50.163938 0.79
50.233306 0.78
50.294180 0.79
50.358178 0.77
50.417302 0.78
50.481177 0.80
50.545422 0.79
50.605186 0.77
50.664415 0.79
50.730179 0.80
50.794065 0.79
50.853424 0.79
50.913044 0.79
50.972417 0.78
51.036541 0.78
51.091416 0.78
51.166549 0.78
51.232670 0.79
51.297419 0.78
51.356543 0.78
51.410191 0.77
51.464190 0.79
51.523311 0.78
51.578309 0.77
51.633312 0.77
51.688312 0.78
51.743424 0.80
51.807548 0.79
51.871951 0.79
51.936422 0.77
52.006094 0.79
52.081554 0.79
52.140552 0.77
52.199954 0.79
52.259076 0.78
52.323192 0.79
52.377457 0.78
52.440056 0.79
52.499317 0.79
52.560334 0.79
52.625348 0.79
52.690447 0.78
52.750345 0.78
52.810228 0.79
52.875202 0.79
52.939947 0.78
53.006341 0.80
53.076330 0.78
53.140434 0.77
53.204440 0.80
53.267933 0.79
53.341933 0.78
53.411089 0.78
53.470185 0.80
53.528559 0.79
53.586935 0.76
53.660812 0.79
53.734839 0.79
53.808856 0.78
53.877562 0.79
53.932437 0.78
54.006938 0.77
54.070942 0.79
54.134439 0.79
54.194443 0.79
54.263315 0.77
54.326818 0.77
54.386818 0.79
54.460841 0.78
54.520819 0.78
54.582196 0.78
54.637210 0.80
54.692694 0.77
54.747582 0.78
54.818698 0.77
54.887846 0.79
54.946947 0.77
55.015851 0.78
55.079823 0.78
55.141201 0.78
55.191824 0.78
55.251948 0.78
55.315462 0.80
55.389949 0.79
55.448826 0.78
55.522700 0.79
55.588326 0.79
55.657327 0.78
55.715998 0.78
55.774462 0.78
55.828116 0.79
55.897329 0.78
55.955835 0.79
56.029832 0.78
56.098831 0.80
56.167707 0.79
56.233456 0.78
56.293707 0.78
56.363107 0.78
56.426711 0.79
56.492333 0.78
56.557960 0.76
56.622723 0.79
56.672459 0.79
56.727335 0.78
56.787336 0.78
56.847335 0.79
56.910865 0.78
56.965961 0.79
57.019213 0.79
57.077839 0.78
57.147356 0.78
57.205713 0.78
57.270990 0.78
57.330716 0.78
57.385215 0.78
57.448715 0.79
57.513720 0.77
57.568219 0.79
57.631717 0.79
57.696724 0.79
57.751218 0.79
57.814719 0.79
57.883344 0.78
57.941719 0.79
58.010345 0.78
58.068721 0.79
58.138123 0.79
58.197120 0.77
58.260725 0.79
58.329990 0.77
58.388349 0.77
58.446724 0.78
58.511726 0.80
58.566229 0.78
58.629725 0.78
58.698350 0.78
58.756726 0.79
58.825352 0.78
58.883727 0.79
58.952353 0.78
59.010728 0.78
59.079995 0.78
59.143605 0.79
59.208882 0.79
59.267856 0.78
59.332004 0.79
59.391637 0.78
59.441248 0.77
59.501249 0.78
59.561251 0.80
59.635378 0.77
59.699360 0.77
59.755640 0.78
59.804251 0.77
59.859485 0.78
59.912004 0.79
59.966737 0.77
60.031643 0.79
60.081255 0.78
60.139738 0.78
60.203738 0.79
60.255006 0.79
60.309740 0.78
60.373739 0.77
60.437615 0.78
60.499008 0.78
60.553741 0.80
60.622742 0.77
60.686617 0.80
60.755372 0.79
60.814259 0.78
60.883137 0.78
60.947259 0.79
61.016259 0.79
61.069745 0.78
61.128370 0.77
61.192260 0.78
61.256274 0.78
61.330747 0.78
61.394498 0.79
61.453267 0.78
61.522140 0.79
61.580749 0.78
61.645164 0.79
61.714750 0.78
61.773376 0.78
61.837142 0.78
61.897377 0.79
61.961145 0.78
62.025761 0.78
62.086883 0.79
62.150754 0.78
62.209270 0.79
62.264255 0.78
62.319271 0.78
62.374256 0.78
62.429148 0.79
62.489274 0.79
62.544147 0.78
62.602511 0.79
62.662634 0.78
62.717759 0.79
62.768884 0.78
62.828538 0.79
62.876635 0.77
62.936761 0.79
62.989539 0.78
63.044011 0.79
63.107770 0.78
63.158888 0.79
63.218513 0.79
63.273013 0.77
63.347040 0.79
63.405772 0.79
63.464155 0.78
63.522640 0.78
63.586516 0.79
63.651519 0.78
63.706032 0.80
63.764517 0.78
63.828775 0.77
63.887518 0.78
63.956518 0.79
64.025282 0.78
64.083644 0.78
64.160907 0.78
64.230057 0.78
64.294147 0.78
64.352647 0.79
64.416397 0.78
64.476779 0.78
64.536035 0.78
64.595784 0.78
64.654652 0.78
64.713292 0.78
64.768650 0.78
64.827651 0.79
64.896792 0.78
64.952279 0.80
65.016153 0.78
65.071169 0.79
65.126055 0.79
65.186171 0.78
65.241295 0.78
65.310658 0.79
65.374656 0.78
65.429655 0.78
65.493281 0.78
65.551933 0.79
65.615419 0.79
65.679662 0.78
65.738409 0.78
65.807659 0.78
65.858785 0.78
65.908285 0.77
65.964660 0.78
66.014959 0.78
66.074177 0.78
66.137929 0.78
66.196412 0.78
66.270412 0.79
66.344428 0.79
66.418413 0.79
66.487038 0.80
66.540540 0.78
66.609415 0.78
66.683416 0.78
66.747181 0.79
66.800667 0.78
66.859542 0.78
66.923167 0.78
66.976668 0.79
67.035293 0.78
67.104544 0.78
67.163545 0.78
67.227545 0.77
67.291546 0.78
67.350421 0.78
67.419546 0.77
67.478548 0.78
67.542423 0.79
67.611423 0.77
67.685424 0.79
67.759424 0.78
67.823845 0.80
67.887960 0.78
67.946801 0.77
68.010300 0.78
68.075426 0.78
68.144051 0.77
68.202433 0.78
68.262561 0.78
68.317861 0.77
68.373054 0.78
68.431429 0.78
68.496333 0.78
68.550431 0.79
68.619556 0.77
68.683557 0.79
68.747432 0.77
68.807309 0.79
68.863336 0.78
68.910683 0.77
68.965434 0.78
69.025340 0.78
69.081340 0.78
69.137338 0.79
69.193339 0.78
69.249343 0.78
69.305341 0.77
69.361340 0.80
69.417341 0.80
69.486438 0.79
69.555439 0.77
69.614075 0.79
69.679316 0.77
69.739315 0.76
69.808315 0.78
69.871940 0.78
69.930441 0.79
69.993943 0.79
70.052443 0.78
70.116572 0.79
70.180193 0.79
70.249445 0.78
70.313320 0.79
70.382321 0.80
70.445946 0.79
70.509947 0.79
70.573947 0.78
70.637948 0.77
70.701824 0.78
70.757118 0.78
70.821577 0.78
70.885450 0.79
70.949575 0.79
71.013450 0.79
71.077451 0.79
71.141327 0.79
71.199952 0.79
71.263857 0.78
71.327858 0.79
71.391859 0.79
71.455858 0.77
71.519705 0.78
71.585233 0.78
71.645349 0.78
71.709581 0.79
71.758956 0.79
71.817331 0.79
71.880833 0.78
71.939207 0.79
72.007834 0.79
72.066208 0.80
72.134835 0.78
72.193209 0.78
72.257461 0.78
72.321461 0.78
72.385227 0.78
72.454461 0.78
72.513462 0.78
72.577229 0.79
72.641464 0.80
72.700339 0.77
72.764589 0.77
72.828465 0.79
72.892232 0.78
72.961470 0.78
73.020467 0.79
73.079467 0.79
73.133468 0.78
73.197109 0.77
73.257469 0.77
73.311905 0.79
73.386473 0.79
73.445345 0.79
73.504471 0.78
73.563346 0.77
73.622347 0.78
73.686472 0.79
73.745348 0.78
73.804473 0.78
73.868364 0.77
73.927474 0.79
73.986241 0.78
74.050475 0.79
74.109351 0.79
74.173351 0.78
74.232477 0.79
74.287477 0.77
74.342478 0.79
74.397353 0.80
74.456228 0.79
74.520479 0.78
74.575246 0.77
74.639480 0.79
74.694245 0.78
74.758246 0.79
74.827356 0.78
74.886232 0.78
74.955358 0.79
75.019358 0.79
75.078001 0.78
75.152485 0.79
75.207484 0.78
75.266362 0.78
75.325486 0.77
75.389486 0.79
75.453361 0.78
75.512004 0.79
75.572487 0.79
75.642515 0.78
75.703490 0.79
75.764009 0.78
75.823490 0.79
75.889615 0.79
75.950621 0.78
76.011008 0.79
76.071491 0.79
76.137386 0.78
76.196134 0.79
76.259743 0.77
76.320494 0.78
76.394637 0.79
76.460012 0.79
76.529500 0.78
76.598498 0.77
76.662247 0.78
76.717622 0.79
76.776286 0.78
76.840258 0.78
76.899623 0.77
76.958500 0.78
77.022000 0.77
77.083376 0.78
77.137505 0.80
77.206511 0.79
77.265130 0.80
77.321386 0.79
77.375884 0.79
77.436003 0.79
77.491003 0.79
77.559627 0.78
77.618023 0.78
77.679379 0.79
77.730006 0.80
77.784504 0.80
77.848005 0.78
77.916635 0.78
77.975006 0.80
78.045038 0.78
78.113883 0.79
78.182509 0.78
78.241150 0.79
78.310048 0.78
78.373634 0.77
78.432020 0.79
78.498638 0.77
78.557146 0.78
78.620645 0.78
78.679137 0.77
78.742637 0.78
78.801013 0.78
78.869638 0.79
78.924638 0.77
78.979639 0.78
79.039930 0.78
79.103644 0.77
79.158640 0.78
79.213644 0.78
79.283268 0.78
79.333018 0.79
79.393654 0.79
79.462933 0.79
79.527408 0.78
79.581648 0.78
79.650935 0.79
79.715288 0.78
79.764941 0.78
79.821289 0.79
79.870939 0.79
79.935054 0.79
79.989040 0.78
80.040272 0.77
80.095024 0.79
80.159907 0.78
80.219053 0.77
80.282901 0.79
80.344275 0.77
80.394903 0.79
80.450928 0.77
80.505651 0.78
80.564079 0.79
80.614409 0.77
80.673030 0.77
80.727034 0.77
80.790531 0.79
80.849039 0.79
80.912906 0.79
80.981530 0.78
81.039906 0.79
81.108535 0.78
81.166907 0.78
81.235533 0.79
81.299408 0.78
81.359533 0.77
81.417910 0.78
81.486539 0.78
81.550412 0.79
81.613920 0.79
81.682536 0.78
81.737536 0.80
81.795912 0.78
81.864539 0.79
81.919544 0.79
81.974413 0.79
82.034413 0.78
82.094414 0.78
82.154418 0.79
82.214415 0.78
82.274416 0.79
82.339920 0.79
82.400047 0.79
82.453294 0.79
82.516992 0.79
82.582811 0.79
82.637838 0.79
82.694187 0.77
82.748939 0.79
82.807939 0.78
82.871826 0.77
82.940826 0.78
82.997181 0.78
83.062548 0.79
83.136924 0.79
83.205674 0.79
83.274924 0.79
83.338925 0.79
83.408051 0.77
83.466425 0.78
83.524832 0.78
83.593948 0.79
83.649303 0.78
83.718303 0.78
83.781969 0.78
83.856993 0.78
83.915806 0.79
83.989936 0.77
84.053682 0.78
84.119431 0.78
84.177834 0.79
84.252100 0.78
84.306934 0.79
84.375825 0.79
84.440225 0.78
84.503689 0.78
84.572440 0.78
84.636444 0.78
84.691310 0.78
84.765311 0.78
84.828841 0.78
84.897937 0.78
84.967092 0.77
85.021822 0.78
85.085692 0.79
85.154964 0.77
85.218844 0.78
85.282941 0.78
85.343461 0.79
85.398232 0.80
85.472869 0.79
85.536985 0.