0.000000 0.000000
0.084720 0.89
0.160590 0.89
0.220105 0.88
0.279347 0.88
0.338583 0.89
0.402709 0.89
0.466584 0.89
0.540585 0.88
0.599226 0.90
0.668351 0.90
0.727508 0.89
0.792753 0.89
0.859612 0.90
0.919357 0.78
0.984362 0.79
1.049093 0.79
1.113590 0.79
1.172715 0.78
1.241591 0.79
1.307114 0.78
1.381499 0.79
1.441227 0.78
1.495362 0.79
1.549595 0.78
1.610359 0.79
1.674119 0.78
1.748118 0.78
1.822119 0.79
1.896121 0.79
1.965361 0.79
2.029124 0.77
2.093363 0.79
2.157236 0.79
2.226125 0.78
2.295125 0.79
2.364239 0.79
2.428126 0.78
2.492239 0.79
2.552726 0.78
2.616602 0.78
2.675116 0.78
2.739118 0.78
2.808103 0.79
2.871980 0.81
2.935980 0.79
2.999981 0.79
3.063981 0.80
3.127982 0.77
3.191605 0.78
3.249982 0.78
3.318606 0.78
3.376983 0.78
3.445607 0.79
3.503983 0.79
3.572608 0.79
3.630985 0.79
3.699609 0.78
3.757986 0.78
3.826610 0.78
3.884988 0.77
3.953611 0.79
4.011992 0.78
4.075612 0.79
4.133988 0.78
4.202613 0.79
4.260990 0.78
4.329614 0.79
4.388256 0.79
4.451993 0.78
4.520993 0.79
4.589994 0.78
4.659118 0.79
4.728257 0.78
4.792022 0.78
4.861134 0.79
4.925012 0.78
4.994262 0.78
5.054137 0.77
5.118135 0.78
5.182138 0.79
5.245999 0.78
5.309999 0.79
5.374000 0.77
5.438000 0.78
5.497001 0.79
5.561002 0.78
5.625002 0.79
5.689003 0.79
5.753003 0.79
5.812004 0.79
5.876004 0.79
5.940005 0.79
6.004005 0.80
6.068006 0.78
6.127007 0.78
6.191007 0.77
6.255007 0.77
6.319007 0.78
6.383008 0.78
6.442009 0.79
6.506010 0.79
6.570010 0.79
6.634010 0.78
6.698011 0.79
6.757012 0.78
6.821012 0.78
6.880039 0.78
6.939013 0.79
7.003012 0.79
7.067013 0.79
7.131013 0.79
7.195014 0.78
7.254165 0.79
7.318015 0.79
7.382015 0.78
7.446016 0.76
7.510016 0.79
7.569017 0.80
7.633017 0.79
7.697018 0.80
7.761019 0.79
7.825019 0.79
7.884020 0.79
7.948019 0.78
8.006770 0.79
8.075770 0.78
8.135770 0.78
8.192146 0.79
8.251771 0.77
8.320772 0.79
8.389523 0.79
8.447897 0.77
8.508024 0.78
8.559148 0.78
8.609776 0.77
8.660776 0.78
8.715274 0.79
8.778776 0.78
8.848778 0.79
8.903277 0.79
8.966777 0.78
9.028153 0.78
9.078780 0.77
9.133278 0.79
9.196778 0.79
9.265404 0.79
9.323779 0.79
9.392406 0.78
9.450781 0.78
9.524656 0.78
9.593281 0.79
9.656782 0.79
9.725408 0.79
9.783783 0.79
9.852409 0.79
9.910784 0.78
9.979410 0.79
10.037785 0.79
10.106411 0.78
10.164786 0.79
10.238661 0.79
10.298787 0.78
10.367412 0.78
10.425788 0.78
10.494414 0.78
10.549290 0.79
10.609290 0.78
10.669290 0.78
10.729291 0.76
10.789292 0.80
10.847667 0.79
10.909043 0.79
10.967418 0.79
11.030918 0.77
11.099668 0.79
11.164919 0.79
11.219920 0.79
11.271047 0.79
11.321672 0.79
11.369796 0.80
11.426048 0.80
11.476673 0.79
11.531172 0.79
11.594672 0.79
11.664675 0.77
11.719174 0.79
11.782674 0.79
11.851300 0.79
11.909675 0.78
11.979677 0.80
12.034177 0.78
12.097677 0.78
12.166320 0.78
12.224678 0.79
12.298555 0.78
12.367446 0.79
12.436206 0.79
12.494805 0.79
12.558681 0.80
12.627806 0.78
12.696682 0.78
12.765325 0.79
12.834209 0.79
12.887936 0.78
12.949939 0.78
13.008685 0.79
13.072449 0.78
13.122451 0.79
13.194562 0.77
13.263452 0.79
13.322087 0.78
13.382453 0.79
13.432454 0.78
13.482455 0.77
13.532455 0.78
13.591090 0.80
13.654815 0.77
13.713816 0.78
13.777692 0.79
13.837944 0.80
13.919944 0.79
13.978692 0.78
14.043570 0.78
14.090945 0.77
14.145569 0.79
14.214820 0.79
14.265947 0.79
14.320695 0.79
14.389820 0.79
14.449574 0.78
14.505573 0.80
14.561574 0.79
14.617575 0.78
14.673575 0.79
14.733699 0.78
14.802700 0.78
14.866576 0.78
14.936577 0.79
15.005701 0.79
15.070578 0.80
15.139577 0.78
15.208702 0.78
15.277579 0.79
15.351579 0.79
15.425829 0.78
15.489705 0.78
15.558830 0.79
15.622581 0.78
15.696581 0.77
15.770582 0.78
15.844583 0.79
15.918708 0.79
15.987708 0.79
16.056584 0.78
16.120585 0.77
16.184586 0.78
16.248586 0.77
16.312712 0.79
16.376587 0.78
16.440838 0.78
16.504588 0.79
16.568589 0.79
16.632589 0.78
16.696590 0.79
16.760590 0.79
16.824591 0.77
16.888842 0.79
16.943592 0.78
17.007717 0.78
17.071592 0.78
17.135593 0.79
17.195484 0.77
17.251484 0.77
17.307486 0.78
17.356987 0.78
17.420989 0.78
17.484989 0.78
17.549123 0.77
17.612974 0.77
17.677123 0.79
17.741123 0.76
17.796125 0.79
17.850975 0.78
17.914975 0.78
17.984491 0.77
18.053601 0.79
18.117601 0.79
18.181602 0.78
18.245727 0.79
18.309853 0.79
18.379120 0.78
18.437980 0.79
18.502120 0.78
18.565981 0.78
18.635496 0.80
18.704607 0.79
18.768607 0.79
18.832370 0.79
18.897606 0.79
18.961607 0.78
19.020108 0.79
19.078486 0.79
19.147109 0.78
19.201985 0.79
19.260485 0.79
19.330361 0.77
19.378485 0.77
19.442987 0.78
19.506487 0.78
19.570112 0.78
19.628487 0.79
19.684737 0.78
19.735364 0.78
19.789863 0.80
19.853364 0.77
19.914739 0.79
19.965365 0.79
20.013491 0.77
20.069741 0.79
20.120367 0.79
20.168492 0.79
20.231993 0.77
20.290368 0.78
20.358995 0.78
20.417369 0.78
20.485996 0.79
20.544370 0.77
20.612997 0.78
20.671371 0.79
20.739997 0.78
20.798372 0.79
20.866999 0.78
20.925373 0.78
20.994000 0.78
21.052374 0.79
21.121001 0.77
21.179376 0.79
21.248002 0.79
21.306375 0.79
21.375003 0.78
21.433377 0.79
21.502004 0.78
21.560378 0.79
21.629005 0.79
21.683879 0.78
21.747380 0.79
21.816006 0.79
21.870880 0.79
21.934382 0.78
22.003009 0.79
22.057881 0.79
22.116257 0.77
22.181508 0.78
22.236509 0.79
22.291510 0.78
22.342634 0.79
22.392011 0.78
22.450385 0.79
22.510510 0.79
22.561635 0.79
22.620014 0.78
22.678387 0.79
22.734638 0.78
22.785264 0.79
22.833388 0.79
22.889639 0.78
22.940266 0.79
22.988390 0.78
23.044641 0.78
23.099140 0.79
23.158765 0.80
23.222266 0.79
23.290891 0.78
23.349268 0.77
23.417893 0.77
23.476269 0.78
23.544894 0.79
23.603269 0.78
23.671895 0.79
23.730270 0.79
23.798896 0.78
23.857272 0.78
23.925897 0.80
23.984272 0.79
24.052898 0.79
24.107899 0.79
24.162899 0.77
24.221275 0.77
24.289899 0.79
24.348416 0.77
24.412178 0.79
24.481165 0.78
24.550179 0.78
24.614420 0.79
24.678178 0.77
24.743655 0.79
24.802296 0.79
24.862656 0.78
24.936656 0.78
24.995424 0.79
25.059423 0.80
25.123181 0.79
25.192182 0.78
25.261422 0.79
25.325185 0.79
25.399427 0.78
25.463176 0.78
25.537186 0.79
25.611427 0.78
25.675188 0.80
25.744188 0.77
25.818179 0.80
25.892427 0.78
25.956188 0.78
26.030179 0.79
26.099431 0.79
26.163192 0.79
26.237307 0.79
26.306193 0.79
26.375431 0.78
26.439434 0.78
26.503314 0.78
26.572185 0.77
26.646559 0.78
26.715795 0.79
26.776075 0.79
26.845074 0.78
26.914187 0.79
26.983187 0.77
27.057048 0.77
27.131048 0.78
27.191190 0.79
27.265050 0.78
27.325190 0.79
27.399053 0.78
27.462800 0.79
27.522677 0.78
27.588055 0.79
27.653553 0.80
27.717203 0.79
27.772203 0.79
27.837680 0.78
27.896205 0.78
27.965055 0.78
28.035681 0.77
28.094208 0.78
28.154682 0.79
28.213447 0.79
28.268057 0.78
28.342209 0.79
28.411211 0.80
28.480086 0.78
28.554088 0.78
28.623087 0.78
28.692088 0.77
28.766211 0.78
28.830213 0.78
28.894087 0.79
28.962689 0.79
29.021064 0.78
29.089690 0.78
29.148089 0.77
29.222217 0.78
29.291218 0.79
29.360217 0.78
29.429216 0.78
29.498219 0.79
29.567218 0.78
29.636092 0.78
29.710220 0.79
29.779096 0.79
29.853097 0.77
29.927222 0.79
29.996098 0.79
30.065221 0.79
30.134099 0.79
30.208096 0.78
30.277100 0.78
30.351226 0.79
30.420100 0.79
30.489224 0.79
30.542577 0.80
30.601104 0.78
30.670218 0.80
30.730578 0.78
30.789219 0.77
30.849579 0.77
30.908220 0.78
30.968704 0.79
31.032455 0.79
31.101471 0.78
31.170581 0.79
31.229108 0.79
31.292958 0.78
31.362108 0.79
31.431109 0.77
31.500110 0.78
31.569111 0.79
31.633109 0.80
31.702111 0.80
31.765963 0.79
31.834962 0.79
31.903962 0.77
31.973114 0.78
32.037114 0.77
32.106113 0.79
32.175231 0.79
32.238965 0.79
32.308115 0.79
32.371966 0.79
32.440968 0.77
32.510118 0.77
32.573969 0.79
32.642969 0.77
32.706969 0.79
32.776119 0.78
32.845121 0.79
32.908971 0.78
32.977974 0.79
33.047122 0.79
33.110975 0.80
33.180124 0.79
33.243977 0.78
33.307974 0.79
33.371974 0.77
33.435976 0.79
33.499976 0.78
33.563976 0.79
33.622976 0.79
33.686977 0.79
33.750977 0.79
33.810004 0.78
33.873982 0.79
33.938004 0.79
34.007009 0.79
34.067480 0.78
34.126007 0.79
34.177246 0.78
34.232008 0.78
34.290982 0.78
34.355107 0.80
34.414107 0.78
34.477999 0.77
34.542108 0.79
34.601001 0.79
34.664988 0.79
34.728986 0.79
34.792986 0.78
34.856986 0.79
34.920987 0.78
34.984987 0.79
35.043988 0.80
35.107988 0.77
35.171989 0.78
35.235990 0.79
35.299990 0.78
35.358991 0.80
35.422991 0.79
35.486991 0.78
35.550992 0.78
35.614993 0.79
35.673993 0.78
35.737993 0.77
35.801994 0.79
35.865995 0.78
35.929995 0.76
35.988996 0.77
36.052996 0.78
36.107747 0.78
36.162387 0.79
36.217622 0.78
36.271013 0.77
36.325749 0.77
36.375389 0.79
36.431776 0.79
36.481392 0.78
36.545391 0.78
36.609390 0.78
36.673391 0.77
36.737390 0.79
36.801390 0.78
36.870266 0.79
36.939393 0.77
37.003394 0.78
37.067396 0.78
37.136270 0.78
37.200395 0.77
37.269397 0.78
37.333397 0.78
37.397395 0.79
37.461397 0.79
37.520032 0.78
37.578632 0.79
37.652884 0.79
37.721883 0.79
37.790885 0.79
37.859885 0.78
37.928885 0.78
37.992886 0.79
38.061887 0.78
38.125513 0.78
38.179030 0.78
38.248277 0.79
38.317278 0.79
38.386405 0.79
38.450405 0.79
38.505530 0.79
38.564282 0.79
38.624531 0.78
38.674532 0.79
38.724533 0.78
38.774533 0.78
38.824533 0.79
38.874532 0.79
38.938158 0.78
38.996769 0.79
39.051895 0.78
39.110770 0.77
39.174770 0.78
39.234672 0.80
39.282049 0.79
39.331896 0.78
39.390647 0.79
39.459648 0.77
39.521048 0.77
39.570899 0.78
39.625677 0.80
39.685776 0.79
39.754650 0.79
39.828651 0.78
39.890051 0.79
39.948652 0.78
40.022652 0.78
40.096653 0.79
40.170779 0.78
40.239654 0.77
40.313780 0.78
40.377780 0.78
40.441656 0.78
40.510656 0.79
40.579782 0.79
40.643783 0.78
40.707658 0.78
40.781784 0.78
40.850659 0.77
40.924660 0.78
40.998660 0.78
41.072661 0.78
41.146662 0.78
41.215787 0.78
41.279663 0.79
41.353788 0.77
41.417663 0.79
41.486789 0.79
41.550665 0.78
41.614666 0.80
41.678665 0.79
41.742666 0.77
41.806792 0.78
41.865668 0.78
41.929668 0.79
41.993793 0.77
42.052669 0.79
42.116669 0.78
42.185795 0.78
42.244671 0.78
42.308671 0.79
42.372547 0.79
42.437549 0.77
42.492186 0.79
42.550798 0.79
42.614673 0.79
42.679553 0.80
42.734049 0.78
42.797675 0.78
42.866567 0.79
42.935201 0.78
42.993676 0.78
43.062568 0.79
43.131203 0.78
43.189553 0.79
43.263554 0.78
43.332205 0.78
43.420055 0.78
43.483555 0.79
43.552207 0.79
43.610681 0.79
43.679682 0.79
43.743208 0.79
43.803449 0.79
43.875683 0.79
43.944684 0.78
44.008685 0.78
44.072685 0.79
44.136686 0.80
44.200686 0.79
44.264687 0.80
44.337089 0.78
44.401086 0.79
44.456089 0.77
44.516689 0.78
44.588944 0.77
44.653089 0.78
44.725816 0.79
44.780691 0.79
44.847690 0.77
44.902691 0.78
44.957691 0.80
45.012692 0.79
45.067692 0.78
45.126068 0.78
45.184444 0.78
45.245818 0.77
45.296445 0.78
45.344570 0.78
45.400820 0.77
45.451447 0.78
45.505947 0.78
45.569447 0.78
45.638072 0.79
45.696447 0.80
45.765073 0.78
45.823448 0.79
45.892074 0.79
45.950450 0.78
46.019075 0.80
46.077450 0.78
46.146076 0.77
46.204577 0.78
46.268077 0.78
46.326452 0.78
46.395078 0.80
46.453454 0.78
46.522079 0.79
46.580455 0.79
46.649080 0.79
46.707456 0.78
46.776081 0.77
46.831082 0.78
46.886082 0.79
46.941083 0.78
46.995959 0.79
47.055960 0.78
47.119459 0.77
47.188084 0.79
47.242961 0.79
47.302962 0.79
47.362962 0.79
47.421461 0.79
47.490087 0.78
47.548462 0.78
47.608587 0.79
47.663588 0.79
47.718589 0.79
47.773589 0.78
47.828590 0.79
47.883590 0.78
47.938590 0.80
47.989716 0.78
48.054596 0.79
48.120379 0.77
48.184486 0.78
48.248719 0.78
48.304005 0.79
48.364849 0.78
48.430351 0.78
48.494847 0.79
48.563973 0.78
48.623605 0.78
48.685152 0.79
48.749725 0.78
48.819003 0.77
48.893988 0.78
48.958854 0.78
49.023242 0.79
49.092851 0.78
49.161977 0.78
49.221858 0.78
49.276152 0.78
49.340605 0.78
49.399604 0.79
49.458495 0.78
49.528862 0.79
49.588374 0.77
49.647500 0.79
49.706606 0.78
49.760621 0.79
49.825864 0.77
49.880022 0.78
49.949609 0.80
50.008502 0.77
50.067744 0.78
50.132865 0.78
50.192019 0.79
50.252265 0.78
50.306013 0.79
50.366308 0.79
50.420741 0.79
50.481381 0.78
50.550614 0.77
50.605613 0.78
50.660744 0.79
50.726276 0.79
50.790615 0.79
50.845615 0.77
50.900615 0.78
50.955877 0.79
51.016748 0.77
51.086620 0.78
51.136512 0.80
51.195618 0.79
51.250749 0.77
51.319871 0.79
51.376745 0.77
51.451149 0.80
51.525751 0.78
51.591874 0.79
51.652515 0.78
51.711622 0.79
51.770623 0.78
51.840410 0.79
51.901630 0.78
51.957394 0.77
52.021518 0.76
52.080625 0.78
52.146131 0.79
52.208397 0.77
52.262392 0.77
52.321268 0.78
52.390518 0.77
52.455164 0.79
52.519396 0.78
52.578395 0.76
52.638879 0.78
52.703417 0.78
52.757403 0.77
52.816404 0.78
52.881392 0.79
52.951764 0.78
53.016760 0.77
53.073638 0.78
53.132266 0.78
53.188520 0.77
53.239145 0.79
53.288896 0.78
53.350416 0.78
53.400644 0.80
53.460409 0.78
53.514406 0.77
53.568527 0.80
53.623764 0.79
53.677138 0.77
53.741274 0.80
53.806153 0.77
53.861277 0.79
53.925640 0.79
53.995051 0.79
54.054284 0.78
54.123643 0.77
54.193179 0.78
54.252284 0.79
54.321159 0.78
54.395519 0.77
54.455644 0.78
54.521227 0.78
54.585435 0.80
54.644163 0.78
54.718023 0.77
54.782288 0.78
54.851165 0.79
54.925024 0.78
54.999308 0.78
55.058165 0.79
55.132025 0.79
55.201400 0.79
55.265178 0.78
55.339152 0.78
55.413528 0.78
55.487653 0.78
55.547653 0.78
55.611297 0.78
55.680284 0.78
55.749155 0.79
55.814530 0.80
55.869530 0.77
55.938532 0.78
56.004062 0.79
56.059423 0.78
56.114438 0.77
56.165051 0.78
56.219534 0.78
56.290659 0.78
56.344041 0.77
56.413178 0.79
56.477062 0.79
56.541067 0.78
56.606661 0.78
56.665162 0.79
56.720429 0.79
56.770068 0.78
56.839218 0.79
56.903305 0.78
56.967040 0.77
57.036416 0.79
57.087071 0.78
57.151046 0.77
57.215436 0.80
57.279559 0.79
57.340322 0.78
57.398917 0.79
57.473070 0.78
57.547055 0.78
57.616170 0.78
57.685186 0.78
57.754314 0.77
57.817922 0.79
57.887053 0.78
57.961048 0.78
58.030048 0.78
58.099049 0.79
58.168050 0.79
58.242204 0.78
58.310925 0.79
58.384926 0.78
58.459207 0.78
58.528052 0.78
58.596937 0.79
58.665935 0.77
58.726183 0.80
58.781178 0.78
58.836179 0.78
58.900939 0.79
58.949055 0.79
59.005305 0.77
59.063680 0.80
59.122056 0.77
59.178307 0.78
59.228940 0.77
59.277057 0.78
59.340557 0.79
59.398936 0.77
59.460313 0.77
59.510940 0.78
59.565560 0.78
59.623937 0.78
59.692561 0.78
59.750939 0.80
59.819562 0.79
59.878566 0.79
59.937067 0.78
60.000564 0.78
60.053947 0.78
60.122565 0.78
60.180947 0.80
60.255078 0.80
60.318569 0.78
60.376947 0.78
60.445569 0.77
60.503948 0.80
60.578358 0.79
60.637950 0.78
60.702230 0.77
60.761100 0.78
60.824949 0.78
60.889100 0.78
60.948496 0.77
60.998573 0.80
61.053705 0.79
61.118217 0.77
61.172958 0.78
61.236699 0.80
61.291574 0.78
61.346574 0.79
61.401449 0.79
61.461450 0.78
61.521450 0.77
61.581451 0.80
61.644953 0.78
61.713577 0.79
61.768452 0.78
61.826986 0.79
61.885986 0.79
61.950096 0.78
62.010331 0.79
62.074455 0.79
62.127831 0.78
62.186972 0.78
62.250994 0.78
62.309989 0.79
62.374083 0.78
62.432833 0.80
62.497863 0.79
62.561834 0.80
62.625988 0.80
62.690113 0.77
62.748836 0.79
62.812989 0.77
62.872161 0.78
62.930991 0.77
62.989588 0.78
63.048354 0.80
63.107105 0.78
63.165995 0.79
63.230090 0.79
63.293991 0.78
63.357841 0.79
63.426993 0.80
63.485592 0.79
63.549592 0.79
63.613468 0.78
63.687724 0.78
63.747848 0.77
63.816472 0.77
63.871348 0.80
63.931348 0.78
63.991474 0.79
64.041597 0.79
64.092752 0.78
64.147364 0.78
64.212743 0.79
64.260847 0.79
64.319241 0.76
64.383229 0.79
64.452726 0.78
64.526725 0.78
64.588129 0.79
64.642851 0.80
64.702757 0.78
64.762232 0.80
64.821363 0.79
64.880010 0.79
64.939103 0.77
64.988853 0.78
65.052729 0.77
65.126735 0.79
65.188110 0.76
65.238735 0.79
65.293234 0.78
65.356734 0.78
65.425359 0.77
65.495384 0.79
65.560024 0.77
65.623734 0.78
65.687860 0.79
65.747765 0.78
65.811389 0.79
65.876035 0.78
65.934862 0.78
65.998737 0.76
66.067505 0.76
66.125863 0.79
66.189614 0.77
66.253368 0.79
66.311864 0.78
66.375615 0.80
66.435866 0.79
66.499616 0.78
66.560206 0.78
66.629260 0.77
66.689368 0.79
66.745648 0.79
66.799119 0.79
66.859494 0.77
66.914495 0.80
66.971026 0.80
67.025746 0.77
67.090627 0.78
67.140371 0.79
67.193871 0.79
67.248628 0.78
67.296026 0.79
67.345878 0.78
67.400654 0.79
67.448028 0.77
67.497874 0.79
67.552655 0.80
67.607142 0.78
67.665626 0.78
67.727002 0.77
67.776626 0.80
67.846656 0.79
67.910268 0.79
67.963628 0.79
68.033659 0.78
68.097629 0.78
68.166397 0.80
68.219880 0.78
68.274660 0.79
68.343631 0.80
68.412399 0.78
68.470882 0.78
68.529507 0.78
68.589397 0.79
68.642882 0.79
68.701634 0.78
68.770258 0.79
68.828763 0.79
68.892264 0.79
68.950639 0.79
69.019263 0.77
69.077639 0.79
69.146265 0.78
69.211055 0.78
69.271766 0.78
69.330889 0.79
69.389639 0.79
69.458765 0.77
69.522903 0.79
69.583772 0.77
69.643163 0.76
69.703769 0.79
69.762643 0.78
69.826768 0.78
69.890907 0.80
69.951775 0.78
70.010773 0.78
70.065895 0.79
70.130175 0.79
70.194049 0.78
70.252941 0.78
70.319036 0.78
70.382527 0.79
70.443901 0.78
70.503528 0.78
70.558027 0.78
70.621649 0.78
70.690650 0.78
70.754651 0.78
70.814555 0.79
70.874776 0.79
70.938527 0.78
71.002781 0.78
71.066779 0.78
71.130778 0.79
71.194654 0.78
71.263654 0.78
71.327780 0.79
71.391781 0.78
71.455656 0.79
71.524782 0.77
71.583184 0.77
71.652034 0.77
71.726036 0.79
71.800035 0.78
71.863533 0.78
71.932158 0.79
71.990535 0.77
72.059186 0.77
72.124333 0.79
72.195558 0.78
72.254416 0.79
72.323789 0.79
72.387539 0.78
72.451664 0.78
72.515665 0.79
72.579543 0.77
72.643666 0.79
72.702666 0.79
72.761667 0.79
72.820792 0.78
72.879543 0.78
72.943793 0.78
73.002544 0.77
73.066669 0.78
73.125436 0.78
73.194545 0.79
73.263437 0.78
73.332671 0.77
73.392440 0.78
73.452427 0.79
73.506925 0.79
73.570427 0.79
73.631800 0.79
73.682429 0.78
73.736926 0.78
73.797675 0.80
73.861425 0.79
73.931455 0.79
73.986051 0.77
74.039552 0.78
74.108428 0.78
74.182320 0.80
74.241935 0.77
74.305554 0.80
74.374444 0.79
74.448322 0.77
74.517306 0.78
74.586056 0.78
74.652940 0.77
74.708057 0.80
74.763058 0.78
74.818059 0.78
74.876449 0.78
74.935684 0.79
74.999938 0.79
75.063938 0.78
75.122938 0.79
75.181939 0.78
75.241090 0.79
75.294562 0.78
75.353562 0.78
75.417454 0.78
75.486317 0.80
75.557099 0.78
75.626564 0.78
75.680066 0.79
75.734948 0.78
75.793317 0.78
75.858568 0.77
75.913569 0.79
75.964819 0.78
76.025350 0.79
76.089820 0.80
76.160349 0.78
76.214948 0.78
76.274820 0.79
76.338695 0.77
76.389327 0.79
76.449584 0.78
76.508823 0.78
76.577954 0.78
76.636573 0.78
76.695701 0.79
76.750711 0.80
76.819956 0.79
76.883984 0.78
76.942700 0.78
76.997328 0.79
77.071467 0.78
77.135827 0.79
77.199989 0.78
77.274343 0.79
77.343842 0.79
77.413346 0.80
77.482347 0.78
77.546458 0.78
77.615456 0.79
77.674331 0.79
77.733582 0.79
77.792222 0.79
77.866473 0.79
77.920476 0.78
77.979838 0.78
78.034993 0.77
78.104464 0.80
78.163600 0.77
78.224467 0.79
78.278590 0.79
78.332361 0.78
78.396464 0.77
78.455589 0.78
78.505715 0.78
78.574716 0.77
78.643838 0.78
78.698840 0.78
78.764465 0.78
78.823590 0.79
78.878593 0.78
78.928591 0.78
78.979221 0.79
79.034247 0.79
79.088843 0.79
79.143852 0.79
79.202594 0.78
79.257362 0.79
79.321595 0.79
79.371598 0.78
79.426248 0.77
79.495238 0.78
79.569364 0.79
79.633597 0.77
79.697597 0.78
79.761601 0.78
79.816273 0.78
79.880601 0.77
79.944600 0.77
80.014246 0.77
80.080243 0.78
80.146256 0.78
80.217865 0.77
80.287605 0.78
80.353235 0.77
80.412615 0.78
80.471731 0.78
80.537104 0.78
80.597621 0.79
80.653134 0.78
80.722110 0.80
80.782607 0.78
80.848483 0.79
80.907608 0.77
80.971108 0.77
81.030374 0.79
81.099109 0.77
81.167734 0.78
81.221249 0.79
81.286735 0.77
81.340236 0.78
81.409112 0.79
81.477739 0.78
81.532487 0.79
81.587113 0.78
81.661114 0.79
81.735113 0.79
81.809395 0.78
81.868120 0.78
81.938146 0.77
81.992741 0.78
82.046116 0.78
82.120242 0.79
82.189141 0.78
82.253266 0.78
82.322134 0.79
82.396119 0.78
82.470261 0.79
82.539263 0.79
82.608260 0.79
82.677122 0.78
82.751137 0.78
82.814748 0.78
82.884138 0.79
82.958266 0.78
83.027000 0.79
83.087374 0.78
83.141392 0.78
83.205128 0.79
83.279146 0.79
83.343143 0.77
83.402252 0.79
83.471261 0.78
83.530634 0.77
83.594634 0.77
83.658754 0.77
83.715040 0.78
83.770136 0.78
83.834643 0.78
83.894637 0.79
83.955762 0.79
84.015520 0.79
84.075139 0.77
84.125515 0.79
84.189411 0.79
84.249040 0.78
84.319510 0.79
84.388513 0.78
84.454086 0.79
84.513424 0.78
84.577776 0.78
84.653290 0.79
84.703524 0.80
84.763525 0.79
84.828023 0.77
84.892904 0.79
84.952524 0.78
85.022529 0.78
85.082281 0.79
85.152776 0.80
85.212419 0.78
85.282295 0.80
85.341902 0.78
85.406897 0.79
85.476437 0.78
85.540647 0.78
85.605036 0.76
85.669775 0.79
85.734424 0.78
85.798786 0.77
85.870287 0.78
85.931317 0.78
85.992202 0.79
86.053533 0.79
86.113049 0.79
86.172299 0.78
86.229783 0.78
86.285656