0.000000 0.000000
0.052782 62.00
0.123210 61.00
0.188199 61.00
0.252730 62.00
0.306447 62.00
0.375446 61.00
0.444447 61.00
0.513447 61.00
0.573963 61.00
0.632448 61.00
0.696493 62.00
0.756209 62.00
0.821215 61.00
0.880857 61.00
0.940755 61.00
0.995207 61.00
1.064580 61.00
1.142328 61.00
1.211078 62.00
1.280095 62.00
1.352330 62.00
1.417220 62.00
1.478211 61.00
1.542612 61.00
1.601463 61.00
1.665460 61.00
1.729332 61.00
1.798608 61.00
1.862610 61.00
1.935209 61.00
1.993972 61.00
2.071611 61.00
2.130335 61.00
2.199086 61.00
2.259363 61.00
2.310212 61.00
2.366212 62.00
2.420978 62.00
2.503364 61.00
2.550737 61.00
2.596339 61.00
2.661615 61.00
2.720340 61.00
2.784341 61.00
2.848341 61.00
2.912341 61.00
2.994983 61.00
3.053983 61.00
3.117858 61.00
3.187093 61.00
3.245985 61.00
3.309985 61.00
3.373987 61.00
3.437987 62.00
3.501988 62.00
3.565862 62.00
3.629988 62.00
3.689098 61.00
3.747988 61.00
3.806989 61.00
3.884505 61.00
3.948504 61.00
4.007505 61.00
4.066503 61.00
4.125504 61.00
4.184352 61.00
4.248502 61.00
4.307505 61.00
4.366505 61.00
4.420354 61.00
4.484506 62.00
4.554105 62.00
4.612994 61.00
4.677002 61.00
4.740997 61.00
4.804999 61.00
4.868997 61.00
4.928108 61.00
4.984124 61.00
5.044000 61.00
5.103000 61.00
5.166999 61.00
5.231001 61.00
5.289752 61.00
5.353361 61.00
5.418638 61.00
5.464112 61.00
5.514754 61.00
5.573363 62.00
5.638640 62.00
5.684114 61.00
5.734753 61.00
5.798365 61.00
5.863641 61.00
5.909365 61.00
5.968241 61.00
6.037242 61.00
6.101242 61.00
6.166644 61.00
6.230369 61.00
6.298994 61.00
6.353758 61.00
6.417370 61.00
6.485995 62.00
6.550121 62.00
6.613763 62.00
6.677372 61.00
6.745997 61.00
6.799499 61.00
6.853123 61.00
6.922374 61.00
6.980999 61.00
7.034501 61.00
7.088126 61.00
7.153376 61.00
7.217018 61.00
7.270503 61.00
7.324252 61.00
7.393003 61.00
7.448260 61.00
7.517004 61.00
7.591005 62.00
7.646136 62.00
7.710006 61.00
7.765132 61.00
7.814897 61.00
7.874881 61.00
7.934885 62.00
7.994882 62.00
8.054882 62.00
8.114883 62.00
8.174883 61.00
8.238383 61.00
8.298511 61.00
8.344009 61.00
8.403635 61.00
8.467135 61.00
8.537513 61.00
8.583011 61.00
8.632387 61.00
8.692515 61.00
8.738013 61.00
8.788638 61.00
8.852138 61.00
8.922515 62.00
8.968015 62.00
9.018640 62.00
9.082140 62.00
9.155891 61.00
9.209141 61.00
9.283017 61.00
9.351643 61.00
9.415143 61.00
9.488894 61.00
9.542144 61.00
9.615895 61.00
9.669145 62.00
9.742897 62.00
9.796146 62.00
9.869897 62.00
9.923147 61.00
9.997023 61.00
10.065649 61.00
10.129149 61.00
10.202900 61.00
10.256150 61.00
10.329901 61.00
10.383151 61.00
10.456902 62.00
10.511777 62.00
10.571777 61.00
10.631777 61.00
10.691029 61.00
10.739153 61.00
10.812904 61.00
10.867780 61.00
10.927781 61.00
10.987781 61.00
11.047781 61.00
11.107156 61.00
11.172407 61.00
11.227407 61.00
11.280659 61.00
11.339034 61.00
11.404409 61.00
11.449909 61.00
11.499285 61.00
11.559410 62.00
11.604911 62.00
11.654285 61.00
11.714411 61.00
11.768912 61.00
11.819539 62.00
11.883038 62.00
11.956789 61.00
12.010040 61.00
12.083789 61.00
12.137040 61.00
12.205791 61.00
12.259041 61.00
12.332791 61.00
12.386042 61.00
12.459793 61.00
12.513044 61.00
12.586794 62.00
12.640045 62.00
12.713795 61.00
12.767045 62.00
12.835796 62.00
12.889046 62.00
12.962797 61.00
13.016047 62.00
13.089798 62.00
13.143048 61.00
13.216799 61.00
13.271674 61.00
13.330049 61.00
13.403800 62.00
13.457051 62.00
13.530801 62.00
13.585677 62.00
13.645677 62.00
13.705677 62.00
13.765678 62.00
13.818928 62.00
13.884053 62.00
13.949305 61.00
14.004305 61.00
14.059306 62.00
14.113806 62.00
14.163182 61.00
14.223307 61.00
14.277807 61.00
14.336183 61.00
14.396308 62.00
14.450808 62.00
14.501434 62.00
14.564934 62.00
14.635310 62.00
14.680811 62.00
14.731435 62.00
14.794936 61.00
14.868687 61.00
14.921937 62.00
14.995688 62.00
15.048938 61.00
15.122689 61.00
15.175940 61.00
15.249690 61.00
15.302940 61.00
15.376692 61.00
15.429941 61.00
15.503692 61.00
15.556943 61.00
15.630693 61.00
15.683944 61.00
15.757694 62.00
15.810945 62.00
15.884696 62.00
15.937946 62.00
16.011696 61.00
16.066697 61.00
16.119947 61.00
16.193698 62.00
16.246948 62.00
16.320699 62.00
16.375574 61.00
16.435574 61.00
16.495575 61.00
16.555576 62.00
16.627327 62.00
16.709726 62.00
16.760328 62.00
16.837729 62.00
16.906731 61.00
16.956080 61.00
17.014732 62.00
17.065331 62.00
17.128846 62.00
17.197733 62.00
17.248459 61.00
17.327462 61.00
17.390972 62.00
17.445734 62.00
17.496334 61.00
17.556463 61.00
17.616463 61.00
17.667465 61.00
17.741977 61.00
17.805719 62.00
17.865336 62.00
17.928837 61.00
18.002587 61.00
18.055839 61.00
18.129588 61.00
18.182839 61.00
18.256590 61.00
18.309840 61.00
18.383591 61.00
18.436841 61.00
18.510591 61.00
18.563842 61.00
18.637592 61.00
18.690843 61.00
18.764594 62.00
18.819594 62.00
18.874470 61.00
18.930721 61.00
18.980471 61.00
19.040471 61.00
19.100472 61.00
19.160472 61.00
19.220473 61.00
19.280475 62.00
19.340474 62.00
19.400475 62.00
19.453724 62.00
19.524100 61.00
19.579100 61.00
19.634100 62.00
19.689101 62.00
19.744101 61.00
19.799101 61.00
19.854102 61.00
19.909103 61.00
19.954603 61.00
20.003979 61.00
20.064104 61.00
20.118604 62.00
20.169230 62.00
20.232731 62.00
20.306482 62.00
20.359732 62.00
20.433482 62.00
20.486733 61.00
20.560484 61.00
20.613734 61.00
20.687484 61.00
20.740735 61.00
20.814486 61.00
20.867735 62.00
20.941487 62.00
20.994736 61.00
21.068488 61.00
21.121738 62.00
21.195490 62.00
21.248738 62.00
21.322490 62.00
21.375740 62.00
21.449491 62.00
21.502741 61.00
21.576492 61.00
21.629742 61.00
21.703493 61.00
21.758368 62.00
21.818367 62.00
21.878368 61.00
21.938369 61.00
21.998369 61.00
22.058370 61.00
22.118371 61.00
22.178370 61.00
22.238370 61.00
22.298372 61.00
22.351622 61.00
22.416748 61.00
22.481998 61.00
22.536999 61.00
22.582500 61.00
22.631875 62.00
22.692000 62.00
22.750375 62.00
22.803626 62.00
22.874001 61.00
22.919502 61.00
22.968877 61.00
23.032378 61.00
23.085629 61.00
23.159379 62.00
23.212629 62.00
23.286380 62.00
23.339630 62.00
23.413381 61.00
23.466631 61.00
23.540382 62.00
23.593633 61.00
23.667383 61.00
23.720634 62.00
23.794383 62.00
23.847635 62.00
23.921384 62.00
23.974636 62.00
24.048386 62.00
24.101637 61.00
24.175387 61.00
24.228637 61.00
24.302388 61.00
24.371530 62.00
24.445532 62.00
24.514517 62.00
24.588518 62.00
24.647141 62.00
24.705781 62.00
24.760782 61.00
24.829643 61.00
24.888519 62.00
24.957659 62.00
25.021521 62.00
25.085395 62.00
25.154669 61.00
25.213396 62.00
25.279022 62.00
25.337524 62.00
25.392523 62.00
25.447524 62.00
25.511525 62.00
25.566525 62.00
25.630399 61.00
25.694400 61.00
25.758400 62.00
25.822400 62.00
25.886528 62.00
25.950528 62.00
26.019677 62.00
26.078529 62.00
26.142529 61.00
26.211404 61.00
26.280531 61.00
26.349682 61.00
26.408405 61.00
26.477406 62.00
26.546407 62.00
26.610407 62.00
26.679408 62.00
26.743534 61.00
26.807408 61.00
26.876409 61.00
26.940410 61.00
27.009536 61.00
27.073411 61.00
27.137412 62.00
27.206412 61.00
27.270413 61.00
27.334413 62.00
27.403413 62.00
27.472541 62.00
27.536415 62.00
27.605416 62.00
27.669542 62.00
27.738543 62.00
27.804167 62.00
27.859167 62.00
27.914292 62.00
27.983418 62.00
28.047418 62.00
28.111419 61.00
28.171794 61.00
28.226795 62.00
28.281294 62.00
28.330670 62.00
28.390796 62.00
28.436295 62.00
28.485671 62.00
28.545797 62.00
28.591298 61.00
28.641922 61.00
28.705423 61.00
28.779174 61.00
28.832424 61.00
28.906175 61.00
28.959425 61.00
29.033175 61.00
29.091676 62.00
29.155177 62.00
29.208427 62.00
29.282178 62.00
29.335428 62.00
29.409178 62.00
29.462430 61.00
29.536180 61.00
29.589430 62.00
29.663181 62.00
29.721682 61.00
29.785182 61.00
29.838432 61.00
29.912182 61.00
29.967183 61.00
30.020434 61.00
30.094185 62.00
30.149059 62.00
30.207435 61.00
30.281186 61.00
30.336062 62.00
30.396061 62.00
30.456062 62.00
30.511062 62.00
30.571064 62.00
30.631065 62.00
30.686064 62.00
30.746065 62.00
30.809566 62.00
30.869691 62.00
30.924691 62.00
30.982691 62.00
31.037692 62.00
31.083192 62.00
31.132569 62.00
31.196068 62.00
31.249318 62.00
31.319695 61.00
31.374194 61.00
31.424820 61.00
31.488321 62.00
31.558696 62.00
31.604197 62.00
31.654822 62.00
31.718323 62.00
31.787324 62.00
31.861074 62.00
31.914325 62.00
31.983325 62.00
32.052326 62.00
32.121327 62.00
32.190077 62.00
32.243327 62.00
32.312328 62.00
32.381329 62.00
32.445079 62.00
32.519080 62.00
32.572329 61.00
32.641331 61.00
32.715081 61.00
32.770082 61.00
32.833973 61.00
32.897971 61.00
32.970333 61.00
33.034334 61.00
33.108610 62.00
33.154335 62.00
33.218336 62.00
33.292086 62.00
33.366086 62.00
33.420961 62.00
33.474212 62.00
33.544588 62.00
33.608088 62.00
33.657467 62.00
33.717588 61.00
33.772091 61.00
33.826964 62.00
33.880215 62.00
33.950591 62.00
34.005091 62.00
34.055717 62.00
34.119217 62.00
34.189592 62.00
34.235092 62.00
34.285718 62.00
34.349218 62.00
34.422969 62.00
34.476219 62.00
34.549970 62.00
34.603220 62.00
34.676974 62.00
34.730221 62.00
34.803972 62.00
34.854723 62.00
34.918222 61.00
34.991974 61.00
35.045224 62.00
35.118975 62.00
35.187725 62.00
35.251225 62.00
35.324977 62.00
35.378227 62.00
35.451977 62.00
35.505228 62.00
35.578978 62.00
35.632229 62.00
35.701980 62.00
35.756980 62.00
35.811855 62.00
35.870230 62.00
35.943981 62.00
35.998857 62.00
36.057232 62.00
36.130983 62.00
36.185858 62.00
36.245859 62.00
36.305860 62.00
36.359109 62.00
36.427736 61.00
36.486111 61.00
36.556487 62.00
36.611488 62.00
36.666489 62.00
36.711988 62.00
36.762613 62.00
36.826114 62.00
36.896491 62.00
36.941989 62.00
36.992615 62.00
37.056116 62.00
37.129991 62.00
37.180616 62.00
37.244117 62.00
37.317868 62.00
37.371118 62.00
37.444993 62.00
37.504619 62.00
37.568119 62.00
37.641871 62.00
37.695120 62.00
37.768872 62.00
37.822122 62.00
37.895872 62.00
37.949122 62.00
38.022874 62.00
38.076123 62.00
38.149874 62.00
38.203125 62.00
38.276875 62.00
38.330125 62.00
38.404002 62.00
38.469251 62.00
38.537877 61.00
38.592752 61.00
38.651128 61.00
38.724878 62.00
38.779754 62.00
38.839755 62.00
38.899755 62.00
38.959756 62.00
39.019756 62.00
39.079757 62.00
39.139757 62.00
39.199758 62.00
39.259758 62.00
39.313008 61.00
39.378134 61.00
39.443384 62.00
39.498385 62.00
39.553386 61.00
39.598886 61.00
39.648262 62.00
39.708386 62.00
39.753888 62.00
39.803262 62.00
39.866763 62.00
39.920013 62.00
39.993764 62.00
40.047015 62.00
40.115765 62.00
40.169015 62.00
40.242766 62.00
40.296016 62.00
40.369767 62.00
40.423017 62.00
40.496768 62.00
40.550018 61.00
40.623770 61.00
40.677019 62.00
40.745770 62.00
40.799021 62.00
40.872771 62.00
40.926021 62.00
40.999772 62.00
41.053022 61.00
41.126773 61.00
41.180023 62.00
41.253774 62.00
41.307024 62.00
41.375775 62.00
41.429026 62.00
41.502777 62.00
41.557651 62.00
41.617652 62.00
41.676028 61.00
41.749778 61.00
41.804654 62.00
41.864654 62.00
41.917905 61.00
41.988280 61.00
42.051780 62.00
42.106656 62.00
42.159906 61.00
42.230282 61.00
42.285282 62.00
42.339783 62.00
42.398158 61.00
42.458283 61.00
42.512784 62.00
42.563409 62.00
42.626910 62.00
42.697285 62.00
42.742786 62.00
42.793412 61.00
42.856912 61.00
42.930662 62.00
42.983913 62.00
43.057664 62.00
43.110914 62.00
43.184665 62.00
43.237915 62.00
43.311666 62.00
43.364916 62.00
43.438666 62.00
43.491917 62.00
43.565667 62.00
43.618918 62.00
43.692669 62.00
43.745919 62.00
43.819670 61.00
43.872920 61.00
43.946671 62.00
44.001671 62.00
44.054922 62.00
44.128672 62.00
44.183673 62.00
44.238550 62.00
44.296923 62.00
44.370674 62.00
44.425551 62.00
44.483925 62.00
44.557675 62.00
44.612552 62.00
44.676051 62.00
44.744677 62.00
44.799554 62.00
44.859554 62.00
44.923053 61.00
44.983178 61.00
45.038179 62.00
45.093180 62.00
45.148180 62.00
45.203181 62.00
45.257681 62.00
45.308307 62.00
45.371807 62.00
45.445560 61.00
45.498809 62.00
45.572560 62.00
45.625810 62.00
45.699561 62.00
45.752811 62.00
45.826562 62.00
45.879811 62.00
45.953563 62.00
46.006813 62.00
46.080564 62.00
46.133814 62.00
46.207565 62.00
46.260814 61.00
46.334567 61.00
46.387815 62.00
46.461567 62.00
46.514816 62.00
46.588569 62.00
46.641817 62.00
46.715569 62.00
46.768819 62.00
46.842570 62.00
46.895820 62.00
46.969571 62.00
47.022821 61.00
47.096571 61.00
47.151446 61.00
47.211447 61.00
47.271447 61.00
47.331448 61.00
47.391448 62.00
47.451449 62.00
47.511449 62.00
47.564700 62.00
47.633326 62.00
47.686726 62.00
47.755727 61.00
47.816078 61.00
47.865726 62.00
47.934578 62.00
47.999579 62.00
48.059579 62.00
48.130080 61.00
48.189969 61.00
48.253463 62.00
48.318997 62.00
48.378336 62.00
48.437334 62.00
48.496334 62.00
48.565335 62.00
48.624469 62.00
48.694338 62.00
48.758466 62.00
48.827977 62.00
48.886881 62.00
48.956730 62.00
49.020979 62.00
49.079616 62.00
49.148618 62.00
49.218348 62.00
49.293755 61.00
49.363469 62.00
49.432743 62.00
49.491999 61.00
49.546475 61.00
49.605736 61.00
49.669984 61.00
49.728747 61.00
49.798354 61.00
49.863225 62.00
49.922347 62.00
49.977347 61.00
50.026972 61.00
50.085876 61.00
50.140353 61.00
50.200868 61.00
50.265349 61.00
50.322098 61.00
50.386360 62.00
50.451355 62.00
50.521227 62.00
50.580226 62.00
50.649351 61.00
50.714359 61.00
50.773873 62.00
50.832871 62.00
50.882872 62.00
50.941514 62.00
51.011669 62.00
51.071234 62.00
51.130357 62.00
51.204633 62.00
51.273650 62.00
51.338358 62.00
51.402635 61.00
51.467232 61.00
51.526358 61.00
51.587527 61.00
51.656877 62.00
51.717359 62.00
51.791638 61.00
51.856240 62.00
51.915363 62.00
51.984877 62.00
52.043640 62.00
52.113238 62.00
52.178118 62.00
52.242633 61.00
52.312366 61.00
52.376644 61.00
52.441374 61.00
52.502370 62.00
52.561885 62.00
52.626367 61.00
52.695646 61.00
52.760376 61.00
52.820272 61.00
52.879898 62.00
52.932018 62.00
52.991752 62.00
53.051129 62.00
53.106778 62.00
53.168011 62.00
53.227791 61.00
53.288012 61.00
53.352762 62.00
53.407256 62.00
53.471528 62.00
53.530907 62.00
53.586374 62.00
53.650875 62.00
53.705376 62.00
53.769375 61.00
53.820127 61.00
53.878751 61.00
53.943034 61.00
54.007757 62.00
54.072128 62.00
54.125917 62.00
54.190132 62.00
54.248757 62.00
54.309898 62.00
54.368770 62.00
54.427899 62.00
54.497007 62.00
54.562897 62.00
54.637544 62.00
54.696759 62.00
54.760634 62.00
54.824539 62.00
54.888582 62.00
54.952385 62.00
55.021904 61.00
55.096137 62.00
55.159912 62.00
55.224142 62.00
55.298784 62.00
55.357388 62.00
55.421391 62.00
55.490266 62.00
55.559787 62.00
55.615267 62.00
55.670141 62.00
55.734267 62.00
55.789267 62.00
55.854271 62.00
55.923549 62.00
55.987394 62.00
56.047913 62.00
56.111661 62.00
56.161269 62.00
56.211896 62.00
56.270692 62.00
56.320272 62.00
56.385397 62.00
56.445918 62.00
56.510272 62.00
56.570398 62.00
56.634697 62.00
56.699151 62.00
56.752400 62.00
56.807563 62.00
56.871916 62.00
56.935918 62.00
57.005030 62.00
57.069030 62.00
57.133153 61.00
57.192029 61.00
57.250918 62.00
57.320655 62.00
57.379570 62.00
57.438672 62.00
57.497557 62.00
57.556408 62.00
57.625408 62.00
57.689282 62.00
57.758158 62.00
57.822408 62.00
57.886408 62.00
57.955563 62.00
58.014409 62.00
58.078163 62.00
58.133163 62.00
58.188164 62.00
58.241415 62.00
58.315164 62.00
58.370040 62.00
58.434413 62.00
58.498567 61.00
58.557164 61.00
58.617681 62.00
58.676571 62.00
58.735416 62.00
58.794296 62.00
58.858419 62.00
58.917292 62.00
58.986426 62.00
59.051043 62.00
59.109570 62.00
59.168294 62.00
59.237294 62.00
59.307686 62.00
59.353296 62.00
59.417299 62.00
59.486050 62.00
59.539299 62.00
59.613050 62.00
59.666300 62.00
59.736676 62.00
59.782174 62.00
59.851175 62.00
59.920301 62.00
59.984300 62.00
60.048301 62.00
60.122052 62.00
60.186437 62.00
60.261056 62.00
60.319805 62.00
60.383304 62.00
60.447054 62.00
60.510945 62.00
60.570436 62.00
60.639930 62.00
60.698583 61.00
60.757307 61.00
60.821056 62.00
60.884933 62.00
60.945337 62.00
61.005434 62.00
61.064059 62.00
61.124215 62.00
61.177936 62.00
61.241829 62.00
61.302240 62.00
61.356064 62.00
61.419829 62.00
61.488438 62.00
61.547064 62.00
61.597956 62.00
61.651984 62.00
61.705440 62.00
61.764064 62.00
61.813440 62.00
61.872066 62.00
61.924594 62.00
61.970067 62.00
62.019442 62.00
62.079594 62.00
62.125318 62.00
62.189068 62.00
62.250570 62.00
62.296194 62.00
62.366576 62.00
62.412072 62.00
62.462699 62.00
62.526197 62.00
62.599950 62.00
62.653199 62.00
62.726963 62.00
62.780198 62.00
62.848964 62.00
62.907449 62.00
62.965950 62.00
63.019200 62.00
63.087967 62.00
63.141201 62.00
63.209966 62.00
63.268459 62.00
63.327078 62.00
63.401079 62.00
63.470464 62.00
63.534707 62.00
63.600080 62.00
63.667235 62.00
63.726206 62.00
63.789957 62.00
63.843868 62.00
63.902754 62.00
63.957974 62.00
64.016736 62.00
64.076850 62.00
64.131976 62.00
64.190728 62.00
64.244210 62.00
64.317960 62.00
64.376613 62.00
64.440086 62.00
64.510468 62.00
64.561598 62.00
64.625095 62.00
64.698842 62.00
64.752092 62.00
64.822471 62.00
64.867969 62.00
64.920664 62.00
64.980348 62.00
65.044736 62.00
65.103344 62.00
65.152967 62.00
65.208983 62.00
65.264969 62.00
65.325359 62.00
65.388985 62.00
65.444970 62.00
65.514095 62.00
65.587971 62.00
65.638624 62.00
65.702097 62.00
65.770973 62.00
65.839988 62.00
65.908974 62.00
65.977980 62.00
66.053104 62.00
66.116978 62.00
66.181102 62.00
66.244976 62.00
66.308976 62.00
66.373026 62.00
66.439113 62.00
66.507979 62.00
66.582104 62.00
66.655979 61.00
66.720105 61.00
66.784865 62.00
66.840235 62.00
66.894108 62.00
66.967856 62.00
67.026642 62.00
67.081873 62.00
67.145984 62.00
67.209873 62.00
67.270014 62.00
67.321360 62.00
67.371003 62.00
67.434986 62.00
67.495360 62.00
67.544986 62.00
67.615362 62.00
67.661112 62.00
67.729877 62.00
67.782363 62.00
67.827993 62.00
67.898366 62.00
67.943868 62.00
67.994494 62.00
68.057994 62.00
68.128369 62.00
68.173869 62.00
68.234243 62.00
68.303523 62.00
68.372994 62.00
68.436886 62.00
68.492885 62.00
68.561998 62.00
68.630996 62.00
68.694887 62.00
68.759997 62.00
68.833889 62.00
68.903015 62.00
68.963888 62.00
69.032891 62.00
69.101892 62.00
69.165875 62.00
69.239750 62.00
69.293640 62.00
69.355007 62.00
69.419255 62.00
69.477878 62.00
69.541895 62.00
69.606018 62.00
69.669896 62.00
69.733894 62.00
69.802895 62.00
69.871895 62.00
69.935893 62.00
70.000031 62.00
70.070029 62.00
70.141258 62.00
70.194773 62.00
70.253258 62.00
70.312009 62.00
70.375901 62.00
70.449764 62.00
70.511261 62.00
70.556777 62.00
70.607386 62.00
70.671012 62.00
70.734779 62.00
70.785387 62.00
70.840387 62.00
70.904388 62.00
70.968388 62.00
71.032389 62.00
71.086015 62.00
71.163549 62.00
71.223391 62.00
71.277033 62.00
71.340909 62.00
71.404893 62.00
71.468893 62.00
71.533152 62.00
71.597666 62.00
71.661914 62.00
71.725912 62.00
71.789896 62.00
71.853913 62.00
71.918022 62.00
71.971897 62.00
72.035666 62.00
72.104916 62.00
72.163914 62.00
72.222791 62.00
72.291913 62.00
72.355899 62.00
72.419667 62.00
72.474526 62.00
72.543401 62.00
72.607551 62.00
72.671406 62.00
72.736532 62.00
72.789781 62.00
72.860156 62.00
72.915156 62.00
72.970155 62.00
73.024031 62.00
73.077906 62.00
73.136924 62.00
73.195924 62.00
73.254924 62.00
73.309925 62.00
73.368660 62.00
73.418159 62.00
73.463909 62.00
73.522926 62.00
73.577926 62.00
73.632676 62.00
73.683411 62.00
73.734300 62.00
73.798421 62.00
73.867412 62.00
73.931413 62.00
73.982288 62.00
74.051039 62.00
74.100929 62.00
74.159932 62.00
74.218930 62.00
74.282932 62.00
74.351931 62.00
74.410806 62.00
74.475044 62.00
74.529051 62.00
74.583047 62.00
74.636937 62.00
74.702573 62.00
74.766934 62.00
74.825420 62.00
74.889945 62.00
74.950698 62.00
75.016061 62.00
75.069922 62.00
75.130172 62.00
75.195423 62.00
75.259423 62.00
75.318927 62.00
75.380187 62.00
75.435581 62.00
75.490733 62.00
75.549702 62.00
75.623694 62.00
75.692692 62.00
75.766583 62.00
75.835695 62.00
75.904584 62.00
75.973697 62.00
76.042694 62.00
76.107055 62.00
76.156683 62.00
76.220700 62.00
76.289699 62.00
76.358432 62.00
76.427432 62.00
76.496562 62.00
76.547309 62.00
76.600701 62.00
76.674703 62.00
76.748592 62.00
76.812954 62.00
76.876437 62.00
76.950590 62.00
77.024593 62.00
77.093440 62.00
77.157189 62.00
77.220940 62.00
77.279565 62.00
77.345070 62.00
77.403707 62.00
77.467691 62.00
77.541567 62.00
77.615596 62.00
77.689569 62.00
77.758818 62.00
77.827570 62.00
77.901444 62.00
77.956445 62.00
78.016608 62.00
78.085446 62.00
78.150839 62.00
78.219447 62.00
78.293448 62.00
78.359074 62.00
78.422573 62.00
78.492948 62.00
78.542575 62.00
78.613076 62.00
78.671576 62.00
78.737094 62.00
78.806209 62.00
78.870329 62.00
78.923578 62.00
78.992328 62.00
79.057460 62.00
79.126462 62.00
79.178971 62.00
79.233846 62.00
79.289081 62.00
79.347725 62.00
79.406460 62.00
79.475460 62.00
79.539466 62.00
