0.000000 0.000000
0.047151 6.01
0.123085 2.66
0.182464 2.66
0.241587 2.66
0.295336 2.66
0.359476 2.66
0.418351 2.66
0.482354 2.66
0.548367 2.66
0.607462 2.66
0.666463 2.66
0.723296 2.66
0.788046 2.66
0.849103 2.66
0.910480 4.02
0.965100 4.34
1.026471 4.34
1.085878 4.34
1.144874 4.34
1.205234 4.34
1.269357 4.34
1.334718 4.34
1.399484 4.34
1.458887 4.34
1.519238 4.34
1.583364 4.34
1.643363 4.34
1.702346 4.34
1.761364 4.68
1.821347 4.68
1.880472 4.68
1.939473 4.34
1.998365 4.34
2.063880 4.34
2.124004 4.34
2.179003 4.34
2.237882 4.34
2.307351 4.34
2.366352 4.34
2.425369 4.34
2.499728 4.34
2.563883 4.34
2.629729 4.34
2.699370 4.34
2.773730 4.34
2.843106 4.34
2.912374 4.34
2.986732 4.34
3.056375 4.34
3.115482 4.34
3.169372 4.34
3.228483 4.34
3.282484 4.34
3.336377 4.34
3.395378 4.34
3.459377 4.34
3.518379 4.34
3.577486 4.34
3.631376 4.34
3.690362 4.34
3.749378 4.34
3.808378 4.34
3.867364 4.34
3.926379 4.34
3.985365 4.34
4.040382 4.34
4.095255 4.34
4.159383 4.34
4.214381 4.34
4.269385 4.34
4.328390 4.34
4.383384 4.34
4.438385 4.34
4.493385 4.34
4.548385 4.34
4.603387 4.34
4.658387 4.34
4.713262 4.34
4.772996 4.34
4.828901 4.34
4.879900 4.34
4.930903 4.34
4.981902 4.34
5.032883 4.34
5.091373 4.34
5.155374 4.34
5.219375 4.34
5.278392 4.34
5.342391 4.34
5.401394 4.34
5.465376 4.34
5.524394 4.34
5.588394 4.34
5.647395 4.34
5.711504 4.34
5.775754 4.34
5.836160 4.34
5.905630 4.34
5.966270 4.34
6.030631 4.34
6.091397 4.34
6.145025 4.34
6.216162 4.34
6.280026 4.34
6.344401 4.34
6.403037 4.34
6.468027 4.34
6.526913 4.34
6.578404 4.34
6.637026 4.34
6.705916 4.34
6.775040 4.34
6.844029 4.34
6.913031 4.34
6.981919 4.34
7.051041 4.34
7.111282 4.34
7.166283 4.34
7.230033 4.34
7.299034 4.34
7.367921 4.34
7.437045 4.34
7.496047 4.34
7.565045 4.34
7.629046 4.34
7.698048 4.34
7.767050 4.34
7.835925 4.34
7.905411 4.34
7.958926 4.34
8.028414 4.34
8.087647 4.34
8.156929 4.34
8.226053 4.34
8.285053 4.34
8.348930 4.34
8.418292 4.34
8.487651 4.34
8.548056 4.34
8.607056 4.34
8.671055 4.34
8.739931 4.34
8.808932 4.34
8.878057 4.34
8.946935 4.34
9.018058 4.34
9.087046 4.34
9.161656 4.34
9.230657 4.34
9.296060 4.34
9.356299 4.34
9.420061 4.34
9.478783 4.34
9.532301 4.34
9.590785 4.34
9.656660 4.34
9.720535 4.34
9.779303 4.34
9.837939 4.34
9.901943 4.34
9.965787 4.34
10.027788 4.34
10.088306 4.34
10.146945 4.34
10.210944 4.34
10.274790 4.34
10.335308 4.34
10.393791 4.34
10.463071 4.34
10.521792 4.34
10.596667 4.34
10.660668 4.34
10.719309 4.34
10.777794 4.34
10.841948 4.34
10.905795 4.34
10.980671 4.34
11.039547 4.34
11.108923 4.34
11.172952 4.34
11.237075 4.34
11.301077 4.34
11.364951 4.34
11.429078 4.34
11.487800 4.34
11.556800 4.34
11.630927 4.34
11.699955 4.34
11.763802 4.34
11.832803 4.34
11.901803 4.34
11.970803 4.34
12.039804 4.34
12.108805 4.34
12.177805 4.34
12.246806 4.34
12.315681 4.34
12.376075 4.34
12.439683 4.34
12.500076 4.34
12.563683 4.34
12.624074 4.34
12.687685 4.34
12.748090 4.34
12.811685 4.34
12.872090 4.34
12.930686 4.34
12.999060 4.34
13.067687 4.34
13.114937 4.34
13.164312 4.34
13.222688 4.34
13.281063 4.34
13.349688 4.34
13.408064 4.34
13.476689 4.34
13.545066 4.34
13.613690 4.34
13.672067 4.34
13.740692 4.34
13.799067 4.34
13.867693 4.34
13.926068 4.34
13.994693 4.34
14.058320 4.34
14.116695 4.34
14.175071 4.34
14.243695 4.34
14.302071 4.34
14.370697 4.34
14.429072 4.34
14.497698 4.34
14.556073 4.34
14.624699 4.34
14.683074 4.34
14.751700 4.34
14.811702 4.34
14.875326 4.34
14.926702 4.34
14.986703 4.34
15.050327 4.34
15.118953 4.34
15.187579 4.34
15.242579 4.34
15.302704 4.34
15.362707 4.34
15.415955 4.34
15.484581 4.34
15.535707 4.34
15.590207 4.34
15.648581 4.34
15.695833 4.34
15.746458 4.34
15.809958 4.34
15.878584 4.34
15.936959 4.34
16.005585 4.34
16.052836 4.34
16.103460 4.34
16.166961 4.34
16.235586 4.34
16.293962 4.34
16.362588 4.34
16.420963 4.34
16.489588 4.34
16.547964 4.34
16.616590 4.34
16.674965 4.34
16.743591 4.34
16.801967 4.34
16.870591 4.34
16.928967 4.34
16.997593 4.34
17.061218 4.34
17.119594 4.34
17.177969 4.34
17.246594 4.34
17.304970 4.34
17.373596 4.34
17.433723 4.34
17.486972 4.34
17.555597 4.34
17.613973 4.34
17.682598 4.34
17.742601 4.34
17.802600 4.34
17.857601 4.34
17.917602 4.34
17.977603 4.34
18.032603 4.34
18.092604 4.34
18.145853 4.34
18.214478 4.34
18.269478 4.34
18.316729 4.34
18.367354 4.34
18.430856 4.34
18.499480 4.34
18.554480 4.34
18.601730 4.34
18.651106 4.34
18.709481 4.34
18.767858 4.34
18.836483 4.34
18.883733 4.34
18.934358 4.34
18.997861 4.34
19.066484 4.34
19.124861 4.34
19.193486 4.34
19.251862 4.34
19.320486 4.34
19.378864 4.34
19.447488 4.34
19.505864 4.34
19.574488 4.34
19.632866 4.34
19.701489 4.34
19.770240 4.34
19.838866 4.34
19.907491 4.34
19.965868 4.34
20.034492 4.34
20.092868 4.34
20.161493 4.34
20.219870 4.34
20.288494 4.34
20.348497 4.34
20.408497 4.34
20.468497 4.34
20.528498 4.34
20.586873 4.34
20.655497 4.34
20.715500 4.34
20.775500 4.34
20.828748 4.34
20.893876 4.34
20.957375 4.34
21.012375 4.34
21.067375 4.34
21.114626 4.34
21.164001 4.34
21.222376 4.34
21.273502 4.34
21.329252 4.34
21.392753 4.34
21.461378 4.34
21.508629 4.34
21.559255 4.34
21.622755 4.34
21.691380 4.34
21.747256 4.34
21.810756 4.34
21.879382 4.34
21.937758 4.34
22.006383 4.34
22.075134 4.34
22.143759 4.34
22.212385 4.34
22.270760 4.34
22.339386 4.34
22.397761 4.34
22.466387 4.34
22.524762 4.34
22.593388 4.34
22.651764 4.34
22.720389 4.34
22.790891 4.34
22.854391 4.34
22.912765 4.34
22.981391 4.34
23.039767 4.34
23.108391 4.34
23.168395 4.34
23.226768 4.34
23.295393 4.34
23.355395 4.34
23.415396 4.34
23.475397 4.34
23.535397 4.34
23.595397 4.34
23.655399 4.34
23.715399 4.34
23.768647 4.34
23.837273 4.34
23.892274 4.34
23.947274 4.34
24.002274 4.34
24.049524 4.34
24.100150 4.34
24.163650 4.34
24.232276 4.34
24.279527 4.34
24.330152 4.34
24.388652 4.34
24.457278 4.34
24.515653 4.34
24.579279 4.34
24.637654 4.34
24.706280 4.34
24.764656 4.34
24.833281 4.34
24.891656 4.34
24.960282 4.34
25.018657 4.34
25.087284 4.34
25.145658 4.34
25.209286 4.34
25.267660 4.34
25.336285 4.34
25.394661 4.34
25.463289 4.34
25.521661 4.34
25.590287 4.34
25.648662 4.34
25.717289 4.34
25.775663 4.34
25.839289 4.34
25.897664 4.34
25.966290 4.34
26.026292 4.34
26.086293 4.34
26.146294 4.34
26.206293 4.34
26.264667 4.34
26.333293 4.34
26.392920 4.34
26.444295 4.34
26.497544 4.34
26.562670 4.34
26.626170 4.34
26.681171 4.34
26.732296 4.34
26.786796 4.34
26.845173 4.34
26.896298 4.34
26.959798 4.34
27.018174 4.34
27.065424 4.34
27.114799 4.34
27.173175 4.34
27.231551 4.34
27.300176 4.34
27.358551 4.34
27.427177 4.34
27.485553 4.34
27.554178 4.34
27.612553 4.34
27.681179 4.34
27.739554 4.34
27.808180 4.34
27.866555 4.34
27.935181 4.34
27.993556 4.34
28.062182 4.34
28.120558 4.34
28.187200 4.34
28.245559 4.34
28.309201 4.34
28.372817 4.34
28.455338 4.34
28.519205 4.34
28.583203 4.34
28.652202 4.34
28.715819 4.34
28.798218 4.34
28.856822 4.34
28.922206 4.34
28.975691 4.34
29.029332 4.34
29.093441 4.34
29.160820 4.34
29.226333 4.34
29.290443 4.34
29.349335 4.34
29.413444 4.34
29.468444 4.34
29.523445 4.34
29.578335 4.34
29.642446 4.34
29.697338 4.34
29.761447 4.34
29.816573 4.34
29.880096 4.34
29.935972 4.34
29.996338 4.34
30.060449 4.34
30.115340 4.34
30.165975 4.34
30.225974 4.34
30.276977 4.34
30.340455 4.34
30.395452 4.34
30.459453 4.34
30.514453 4.34
30.580205 4.34
30.633454 4.34
30.702079 4.34
30.760454 4.34
30.829080 4.34
30.887455 4.34
30.956080 4.34
31.014456 4.34
31.083082 4.34
31.141457 4.34
31.210082 4.34
31.268459 4.34
31.337084 4.34
31.397210 4.34
31.450459 4.34
31.519086 4.34
31.577460 4.34
31.646086 4.34
31.706088 4.34
31.766089 4.34
31.825462 4.34
31.894088 4.34
31.954091 4.34
32.014091 4.34
32.074091 4.34
32.134091 4.34
32.197590 4.34
32.255966 4.34
32.307091 4.34
32.370592 4.34
32.428968 4.34
32.483968 4.34
32.538968 4.34
32.597343 4.34
32.665970 4.34
32.713219 4.34
32.762595 4.34
32.820971 4.34
32.868221 4.34
32.918847 4.34
32.982347 4.34
33.050972 4.34
33.109347 4.34
33.177973 4.34
33.236349 4.34
33.304974 4.34
33.363349 4.34
33.431976 4.34
33.490350 4.34
33.558977 4.34
33.617352 4.34
33.685978 4.34
33.744353 4.34
33.812978 4.34
33.871354 4.34
33.939979 4.34
33.998355 4.34
34.066980 4.34
34.127108 4.34
34.180356 4.34
34.248982 4.34
34.309109 4.34
34.363985 4.34
34.423986 4.34
34.483986 4.34
34.543985 4.34
34.603987 4.34
34.662360 4.34
34.730985 4.34
34.790988 4.34
34.850988 4.34
34.904237 4.34
34.972864 4.34
35.032989 4.34
35.096488 4.34
35.154866 4.34
35.202115 4.34
35.260490 4.34
35.318866 4.34
35.366116 4.34
35.415491 4.34
35.473868 4.34
35.521117 4.34
35.570493 4.34
35.628869 4.34
35.676119 4.34
35.726744 4.34
35.790260 4.34
35.853873 4.34
35.927874 4.34
35.996874 4.34
36.065874 4.34
36.139998 4.34
36.213874 4.34
36.287875 4.34
36.361892 4.34
36.431001 4.34
36.500002 4.34
36.574143 4.34
36.637878 4.34
36.712018 4.34
36.785879 4.34
36.850019 4.34
36.923880 4.34
36.993021 4.34
37.057020 4.34
37.121022 4.34
37.190020 4.34
37.254022 4.34
37.327884 4.34
37.392024 4.34
37.461151 4.34
37.520026 4.34
37.589026 4.34
37.653035 4.34
37.716761 4.34
37.777153 4.34
37.840888 4.34
37.905028 4.34
37.969028 4.34
38.033031 4.34
38.097027 4.34
38.160764 4.34
38.221282 4.34
38.279765 4.34
38.340156 4.34
38.403909 4.34
38.464280 4.34
38.522767 4.34
38.583159 4.34
38.641894 4.34
38.706045 4.34
38.770034 4.34
38.833770 4.34
38.902770 4.34
38.971771 4.34
39.041037 4.34
39.104772 4.34
39.173899 4.34
39.243162 4.34
39.307165 4.34
39.371164 4.34
39.435164 4.34
39.498901 4.34
39.563168 4.34
39.627166 4.34
39.691169 4.34
39.755169 4.34
39.824419 4.34
39.886907 4.34
39.951044 4.34
40.014906 4.34
40.078780 4.34
40.148047 4.34
40.206907 4.34
40.271057 4.34
40.336784 4.34
40.391807 4.34
40.450533 4.34
40.509533 4.34
40.564808 4.34
40.618424 4.34
40.669819 4.34
40.723426 4.34
40.787536 4.34
40.846536 4.34
40.905537 4.34
40.964537 4.34
41.023538 4.34
41.082429 4.34
41.146538 4.34
41.205430 4.34
41.269540 4.34
41.328540 4.34
41.387540 4.34
41.446432 4.34
41.510430 4.34
41.574430 4.34
41.633438 4.34
41.697434 4.34
41.761432 4.34
41.825433 4.34
41.889435 4.34
41.948420 4.34
42.012434 4.34
42.076436 4.34
42.140547 4.34
42.199547 4.34
42.258438 4.34
42.322547 4.34
42.381437 4.34
42.445440 4.34
42.509441 4.34
42.573440 4.34
42.637439 4.34
42.706441 4.34
42.770442 4.34
42.834442 4.34
42.893427 4.34
42.953705 4.34
43.008706 4.34
43.063682 4.34
43.122443 4.34
43.191447 4.34
43.260447 4.34
43.318931 4.34
43.379073 4.34
43.437557 4.34
43.488682 4.34
43.557683 4.34
43.626683 4.34
43.695683 4.34
43.764684 4.34
43.833685 4.34
43.911202 4.34
43.969686 4.34
44.038686 4.34
44.107562 4.34
44.165937 4.34
44.229688 4.34
44.298689 4.34
44.362565 4.34
44.436565 4.34
44.500332 4.34
44.572691 4.34
44.646692 4.34
44.710693 4.34
44.774693 4.34
44.838693 4.34
44.902693 4.34
44.985336 4.34
45.062695 4.34
45.136571 4.34
45.200334 4.34
45.272697 4.34
45.336697 4.34
45.414340 4.34
45.478826 4.34
45.537699 4.34
45.601700 4.34
45.670699 4.34
45.734700 4.34
45.808576 4.34
45.864451 4.34
45.923342 4.34
45.983452 4.34
46.042341 4.34
46.105832 4.34
46.164579 4.34
46.220455 4.34
46.267831 4.34
46.331455 4.34
46.378832 4.34
46.442456 4.34
46.489833 4.34
46.553457 4.34
46.600833 4.34
46.664458 4.34
46.711834 4.34
46.775459 4.34
46.835348 4.34
46.898836 4.34
46.962461 4.34
47.021099 4.34
47.074711 4.34
47.138353 4.34
47.201838 4.34
47.265463 4.34
47.325354 4.34
47.388840 4.34
47.452465 4.34
47.511104 4.34
47.564715 4.68
47.628232 6.36
47.696842 6.36
47.760467 6.36
47.819110 6.36
47.872717 6.36
47.937475 6.36
48.012473 6.68
48.076721 6.68
48.145470 6.68
48.215357 6.68
48.272727 6.68
48.331724 6.68
48.390723 6.68
48.445723 7.02
48.506515 6.68
48.565726 7.02
48.624725 7.02
48.683725 7.02
48.742600 7.02
48.807247 7.02
48.861012 7.02
48.908368 7.37
48.955727 7.37
49.014602 7.37
49.078478 7.37
49.133118 7.37
49.179122 7.37
49.243007 7.37
49.296480 7.69
49.365269 7.69
49.430256 7.69
49.481378 7.69
49.550608 7.69
49.614607 7.69
49.684377 7.69
49.740378 7.69
49.796376 7.69
49.852377 8.03
49.908376 8.03
49.978264 8.03
50.043115 8.03
50.107738 8.03
50.166362 8.35
50.222378 8.35
50.291363 8.35
50.365488 8.35
50.434488 8.35
50.498364 8.35
50.562619 8.35
50.621617 8.70
50.685491 8.70
50.754366 8.70
50.825537 8.70
50.884996 8.70
50.938620 8.70
50.997369 8.70
51.066369 9.04
51.136149 9.04
51.195499 9.04
51.259373 9.04
51.323372 9.04
51.387372 9.04
51.451625 9.04
51.510374 9.36
51.569123 9.36
51.629374 9.36
51.687881 9.36
51.747050 9.36
51.811501 9.36
51.870375 9.36
51.934376 9.71
51.998632 9.71
52.053629 9.71
52.112378 9.71
52.176377 9.71
52.240378 9.71
52.305879 10.03
52.366157 10.03
52.421411 10.03
52.478407 9.71
52.538175 10.03
52.603284 10.03
52.669279 10.03
52.739646 10.03
52.794156 10.03
52.859170 10.03
52.924180 10.03
52.984064 10.03
53.049166 10.03
53.118517 10.03
53.177388 10.03
53.241512 10.03
53.300512 10.03
53.364279 10.03
53.433646 10.03
53.497264 10.03
53.561514 10.03
53.625894 10.03
53.690059 10.03
53.759647 10.03
53.818520 10.03
53.877271 10.03
53.941519 10.03
54.005393 10.03
54.069394 10.03
54.138768 10.03
54.192286 10.03
54.251043 10.03
54.314896 10.03
54.373771 10.03
54.427396 10.03
54.496397 10.03
54.565397 10.03
54.629286 10.03
54.693276 9.71
54.756773 10.03
54.810399 10.03
54.874653 10.03
54.933400 10.03
54.992276 10.03
55.052526 10.03
55.116778 10.03
55.170418 10.03
55.234403 10.03
55.294404 10.03
55.345046 10.03
55.403528 10.03
55.467280 10.03
55.531282 10.03
55.591530 10.03
55.650531 10.03
55.714531 10.03
55.773407 10.03
55.837407 10.03
55.900932 10.03
55.975414 10.03
56.049784 10.03
56.108409 10.03
56.177284 10.03
56.251421 10.03
56.321411 10.03
56.380411 10.03
56.439537 10.37
56.498163 10.03
56.556788 10.03
56.615788 10.03
56.676184 10.03
56.745167 10.03
56.809416 10.03
56.873188 10.03
56.931791 10.03
56.995792 10.03
57.073169 10.03
57.142425 10.03
57.201172 10.03
57.264924 10.03
57.328670 9.71
57.387045 9.04
57.438296 8.70
57.496670 8.03
57.550314 7.69
57.614046 7.02
57.677805 6.68
57.736550 6.68
57.800673 6.36
57.859054 6.68
57.910424 6.36
57.974424 6.36
58.038300 6.36
58.102303 6.68
58.171068 6.68
58.236194 6.36
58.310052 6.36
58.369928 6.36
58.434003 6.36
58.500223 6.68
58.564180 6.36
58.619930 6.36
58.686680 6.36
58.740073 6.36
58.800211 6.36
58.858682 6.36
58.917200 6.36
58.991057 6.36
59.049433 6.68
59.118075 6.36
59.186808 6.36
59.257201 6.36
59.320817 6.36
59.381204 6.36
59.439686 6.36
59.505091 6.36
59.574450 6.36
59.628688 6.36
59.694106 6.36
59.763096 6.36
59.832065 6.36
59.900940 6.36
59.959565 6.68
60.013066 6.36
60.087066 6.36
60.147070 6.36
60.216068 6.36
60.271971 6.36
60.326693 6.36
60.372694 6.36
60.446974 6.36
60.517569 6.36
60.589826 6.36
60.643321 6.36
60.706976 6.36
60.763097 6.36
60.822831 6.36
60.886575 6.36
60.939948 6.36
60.987324 6.36
61.050953 6.36
61.120075 6.36
61.184980 6.36
61.240827 6.36
61.299326 6.36
61.367952 6.36
61.432981 6.36
61.496703 6.36
61.565992 6.68
61.637081 6.36
61.690329 6.36
61.759097 6.36
61.829580 6.36
61.890331 6.36
61.958956 6.36
62.027707 6.36
62.091708 6.36
62.162085 6.36
62.230962 6.36
62.299959 6.36
62.373836 6.36
62.442585 6.36
62.507869 6.36
62.568587 6.36
62.618598 6.36
62.669966 6.36
62.729967 6.36
62.789967 6.36
62.849967 6.36
62.909969 6.36
62.968728 6.36
63.033598 6.36
63.097720 6.36
63.156343 6.36
63.209967 6.36
63.278859 6.36
63.339731 6.36
63.408721 6.36
63.467469 6.36
63.525845 6.36
63.596987 6.36
63.660847 6.36
63.708100 6.36
63.758724 6.36
63.822224 6.36
63.890851 6.36
63.949224 6.36
64.017852 6.36
64.082254 6.36
64.140975 6.36
64.205115 6.36
64.273851 6.36
64.342851 6.36
64.401366 6.36
64.455736 6.36
64.520356 6.36
64.583855 6.36
64.658118 6.36
64.726855 6.36
64.796117 6.36
64.859864 6.36
64.919986 6.36
64.974985 6.36
65.028235 6.36
65.096861 6.36
65.156984 6.36
65.226011 6.36
65.294877 6.36
65.368860 6.36
65.443014 6.36
65.513861 6.36
65.578003 6.36
65.641862 6.36
65.710863 6.36
65.780129 6.36
65.838738 6.36
65.904742 6.36
65.970615 6.36
66.024114 6.36
66.087990 6.36
66.151895 6.36
66.220882 6.36
66.289868 6.36
66.363742 6.36
66.424135 6.36
66.487869 6.36
66.561870 6.36
66.631752 6.36
66.697618 6.36
66.766620 6.36
66.825138 6.36
66.888746 6.36
66.957889 6.36
67.016747 6.36
67.080373 6.36
67.140499 6.36
67.204373 6.36
67.263000 6.36
67.331876 6.36
67.400751 6.36
67.459141 6.36
67.522750 6.36
67.581144 6.36
67.639752 6.36
67.710886 6.36
67.779753 6.36
67.843379 6.36
67.901881 6.36
67.971005 6.36
68.040172 6.36
68.091762 6.36
68.155760 6.36
68.229757 6.36
68.298758 6.36
68.372884 6.36
68.436764 6.36
68.500387 6.36
68.551764 6.36
68.615263 6.36
68.673637 6.36
68.728639 6.36
68.783893 6.36
68.842765 6.36
68.906764 6.36
68.970763 6.36
69.026514 6.36
69.085264 6.36
69.138890 6.36
69.202640 6.36
69.249891 6.36
69.308766 6.36
69.382767 6.36
69.451641 6.36
69.525645 6.36
69.584020 6.36
69.652646 6.36
69.711022 6.36
69.779647 6.36
69.843272 6.36
69.896771 6.36
69.970646 6.36
70.039647 6.36
70.108397 6.36
70.182523 6.36
70.236273 6.36
70.289648 6.36
70.348274 6.36
70.406649 6.36
70.465041 6.36
70.528776 6.36
70.592653 6.36
70.651030 6.36
70.719656 6.36
70.779781 6.36
70.833031 6.36
70.901656 6.36
70.965294 6.36
71.016658 6.36
71.075298 6.36
71.130530 6.36
71.189421 6.36
71.253407 6.36
71.317407 6.36
71.375909 6.36
71.439658 6.36
71.510050 6.36
71.568659 6.36
71.632535 6.36
71.679785 6.36
71.733178 6.36
71.782912 6.36
71.841536 6.36
71.888787 6.36
71.939412 6.36
72.003303 6.36
72.071914 6.36
72.135539 6.36
72.182789 6.36
72.242415 6.36
72.306165 6.36
72.364540 6.36
72.429568 6.36
72.494292 6.36
72.558804 6.36
72.622300 6.36
72.685923 6.36
72.754546 6.36
72.812922 6.36
72.881548 6.36
72.955546 6.36
73.019296 6.36
73.082922 6.36
73.141547 6.36
73.199923 6.36
73.258548 6.36
73.327674 6.36
73.398077 6.36
73.456549 6.36
73.520192 6.36
73.582050 6.36
73.640834 6.36
73.709559 6.36
73.769558 6.36
73.829555 6.36
73.889557 6.36
73.949558 6.36
74.008341 6.36
74.062201 6.36
74.120804 6.36
74.185931 6.36
74.249431 6.36
74.304431 6.36
74.359432 6.36
74.414431 6.36
74.483057 6.36
74.541433 6.36
74.588684 6.36
74.639326 6.36
74.702817 6.36
74.771440 6.36
74.835064 6.36
74.893439 6.36
74.940689 6.36
74.991315 6.36
75.054822 6.68
75.124454 6.36
75.188824 6.36
75.247439 6.36
75.311093 6.36
75.364439 6.36
75.423094 6.36
75.476690 6.36
75.540691 6.36
75.610442 6.36
75.685071 6.36
75.743699 6.36
75.812443 6.36
75.876098 6.36
75.929695 6.36
75.993194 6.68
76.067220 6.68
76.141450 6.68
76.215447 6.68
76.279088 6.36
76.332699 6.68
76.396450 6.68
76.465452 6.36
76.540103 6.36
76.604104 6.36
76.674519 6.36
76.733707 6.36
76.793829 6.36
76.852452 6.36
76.924455 6.36
76.999082 6.36
77.059456 6.36
77.117983 6.36
77.176454 6.36
77.245459 6.36
77.309584 6.36
77.383471 6.36
77.443345 6.36
77.517587 6.36
77.576334 6.36
77.623707 6.36
77.682338 6.36
77.738974 6.36
77.792458 6.36
77.848340 6.36
77.895714 6.36
77.964466 6.36
78.028464 6.36
78.092337 6.36
78.150978 6.36
78.204587 6.36
78.263716 6.36
78.322467 6.36
78.391340 6.36
78.460717 6.36
78.524468 6.36
78.588471 6.36
78.662469 6.36
78.736342 6.36
78.799989 6.36
78.858343 6.36
78.932468 6.36
78.996346 6.36
79.059973 6.36
79.118346 6.36
79.187346 6.36
79.261471 6.36
79.330346 6.36
79.393976 6.36
79.445349 6.36
79.509001 6.36
79.563994 6.36
79.615242 6.36
79.670479 6.36
79.749368 6.36
79.803259 6.36
79.866853 6.36
79.925226 6.36
79.978603 6.36
80.042979 6.36
80.111855 6.36
80.175602 6.36
80.244232 6.36
80.299232 6.36
80.346480 6.36
80.410355 6.36
80.466253 6.36
80.529878 6.36
80.598607 6.36
80.653486 6.36
80.704358 6.36
80.760257 6.36
80.823987 6.36
80.882860 6.36
80.941611 6.36
81.000235 6.36
81.058614 6.36
81.122491 6.36
81.186612 6.36
81.255238 6.36
81.320129 6.36
81.383864 6.36
81.447617 6.36
81.511489 6.36
81.585621 6.36
81.649382 6.36
81.718991 6.36
81.777616 6.36
81.836497 6.36
81.890494 6.36
81.954245 6.36
82.014375 6.36
82.074744 6.36
82.128369 6.36
82.197373 6.36
82.261626 6.36
82.320496 6.36
82.379633 6.36
82.435256 6.36
82.499374 6.36
82.558498 6.36
82.622378 6.36
82.681631 6.36
82.740754 6.36
82.790637 6.36
82.850061 6.36
82.905504 6.36
82.964376 6.36
83.033270 6.36
83.102378 6.36
83.176149 6.36
83.223379 6.36
83.274041 6.36
83.338135 6.36
83.385380 6.36
83.444504 6.36
83.503131 6.36
83.550382 6.36
83.601009 6.36
83.664882 6.36
83.723507 6.36
83.792383 6.36
83.861384 6.36
83.930145 6.36
83.999137 6.36
84.062763 6.36
84.122056 6.36
84.184636 6.36
84.248403 6.36
84.317261 6.36
84.391404 6.36
84.460388 6.36
84.529389 6.36
84.593389 6.36
84.657264 6.36
84.731521 6.36
84.800157 6.36
84.874020 6.36
84.937767 6.36
84.998401 6.36
85.057142 6.36
85.121166 