0.000000 0.000000
0.047014 42.78
0.108145 42.78
0.191891 42.78
0.256478 42.78
0.312607 42.22
0.368604 42.22
0.424605 42.22
0.480606 42.22
0.536605 42.22
0.592607 42.22
0.648608 42.22
0.704799 42.22
0.766251 42.22
0.831506 42.22
0.891370 42.22
0.956490 42.22
1.016128 42.22
1.091000 42.22
1.155358 42.22
1.224124 42.22
1.284883 42.22
1.358612 42.22
1.418154 42.22
1.501901 42.22
1.571489 42.22
1.630765 42.22
1.694764 42.22
1.758614 42.22
1.822764 42.22
1.896618 42.22
1.960618 42.22
2.019766 42.22
2.083616 42.22
2.147616 42.22
2.211766 42.22
2.275617 42.22
2.339618 42.22
2.403618 42.22
2.467622 42.22
2.531620 42.22
2.595620 42.22
2.659621 42.22
2.723621 42.22
2.787621 42.22
2.851621 42.22
2.915652 42.22
2.979650 42.22
3.043651 42.22
3.107651 42.22
3.171626 42.22
3.235653 42.22
3.290775 42.22
3.359626 42.22
3.423627 42.22
3.487627 42.22
3.551628 42.22
3.615630 42.22
3.679629 41.67
3.743629 41.67
3.807630 41.67
3.871630 41.67
3.935645 41.67
3.990659 41.67
4.054632 41.67
4.118632 41.67
4.182635 41.67
4.246633 41.67
4.310633 41.67
4.374634 41.67
4.438635 41.67
4.502636 41.67
4.572151 41.67
4.631135 41.67
4.695153 41.67
4.759150 41.67
4.823153 41.67
4.897638 41.67
4.961640 41.67
5.025640 41.67
5.090764 41.67
5.159514 41.67
5.217890 41.67
5.286515 41.67
5.341390 41.67
5.401391 41.67
5.454643 41.67
5.525019 41.67
5.580019 41.67
5.635020 41.67
5.689518 41.67
5.747894 41.67
5.808020 41.67
5.853519 41.67
5.902895 41.67
5.966395 41.67
6.019647 41.67
6.093397 41.67
6.146647 41.67
6.220397 41.67
6.273649 41.67
6.347398 41.67
6.400650 41.67
6.474400 41.67
6.525150 41.67
6.588651 41.67
6.662401 41.67
6.715652 41.67
6.789402 41.67
6.842653 41.67
6.916403 41.67
6.969655 41.67
7.043404 41.67
7.096656 41.67
7.170405 41.67
7.223657 41.67
7.297406 41.67
7.350658 41.67
7.424407 41.67
7.477658 41.67
7.551408 41.67
7.606409 41.67
7.661284 41.67
7.721284 41.67
7.781285 41.67
7.839661 41.67
7.913412 41.67
7.968286 41.67
8.028287 41.67
8.088288 41.67
8.148288 41.67
8.208288 41.67
8.268289 41.67
8.321539 41.67
8.391916 41.67
8.446917 41.67
8.501917 41.67
8.556917 41.67
8.611416 41.67
8.660792 41.67
8.720918 41.67
8.766418 41.67
8.815793 41.67
8.875919 41.67
8.921419 41.67
8.972045 41.67
9.035545 41.67
9.109295 41.67
9.162545 41.67
9.236297 41.67
9.289547 41.67
9.363298 41.67
9.416548 41.67
9.490299 41.67
9.543549 41.67
9.617300 41.67
9.670550 41.67
9.744301 41.67
9.797551 41.67
9.871301 41.67
9.924552 41.67
9.998302 41.67
10.051553 41.67
10.125304 41.67
10.178554 41.67
10.252304 41.67
10.307305 41.67
10.362305 41.67
10.415556 41.67
10.489307 41.67
10.542557 41.67
10.616309 41.67
10.671183 41.67
10.731183 41.67
10.791184 41.67
10.851185 41.67
10.911185 41.67
10.964436 41.67
11.034813 41.67
11.098312 41.67
11.153187 41.67
11.206437 41.67
11.276815 41.67
11.331815 41.67
11.386816 41.67
11.441816 41.67
11.496314 41.67
11.545691 41.67
11.605817 41.67
11.660317 41.67
11.710942 41.67
11.774443 41.67
11.848193 41.67
11.901443 41.67
11.975193 41.67
12.028444 41.67
12.102195 41.67
12.155445 41.67
12.229197 41.67
12.282446 41.67
12.356197 41.67
12.409448 41.67
12.483198 41.67
12.536449 41.67
12.610199 41.67
12.663450 41.67
12.737200 41.67
12.790451 41.67
12.864201 41.67
12.917590 41.67
12.972847 41.67
13.047454 41.67
13.111454 41.67
13.180330 41.67
13.249580 41.67
13.314096 41.67
13.377861 41.67
13.457457 41.67
13.521332 41.67
13.590208 41.67
13.664333 41.67
13.719459 41.67
13.779739 41.67
13.843865 41.67
13.897461 41.67
13.956336 41.67
14.016743 41.67
14.078742 41.67
14.140744 41.67
14.199463 41.67
14.254746 41.67
14.318714 41.67
14.387589 41.67
14.451340 41.67
14.520215 41.67
14.585747 41.67
14.644341 41.67
14.704746 41.67
14.763467 41.67
14.822218 41.67
14.891218 41.67
14.960219 41.67
15.029220 41.67
15.098220 41.67
15.167221 41.67
15.236346 41.67
15.305222 41.67
15.379347 41.67
15.453223 41.67
15.517349 41.67
15.586474 41.67
15.650350 41.67
15.714350 41.67
15.783879 41.67
15.847756 41.67
15.908227 41.67
15.982352 41.67
16.051881 41.67
16.115607 41.67
16.181354 41.67
16.250884 41.67
16.314609 41.67
16.380355 41.67
16.451635 41.67
16.512121 41.67
16.561482 41.67
16.616637 41.67
16.677123 41.67
16.729637 41.67
16.793763 41.67
16.852484 41.67
16.906235 41.67
16.966640 41.67
17.030764 41.67
17.089615 41.67
17.153766 41.67
17.212616 41.67
17.276765 41.67
17.335615 41.67
17.399768 41.67
17.458623 41.67
17.517364 41.67
17.576241 41.67
17.640133 41.67
17.704366 41.67
17.763133 41.67
17.832368 41.67
17.891010 41.67
17.944368 41.67
18.003244 41.67
18.072771 41.67
18.136774 41.67
18.200772 41.67
18.259370 41.67
18.318246 41.67
18.387775 41.67
18.446657 41.67
18.521248 41.67
18.585249 41.67
18.654777 41.67
18.713657 41.67
18.788250 41.67
18.852251 41.67
18.916376 41.67
18.980376 41.67
19.039127 41.67
19.103142 41.67
19.172253 41.67
19.229021 41.67
19.298254 41.67
19.362380 41.67
19.416130 41.67
19.480147 41.67
19.539148 41.67
19.603148 41.67
19.667257 41.67
19.726150 41.67
19.790258 41.67
19.849149 41.67
19.913259 41.67
19.972152 41.67
20.031135 41.67
20.095153 41.67
20.159261 41.67
20.218155 41.67
20.282262 41.67
20.341154 41.67
20.405263 41.67
20.464155 41.67
20.523139 41.67
20.587156 41.67
20.646140 41.67
20.710158 41.67
20.769141 41.67
20.833156 41.67
20.892142 41.67
20.956160 41.67
21.020268 41.67
21.079158 41.67
21.143269 41.67
21.202159 41.67
21.266270 41.67
21.325164 41.67
21.389271 41.67
21.448163 41.67
21.512272 41.67
21.571165 41.67
21.635273 41.67
21.694164 41.67
21.758041 41.67
21.823149 41.67
21.887167 41.67
21.951276 41.67
22.010168 41.67
22.074276 41.67
22.128044 41.67
22.196920 41.67
22.250403 41.67
22.301778 41.67
22.355403 41.67
22.401404 41.67
22.470050 41.67
22.540433 41.67
22.586047 41.67
22.649921 41.67
22.700532 41.67
22.759282 41.67
22.813049 41.67
22.881925 41.67
22.932533 41.67
22.991284 41.67
23.045050 41.67
23.115440 41.67
23.161052 41.67
23.234814 41.67
23.285536 41.67
23.344287 41.67
23.398054 41.67
23.471802 41.67
23.525413 41.67
23.594054 41.67
23.658055 41.67
23.731805 41.67
23.785415 41.67
23.849415 41.67
23.918059 41.67
23.982060 41.67
24.051057 41.67
24.124824 41.67
24.178418 41.67
24.242419 41.67
24.316419 41.67
24.380420 41.67
24.450824 41.11
24.504421 41.67
24.574702 41.11
24.624422 41.67
24.688422 41.67
24.752423 41.67
24.816065 41.67
24.889817 41.67
24.942329 41.67
24.988067 41.67
25.041816 41.67
25.094331 41.67
25.140068 41.67
25.198829 41.67
25.269333 41.67
25.315069 41.67
25.373818 41.67
25.426334 41.11
25.472069 41.67
25.525822 41.67
25.584834 41.67
25.655334 41.11
25.714306 41.11
25.778073 41.11
25.846825 41.11
25.897431 41.67
25.960932 41.11
26.034683 41.11
26.087933 41.11
26.161684 41.11
26.225309 41.11
26.293934 41.67
26.367686 41.11
26.420935 41.11
26.494687 41.11
26.547936 41.11
26.621688 41.11
26.674938 41.11
26.748688 41.11
26.801938 41.11
26.875690 41.11
26.928940 41.11
27.002691 41.11
27.055941 41.11
27.129692 41.11
27.182941 41.11
27.256693 41.11
27.311693 41.67
27.366568 41.11
27.426568 41.11
27.486569 41.11
27.544945 41.11
27.618696 41.11
27.673570 41.11
27.733570 41.11
27.793571 41.11
27.853572 41.11
27.906823 41.11
27.971948 41.11
28.045699 41.11
28.095074 41.11
28.155200 41.11
28.210201 41.11
28.264701 41.11
28.314075 41.11
28.374202 41.11
28.419703 41.11
28.478077 41.11
28.541578 41.11
28.594828 41.11
28.668578 41.11
28.721829 41.11
28.795579 41.11
28.848830 41.11
28.922580 41.11
28.975831 41.11
29.049581 41.11
29.102832 41.11
29.176582 41.11
29.229833 41.11
29.303583 41.11
29.356834 41.11
29.430586 41.11
29.483835 41.11
29.557586 41.11
29.610836 41.11
29.684587 41.11
29.737837 41.11
29.811587 41.11
29.864838 41.11
29.938588 41.11
30.002214 41.11
30.072589 41.11
30.125841 41.11
30.199591 41.11
30.254466 41.11
30.312842 41.11
30.386593 41.11
30.441468 41.11
30.501468 41.11
30.561469 41.11
30.621469 41.11
30.674720 41.11
30.745096 41.11
30.808601 41.11
30.866971 41.11
30.927098 41.11
30.981602 41.11
31.039973 41.11
31.100099 41.11
31.155099 41.11
31.200605 41.11
31.258975 41.11
31.322475 41.11
31.375725 41.11
31.449476 41.11
31.502726 41.11
31.576477 41.11
31.629727 41.11
31.700104 41.11
31.745606 41.11
31.796229 41.11
31.859730 41.11
31.933480 41.11
31.986730 41.11
32.060481 41.11
32.113731 41.11
32.187482 41.11
32.240732 41.11
32.314486 41.11
32.373124 41.11
32.437127 41.11
32.511610 41.11
32.570615 41.11
32.634615 41.11
32.693615 41.11
32.752615 41.11
32.811615 41.11
32.870615 41.11
32.934623 41.11
32.993623 41.11
33.052769 41.11
33.111770 41.11
33.165767 41.11
33.219623 41.11
33.278623 41.11
33.337623 41.11
33.396624 41.11
33.455660 41.11
33.520011 41.11
33.579013 41.11
33.643137 41.11
33.698135 41.11
33.754121 41.11
33.813135 41.11
33.873246 41.11
33.928247 41.11
33.988497 41.11
34.047498 41.11
34.113015 41.11
34.158498 41.11
34.209123 41.11
34.273017 41.11
34.337140 41.11
34.398500 41.11
34.462655 41.11
34.517657 41.11
34.587018 41.11
34.651144 41.11
34.711143 41.11
34.770145 41.11
34.844504 41.11
34.908661 41.11
34.978023 41.11
35.052661 41.11
35.122149 41.11
35.196660 41.11
35.266026 41.11
35.330150 41.11
35.396024 41.11
35.455026 41.11
35.529666 41.11
35.583666 41.11
35.637665 41.11
35.691511 41.11
35.750511 41.11
35.809511 41.11
35.868667 41.11
35.927668 41.11
35.981513 41.11
36.040514 41.11
36.099514 41.11
36.158514 41.11
36.217515 41.11
36.276670 41.11
36.326672 41.11
36.376516 41.11
36.431517 41.11
36.490517 41.11
36.545673 41.11
36.595518 41.11
36.650519 41.11
36.705519 41.11
36.760519 41.11
36.815520 41.11
36.870521 41.11
36.925521 41.11
36.980521 41.11
37.035522 41.11
37.090522 41.11
37.145523 41.11
37.200523 41.11
37.255524 41.11
37.310524 41.11
37.365525 41.11
37.420524 41.11
37.475525 41.11
37.530526 41.11
37.585526 41.11
37.640527 41.11
37.704527 41.11
37.763528 41.11
37.827528 41.11
37.886529 41.11
37.950529 41.11
38.009530 41.11
38.073530 41.11
38.132530 41.11
38.201281 41.11
38.275407 41.11
38.339532 41.11
38.408408 41.11
38.477408 41.11
38.551409 41.11
38.615535 41.11
38.679410 41.11
38.753286 41.11
38.818815 41.11
38.875287 41.11
38.939537 41.11
39.003287 41.11
39.072413 41.11
39.137820 41.11
39.196539 41.11
39.255540 41.11
39.315818 41.11
39.379695 41.11
39.438416 41.11
39.502807 41.11
39.559059 41.11
39.618060 41.11
39.681699 41.11
39.727418 41.11
39.797062 41.11
39.860811 41.11
39.924545 41.11
39.983546 41.11
40.047546 41.11
40.106297 41.11
40.175422 41.11
40.249422 41.11
40.314066 41.11
40.373064 41.11
40.436703 41.11
40.500827 41.11
40.570425 41.11
40.634819 41.11
40.704067 41.11
40.763067 41.11
40.823302 41.11
40.887553 41.11
40.951428 41.11
41.020429 41.11
41.089429 41.11
41.158430 41.11
41.227431 41.11
41.296431 41.11
41.365431 41.11
41.434432 41.11
41.503308 41.11
41.572308 41.11
41.641434 41.11
41.710840 41.11
41.785435 41.11
41.854840 41.11
41.913714 41.11
41.977561 41.11
42.027437 41.11
42.087717 41.11
42.151843 41.11
42.205438 41.11
42.264188 41.11
42.328315 41.11
42.383191 41.11
42.448719 41.11
42.507441 41.11
42.566316 41.11
42.626723 41.11
42.688723 41.11
42.752835 41.11
42.811443 41.11
42.870443 41.11
42.929319 41.11
42.993320 41.11
43.062849 41.11
43.126849 41.11
43.190850 41.11
43.249724 41.11
43.308447 41.11
43.367323 41.11
43.431323 41.11
43.500851 41.11
43.559730 41.11
43.634450 41.11
43.698326 41.11
43.767854 41.11
43.826856 41.11
43.885730 41.11
43.944452 41.11
44.003203 41.11
44.067329 41.11
44.136855 41.11
44.200733 41.11
44.261097 41.11
44.316096 41.11
44.371099 41.11
44.425858 41.11
44.484735 41.11
44.559333 41.11
44.619458 41.11
44.678334 41.11
44.742584 41.11
44.803101 41.11
44.852460 41.11
44.911228 41.11
44.975227 41.11
45.039101 41.11
45.104623 41.11
45.168587 41.11
45.232587 41.11
45.291213 41.11
45.360230 41.11
45.430608 41.11
45.490590 41.11
45.559340 41.11
45.628108 41.11
45.697109 41.11
45.766107 41.11
45.835110 41.11
45.904114 41.11
45.973111 41.11
46.042112 41.11
46.111113 41.11
46.180112 41.11
46.249113 41.11
46.318113 41.11
46.392114 41.11
46.461114 41.11
46.530116 41.11
46.599114 41.11
46.668115 41.11
46.737118 41.11
46.806350 41.11
46.870351 41.11
46.929227 41.11
46.993118 41.11
47.062353 41.11
47.121229 41.11
47.185118 41.11
47.254354 41.11
47.313230 41.11
47.367773 41.11
47.432762 41.11
47.500482 41.11
47.547614 41.11
47.607244 41.11
47.661487 41.11
47.720767 41.11
47.774484 41.11
47.838484 41.11
47.904368 41.67
47.954617 41.67
48.011523 41.67
48.066612 41.67
48.125486 41.67
48.191372 41.67
48.241781 41.67
48.302135 41.67
48.366132 41.67
48.435130 41.67
48.501029 41.67
48.560494 41.67
48.624492 41.67
48.688491 41.67
48.762810 41.67
48.823790 41.67
48.888121 41.67
48.947135 41.67
49.011244 41.67
49.067026 41.67
49.122247 41.67
49.181245 41.67
49.240245 41.67
49.299245 41.67
49.353126 41.67
49.408250 41.67
49.463662 41.67
49.522653 41.67
49.581656 42.22
49.642571 42.22
49.698130 42.22
49.762252 42.22
49.821251 42.22
49.880140 42.22
49.939132 42.22
49.998504 42.22
50.053783 42.22
50.103503 42.22
50.159502 42.22
50.215507 42.22
50.271506 42.22
50.330022 42.22
50.394021 42.22
50.464409 42.22
50.510156 42.22
50.560025 42.22
50.624149 42.22
50.683023 42.22
50.753413 42.22
50.799040 42.22
50.869265 42.22
50.931436 42.22
50.985511 42.22
51.055153 42.22
51.114265 42.22
51.173513 42.22
51.232387 42.22
51.296386 42.22
51.365030 42.22
51.431034 42.22
51.495516 42.22
51.554390 42.78
51.618389 42.78
51.682533 42.78
51.757896 42.78
51.822144 42.78
51.881035 42.78
51.950392 42.78
52.020148 42.78
52.074037 42.78
52.137909 42.78
52.207036 42.78
52.281150 42.78
52.337059 42.78
52.397044 42.78
52.461149 42.78
52.515536 42.78
52.575278 42.78
52.632900 42.78
52.696819 42.78
52.762929 42.78
52.825345 42.78
52.895531 42.78
52.952165 42.78
53.018802 43.33
53.078415 43.33
53.139030 43.33
53.199835 43.33
53.255046 43.33
53.324169 43.33
53.388779 43.33
53.459306 43.33
53.508779 43.33
53.561309 43.33
53.606780 43.33
53.666656 43.33
53.731052 43.33
53.790157 43.33
53.854161 43.33
53.912783 43.33
53.981685 43.33
54.046699 43.33
54.111685 43.33
54.165159 43.33
54.228689 43.33
54.293666 43.33
54.347052 43.33
54.410932 43.33
54.469788 43.33
54.538924 43.33
54.598065 43.33
54.654354 43.33
54.717917 43.33
54.781789 43.33
54.845806 43.33
54.919696 43.33
54.983840 43.33
55.047792 43.33
55.107057 43.33
55.170698 43.33
55.234811 43.33
55.303810 43.33
55.377696 43.33
55.446700 43.33
55.500174 43.33
55.555171 43.33
55.605171 43.33
55.656548 43.33
55.710172 43.33
55.766074 43.33
55.824674 43.33
55.879173 43.33
55.934062 43.33
55.997815 43.33
56.066705 43.33
56.116300 43.33
56.176551 43.33
56.233204 43.33
56.282802 43.33
56.341704 43.33
56.394200 43.33
56.439803 43.33
56.494679 43.33
56.544053 43.33
56.604206 43.33
56.649821 43.33
56.718710 43.33
56.769308 43.33
56.828432 43.33
56.887182 43.33
56.951183 43.89
57.020062 43.33
57.078684 43.89
57.129309 43.89
57.193059 43.89
57.251714 43.89
57.315560 43.89
57.379560 43.89
57.443816 43.89
57.512688 43.33
57.581688 43.33
57.650813 43.33
57.714690 43.33
57.783564 43.33
57.847565 43.33
57.911719 43.33
57.970694 43.33
58.035943 43.33
58.104569 43.33
58.159569 43.33
58.214570 43.33
58.269570 43.33
58.324446 43.33
58.384086 43.33
58.448211 43.33
58.512195 43.33
58.571087 42.78
58.635086 42.78
58.699202 42.78
58.768730 42.78
58.832840 42.78
58.891572 42.78
58.942199 42.78
58.997199 42.78
59.066711 42.78
59.136850 42.78
59.186740 42.78
59.247091 42.78
59.312202 42.78
59.367201 42.78
59.422202 42.78
59.487334 42.78
59.551886 42.78
59.601976 42.78
59.655580 42.78
59.719707 42.78
59.783580 42.78
59.842580 42.78
59.902456 42.78
59.967714 42.78
60.031755 42.78
60.086709 42.78
60.150709 42.78
60.209583 42.78
60.273710 42.78
60.334459 42.78
60.387741 42.78
60.451737 42.78
60.515739 42.78
60.579586 42.78
60.643713 42.78
60.707588 42.78
60.771088 42.78
60.839713 42.78
60.913463 42.78
60.968464 42.78
61.023464 42.78
61.084476 42.78
61.158472 42.78
61.213344 42.78
61.273343 42.78
61.333345 42.78
61.393345 42.78
61.447095 42.78
61.521469 42.78
61.585469 42.78
61.638863 42.78
61.697471 42.78
61.766616 42.78
61.825604 42.78
61.896003 42.78
61.945740 42.78
62.009473 42.78
62.062005 42.78
62.107474 42.78
62.162607 42.78
62.226474 42.78
62.281754 42.78
62.331603 42.78
62.386604 42.78
62.441755 42.78
62.510606 42.78
62.565477 42.78
62.616228 42.78
62.676119 42.78
62.739607 42.78
62.794479 42.78
62.854105 42.78
62.928484 42.78
62.987611 42.78
63.056356 42.78
63.116759 42.78
63.175611 42.78
63.234611 42.78
63.298483 42.78
63.362127 42.78
63.431611 42.78
63.497360 42.78
63.557762 42.78
63.611486 42.78
63.676740 42.78
63.745365 42.78
63.800365 42.78
63.855365 42.78
63.908618 42.78
63.982369 42.78
64.051490 42.78
64.125365 42.78
64.178882 42.78
64.242491 42.78
64.316367 42.78
64.381492 42.78
64.436624 42.78
64.495368 42.78
64.565870 42.78
64.624369 42.78
64.688494 42.78
64.747496 42.78
64.806496 42.78
64.865496 42.78
64.920497 42.78
64.975497 42.78
65.030497 42.78
65.091030 42.78
65.160771 42.78
65.216015 42.78
65.277250 42.78
65.351375 42.78
65.407250 42.78
65.471502 42.78
65.530502 42.78
65.585502 42.78
65.640503 42.78
65.695377 42.78
65.759378 42.78
65.823815 42.78
65.879797 42.78
65.945379 42.78
66.008896 42.78
66.077880 42.78
66.147021 42.78
66.221266 42.78
66.276260 42.78
66.329510 42.78
66.403261 42.78
66.456511 42.78
66.530712 42.78
66.586902 42.78
66.656386 42.78
66.726028 42.78
66.781262 42.78
66.851791 42.78
66.911046 42.78
66.970518 42.78
67.029263 42.78
67.098264 42.78
67.162390 42.78
67.231794 42.78
67.300782 42.78
67.370034 42.78
67.433784 42.78
67.495392 42.78
67.564768 42.78
67.626518 42.78
67.690393 42.78
67.759144 42.78
67.833395 42.78
67.907395 42.78
67.971521 42.78
68.035147 42.78
68.109272 42.78
68.165273 42.78
68.230273 42.78
68.304399 42.78
68.378399 42.78
68.442400 42.78
68.516275 42.78
68.590276 42.78
68.659276 42.78
68.728722 42.78
68.803907 42.78
68.878405 42.78
68.947279 42.78
69.016279 42.78
69.085423 42.78
69.151163 42.78
69.209665 42.78
69.273160 42.78
69.328160 42.78
69.381410 42.78
69.455306 42.78
69.525412 42.78
69.575411 42.78
69.634052 42.78
69.694160 42.78
69.759691 42.78
69.834308 42.78
69.896702 42.78
69.960787 42.78
70.019412 42.78
70.079692 42.78
70.143789 42.78
70.207811 42.78
70.269700 42.78
70.333694 42.78
70.397540 42.78
70.457697 42.78
70.516416 42.78
70.575295 42.78
70.639293 42.78
70.694417 42.78
70.749696 42.78
70.813544 42.78
70.868699 42.78
70.939170 42.78
70.993673 42.78
71.062546 42.78
71.121421 42.78
71.180297 42.78
71.244298 42.78
71.308424 42.78
71.367175 42.78
71.431174 42.78
71.500174 42.78
71.569175 42.78
71.638175 42.78
71.712302 42.78
71.771816 42.78
71.830427 42.78
71.894178 42.78
71.963178 42.78
72.032179 42.78
72.101180 42.78
72.170195 42.78
72.235430 42.78
72.304181 42.78
72.368181 42.78
72.437056 42.78
72.491932 42.78
72.551948 42.78
72.615712 42.78
72.679712 42.78
72.739934 42.78
72.798560 42.78
72.849950 42.78
72.903189 42.78
72.973567 42.78
73.028063 42.78
73.078692 42.78
73.142192 42.78
73.212569 42.78
73.258066 42.78
73.327314 42.78
73.391315 42.78
73.450190 42.78
73.514083 42.78
73.583191 42.78
73.642194 42.78
73.701193 42.22
73.765084 42.78
73.834318 42.78
73.893319 42.78
73.952319 42.78
74.011722 42.78
74.070740 42.78
74.135198 42.78
74.204321 42.78
74.262961 42.78
74.316196 42.78
74.380072 42.78
74.449323 42.78
74.513198 42.78
74.576995 42.78
74.632457 42.78
74.688202 42.78
74.752326 42.78
74.816326 42.78
74.875326 42.78
74.934202 42.78
74.993094 42.22
75.058453 42.78
75.124096 42.78
75.192737 42.78
75.247847 42.22
75.302580 42.22
75.362846 42.78
75.421581 42.78
75.485456 42.78
75.536846 42.78
75.595457 42.78
75.646847 42.78
75.701583 42.78
75.760465 42.78
75.829460 42.78
75.893460 42.78
75.962085 42.78
76.027496 42.78
76.073099 42.22
76.138489 42.78
76.184103 42.22
76.266338 42.22
76.321466 42.22
76.366964 42.78
76.417590 42.22
76.481090 42.78
76.554857 42.78
76.608109 42.78
76.676980 42.22
76.727593 42.78
76.791092 42.22
76.860109 42.78
76.928847 42.78
76.982093 42.78
77.050969 42.22
77.114469 42.22
77.188345 42.22
77.251873 42.22
77.305113 42.22
77.373848 42.22
77.427098 42.22
77.490866 42.78
77.545876 42.22
77.606116 42.22
77.679876 42.22
77.738350 42.78
77.796850 42.78
77.855350 42.22
77.925991 42.22
77.991102 42.78
78.059869 42.78
78.114478 42.22
78.178478 42.78
78.242120 42.22
78.302104 42.22
78.365857 42.78
78.420480 42.78
78.485759 42.78
78.538980 42.78
78.609386 42.78
78.654884 42.78
78.705482 42.78
78.768987 42.22
78.834388 42.78
78.879885 42.22
78.950389 42.22
78.995887 42.78
79.046485 42.22
79.110111 42.78
79.178739 42.22
79.232112 42.22
79.290765 42.22
79.359767 42.78
79.410488 42.22
79.469238 42.78
79.533241 42.22
79.586869 42.78
79.647243 42.78
79.705894 42.78
79.770148 42.22
79.828741 42.22
79.892881 42.22
79.961759 42.22
80.020243 42.78
80.079010 42.78
80.147744 42.78
80.201374 42.22
80.270378 42.78
80.329370 42.78
80.403374 42.78
80.467659 42.22
80.532017 42.22
80.590873 42.22
80.660016 42.22
80.716778 42.22
80.777263 42.22
80.828881 42.78
80.888024 42.22
80.957155 42.78
81.008627 42.78
81.063510 42.78
81.128378 42.22
81.192021 42.22
81.255880 42.78
81.320253 42.22
81.373284 42.22
81.419019 42.22
81.479285 42.22
81.525024 42.78
81.590309 42.22
81.651258 42.22
81.696759 42.22
81.765757 42.22
81.830044 42.22
81.898663 42.78
81.955009 42.22
82.018789 42.78
82.092665 42.22
82.146135 42.22
82.205261 42.22
82.279139 42.22
82.337667 42.22
82.396780 42.22
82.460779 42.78
82.534668 42.78
82.598389 42.78
82.652265 42.22
82.721032 42.22
82.789795 42.78
82.853792 42.22
82.927671 42.22
83.001648 42.22
83.055034 42.78
83.123670 42.22
83.177393 42.22
83.236052 42.22
83.299676 42.78
83.365020 42.22
83.433673 42.78
83.487271 42.22
83.556038 42.78
83.614771 42.78
83.688676 42.78
83.757678 42.22
83.826650 42.22
83.881524 42.22
83.935149 42.78
84.004025 42.78
84.062655 42.78
84.116151 42.78
84.177681 42.22
84.243153 42.22
84.301684 42.78
84.365699 42.22
84.429684 42.78
84.498529 42.22
84.554680 42.78
84.620156 42.78
84.665656 42.22
84.716406 42.78
84.770047 42.22
84.828703 42.22
84.902661 42.22
84.971813 42.22
85.026783 42.22
85.095533 42.78
85.151534 42.22
85.220664 42.78
85.294800 42.78
85.350054 42.22
85.408537 42.78
85.477943 42.78
85.542180 42.78
85.610802 42.78
85.674538 42.78
85.743692 42.78
85.807695 42.78
85.871806 42.78
85.941182 42.78
86.005182 42.78
86.064167 42.78
86.128168 42.78
86.192184 42.78
86.256169 42.78
86.315169 42.78
86.384700 42.78
86.448701 42.78
86.507701 42.78
86.571701 42.78
86.630701 42.78
86.694702 42.78
86.753703 42.78
86.817701 42.78
86.876702 42.78
86.941064 42.78
87.000191 42.78
87.064192 42.78
87.133706 42.78
87.198068 42.78
87.262194 42.78
87.317069 42.78
87.382552 42.78
87.446706 42.78
87.505681 42.78
87.566054 42.78
87.611553 42.78
87.669929 42.78
87.733429 42.78
87.786680 42.78
87.860430 42.78
87.913682 42.78
87.987431 42.78
88.040683 42.78
88.114432 42.78
88.167684 42.78
88.241433 42.78
88.294685 42.78
88.368434 42.78
88.421685 42.78
88.495435 42.78
88.548690 42.78
88.622436 42.78
88.675687 42.78
88.749437 42.78
88.802688 42.78
88.876438 42.78
88.929690 42.78
89.003439 42.78
89.058439 42.78
89.111691 42.78
89.185440 42.78
89.238692 42.78
89.312442 42.78
89.367317 42.78
89.425694 42.78
89.499443 42.78
89.554319 42.78
89.614319 42.78
89.674319 42.78
89.734320 42.78
89.794321 42.78
89.847571 42.78
89.917947 42.78
89.981447 42.78
90.036322 42.78
90.089573 42.78
90.159950 42.78
90.205449 42.78
90.254824 42.78
90.314951 42.78
90.360450 42.78
90.409826 42.78
90.469952 42.78
90.515452 42.78
90.566077 42.78
90.629577 42.78
90.703335 42.78
90.756581 42.78
90.830330 42.78
90.883579 42.78
90.957330 42.78
91.010580 42.78
91.084331 42.78
91.137581 42.78
91.211332 42.78
91.264583 42.78
91.338333 42.78
91.391584 42.78
91.465334 42.78
91.518584 42.78
91.592335 42.78
91.645586 42.78
91.719336 42.78
91.772586 42.78
91.846337 42.78
91.899587 42.78
91.973338 42.78
92.028339 42.78
92.083214 42.78
92.143214 42.78
92.201590 42.78
92.275340 42.78
92.338841 42.78
92.390217 42.78
92.450217 42.78
92.510218 42.78
92.570218 42.78
92.628721 42.78
92.683875 42.78
92.742603 42.78
92.807876 42.78
92.871988 42.78
92.935876 42.78
93.004749 42.78
93.059473 42.78
93.128878 42.78
93.187607 42.78
93.246474 42.78
93.310350 42.78
93.374603 42.78
93.433226 42.78
93.486475 42.78
93.560227 42.78
93.613476 42.78
93.687227 42.78
93.740477 42.78
93.814228 42.78
93.867478 42.78
93.941241 42.78
93.994480 42.78
94.068235 42.78
94.121481 42.78
94.195231 42.78
94.248482 42.78
94.322232 42.78
94.375621 42.78
94.444235 42.78
94.499247 42.78
94.552484 42.78
94.626239 42.78
94.679487 42.78
94.753236 42.78
94.806486 42.78
94.880236 42.78
94.935113 42.78
94.993488 42.78
95.067239 42.78
95.125615 42.78
95.194239 42.78
95.249115 42.78
95.309115 42.78
95.369116 42.78
95.429116 42.78
95.482367 42.78