0.000000 0.000000
0.041781 3.33
0.101794 2.66
0.162781 2.66
0.227281 2.66
0.277386 2.66
0.327397 2.66
0.377399 2.66
0.437774 2.66
0.492639 2.66
0.547999 2.66
0.606749 2.66
0.670750 2.66
0.740655 2.66
0.811029 2.66
0.865452 2.66
0.930516 4.34
0.985883 4.34
1.046647 4.34
1.094006 4.34
1.149005 4.34
1.207769 4.34
1.271755 4.34
1.335770 4.34
1.400543 4.34
1.460140 4.34
1.511297 4.34
1.575509 4.34
1.639407 4.34
1.703284 4.34
1.767287 4.34
1.831288 4.34
1.896760 4.34
1.960761 4.34
2.024774 4.34
2.088777 4.34
2.152775 4.34
2.216762 4.34
2.280763 4.34
2.344763 4.34
2.408764 4.34
2.472765 4.34
2.536780 4.34
2.595765 4.34
2.659780 4.34
2.723657 4.34
2.787267 4.34
2.851268 4.34
2.915269 4.34
2.979270 4.34
3.048769 4.34
3.112770 4.34
3.176785 4.34
3.240787 4.34
3.304771 4.34
3.354147 4.34
3.407788 4.34
3.471897 4.34
3.530773 4.34
3.589275 4.34
3.645400 4.34
3.708899 4.34
3.777524 4.34
3.824774 4.34
3.874150 4.34
3.932525 4.34
3.979775 4.34
4.038151 4.34
4.096527 4.34
4.154902 4.34
4.223528 4.34
4.281903 4.34
4.350529 4.34
4.408903 4.34
4.477530 4.34
4.535904 4.34
4.604531 4.34
4.662906 4.34
4.731532 4.34
4.789907 4.34
4.858532 4.34
4.916908 4.34
4.985534 4.34
5.043909 4.34
5.112535 4.34
5.170910 4.34
5.239536 4.34
5.297910 4.34
5.366537 4.34
5.424911 4.34
5.493538 4.34
5.553664 4.34
5.608539 4.34
5.666914 4.34
5.735540 4.34
5.795541 4.34
5.855542 4.34
5.915542 4.34
5.975542 4.34
6.035543 4.34
6.095544 4.34
6.155543 4.34
6.215545 4.34
6.275545 4.34
6.328794 4.34
6.397420 4.34
6.452421 4.34
6.503546 4.34
6.567046 4.34
6.625421 4.34
6.676547 4.34
6.732299 4.34
6.795798 4.34
6.864424 4.34
6.911675 4.34
6.962301 4.34
7.025800 4.34
7.094426 4.34
7.152801 4.34
7.221427 4.34
7.279802 4.34
7.348428 4.34
7.406803 4.34
7.475429 4.34
7.533804 4.34
7.602430 4.34
7.660805 4.34
7.729431 4.34
7.787806 4.34
7.856432 4.34
7.914807 4.34
7.983433 4.34
8.041808 4.34
8.110434 4.34
8.170561 4.34
8.223810 4.34
8.292435 4.34
8.350811 4.34
8.419436 4.34
8.479438 4.34
8.539439 4.34
8.599439 4.34
8.659441 4.34
8.719440 4.34
8.779440 4.34
8.839442 4.34
8.902941 4.34
8.961317 4.34
9.016318 4.34
9.076442 4.34
9.136444 4.34
9.189694 4.34
9.258320 4.34
9.313321 4.34
9.368320 4.34
9.419444 4.34
9.482945 4.34
9.541321 4.34
9.588571 4.34
9.639196 4.34
9.702697 4.34
9.771323 4.34
9.829698 4.34
9.898325 4.34
9.956699 4.34
10.025325 4.34
10.083700 4.34
10.152327 4.34
10.210700 4.34
10.279328 4.34
10.337702 4.34
10.406328 4.34
10.464703 4.34
10.533330 4.34
10.591704 4.34
10.660330 4.34
10.718705 4.34
10.787331 4.34
10.845706 4.34
10.914333 4.34
10.972708 4.34
11.041333 4.34
11.099708 4.34
11.168334 4.34
11.242335 4.34
11.311476 4.34
11.385336 4.34
11.459337 4.34
11.528219 4.34
11.595356 4.34
11.664338 4.34
11.738339 4.34
11.807221 4.34
11.867604 4.34
11.931223 4.34
11.991606 4.34
12.055341 4.34
12.124224 4.34
12.184606 4.34
12.243367 4.34
12.307224 4.34
12.372735 4.34
12.431371 4.34
12.500369 4.34
12.569226 4.34
12.643971 4.34
12.707737 4.34
12.766228 4.34
12.835372 4.34
12.904372 4.34
12.964741 4.34
13.029099 4.34
13.082740 4.34
13.146229 4.34
13.215501 4.34
13.279375 4.34
13.343229 4.34
13.412229 4.34
13.476229 4.34
13.545234 4.34
13.609236 4.34
13.678231 4.34
13.747234 4.34
13.816235 4.34
13.880382 4.34
13.954380 4.34
14.028382 4.34
14.097235 4.34
14.161235 4.34
14.230235 4.34
14.293734 4.34
14.357236 4.34
14.417240 4.34
14.472237 4.34
14.536238 4.34
14.596752 4.34
14.655387 4.34
14.719239 4.34
14.783113 4.34
14.848864 4.34
14.912740 4.34
14.971391 4.34
15.035390 4.34
15.099390 4.34
15.163117 4.34
15.228866 4.34
15.292867 4.34
15.351509 4.34
15.410118 4.34
15.479120 4.34
15.548119 4.34
15.617120 4.34
15.686521 4.34
15.750247 4.34
15.814122 4.34
15.883123 4.34
15.952123 4.34
16.021250 4.34
16.085399 4.34
16.149251 4.34
16.208125 4.34
16.277125 4.34
16.346125 4.34
16.415253 4.34
16.484401 4.34
16.548254 4.34
16.612255 4.34
16.676255 4.34
16.740130 4.34
16.809257 4.34
16.873257 4.34
16.937257 4.34
17.001131 4.34
17.070132 4.34
17.134259 4.34
17.194259 4.34
17.263773 4.34
17.315137 4.34
17.368776 4.34
17.419885 4.34
17.483773 4.34
17.547777 4.34
17.606775 4.34
17.670887 4.34
17.724411 4.34
17.783279 4.34
17.842138 4.34
17.901139 4.34
17.965280 4.34
18.024139 4.34
18.088140 4.34
18.152141 4.34
18.216141 4.34
18.280268 4.34
18.339142 4.34
18.403142 4.34
18.467143 4.34
18.531144 4.34
18.595270 4.34
18.654144 4.34
18.718145 4.34
18.782146 4.34
18.846146 4.34
18.910273 4.34
18.969147 4.34
19.033147 4.34
19.097148 4.34
19.161149 4.34
19.225276 4.34
19.284024 4.34
19.347649 4.34
19.409525 4.34
19.473025 4.34
19.536651 4.34
19.598527 4.34
19.662026 4.34
19.725652 4.34
19.777030 4.34
19.835403 4.34
19.904029 4.34
19.964031 4.34
20.024031 4.34
20.084032 4.34
20.144031 4.34
20.204031 4.34
20.264032 4.34
20.319032 4.34
20.372284 4.34
20.440908 4.34
20.495908 4.34
20.550909 4.34
20.598159 4.34
20.648785 4.34
20.712286 4.34
20.780910 4.34
20.828161 4.34
20.886537 4.34
20.944911 4.34
20.992162 4.34
21.042788 4.34
21.106288 4.34
21.174914 4.34
21.233290 4.34
21.301915 4.34
21.370666 4.34
21.439291 4.34
21.507917 4.34
21.566293 4.34
21.634918 4.34
21.693294 4.34
21.761918 4.34
21.820296 4.34
21.888919 4.34
21.947296 4.34
22.015920 4.34
22.084671 4.34
22.155048 4.34
22.208298 4.34
22.276922 4.34
22.335299 4.34
22.403923 4.34
22.464051 4.34
22.518926 4.34
22.578927 4.34
22.637302 4.34
22.705927 4.34
22.765929 4.34
22.825929 4.34
22.885929 4.34
22.945930 4.34
23.005930 4.34
23.065931 4.34
23.129429 4.34
23.187804 4.34
23.242805 4.34
23.290056 4.34
23.339432 4.34
23.397806 4.34
23.445057 4.34
23.494432 4.34
23.552808 4.34
23.600059 4.34
23.650683 4.34
23.714184 4.34
23.782809 4.34
23.830060 4.34
23.880685 4.34
23.944186 4.34
24.012812 4.34
24.068687 4.34
24.132187 4.34
24.200813 4.34
24.259189 4.34
24.327814 4.34
24.396565 4.34
24.465190 4.34
24.533816 4.34
24.592191 4.34
24.660817 4.34
24.719192 4.34
24.787818 4.34
24.846194 4.34
24.914819 4.34
24.973194 4.34
25.041819 4.34
25.112321 4.34
25.175821 4.34
25.244447 4.34
25.302822 4.34
25.362823 4.34
25.422824 4.34
25.482824 4.34
25.542825 4.34
25.602825 4.34
25.662826 4.34
25.722826 4.34
25.782828 4.34
25.836076 4.34
25.904827 4.34
25.964829 4.34
26.018077 4.34
26.081703 4.34
26.136703 4.34
26.191704 4.34
26.246705 4.34
26.301706 4.34
26.356705 4.34
26.411706 4.34
26.470081 4.34
26.538707 4.34
26.597082 4.34
26.665708 4.34
26.712958 4.34
26.763584 4.34
26.822084 4.34
26.890709 4.34
26.937960 4.34
26.988586 4.34
27.052086 4.34
27.120712 4.34
27.197839 4.34
27.271839 4.34
27.345840 4.34
27.419841 4.34
27.497091 4.34
27.560966 4.34
27.629730 4.34
27.689843 4.34
27.744857 4.34
27.813871 4.34
27.872844 4.34
27.936735 4.34
28.000735 4.34
28.078371 4.34
28.133371 4.34
28.202231 4.34
28.280374 4.34
28.340747 4.34
28.394229 4.34
28.449229 4.34
28.509499 4.34
28.564725 4.34
28.614376 4.34
28.678232 4.34
28.760503 4.34
28.819229 4.34
28.879503 4.34
28.938229 4.34
28.998502 4.34
29.057230 4.34
29.121230 4.34
29.185231 4.34
29.249232 4.34
29.307621 4.34
29.365980 4.34
29.434606 4.34
29.492982 4.34
29.561607 4.34
29.619981 4.34
29.688608 4.34
29.746983 4.34
29.815609 4.34
29.873984 4.34
29.942610 4.34
30.000985 4.34
30.064610 4.34
30.122986 4.34
30.191612 4.34
30.249987 4.34
30.318613 4.34
30.376992 4.34
30.445614 4.34
30.503989 4.34
30.572615 4.34
30.630989 4.34
30.694616 4.34
30.752991 4.34
30.821617 4.34
30.881618 4.34
30.939993 4.34
31.008618 4.34
31.068621 4.34
31.128621 4.34
31.188621 4.34
31.248622 4.34
31.312247 4.34
31.363623 4.34
31.416871 4.34
31.481996 4.34
31.545497 4.34
31.600498 4.34
31.660623 4.34
31.720625 4.34
31.773874 4.34
31.842499 4.34
31.897500 4.34
31.944751 4.34
31.994126 4.34
32.052502 4.34
32.099752 4.34
32.158127 4.34
32.216502 4.34
32.263753 4.34
32.314379 4.34
32.377879 4.34
32.446504 4.34
32.504879 4.34
32.573506 4.34
32.631881 4.34
32.700507 4.34
32.758881 4.34
32.827508 4.34
32.885883 4.34
32.954508 4.34
33.012884 4.34
33.081510 4.34
33.139885 4.34
33.208511 4.34
33.266886 4.34
33.335511 4.34
33.393887 4.34
33.462513 4.34
33.520888 4.34
33.589514 4.34
33.649640 4.34
33.702889 4.34
33.771516 4.34
33.831517 4.34
33.891518 4.34
33.949892 4.34
34.018518 4.34
34.078519 4.34
34.138520 4.34
34.198520 4.34
34.258520 4.34
34.311769 4.34
34.380395 4.34
34.435395 4.34
34.490397 4.34
34.545396 4.34
34.600397 4.34
34.655397 4.34
34.706523 4.34
34.762274 4.34
34.825773 4.34
34.894399 4.34
34.945524 4.34
35.001277 4.34
35.064776 4.34
35.133401 4.34
35.180651 4.34
35.231278 4.34
35.294778 4.34
35.363403 4.34
35.421778 4.34
35.490404 4.34
35.548779 4.34
35.617405 4.34
35.675780 4.34
35.744406 4.34
35.802782 4.34
35.871407 4.34
35.929782 4.34
35.998409 4.34
36.056783 4.34
36.125409 4.34
36.183784 4.34
36.252410 4.34
36.310785 4.34
36.379411 4.34
36.439538 4.34
36.492786 4.34
36.561413 4.34
36.621413 4.34
36.679789 4.34
36.748414 4.34
36.808415 4.34
36.871915 4.34
36.935415 4.34
36.995417 4.34
37.055417 4.34
37.115417 4.34
37.178917 4.34
37.237293 4.34
37.292294 4.34
37.347295 4.34
37.394545 4.34
37.443919 4.34
37.502296 4.34
37.549545 4.34
37.600170 4.34
37.663671 4.34
37.732298 4.34
37.790673 4.34
37.859300 4.34
37.906548 4.34
37.957174 4.34
38.020674 4.34
38.089302 4.34
38.147675 4.34
38.216302 4.34
38.274677 4.34
38.343303 4.34
38.401678 4.34
38.470305 4.34
38.528679 4.34
38.597305 4.34
38.655680 4.34
38.724306 4.34
38.782680 4.34
38.851308 4.34
38.911433 4.34
38.964682 4.34
39.033309 4.34
39.091683 4.34
39.160310 4.34
39.220435 4.34
39.275436 4.34
39.330436 4.34
39.385312 4.34
39.445313 4.34
39.505313 4.34
39.565314 4.34
39.628812 4.34
39.692314 4.34
39.752314 4.34
39.812315 4.34
39.872315 4.34
39.935814 4.34
39.994190 4.34
40.049191 4.34
40.100317 4.34
40.163816 4.34
40.222192 4.34
40.277193 4.34
40.328320 4.34
40.384068 4.34
40.447569 4.68
40.516194 4.34
40.563445 4.34
40.614070 4.34
40.677570 4.34
40.746196 4.34
40.793447 4.34
40.844071 4.34
40.902573 4.34
40.971198 4.34
41.029573 4.34
41.093199 4.34
41.151575 4.34
41.220200 4.34
41.278575 4.34
41.347201 4.34
41.405577 4.34
41.474202 4.34
41.532578 4.34
41.601203 4.34
41.659579 4.34
41.723204 4.34
41.781579 4.34
41.850205 4.34
41.908580 4.34
41.977206 4.34
42.046207 4.34
42.115209 4.34
42.189209 4.34
42.258209 4.34
42.332335 4.34
42.406210 4.34
42.480337 4.34
42.549211 4.34
42.623220 4.34
42.692219 4.34
42.761221 4.34
42.830221 4.34
42.894089 4.34
42.949340 4.34
43.013090 4.34
43.060340 4.34
43.124091 4.34
43.171341 4.34
43.248857 4.34
43.307492 4.34
43.366223 4.34
43.430224 4.34
43.502845 4.34
43.566970 4.34
43.639226 4.34
43.703226 4.34
43.775847 4.34
43.844972 4.34
43.917371 4.34
43.976098 4.34
44.045375 4.34
44.104099 4.34
44.181850 4.34
44.240499 4.34
44.299229 4.34
44.363234 4.34
44.427229 4.34
44.491229 4.34
44.555229 4.34
44.619229 4.34
44.683230 4.34
44.747381 4.34
44.811231 4.34
44.875231 4.34
44.939231 4.34
45.003106 4.34
45.072233 4.34
45.136233 4.34
45.200108 4.34
45.269109 4.34
45.338110 4.34
45.407236 4.34
45.466110 4.34
45.535111 4.34
45.603986 4.34
45.651236 4.34
45.724986 4.34
45.772388 4.34
45.831113 4.34
45.895241 4.34
45.954113 4.34
46.018114 4.34
46.082114 4.34
46.155990 4.34
46.203242 4.34
46.262116 4.34
46.326117 4.34
46.385273 4.34
46.444117 4.34
46.503118 4.34
46.562119 4.34
46.621119 4.34
46.680120 4.34
46.739120 4.34
46.798272 4.34
46.857121 4.34
46.916122 4.34
46.975122 4.34
47.034122 4.34
47.093123 4.34
47.152123 4.34
47.211277 4.34
47.270124 4.34
47.329125 4.34
47.388125 4.34
47.447126 4.34
47.506127 4.34
47.570127 4.34
47.634128 4.34
47.698128 4.34
47.762129 4.34
47.826128 4.34
47.890255 4.34
47.949130 4.34
48.023005 6.36
48.083006 6.36
48.143007 6.36
48.203007 6.36
48.263007 6.36
48.327890 6.68
48.383655 6.68
48.453136 6.68
48.512010 6.68
48.586011 6.68
48.650011 6.68
48.723886 6.68
48.789654 6.68
48.853531 7.02
48.923303 7.02
48.977015 7.02
49.032765 7.02
49.091657 7.02
49.165905 7.02
49.241307 7.37
49.295143 7.37
49.354017 7.37
49.418017 7.37
49.487900 7.37
49.557790 7.37
49.616536 7.37
49.690534 7.37
49.744152 7.69
49.798148 7.69
49.857022 7.69
49.926021 7.69
49.995022 7.69
50.066088 7.69
50.132438 8.03
50.186310 8.03
50.240025 8.03
50.313900 8.03
50.378680 8.03
50.442558 8.03
50.507901 8.03
50.566666 8.03
50.625675 8.35
50.690030 8.35
50.749029 8.35
50.813028 8.35
50.863795 8.35
50.911369 8.35
50.961698 8.70
51.021034 8.70
51.080032 8.70
51.139031 8.70
51.203047 8.70
51.273162 8.70
51.332458 8.70
51.396452 9.04
51.465423 9.04
51.524796 9.04
51.600343 9.04
51.654038 9.04
51.713037 9.04
51.776787 9.04
51.843165 9.36
51.902444 9.36
51.961430 9.36
52.025441 9.36
52.094686 9.36
52.158791 9.36
52.228040 9.36
52.291790 9.71
52.360791 9.71
52.430799 9.71
52.495436 9.71
52.564450 9.71
52.628436 10.03
52.687694 10.03
52.752697 10.03
52.817449 10.03
52.871045 10.03
52.940060 10.03
52.994697 10.03
53.054050 10.03
53.117546 10.03
53.186172 10.03
53.254797 10.03
53.318468 10.03
53.387442 10.03
53.447801 10.03
53.511801 10.03
53.575800 10.03
53.635802 10.03
53.690827 10.03
53.744051 10.03
53.802927 10.03
53.873183 10.03
53.927057 10.03
53.990810 10.03
54.054805 10.03
54.118805 10.03
54.179188 10.03
54.230343 10.03
54.294578 10.03
54.349702 10.03
54.424707 10.03
54.499311 10.03
54.555703 10.03
54.612706 10.03
54.673061 10.03
54.731938 10.03
54.798074 10.03
54.851942 10.03
54.907593 10.03
54.972597 10.03
55.042712 10.03
55.112353 10.03
55.182068 10.03
55.246466 10.03
55.315813 10.03
55.380947 10.03
55.444942 10.03
55.498816 10.03
55.572817 10.03
55.636710 10.03
55.705818 10.03
55.779833 10.03
55.848818 10.03
55.912819 10.03
55.983195 10.03
56.043695 10.03
56.103849 10.03
56.172822 10.03
56.236822 10.03
56.300838 10.03
56.364822 10.03
56.428716 10.03
56.497574 10.03
56.561326 10.03
56.625200 10.03
56.680844 10.03
56.744701 10.37
56.808719 10.37
56.877827 10.37
56.927206 10.37
56.985578 10.03
57.032828 10.03
57.082203 10.03
57.140578 10.03
57.187828 10.03
57.246205 10.03
57.299599 10.03
57.346956 10.03
57.415587 10.03
57.462833 10.03
57.513472 10.03
57.577210 10.03
57.630727 10.03
57.699745 9.71
57.768963 9.04
57.837730 8.70
57.901602 8.03
57.965587 7.37
58.029218 6.68
58.087586 6.68
58.145963 6.68
58.209730 6.68
58.283728 6.68
58.354089 6.68
58.412714 6.68
58.486590 6.68
58.544967 6.68
58.613592 6.68
58.671967 6.68
58.740593 6.68
58.806220 6.68
58.870221 6.68
58.934221 6.68
58.998222 6.68
59.062223 6.68
59.126224 6.68
59.196600 6.68
59.256601 6.68
59.316602 6.68
59.376603 6.68
59.436603 6.68
59.489973 6.68
59.548497 6.68
59.599738 6.68
59.649098 6.68
59.702739 6.68
59.752230 6.68
59.811100 6.68
59.864988 6.68
59.915408 6.68
59.979855 6.68
60.038854 6.68
60.093745 6.68
60.144383 6.68
60.204507 6.68
60.273746 6.68
60.333730 6.68
60.397856 6.68
60.452747 6.68
60.516857 6.36
60.571747 6.68
60.630737 6.68
60.681360 6.68
60.744861 6.68
60.813485 6.68
60.871860 6.68
60.940486 6.36
61.006646 6.68
61.075754 6.68
61.139629 6.68
61.203628 6.68
61.267627 6.68
61.332002 6.68
61.392490 6.36
61.456739 6.36
61.515614 6.36
61.579628 6.36
61.643740 6.36
61.702631 6.36
61.766741 6.36
61.835493 6.36
61.895493 6.36
61.955494 6.36
62.015494 6.36
62.075494 6.36
62.135495 6.36
62.199637 6.36
62.263746 6.36
62.322745 6.36
62.381762 6.36
62.440622 6.36
62.491248 6.36
62.555880 6.36
62.605644 6.36
62.664501 6.36
62.724639 6.36
62.775279 6.36
62.838749 6.36
62.902887 6.36
62.967757 6.36
63.031644 6.36
63.095771 6.36
63.150753 6.36
63.214394 6.36
63.274646 6.36
63.334754 6.36
63.389755 6.36
63.444755 6.36
63.503756 6.36
63.562631 6.36
63.626134 6.36
63.694760 6.36
63.763385 6.36
63.821760 6.36
63.890387 6.36
63.948762 6.36
64.007776 6.36
64.066634 6.36
64.131886 6.36
64.190761 6.36
64.256542 6.36
64.321886 6.36
64.376417 6.36
64.442519 6.36
64.506653 6.36
64.571889 6.36
64.630389 6.36
64.705144 6.36
64.770417 6.36
64.834293 6.36
64.896418 6.36
64.961782 6.36
65.020392 6.36
65.089520 6.36
65.158394 6.36
65.227394 6.36
65.296395 6.36
65.352145 6.36
65.410785 6.36
65.464300 6.36
65.538299 6.36
65.612397 6.36
65.686274 6.36
65.746665 6.36
65.810440 6.36
65.869401 6.36
65.938400 6.36
66.007401 6.36
66.076304 6.36
66.145402 6.36
66.209779 6.36
66.268403 6.36
66.337308 6.36
66.406404 6.36
66.475309 6.36
66.549655 6.36
66.613409 6.36
66.682406 6.36
66.751423 6.36
66.820283 6.36
66.894429 6.36
66.953425 6.36
67.027311 6.36
67.101311 6.36
67.175309 6.36
67.249485 6.36
67.314162 6.36
67.372911 6.36
67.443441 6.36
67.512441 6.36
67.586430 6.36
67.650449 6.36
67.710679 6.36
67.779314 6.36
67.848428 6.36
67.922165 6.36
67.977507 6.36
68.037792 6.36
68.092792 6.36
68.138684 6.36
68.192168 6.36
68.248686 6.36
68.307324 6.36
68.373804 6.36
68.438694 6.36
68.492332 6.36
68.556325 6.36
68.620171 6.36
68.682172 6.36
68.747554 6.36
68.816176 6.36
68.863427 6.36
68.914051 6.36
68.977552 6.36
69.046177 6.36
69.116064 6.36
69.175701 6.36
69.234347 6.36
69.298446 6.36
69.357178 6.36
69.426330 6.36
69.491067 6.36
69.549803 6.36
69.608694 6.36
69.667334 6.36
69.736336 6.36
69.805180 6.36
69.863558 6.36
69.932182 6.36
69.990557 6.36
70.059182 6.36
70.119309 6.36
70.172558 6.36
70.231451 6.36
70.295310 6.36
70.364185 6.36
70.438185 6.36
70.507336 6.36
70.576323 6.36
70.635191 6.36
70.704314 6.36
70.768189 6.36
70.827189 6.36
70.891064 6.36
70.938585 6.36
70.992191 6.36
71.056191 6.36
71.120067 6.36
71.167345 6.36
71.231347 6.36
71.290325 6.36
71.359822 6.36
71.418821 6.36
71.483945 6.36
71.537462 6.36
71.596195 6.36
71.655338 6.36
71.715464 6.36
71.774197 6.36
71.833197 6.36
71.897198 6.36
71.961198 6.36
72.030199 6.36
72.099199 6.36
72.163075 6.36
72.221451 6.36
72.285207 6.36
72.349201 6.36
72.413830 6.36
72.477827 6.36
72.541828 6.36
72.610829 6.36
72.674829 6.36
72.743840 6.36
72.804233 6.36
72.868205 6.36
72.932081 6.36
73.006206 6.36
73.075206 6.36
73.139208 6.36
73.208083 6.36
73.277084 6.36
73.346085 6.36
73.415084 6.36
73.475113 6.36
73.525841 6.36
73.581091 6.36
73.645847 6.36
73.701105 6.36
73.760228 6.36
73.829606 6.36
73.887963 6.36
73.942964 6.36
73.990339 6.36
74.054090 6.36
74.109966 6.36
74.157223 6.36
74.207841 6.36
74.271371 6.36
74.334967 6.36
74.398610 6.36
74.462980 6.36
74.526737 6.36
74.595344 6.36
74.654095 6.36
74.727971 6.36
74.791613 6.36
74.850852 6.36
74.904349 6.36
74.957973 6.36
75.021615 6.36
75.075099 6.36
75.143849 6.36
75.203242 6.36
75.269353 6.36
75.333102 6.36
75.406976 6.36
75.470602 6.36
75.528977 6.36
75.593105 6.36
75.667867 6.36
75.728861 6.36
75.793735 6.36
75.859861 6.36
75.925733 6.68
75.991010 6.68
76.051011 6.68
76.109747 6.68
76.178750 6.68
76.253425 6.36
76.309010 6.36
76.364111 6.36
76.425018 6.36
76.484258 6.36
76.543758 6.36
76.607627 6.36
76.682771 6.36
76.741752 6.36
76.801243 6.36
76.870615 6.36
76.940250 6.36
76.994632 6.36
77.069869 6.36
77.134115 6.36
77.192991 6.36
77.262120 6.36
77.330993 6.36
77.395869 6.36
77.452745 6.36
77.511522 6.36
77.564993 6.36
77.639520 6.36
77.703745 6.36
77.762870 6.36
77.826512 6.36
77.879870 6.36
77.938276 6.36
77.991999 6.36
78.056137 6.36
78.114998 6.36
78.184294 6.36
78.239749 6.36
78.298891 6.36
78.363126 6.36
78.422001 6.36
78.486141 6.36
78.545645 6.36
78.609758 6.36
78.671032 6.36
78.735003 6.36
78.794135 6.36
78.853003 6.36
78.922005 6.36
78.972759 6.36
79.026777 6.36
79.074294 6.36
79.120132 6.36
79.179137 6.36
79.237757 6.36
79.291399 6.36
79.345016 6.36
79.409313 6.36
79.463011 6.36
79.527012 6.36
79.596387 6.36
79.650010 6.36
79.708770 6.36
79.767414 6.36
79.821012 6.36
79.885014 6.36
79.949152 6.36
80.014153 6.36
80.068013 6.36
80.127018 6.36
80.177657 6.36
80.241140 6.36
80.299890 6.36
80.373766 6.36
80.432391 6.36
80.486016 6.36
80.549771 6.36
80.608393 6.36
80.662018 6.36
80.730894 6.36
80.800019 6.36
80.864144 6.36
80.922786 6.36
80.996896 6.36
81.070772 6.36
81.140022 6.36
81.203903 6.36
81.263148 6.36
81.321899 6.36
81.395774 6.36
81.454400 6.36
81.508031 6.36
81.571925 6.36
81.631028 6.36
81.694909 6.36
81.755804 6.36
81.810808 6.36
81.860456 6.36
81.910404 6.36
81.960403 6.36
82.010404 6.36
82.066033 6.36
82.134793 6.36
82.203784 6.36
82.272671 6.36
82.325284 6.36
82.378657 6.36
82.435425 6.36
82.504313 6.36
82.550033 6.36
82.608662 6.36
82.664660 6.36
82.712034 6.36
82.775800 6.36
82.831679 6.36
82.887812 6.36
82.951787 6.36
83.012042 6.36
83.075912 6.36
83.134913 6.36
83.203663 6.36
83.267664 6.36
83.315042 6.36
83.374328 6.36
83.438918 6.36
83.502671 6.36
83.561417 6.36
83.625321 6.36
83.689796 6.36
83.754441 6.36
83.820820 6.36
83.889688 6.36
83.963809 6.36
84.027670 6.36
84.087803 6.36
84.146797 6.36
84.215926 6.36
84.279798 6.36
84.343691 6.36
84.417816 6.36
84.486814 6.36
84.550691 6.36
84.614679 6.36
84.673584 6.36
84.734178 6.36
84.798326 6.36
84.862350 6.36
84.922929