0.000000 0.000000
0.052498 42.78
0.113498 42.78
0.178240 42.78
0.246862 42.78
0.320610 42.22
0.373860 42.22
0.444235 42.22
0.489735 42.22
0.540361 42.22
0.603862 42.22
0.677612 42.22
0.738031 42.22
0.792683 42.22
0.852500 42.22
0.923036 42.22
0.977499 42.22
1.036888 42.22
1.100882 42.22
1.173242 42.22
1.236883 42.22
1.305885 42.22
1.378413 42.22
1.439795 42.22
1.499386 42.22
1.558382 42.22
1.630888 42.22
1.699646 42.22
1.752889 42.22
1.821497 42.22
1.885247 42.22
1.954248 42.22
2.041624 42.22
2.113375 42.22
2.178499 42.22
2.238500 42.22
2.298500 42.22
2.351750 42.22
2.416876 42.22
2.482128 42.22
2.535384 42.22
2.593753 42.22
2.662383 42.22
2.720753 42.22
2.794506 42.22
2.844004 42.22
2.904130 42.22
2.949631 42.22
2.999005 42.22
3.059133 42.22
3.104632 42.22
3.155257 42.22
3.218757 42.22
3.292508 42.22
3.345758 42.22
3.419510 42.22
3.472759 41.67
3.546511 42.22
3.599760 41.67
3.673512 41.67
3.726761 41.67
3.800512 41.67
3.882513 41.67
3.935764 41.67
4.009513 41.67
4.062765 41.67
4.136515 41.67
4.200140 41.67
4.268766 41.67
4.342516 41.67
4.395767 41.67
4.469517 41.67
4.524518 41.67
4.577768 41.67
4.651519 41.67
4.704769 41.67
4.778520 41.67
4.833396 41.67
4.891771 41.67
4.965521 41.67
5.020397 41.67
5.080399 41.67
5.140399 41.67
5.193649 41.67
5.258774 41.67
5.332524 41.67
5.387400 41.67
5.440650 41.67
5.511026 41.67
5.566027 41.67
5.611527 41.67
5.666403 41.67
5.719653 41.67
5.793404 41.67
5.846654 41.67
5.920404 41.67
5.973655 41.67
6.047405 41.67
6.100656 41.67
6.174406 41.67
6.227657 41.67
6.301410 41.67
6.352157 41.67
6.415658 41.67
6.489409 41.67
6.542659 41.67
6.616413 41.67
6.680035 41.67
6.748661 41.67
6.822411 41.67
6.875662 41.67
6.949413 41.67
7.002668 41.67
7.076415 41.67
7.129664 41.67
7.203416 41.67
7.258417 41.67
7.313417 41.67
7.366666 41.67
7.440419 41.67
7.495292 41.67
7.553668 41.67
7.627420 41.67
7.682293 41.67
7.742294 41.67
7.802295 41.67
7.862294 41.67
7.922295 41.67
7.982295 41.67
8.042295 41.67
8.105922 41.67
8.174548 41.67
8.244924 41.67
8.299925 41.67
8.354925 41.67
8.409925 41.67
8.464926 41.67
8.519927 41.67
8.565427 41.67
8.623926 41.67
8.692551 41.67
8.766302 41.67
8.819552 41.67
8.888302 41.67
8.941554 41.67
9.015304 41.67
9.068554 41.67
9.142305 41.67
9.195556 41.67
9.269306 41.67
9.322556 41.67
9.396307 41.67
9.449558 41.67
9.518307 41.67
9.571559 41.67
9.645309 41.67
9.698559 41.67
9.772310 41.67
9.825561 41.67
9.899312 41.67
9.952562 41.67
10.026312 41.67
10.079562 41.67
10.148313 41.67
10.201563 41.67
10.275314 41.67
10.330189 41.67
10.390190 41.67
10.448565 41.67
10.522316 41.67
10.577192 41.67
10.637192 41.67
10.697192 41.67
10.760818 41.67
10.812194 41.67
10.865445 41.67
10.930569 41.67
10.995821 41.67
11.050321 41.67
11.108695 41.67
11.168823 41.67
11.223322 41.67
11.273947 41.67
11.337449 41.67
11.407825 41.67
11.453323 41.67
11.503949 41.67
11.567451 41.67
11.641200 41.67
11.694452 41.67
11.768201 41.67
11.821453 41.67
11.895202 41.67
11.948454 41.67
12.022203 41.67
12.075455 41.67
12.149204 41.67
12.202456 41.67
12.276205 41.67
12.329457 41.67
12.403206 41.67
12.456458 41.67
12.530208 41.67
12.585207 41.67
12.638459 41.67
12.712209 41.67
12.765461 41.67
12.839209 41.67
12.892461 41.67
12.966210 41.67
13.019464 41.67
13.093211 41.67
13.148086 41.67
13.206464 41.67
13.280213 41.67
13.335089 41.67
13.395089 41.67
13.455090 41.67
13.515090 41.67
13.578591 41.67
13.647216 41.67
13.705592 41.67
13.774217 41.67
13.829093 41.67
13.882343 41.67
13.952719 41.67
14.007720 41.67
14.062220 41.67
14.120595 41.67
14.184095 41.67
14.237346 41.67
14.307724 41.67
14.353221 41.67
14.402598 41.67
14.466097 41.67
14.519348 41.67
14.593099 41.67
14.646349 41.67
14.720100 41.67
14.773350 41.67
14.847101 41.67
14.900351 41.67
14.974102 41.67
15.027352 41.67
15.101102 41.67
15.154353 41.67
15.228104 41.67
15.281355 41.67
15.355105 41.67
15.408355 41.67
15.482105 41.67
15.535356 41.67
15.609107 41.67
15.664107 41.67
15.719107 41.67
15.772358 41.67
15.846109 41.67
15.900984 41.67
15.959359 41.67
16.033110 41.67
16.087986 41.67
16.147987 41.67
16.207987 41.67
16.267987 41.67
16.327987 41.67
16.381238 41.67
16.451615 41.67
16.515114 41.67
16.569990 41.67
16.623240 41.67
16.693617 41.67
16.748618 41.67
16.803618 41.67
16.858619 41.67
16.916992 41.67
16.970242 41.67
17.040620 41.67
17.086119 41.67
17.144494 41.67
17.204621 41.67
17.250120 41.67
17.300746 41.67
17.364246 41.67
17.437996 41.67
17.496499 41.67
17.559998 41.67
17.613248 41.67
17.686999 41.67
17.740250 41.67
17.813999 41.67
17.867251 41.67
17.941000 41.67
17.994251 41.67
18.068002 41.67
18.121252 41.67
18.195002 41.67
18.248253 41.67
18.322004 41.67
18.375254 41.67
18.449005 41.67
18.502255 41.67
18.576006 41.67
18.629256 41.67
18.703006 41.67
18.757882 41.67
18.817882 41.67
18.877884 41.67
18.937884 41.67
18.997884 41.67
19.061659 41.67
19.130391 41.67
19.185262 41.67
19.250539 41.67
19.310778 41.67
19.369422 41.67
19.415138 41.67
19.484014 41.67
19.548015 41.67
19.612015 41.67
19.676140 41.67
19.740141 41.67
19.809142 41.67
19.873267 41.67
19.942018 41.67
20.006018 41.67
20.070143 41.67
20.144020 41.67
20.213270 41.67
20.277145 41.67
20.341146 41.67
20.405146 41.67
20.474022 41.67
20.543148 41.67
20.617023 41.67
20.686024 41.67
20.755149 41.67
20.819149 41.67
20.888025 41.67
20.962027 41.67
21.036026 41.67
21.110027 41.67
21.179028 41.67
21.253153 41.67
21.327028 41.67
21.401029 41.67
21.475030 41.67
21.544031 41.67
21.613030 41.67
21.687031 41.67
21.761033 41.67
21.835033 41.67
21.909033 41.67
21.978034 41.67
22.033035 41.67
22.102035 41.67
22.166036 41.67
22.229910 41.67
22.299036 41.67
22.368037 41.67
22.428415 41.67
22.487163 41.67
22.552438 41.67
22.597913 41.67
22.668443 41.67
22.713914 41.67
22.782930 41.67
22.852166 41.67
22.916042 41.67
22.985042 41.67
23.054168 41.67
23.118043 41.67
23.187043 41.67
23.251044 41.67
23.315044 41.67
23.384046 41.67
23.453046 41.67
23.516937 41.67
23.585938 41.67
23.650047 41.67
23.719048 41.67
23.788065 41.67
23.851940 41.67
23.921050 41.67
23.990175 41.67
24.050941 41.67
24.119940 41.67
24.188941 41.67
24.258052 41.67
24.327053 41.67
24.390928 41.67
24.456705 41.67
24.520554 41.67
24.595180 41.67
24.658944 41.67
24.727945 41.11
24.791947 41.67
24.855947 41.67
24.919948 41.67
24.983949 41.67
25.042951 41.67
25.106950 41.11
25.170951 41.67
25.234950 41.67
25.298951 41.67
25.357950 41.11
25.421951 41.11
25.485953 41.67
25.549954 41.67
25.613954 41.67
25.672940 41.11
25.736952 41.67
25.800830 41.67
25.869954 41.11
25.933955 41.67
25.997954 41.67
26.061957 41.67
26.120958 41.67
26.184958 41.11
26.248960 41.67
26.312957 41.11
26.377086 41.67
26.435961 41.67
26.499960 41.11
26.563961 41.11
26.627961 41.11
26.691963 41.11
26.750961 41.11
26.814962 41.11
26.878962 41.11
26.942965 41.11
27.007075 41.11
27.065966 41.67
27.129966 41.11
27.193965 41.67
27.257966 41.11
27.321968 41.11
27.380968 41.11
27.444967 41.11
27.508968 41.11
27.572970 41.11
27.631718 41.11
27.682330 41.11
27.740955 41.11
27.809847 41.11
27.878844 41.11
27.944213 41.11
27.989723 41.67
28.040332 41.11
28.098958 41.11
28.159216 41.11
28.204725 41.11
28.257216 41.11
28.316210 41.11
28.385210 41.11
28.449210 41.11
28.513211 41.11
28.571961 41.11
28.640604 41.11
28.694088 41.11
28.743728 41.11
28.807338 41.11
28.865964 41.11
28.929854 41.11
28.998857 41.11
29.067857 41.11
29.136855 41.11
29.205733 41.11
29.274735 41.11
29.348858 41.11
29.412608 41.11
29.466094 41.11
29.519736 41.11
29.584971 41.11
29.648612 41.11
29.702096 41.11
29.763971 41.11
29.827613 41.11
29.881097 41.11
29.951865 41.11
30.020862 41.11
30.089614 41.11
30.143225 41.11
30.212100 41.11
30.262101 41.11
30.322627 41.11
30.391868 41.11
30.455617 41.11
30.505102 41.11
30.554104 41.11
30.603745 41.11
30.674105 41.11
30.723745 41.11
30.794106 41.11
30.839745 41.11
30.908620 41.11
30.964482 41.11
31.020482 41.11
31.089624 41.11
31.145483 41.11
31.201484 41.11
31.257485 41.11
31.317623 41.11
31.381635 41.11
31.437487 41.11
31.511512 41.11
31.564876 41.11
31.633513 41.11
31.691987 41.11
31.750488 41.11
31.803751 41.11
31.872491 41.11
31.946489 41.11
32.004989 41.11
32.063629 41.11
32.137629 41.11
32.211644 41.11
32.285493 41.11
32.359645 41.11
32.424883 41.11
32.488496 41.11
32.557494 41.11
32.612495 41.11
32.684497 41.11
32.758496 41.11
32.813377 41.11
32.873377 41.11
32.933378 41.11
32.993377 41.11
33.046649 41.11
33.106773 41.11
33.167027 41.11
33.229000 41.11
33.298015 41.11
33.362125 41.11
33.425652 41.11
33.491003 41.11
33.540651 41.11
33.609528 41.11
33.666004 41.11
33.721029 41.11
33.766654 41.11
33.830531 41.11
33.902392 41.11
33.961657 41.11
34.030534 41.11
34.086383 41.11
34.142384 41.11
34.198390 41.11
34.254385 41.11
34.310384 41.11
34.366385 41.11
34.435385 41.11
34.504389 41.11
34.573386 41.11
34.647535 41.11
34.712387 41.11
34.781388 41.11
34.846537 41.11
34.915537 41.11
34.984537 41.11
35.053390 41.11
35.127393 41.11
35.201391 41.11
35.270392 41.11
35.344395 41.11
35.418393 41.11
35.492393 41.11
35.561542 41.11
35.630543 41.11
35.694397 41.11
35.763395 41.11
35.827399 41.11
35.891397 41.11
35.955397 41.11
36.019398 41.11
36.088398 41.11
36.152398 41.11
36.216399 41.11
36.280400 41.11
36.344401 41.11
36.408403 41.11
36.472402 41.11
36.536401 41.11
36.600402 41.11
36.664403 41.11
36.723404 41.11
36.787405 41.11
36.851404 41.11
36.915405 41.11
36.979405 41.11
37.043406 41.11
37.107406 41.11
37.171409 41.11
37.235407 41.11
37.299409 41.11
37.363409 41.11
37.427409 41.11
37.491409 41.11
37.546409 41.11
37.610410 41.11
37.679926 41.11
37.744036 41.11
37.807926 41.11
37.871928 41.11
37.935929 41.11
37.999926 41.11
38.074418 41.11
38.128565 41.11
38.197927 41.11
38.262040 41.11
38.320929 41.11
38.379916 41.11
38.444042 41.11
38.502930 41.11
38.561917 41.11
38.620683 41.11
38.679420 41.11
38.738294 41.11
38.802294 41.11
38.851686 41.11
38.910422 41.11
38.974422 41.11
39.029296 41.11
39.088046 41.11
39.142922 41.11
39.207047 41.11
39.265938 41.11
39.329937 41.11
39.389924 41.11
39.453941 41.11
39.517940 41.11
39.581942 41.11
39.645940 41.11
39.715302 41.11
39.765926 41.11
39.830053 41.11
39.888943 41.11
39.948929 41.11
40.012946 41.11
40.068930 41.11
40.132944 41.11
40.196945 41.11
40.260947 41.11
40.324947 41.11
40.394307 41.11
40.459558 41.11
40.523434 41.11
40.587436 41.11
40.646435 41.11
40.710436 41.11
40.774436 41.11
40.833310 41.11
40.902186 41.11
40.955703 41.11
41.021187 41.11
41.090187 41.11
41.143701 41.11
41.209188 41.11
41.278189 41.11
41.331705 41.11
41.400581 41.11
41.459316 41.11
41.528191 41.11
41.581705 41.11
41.650583 41.11
41.709193 41.11
41.778193 41.11
41.847194 41.11
41.896708 41.11
41.970586 41.11
42.024320 41.11
42.098196 41.11
42.148960 41.11
42.207588 41.11
42.266197 41.11
42.316962 41.11
42.375589 41.11
42.425323 41.11
42.494199 41.11
42.563199 41.11
42.613966 41.11
42.672590 41.11
42.731201 41.11
42.805201 41.11
42.874202 41.11
42.933966 41.11
42.992716 41.11
43.061729 41.11
43.130592 41.11
43.189205 41.11
43.258205 41.11
43.322205 41.11
43.396206 41.11
43.465206 41.11
43.534207 41.11
43.603083 41.11
43.667208 41.11
43.725959 41.11
43.795334 41.11
43.854084 41.11
43.919484 41.11
43.980085 41.11
44.050611 41.11
44.109336 41.11
44.168087 41.11
44.238603 41.11
44.302338 41.11
44.367606 41.11
44.426339 41.11
44.485090 41.11
44.555607 41.11
44.609091 41.11
44.679606 41.11
44.733092 41.11
44.798608 41.11
44.844218 41.11
44.908218 41.11
44.972094 41.11
45.036094 41.11
45.100095 41.11
45.164095 41.11
45.228096 41.11
45.297221 41.11
45.366222 41.11
45.430097 41.11
45.494098 41.11
45.558098 41.11
45.622099 41.11
45.691225 41.11
45.755100 41.11
45.829226 41.11
45.893101 41.11
45.967226 41.11
46.041102 41.11
46.115103 41.11
46.189104 41.11
46.258104 41.11
46.327104 41.11
46.401230 41.11
46.475231 41.11
46.549231 41.11
46.613232 41.11
46.687232 41.11
46.761233 41.11
46.835233 41.11
46.909109 41.11
46.973109 41.11
47.047111 41.11
47.116236 41.11
47.180111 41.11
47.249112 41.11
47.314491 41.11
47.373113 41.11
47.433493 41.11
47.497490 41.11
47.556114 41.11
47.621494 41.11
47.685365 41.11
47.743992 41.11
47.809495 41.11
47.868117 41.11
47.928496 41.11
47.992367 41.11
48.052495 41.11
48.097992 41.11
48.148619 41.11
48.212118 41.11
48.280869 41.11
48.335652 41.11
48.394122 41.11
48.458247 41.67
48.521998 41.67
48.590999 41.67
48.650127 41.67
48.714250 41.67
48.778124 41.67
48.847126 41.67
48.911785 41.67
48.976776 41.67
49.041130 41.67
49.100129 41.67
49.169382 41.67
49.223784 41.67
49.285008 41.67
49.344132 41.67
49.408256 41.67
49.472130 41.67
49.533554 41.67
49.598259 41.67
49.657258 41.67
49.716132 41.67
49.780148 41.67
49.831910 41.67
49.896011 41.67
49.959887 41.67
50.010653 41.67
50.070923 41.67
50.130557 41.67
50.200139 41.67
50.259138 41.67
50.318013 42.22
50.377296 42.22
50.427645 42.22
50.486395 42.22
50.548423 42.22
50.612542 42.22
50.671548 42.22
50.747021 42.22
50.806018 42.22
50.870018 42.22
50.925142 42.22
50.989652 42.22
51.054561 42.22
51.114910 42.22
51.179020 42.22
51.248567 42.22
51.313023 42.22
51.377434 42.22
51.441271 42.22
51.500146 42.22
51.559027 42.78
51.623435 42.78
51.687432 42.78
51.751551 42.78
51.810149 42.78
51.864029 42.78
51.928560 42.78
51.983917 42.78
52.053151 42.78
52.117027 42.78
52.171574 42.78
52.237922 42.78
52.302153 42.78
52.360904 42.78
52.425164 42.78
52.489565 42.78
52.548437 42.78
52.614155 42.78
52.672924 42.78
52.731929 42.78
52.791287 42.78
52.859338 42.78
52.918930 42.78
52.985169 42.78
53.050611 42.78
53.113365 42.78
53.172915 42.78
53.238175 42.78
53.304735 43.33
53.365739 42.78
53.426454 42.78
53.486916 42.78
53.551038 43.33
53.609928 43.33
53.668914 43.33
53.732664 43.33
53.791446 43.33
53.850464 43.33
53.909291 43.33
53.967915 43.33
54.036791 43.33
54.106043 43.33
54.164918 43.33
54.229044 43.33
54.292668 43.33
54.356296 43.33
54.420452 43.33
54.479296 43.33
54.537920 43.33
54.602047 43.33
54.660690 43.33
54.714048 43.33
54.777797 43.33
54.846926 43.33
54.903819 43.33
54.968299 43.33
55.032453 43.33
55.091453 43.33
55.146801 43.33
55.215942 43.33
55.279692 43.33
55.338302 43.33
55.402456 43.33
55.461485 43.33
55.520179 43.33
55.588934 43.33
55.648305 43.33
55.722806 43.33
55.787930 43.33
55.851696 43.33
55.906181 43.33
55.974807 43.33
56.045228 43.33
56.104058 43.33
56.162684 43.33
56.221059 43.33
56.281186 43.33
56.326827 43.33
56.397225 43.33
56.452314 43.33
56.506323 43.33
56.575817 43.33
56.644817 43.33
56.708691 43.33
56.777566 43.33
56.836069 43.33
56.896820 43.33
56.961516 43.33
57.020703 43.33
57.090519 43.33
57.155501 43.33
57.220324 43.33
57.289953 43.89
57.358589 43.89
57.411960 43.89
57.475585 43.89
57.534070 43.89
57.592698 43.89
57.651828 43.89
57.715825 43.89
57.779575 43.89
57.834323 43.89
57.888199 43.89
57.953592 43.89
58.007199 43.89
58.077590 43.33
58.131200 43.33
58.201480 43.33
58.260202 43.33
58.330479 43.33
58.383105 43.33
58.428842 43.33
58.502580 43.33
58.557458 43.33
58.610706 43.33
58.681083 43.33
58.736085 43.33
58.781582 43.33
58.831095 43.33
58.901337 43.33
58.970603 43.33
59.023115 43.33
59.068849 43.33
59.134084 42.78
59.179601 42.78
59.238867 42.78
59.307465 42.78
59.361349 42.78
59.420591 42.78
59.486115 42.78
59.545962 42.78
59.604602 42.78
59.673463 42.78
59.726963 42.78
59.780605 42.78
59.854465 42.78
59.907964 42.78
59.961605 42.78
60.012215 42.78
60.070965 42.78
60.124608 42.78
60.193467 42.78
60.246967 42.78
60.300620 42.78
60.369499 42.78
60.443469 42.78
60.496969 42.78
60.562472 42.78
60.615723 42.78
60.689475 42.78
60.744475 42.78
60.799475 42.78
60.854477 42.78
60.909347 42.78
60.962972 42.78
61.012973 42.78
61.062974 42.78
61.113099 42.78
61.178349 42.78
61.231975 42.78
61.287736 42.78
61.349019 42.78
61.404354 42.78
61.458103 42.78
61.521977 42.78
61.590994 42.78
61.657039 42.78
61.717353 42.78
61.766979 42.78
61.830980 42.78
61.895106 42.78
61.958981 42.78
62.019109 42.78
62.082983 42.78
62.146857 42.78
62.210484 42.78
62.261107 42.78
62.324608 42.78
62.388662 42.78
62.447486 42.78
62.511486 42.78
62.585486 42.78
62.636111 42.78
62.694629 42.78
62.759123 42.78
62.823888 42.78
62.884632 42.78
62.948865 42.78
63.007490 42.78
63.072757 42.78
63.133553 42.78
63.197633 42.78
63.266491 42.78
63.335367 42.78
63.393885 42.78
63.459376 42.78
63.523378 42.78
63.581885 42.78
63.647120 42.78
63.707377 42.78
63.767620 42.78
63.841635 42.78
63.900871 42.78
63.951123 42.78
64.006247 42.78
64.059498 42.78
64.128376 42.78
64.193877 42.78
64.248880 42.78
64.303878 42.78
64.358878 42.78
64.413380 42.78
64.464010 42.78
64.527505 42.78
64.596380 42.78
64.660380 42.78
64.724529 42.78
64.788384 42.78
64.858908 42.78
64.904385 42.78
64.968384 42.78
65.042255 42.78
65.100881 42.78
65.164881 42.78
65.228756 42.78
65.287646 42.78
65.346887 42.78
65.410884 42.78
65.474777 42.78
65.538258 42.78
65.601884 42.78
65.666022 42.22
65.740393 42.78
65.814387 42.78
65.888262 42.78
65.957542 42.78
66.016545 42.22
66.080267 42.78
66.133518 42.78
66.207267 42.78
66.260516 42.78
66.334268 42.78
66.389267 42.78
66.447906 42.78
66.516910 42.78
66.577143 42.78
66.632143 42.78
66.690894 42.22
66.749913 42.78
66.810144 42.78
66.868770 42.78
66.923896 42.22
66.997785 42.22
67.061912 42.78
67.120903 42.78
67.186800 42.22
67.246792 42.22
67.310915 42.78
67.379915 42.22
67.441275 42.78
67.502030 42.22
67.553028 42.22
67.613431 42.78
67.677431 42.22
67.731276 42.78
67.805153 42.78
67.865430 42.22
67.925796 42.22
67.989922 42.78
68.053796 42.22
68.112424 42.78
68.181280 42.78
68.245666 42.78
68.309286 42.78
68.372785 42.78
68.441412 42.78
68.515161 42.22
68.573802 42.78
68.637799 42.78
68.701800 42.78
68.776440 42.78
68.835286 42.78
68.894442 42.22
68.958287 42.78
69.017288 42.78
69.081287 42.78
69.140288 42.22
69.199288 42.22
69.263289 42.22
69.327290 42.78
69.391291 42.22
69.450290 42.78
69.514291 42.78
69.573292 42.22
69.632292 42.22
69.691293 42.78
69.755293 42.78
69.810293 42.78
69.869169 42.78
69.918565 42.22
69.968295 42.78
70.028673 42.78
70.087296 42.22
70.142297 42.22
70.201297 42.22
70.256298 42.22
70.311298 42.78
70.366309 42.22
70.441298 42.22
70.496175 42.22
70.566703 42.78
70.612175 42.78
70.662940 42.78
70.715724 42.22
70.775927 42.78
70.830927 42.22
70.881802 42.78
70.945302 42.22
71.019053 42.78
71.072303 42.22
71.146189 42.78
71.196806 42.78
71.260304 42.22
71.334055 42.78
71.387305 42.22
71.461056 42.22
71.514311 42.22
71.588308 42.78
71.647184 42.22
71.710826 42.78
71.790059 42.78
71.864185 42.22
71.938512 42.22
71.992562 42.22
72.046186 42.22
72.116717 42.78
72.181938 42.78
72.235580 42.78
72.301063 42.78
72.366591 42.22
72.425189 42.22
72.495593 42.22
72.559315 42.78
72.618066 42.22
72.667616 42.22
72.731832 42.22
72.795472 42.78
72.845193 42.22
72.900194 42.78
72.969194 42.22
73.029587 42.78
73.088206 42.78
73.153580 42.22
73.208075 42.78
73.258712 42.22
73.322199 42.78
73.391335 42.22
73.445848 42.22
73.510326 42.22
73.569325 42.22
73.628325 42.22
73.692201 42.78
73.758089 42.22
73.817852 42.22
73.887846 42.22
73.946844 42.22
74.000328 42.22
74.059327 42.78
74.123329 42.22
74.182204 42.22
74.251204 42.22
74.320205 42.22
74.389956 42.78
74.464082 42.78
74.529332 42.22
74.588332 42.22
74.652208 42.78
74.721208 42.22
74.790209 42.22
74.854336 42.78
74.913210 42.78
74.986960 42.78
75.061211 42.22
75.130854 42.22
75.194749 42.78
75.255216 42.22
75.324340 42.78
75.379494 42.22
75.438214 42.78
75.498495 42.22
75.562215 42.22
75.626216 42.78
75.689972 42.22
75.750508 42.22
75.814345 42.78
75.874472 42.78
75.928970 42.22
75.979596 42.78
76.043097 42.22
76.113474 42.78
76.158972 42.78
76.228633 42.22
76.298628 42.22
76.379103 42.78
76.433979 42.78
76.498355 42.22
76.562227 42.78
76.616101 42.78
76.686236 42.78
76.740760 42.22
76.811111 42.22
76.875743 42.78
76.934981 42.78
76.999230 42.22
77.058889 42.78
77.118647 42.78
77.188625 42.78
77.258753 42.78
77.328776 42.22
77.393623 42.78
77.448996 42.22
77.510535 42.22
77.570243 42.22
77.621610 42.22
77.676860 42.22
77.751019 42.78
77.810487 42.22
77.874995 42.22
77.934112 42.22
77.984492 42.78
78.045889 42.78
78.119986 42.22
78.180243 42.78
78.230240 42.22
78.284241 42.22
78.343777 42.78
78.404492 42.78
78.458382 42.78
78.523401 42.78
78.603996 42.22
78.663120 42.22
78.726880 42.22
78.786496 42.22
78.855653 42.22
78.915131 42.22
78.979998 42.22
79.055001 42.22
79.129869 42.22
79.194888 42.78
79.263888 42.78
79.328124 42.22
79.391874 42.22
79.460996 42.22
79.534889 42.22
79.608889 42.22
79.672873 42.22
79.746748 42.22
79.799999 42.22
79.868889 42.78
79.932565 42.78
80.007129 42.22
80.061011 42.22
80.120138 42.22
80.185134 42.22
80.244649 42.78
80.314135 42.22
80.368009 42.22
80.432133 42.78
80.491005 42.22
80.545552 42.2