0.000000 0.000000
0.074264 0.91
0.134390 0.88
0.190255 0.88
0.254502 0.89
0.323778 0.89
0.387652 0.88
0.451776 0.89
0.521251 0.89
0.580376 0.87
0.639266 0.89
0.703517 0.89
0.763261 0.89
0.830282 0.90
0.895269 0.89
0.965682 0.79
1.025260 0.79
1.084383 0.78
1.148781 0.78
1.207659 0.78
1.271658 0.80
1.335661 0.79
1.396023 0.78
1.447809 0.81
1.507513 0.79
1.573041 0.80
1.637510 0.77
1.701660 0.79
1.765660 0.76
1.829662 0.78
1.893664 0.79
1.955015 0.80
2.015262 0.78
2.079264 0.77
2.138263 0.79
2.202389 0.80
2.253017 0.78
2.307640 0.78
2.367641 0.80
2.427642 0.77
2.487644 0.80
2.547642 0.78
2.606016 0.79
2.674643 0.77
2.733017 0.77
2.801643 0.78
2.860018 0.78
2.928644 0.78
2.987019 0.76
3.055646 0.77
3.114020 0.80
3.182647 0.78
3.241021 0.78
3.309647 0.78
3.368022 0.77
3.436648 0.79
3.491648 0.78
3.546648 0.77
3.605024 0.79
3.673650 0.79
3.732025 0.80
3.800650 0.77
3.855525 0.78
3.915526 0.80
3.975526 0.78
4.035527 0.79
4.095527 0.80
4.155527 0.77
4.215528 0.79
4.275528 0.78
4.335528 0.78
4.393905 0.77
4.459155 0.80
4.514156 0.77
4.565281 0.78
4.624907 0.78
4.673032 0.78
4.729281 0.79
4.788908 0.78
4.837033 0.78
4.893283 0.78
4.943910 0.78
4.992034 0.81
5.048284 0.78
5.098911 0.79
5.153410 0.78
5.216910 0.78
5.285535 0.77
5.343911 0.78
5.412537 0.79
5.470912 0.77
5.539538 0.80
5.597913 0.79
5.666539 0.79
5.724914 0.78
5.793540 0.77
5.851916 0.78
5.920540 0.78
5.978917 0.78
6.047541 0.77
6.105917 0.78
6.174542 0.77
6.232918 0.78
6.301543 0.79
6.356544 0.78
6.414919 0.78
6.483545 0.77
6.541920 0.81
6.610546 0.80
6.665421 0.78
6.728922 0.78
6.797547 0.80
6.852422 0.79
6.912422 0.78
6.972423 0.80
7.032423 0.78
7.090800 0.78
7.150799 0.80
7.216050 0.77
7.279551 0.80
7.334426 0.78
7.392802 0.80
7.454177 0.77
7.513804 0.78
7.568303 0.81
7.631804 0.81
7.705829 0.79
7.770807 0.78
7.825305 0.78
7.888805 0.78
7.957431 0.79
8.015806 0.78
8.084431 0.80
8.142807 0.79
8.211432 0.78
8.269808 0.81
8.338434 0.76
8.396809 0.78
8.465434 0.78
8.523809 0.78
8.592436 0.78
8.650811 0.78
8.719436 0.78
8.777811 0.77
8.846437 0.78
8.901437 0.78
8.959813 0.80
9.028438 0.78
9.083439 0.78
9.138439 0.79
9.193439 0.76
9.248440 0.77
9.303440 0.80
9.358315 0.79
9.418316 0.79
9.481817 0.79
9.550442 0.80
9.605318 0.77
9.665318 0.79
9.725319 0.78
9.785319 0.78
9.845320 0.78
9.908820 0.80
9.978697 0.78
10.042196 0.80
10.105698 0.79
10.170947 0.77
10.222072 0.80
10.272698 0.76
10.320823 0.79
10.377074 0.78
10.427700 0.79
10.482200 0.77
10.545701 0.80
10.607076 0.78
10.657702 0.79
10.712201 0.78
10.775704 0.80
10.839328 0.76
10.897703 0.77
10.966327 0.79
11.024705 0.77
11.093329 0.77
11.151706 0.78
11.220330 0.79
11.278707 0.78
11.347331 0.76
11.405709 0.79
11.469332 0.78
11.527708 0.78
11.596332 0.78
11.654709 0.78
11.723333 0.80
11.781710 0.78
11.850335 0.78
11.908711 0.79
11.977335 0.80
12.035714 0.80
12.099337 0.80
12.157713 0.77
12.226337 0.79
12.281213 0.77
12.344714 0.79
12.413339 0.78
12.468214 0.80
12.528215 0.78
12.588215 0.80
12.648215 0.77
12.706717 0.78
12.775341 0.79
12.830217 0.78
12.888718 0.79
12.944968 0.77
13.004595 0.77
13.052718 0.81
13.108969 0.78
13.167345 0.77
13.244721 0.76
13.313721 0.78
13.382722 0.77
13.451722 0.79
13.520723 0.76
13.589725 0.77
13.653606 0.80
13.722605 0.78
13.794725 0.81
13.863725 0.78
13.932754 0.78
13.996727 0.79
14.060751 0.79
14.124607 0.77
14.188478 0.78
14.252353 0.78
14.316353 0.78
14.380354 0.78
14.444354 0.78
14.508355 0.80
14.572356 0.79
14.644612 0.79
14.708758 0.80
14.772616 0.78
14.840123 0.76
14.904358 0.78
14.954234 0.78
15.009234 0.79
15.064125 0.79
15.120486 0.80
15.175235 0.77
15.239361 0.80
15.300487 0.78
15.355884 0.78
15.410614 0.79
15.474619 0.79
15.538614 0.78
15.602620 0.79
15.666614 0.80
15.725615 0.79
15.789615 0.81
15.853616 0.80
15.917490 0.76
15.978890 0.77
16.033618 0.80
16.097618 0.79
16.161618 0.77
16.225618 0.78
16.289619 0.79
16.348620 0.79
16.412620 0.79
16.476620 0.79
16.540495 0.79
16.609621 0.76
16.673623 0.80
16.737623 0.79
16.796623 0.78
16.860624 0.80
16.924625 0.80
16.988625 0.79
17.052625 0.76
17.111626 0.80
17.175626 0.78
17.239627 0.77
17.303628 0.77
17.367627 0.76
17.426628 0.79
17.490629 0.79
17.554629 0.77
17.618779 0.79
17.682630 0.77
17.741631 0.76
17.805631 0.80
17.869632 0.78
17.933633 0.81
17.997632 0.79
18.056633 0.80
18.120634 0.78
18.184131 0.78
18.239007 0.80
18.297382 0.79
18.357382 0.78
18.422635 0.79
18.477635 0.78
18.528759 0.76
18.588386 0.78
18.651885 0.78
18.715385 0.80
18.776761 0.79
18.827387 0.78
18.875512 0.78
18.931762 0.78
18.982389 0.81
19.036888 0.79
19.100388 0.80
19.169014 0.80
19.227389 0.77
19.288765 0.78
19.339391 0.81
19.393891 0.80
19.457391 0.77
19.526017 0.78
19.584392 0.79
19.653017 0.79
19.711393 0.76
19.780018 0.80
19.838394 0.78
19.907019 0.79
19.965395 0.79
20.034021 0.78
20.092395 0.76
20.166272 0.77
20.234897 0.79
20.298397 0.79
20.367023 0.77
20.425398 0.79
20.494024 0.81
20.552399 0.78
20.621025 0.80
20.675900 0.80
20.739400 0.78
20.808026 0.79
20.862901 0.79
20.922903 0.81
20.982903 0.80
21.042902 0.79
21.102904 0.80
21.161278 0.79
21.226529 0.77
21.291281 0.79
21.345780 0.78
21.409280 0.78
21.470658 0.79
21.521283 0.80
21.575782 0.78
21.639282 0.80
21.700686 0.80
21.764534 0.79
21.823284 0.78
21.897285 0.77
21.967300 0.79
22.027410 0.78
22.083663 0.78
22.138286 0.77
22.208289 0.78
22.268287 0.78
22.338290 0.81
22.394290 0.78
22.459290 0.80
22.519415 0.76
22.588415 0.79
22.657291 0.79
22.726416 0.78
22.795417 0.78
22.864417 0.78
22.933292 0.78
23.007294 0.80
23.076298 0.77
23.150295 0.80
23.224295 0.81
23.292920 0.78
23.353295 0.77
23.427297 0.77
23.501297 0.78
23.575422 0.78
23.644298 0.80
23.708548 0.81
23.761924 0.80
23.816798 0.76
23.876799 0.78
23.936799 0.78
23.995300 0.79
24.063926 0.78
24.122300 0.78
24.190927 0.76
24.245802 0.80
24.304177 0.78
24.369427 0.79
24.424427 0.80
24.482803 0.78
24.541303 0.78
24.597554 0.80
24.657181 0.78
24.711681 0.78
24.775181 0.80
24.836556 0.78
24.887182 0.81
24.941683 0.77
25.005182 0.79
25.073808 0.79
25.132183 0.78
25.200809 0.78
25.259184 0.77
25.327810 0.79
25.386185 0.79
25.454810 0.79
25.513186 0.77
25.581811 0.78
25.640311 0.79
25.703813 0.78
25.762188 0.78
25.830814 0.79
25.889189 0.78
25.957815 0.76
26.016190 0.79
26.084815 0.77
26.143190 0.78
26.211816 0.77
26.266816 0.76
26.321694 0.78
26.385193 0.78
26.453817 0.78
26.508695 0.79
26.568695 0.77
26.628695 0.78
26.688696 0.76
26.748696 0.76
26.808697 0.78
26.867071 0.78
26.932321 0.77
26.995821 0.77
27.054198 0.77
27.114323 0.80
27.169323 0.78
27.220448 0.79
27.278825 0.76
27.337199 0.77
27.393450 0.76
27.453077 0.78
27.507576 0.80
27.571077 0.77
27.632451 0.80
27.692078 0.80
27.746578 0.76
27.810078 0.80
27.878705 0.79
27.937079 0.79
28.005705 0.80
28.064080 0.78
28.132706 0.79
28.191081 0.79
28.259707 0.76
28.318083 0.80
28.386708 0.78
28.445082 0.80
28.513709 0.78
28.572084 0.81
28.640711 0.79
28.699085 0.81
28.767716 0.78
28.826086 0.80
28.894712 0.79
28.949713 0.78
29.008087 0.78
29.076714 0.77
29.131588 0.78
29.195088 0.79
29.263716 0.78
29.318589 0.80
29.395591 0.78
29.454216 0.78
29.518233 0.79
29.576717 0.79
29.635217 0.76
29.693718 0.76
29.752218 0.77
29.810719 0.80
29.869219 0.77
29.928971 0.78
29.983595 0.78
30.045220 0.80
30.104972 0.77
30.153221 0.80
30.212972 0.78
30.267604 0.79
30.326222 0.79
30.385974 0.78
30.440606 0.78
30.499224 0.80
30.563116 0.79
30.632116 0.78
30.700350 0.80
30.759977 0.79
30.814476 0.81
30.878118 0.77
30.955754 0.78
31.030352 0.78
31.102753 0.81
31.163120 0.81
31.235756 0.80
31.310355 0.76
31.370613 0.79
31.431121 0.77
31.495357 0.81
31.559357 0.76
31.624881 0.80
31.694358 0.77
31.757884 0.77
31.828359 0.78
31.892125 0.78
31.955885 0.80
32.021360 0.79
32.084887 0.80
32.148612 0.79
32.217613 0.80
32.283362 0.79
32.346886 0.78
32.412364 0.77
32.475886 0.79
32.549888 0.78
32.609128 0.78
32.672892 0.79
32.741891 0.80
32.815892 0.77
32.885874 0.78
32.949618 0.80
33.023892 0.80
33.088875 0.77
33.138493 0.81
33.192136 0.77
33.251876 0.78
33.301495 0.81
33.360135 0.77
33.419877 0.78
33.469371 0.77
33.532888 0.78
33.601885 0.77
33.675887 0.78
33.749887 0.80
33.818498 0.80
33.876873 0.77
33.945499 0.78
34.003877 0.79
34.072499 0.79
34.130876 0.79
34.199501 0.77
34.257876 0.80
34.326501 0.81
34.381502 0.79
34.439878 0.78
34.508503 0.78
34.563503 0.77
34.621879 0.78
34.690504 0.81
34.745504 0.78
34.800380 0.78
34.860380 0.80
34.920381 0.79
34.983882 0.81
35.052507 0.80
35.107382 0.77
35.167383 0.78
35.230884 0.78
35.299510 0.78
35.354384 0.77
35.412759 0.80
35.474135 0.81
35.533762 0.77
35.581885 0.78
35.638136 0.77
35.687512 0.77
35.745886 0.78
35.802137 0.78
35.852764 0.78
35.900888 0.78
35.964388 0.80
36.022764 0.81
36.084140 0.78
36.133515 0.78
36.191890 0.81
36.255391 0.78
36.313766 0.77
36.382392 0.80
36.440767 0.80
36.509392 0.76
36.567768 0.78
36.636393 0.77
36.694769 0.78
36.763394 0.79
36.821770 0.78
36.890395 0.79
36.948771 0.81
37.017396 0.80
37.075772 0.76
37.144397 0.78
37.202773 0.81
37.271398 0.79
37.326398 0.78
37.381399 0.81
37.439775 0.77
37.508400 0.80
37.563401 0.78
37.618276 0.78
37.678276 0.79
37.738277 0.78
37.798277 0.80
37.858278 0.77
37.918278 0.78
37.978279 0.78
38.042779 0.78
38.112656 0.78
38.160780 0.77
38.220905 0.78
38.284405 0.77
38.342782 0.80
38.402907 0.78
38.454032 0.78
38.504658 0.79
38.552783 0.77
38.609034 0.80
38.659660 0.77
38.714159 0.81
38.777661 0.79
38.846285 0.78
38.904662 0.80
38.966036 0.76
39.016663 0.79
39.071162 0.81
39.134663 0.81
39.203288 0.80
39.261664 0.80
39.323039 0.77
39.377539 0.77
39.446164 0.78
39.509666 0.76
39.578290 0.80
39.636667 0.78
39.705291 0.77
39.763670 0.79
39.827292 0.78
39.885669 0.78
39.954293 0.79
40.012671 0.80
40.081294 0.78
40.139671 0.81
40.208295 0.78
40.266671 0.80
40.335296 0.76
40.393674 0.78
40.457297 0.78
40.515673 0.80
40.584298 0.80
40.639174 0.80
40.699174 0.79
40.759174 0.79
40.819175 0.76
40.879175 0.78
40.937550 0.78
41.002680 0.79
41.066301 0.80
41.121176 0.78
41.179551 0.81
41.244802 0.81
41.295928 0.78
41.355555 0.79
41.410054 0.81
41.473554 0.78
41.542179 0.78
41.600556 0.80
41.661931 0.78
41.712558 0.76
41.760683 0.76
41.824182 0.78
41.882557 0.77
41.951183 0.78
42.009685 0.81
42.073183 0.79
42.131559 0.77
42.200185 0.76
42.258561 0.78
42.327186 0.78
42.385561 0.79
42.454187 0.77
42.512561 0.78
42.581188 0.78
42.639690 0.78
42.703188 0.77
42.761564 0.77
42.830189 0.80
42.888565 0.77
42.957191 0.80
43.015566 0.80
43.084191 0.78
43.142567 0.78
43.211192 0.81
43.266193 0.78
43.324568 0.79
43.393194 0.77
43.448194 0.79
43.503070 0.81
43.563195 0.77
43.618070 0.77
43.678070 0.81
43.739448 0.80
43.789197 0.79
43.849197 0.79
43.904073 0.77
43.962448 0.79
44.023824 0.78
44.083450 0.78
44.137950 0.77
44.201450 0.80
44.266701 0.78
44.317825 0.80
44.377452 0.79
44.431952 0.77
44.495452 0.77
44.565454 0.79
44.619953 0.81
44.683732 0.80
44.742580 0.79
44.801221 0.79
44.860097 0.78
44.924095 0.78
44.988097 0.80
45.052098 0.80
45.110734 0.76
45.169583 0.77
45.228208 0.80
45.287098 0.80
45.350975 0.80
45.420100 0.81
45.484101 0.78
45.552977 0.78
45.622099 0.78
45.686100 0.79
45.749978 0.80
45.819104 0.78
45.875490 0.80
45.934104 0.79
45.987588 0.80
46.046214 0.79
46.106464 0.77
46.170106 0.78
46.224982 0.80
46.284982 0.80
46.353982 0.79
46.427983 0.79
46.496859 0.78
46.560342 0.79
46.620468 0.77
46.680594 0.79
46.735594 0.80
46.797111 0.77
46.865871 0.77
46.929346 0.77
46.999374 0.80
47.047604 0.79
47.098722 0.79
47.153472 0.78
47.222348 0.78
47.278723 0.78
47.329376 0.76
47.383988 0.78
47.442607 0.76
47.500991 0.78
47.559350 0.78
47.628115 0.80
47.686476 0.77
47.750352 0.79
47.819228 0.76
47.888119 0.78
47.960229 0.80
48.029118 0.78
48.082609 0.79
48.141480 0.79
48.205355 0.80
48.279231 0.78
48.339619 0.79
48.422357 0.76
48.491125 0.77
48.546358 0.77
48.614982 0.78
48.673358 0.80
48.741984 0.77
48.800359 0.78
48.868993 0.79
48.924131 0.78
48.982891 0.77
49.038128 0.78
49.096889 0.80
49.147131 0.79
49.205764 0.78
49.261130 0.78
49.311130 0.80
49.369768 0.79
49.443911 0.78
49.509493 0.78
49.568492 0.80
49.627624 0.78
49.682366 0.79
49.747286 0.79
49.802633 0.78
49.857627 0.78
49.912369 0.78
49.981244 0.78
50.050631 0.78
50.105497 0.79
50.164371 0.78
50.228370 0.78
50.292371 0.79
50.351801 0.76
50.411016 0.79
50.470016 0.76
50.539373 0.78
50.598656 0.78
50.668881 0.78
50.728024 0.80
50.787022 0.78
50.846018 0.78
50.905047 0.78
50.964813 0.78
51.019027 0.78
51.078379 0.78
51.132503 0.77
51.191378 0.78
51.257382 0.79
51.323255 0.78
51.387505 0.76
51.446379 0.76
51.510818 0.78
51.567035 0.79
51.626509 0.78
51.687384 0.79
51.746382 0.80
51.800520 0.78
51.856889 0.77
51.912674 0.78
51.968028 0.80
52.027026 0.79
52.096260 0.79
52.160385 0.80
52.214511 0.78
52.269386 0.78
52.328511 0.79
52.387702 0.78
52.452391 0.76
52.516669 0.79
52.580666 0.78
52.644666 0.78
52.714393 0.77
52.764517 0.79
52.819516 0.79
52.874390 0.80
52.938266 0.78
52.997707 0.78
53.056768 0.78
53.120822 0.79
53.182170 0.78
53.238171 0.78
53.293522 0.78
53.345398 0.78
53.410400 0.76
53.464522 0.77
53.529681 0.80
53.589277 0.78
53.643146 0.78
53.702272 0.78
53.766276 0.80
53.830538 0.79
53.895929 0.76
53.966282 0.79
54.035149 0.78
54.104274 0.79
54.173275 0.77
54.232411 0.79
54.293277 0.77
54.357026 0.79
54.431402 0.80
54.485404 0.79
54.544410 0.80
54.601529 0.76
54.662738 0.79
54.722779 0.79
54.786691 0.78
54.845847 0.79
54.909781 0.78
54.973531 0.78
55.039066 0.78
55.092686 0.78
55.156532 0.78
55.213079 0.76
55.277177 0.76
55.341286 0.79
55.400284 0.78
55.464537 0.77
55.528535 0.80
55.587700 0.78
55.651700 0.80
55.717733 0.80
55.783291 0.78
55.848302 0.79
55.905416 0.80
55.966295 0.78
56.020414 0.78
56.086171 0.80
56.150553 0.78
56.210169 0.79
56.274168 0.76
56.338292 0.79
56.397417 0.81
56.463692 0.78
56.522744 0.77
56.582293 0.77
56.646297 0.77
56.705294 0.78
56.769294 0.78
56.828170 0.80
56.891672 0.76
56.955672 0.78
57.030171 0.78
57.089297 0.78
57.153299 0.78
57.207173 0.79
57.271423 0.77
57.335302 0.78
57.398926 0.77
57.464192 0.78
57.523301 0.78
57.578552 0.79
57.637705 0.79
57.712068 0.79
57.776051 0.78
57.839678 0.78
57.900303 0.76
57.953683 0.78
58.017431 0.75
58.080943 0.76
58.142430 0.81
58.205930 0.77
58.267305 0.78
58.317932 0.79
58.372430 0.78
58.436308 0.79
58.486959 0.77
58.547076 0.76
58.616311 0.77
58.671072 0.77
58.735199 0.76
58.794309 0.79
58.844965 0.78
58.899434 0.79
58.962952 0.79
59.036857 0.78
59.101314 0.79
59.165312 0.77
59.215940 0.77
59.270437 0.78
59.339563 0.80
59.409087 0.78
59.468064 0.78
59.532190 0.81
59.591316 0.79
59.656830 0.77
59.730845 0.77
59.802205 0.78
59.856087 0.80
59.921089 0.80
59.980445 0.79
60.034085 0.78
60.097836 0.80
60.166838 0.77
60.237320 0.77
60.296088 0.77
60.359821 0.80
60.420088 0.79
60.478571 0.78
60.547852 0.79
60.611839 0.79
60.686100 0.76
60.745324 0.79
60.804090 0.78
60.862448 0.79
60.915966 0.78
60.984841 0.79
61.050750 0.79
61.119844 0.80
61.193827 0.79
61.267843 0.79
61.341846 0.78
61.416107 0.76
61.470097 0.80
61.533858 0.78
61.593330 0.77
61.657331 0.79
61.727862 0.79
61.797213 0.79
61.847099 0.77
61.911332 0.78
61.976859 0.80
62.050849 0.78
62.125333 0.81
62.194460 0.78
62.258460 0.76
62.316862 0.80
62.391101 0.77
62.454740 0.79
62.524225 0.77
62.588879 0.77
62.653090 0.78
62.717338 0.78
62.777855 0.79
62.851714 0.77
62.920965 0.77
62.989745 0.79
63.058716 0.80
63.132717 0.80
63.192859 0.77
63.253229 0.77
63.316719 0.81
63.381860 0.78
63.441843 0.79
63.507345 0.78
63.565874 0.80
63.630227 0.80
63.694221 0.77
63.757863 0.79
63.823347 0.78
63.881876 0.78
63.947348 0.79
64.005723 0.76
64.067099 0.78
64.117728 0.78
64.172225 0.81
64.235727 0.79
64.299351 0.78
64.363765 0.78
64.427883 0.77
64.491742 0.79
64.555351 0.81
64.613744 0.78
64.682354 0.79
64.740730 0.79
64.809353 0.78
64.867728 0.78
64.936354 0.78
64.994730 0.78
65.063365 0.78
65.121733 0.79
65.190357 0.78
65.248732 0.78
65.317357 0.80
65.375733 0.79
65.449611 0.78
65.509734 0.80
65.578359 0.78
65.636734 0.80
65.705360 0.78
65.760360 0.79
65.815367 0.81
65.870364 0.80
65.925236 0.78
65.988737 0.78
66.057362 0.80
66.112238 0.79
66.177880 0.77
66.241620 0.81
66.305115 0.78
66.368741 0.78
66.432651 0.78
66.496653 0.78
66.561369 0.77
66.625243 0.78
66.683619 0.80
66.749118 0.80
66.812770 0.77
66.877033 0.77
66.936245 0.79
66.989621 0.80
67.060246 0.77
67.113658 0.77
67.177659 0.80
67.241661 0.77
67.311502 0.78
67.375764 0.81
67.440015 0.77
67.509249 0.79
67.562654 0.80
67.627043 0.78
67.694679 0.78
67.758894 0.78
67.817660 0.76
67.886656 0.78
67.955753 0.76
68.015034 0.76
68.075758 0.77
68.139255 0.80
68.197630 0.78
68.266254 0.78
68.324630 0.78
68.393257 0.78
68.448255 0.78
68.503255 0.78
68.561631 0.80
68.630256 0.78
68.685132 0.78
68.745136 0.78
68.810260 0.76
68.865133 0.79
68.925133 0.78
68.985136 0.80
69.050510 0.78
69.114676 0.80
69.173666 0.78
69.242776 0.79
69.303138 0.79
69.359542 0.78
69.418263 0.78
69.477142 0.80
69.541141 0.78
69.600264 0.78
69.664015 0.79
69.722666 0.76
69.791668 0.77
69.856016 0.78
69.919517 0.78
69.983671 0.77
70.042673 0.79
70.102519 0.78
70.152144 0.79
70.222144 0.78
70.280519 0.80
70.344675 0.80
70.408521 0.78
70.477395 0.78
70.547025 0.77
70.606148 0.79
70.664772 0.80
70.723675 0.78
70.782680 0.81
70.846524 0.80
70.915774 0.77
70.974679 0.78
71.038776 0.76
71.097679 0.80
71.156168 0.78
71.215169 0.77
71.275777 0.80
71.339777 0.76
71.398681 0.80
71.462404 0.80
71.527778 0.77
71.586154 0.79
71.641172 0.77
71.691155 0.77
71.746280 0.77
71.810156 0.76
71.865281 0.78
71.924156 0.78
71.984681 0.77
72.043533 0.80
72.102408 0.81
72.167687 0.78
72.226409 0.78
72.291689 0.78
72.351438 0.76
72.401177 0.78
72.460187 0.78
72.523928 0.79
72.587412 0.78
72.656053 0.79
72.714538 0.78
72.770805 0.78
72.825413 0.79
72.894164 0.77
72.952694 0.79
73.016290 0.80
73.080040 0.79
73.148931 0.78
73.212791 0.80
73.267700 0.78
73.331417 0.78
73.400060 0.78
73.458543 0.79
73.522419 0.79
73.582931 0.78
73.642067 0.77
73.700544 0.79
73.764045 0.78
73.817546 0.79
73.876046 0.81
73.936721 0.78
73.991938 0.76
74.061062 0.78
74.129923 0.76
74.188548 0.78
74.252424 0.78
74.326707 0.78
74.381425 0.78
74.450192 0.79
74.505190 0.77
74.564066 0.78
74.627818 0.81
74.691927 0.77
74.753334 0.76
74.811946 0.77
74.865553 0.78
74.920335 0.77
74.974803 0.80
75.038429 0.76
75.103306 0.79
75.151556 0.78
75.210306 0.78
75.270340 0.80
75.326338 0.77
75.386565 0.77
75.440833 0.77
75.500077 0.78
75.559309 0.80
75.629824 0.79
75.688434 0.79
75.757310 0.80
75.826061 0.78
75.879835 0.78
75.944322 0.80
76.003735 0.78
76.073565 0.77
76.133361 0.80
76.197836 0.80
76.257568 0.81
76.316565 0.79
76.371340 0.80
76.435315 0.78
76.509315 0.79
76.577940 0.77
76.631316 0.80
76.696101 0.78
76.755443 0.78
76.814448 0.79
76.868576 0.77
76.929841 0.77
76.990321 0.79
77.056444 0.78
77.125320 0.80
77.199321 0.78
77.273321 0.81
77.337197 0.80
77.401113 0.76
77.464947 0.76
77.519824 0.78
77.583325 0.80
77.647093 0.78
77.705847 0.76
77.774733 0.76
77.840225 0.76
77.888731 0.76
77.952702 0.79
78.016202 0.80
78.077576 0.76
78.128204 0.79
78.182704 0.78
78.246203 0.78
78.316205 0.77
78.372208 0.79
78.419579 0.78
78.470206 0.80
78.524730 0.80
78.597207 0.78
78.653236 0.79
78.709236 0.76
78.765209 0.78
78.819709 0.78
78.883333 0.80
78.947625 0.79
79.016840 0.77
79.070209 0.78
79.134228 0.76
79.203228 0.79
79.272211 0.78
79.341212 0.81
79.415338 0.79
79.484088 0.79
79.553339 0.77
79.617089 0.78
79.677232 0.77
79.740839 0.78
79.801103 0.80
79.875231 0.80
79.939466 0.79
79.997841 0.78
80.052871 0.79
80.121718 0.80
80.185718 0.78
80.246094 0.78
80.311607 0.77
80.375595 0.76
80.439220 0.79
80.499347 0.79
80.563475 0.78
80.628605 0.77
80.703348 0.80
80.763126 0.79
80.812724 0.76
80.881604 0.77
80.945349 0.78
80.996474 0.78
81.051225 0.78
81.120225 0.80
81.189476 0.78
81.240102 0.79
81.294604 0.77
81.358101 0.79
81.426727 0.79
81.485228 0.78
81.548728 0.80
81.607103 0.78
81.675753 0.77
81.734229 0.78
81.797730 0.79
81.856105 0.78
81.919731 0.78
81.983739 0.78
82.042112 0.77
82.111357 0.78
82.169733 0.78
82.228113 0.79
82.302109 0.80
82.370735 0.78
82.425734 0.79
82.484109 0.78
82.558125 0.77
82.626737 0.79
82.681736 0.80
82.750613 0.79
82.824616 0.81
82.879749 0.76
82.943616 0.78
83.012616 0.80
83.066245 0.76
83.125131 0.79
83.189241 0.80
83.248367 0.79
83.311991 0.78
83.375758 0.80
83.434117 0.80
83.494242 0.77
83.558122 0.80
83.627371 0.79
83.686137 0.80
83.746024 0.78
83.795633 0.77
83.850683 0.79
83.916064 0.77
83.975121 0.78
84.039247 0.78
84.098251 0.76
84.152375 0.78
84.207126 0.79
84.271250 0.80
84.325376 0.77
84.394499 0.79
84.458658 0.77
84.522827 0.78
84.592251 0.77
84.651379 0.78
84.706144 0.78
84.770502 0.80
84.840003 0.76
84.909253 0.78
84.973253 0.76
85.037255 0.80
85.091130 0.77
85.155255 0.78
85.213919 0.78
85.283023 0.80
85.352149 0.79
85.416382 0.78
85.482383 0.78
85.557398 0.77
85.621700 0.80
85.691261 0.79
85.755027 0.79
85.823933 0.80
85.888261 0.78
85.947512 0.78
86.008148 0.79
86.067668 0.79
86.128395 0.76
86.192665 0.77
86.257142 0.77
86.316282 0.77
86.375265 0.79
86.430664 0.77
86.485515 0.79
86.540390 0.78
86.604266 0.80
86.659016 0.78
86.728270 0.78
86.783269 0.80
86.838267 0.80
86.893268 0.77
86.948268 0.78
87.003269 0.76
87.058269 0.77
87.112911 0.78
87.182920 0.78
87.233922 0.78
87.298902 0.77
87.348522 0.77
87.407160 0.77
87.470913 0.79
87.544772 0.80
87.613523 0.77
87.682774 0.79
87.746524 0.79
87.805165 0.80
87.868775 0.80
87.929165 0.80
87.992917 0.78
88.066776 0.79
88.140916 0.81
88.214777 0.78
88.288919 0.76
88.362778 0.79
88.423169 0.77
88.486779 0.80
88.551922 0.77
88.625780 0.80
88.691281 0.78
88.749920 0.80
88.823782 0.78
88.897783 0.77
88.954158 0.79
89.007921 0.79
89.073285 0.78
89.138784 0.77
89.195160 0.79
89.248926 0.79
89.317785 0.79
89.391786 0.77
89.465787 0.78
89.534928 0.78
89.603801 0.79
89.677804 0.80
89.746928 0.78
89.815806 0.81
89.884813 0.80
89.949056 0.76
90.012814 0.80
90.081806 0.77
90.145808 0.77
90.214807 0.77
90.284060 0.79
90.347809 0.79
90.421810 0.80
90.490818 0.78
90.565060 0.78
90.629059 0.78
90.692810 0.79
90.767187 0.79
90.836297 0.79
90.901823 0.79
90.970824 0.78
91.034821 0.80
91.103813 0.78
91.173062 0.77
91.237063 0.78
91.300825 0.78
91.369816 0.78
91.443825 0.81
91.512827 0.79
91.581829 0.77
91.655826 0.78
91.730069 0.78
91.788681 0.80
91.852681 0.77
91.916681 0.80
91.980832 0.79
92.044831 0.77
92.108685 0.78
92.172830 0.79
92.236709 0.78
92.300835 0.76
92.361307 0.79
92.419834 0.79
92.483685 0.79
92.547712 0.76
92.616686 0.78
92.686074 0.79
92.740835 0.78
92.809838 0.80
92.873688 0.78
92.942689 0.78
93.006690 0.79
93.070690 0.76
93.134690 0.79
93.198691 0.78
93.262691 0.78
93.332080 0.79
93.390692 0.77
93.459694 0.79
93.523843 0.78
93.587693 0.80
93.656844 0.78
93.720694 0.78
93.789695 0.81
93.858959 0.76
93.922696 0.78
93.991699 0.79
94.055696 0.80
94.124699 0.78
94.185196 0.78
94.254447 0.76
94.323322 0.79
94.383573 0.77
94.449199 0.78
94.523574 0.80
94.589199 0.79
94.644200 0.79
94.708217 0.78
94.763326 0.78
94.827217 0.78
94.891217 0.77
94.950202 0.80
95.009216 0.78
95.073220 0.79
95.132218 0.78
95.196218 0.78
95.260219 0.78
95.324221 0.78
95.388222 0.79
95.447206 0.79
95.511223 0.80
95.575220 0.79
95.639221 0.78
95.703224 0.80
95.762223 0.79
95.826222 0.80
95.890225 0.78
95.954223 0.79
96.018227 0.79
96.077227 0.79
96.141226 0.79
96.205229 0.80
96.269229 0.78
96.333230 0.78
96.392227 0.76
96.456229 0.80
96.520215 0.80
96.584339 0.77
96.653890 0.76
96.724108 0.79
96.801466 0.78
96.863591 0.80
96.932592 0.78
97.001592 0.77
97.070592 0.80
97.142593 0.76
97.211594 0.78
97.283594 0.80
97.352595 0.76
97.419605 0.80
97.488471 0.79
97.544872 0.78
97.595499 0.79
97.650113 0.79
97.722473 0.78
97.783226 0.80
97.843608 0.80
97.907856 0.80
97.962759 0.79
98.027007 0.79
98.080982 0.78
98.144480 0.77
98.213118 0.79
98.277120 0.79
98.341120 0.80
98.405119 0.79
98.473992 0.76
98.543118 0.78
98.607119 0.80
98.671120 0.78
98.740005 0.80
98.803612 0.78
98.867620 0.78
98.931613 0.77
98.995482 0.76
99.064123 0.81
99.128122 0.77
99.205484 0.78
99.274124 0.76
99.338125 0.80
99.410612 0.78
99.474620 0.78
99.533617 0.78
99.597613 0.78
99.661619 0.80
99.720617 0.78
99.784614 0.78
99.848614 0.80
99.912615 0.78
99.976616 0.78
100.035616 0.77
100.099617 0.78
100.163617 0.77
100.227618 0.78
100.282368 0.79
100.329767 0.77
100.379368 0.79
100.435767 0.77
100.485369 0.79
100.550394 0.78
100.599883 0.81
100.658370 0.77
100.719773 0.78
100.774246 0.77
100.826770 0.78
100.881372 0.78
100.942773 0.77
101.002373 0.79
101.060889 0.78
101.114373 0.78
101.183139 0.78
101.236626 0.80
101.290499 0.78
101.354375 0.77
101.424376 0.81
101.493376 0.78
101.567252 0.79
101.631502 0.80
101.695253 0.78
101.754016 0.78
101.807378 0.77
101.871143 0.77
101.924633 0.80
101.983379 0.81
102.052381 0.77
102.121144 0.79
102.176506 0.77
102.245257 0.78
102.305382 0.77
102.374150 0.76
102.429258 0.79
102.491384 0.76
102.555150 0.76
102.610384 0.77
102.684384 0.78
102.753152 0.78
102.803152 0.78
102.866903 0.78
102.927150 0.76
102.977153 0.79
103.027151 0.78
103.091153 0.77
103.149787 0.76
103.213264 0.77
103.282155 0.79
103.345791 0.77
103.404390 0.79
103.464645 0.80
103.523391 0.77
103.587267 0.78
103.657268 0.81
103.704643 0.77
103.759393 0.78
103.824269 0.78
103.880270 0.78
103.936270 0.77
103.992270 0.77
104.048271 0.78
104.104271 0.79
104.160272 0.76
104.220397 0.78
104.289272 0.78
104.359274 0.76
104.419273 0.78
104.493273 0.80
104.567523 0.78
104.631275 0.77
104.705275 0.76
104.779275 0.78
104.853276 0.77
104.927277 0.79
105.001527 0.79
105.060402 0.77
105.124278 0.78
105.198404 0.78
105.267529 0.78
105.331280 0.78
105.405280 0.79
105.479280 0.78
105.553281 0.76
105.617407 0.80
105.681282 0.79
105.745283 0.78
105.809284 0.79
105.873284 0.80
105.937284 0.79
106.001284 0.78
106.065410 0.76
106.129285 0.79
106.193286 0.77
106.257287 0.78
106.321287 0.79
106.385288 0.79
106.449288 0.79
106.513541 0.77
106.564164 0.81
106.618665 0.79
106.682164 0.78
106.750790 0.77
106.809165 0.79
106.870540 0.76
106.921166 0.78
106.975667 0.80
107.039166 0.77
107.107792 0.80
107.166168 0.78
107.234793 0.79
107.293168 0.78
107.361794 0.78
107.420169 0.78
107.488795 0.79
107.547170 0.76
107.615795 0.78
107.674171 0.78
107.742797 0.78
107.801296 0.78
107.864797 0.79
107.923173 0.77
107.991798 0.80
108.050174 0.80
108.118800 0.78
108.177176 0.78
108.245800 0.79
108.309700 0.81
108.373825 0.78
108.437701 0.78
108.487819 0.79
108.537829 0.78
108.587821 0.76
108.642707 0.80
108.701706 0.78
108.760705 0.78
108.824832 0.79
108.888708 0.79
108.952709 0.80
109.016709 0.78
109.086308 0.78
109.145308 0.80
109.209309 0.78
109.264076 0.80
109.318685 0.80
109.382685 0.79
109.441712 0.79
109.507311 0.78
109.566201 0.78
109.626064 0.79
109.677091 0.81
109.728087 0.80
109.779086 0.78
109.833688 0.78
109.897689 0.80
109.961690 0.77
110.031206 0.77
110.091068 0.78
110.160082 0.78
110.229316 0.77
110.293566 0.79
110.362693 0.78
110.436956 0.79
110.497318 0.78
110.556444 0.80
110.622085 0.77
110.686210 0.78
110.750085 0.78
110.813696 0.78
110.869087 0.79
110.932697 0.79
110.988088 0.78
111.057213 0.78
111.121088 0.79
111.190088 0.79
111.253726 0.80
111.328324 0.79
111.387325 0.79
111.446325 0.80
111.501325 0.78
111.560326 0.78
111.619326 0.79
111.678327 0.78
111.737327 0.78
111.792328 0.80
111.851328 0.78
111.906328 0.79
111.961328 0.80
112.016329 0.77
112.075329 0.78
112.130330 0.79
112.185331 0.80
112.240331 0.79
112.295331 0.78
112.350098 0.76
112.419224 0.78
112.478985 0.78
112.533859 0.80
112.589983 0.78
112.654987 0.79
112.704584 0.78
112.763225 0.79
112.822966 0.78
112.872585 0.77
112.931336 0.78
112.995101 0.78
113.064102 0.78
113.132851 0.80
113.193228 0.76
113.257104 0.79
113.325854 0.79
113.386106 0.80
113.454856 0.78
113.515106 0.80
113.568465 0.78
113.627107 0.78
113.680467 0.80
113.740868 0.79
113.804467 0.77
113.859592 0.77
113.919860 0.79
113.988861 0.79
114.057870 0.80
114.123233 0.81
114.186872 0.76
114.250346 0.79
114.313872 0.80
114.382872 0.78
114.448223 0.76
114.501605 0.77
114.558240 0.79
114.621875 0.80
114.691115 0.78
114.742349 0.81
114.806116 0.76
114.869876 0.80
114.934878 0.78
114.994869 0.76
115.068867 0.76
115.142857 0.79
115.204231 0.79
115.254856 0.77
115.309481 0.79
115.362982 0.80
115.426481 0.81
115.484862 0.77
115.554243 0.79
115.624361 0.77
115.693889 0.78
115.763246 0.78
115.837761 0.81
115.899874 0.79
115.969002 0.80
116.033360 0.78
116.103030 0.77
116.167487 0.81
116.227737 0.79
116.287861 0.78
116.361893 0.77
116.435877 0.78
116.491005 0.80
116.559901 0.80
116.629006 0.77
116.692895 0.79
116.761893 0.78
116.836132 0.77
116.889490 0.78
116.953491 0.79
117.012241 0.77
117.076010 0.80
117.136368 0.77
117.189758 0.77
117.258773 0.78
117.332884 0.80
117.388135 0.77
117.442773 0.79
117.516774 0.79
117.590772 0.80
117.655773 0.78
117.709247 0.80
117.769140 0.79
117.824261 0.81
117.883373 0.78
117.942248 0.80
118.005775 0.77
118.074902 0.80
118.143779 0.78
118.207375 0.79
118.271503 0.78
118.326259 0.80
118.390377 0.78
118.444018 0.78
118.507780 0.79
118.576895 0.78
118.646146 0.79
118.710255 0.79
118.774254 0.79
118.843782 0.79
118.917773 0.79
118.981899 0.80
119.045785 0.78
119.115022 0.78
119.173758 0.78
119.237383 0.79
119.296258 0.77
119.365384 0.79
119.425790 0.78
119.500026 0.77
119.558915 0.78
119.618027 0.79
119.681913 0.77
119.742028 0.78
119.805917 0.77
119.864668 0.77
119.923527 0.78
119.997905 0.79
120.056657 0.80
120.125675 0.80
120.194794 0.79
120.258906 0.79
120.319157 0.80
120.377797 0.77
120.441785 0.79
120.505796 0.79
120.564798 0.80
120.625407 0.79
120.694268 0.78
120.758269 0.78
120.811770 0.77
120.881270 0.78
120.935036 0.80
120.984675 0.78
121.048772 0.77
121.112772 0.77
121.172039 0.78
121.227162 0.79
121.291274 0.79
121.350274 0.76
121.409164 0.76
121.473150 0.79
121.537275 0.77
121.590681 0.79
121.659918 0.80
121.723902 0.76
121.787919 0.80
121.851778 0.79
121.915778 0.79
121.979684 0.78
122.040172 0.80
122.105529 0.79
122.165672 0.78
122.239530 0.78
122.299656 0.78
122.368531 0.78
122.442782 0.78
122.512050 0.80
122.576158 0.78
122.636812 0.78
122.700784 0.79
122.764785 0.80
122.825187 0.77
122.891285 0.79
122.950286 0.78
123.010536 0.78
123.076814 0.78
123.137537 0.79
123.201803 0.78
123.260693 0.79
123.321289 0.80
123.390539 0.79
123.454692 0.79
123.518695 0.78
123.582807 0.78
123.641696 0.77
123.705791 0.81
123.759696 0.77
123.820292 0.77
123.884698 0.77
123.953822 0.78
124.012696 0.77
124.071700 0.77
124.135794 0.78
124.194169 0.79
124.252545 0.80
124.321170 0.80
124.379550 0.81
124.448173 0.80
124.506549 0.79
124.575171 0.80
124.633549 0.78
124.702173 0.77
124.760548 0.76
124.829174 0.77
124.887549 0.78
124.956175 0.76
125.014550 0.76
125.083176 0.77
125.141551 0.76
125.210177 0.79
125.265064 0.79
125.328552 0.76
125.397178 0.80
125.452054 0.79
125.512055 0.77
125.575554 0.77
125.645431 0.78
125.708930 0.79
125.772431 0.78
125.837682 0.76
125.902433 0.78
125.950557 0.81
126.006807 0.78
126.057434 0.79
126.111933 0.80
126.175434 0.78
126.236810 0.77
126.295184 0.79
126.353560 0.77
126.409811 0.80
126.460439 0.79
126.514938 0.78
126.578437 0.76
126.647076 0.81
126.705438 0.78
126.774063 0.77
126.832439 0.79
126.901064 0.76
126.959440 0.78
127.028065 0.78
127.086441 0.80
127.155066 0.79
127.213454 0.77
127.282067 0.76
127.340452 0.79
127.404068 0.78
127.462443 0.78
127.531069 0.77
127.589444 0.79
127.658070 0.78
127.716446 0.78
127.785074 0.79
127.843446 0.78
127.912072 0.80
127.970447 0.80
128.039073 0.79
128.093948 0.78
128.157449 0.79
128.226074 0.79
128.280950 0.79
128.340950 0.78
128.400951 0.77
128.460963 0.79
128.519326 0.79
128.584586 0.79
128.639577 0.77
128.703079 0.78
128.757953 0.78
128.816332 0.79
128.881579 0.77
128.936580 0.81
128.987706 0.78
129.047343 0.79
129.101830 0.77
129.165331 0.79
129.226707 0.78
129.277335 0.80
129.346208 0.78
129.415583 0.79
129.479334 0.79
129.543335 0.77
129.612101 0.79
129.665591 0.80
129.729586 0.80
129.793337 0.80
129.862462 0.77
129.926105 0.78
129.984853 0.80
130.048339 0.76
130.112339 0.81
130.181014 0.78
130.239343 0.79
130.313715 0.79
130.377341 0.77
130.446342 0.78
130.520479 0.78
130.584343 0.79
130.653468 0.79
130.711983 0.79
130.765986 0.78
130.826344 0.77
130.890594 0.80
130.948987 0.79
131.013346 0.79
131.077346 0.79
131.140987 0.80
131.201476 0.78
131.256606 0.78
131.320724 0.78
131.394865 0.79
131.464349 0.79
131.520607 0.78
131.574475 0.79
131.634255 0.77
131.693351 0.80
131.762227 0.80
131.823604 0.79
131.878481 0.80
131.937354 0.80
132.006604 0.79
132.057256 0.79
132.117479 0.78
132.176608 0.78
132.231480 0.78
132.291259 0.78
132.345729 0.78
132.409230 0.79
132.477856 0.77
132.536231 0.80
132.604856 0.79
132.663245 0.80
132.731858 0.78
132.790244 0.81
132.858858 0.77
132.917233 0.77
132.985860 0.78
133.044235 0.79
133.112861 0.78
133.171236 0.80
133.239865 0.79
133.298237 0.79
133.366863 0.78
133.425238 0.79
133.493863 0.80
133.552239 0.80
133.620864 0.77
133.675864 0.77
133.730742 0.77
133.790741 0.79
133.850741 0.76
133.910755 0.79
133.969117 0.78
134.037753 0.76
134.097743 0.78
134.157753 0.79
134.217743 0.79
134.277744 0.78
134.336120 0.78
134.397495 0.80
134.455871 0.78
134.510746 0.79
134.569121 0.79
134.630497 0.77
134.679872 0.76
134.734748 0.78
134.793123 0.78
134.854498 0.79
134.914125 0.80
134.968624 0.81
135.032125 0.78
135.100750 0.78
135.159126 0.79
135.220501 0.78
135.271133 0.78
135.325628 0.79
135.389130 0.78
135.457753 0.79
135.516139 0.78
135.584754 0.78
135.643129 0.76
135.711754 0.81
135.770131 0.80
135.838756 0.79
135.897131 0.77
135.965768 0.78
136.024133 0.78
136.092758 0.77
136.151136 0.79
136.219759 0.79
136.278134 0.79
136.346760 0.79
136.405135 0.77
136.473761 0.77
136.530150 0.80
136.590136 0.80
136.664012 0.78
136.729137 0.78
136.797764 0.78
136.852639 0.78
136.916138 0.78
136.986028 0.79
137.034139 0.78
137.104028 0.79
137.152141 0.78
137.222017 0.76
137.270142 0.80
137.326397 0.78
137.375767 0.80
137.434148 0.79
137.490393 0.77
137.541029 0.78
137.589144 0.78
137.645394 0.79
137.694776 0.77
137.753144 0.76
137.809397 0.78
137.860023 0.78
137.914521 0.79
137.978022 0.76
138.046648 0.77
138.105023 0.79
138.173659 0.78
138.232027 0.78
138.300652 0.78
138.359025 0.79
138.427651 0.79
138.486026 0.78
138.554656 0.77
138.613028 0.79
138.686907 0.80
138.747037 0.79
138.815654 0.77
138.874028 0.79
138.942657 0.80
138.997655 0.78
139.052659 0.77
139.107656 0.78
139.162657 0.77
139.217657 0.79
139.276039 0.79
139.349917 0.78
139.413685 0.76
139.477533 0.80
139.536835 0.79
139.601159 0.79
139.655418 0.78
139.719692 0.79
139.784416 0.78
139.854289 0.78
139.915296 0.79
139.976166 0.79
140.035544 0.78
140.101419 0.78
140.162736 0.76
140.237291 0.77
140.292291 0.78
140.347542 0.79
140.417298 0.79
140.472546 0.77
140.532426 0.80
140.595918 0.78
140.664551 0.80
140.722921 0.79
140.791552 0.80
140.849919 0.78
140.918553 0.78
140.976922 0.77
141.045554 0.77
141.103924 0.78
141.172554 0.79
141.230928 0.79
141.299555 0.80
141.357930 0.80
141.426550 0.79
141.484925 0.78
141.553551 0.81
141.611924 0.81
141.680553 0.78
141.738926 0.78
141.807558 0.80
141.865928 0.79
141.934554 0.78
141.992931 0.80
142.061555 0.77
142.116559 0.79
142.171559 0.80
142.226431 0.77
142.286430 0.80
142.346430 0.80
142.406430 0.78
142.466430 0.78
142.526430 0.79
142.586434 0.77
142.644807 0.76
142.710060 0.78
142.774809 0.80
142.822934 0.79
142.892809 0.77
142.940942 0.79
142.997185 0.78
143.056811 0.78
143.111313 0.77
143.174815 0.78
143.243440 0.78
143.301822 0.77
143.370445 0.76
143.428818 0.80
143.490191 0.78
143.540816 0.80
143.595320 0.80
143.658817 0.78
143.727442 0.79
143.785816 0.79
143.854441 0.80
143.912816 0.79
143.982819 0.76
144.037317 0.78
144.100821 0.79
144.169444 0.77
144.227825 0.80
144.296447 0.76
144.351447 0.78
144.409821 0.78
144.478445 0.78
144.533445 0.78
144.588448 0.78
144.646823 0.80
144.715451 0.79
144.773825 0.79
144.842449 0.80
144.900824 0.79
144.969449 0.79
145.024324 0.77
145.084327 0.77
145.144326 0.79
145.204328 0.80
145.264329 0.77
145.324336 0.76
145.382709 0.76
145.447964 0.77
145.499086 0.81
145.557458 0.77
145.615832 0.77
145.675956 0.79
145.735710 0.78
145.783832 0.78
145.852715 0.79
145.914085 0.79
145.973715 0.80
146.035083 0.80
146.089717 0.79
146.151083 0.78
146.205592 0.77
146.274209 0.80
146.337719 0.78
146.411461 0.78
146.469839 0.80
146.533337 0.78
146.591722 0.78
146.660338 0.76
146.718722 0.80
146.787337 0.78
146.845723 0.78
146.914339 0.79
146.972839 0.80
147.036339 0.80
147.094719 0.78
147.163341 0.79
147.222101 0.78
147.285593 0.79
147.345851 0.78
147.409347 0.77
147.469614 0.78
147.533225 0.76
147.593354 0.76
147.648347 0.77
147.703346 0.78
147.761722 0.80
147.830349 0.77
147.885224 0.77
147.945222 0.78
148.008728 0.78
148.077349 0.78
148.135722 0.79
148.204349 0.77
148.262724 0.78
148.322849 0.79
148.387604 0.78
148.435725 0.78
148.495854 0.78
148.550852 0.80
148.601978 0.79
148.656607 0.79
148.717986 0.78
148.768605 0.80
148.821854 0.78
148.880233 0.77
148.938610 0.80
149.007231 0.78
149.065609 0.77
149.134236 0.76
149.192613 0.79
149.266490 0.76
149.336614 0.80
149.401117 0.78
149.466007 0.78
149.535878 0.78
149.599862 0.78
149.658766 0.78
149.717235 0.78
149.776239 0.79
149.835238 0.80
149.905117 0.78
149.969364 0.79
150.034245 0.78
150.098741 0.79
150.157741 0.79
150.221896 0.78
150.288240 0.79
150.341624 0.80
150.410884 0.80
150.469769 0.80
150.523758 0.76
150.582624 0.79
150.641772 0.77
150.705624 0.79
150.770013 0.79
150.830630 0.79
150.894494 0.77
150.963896 0.78
151.018897 0.77
151.073773 0.77
151.133042 0.80
151.187123 0.80
151.247880 0.76
151.309537 0.79
151.364552 0.78
151.419025 0.78
151.480147 0.78
151.544809 0.78
151.604254 0.80
151.664787 0.78
151.723784 0.79
151.788796 0.76
151.842671 0.79
151.903264 0.80
151.972783 0.77
152.027026 0.77
152.081130 0.79
152.145814 0.78
152.199664 0.77
152.263916 0.78
152.323132 0.79
152.382131 0.76
152.446256 0.77
152.511166 0.78
152.580660 0.78
152.640038 0.78
152.699258 0.78
152.763831 0.80
152.813798 0.80
152.872674 0.77
152.936791 0.78
152.995666 0.80
153.059777 0.78
153.123394 0.78
153.189513 0.79
153.253925 0.80
153.313392 0.78
153.372674 0.80
153.434022 0.80
153.499892 0.76
153.559675 0.77
153.619144 0.80
153.680052 0.79
153.740915 0.80
153.805808 0.78
153.860518 0.80
153.919923 0.79
153.970144 0.79
154.026470 0.77
154.076900 0.78
154.132396 0.79
154.188770 0.80
154.239425 0.78
154.289054 0.79
154.359271 0.78
154.425162 0.77
154.495429 0.79
154.550528 0.80
154.609398 0.77
154.679052 0.78
154.737650 0.78
154.802056 0.80
154.866526 0.79
154.931057 0.79
154.995819 0.76
155.060662 0.79
155.125659 0.81
155.190663 0.78
155.249920 0.80
155.313922 0.80
155.382918 0.77
155.441673 0.79
155.500278 0.78
155.559161 0.79
155.628531 0.78
155.682946 0.77
155.736957 0.77
155.811659 0.78
155.865531 0.80
155.929039 0.80
155.984157 0.80
156.042673 0.79
156.101926 0.77
156.160533 0.80
156.224703 0.79
156.278536 0.78
156.332700 0.78
156.388160 0.78
156.452539 0.77
156.511412 0.77
156.574918 0.78
156.635054 0.77
156.695352 0.79
156.754287 0.78
156.828828 0.79
156.887414 0.80
156.947665 0.79
157.008416 0.78
157.063538 0.80
157.114693 0.79
157.169415 0.80
157.233419 0.79
157.297292 0.80
157.359668 0.79
157.414293 0.79
157.461687 0.80
157.516544 0.78
157.575422 0.76
157.634547 0.80
157.693549 0.80
157.752421 0.80
157.808866 0.80
157.867940 0.78
157.937085 0.79
158.001297 0.76
158.075678 0.79
158.130424 0.79
158.199679 0.79
158.260552 0.78
158.314561 0.80
158.378819 0.76
158.437561 0.78
158.496071 0.78
158.549426 0.79
158.603855 0.78
158.658074 0.78
158.733440 0.78
158.794685 0.76
158.856078 0.79
158.920430 0.80
158.983930 0.79
159.044430 0.78
159.103846 0.79
159.153950 0.78
159.214442 0.79
159.269951 0.81
159.328831 0.79
159.388438 0.80
159.452435 0.77
159.511562 0.80
159.570435 0.79
159.634559 0.80
159.693309 0.80
159.747435 0.79
159.811310 0.79
159.877191 0.79
159.930831 0.77
159.991565 0.79
160.046313 0.78
160.101701 0.78
160.155834 0.80
160.219969 0.78
160.284855 0.77
160.350443 0.79
160.409448 0.77
160.473577 0.79
160.530201 0.77
160.586225 0.79
160.640701 0.78
160.705446 0.81
160.761446 0.79
160.825319 0.80
160.879701 0.78
160.938839 0.78
160.997321 0.80
161.058702 0.78
161.128579 0.78
161.197836 0.78
161.262578 0.78
161.332198 0.77
161.401322 0.80
161.470322 0.78
161.534450 0.78
161.593448 0.79
161.657576 0.78
161.726843 0.81
161.785860 0.76
161.860453 0.77
161.919452 0.78
161.978208 0.77
162.037454 0.78
162.104991 0.78
162.175207 0.78
162.234467 0.77
162.290455 0.79
162.349579 0.79
162.415708 0.77
162.474861 0.77
162.534085 0.78
162.599708 0.79
162.649457 0.76
162.708457 0.79
162.763221 0.79
162.828086 0.79
162.879096 0.79
162.943210 0.78
163.002337 0.80
163.056462 0.80
163.111231 0.78
163.161593 0.78
163.226339 0.78
163.280475 0.78
163.350716 0.80
163.420590 0.79
163.484339 0.78
163.540344 0.78
163.609717 0.78
163.664465 0.79
163.723465 0.80
163.778467 0.80
163.835234 0.78
163.900094 0.78
163.949716 0.76
164.008341 0.80
164.072108 0.78
164.146107 0.78
164.215236 0.79
164.279477 0.77
164.340237 0.81
164.409221 0.78
164.463223 0.77
164.527629 0.80
164.587227 0.79
164.641240 0.79
164.705223 0.80
164.768990 0.79
164.839610 0.77
164.903607 0.78
164.962476 0.78
165.023239 0.76
165.087119 0.77
165.151475 0.76
165.220758 0.78
165.295118 0.80
165.359609 0.78
165.416227 0.78
165.475353 0.78
165.525353 0.78
165.580356 0.77
165.626481 0.78
165.697010 0.80
165.756235 0.80
165.810233 0.78
165.869120 0.78
165.933355 0.77
165.988356 0.77
166.043356 0.80
166.094019 0.80
166.163360 0.79
166.213358 0.76
166.274239 0.77
166.333359 0.79
166.394026 0.77
166.463360 0.77
166.536129 0.79
166.604860 0.80
166.664485 0.77
166.727986 0.80
166.796614 0.77
166.854987 0.78
166.923619 0.79
166.981989 0.77
167.050614 0.79
167.108988 0.79
167.177620 0.78
167.235990 0.78
167.304618 0.79
167.362992 0.80
167.431617 0.79
167.486620 0.78
167.541619 0.79
167.596747 0.80
167.651621 0.80
167.706498 0.79
167.766493 0.79
167.826503 0.78
167.886496 0.78
167.946494 0.78
168.011622 0.80
168.069997 0.77
168.130123 0.77
168.185122 0.78
168.236250 0.77
168.285625 0.78
168.340508 0.78
168.399003 0.78
168.459123 0.78
168.514123 0.79
168.565249 0.80
168.624877 0.80
168.679375 0.77
168.742876 0.80
168.804251 0.78
168.854878 0.80
168.903002 0.78
168.966502 0.77
169.024877 0.78
169.093503 0.77
169.151878 0.78
169.220504 0.80
169.278882 0.79
169.347506 0.79
169.405884 0.79
169.474507 0.80
169.538511 0.79
169.602509 0.79
169.674035 0.78
169.749031 0.81
169.824030 0.76
169.887903 0.78
169.963284 0.78
170.028057 0.80
170.093039 0.78
170.154035 0.79
170.218889 0.78
170.283265 0.78
170.348167 0.79
170.403517 0.78
170.463177 0.79
170.518918 0.80
170.573278 0.78
170.633151 0.81
170.698047 0.77
170.763152 0.79
170.824042 0.78
170.884807 0.81
170.939274 0.80
170.998649 0.78
171.058400 0.79
171.123056 0.81
171.188046 0.78
171.238284 0.77
171.298032 0.77
171.363046 0.78
171.428048 0.79
171.488777 0.81
171.553660 0.79
171.613276 0.77
171.682536 0.78
171.747153 0.78
171.808048 0.78
171.867171 0.77
171.942156 0.78
171.992172 0.80
172.062061 0.80
172.127052 0.79
172.192059 0.78
172.257057 0.79
172.311168 0.78
172.389664 0.80
172.454541 0.78
172.519665 0.78
172.584419 0.78
172.649052 0.80
172.708165 0.78
172.773061 0.76
172.837661 0.79
172.904288 0.77
172.963411 0.76
173.023091 0.80
173.084039 0.78
173.148413 0.80
173.213179 0.78
173.284547 0.78
173.349180 0.80
173.419065 0.78
173.469167 0.78
173.529677 0.78
173.584173 0.77
173.643810 0.78
173.710425 0.78
173.770062 0.79
173.827428 0.79
173.887172 0.78
173.952072 0.77
174.012942 0.78
174.067074 0.79
174.127948 0.80
174.188683 0.80
174.248551 0.78
174.304173 0.78
174.375942 0.78
174.429728 0.80
174.494072 0.79
174.560423 0.76
174.625860 0.80
174.701065 0.78
174.759958 0.80
174.813818 0.79
174.872944 0.79
174.937176 0.79
174.998186 0.80
175.057952 0.79
175.117553 0.78
175.182558 0.78
175.247555 0.79
175.307188 0.78
175.366950 0.79
175.426071 0.80
175.485682 0.79
175.550314 0.78
175.609179 0.79
175.678962 0.79
175.743558 0.76
175.804193 0.78
175.865190 0.79
175.924879 0.78
175.989957 0.78
176.051311 0.78
176.110848 0.78
176.175074 0.79
176.240869 0.78
176.294687 0.77
176.353686 0.80
176.403958 0.80
176.453691 0.80
176.518877 0.78
176.579565 0.77
176.635096 0.79
176.690567 0.78
176.755447 0.78
176.811092 0.80
176.866577 0.80
176.926448 0.78
176.986088 0.80
177.056089 0.80
177.115191 0.78
177.185198 0.80
177.249857 0.80
177.304096 0.79
177.363865 0.78
177.422962 0.78
177.482193 0.78
177.546209 0.77
177.610209 0.79
177.674211 0.79
177.743084 0.78
177.801695 0.80
177.865569 0.78
177.939570 0.78
178.000745 0.78
178.065196 0.78
178.129086 0.79
178.198086 0.78
178.262197 0.76
178.326214 0.77
178.379717 0.77
178.443832 0.78
178.507852 0.80
178.566842 0.80
178.630701 0.80
178.694702 0.78
178.753576 0.78
178.822705 0.77
178.886703 0.77
178.950866 0.80
179.005705 0.79
179.064581 0.78
179.128578 0.78
179.197705 0.79
179.256706 0.79
179.320713 0.79
179.374584 0.78
179.433206 0.78
179.490217 0.79
179.553978 0.78
179.609336 0.77
179.661873 0.78
179.711458 0.79
179.780585 0.76
179.844585 0.80
179.908587 0.78
179.967891 0.77
180.031977 0.78
180.097721 0.76
180.156979 0.78
180.221107 0.78
180.280105 0.78
180.349621 0.79
180.417721 0.78
180.483477 0.78
180.543115 0.80
180.613113 0.81
180.678135 0.80
180.742992 0.78
180.815793 0.78
180.871221 0.78
180.940720 0.78
181.005222 0.78
181.074618 0.77
181.144113 0.79
181.213619 0.80
181.273352 0.79
181.337991 0.79
181.401990 0.78
181.465605 0.77
181.516008 0.78
181.576868 0.79
181.651630 0.79
181.714513 0.80
181.775797 0.80
181.840861 0.78
181.900613 0.80
181.961608 0.77
182.017227 0.79
182.071144 0.79
182.130900 0.78
182.185105 0.76
182.244123 0.79
182.299358 0.78
182.346763 0.78
182.403368 0.80
182.481773 0.76
182.537239 0.80
182.607615 0.80
182.677789 0.80
182.752784 0.77
182.814140 0.80
182.873865 0.78
182.933621 0.78
183.003799 0.77
183.073903 0.79
183.133631 0.78
183.198621 0.80
183.268804 0.78
183.340623 0.79
183.413618 0.78
183.478131 0.78
183.542496 0.78
183.596781 0.78
183.660899 0.77
183.720630 0.78
183.790620 0.77
183.855624 0.76
183.925787 0.79
183.997493 0.78
184.062134 0.78
184.131366 0.79
184.195618 0.79
184.249641 0.78
184.314014 0.77
184.372623 0.80
184.432629 0.79
184.494142 0.78
184.558505 0.78
184.619496 0.79
184.683649 0.77
184.749627 0.79
184.808373 0.76
184.872649 0.78
184.929625 0.78
184.988498 0.78
185.052499 0.79
185.116502 0.79
185.175500 0.78
185.239500 0.79
185.289803 0.80
185.345266 0.79
185.400267 0.77
185.454816 0.80
185.519796 0.76
185.579510 0.77
185.644509 0.78
185.709514 0.78
185.779886 0.79
185.845642 0.77
185.910817 0.80
185.970509 0.78
186.035519 0.78
186.100512 0.80
186.160162 0.78
186.226804 0.80
186.280510 0.78
186.344518 0.77
186.403510 0.78
186.468521 0.78
186.538890 0.78
186.603513 0.77
186.663514 0.78
186.722902 0.77
186.787818 0.78
186.847516 0.78
186.912400 0.77
186.966808 0.78
187.026387 0.78
187.085512 0.79
187.146392 0.77
187.210389 0.80
187.274514 0.77
187.335394 0.78
187.399393 0.78
187.458898 0.78
187.523810 0.79
187.584210 0.79
187.638835 0.78
187.693043 0.79
187.752395 0.77
187.811647 0.78
187.870898 0.80
187.931405 0.80
187.990397 0.76
188.049820 0.79
188.110524 0.78
188.169399 0.78
188.228803 0.77
188.283772 0.78
188.350402 0.78
188.409400 0.79
188.473401 0.79
188.523527 0.78
188.578401 0.78
188.632411 0.78
188.691776 0.80
188.761532 0.78
188.829162 0.78
188.884289 0.78
188.938831 0.79
188.999658 0.79
189.058780 0.79
189.123406 0.79
189.182840 0.78
189.247669 0.80
189.313544 0.79
189.373417 0.79
189.443410 0.79
189.508418 0.77
189.577825 0.79
189.647546 0.78
189.703934 0.78
189.768674 0.79
189.828418 0.78
189.893292 0.78
189.954853 0.78
190.019288 0.80
190.084300 0.80
190.145669 0.78
190.201944 0.77
190.261545 0.78
190.321292 0.78
190.386424 0.78
190.447292 0.79
190.501416 0.80
190.560939 0.78
190.620428 0.78
190.681302 0.76
190.746169 0.77
190.821681 0.78
190.882546 0.76
190.946812 0.79
191.006420 0.78
191.056431 0.80
191.117306 0.78
191.182192 0.79
191.252308 0.78
191.313058 0.81
191.377548 0.79
191.447549 0.79
191.522432 0.80
191.583304 0.77
191.653185 0.79
191.719827 0.78
191.779553 0.77
191.839562 0.79
191.895850 0.78
191.971309 0.78
192.036307 0.77
192.101197 0.78
192.167857 0.81
192.228190 0.78
192.287867 0.80
192.352198 0.80
192.421429 0.77
192.485428 0.80
192.554707 0.79
192.629195 0.78
192.693197 0.78
192.757305 0.80
192.816198 0.80
192.875196 0.77
192.934434 0.79
193.000058 0.78
193.069308 0.80
193.123184 0.79
193.187080 0.76
193.246312 0.80
193.300447 0.78
193.365571 0.78
193.426690 0.79
193.496573 0.77
193.557831 0.79
193.633201 0.78
193.683443 0.79
193.748199 0.80
193.813323 0.77
193.863444 0.80
193.933577 0.80
193.994447 0.78
194.066200 0.77
194.127700 0.80
194.192072 0.79
194.255703 0.79
194.325576 0.79
194.386454 0.79
194.440746 0.80
194.507204 0.79
194.572201 0.77
194.622471 0.79
194.682207 0.78
194.741070 0.79
194.810088 0.78
194.879215 0.77
194.943089 0.79
195.012323 0.78
195.062206 0.78
195.127095 0.78
195.191090 0.80
195.260334 0.78
195.325329 0.78
195.386704 0.76
195.456708 0.78
195.521462 0.80
195.581336 0.79
195.645859 0.77
195.710339 0.78
195.769836 0.77
195.844217 0.79
195.905712 0.78
195.970333 0.79
196.031589 0.79
196.085458 0.77
196.150843 0.80
196.205338 0.77
196.271213 0.79
196.336088 0.79
196.395345 0.78
196.455110 0.80
196.520108 0.79
196.585107 0.78
196.649984 0.79
196.720105 0.80
196.770343 0.79
196.836464 0.78
196.906118 0.78
196.965103 0.77
197.019343 0.78
197.079111 0.78
197.138351 0.80
197.198100 0.79
197.262988 0.76
197.317344 0.80
197.376990 0.80
197.455224 0.77
197.520348 0.80
197.580121 0.78
197.645227 0.77
197.710347 0.78
197.771232 0.80
197.841473 0.77
197.906353 0.78
197.967352 0.78
198.037230 0.80
198.102354 0.78
198.172483 0.79
198.228359 0.78
198.289226 0.79
198.354993 0.78
198.424722 0.78
198.494114 0.77
198.552882 0.80
198.611903 0.79
198.676116 0.80
198.739867 0.77
198.803883 0.78
198.872878 0.78
198.942118 0.79
199.006351 0.78
199.075881 0.76
199.141882 0.80
199.200884 0.78
199.256232 0.79
199.321733 0.77
199.386235 0.78
199.445357 0.81
199.515366 0.78
199.579898 0.77
199.631232 0.78
199.696736 0.78
199.761008 0.78
199.815014 0.76
199.869004 0.78
199.933126 0.77
199.988625 0.77
200.053132 0.79
200.123018 0.78
200.187884 0.78
200.257873 0.79
200.317130 0.81
200.372623 0.78
200.442996 0.81
200.512904 0.80
200.583017 0.76
200.642378 0.76
200.707376 0.76
200.766746 0.78
200.831249 0.78
200.890872 0.77
200.956808 0.78
201.011249 0.78
201.070888 0.78
201.129888 0.80
201.191250 0.78
201.252130 0.78
201.313503 0.79
201.377873 0.77
201.432259 0.77
201.491371 0.80
201.551899 0.80
201.615892 0.78
201.679892 0.80
201.738769 0.79
201.802777 0.78
201.867147 0.80
201.926125 0.80
201.991635 0.79
202.050895 0.78
202.110162 0.78
202.175029 0.78
202.231672 0.77
202.291023 0.76
202.347650 0.77
202.411897 0.79
202.471254 0.78
202.533380 0.78
202.593901 0.79
202.644137 0.78
202.709039 0.77
202.779263 0.80
202.839884 0.79
202.899519 0.77
202.955135 0.79
203.016392 0.80
203.081264 0.80
203.150919 0.77
203.210265 0.79
203.280513 0.78
203.345272 0.77
203.415263 0.80
203.479804 0.79
203.555265 0.77
203.616392 0.78
203.680693 0.80
203.745055 0.78
203.815269 0.77
203.880277 0.78
203.945273 0.79
204.009803 0.78
204.064044 0.77
204.123818 0.80
204.178200 0.79
204.239057 0.79
204.303807 0.78
204.358044 0.78
204.414275 0.79
204.479060 0.76
204.538821 0.78
204.600042 0.81
204.650397 0.77
204.711038 0.79
204.781054 0.78
204.840827 0.79
204.901900 0.78
204.970939 0.80
205.031798 0.78
205.086051 0.80
205.143582 0.79
205.203045 0.79
205.262844 0.80
205.327827 0.78
205.378057 0.78
205.437659 0.79
205.512945 0.79
205.583159 0.80
205.664063 0.78
205.725038 0.78
205.784531 0.80
205.840057 0.77
205.899662 0.80
205.969666 0.78
206.045161 0.78
206.106069 0.80
206.165833 0.79
206.230662 0.78
206.306169 0.78
206.370929 0.78
206.442858 0.78
206.503828 0.79
206.568669 0.78
206.638833 0.78
206.704845 0.77
206.765838 0.80
206.827290 0.81
206.894077 0.77
206.951062 0.78
207.010693 0.79
207.066940 0.78
207.121292 0.79
207.191854 0.81
207.253189 0.78
207.317540 0.80
207.371669 0.76
207.425679 0.79
207.486949 0.78
207.542422 0.78
207.601948 0.80
207.663188 0.79
207.715811 0.78
207.765543 0.79
207.816810 0.77
207.866417 0.80
207.935543 0.77
208.004543 0.77
208.055822 0.77
208.110964 0.79
208.164672 0.79
208.223547 0.78
208.282547 0.78
208.341860 0.80
208.412073 0.81
208.481840 0.80
208.551551 0.78
208.615548 0.81
208.684846 0.79
208.743679 0.77
208.807944 0.78
208.871945 0.76
208.941684 0.78
209.001198 0.76
209.059944 0.80
209.133945 0.79
209.192552 0.77
209.261558 0.77
209.325680 0.77
209.384554 0.78
209.443556 0.77
209.512559 0.79
209.576954 0.80
209.640934 0.79
209.706697 0.77
209.760557 0.78
209.829559 0.78
209.890435 0.79
209.959967 0.80
210.019856 0.80
210.078956 0.78
210.148700 0.77
210.209690 0.78
210.268969 0.80
210.330446 0.78
210.396692 0.79
210.455834 0.77
210.515442 0.77
210.581566 0.76
210.640876 0.77
210.704957 0.79
210.764572 0.80
210.829571 0.78
210.899575 0.80
210.969970 0.79
211.030581 0.78
211.100979 0.80
211.160841 0.79
211.230973 0.77
211.291869 0.77
211.352324 0.80
211.412701 0.78
211.471966 0.79
211.541973 0.80
211.602871 0.80
211.662210 0.78
211.732716 0.80
211.797703 0.79
211.869577 0.77
211.926098 0.80
211.985893 0.80
212.042103 0.80
212.106869 0.77
212.163084 0.78
212.222878 0.80
212.276973 0.77
212.343590 0.77
212.399457 0.79
212.460726 0.77
212.520460 0.77
212.582101 0.80
212.637884 0.79
212.702885 0.78
212.759097 0.78
212.818001 0.80
212.887457 0.80
212.941713 0.78
213.001463 0.78
213.065977 0.77
213.126585 0.77
213.186464 0.77
213.247593 0.79
213.304719 0.79
213.358983 0.78
213.412459 0.78
213.467733 0.80
213.532102 0.79
213.587718 0.78
213.646983 0.79
213.699727 0.79
213.759475 0.80
213.824593 0.79
213.874724 0.79
213.934470 0.77
213.993717 0.77
214.065467 0.77
214.130470 0.77
214.184726 0.78
214.249617 0.77
214.319595 0.78
214.380480 0.79
214.445609 0.78
214.520723 0.78
214.590723 0.79
214.660478 0.80
214.725627 0.80
214.790223 0.77
214.855359 0.80
214.920475 0.78
214.993237 0.79
215.052725 0.79
215.118478 0.76
215.183479 0.80
215.242993 0.77
215.307820 0.78
215.367619 0.78
215.426998 0.78
215.486791 0.79
215.542998 0.77
215.607786 0.79
215.667615 0.77
215.727356 0.78
215.786479 0.78
215.851480 0.77
215.929352 0.79
215.993353 0.80
216.052354 0.79
216.111354 0.78
216.175354 0.78
216.239355 0.80
216.303355 0.78
216.367356 0.78
216.439611 0.77
216.503759 0.80
216.567759 0.79
216.631761 0.79
216.695762 0.77
216.759763 0.79
216.833775 0.80
216.899360 0.78
216.971612 0.80
217.037119 0.76
217.086765 0.79
217.147129 0.78
217.216361 0.79
217.280362 0.80
217.344488 0.78
217.406118 0.77
217.465492 0.80
217.535135 0.78
217.604492 0.80
217.668772 0.77
217.743622 0.79
217.808139 0.78
217.877368 0.79
217.938642 0.79
217.998248 0.80
218.057497 0.78
218.127375 0.80
218.188137 0.79
218.253259 0.79
218.314375 0.79
218.375140 0.78
218.450140 0.79
218.514381 0.78
218.579254 0.78
218.638787 0.76
218.703507 0.78
218.763254 0.77
218.822388 0.79
218.887262 0.78
218.946794 0.79
219.006510 0.79
219.066256 0.80
219.120379 0.78
219.179376 0.80
219.229378 0.79
219.284256 0.80
219.343382 0.80
219.393379 0.79
219.448148 0.79
219.512508 0.78
219.583011 0.79
219.637514 0.78
219.693010 0.80
219.744016 0.79
219.813390 0.78
219.868385 0.79
219.918517 0.78
219.978268 0.78
220.043158 0.80
220.102517 0.78
220.162266 0.79
220.227272 0.78
220.292273 0.78
220.357391 0.78
220.418806 0.78
220.478516 0.78
220.539148 0.77
220.600537 0.79
220.656682 0.77
220.723269 0.77
220.784810 0.77
220.849278 0.79
220.919527 0.79
220.975647 0.77
221.040396 0.78
221.112271 0.77
221.171529 0.79
221.227834 0.78
221.294524 0.79
221.359036 0.79
221.418525 0.79
221.478908 0.79
221.553022 0.79
221.613269 0.78
221.667397 0.78
221.726523 0.77
221.785675 0.81
221.845405 0.80
221.899652 0.79
221.975175 0.80
222.045528 0.78
222.099665 0.80
222.159412 0.76
222.219048 0.80
222.280160 0.79
222.345284 0.80
222.411161 0.77
222.476164 0.80
222.541051 0.78
222.595405 0.78
222.645404 0.79
222.709530 0.78
222.773529 0.78
222.839077 0.78
222.898281 0.78
222.957411 0.80
223.026789 0.79
223.096165 0.77
223.155157 0.81
223.218925 0.78
223.278410 0.78
223.337419 0.78
223.401669 0.79
223.466176 0.76
223.527184 0.78
223.592179 0.77
223.651176 0.78
223.714927 0.79
223.783926 0.79
223.857926 0.78
223.931929 0.79
224.005931 0.79
224.074928 0.78
224.148806 0.79
224.223178 0.78
224.284792 0.80
224.344059 0.78
224.398065 0.77
224.461937 0.78
224.531545 0.79
224.600830 0.78
224.665183 0.80
224.715186 0.78
224.770189 0.78
224.820077 0.80
224.879422 0.79
224.944074 0.77
225.008945 0.79
225.084078 0.78
225.149073 0.78
225.199301 0.80
225.260555 0.80
225.320179 0.78
225.376807 0.77
225.436310 0.80
225.495552 0.79
225.556310 0.77
225.616079 0.77
225.675428 0.81
225.741193 0.80
225.799818 0.77
225.869070 0.78
225.928070 0.79
225.992688 0.80
226.048307 0.80
226.117680 0.78
226.187073 0.79
226.250823 0.76
226.320182 0.78
226.389555 0.78
226.455432 0.80
226.519431 0.79
226.578434 0.78
226.637447 0.80
226.706840 0.79
226.773311 0.79
226.837438 0.79
226.907187 0.78
226.976840 0.78
227.043443 0.80
227.108081 0.80
227.166688 0.76
227.235953 0.80
227.299832 0.77
227.364204 0.76
227.428314 0.79
227.488691 0.77
227.553081 0.79
227.608083 0.79
227.657832 0.79
227.718442 0.80
227.780443 0.78
227.842441 0.79
227.904441 0.78
227.961317 0.79
228.020081 0.80
228.084320 0.77
228.143193 0.78
228.212704 0.79
228.277320 0.78
228.336321 0.80
228.395323 0.79
228.459881 0.79
228.535328 0.78
228.605210 0.77
228.664972 0.79
228.729868 0.78
228.784209 0.78
228.843974 0.79
228.903461 0.78
228.963460 0.77
229.023098 0.79
229.087979 0.79
229.158102 0.76
229.229981 0.79
229.294852 0.76
229.354112 0.80
229.413855 0.77
229.469978 0.79
229.530987 0.78
229.595852 0.79
229.655215 0.78
229.712214 0.78
229.762459 0.77
229.818143 0.78
229.879107 0.79
229.929115 0.78
229.988896 0.79
230.050108 0.78
230.109896 0.78
230.174881 0.80
230.235897 0.78
230.297221 0.78
230.362714 0.79
230.422472 0.78
230.482110 0.79
230.535854 0.78
230.594856 0.77
230.645977 0.76
230.701469 0.80
230.767216 0.79
230.821000 0.80
230.881888 0.77
230.935718 0.78
231.005905 0.80
231.070887 0.80
231.124999 0.77
231.195239 0.79
231.260116 0.78
231.324913 0.77
231.385890 0.77
231.455893 0.77
231.534345 0.77
231.609228 0.77
231.674127 0.77
231.733473 0.79
231.798496 0.77
231.863476 0.79
231.922995 0.77
231.994904 0.77
232.051994 0.78
232.122237 0.80
232.181997 0.78
232.246352 0.79
232.305997 0.76
232.370362 0.79
232.426122 0.76
232.480355 0.76
232.544863 0.76
232.606129 0.77
232.666875 0.78
232.725608 0.77
232.789605 0.78
232.854510 0.80
232.900518 0.80
232.952122 0.77
233.012481 0.78
233.081612 0.77
233.159016 0.78
233.223233 0.78
233.295612 0.77
233.354613 0.78
233.413614 0.79
233.486126 0.76
233.550235 0.77
233.622773 0.79
233.676773 0.80
233.735615 0.77
233.791015 0.80
233.855907 0.79
233.915114 0.78
233.977364 0.77
234.042366 0.80
234.117799 0.77
234.188138 0.79
234.253015 0.78
234.317777 0.77
234.377118 0.78
234.436794 0.79
234.508790 0.77
234.578630 0.78
234.653493 0.79
234.727618 0.79
234.791892 0.78
234.855619 0.77
234.906022 0.78
234.966630 0.80
235.031038 0.77
235.086879 0.77
235.146626 0.78
235.219797 0.78
235.280794 0.81
235.341636 0.78
235.403033 0.78
235.462793 0.79
235.512879 0.77
235.577498 0.77
235.646624 0.78
235.710790 0.76
235.770626 0.77
235.842892 0.77
235.903126 0.78
235.954377 0.77
236.001777 0.78
236.060502 0.78
236.111780 0.79
236.161378 0.79
236.222780 0.76
236.277379 0.80
236.348254 0.78
236.400784 0.76
236.450380 0.80
236.515381 0.79
236.570031 0.81
236.642510 0.78
236.701382 0.78
236.771265 0.79
236.830510 0.77
236.894383 0.79
236.968509 0.79
237.032509 0.78
237.096514 0.79
237.155510 0.76
237.219136 0.77
237.272637 0.77
237.331387 0.79
237.400387 0.80
237.474513 0.80
237.538512 0.79
237.602263 0.79
237.666514 0.79
237.735390 0.81
237.804157 0.76
237.862913 0.79
237.926919 0.78
237.982143 0.79
238.046517 0.81
238.107517 0.79
238.176522 0.78
238.240393 0.78
238.314393 0.79
238.375169 0.77
238.433911 0.78
238.492395 0.78
238.566271 0.79
238.640521 0.79
238.700272 0.79
238.745163 0.77
238.795149 0.77
238.847649 0.79
238.902274 0.78
238.976524 0.79
239.040399 0.79
239.096692 0.78
239.160524 0.77
239.211651 0.78
239.266276 0.78
239.327652 0.78
239.382402 0.78
239.438653 0.76
239.493403 0.79
239.549654 0.80
239.604528 0.78
239.664279 0.78
239.720280 0.77
239.776282 0.78
239.830921 0.78
239.889405 0.77
239.953535 0.78
240.012282 0.78
240.076407 0.79
240.135410 0.78
240.201662 0.77
240.266538 0.78
240.325671 0.78
240.390542 0.77
240.451413 0.79
240.510940 0.78
240.575834 0.77
240.629960 0.78
240.689676 0.78
240.749417 0.80
240.805547 0.80
240.861421 0.78
240.922543 0.77
240.982428 0.78
241.044065 0.78
241.114550 0.79
241.174421 0.79
241.233545 0.77
241.294428 0.79
241.353419 0.78
241.412677 0.78
241.477546 0.80
241.536420 0.78
241.595547 0.77
241.654420 0.78
241.704680 0.78
241.764426 0.79
241.823300 0.76
241.898425 0.77
241.957548 0.79
242.012547 0.76
242.074180 0.78
242.125182 0.80
242.176185 0.78
242.238301 0.78
242.321560 0.78
242.371553 0.77
242.426552 0.80
242.481861 0.77
242.538177 0.77
242.598854 0.76
242.664555 0.78
242.739437 0.77
242.812686 0.79
242.872316 0.79
242.933731 0.78
242.993309 0.79
243.068696 0.79
243.128309 0.79
243.198440 0.80
243.259961 0.78
243.326438 0.77
243.391698 0.81
243.461435 0.80
243.520437 0.80
243.574434 0.79
243.638435 0.80
243.692560 0.76
243.756853 0.80
243.826564 0.79
243.901203 0.80
243.964321 0.80
244.029316 0.79
244.083573 0.80
244.143322 0.78
244.208205 0.78
244.272451 0.79
244.333205 0.78
244.392567 0.80
244.451867 0.77
244.516441 0.78
244.570572 0.78
244.639693 0.79
244.700573 0.78
244.756697 0.80
244.817205 0.79
244.892702 0.79
244.958704 0.76
245.028751 0.78
245.089574 0.79
245.149326 0.76
245.219576 0.79
245.285114 0.78
245.340452 0.77
245.390449 0.80
245.456216 0.78
245.522082 0.76
245.577334 0.77
245.638896 0.79
245.698579 0.76
245.759083 0.79
245.813453 0.78
245.872453 0.77
245.942330 0.78
246.006452 0.79
246.076209 0.76
246.140094 0.79
246.204223 0.78
246.258224 0.79
246.322589 0.76
246.378879 0.78
246.438584 0.80
246.498463 0.80
246.558212 0.77
246.617468 0.79
246.677218 0.79
246.747336 0.80
246.812221 0.79
246.871877 0.79
246.932467 0.76
246.992216 0.77
247.053338 0.77
247.123471 0.76
247.177337 0.80
247.236595 0.80
247.297467 0.80
247.347464 0.79
247.411589 0.79
247.470212 0.78
247.534215 0.79
247.589465 0.81
247.649463 0.81
247.713720 0.80
247.772966 0.79
247.837473 0.77
247.897240 0.77
247.951105 0.77
248.012628 0.80
248.077346 0.78
248.132620 0.77
248.187971 0.78
248.257221 0.79
248.321125 0.78
248.389872 0.78
248.456475 0.77
248.520607 0.81
248.581780 0.81
248.641477 0.78
248.719237 0.81
248.783113 0.81
248.852125 0.78
248.911351 0.78
248.976876 0.77
249.046120 0.78
249.109990 0.81
249.179116 0.76
249.243226 0.78
249.307352 0.78
249.371478 0.77
249.431867 0.80
249.501122 0.79
249.564881 0.81
249.632478 0.80
249.693120 0.80
249.753608 0.78
249.831481 0.78
249.905999 0.78
249.965128 0.78
250.025495 0.77
250.090623 0.79
250.155126 0.76
250.215614 0.77
250.293483 0.80
250.347489 0.79
250.406486 0.80
250.470630 0.79
250.530368 0.78
250.590008 0.76
250.660140 0.80
250.730492 0.78
250.796497 0.77
250.862493 0.80
250.928364 0.79
250.997882 0.78
251.067368 0.76
251.131493 0.78
251.185133 0.78
251.255015 0.80
251.324492 0.76
251.389145 0.76
251.454143 0.78
251.515138 0.78
251.579380 0.79
251.643496 0.80
251.703145 0.80
251.773141 0.77
251.832141 0.77
251.891375 0.79
251.950497 0.79
252.010379 0.80
252.070129 0.78
252.140257 0.79
252.200026 0.77
252.264895 0.77
252.329386 0.79
252.393895 0.78
252.463168 0.80
252.518502 0.78
252.575508 0.78
252.640257 0.78
252.704753 0.80
252.768892 0.76
252.837778 0.78
252.897261 0.79
252.956380 0.77
253.010143 0.80
253.071030 0.78
253.124898 0.78
253.184265 0.76
253.244035 0.78
253.303406 0.80
253.360271 0.78
253.420031 0.79
253.479267 0.80
253.539035 0.78
253.593027 0.78
253.657037 0.77
253.710902 0.80
253.774915 0.78
253.839151 0.79
253.908511 0.79
253.972385 0.79
254.031261 0.80
254.095261 0.77
254.159262 0.76
254.228795 0.76
254.292906 0.79
254.357270 0.79
254.421393 0.78
254.490903 0.78
254.545275 0.78
254.604895 0.78
254.666048 0.78
254.731046 0.78
254.795922 0.78
254.857274 0.80
254.916804 0.78
254.981162 0.76
255.050645 0.78
255.119909 0.81
255.188785 0.79
255.263160 0.80
255.328647 0.78
255.397913 0.78
255.462023 0.80
255.515650 0.80
255.579654 0.77
255.651525 0.78
255.716157 0.80
255.777176 0.78
255.832654 0.77
255.899407 0.80
255.970657 0.76
256.030162 0.78
256.089825 0.79
256.165315 0.79
256.226167 0.79
256.285925 0.80
256.340414 0.80
256.400066 0.77
256.464822 0.80
256.523802 0.78
256.578053 0.79
256.642411 0.79
256.703175 0.79
256.757284 0.77
256.816284 0.80
256.880848 0.79
256.939660 0.78
257.009840 0.80
257.074288 0.80
257.139065 0.79
257.210936 0.78
257.265067 0.79
257.335297 0.78
257.405539 0.78
257.465170 0.78
257.524936 0.77
257.584175 0.80
257.643949 0.79
257.727541 0.77
257.797044 0.78
257.862665 0.77
257.929419 0.77
257.999059 0.79
258.059166 0.78
258.114417 0.77
258.188832 0.79
258.247814 0.78
258.306704 0.80
258.360690 0.78
258.414686 0.78
258.479060 0.80
258.543294 0.77
258.599546 0.76
258.646937 0.78
258.710672 0.77
258.774546 0.79
258.838673 0.78
258.902674 0.79
258.961676 0.77
259.020677 0.77
259.084946 0.79
259.155554 0.78
259.202958 0.77
259.248947 0.78
259.323553 0.77
259.392679 0.78
259.457185 0.80
259.521303 0.76
259.586438 0.79
259.651558 0.77
259.725683 0.78
259.779852 0.80
259.833876 0.79
259.894436 0.76
259.953181 0.78
260.022958 0.76
260.089437 0.79
260.163690 0.77
260.217950 0.81
260.278825 0.78
260.340192 0.77
260.406859 0.80
260.461099 0.80
260.518095 0.80
260.578958 0.78
260.643864 0.78
260.699876 0.80
260.755064 0.79
260.815197 0.78
260.876089 0.80
260.946323 0.79
261.001964 0.78
261.056193 0.80
261.108851 0.79
261.164318 0.79
261.220854 0.78
261.283454 0.78
261.337859 0.79
261.387883 0.79
261.454573 0.79
261.513444 0.80
261.582567 0.78
261.641569 0.79
261.692836 0.79
261.742698 0.78
261.801570 0.77
261.870570 0.79
261.934698 0.78
261.993701 0.77
262.047871 0.81
262.111965 0.78
262.187098 0.78
262.246705 0.78
262.300861 0.77
262.371104 0.77
262.441327 0.77
262.505714 0.78
262.570093 0.80
262.639578 0.78
262.703969 0.78
262.768117 0.79
262.841206 0.77
262.915896 0.76
262.975713 0.78
263.040714 0.77
263.105712 0.78
263.165084 0.78
263.248727 0.79
263.310214 0.78
263.374588 0.78
263.435844 0.77
263.495586 0.78
263.549999 0.80
263.609885 0.81
263.669106 0.78
263.733873 0.79
263.788106 0.78
263.852872 0.76
263.912721 0.79
263.973591 0.80
264.027988 0.78
264.088891 0.78
264.153624 0.76
264.215136 0.76
264.292873 0.78
264.358353 0.78
264.417591 0.78
264.476592 0.79
264.531716 0.76
264.591358 0.79
264.651896 0.78
264.720718 0.78
264.775851 0.80
264.835611 0.78
264.896348 0.80
264.945863 0.80
265.010775 0.78
265.075128 0.79
265.134852 0.76
265.190390 0.76
265.245630 0.78
265.310774 0.77
265.380484 0.80
265.442122 0.80
265.506890 0.78
265.576608 0.80
265.646611 0.78
265.707474 0.79
265.773348 0.77
265.842482 0.80
265.896616 0.78
265.968996 0.77
266.033784 0.79
266.093479 0.80
266.152794 0.79
266.212487 0.78
266.266767 0.78
266.331485 0.80
266.392859 0.77
266.452484 0.78
266.511801 0.78
266.571485 0.78
266.625866 0.77
266.682013 0.81
266.741616 0.80
266.791866 0.79
266.848010 0.79
266.907620 0.77
266.968490 0.80
267.030008 0.78
267.094618 0.78
267.144801 0.77
267.200240 0.76
267.260793 0.80
267.320493 0.79
267.390807 0.77
267.451802 0.79
267.511492 0.79
267.561800 0.77
267.621639 0.77
267.691617 0.79
267.746616 0.77
267.820363 0.77
267.889363 0.78
267.953490 0.80
268.017796 0.77
268.077495 0.78
268.136493 0.78
268.200623 0.78
268.255010 0.78
268.324621 0.78
268.379627 0.79
268.448887 0.80
268.508806 0.77
268.573893 0.77
268.638806 0.80
268.695025 0.79
268.754788 0.76
268.811024 0.80
268.875806 0.80
268.932035 0.79
268.991833 0.78
269.056629 0.76
269.118028 0.80
269.177636 0.78
269.233886 0.78
269.290161 0.78
269.354788 0.77
269.419636 0.77
269.484508 0.77
269.554380 0.78
269.613814 0.80
269.669884 0.80
269.725633 0.80
269.795793 0.81
269.847660 0.78
269.912650 0.80
269.971775 0.76
270.027142 0.81
270.086810 0.78
270.147385 0.77
270.220519 0.78
270.277171 0.77
270.332394 0.77
270.397511 0.79
270.443509 0.79
270.498385 0.78
270.548512 0.79
270.594511 0.77
270.640658 0.78
270.705517 0.77
270.775524 0.77
270.832145 0.78
270.891515 0.78
270.946388 0.79
271.005513 0.76
271.060512 0.77
271.115388 0.78
271.179388 0.79
271.238514 0.80
271.293389 0.76
271.352389 0.78
271.416515 0.78
271.481271 0.79
271.545404 0.79
271.605278 0.79
271.666401 0.77
271.725526 0.79
271.785275 0.79
271.846397 0.78
271.907908 0.79
271.967526 0.79
272.021650 0.78
272.086288 0.77
272.145898 0.80
272.204772 0.77
272.264526 0.79
272.323398 0.80
272.382272 0.78
272.436399 0.78
272.500663 0.76
272.560529 0.79
272.624902 0.77
272.684533 0.78
272.744408 0.76
272.809165 0.78
272.879540 0.79
272.935820 0.79
273.000405 0.79
273.050527 0.78
273.121029 0.80
273.190532 0.78
273.261031 0.79
273.316536 0.80
273.376284 0.79
273.430176 0.78
273.494173 0.78
273.555659 0.79
273.621410 0.80
273.680540 0.78
273.749927 0.76
273.814177 0.76
273.889535 0.79
273.955037 0.78
274.021539 0.80
274.091546 0.80
274.147849 0.79
274.207540 0.76
274.267170 0.77
274.328544 0.77
274.389703 0.78
274.449419 0.77
274.519543 0.79
274.584194 0.78
274.645677 0.79
274.705294 0.77
274.770174 0.76
274.835045 0.78
274.899428 0.80
274.959179 0.78
275.020422 0.78
275.090426 0.80
275.150176 0.77
275.211683 0.76
275.271433 0.80
275.325839 0.79
275.385430 0.80
275.445176 0.79
275.515068 0.78
275.580185 0.77
275.630428 0.78
275.689687 0.78
275.749434 0.79
275.809179 0.78
275.859434 0.79
275.919184 0.79
275.969304 0.81
276.015435 0.78
276.075200 0.78
276.140075 0.80
276.210199 0.79
276.280558 0.79
276.337438 0.77
276.397186 0.77
276.447432 0.77
276.512187 0.79
276.577311 0.78
276.632694 0.77
276.699442 0.79
276.764078 0.78
276.834081 0.78
276.909563 0.78
276.981563 0.78
277.046314 0.79
277.116321 0.77
277.186564 0.79
277.261814 0.78
277.331075 0.78
277.390438 0.77
277.451068 0.79
277.510193 0.78
277.571439 0.78
277.632080 0.80
277.691316 0.78
277.760566 0.80
277.824702 0.79
277.889267 0.78
277.959092 0.79
278.024094 0.81
278.089095 0.79
278.154109 0.80
278.218965 0.77
278.284093 0.81
278.349325 0.80
278.409228 0.79
278.470089 0.79
278.535092 0.78
278.585331 0.76
278.645087 0.80
278.705827 0.78
278.765200 0.78
278.815208 0.79
278.870325 0.80
278.940453 0.80
279.001330 0.79
279.060452 0.78
279.119450 0.78
279.174829 0.81
279.244209 0.77
279.316110 0.77
279.375579 0.77
279.436334 0.78
279.496101 0.80
279.560865 0.78
279.620096 0.80
279.674332 0.79
279.743985 0.79
279.819588 0.80
279.879333 0.78
279.949461 0.79
280.019335 0.78
280.085458 0.79
280.155100 0.81
280.219457 0.80
280.278458 0.77
280.339587 0.77
280.409345 0.79
280.470347 0.78
280.531340 0.76
280.593720 0.76
280.648221 0.77
280.707981 0.78
280.763218 0.77
280.836467 0.80
280.901122 0.77
280.961982 0.79
281.023217 0.81
281.106876 0.76
281.176858 0.80
281.239224 0.80
281.294721 0.79
281.345221 0.78
281.404342 0.78
281.457715 0.78
281.526870 0.77
281.595857 0.78
281.656235 0.78
281.725343 0.76
281.789348 0.77
281.842874 0.76
281.907348 0.78
281.972223 0.80
282.031346 0.80
282.096595 0.77
282.160865 0.79
282.220144 0.77
282.292003 0.78
282.356726 0.78
282.426115 0.80
282.490994 0.78
282.550101 0.78
282.611118 0.79
282.675351 0.79
282.737358 0.79
282.809129 0.77
282.872857 0.80
282.927244 0.79
282.986355 0.79
283.050351 0.78
283.114352 0.79
283.183227 0.80
283.243754 0.80
283.312868 0.79
283.376758 0.78
283.441120 0.79
283.510229 0.78
283.574231 0.80
283.638231 0.76
283.702361 0.78
283.762774 0.78
283.821765 0.78
283.880234 0.79
283.940240 0.80
283.998614 0.77
284.063864 0.78
284.114989 0.76
284.174614 0.78
284.229116 0.80
284.287869 0.80
284.338990 0.77
284.389622 0.77
284.437747 0.77
284.493992 0.78
284.548621 0.79
284.609998 0.77
284.660620 0.77
284.724122 0.76
284.787627 0.80
284.848994 0.78
284.899624 0.81
284.954125 0.80
285.017620 0.77
285.086246 0.76
285.144748 0.77
285.208248 0.79
285.266629 0.78
285.335245 0.80
285.393897 0.80
285.452762 0.78
285.516888 0.80
285.576013 0.76
285.639996 0.78
285.698766 0.76
285.757894 0.79
285.821766 0.78
285.876027 0.80
285.935792 0.79
285.995020 0.78
286.055646 0.78
286.110027 0.80
286.164128 0.76
286.224256 0.79
286.285028 0.80
286.344253 0.80
286.399127 0.78
286.459253 0.77
286.520036 0.81
286.579813 0.77
286.640884 0.77
286.700138 0.78
286.761041 0.78
286.820639 0.80
286.896028 0.79
286.960791 0.79
287.025828 0.78
287.090827 0.79
287.151510 0.81
287.215789 0.81
287.274637 0.80
287.338637 0.80
287.402645 0.80
287.466637 0.79
287.530640 0.78
287.589890 0.79
287.649138 0.78
287.708814 0.76
287.773803 0.77
287.837651 0.79
287.901639 0.76
287.965639 0.76
288.029640 0.78
288.093640 0.77
288.157641 0.78
288.221671 0.79
288.285642 0.79
288.344642 0.79
288.408642 0.78
288.472642 0.79
288.528050 0.78
288.593898 0.78
288.663693 0.79
288.725026 0.77
288.779296 0.78
288.846181 0.77
288.905923 0.77
288.965659 0.77
289.016046 0.77
289.081048 0.78
289.140660 0.77
289.201839 0.77
289.257154 0.78
289.311169 0.78
289.373285 0.79
289.432524 0.80
289.502283 0.78
289.567281 0.77
289.640164 0.80
289.695908 0.78
289.755681 0.79
289.816944 0.77
289.876863 0.80
289.940906 0.78
290.000663 0.79
290.059832 0.79
290.118925 0.78
290.193832 0.79
290.258932 0.79
290.318545 0.80
290.383682 0.77
290.444434 0.77
290.503825 0.79
290.563066 0.79
290.627533 0.76
290.686158 0.76
290.739825 0.79
290.808925 0.79
290.867410 0.78
290.931160 0.78
290.989662 0.80
291.053411 0.80
291.117411 0.80
291.191412 0.80
291.260055 0.77
291.318412 0.77
291.382541 0.77
291.446541 0.78
291.515954 0.80
291.575677 0.80
291.640544 0.78
291.699950 0.78
291.756211 0.77
291.815546 0.80
291.874544 0.80
291.933860 0.77
291.994939 0.80
292.048942 0.78
292.113553 0.77
292.174557 0.78
292.233421 0.78
292.287675 0.78
292.341422 0.78
292.400839 0.78
292.470550 0.78
292.529967 0.77
292.590845 0.80
292.650556 0.80
292.720686 0.80
292.781560 0.80
292.840948 0.77
292.910954 0.79
292.971861 0.78
293.031556 0.78
293.101951 0.78
293.172184 0.78
293.255956 0.80
293.316865 0.76
293.376556 0.78
293.430303 0.78
293.495306 0.77
293.555556 0.77
293.614555 0.78
293.675432 0.78
293.739430 0.79
293.803562 0.79
293.862433 0.79
293.926560 0.80
293.991081 0.78
294.055223 0.79
294.114959 0.78
294.185192 0.79
294.249435 0.77
294.313436 0.80
294.377560 0.78
294.441438 0.78
294.505562 0.78
294.563953 0.77
294.627830 0.78
294.686957 0.76
294.741956 0.78
294.796955 0.78
294.860690 0.80
294.915957 0.78
294.971083 0.80
295.040440 0.80
295.104441 0.80
295.163445 0.78
295.222567 0.77
295.281443 0.81
295.335571 0.80
295.390445 0.78
295.449445 0.76
295.503700 0.76
295.567889 0.78
295.628705 0.78
295.688453 0.78
295.761708 0.78
295.821461 0.80
295.886452 0.81
295.940722 0.80
296.001705 0.76
296.061453 0.77
296.120575 0.78
296.175891 0.78
296.250450 0.80
296.309577 0.80
296.357206 0.78
296.426615 0.76
296.487977 0.79
296.547582 0.78
296.617339 0.79
296.695916 0.78
296.765718 0.78
296.825462 0.78
296.890337 0.77
296.954585 0.77
297.024341 0.77
297.083459 0.79
297.142725 0.79
297.198995 0.76
297.258337 0.78
297.312588 0.80
297.368467 0.80
297.429337 0.76
297.488334 0.79
297.547774 0.78
297.611865 0.80
297.671466 0.77
297.732716 0.79
297.787893 0.79
297.847594 0.77
297.903886 0.77
297.973475 0.80
298.034353 0.79
298.099344 0.78
298.153719 0.78
298.223351 0.80
298.276859 0.79
298.331593 0.78
298.390910 0.79
298.465218 0.77
298.524344 0.78
298.585221 0.79
298.650101 0.79
298.699720 0.78
298.760347 0.77
298.819352 0.76
298.892791 0.79
298.957348 0.80
299.018354 0.78
299.086478 0.79
299.147107 0.79
299.201629 0.79
299.257112 0.80
299.316225 0.78
299.385239 0.77
299.444223 0.78
299.513226 0.78
299.585610 0.77
299.646226 0.77
299.710226 0.78
299.774477 0.79
299.843759 0.76
299.918354 0.79
299.977477 0.77
300.056606 0.78
300.117121 0.78
300.190354 0.80
300.249359 0.77
300.303354 0.76
300.357488 0.80
300.422127 0.78
300.521610 0.80
300.580766 0.78
300.655357 0.78
300.719766 0.78
300.789360 0.81
300.843129 0.77
300.907359 0.77
300.968020 0.79
301.032365 0.79
301.086367 0.78
301.140363 0.79
301.195364 0.79
301.245363 0.78
301.302028 0.78
301.362500 0.79
301.427642 0.79
301.488368 0.79
301.538500 0.78
301.598254 0.80
301.659000 0.80
301.718500 0.80
301.778255 0.77
301.839003 0.79
301.893501 0.77
301.949006 0.78
302.003373 0.79
302.069002 0.79
302.135248 0.77
302.205498 0.78
302.265246 0.77
302.324627 0.78
302.394373 0.78
302.469255 0.78
302.523248 0.79
302.582374 0.76
302.648628 0.78
302.723255 0.77
302.784385 0.78
302.843893 0.78
302.908385 0.79
302.968137 0.78
303.029505 0.78
303.090148 0.78
303.149387 0.78
303.205023 0.78
303.264510 0.80
303.329510 0.78
303.390507 0.77
303.455510 0.76
303.511511 0.80
303.570827 0.76
303.626387 0.79
303.686031 0.77
303.750518 0.79
303.816520 0.80
303.882521 0.78
303.947897 0.78
304.013391 0.78
304.083395 0.78
304.143158 0.78
304.198389 0.79
304.275264 0.80
304.330285 0.77
304.376389 0.79
304.436398 0.78
304.496151 0.80
304.561162 0.79
304.615397 0.79
304.675151 0.78
304.744895 0.80
304.814160 0.78
304.883905 0.79
304.958522 0.80
305.024275 0.78
305.094037 0.78
305.169273 0.76
305.234398 0.78
305.293521 0.78
305.359157 0.77
305.429163 0.78
305.483402 0.81
305.537524 0.77
305.612163 0.77
305.675912 0.80
305.749912 0.77
305.823913 0.78
305.897913 0.78
305.972164 0.79
306.036042 0.78
306.099913 0.81
306.173916 0.79
306.247914 0.81
306.303165 0.79
306.362167 0.78
306.416408 0.80
306.473280 0.79
306.537404 0.78
306.598278 0.80
306.659538 0.77
306.719284 0.79
306.779056 0.78
306.829294 0.81
306.889052 0.77
306.954054 0.79
307.014824 0.80
307.069287 0.79
307.124812 0.77
307.180284 0.80
307.240058 0.78
307.305058 0.78
307.355286 0.80
307.415061 0.77
307.480056 0.78
307.539422 0.77
307.609668 0.78
307.665292 0.79
307.724549 0.77
307.784294 0.79
307.849543 0.77
307.919055 0.80
307.983177 0.78
308.047412 0.78
308.106670 0.76
308.176182 0.80
308.245823 0.79
308.305061 0.78
308.366061 0.78
308.430058 0.80
308.494056 0.79
308.555294 0.79
308.624947 0.78
308.689946 0.77
308.744062 0.77
308.799305 0.78
308.860308 0.77
308.921176 0.79
308.990300 0.78
309.050305 0.79
309.109050 0.77
309.163182 0.80
309.223085 0.79
309.284428 0.80
309.341433 0.78
309.401187 0.78
309.460946 0.78
309.520185 0.78
309.579873 0.78
309.646554 0.78
309.703434 0.78
309.763075 0.77
309.819723 0.78
309.878950 0.78
309.938192 0.76
309.992304 0.80
310.056957 0.79
310.121820 0.79
310.186309 0.77
310.256312 0.77
310.331856 0.79
310.399310 0.80
310.463557 0.78
310.522826 0.79
310.581953 0.79
310.640826 0.76
310.694950 0.77
310.754085 0.80
310.824194 0.81
310.878188 0.78
310.949963 0.80
311.014971 0.76
311.079959 0.76
311.139569 0.78
311.200970 0.79
311.265859 0.79
311.321968 0.78
311.387095 0.76
311.446855 0.79
311.506086 0.78
311.575963 0.78
311.634865 0.78
311.688963 0.77
311.739095 0.80
311.800086 0.78
311.865567 0.78
311.930088 0.76
311.995702 0.78
312.061697 0.79
312.123964 0.77
312.177698 0.78
312.241696 0.79
312.295965 0.80
312.345880 0.79
312.406576 0.78
312.461866 0.79
312.515700 0.79
312.574840 0.80
312.628987 0.77
312.688199 0.79
312.747707 0.79
312.817871 0.78
312.877213 0.77
312.947455 0.79
313.012455 0.76
313.076863 0.80
313.135900 0.80
313.195328 0.77
313.259884 0.80
313.319337 0.79
313.378872 0.77
313.437581 0.78
313.507103 0.76
313.566585 0.78
313.636583 0.78
313.697090 0.78
313.763085 0.78
313.822584 0.79
313.887215 0.79
313.967718 0.78
314.027471 0.77
314.094107 0.78
314.154987 0.79
314.214716 0.78
314.289879 0.78
314.351108 0.78
314.411999 0.78
314.466340 0.78
314.525720 0.80
314.586847 0.77
314.647883 0.79
314.704990 0.77
314.764724 0.78
314.825592 0.80
314.892221 0.78
314.966472 0.77
315.025894 0.81
315.089985 0.80
315.151094 0.80
315.209851 0.80
315.270724 0.77
315.333473 0.80
315.381009 0.78
315.440725 0.79
315.505610 0.78
315.570005 0.78
315.629725 0.77
315.702607 0.77
315.772353 0.79
315.837357 0.78
315.896867 0.78
315.961775 0.79
316.026773 0.78
316.096997 0.78
316.156770 0.78
316.216363 0.78
316.275893 0.78
316.341995 0.78
316.401774 0.80
316.455862 0.78
316.527798 0.78
316.592778 0.80
316.664772 0.79
316.714863 0.79
316.774106 0.79
316.843610 0.77
316.899023 0.79
316.959611 0.79
317.023608 0.78
317.082904 0.77
317.147231 0.79
317.221611 0.79
317.280482 0.79
317.349612 0.77
317.413621 0.80
317.469234 0.78
317.538616 0.78
317.597777 0.79
317.652615 0.78
317.725911 0.80
317.790621 0.78
317.844364 0.80
317.903869 0.76
317.963630 0.78
318.017488 0.77
318.076614 0.76
318.131364 0.80
318.178767 0.78
318.228488 0.77
318.292491 0.76
318.352395 0.76
318.421617 0.80
318.480622 0.79
318.539491 0.80
318.608617 0.79
318.667366 0.77
318.731492 0.78
318.790134 0.80
318.848887 0.80
318.902493 0.78
318.966495 0.79
319.030497 0.78
319.099817 0.78
319.159628 0.78
319.229625 0.79
319.289023 0.79
319.355639 0.77
319.415143 0.79
319.474506 0.78
319.539638 0.79
319.609502 0.78
319.684813 0.80
319.744633 0.77
319.809512 0.78
319.874634 0.78
319.936026 0.79
319.995166 0.78
320.054633 0.80
320.114131 0.78
320.178654 0.78
320.240046 0.78
320.299794 0.76
320.358897 0.78
320.414167 0.78
320.478507 0.78
320.537518 0.79
320.598813 0.77
320.652903 0.78
320.722517 0.77
320.792834 0.81
320.852511 0.79
320.902822 0.79
320.958270 0.78
321.012816 0.78
321.077518 0.80
321.147515 0.76
321.206906 0.77
321.267818 0.79
321.327522 0.78
321.388908 0.79
321.449814 0.80
321.509650 0.79
321.579642 0.78
321.630265 0.79
321.686265 0.77
321.735904 0.78
321.804905 0.79
321.858390 0.79
321.927266 0.77
321.996392 0.78
322.062393 0.78
322.131395 0.80
322.200520 0.76
322.264269 0.80
322.338394 0.78
322.407270 0.77
322.481395 0.78
322.550398 0.80
322.619271 0.80
322.678832 0.79
322.735027 0.79
322.804651 0.80
322.882039 0.77
322.946654 0.79
323.016531 0.79
323.077944 0.79
323.147529 0.78
323.201841 0.79
323.257942 0.76
323.335780 0.79
323.395409 0.79
323.465405 0.77
323.529413 0.78
323.594409 0.79
323.644532 0.80
323.699418 0.80
323.764412 0.81
323.829410 0.78
323.883543 0.77
323.944411 0.79
324.003664 0.77
324.067909 0.78
324.126907 0.79
324.190783 0.78
324.254783 0.79
324.320162 0.78
324.369784 0.78
324.433784 0.80
324.497689 0.79
324.561785 0.78
324.625786 0.80
324.691165 0.78
324.740786 0.79
324.804663 0.77
324.868787 0.78
324.932788 0.79
324.996788 0.79
325.066827 0.78
325.141541 0.80
325.216299 0.80
325.280291 0.78
325.346420 0.80
325.410712 0.80
325.469809 0.77
325.530292 0.76
325.594422 0.80
325.653419 0.80
325.712420 0.78
325.773545 0.80
325.837812 0.77
325.898552 0.80
325.958301 0.79
326.012425 0.78
326.077305 0.79
326.142302 0.79
326.201818 0.79
326.261557 0.78
326.321310 0.79
326.382071 0.76
326.442855 0.79
326.502562 0.80
326.556824 0.79
326.628559 0.78
326.684065 0.79
326.738556 0.77
326.797429 0.79
326.847307 0.79
326.906196 0.77
326.970557 0.78
327.053558 0.79
327.124060 0.79
327.179562 0.78
327.249562 0.77
327.310063 0.78
327.364565 0.77
327.424194 0.77
327.478436 0.78
327.543192 0.79
327.599322 0.78
327.660853 0.80
327.720568 0.79
327.776692 0.79
327.843315 0.79
327.897446 0.78
327.957212 0.77
328.011566 0.76
328.076084 0.78
328.150451 0.76
328.211690 0.78
328.281571 0.79
328.335867 0.78
328.395209 0.77
328.454446 0.79
328.515318 0.79
328.575090 0.78
328.634453 0.78
328.699572 0.79
328.759575 0.79
328.824323 0.77
328.878196 0.78
328.932448 0.76
328.996321 0.78
329.050212 0.78
329.109454 0.79
329.170078 0.77
329.229213 0.78
329.284577 0.79
329.339448 0.78
329.414450 0.76
329.479960 0.79
329.539327 0.79
329.589201 0.80
329.653584 0.79
329.715451 0.78
329.774326 0.78
329.824337 0.78
329.879577 0.79
329.949207 0.77
330.008337 0.79
330.063580 0.80
330.128211 0.76
330.188967 0.76
330.247977 0.77
330.312464 0.78
330.372218 0.79
330.442586 0.79
330.512588 0.80
330.578592 0.78
330.662468 0.78
330.722213 0.79
330.792590 0.79
330.873592 0.79
330.954468 0.79
331.014105 0.77
331.080717 0.78
331.140346 0.76
331.200108 0.78
331.265114 0.79
331.329856 0.77
331.393461 0.78
331.452984 0.77
331.512472 0.77
331.572863 0.76
331.637339 0.76
331.703466 0.78
331.763979 0.80
331.829116 0.79
331.893989 0.77
331.953217 0.79
332.008107 0.79
332.063348 0.76
332.127467 0.81
332.183620 0.77
332.247994 0.78
332.312095 0.78
332.371470 0.77
332.436245 0.80
332.505634 0.78
332.570224 0.77
332.631135 0.77
332.691919 0.80
332.746353 0.78
332.806138 0.77
332.870799 0.80
332.937355 0.77
333.007356 0.76
333.067140 0.78
333.132127 0.81
333.202233 0.77
333.282132 0.77
333.347149 0.80
333.408356 0.78
333.476360 0.79
333.536115 0.78
333.601000 0.77
333.676236 0.79
333.741130 0.79
333.806140 0.78
333.867616 0.78
333.927362 0.79
333.981365 0.79
334.037621 0.80
334.093368 0.78
334.148863 0.78
334.203243 0.78
334.262871 0.78
334.341112 0.77
334.391244 0.80
334.451147 0.78
334.506620 0.78
334.562246 0.79
334.621906 0.79
334.676243 0.77
334.735500 0.78
334.795244 0.79
334.855012 0.77
334.908776 0.78
334.979014 0.77
335.029250 0.79
335.108808 0.81
335.163246 0.78
335.223013 0.78
335.282368 0.78
335.343248 0.79
335.403016 0.80
335.462370 0.78
335.526775 0.76
335.586162 0.80
335.652370 0.79
335.722627 0.77
335.787628 0.81
335.866025 0.80
335.931156 0.79
336.001125 0.79
336.051381 0.76
336.110790 0.77
336.166253 0.78
336.235891 0.76
336.300157 0.79
336.364791 0.81
336.420259 0.76
336.480021 0.80
336.544897 0.78
336.609262 0.77
336.669033 0.77
336.730025 0.79
336.789147 0.78
336.853378 0.80
336.918257 0.77
336.979264 0.78
337.036259 0.78
337.097025 0.80
337.148382 0.80
337.214380 0.80
337.270385 0.80
337.325885 0.76
337.384901 0.78
337.443902 0.79
337.502756 0.78
337.562633 0.76
337.626784 0.80
337.695900 0.77
337.754635 0.78
337.818635 0.79
337.884259 0.77
337.948384 0.76
338.007260 0.79
338.065901 0.78
338.126387 0.78
338.185137 0.80
338.243780 0.77
338.302639 0.79
338.366905 0.78
338.425806 0.78
338.484766 0.80
338.548766 0.79
338.609400 0.78
338.674270 0.78
338.743802 0.80
338.813392 0.79
338.872406 0.78
338.936769 0.78
339.001164 0.79
339.065524 0.76
339.134656 0.79
339.204036 0.76
339.268271 0.79
339.332148 0.79
339.390945 0.77
339.450023 0.79
339.508915 0.77
339.573651 0.78
339.637685 0.78
339.707155 0.80
339.766811 0.78
339.825900 0.79
339.890045 0.80
339.959401 0.76
340.023919 0.77
340.078654 0.77
340.142653 0.79
340.201654 0.79
340.262153 0.80
340.323528 0.78
340.378529 0.78
340.429920 0.78
340.488654 0.78
340.552703 0.77
340.616854 0.77
340.678296 0.79
340.738662 0.78
340.803167 0.80
340.867826 0.78
340.927286 0.77
341.002068 0.79
341.061831 0.78
341.131832 0.76
341.186045 0.78
341.245832 0.78
341.310836 0.79
341.370194 0.78
341.440425 0.78
341.499935 0.78
341.569946 0.77
341.640175 0.79
341.704835 0.77
341.764172 0.79
341.834549 0.79
341.899293 0.77
341.968810 0.79
342.019052 0.77
342.074294 0.79
342.133846 0.80
342.198853 0.80
342.254047 0.80
342.326070 0.79
342.381960 0.77
342.446170 0.78
342.505850 0.78
342.566956 0.77
342.626174 0.77
342.685849 0.78
342.743209 0.79
342.807801 0.79
342.857955 0.76
342.917680 0.77
342.978842 0.79
343.028551 0.78
343.092550 0.80
343.146549 0.80
343.206435 0.77
343.260844 0.78
343.310692 0.77
343.364720 0.76
343.418957 0.78
343.478682 0.79
343.544430 0.79
343.595830 0.78
343.645426 0.78
343.714552 0.78
343.783553 0.77
343.852554 0.78
343.913069 0.79
343.966430 0.80
344.035180 0.78
344.088685 0.79
344.138431 0.79
344.207556 0.80
344.276875 0.78
344.336074 0.79
344.389433 0.81
344.453183 0.78
344.511962 0.79
344.585950 0.79
344.644561 0.78
344.708310 0.78
344.772079 0.79
344.825562 0.79
344.889311 0.79
344.958564 0.79
345.022564 0.79
345.091981 0.78
345.152961 0.78
345.217696 0.76
345.278868 0.80
345.338571 0.79
345.400089 0.79
345.464882 0.81
345.524580 0.77
345.589573 0.78
345.643881 0.78
345.703581 0.76
345.759195 0.78
345.818196 0.79
345.876961 0.79
345.936446 0.77
345.990091 0.80
346.048838 0.77
346.108576 0.77
346.172870 0.79
346.226843 0.77
346.286575 0.77
346.340586 0.77
346.402100 0.77
346.485869 0.79
346.540095 0.78
346.598844 0.78
346.666327 0.78
346.735452 0.79
346.799714 0.80
346.854845 0.78
346.914208 0.78
346.978708 0.79
347.034099 0.78
347.092847 0.78
347.162589 0.77
347.226455 0.80
347.286333 0.78
347.345868 0.78
347.404847 0.81
347.461108 0.79
347.525716 0.80
347.589979 0.77
347.648850 0.77
347.713462 0.77
347.777461 0.80
347.841460 0.77
347.900586 0.78
347.964722 0.78
348.018715 0.78
348.083590 0.79
348.142847 0.76
348.202626 0.79
348.264111 0.78
348.323724 0.76
348.383475 0.77
348.444593 0.78
348.505722 0.80
348.561227 0.80
348.615723 0.78
348.680474 0.77
348.741852 0.78
348.807470 0.78
348.857727 0.80
348.917479 0.77
348.982346 0.78
349.037784 0.79
349.097480 0.77
349.161992 0.77
349.221725 0.78
349.281608 0.77
349.336605 0.76
349.387224 0.79
349.442133 0.80
349.506471 0.77
349.560781 0.77
349.620478 0.80
349.684991 0.79
349.749791 0.80
349.814778 0.78
349.887797 0.79
349.948772 0.78
350.013771 0.79
350.078618 0.78
350.148864 0.78
350.220478 0.78
350.279606 0.78
350.334227 0.76
350.403352 0.78
350.478480 0.78
350.539356 0.79
350.605621 0.78
350.670621 0.79
350.729613 0.78
350.789013 0.77
350.848804 0.79
350.908619 0.78
350.968003 0.78
351.037800 0.77
351.096892 0.79
351.161790 0.77
351.221367 0.78
351.282489 0.78
351.343625 0.77
351.417010 0.78
351.481487 0.78
351.550805 0.80
351.616363 0.78
351.670497 0.77
351.730372 0.80
351.791135 0.78
351.858799 0.76
351.919501 0.77
351.976121 0.77
352.035797 0.77
352.096502 0.80
352.153121 0.77
352.212501 0.77
352.269131 0.78
352.328795 0.78
352.389501 0.79
352.446133 0.78
352.505498 0.77
352.555504 0.78
352.612136 0.79
352.666500 0.78
352.732506 0.77
352.802883 0.78
352.867795 0.78
352.927505 0.80
352.987264 0.79
353.037502 0.79
353.092627 0.79
353.162261 0.79
353.226500 0.77
353.291506 0.79
353.351151 0.79
353.421254 0.79
353.480377 0.80
353.541505 0.79
353.616144 0.77
353.680391 0.77
353.739379 0.78
353.798381 0.77
353.852386 0.78
353.911789 0.79
353.981380 0.77
354.040513 0.77
354.104790 0.80
354.193151 0.77
354.257790 0.79
354.327513 0.81
354.386891 0.79
354.440788 0.77
354.510383 0.77
354.561013 0.79
354.630384 0.79
354.689154 0.77
354.747789 0.78
354.801260 0.79
354.860387 0.78
354.915387 0.77
354.975637 0.78
355.041154 0.80
355.105388 0.78
355.160154 0.77
355.224160 0.79
355.288157 0.79
355.366276 0.79
355.431275 0.78
355.496162 0.77
355.560158 0.79
355.624515 0.79
355.683267 0.79
355.755644 0.78
355.821038 0.77
355.890393 0.79
355.940394 0.78
356.004270 0.80
356.063165 0.80
356.127166 0.79
356.190896 0.78
356.262277 0.77
356.327152 0.78
356.393161 0.80
356.447529 0.78
356.506914 0.79
356.576293 0.80
356.646524 0.80
356.711278 0.78
356.772535 0.79
356.837538 0.79
356.905280 0.77
356.975534 0.79
357.036532 0.78
357.097073 0.78
357.172532 0.78
357.231923 0.78
357.297708 0.79
357.362290 0.79
357.413694 0.80
357.479415 0.80
357.539167 0.77
357.604162 0.79
357.658416 0.78
357.718170 0.80
357.779537 0.81
357.844054 0.78
357.908410 0.78
357.973052 0.79
358.027290 0.79
358.082537 0.80
358.148180 0.78
358.212054 0.78
358.271291 0.78
358.326055 0.77
358.401541 0.78
358.462292 0.78
358.512167 0.79
358.576182 0.79
358.630417 0.79
358.704414 0.80
358.768056 0.78
358.837040 0.78
358.906058 0.78
358.975057 0.78
359.043936 0.77
359.117812 0.78
359.186810 0.77
359.247185 0.77
359.311170 0.78
359.375060 0.78
359.439061 0.80
359.503191 0.79
359.567069 0.79
359.631064 0.78
359.694940 0.79
359.754308 0.80
359.815557 0.78
359.875073 0.78
359.945183 0.78
360.006083 0.78
360.071068 0.78
360.135954 0.78
360.190436 0.80
360.251304 0.77
360.321558 0.80
360.401556 0.78
360.456837 0.79
360.511309 0.78
360.572183 0.79
360.627316 0.77
360.687077 0.78
360.751980 0.80
360.811318 0.79
360.870956 0.79
360.921313 0.78
360.985432 0.78
361.049435 0.77
361.102821 0.78
361.172203 0.77
361.236437 0.77
361.300435 0.79
361.365316 0.78
361.424962 0.78
361.483825 0.78
361.558078 0.77
361.621829 0.78
361.696204 0.79
361.765564 0.78
361.840081 0.78
361.904203 0.79
361.973563 0.78
362.039439 0.79
362.108439 0.78
362.177564 0.78
362.236440 0.80
362.300440 0.78
362.364441 0.78
362.428442 0.78
362.492442 0.79
362.552694 0.79
362.622085 0.79
362.686086 0.79
362.749834 0.79
362.819087 0.80
362.882837 0.78
362.941837 0.77
363.005697 0.78
363.070202 0.78
363.129323 0.77
363.188326 0.78
363.248700 0.77
363.303079 0.77
363.353095 0.77
363.402965 0.76
363.462213 0.78
363.522703 0.77
363.587203 0.78
363.656577 0.80
363.726093 0.79
363.785095 0.78
363.834985 0.78
363.899709 0.76
363.958975 0.77
364.017851 0.77
364.079207 0.80
364.138334 0.79
364.202709 0.80
364.267111 0.80
364.326332 0.79
364.385882 0.76
364.445004 0.77
364.509711 0.79
364.576217 0.79
364.640876 0.78
364.729715 0.78
364.799212 0.79
364.864006 0.78
364.919212 0.79
364.978343 0.77
365.038717 0.79
365.089216 0.79
365.153337 0.77
365.211854 0.80
365.265856 0.79
365.330138 0.79
365.394591 0.78
365.453858 0.77
365.513126 0.80
365.572887 0.79
365.637220 0.77
365.691125 0.78
365.746626 0.80
365.806223 0.79
365.865346 0.79
365.924996 0.80
365.990131 0.78
366.056358 0.77
366.115996 0.78
366.172632 0.80
366.231882 0.79
366.296773 0.79
366.382226 0.79
366.432239 0.79
366.507894 0.78
366.572615 0.80
366.647888 0.77
366.706755 0.78
366.765975 0.80
366.820750 0.78
366.889753 0.79
366.958608 0.79
367.027880 0.77
367.091765 0.79
367.150606 0.79
367.214605 0.80
367.278755 0.78
367.342881 0.79
367.402000 0.78
367.479882 0.79
367.538610 0.79
367.606003 0.77
367.670359 0.79
367.731003 0.80
367.789762 0.79
367.848749 0.77
367.912770 0.79
367.971767 0.78
368.036008 0.80
368.100366 0.77
368.164773 0.78
368.223880 0.80
368.277615 0.77
368.343495 0.79
368.403142 0.78
368.463782 0.76
368.528788 0.78
368.593789 0.79
368.647888 0.78
368.705248 0.80
368.764877 0.81
368.821500 0.78
368.876023 0.77
368.931496 0.80
368.985620 0.79
369.049621 0.76
369.113620 0.79
369.167779 0.79
369.226815 0.78
369.291792 0.77
369.346017 0.77
369.405127 0.78
369.464797 0.78
369.529830 0.80
369.585125 0.78
369.644802 0.79
369.709638 0.78
369.785102 0.79
369.857005 0.79
369.928794 0.78
369.988041 0.77
370.047795 0.76
370.112793 0.79
370.177639 0.77
370.232028 0.78
370.296925 0.79
370.368814 0.79
370.424007 0.79
370.483255 0.76
370.542256 0.79
370.606504 0.78
370.665794 0.76
370.731513 0.76
370.790884 0.81
370.856808 0.78
370.913647 0.77
370.974803 0.78
371.025891 0.79
371.089761 0.79
371.154914 0.79
371.214519 0.80
371.275151 0.78
371.335891 0.78
371.395706 0.80
371.456801 0.78
371.506686 0.77
371.565676 0.79
371.621010 0.78
371.679510 0.78
371.743386 0.79
371.802511 0.79
371.866387 0.80
371.927792 0.78
371.97751