0.000000 0.000000
0.052495 42.78
0.117868 42.22
0.179145 42.22
0.238860 42.22
0.298135 42.22
0.362133 42.22
0.414636 42.22
0.460375 42.22
0.519134 42.22
0.583136 42.22
0.639001 42.22
0.691657 41.67
0.756868 41.67
0.816875 41.67
0.883751 41.67
0.959245 41.67
1.023866 41.67
1.083379 41.67
1.142146 41.67
1.211014 41.67
1.285019 41.67
1.354139 41.67
1.424303 41.67
1.478872 41.67
1.543119 41.67
1.612021 41.67
1.686021 41.67
1.760118 41.67
1.834022 41.67
1.903119 41.67
1.977023 41.67
2.046026 41.67
2.120024 41.67
2.184022 41.67
2.248022 41.67
2.322026 41.67
2.391024 41.67
2.460027 41.67
2.534024 41.67
2.593125 41.67
2.662004 41.67
2.726002 41.67
2.790003 41.67
2.854003 41.67
2.918030 41.67
2.982029 41.67
3.046006 41.67
3.096629 41.67
3.155525 41.67
3.225032 41.67
3.289008 41.67
3.359507 41.67
3.405006 41.67
3.454381 41.67
3.518008 41.67
3.576382 41.67
3.636509 41.67
3.682009 41.67
3.732634 41.67
3.796134 41.67
3.869884 41.67
3.923136 41.67
3.996886 41.67
4.050136 41.67
4.123887 41.67
4.177137 41.67
4.250888 41.67
4.304138 41.67
4.377888 41.67
4.431139 41.67
4.499889 41.67
4.553141 41.67
4.626890 41.67
4.680141 41.67
4.753892 41.67
4.807142 41.67
4.880893 41.67
4.934143 41.67
5.007894 41.67
5.061145 41.67
5.129895 41.67
5.183145 41.67
5.256896 41.67
5.311896 41.67
5.366772 41.67
5.425148 41.67
5.493897 41.67
5.548773 41.67
5.608773 41.67
5.672399 41.67
5.723775 41.67
5.783775 41.67
5.842276 41.67
5.910900 41.67
5.965776 41.67
6.029402 41.67
6.080777 41.67
6.134028 41.67
6.204404 41.67
6.258904 41.67
6.309529 41.67
6.373031 41.67
6.446780 41.67
6.500032 41.67
6.570408 41.67
6.615906 41.67
6.666532 41.67
6.730033 41.67
6.803784 41.67
6.857034 41.67
6.930784 41.67
6.984036 41.67
7.057785 41.67
7.111037 41.67
7.184786 41.67
7.238038 41.67
7.311787 41.67
7.365038 41.67
7.438789 41.67
7.492039 41.67
7.565789 41.67
7.619041 41.67
7.692791 41.67
7.746041 41.67
7.819791 41.67
7.873043 41.67
7.946793 41.67
8.000044 41.67
8.073793 41.67
8.128793 41.67
8.183670 41.67
8.242045 41.67
8.315796 41.67
8.370671 41.67
8.430671 41.67
8.490672 41.67
8.550673 41.67
8.610673 41.67
8.670674 41.67
8.734174 41.67
8.802800 41.67
8.861175 41.67
8.921303 41.67
8.975801 41.67
9.025176 41.67
9.085303 41.67
9.130801 41.67
9.181428 41.67
9.244928 41.67
9.315305 41.67
9.360803 41.67
9.411429 41.67
9.474929 41.67
9.548680 41.67
9.601930 41.67
9.675682 41.67
9.728931 41.67
9.802682 41.67
9.855932 41.67
9.929683 41.67
9.982933 41.67
10.056684 41.67
10.109934 41.67
10.183685 41.67
10.236936 41.67
10.310686 41.67
10.363937 41.67
10.437688 41.67
10.490938 41.67
10.564689 41.67
10.623215 41.67
10.683690 41.67
10.749065 41.67
10.807691 41.67
10.881692 41.67
10.940219 41.67
11.010568 41.67
11.065458 41.67
11.124069 41.67
11.182694 41.67
11.256951 41.67
11.320952 41.67
11.408696 41.67
11.472950 41.67
11.531572 41.67
11.600697 41.67
11.665573 41.67
11.734573 41.67
11.808699 41.67
11.877700 41.67
11.946701 41.67
12.011826 41.67
12.085576 41.67
12.156203 41.67
12.201702 41.67
12.252328 41.67
12.315828 41.67
12.389578 41.67
12.442829 41.67
12.516579 41.67
12.569830 41.67
12.643580 41.67
12.696830 41.67
12.770581 41.67
12.823832 41.67
12.897582 41.67
12.950833 41.67
13.024710 41.67
13.093710 41.11
13.157835 41.67
13.223585 41.67
13.287837 41.67
13.357235 41.67
13.422587 41.67
13.486712 41.67
13.550588 41.11
13.614714 41.67
13.678714 41.11
13.749241 41.11
13.813116 41.67
13.876841 41.67
13.935717 41.11
13.999592 41.11
14.053093 41.11
14.103093 41.11
14.153110 41.11
14.222120 41.11
14.293122 41.11
14.356997 41.11
14.406845 41.11
14.465595 41.11
14.539721 41.11
14.613597 41.11
14.684098 41.11
14.747848 41.11
14.808099 41.11
14.853599 41.11
14.919100 41.11
14.982850 41.11
15.051601 41.11
15.115601 41.11
15.184726 41.11
15.258602 41.11
15.332602 41.11
15.406728 41.11
15.480729 41.11
15.554604 41.11
15.628605 41.11
15.702605 41.11
15.776731 41.11
15.850607 41.11
15.924607 41.11
15.988608 41.11
16.062609 41.11
16.136734 41.11
16.205610 41.11
16.274736 41.11
16.343611 41.11
16.412611 41.11
16.481612 41.11
16.550612 41.11
16.624738 41.11
16.698739 41.11
16.772739 41.11
16.846615 41.11
16.915615 41.11
16.970616 41.11
17.039742 41.11
17.098616 41.11
17.157256 41.11
17.215868 41.11
17.274493 41.11
17.343618 41.11
17.412745 41.11
17.473013 41.11
17.531746 41.11
17.595745 41.11
17.659621 41.11
17.723496 41.11
17.792622 41.11
17.856622 41.11
17.920512 41.11
17.989624 41.11
18.053515 41.11
18.122625 41.11
18.186626 41.11
18.250502 41.11
18.314626 41.11
18.383627 41.11
18.447503 41.11
18.516518 41.11
18.585517 41.11
18.654630 41.11
18.718521 41.11
18.787632 41.11
18.856630 41.11
18.920521 41.11
18.989524 41.11
19.063508 41.11
19.137508 41.11
19.206525 41.11
19.275524 41.11
19.344760 41.11
19.403511 41.11
19.472527 41.11
19.536511 41.11
19.600512 41.11
19.664512 41.11
19.733528 41.11
19.802529 41.11
19.866528 41.11
19.930530 41.11
19.989530 41.11
20.053532 41.11
20.117531 41.11
20.181533 41.11
20.245531 41.11
20.304531 41.11
20.368535 41.11
20.432534 41.11
20.496533 41.11
20.560535 41.11
20.619537 41.11
20.683537 41.11
20.747536 41.11
20.811537 41.11
20.875539 41.11
20.934536 41.11
20.998539 41.11
21.062537 41.11
21.126537 41.11
21.190539 41.11
21.249541 41.11
21.313650 41.11
21.372542 41.11
21.431542 41.11
21.495527 41.11
21.559653 41.11
21.613541 41.11
21.677654 41.11
21.736654 41.11
21.795655 41.11
21.854655 41.11
21.913655 41.11
21.972656 41.11
22.026547 41.11
22.090657 41.11
22.149658 41.11
22.208658 41.11
22.267658 41.11
22.326659 41.11
22.385659 41.11
22.439549 41.11
22.503660 41.11
22.562661 41.11
22.621661 41.11
22.675302 41.11
22.724787 41.11
22.793787 41.11
22.862789 41.11
22.921539 41.11
22.981809 41.11
23.027306 41.11
23.077915 41.11
23.136540 41.11
23.200306 41.11
23.269433 41.11
23.338433 41.11
23.412432 41.11
23.476184 41.11
23.530919 41.11
23.594794 41.11
23.663794 41.11
23.732795 41.11
23.801671 41.11
23.851312 41.11
23.920188 41.11
23.973672 41.11
24.032298 41.11
24.095798 41.11
24.164423 41.11
24.238174 41.11
24.296675 41.11
24.355190 41.11
24.408675 41.11
24.462568 41.11
24.526192 41.11
24.595202 41.11
24.660553 41.11
24.724193 41.11
24.798442 41.11
24.867442 41.11
24.936443 41.11
25.005444 41.11
25.074196 41.11
25.148198 41.11
25.201682 41.11
25.258684 41.11
25.308323 41.11
25.373574 41.11
25.442197 41.11
25.505809 41.11
25.569327 41.11
25.639709 41.11
25.685201 41.11
25.735811 41.11
25.799327 41.11
25.864714 41.11
25.919712 41.11
25.974716 41.11
26.029215 41.11
26.079814 41.11
26.143330 41.11
26.217067 41.11
26.267815 41.11
26.331330 41.11
26.405067 41.11
26.458331 41.11
26.527218 41.11
26.577818 41.11
26.641332 41.11
26.715069 41.11
26.768335 41.11
26.842070 41.11
26.916097 41.11
26.969571 41.11
27.023220 41.11
27.097098 41.11
27.183100 41.11
27.252098 41.11
27.305574 41.11
27.359223 41.11
27.424576 41.11
27.490102 41.11
27.543575 41.11
27.597224 41.11
27.662576 41.11
27.733102 41.11
27.786577 41.11
27.857104 41.11
27.910579 41.11
27.974231 41.11
28.039580 41.11
28.093231 41.11
28.167105 41.11
28.220581 41.11
28.270582 41.11
28.323583 41.11
28.377224 41.11
28.451108 41.11
28.503585 41.11
28.553224 41.11
28.616960 41.11
28.673586 41.11
28.719227 41.11
28.788113 41.11
28.843963 41.11
28.899962 41.11
28.955963 41.11
29.011963 41.11
29.067964 41.11
29.123965 41.11
29.179965 41.11
29.235965 41.11
29.291991 41.11
29.365966 41.11
29.430106 41.11
29.499117 41.11
29.563117 41.11
29.636995 41.11
29.710992 41.11
29.784996 41.11
29.849120 41.11
29.923120 41.11
29.987121 41.11
30.055999 41.11
30.124989 41.11
30.193999 41.11
30.267998 41.11
30.327124 41.11
30.396125 41.11
30.470001 41.11
30.544002 41.11
30.612995 41.11
30.677128 41.11
30.751125 41.11
30.814992 41.11
30.878999 41.11
30.942995 41.11
31.006993 41.11
31.070993 41.11
31.134995 41.11
31.198997 41.11
31.262997 41.11
31.327000 41.11
31.390999 41.11
31.455000 41.11
31.518996 41.11
31.583000 41.11
31.647000 41.11
31.710985 41.11
31.774988 41.11
31.838986 41.11
31.902987 41.11
31.953611 41.11
32.012503 41.11
32.076501 41.11
32.140503 41.11
32.204504 41.11
32.268505 41.11
32.338990 41.11
32.402990 41.11
32.466991 41.11
32.530994 41.11
32.594992 41.11
32.658992 41.11
32.722993 41.11
32.786994 41.11
32.850994 41.11
32.914995 41.11
32.978998 41.11
33.042996 41.11
33.106996 41.11
33.170997 41.11
33.234997 41.11
33.298998 41.11
33.362999 41.11
33.427002 41.11
33.486000 41.11
33.550000 41.11
33.614001 41.11
33.683516 41.11
33.747626 41.11
33.806502 41.11
33.870502 41.11
33.934502 41.11
34.004004 41.11
34.062878 41.11
34.126878 41.11
34.187006 41.11
34.241880 41.11
34.296505 41.11
34.355272 41.11
34.408881 41.11
34.459507 41.11
34.523520 41.11
34.578273 41.11
34.628009 41.11
34.683010 41.11
34.747011 41.11
34.811011 41.11
34.880523 41.11
34.936510 41.11
35.000636 41.11
35.059528 41.11
35.123525 41.11
35.187528 41.11
35.267030 41.11
35.331031 41.11
35.390031 41.11
35.454031 41.11
35.518031 41.11
35.582531 41.11
35.646531 41.11
35.710532 41.11
35.776158 41.11
35.840018 41.11
35.903893 41.11
35.972768 41.11
36.026285 41.11
36.091769 41.11
36.160770 41.11
36.229770 41.11
36.298771 41.11
36.352288 41.11
36.402289 41.11
36.452290 41.11
36.516163 41.11
36.574774 41.11
36.628287 41.11
36.693650 41.11
36.748541 41.11
36.807166 41.11
36.865776 41.11
36.934776 41.11
36.984293 41.11
37.053166 41.11
37.111778 41.11
37.185778 41.11
37.254779 41.11
37.323779 41.11
37.374543 41.11
37.433169 41.11
37.491781 41.11
37.560782 41.11
37.629907 41.11
37.698782 41.11
37.749548 41.11
37.808175 41.11
37.866784 41.11
37.940909 41.11
38.009785 41.11
38.060424 41.11
38.124175 41.11
38.182786 41.11
38.246787 41.11
38.310788 41.11
38.379913 41.11
38.443913 41.11
38.502914 41.11
38.571789 41.11
38.635915 41.11
38.701665 41.11
38.765790 41.11
38.829666 41.11
38.893667 41.11
38.959060 41.11
39.019793 41.11
39.080310 41.11
39.140669 41.11
39.211186 41.11
39.275436 41.11
39.328920 41.11
39.387671 41.11
39.458173 41.11
39.516797 41.11
39.577174 41.11
39.630673 41.11
39.699924 41.11
39.758674 41.11
39.822674 41.11
39.886675 41.11
39.960800 41.11
40.024677 41.11
40.088676 41.11
40.152677 41.11
40.216677 41.11
40.290678 41.11
40.354679 41.11
40.418680 41.11
40.482804 41.11
40.546680 41.11
40.615805 41.11
40.684682 41.11
40.748682 41.11
40.822683 41.11
40.886683 41.11
40.955684 41.11
41.024684 41.11
41.098685 41.11
41.172560 41.11
41.236201 41.11
41.304811 41.11
41.378575 41.11
41.443938 41.11
41.512688 41.11
41.577939 41.11
41.646565 41.11
41.720689 41.11
41.794565 41.11
41.860066 41.11
41.925816 41.11
41.999817 41.11
42.063331 41.11
42.128568 41.11
42.192335 41.11
42.252568 41.11
42.321694 41.11
42.387096 41.11
42.450948 41.11
42.511222 41.11
42.569821 41.11
42.630088 41.11
42.688823 41.11
42.752698 41.11
42.813090 41.11
42.876824 41.11
42.937091 41.11
42.995825 41.11
43.059701 41.11
43.133701 41.11
43.199091 41.11
43.262827 41.11
43.331703 41.11
43.400703 41.11
43.469704 41.11
43.543579 41.11
43.612580 41.11
43.681705 41.11
43.750706 41.11
43.824706 41.11
43.893582 41.11
43.967707 41.11
44.031583 41.11
44.105709 41.11
44.174584 41.11
44.243585 41.11
44.312585 41.11
44.381586 41.11
44.455587 41.11
44.524588 41.11
44.593713 41.11
44.662589 41.11
44.736714 41.11
44.805714 41.11
44.879715 41.11
44.948590 41.11
45.017716 41.11
45.091592 41.11
45.160592 41.11
45.219233 41.11
45.277843 41.11
45.336469 41.11
45.405595 41.11
45.474595 41.11
45.538471 41.11
45.607721 41.11
45.667975 41.11
45.731974 41.11
45.800974 41.11
45.859598 41.11
45.919977 41.11
45.983976 41.11
46.042725 41.11
46.106600 41.11
46.175600 41.11
46.235979 41.11
46.300125 41.11
46.358602 41.11
46.422493 41.11
46.491728 41.11
46.555604 41.11
46.619479 41.11
46.688496 41.11
46.757493 41.11
46.826496 41.11
46.890606 41.11
46.954607 41.11
47.018608 41.11
47.082608 41.11
47.151733 41.11
47.210484 41.11
47.279734 41.11
47.343735 41.11
47.407611 41.11
47.471502 41.11
47.540502 41.11
47.606263 41.11
47.670136 41.11
47.735894 41.11
47.791377 41.11
47.856615 41.11
47.926014 41.11
48.000615 41.11
48.064866 41.11
48.125380 41.11
48.185506 41.11
48.249617 41.11
48.310927 41.11
48.367918 41.11
48.433621 41.11
48.492512 41.11
48.556620 41.11
48.606623 41.11
48.666030 41.11
48.725027 41.11
48.783872 41.11
48.848026 41.11
48.912519 41.11
48.967500 41.11
49.031515 41.11
49.095625 41.67
49.154631 41.67
49.213878 41.67
49.279302 41.67
49.339518 41.67
49.403627 41.67
49.457757 41.67
49.527506 41.67
49.586396 41.67
49.651754 41.67
49.710630 41.67
49.770214 41.67
49.831180 41.67
49.884883 41.67
49.943882 41.67
50.008037 41.67
50.067533 41.67
50.122064 41.67
50.186529 41.67
50.250527 41.67
50.309399 41.67
50.369067 41.67
50.429532 41.67
50.493888 41.67
50.552886 41.67
50.609043 41.67
50.669173 41.67
50.718889 41.67
50.776793 41.67
50.822406 41.67
50.886407 41.67
50.945537 41.67
50.999406 41.67
51.063408 41.67
51.127408 41.67
51.197797 41.67
51.263773 41.67
51.325799 42.22
51.371534 42.22
51.430408 42.22
51.500812 42.22
51.565538 42.22
51.624302 42.22
51.688411 42.22
51.752416 42.22
51.816545 42.22
51.875417 42.22
51.949164 42.22
52.002773 42.22
52.066774 42.22
52.136544 42.22
52.195416 42.22
52.259415 42.22
52.333166 42.22
52.386906 42.22
52.466421 42.22
52.525418 42.22
52.589420 42.22
52.663541 42.78
52.720658 42.78
52.781535 42.78
52.835909 42.78
52.895101 42.78
52.956846 42.78
53.016546 42.78
53.078306 42.78
53.143545 42.78
53.204549 42.78
53.274794 42.78
53.337210 42.78
53.398191 42.78
53.459041 42.78
53.512420 42.78
53.573549 42.78
53.623793 42.78
53.684540 42.78
53.744691 42.78
53.790430 42.78
53.844181 42.78
53.908288 42.78
53.972203 42.78
54.032182 42.78
54.084696 42.78
54.135792 42.78
54.199797 42.78
54.268666 42.78
54.327667 42.78
54.401542 42.78
54.460182 42.78
54.516189 43.33
54.585316 42.78
54.659095 43.33
54.723448 43.33
54.787440 43.33
54.846547 43.33
54.905427 43.33
54.959171 43.33
55.023452 43.33
55.092076 43.33
55.156674 43.33
55.225437 43.33
55.284174 43.33
55.348344 43.33
55.412222 43.33
55.481055 43.33
55.534677 43.33
55.603551 43.33
55.660444 43.33
55.719207 43.33
55.793208 43.33
55.867094 43.33
55.941055 43.33
56.015079 43.33
56.069931 43.33
56.144196 43.33
56.218212 43.33
56.282459 43.33
56.333200 43.33
56.397201 43.33
56.471058 43.33
56.525934 43.33
56.579248 43.33
56.648241 43.33
56.717438 43.33
56.776186 43.33
56.850091 43.33
56.900688 43.33
56.964563 43.33
57.028437 43.33
57.088588 43.33
57.134064 43.33
57.184816 43.33
57.243218 43.33
57.312219 43.33
57.385950 43.33
57.439218 43.33
57.513220 43.33
57.582192 43.33
57.656097 43.33
57.730072 43.33
57.794952 43.33
57.853444 43.33
57.911948 43.33
57.980949 43.33
58.039572 43.33
58.108224 43.33
58.177103 43.33
58.251073 43.33
58.320077 43.33
58.389090 43.33
58.452956 43.33
58.522076 43.33
58.590955 43.33
58.650104 43.33
58.714106 43.33
58.782956 43.33
58.846957 42.78
58.916106 42.78
58.975096 42.78
59.038956 42.78
59.099484 42.78
59.153109 42.78
59.216960 42.78
59.280960 42.78
59.344956 42.78
59.409111 42.78
59.472960 42.78
59.523583 42.78
59.587350 42.78
59.645960 42.78
59.696585 42.78
59.765460 42.78
59.829085 42.78
59.902836 42.78
59.953586 42.78
60.017587 42.78
60.081462 42.78
60.145468 42.78
60.215840 42.78
60.280003 42.78
60.344598 42.78
60.405840 42.78
60.475003 42.78
60.539001 42.78
60.612842 42.78
60.671482 42.78
60.736110 42.78
60.800000 42.78
60.864001 42.78
60.933004 42.78
61.001845 42.78
61.066370 42.78
61.131846 42.78
61.201002 42.78
61.265002 42.78
61.339004 42.78
61.403227 42.78
61.457003 42.78
61.521001 42.78
61.589849 42.78
61.654002 42.22
61.717850 42.22
61.786852 42.78
61.856007 42.22
61.920008 42.78
61.979010 42.22
62.043008 42.22
62.101854 42.22
62.166177 42.22
62.220486 42.22
62.284858 42.22
62.348991 42.22
62.407857 42.22
62.472013 42.22
62.535871 42.22
62.590857 42.22
62.654858 42.22
62.729009 42.22
62.783859 42.22
62.847860 42.22
62.908871 42.22
62.977742 42.22
63.030991 42.22
63.104740 42.22
63.157992 42.22
63.231739 42.22
63.285027 42.22
63.349017 42.22
63.403864 42.22
63.467865 42.22
63.531866 42.22
63.595366 42.22
63.659511 42.22
63.733866 42.22
63.797367 42.22
63.861383 42.22
63.925389 42.22
63.989368 42.22
64.054066 42.22
64.113390 42.22
64.187872 42.22
64.246871 42.22
64.305872 42.22
64.369873 42.22
64.439879 42.22
64.499396 42.22
64.573875 42.22
64.637874 42.22
64.696874 42.22
64.762327 42.22
64.816392 42.22
64.886625 42.22
64.939876 42.22
65.005003 42.22
65.070278 42.22
65.128878 42.22
65.187879 42.22
65.242754 42.22
65.307755 42.22
65.381880 42.22
65.436881 42.22
65.491755 42.22
65.547009 42.22
65.610757 42.22
65.661383 42.22
65.730401 42.22
65.786398 42.22
65.850400 42.22
65.910509 42.22
65.961385 42.22
66.021385 42.22
66.090386 42.22
66.150403 42.22
66.210387 42.22
66.270513 42.22
66.329403 42.22
66.398405 42.22
66.462405 42.22
66.531890 42.22
66.597640 42.22
66.661891 42.22
66.725891 42.22
66.799767 42.22
66.865045 42.22
66.925643 42.22
66.992293 42.22
67.056772 42.22
67.120646 42.22
67.189770 42.22
67.255050 42.22
67.308896 42.22
67.368168 42.22
67.433522 42.22
67.507648 42.22
67.581773 42.22
67.652155 42.22
67.705898 42.22
67.779648 42.22
67.848650 42.22
67.922650 42.22
67.977417 42.22
68.036028 42.22
68.102183 42.22
68.147778 42.22
68.218156 42.22
68.263904 42.22
68.332779 42.22
68.401658 42.22
68.452283 42.22
68.515783 42.22
68.589534 42.22
68.642784 42.22
68.716534 42.22
68.769782 42.22
68.843533 42.22
68.896783 42.22
68.970533 42.22
69.044659 42.22
69.118660 42.22
69.187786 42.22
69.251661 42.22
69.320662 42.22
69.394788 42.22
69.458789 42.22
69.527788 42.22
69.601539 42.22
69.654789 42.22
69.728540 42.22
69.802540 42.22
69.873677 42.22
69.938432 42.22
69.997070 42.22
70.071185 42.22
70.142075 42.22
70.206075 42.22
70.270925 42.22
70.331076 42.22
70.389796 42.22
70.463796 42.22
70.528048 42.22
70.592338 42.22
70.653572 42.22
70.714083 42.22
70.776081 42.22
70.838080 42.22
70.896800 42.22
70.957081 42.22
71.021338 42.22
71.080093 42.22
71.149678 42.22
71.204802 42.22
71.268803 42.22
71.327554 42.22
71.378208 42.22
71.437214 42.22
71.490805 42.22
71.554805 42.22
71.613680 42.22
71.677571 42.22
71.746572 42.22
71.815694 42.22
71.879810 42.22
71.938683 42.22
72.007559 42.22
72.076559 42.22
72.145560 42.22
72.214563 42.22
72.283191 42.22
72.346690 42.22
72.420439 42.22
72.473690 42.22
72.547441 42.22
72.600688 42.22
72.670452 42.22
72.744455 42.22
72.802948 42.22
72.868442 42.22
72.923331 42.22
72.992567 42.22
73.061567 42.22
73.130693 42.22
73.199819 42.22
73.258694 42.22
73.322696 42.22
73.394446 42.22
73.443821 42.22
73.503948 42.22
73.558948 42.22
73.617448 42.22
73.670028 42.22
73.723698 42.22
73.782464 42.22
73.846574 42.22
73.906959 42.22
73.971101 42.22
74.029961 42.22
74.104592 42.22
74.168576 42.22
74.232576 42.22
74.296577 42.22
74.360471 42.22
74.425112 42.22
74.489134 42.22
74.547957 42.22
74.606705 42.22
74.665348 42.22
74.718581 42.22
74.782581 42.22
74.846706 42.22
74.905720 42.22
74.965132 42.22
75.029711 42.22
75.088585 42.22
75.152584 42.22
75.221353 42.22
75.285597 42.22
75.341487 42.22
75.405979 42.22
75.480588 42.22
75.544479 42.22
75.613588 42.22
75.677588 42.22
75.742183 42.22
75.803236 42.22
75.863590 42.22
75.922465 42.22
75.991591 42.22
76.055492 42.22
76.124467 42.22
76.188592 42.22
76.242360 42.22
76.306470 42.22
76.370484 42.22
76.430887 42.22
76.489469 42.22
76.553725 42.22
76.603849 42.22
76.667727 42.22
76.726489 42.22
76.790599 42.22
76.849850 42.22
76.908473 42.22
76.972724 42.22
77.031849 42.22
77.095724 42.22
77.154366 42.22
77.219879 42.22
77.278861 42.22
77.348997 42.22
77.412853 42.22
77.477178 42.22
77.530604 42.22
77.594604 42.22
77.648484 42.22
77.712737 42.22
77.772163 42.22
77.836616 42.22
77.895740 42.22
77.949523 42.22
78.019612 42.22
78.078616 42.22
78.137861 42.22
78.203871 42.22
78.273859 42.22
78.339030 42.22
78.408626 42.22
78.467616 42.22
78.523129 42.22
78.581862 42.22
78.645862 42.22
78.709863 42.22
78.773862 42.22
78.834131 42.22
78.892865 42.22
78.963769 42.22
79.009243 42.22
79.064114 42.22
79.127615 42.22
79.181390 42.22
79.241040 42.22
79.302821 42.22
79.362070 42.22
79.420622 42.22
79.474383 42.22
79.538392 42.22
79.607499 42.22
79.667774 42.22
79.727871 42.22
79.786623 42.22
79.845386 42.22
79.909631 42.22
79.973373 42.22
80.037499 42.22
80.087625 42.22
80.151624 42.22
80.210251 42.22
80.260875 42.22
80.314751 42.22
80.383376 42.22
80.447376 42.22
80.521128 42.22
80.579753 42.22
80.648394 42.22
80.717129 42.22
80.770754 42.22
80.839880 42.22
80.909412 42.22
80.959409 42.22
81.014522 42.22
81.073285 42.22
81.138632 42.22
81.197633 42.22
81.258422 42.22
81.317161 42.22
81.381395 42.22
81.455261 42.22
81.524402 42.22
81.588278 42.22