0.000000 0.000000
0.049059 42.78
0.114252 42.78
0.175245 42.78
0.239648 42.78
0.294758 42.22
0.350003 42.22
0.414240 42.22
0.473130 42.22
0.537130 42.22
0.601131 42.22
0.671492 42.22
0.736257 42.22
0.801258 42.22
0.868042 42.22
0.938803 42.22
0.995040 42.22
1.069498 42.22
1.128652 42.22
1.192649 42.22
1.257136 42.22
1.331498 42.22
1.396137 42.22
1.468043 42.22
1.527502 42.22
1.586501 42.22
1.645501 42.22
1.704501 42.22
1.763500 42.22
1.822501 42.22
1.881502 42.22
1.940503 42.22
1.999503 42.22
2.063503 42.22
2.127504 42.22
2.186504 42.22
2.245505 42.22
2.315908 42.22
2.369381 42.22
2.424022 42.22
2.487506 42.22
2.557884 42.22
2.612883 42.22
2.667884 42.22
2.722884 42.22
2.781258 42.22
2.834509 42.22
2.904886 42.22
2.950384 42.22
2.999760 42.22
3.059887 42.22
3.105386 42.22
3.156011 42.22
3.219519 42.22
3.293262 42.22
3.346519 42.22
3.420263 42.22
3.473519 42.22
3.547264 41.67
3.605639 42.22
3.674265 41.67
3.727521 42.22
3.801266 41.67
3.854519 41.67
3.928268 41.67
3.981521 41.67
4.055268 41.67
4.108523 41.67
4.182269 41.67
4.235524 41.67
4.309270 41.67
4.362525 41.67
4.436271 41.67
4.489526 41.67
4.563273 41.67
4.618147 41.67
4.676527 41.67
4.750273 41.67
4.805150 41.67
4.865150 41.67
4.925150 41.67
4.985151 41.67
5.045151 41.67
5.098402 41.67
5.163529 41.67
5.228780 41.67
5.283781 41.67
5.338780 41.67
5.393781 41.67
5.448781 41.67
5.503280 41.67
5.561656 41.67
5.621783 41.67
5.667281 41.67
5.716658 41.67
5.776783 41.67
5.822282 41.67
5.872909 41.67
5.936409 41.67
6.010159 41.67
6.063410 41.67
6.137161 41.67
6.190411 41.67
6.264162 41.67
6.317412 41.67
6.391162 41.67
6.444413 41.67
6.518163 41.67
6.571414 41.67
6.645164 41.67
6.698415 41.67
6.772165 41.67
6.825416 41.67
6.899166 41.67
6.952417 41.67
7.026167 41.67
7.081168 41.67
7.134418 41.67
7.208169 41.67
7.263169 41.67
7.318169 41.67
7.373170 41.67
7.426421 41.67
7.500171 41.67
7.555047 41.67
7.615048 41.67
7.675048 41.67
7.735048 41.67
7.795049 41.67
7.858550 41.67
7.927175 41.67
7.985551 41.67
8.054176 41.67
8.104802 41.67
8.168302 41.67
8.238679 41.67
8.293177 41.67
8.351554 41.67
8.411680 41.67
8.466180 41.67
8.515555 41.67
8.579056 41.67
8.632306 41.67
8.706056 41.67
8.759307 41.67
8.829683 41.67
8.875182 41.67
8.925808 41.67
8.989308 41.67
9.063059 41.67
9.116309 41.67
9.190060 41.67
9.243310 41.67
9.317061 41.67
9.370311 41.67
9.444062 41.67
9.497312 41.67
9.571063 41.67
9.624313 41.67
9.698064 41.67
9.753065 41.67
9.806315 41.67
9.880065 41.67
9.933316 41.67
10.007067 41.67
10.060317 41.67
10.134068 41.67
10.189069 41.67
10.243944 41.67
10.303944 41.67
10.362320 41.67
10.436070 41.67
10.490946 41.67
10.549321 41.67
10.623072 41.67
10.677947 41.67
10.737947 41.67
10.801448 41.67
10.870074 41.67
10.928449 41.67
10.997074 41.67
11.055450 41.67
11.115577 41.67
11.161076 41.67
11.211701 41.67
11.275202 41.67
11.343952 41.67
11.397203 41.67
11.470954 41.67
11.524204 41.67
11.597955 41.67
11.651204 41.67
11.721582 41.67
11.767080 41.67
11.818081 41.67
11.868706 41.67
11.932207 41.67
12.005957 41.67
12.059208 41.67
12.127959 41.67
12.181209 41.67
12.254960 41.67
12.308210 41.67
12.381961 41.67
12.435211 41.67
12.508962 41.67
12.562212 41.67
12.635963 41.67
12.689213 41.67
12.757964 41.67
12.821464 41.67
12.883340 41.67
12.946965 41.67
13.005340 41.67
13.073966 41.67
13.128842 41.67
13.187217 41.67
13.260969 41.67
13.315844 41.67
13.375843 41.67
13.435845 41.67
13.495844 41.67
13.550846 41.67
13.604095 41.67
13.674472 41.67
13.727722 41.67
13.792847 41.67
13.846097 41.67
13.916475 41.67
13.961974 41.67
14.016474 41.67
14.062349 41.67
14.122476 41.67
14.167975 41.67
14.226350 41.67
14.289851 41.67
14.343101 41.67
14.413478 41.67
14.458977 41.67
14.509603 41.67
14.573104 41.67
14.646854 41.67
14.700105 41.67
14.773855 41.67
14.837356 41.67
14.900856 41.67
14.954106 41.67
15.027857 41.67
15.081107 41.67
15.154858 41.67
15.213358 41.67
15.276859 41.67
15.330110 41.67
15.403860 41.67
15.457110 41.67
15.530861 41.67
15.584111 41.67
15.657863 41.67
15.711113 41.67
15.784863 41.67
15.843363 41.67
15.906864 41.67
15.961740 41.67
16.016740 41.67
16.076740 41.67
16.136741 41.67
16.191742 41.67
16.251742 41.67
16.311743 41.67
16.366743 41.67
16.426743 41.67
16.486744 41.67
16.541744 41.67
16.594995 41.67
16.665370 41.67
16.714870 41.67
16.764246 41.67
16.824373 41.67
16.869872 41.67
16.919248 41.67
16.979373 41.67
17.024873 41.67
17.075499 41.67
17.139000 41.67
17.209376 41.67
17.254875 41.67
17.305500 41.67
17.369001 41.67
17.442752 41.67
17.496002 41.67
17.569753 41.67
17.623003 41.67
17.696754 41.67
17.750004 41.67
17.823755 41.67
17.887380 41.67
17.956005 41.67
18.029758 41.67
18.083007 41.67
18.156758 41.67
18.210009 41.67
18.283759 41.67
18.337009 41.67
18.410759 41.67
18.464010 41.67
18.538027 41.67
18.606788 41.67
18.665387 41.67
18.748029 41.67
18.816787 41.67
18.871639 41.67
18.935389 41.67
19.004391 41.67
19.073391 41.67
19.138641 41.67
19.191907 41.67
19.259030 41.67
19.327793 41.67
19.391792 41.67
19.465792 41.67
19.518276 41.67
19.564035 41.67
19.622797 41.67
19.693299 41.67
19.739036 41.67
19.802795 41.67
19.864278 41.67
19.910035 41.67
19.968798 41.67
20.042675 41.67
20.123398 41.67
20.182038 41.67
20.241041 41.67
20.309675 41.67
20.363151 41.67
20.416802 41.67
20.490676 41.67
20.555675 41.67
20.609153 41.67
20.663043 41.67
20.731681 41.67
20.785154 41.67
20.838796 41.67
20.912682 41.67
20.966155 41.67
21.020048 41.67
21.088683 41.67
21.142157 41.67
21.212684 41.67
21.266158 41.67
21.331682 41.67
21.385160 41.67
21.455685 41.67
21.510411 41.67
21.574161 41.67
21.624161 41.67
21.674162 41.67
21.724161 41.67
21.784802 41.67
21.858687 41.67
21.912163 41.67
21.962164 41.67
22.020806 41.67
22.089691 41.67
22.143166 41.67
22.212041 41.67
22.272167 41.67
22.317808 41.67
22.388168 41.67
22.437808 41.67
22.508169 41.67
22.563168 41.67
22.626809 41.67
22.697171 41.67
22.742808 41.67
22.811546 41.67
22.867547 41.67
22.923575 41.67
22.992672 41.67
23.043296 41.67
23.106798 41.67
23.180550 41.67
23.244173 41.67
23.312801 41.67
23.386550 41.67
23.439800 41.67
23.513551 41.67
23.566802 41.67
23.640552 41.67
23.693802 41.67
23.767553 41.67
23.820803 41.67
23.894557 41.67
23.959929 41.67
24.028556 41.67
24.081805 41.67
24.155556 41.67
24.210557 41.67
24.265558 41.67
24.320432 41.67
24.380432 41.67
24.440433 41.67
24.500434 41.67
24.558809 41.67
24.632560 41.67
24.687435 41.67
24.747435 41.67
24.806811 41.67
24.880562 41.67
24.929937 41.67
24.990063 41.67
25.053564 41.67
25.111938 41.67
25.172064 41.67
25.227064 41.67
25.282065 41.67
25.337066 41.67
25.395440 41.67
25.448691 41.67
25.519067 41.67
25.564567 41.67
25.615192 41.67
25.678693 41.67
25.752443 41.67
25.805694 41.67
25.879444 41.67
25.932695 41.67
26.006446 41.67
26.059696 41.11
26.133446 41.67
26.186697 41.11
26.260447 41.11
26.313698 41.11
26.387448 41.67
26.440699 41.11
26.509450 41.67
26.562700 41.67
26.636451 41.11
26.689701 41.11
26.763451 41.11
26.816702 41.11
26.890452 41.67
26.943703 41.11
27.017454 41.11
27.072454 41.11
27.127329 41.11
27.185705 41.67
27.259455 41.11
27.314331 41.67
27.374331 41.67
27.437832 41.11
27.506458 41.11
27.561332 41.67
27.621333 41.11
27.681334 41.11
27.739835 41.67
27.799961 41.11
27.854961 41.67
27.909962 41.11
27.964962 41.11
28.010461 41.11
28.061086 41.11
28.124590 41.11
28.194965 41.11
28.240463 41.11
28.291089 41.11
28.354590 41.11
28.428340 41.11
28.481591 41.11
28.551966 41.11
28.597466 41.11
28.648092 41.11
28.711593 41.11
28.785343 41.67
28.838594 41.11
28.912343 41.11
28.965594 41.11
29.039345 41.67
29.092596 41.11
29.166346 41.11
29.219597 41.11
29.293347 41.67
29.346598 41.11
29.420348 41.11
29.473599 41.11
29.547349 41.11
29.605725 41.11
29.674349 41.11
29.729350 41.11
29.782602 41.11
29.856351 41.11
29.911351 41.11
29.966227 41.11
30.026228 41.11
30.086228 41.11
30.146229 41.11
30.206229 41.11
30.266229 41.11
30.326230 41.11
30.386231 41.11
30.446231 41.11
30.506231 41.11
30.566232 41.11
30.626232 41.11
30.679483 41.11
30.749859 41.11
30.804359 41.11
30.862734 41.11
30.922861 41.11
30.977360 41.11
31.035736 41.11
31.095863 41.11
31.141361 41.11
31.191988 41.11
31.255487 41.11
31.329238 41.11
31.382489 41.11
31.456239 41.11
31.509489 41.11
31.583241 41.11
31.636491 41.11
31.710241 41.11
31.763492 41.11
31.837241 41.11
31.890493 41.11
31.964243 41.11
32.017494 41.11
32.091244 41.11
32.144495 41.11
32.218245 41.11
32.271496 41.11
32.345247 41.11
32.398497 41.11
32.472247 41.11
32.525498 41.11
32.599249 41.11
32.652499 41.11
32.726249 41.11
32.781125 41.11
32.841125 41.11
32.901126 41.11
32.961126 41.11
33.019501 41.11
33.093252 41.11
33.148128 41.11
33.208129 41.11
33.268129 41.11
33.328129 41.11
33.388131 41.11
33.448131 41.11
33.501381 41.11
33.571759 41.11
33.626758 41.11
33.685133 41.11
33.738383 41.11
33.808760 41.11
33.854258 41.11
33.903635 41.11
33.963762 41.11
34.009260 41.11
34.058636 41.11
34.118762 41.11
34.164261 41.11
34.214887 41.11
34.278387 41.11
34.352137 41.11
34.405388 41.11
34.479139 41.11
34.532389 41.11
34.606140 41.11
34.659390 41.11
34.733140 41.11
34.786390 41.11
34.860141 41.11
34.913392 41.11
34.987142 41.11
35.040393 41.11
35.114144 41.11
35.167394 41.11
35.241145 41.11
35.294395 41.11
35.368146 41.11
35.423146 41.11
35.478146 41.11
35.533147 41.11
35.588023 41.11
35.648023 41.11
35.708024 41.11
35.768024 41.11
35.828025 41.11
35.891527 41.11
35.960151 41.11
36.015027 41.11
36.078528 41.11
36.147152 41.11
36.202027 41.11
36.255278 41.11
36.320404 41.11
36.385656 41.11
36.440154 41.11
36.498531 41.11
36.558657 41.11
36.613155 41.11
36.663782 41.11
36.727282 41.11
36.796032 41.11
36.849283 41.11
36.923033 41.11
36.976283 41.11
37.050034 41.11
37.103285 41.11
37.177036 41.11
37.230286 41.11
37.304037 41.11
37.357286 41.11
37.431038 41.11
37.484287 41.11
37.558039 41.11
37.621540 41.11
37.685039 41.11
37.738290 41.11
37.812041 41.11
37.865291 41.11
37.939041 41.11
37.994042 41.11
38.047292 41.11
38.121043 41.11
38.174293 41.11
38.248044 41.11
38.303045 41.11
38.357920 41.11
38.417920 41.11
38.477921 41.11
38.537921 41.11
38.597922 41.11
38.657923 41.11
38.721422 41.11
38.790049 41.11
38.844924 41.11
38.908424 41.11
38.977050 41.11
39.031925 41.11
39.085176 41.11
39.155553 41.11
39.210052 41.11
39.259427 41.11
39.319554 41.11
39.374053 41.11
39.432428 41.11
39.496054 41.11
39.546680 41.11
39.610180 41.11
39.683931 41.11
39.737181 41.11
39.802557 41.11
39.848057 41.11
39.898683 41.11
39.962182 41.11
40.035934 41.11
40.089184 41.11
40.162935 41.11
40.216185 41.11
40.289936 41.11
40.343186 41.11
40.416936 41.11
40.470187 41.11
40.543937 41.11
40.597188 41.11
40.670939 41.11
40.724188 41.11
40.792940 41.11
40.846190 41.11
40.919941 41.11
40.974941 41.11
41.028191 41.11
41.101942 41.11
41.156943 41.11
41.210192 41.11
41.283944 41.11
41.338819 41.11
41.398820 41.11
41.458820 41.11
41.518820 41.11
41.578821 41.11
41.638821 41.11
41.698822 41.11
41.762447 41.11
41.817323 41.11
41.885948 41.11
41.940449 41.11
42.009074 41.11
42.079451 41.11
42.134451 41.11
42.192951 41.11
42.242326 41.11
42.302452 41.11
42.347953 41.11
42.398578 41.11
42.462078 41.11
42.535829 41.11
42.589079 41.11
42.662830 41.11
42.716079 41.11
42.789831 41.11
42.843081 41.11
42.916832 41.11
42.975332 41.11
43.038832 41.11
43.092083 41.11
43.165834 41.11
43.219084 41.11
43.292835 41.11
43.346084 41.11
43.419836 41.11
43.473085 41.11
43.546837 41.11
43.605337 41.11
43.665462 41.11
43.734088 41.11
43.807839 41.11
43.861089 41.11
43.934840 41.11
43.989715 41.11
44.043091 41.11
44.116842 41.11
44.170092 41.11
44.243842 41.11
44.298718 41.11
44.358718 41.11
44.418719 41.11
44.478720 41.11
44.538720 41.11
44.598720 41.11
44.653720 41.11
44.706972 41.11
44.772096 41.11
44.837348 41.11
44.892348 41.11
44.947349 41.11
45.002350 41.11
45.057350 41.11
45.102849 41.11
45.152224 41.11
45.212351 41.11
45.257851 41.11
45.307226 41.11
45.367353 41.11
45.412853 41.11
45.463477 41.11
45.526978 41.11
45.600728 41.11
45.653978 41.11
45.727729 41.11
45.780979 41.11
45.854731 41.11
45.907981 41.11
45.981732 41.11
46.034982 41.11
46.108733 41.11
46.161983 41.11
46.235733 41.11
46.288984 41.11
46.362734 41.11
46.428110 41.11
46.496736 41.11
46.549987 41.11
46.623737 41.11
46.676987 41.11
46.750737 41.11
46.803989 41.11
46.877738 41.11
46.930989 41.11
47.004739 41.11
47.059616 41.11
47.119616 41.11
47.179617 41.11
47.239617 41.11
47.299618 41.11
47.359618 41.11
47.419619 41.11
47.479619 41.11
47.539619 41.11
47.592869 41.11
47.663245 41.11
47.718246 41.11
47.763746 41.11
47.814371 41.11
47.877872 41.11
47.951623 41.11
48.004873 41.11
48.078625 41.11
48.131874 41.11
48.205628 41.11
48.256374 41.11
48.321030 41.11
48.380380 41.11
48.439254 41.67
48.503253 41.67
48.567021 41.67
48.632136 41.67
48.687777 41.67
48.751789 41.67
48.816022 41.67
48.875064 41.67
48.929525 41.67
48.988797 41.67
49.052901 41.67
49.116773 41.67
49.180908 41.67
49.235029 41.67
49.293792 41.67
49.357635 41.67
49.416135 41.67
49.474909 41.67
49.528795 41.67
49.587794 41.67
49.651637 41.67
49.710137 41.67
49.762195 41.67
49.817391 41.67
49.867265 42.22
49.922139 42.22
49.973520 42.22
50.026792 42.22
50.086394 42.22
50.140268 42.22
50.195267 42.22
50.250142 42.22
50.312170 42.22
50.362400 42.22
50.422048 42.22
50.471834 42.22
50.526831 42.22
50.581798 42.22
50.642713 42.22
50.702275 42.22
50.763526 42.22
50.819526 42.22
50.875526 42.22
50.931834 42.22
50.992170 42.22
51.057530 42.22
51.113528 42.22
51.169528 42.22
51.225937 42.22
51.280405 42.22
51.334153 42.78
51.399838 42.78
51.458804 42.22
51.524696 42.78
51.589280 42.78
51.658818 42.78
51.717808 42.78
51.786809 42.78
51.851408 42.78
51.915926 42.78
51.971540 42.78
52.045685 42.78
52.106702 42.78
52.166410 42.78
52.230543 42.78
52.294688 42.78
52.353688 42.78
52.416100 42.78
52.470165 42.78
52.539695 42.78
52.598691 42.78
52.662691 42.78
52.727293 42.78
52.787812 42.78
52.843167 42.78
52.918726 42.78
52.984803 42.78
53.054803 42.78
53.104927 42.78
53.155297 42.78
53.210804 42.78
53.265298 42.78
53.320805 42.78
53.371301 43.33
53.426673 42.78
53.481807 43.33
53.540576 43.33
53.595668 43.33
53.669419 43.33
53.720169 43.33
53.789546 43.33
53.840169 43.33
53.904047 43.33
53.967921 43.33
54.026937 43.33
54.090424 43.33
54.159591 43.33
54.218944 43.33
54.277732 43.33
54.332948 43.33
54.380619 43.33
54.454425 43.33
54.523693 43.33
54.587700 43.33
54.657069 43.33
54.721694 43.33
54.785679 43.33
54.849559 43.33
54.914944 43.33
54.970585 43.33
55.029601 43.33
55.088722 43.33
55.147432 43.33
55.211809 43.33
55.270586 43.33
55.334433 43.33
55.393588 43.33
55.457587 43.33
55.517587 43.33
55.581727 43.33
55.635566 43.33
55.700940 43.33
55.759436 43.33
55.814311 43.33
55.875952 43.33
55.925607 43.33
55.990966 43.33
56.045940 43.33
56.104319 43.33
56.157597 43.33
56.222940 43.33
56.268595 43.33
56.333983 43.33
56.387567 43.33
56.442441 43.33
56.493067 43.33
56.561821 43.33
56.616818 43.33
56.680571 43.33
56.754319 43.33
56.807572 43.33
56.871332 43.33
56.924575 43.33
56.990456 43.33
57.054322 43.33
57.107947 43.33
57.176612 43.33
57.240601 43.33
57.309324 43.33
57.374700 43.33
57.443325 43.33
57.502075 43.33
57.566076 43.33
57.624827 43.33
57.680452 43.33
57.739455 43.33
57.798970 43.33
57.857970 43.33
57.921956 43.33
57.987969 43.33
58.051973 43.33
58.117335 43.33
58.176456 43.33
58.236721 43.33
58.290457 43.33
58.360833 43.33
58.424457 43.33
58.489091 43.33
58.547458 43.33
58.617836 43.33
58.681334 42.78
58.730727 43.33
58.789335 43.33
58.847722 42.78
58.907838 42.78
58.962345 42.78
59.016837 42.78
59.085462 42.78
59.155840 42.78
59.209648 42.78
59.270860 42.78
59.339467 42.78
59.394467 42.78
59.449465 42.78
59.508466 42.78
59.572476 42.78
59.636479 42.78
59.701102 42.78
59.765601 42.78
59.830349 42.78
59.894346 42.78
59.968220 42.78
60.021471 42.78
60.095221 42.78
60.158972 42.78
60.229598 42.78
60.288473 42.78
60.352473 42.78
60.421740 42.78
60.480224 42.78
60.544104 42.78
60.602743 42.78
60.673351 42.78
60.738602 42.78
60.797226 42.78
60.871226 42.78
60.935361 42.78
60.996106 42.78
61.049356 42.78
61.109635 42.78
61.173355 42.78
61.238731 42.78
61.293010 42.78
61.358732 42.78
61.408232 42.78
61.478733 42.78
61.532233 42.78
61.602734 42.78
61.662370 42.78
61.731613 42.78
61.786486 42.78
61.846759 42.78
61.892235 42.78
61.941752 42.78
62.011026 42.78
62.075489 42.78
62.134364 42.78
62.198238 42.78
62.272363 42.78
62.346244 42.78
62.410245 42.78
62.466116 42.78
62.517005 42.78
62.575758 42.78
62.639366 42.78
62.713244 42.78
62.787242 42.78
62.856368 42.78
62.930120 42.78
63.004370 42.78
63.078125 42.78
63.131375 42.78
63.205123 42.78
63.260125 42.78
63.315125 42.78
63.368375 42.78
63.442375 42.78
63.506249 42.78
63.580373 42.78
63.654124 42.78
63.728251 42.22
63.802387 42.22
63.854132 42.78
63.918378 42.78
63.977253 42.22
64.046128 42.78
64.115255 42.22
64.175680 42.78
64.239506 42.22
64.303145 42.22
64.368659 42.22
64.437506 42.78
64.501257 42.78
64.571138 42.22
64.640794 42.22
64.715259 42.22
64.780665 42.22
64.835259 42.22
64.904536 42.22
64.968134 42.22
65.020642 42.78
65.075261 42.22
65.149028 42.22
65.202262 42.22
65.271138 42.22
65.334638 42.78
65.403263 42.78
65.477140 42.22
65.546015 42.22
65.620392 42.22
65.679141 42.22
65.748266 42.22
65.822267 42.22
65.891143 42.22
65.965144 42.22
66.034144 42.22
66.103274 42.78
66.172270 42.78
66.241146 42.22
66.310271 42.22
66.379146 42.22
66.458037 42.78
66.513023 42.22
66.582273 42.78
66.651149 42.22
66.710410 42.22
66.774275 42.22
66.843276 42.22
66.907277 42.22
66.971026 42.22
67.040027 42.78
67.104030 42.22
67.162402 42.78
67.222530 42.22
67.277531 42.78
67.336029 42.22
67.390904 42.22
67.444155 42.22
67.513030 42.22
67.578558 42.22
67.647566 42.78
67.721564 42.22
67.785282 42.22
67.850534 42.22
67.896033 42.22
67.946659 42.22
68.010159 42.22
68.083910 42.22
68.137160 42.22
68.206162 42.22
68.270162 42.22
68.339163 42.22
68.412912 42.22
68.466163 42.78
68.525425 42.78
68.591040 42.22
68.654915 42.22
68.708290 42.22
68.772166 42.22
68.841167 42.22
68.909923 42.22
68.963173 42.22
69.036922 42.22
69.090172 42.22
69.163921 42.22
69.218923 42.22
69.278053 42.22
69.346675 42.22
69.411799 42.22
69.471797 42.22
69.531797 42.22
69.591970 42.22
69.663469 42.22
69.718943 42.22
69.778050 42.22
69.838455 42.22
69.898942 42.22
69.968189 42.22
70.029306 42.22
70.083429 42.22
70.147427 42.22
70.211585 42.22
70.270429 42.22
70.334877 42.22
70.399429 42.22
70.463582 42.22
70.522430 42.22
70.581306 42.22
70.640075 42.22
70.699319 42.22
70.754435 42.22
70.818597 42.22
70.872183 42.22
70.936183 42.22
70.995059 42.22
71.059186 42.22
71.118060 42.22
71.182186 42.22
71.241061 42.22
71.304953 42.22
71.374187 42.22
71.433190 42.22
71.492189 42.22
71.551188 42.22
71.610064 42.22
71.674189 42.22
71.732940 42.22
71.798315 42.22
71.853958 42.22
71.919317 42.22
71.985192 42.22
72.049083 42.22
72.113209 42.22
72.172086 42.22
72.236075 42.22
72.296696 42.22
72.366070 42.22
72.429835 42.22
72.484696 42.22
72.543321 42.78
72.594697 42.22
72.655394 42.22
72.715099 42.22
72.779324 42.22
72.843198 42.22
72.901842 42.22
72.972355 42.22
73.027585 42.22
73.091841 42.22
73.142450 42.22
73.201202 42.22
73.254952 42.22
73.325355 42.22
73.370972 42.22
73.434839 42.22
73.485460 42.22
73.548961 42.22
73.622707 42.22
73.675958 42.22
73.750212 42.22
73.820084 42.22
73.878971 42.22
73.942974 42.22
74.006973 42.22
74.070725 42.22
74.142375 42.22
74.217103 42.22
74.275758 42.22
74.349726 42.22
74.403337 42.22
74.467475 42.22
74.531966 42.22
74.595733 42.22
74.659979 42.22
74.733714 42.22
74.787339 42.22
74.846476 42.22
74.911471 42.22
74.970985 42.22
75.030855 42.22
75.099467 42.22
75.158217 42.22
75.214993 42.22
75.273738 42.22
75.328470 42.22
75.387344 42.22
75.451220 42.22
75.519987 42.22
75.578982 42.22
75.638477 42.22
75.707741 42.22
75.760254 42.22
75.805990 42.22
75.859741 42.22
75.915629 42.22
75.975349 42.22
76.038975 42.22
76.102626 42.22
76.171601 42.22
76.224991 42.22
76.283744 42.22
76.352742 42.22
76.426728 42.22
76.496357 42.22
76.555489 42.22
76.624744 42.22
76.689488 42.22
76.749749 42.22
76.809156 42.22
76.870608 42.22
76.929106 42.22
76.988233 42.22
77.052124 42.22
77.116359 42.22
77.185635 42.22
77.249751 42.22
77.323619 42.22
77.392612 42.22
77.451111 42.22
77.516741 42.22
77.581113 42.22
77.643643 42.22
77.707864 42.22
77.781644 42.22
77.855614 42.22
77.909245 42.22
77.974654 42.22
78.038742 42.22
78.102645 42.22
78.156116 42.22
78.214759 42.22
78.278783 42.22
78.337659 42.22
78.401627 42.22
78.457929 42.22
78.517033 42.22
78.572251 42.22
78.630153 42.22
78.676042 42.22
78.735122 42.22
78.798996 42.22
78.862793 42.22
78.927249 42.22
78.991257 42.22
7