0.000000 0.000000
0.057851 42.78
0.117861 42.78
0.178844 42.78
0.253841 42.22
0.323356 42.22
0.402840 42.22
0.466840 42.22
0.536357 42.22
0.606995 42.22
0.665842 42.22
0.730386 42.22
0.795427 42.22
0.860030 42.22
0.919984 42.22
0.976268 42.22
1.040724 42.22
1.104722 42.22
1.165250 42.22
1.220596 42.22
1.284597 42.22
1.348597 42.22
1.413369 42.22
1.474372 42.22
1.533854 42.22
1.592726 42.22
1.653130 42.22
1.716851 42.22
1.775726 42.22
1.839602 42.22
1.910127 42.22
1.955726 42.22
2.029603 42.22
2.103603 42.22
2.172729 42.22
2.236604 42.22
2.310605 42.22
2.384731 42.22
2.448606 42.22
2.522731 42.22
2.596608 42.22
2.670608 42.22
2.739609 42.22
2.803609 42.22
2.867609 41.67
2.941610 41.67
3.005611 42.22
3.074611 42.22
3.148612 41.67
3.222737 41.67
3.286613 41.67
3.360738 41.67
3.424864 41.67
3.483740 41.67
3.547740 41.67
3.611740 41.67
3.685617 41.67
3.749616 41.67
3.823617 41.67
3.887618 41.67
3.961618 41.67
4.025619 41.67
4.094619 41.67
4.168745 41.67
4.242620 41.67
4.316620 41.67
4.390621 41.67
4.459622 41.67
4.519873 41.67
4.583624 41.67
4.643873 41.67
4.704027 41.67
4.767875 41.67
4.831625 41.67
4.895502 41.67
4.964626 41.67
5.033752 41.67
5.092503 41.67
5.158031 41.67
5.216753 41.67
5.277007 41.67
5.335755 41.67
5.394505 41.67
5.463630 41.67
5.527506 41.67
5.596631 41.67
5.665633 41.67
5.734521 41.67
5.798508 41.67
5.872383 41.67
5.925634 41.67
5.999384 41.67
6.052635 41.67
6.126385 41.67
6.179636 41.67
6.248387 41.67
6.301636 41.67
6.375387 41.67
6.430513 41.67
6.504529 41.67
6.573514 41.67
6.647515 41.67
6.721530 41.67
6.790516 41.67
6.859516 41.67
6.933533 41.67
7.007643 41.67
7.071518 41.67
7.140520 41.67
7.209410 41.67
7.278645 41.67
7.342646 41.67
7.406646 41.67
7.470647 41.67
7.543049 41.67
7.601773 41.67
7.660414 41.67
7.720524 41.67
7.780933 41.67
7.845050 41.67
7.909051 41.67
7.973051 41.67
8.031905 41.67
8.090527 41.67
8.150906 41.67
8.215053 41.67
8.279052 41.67
8.343062 41.67
8.407053 41.67
8.471056 41.67
8.535056 41.67
8.599055 41.67
8.657532 41.67
8.721422 41.67
8.790532 41.67
8.854424 41.67
8.923533 41.67
8.992659 41.67
9.056660 41.67
9.120423 41.67
9.189661 41.67
9.253425 41.67
9.322536 41.67
9.386429 41.67
9.455537 41.67
9.524664 41.67
9.588428 41.67
9.657665 41.67
9.721429 41.67
9.787190 41.67
9.845791 41.67
9.911417 41.67
9.975417 41.67
10.039417 41.67
10.108434 41.67
10.172433 41.67
10.236433 41.67
10.300435 41.67
10.359437 41.67
10.423437 41.67
10.487437 41.67
10.551437 41.67
10.615437 41.67
10.674439 41.67
10.738439 41.67
10.802441 41.67
10.866441 41.67
10.930438 41.67
10.989441 41.67
11.053441 41.67
11.122176 41.67
11.175426 41.67
11.249177 41.67
11.307677 41.67
11.371177 41.67
11.424427 41.67
11.498179 41.67
11.551428 41.67
11.625179 41.67
11.678430 41.67
11.752181 41.67
11.805430 41.67
11.879182 41.67
11.937682 41.67
12.001182 41.67
12.054432 41.67
12.128184 41.67
12.181434 41.67
12.255185 41.67
12.308435 41.67
12.382186 41.67
12.437186 41.67
12.490437 41.67
12.564187 41.67
12.617437 41.67
12.691188 41.67
12.749687 41.67
12.801064 41.67
12.861064 41.67
12.916065 41.67
12.976065 41.67
13.036066 41.67
13.091066 41.67
13.151067 41.67
13.214567 41.67
13.274694 41.67
13.329695 41.67
13.384695 41.67
13.439695 41.67
13.485194 41.67
13.535820 41.67
13.599320 41.67
13.669697 41.67
13.715197 41.67
13.765821 41.67
13.829322 41.67
13.903073 41.67
13.956323 41.67
14.030073 41.67
14.080824 41.67
14.144325 41.67
14.218076 41.67
14.271576 41.67
14.325217 41.67
14.388828 41.67
14.452453 41.67
14.521217 41.67
14.595079 41.67
14.659221 41.67
14.733080 41.67
14.786581 41.67
14.840221 41.67
14.914220 41.67
14.988349 41.67
15.057348 41.67
15.126348 41.67
15.195350 41.67
15.264226 41.67
15.338348 41.67
15.407352 41.67
15.476102 41.67
15.529586 41.67
15.590104 41.67
15.643587 41.67
15.693588 41.67
15.762713 41.67
15.826229 41.67
15.895105 41.67
15.948589 41.67
16.017466 41.67
16.077591 41.67
16.127108 41.67
16.180592 41.67
16.249468 41.67
16.309593 41.67
16.355093 41.67
16.405718 41.67
16.469218 41.67
16.539595 41.67
16.585094 41.67
16.658970 41.67
16.712220 41.67
16.785972 41.67
16.839222 41.67
16.912972 41.67
16.966222 41.67
17.039974 41.67
17.093223 41.67
17.166975 41.67
17.220224 41.67
17.293978 41.67
17.357600 41.67
17.426226 41.67
17.499977 41.67
17.553227 41.67
17.626978 41.67
17.680227 41.67
17.753979 41.67
17.807229 41.67
17.880980 41.67
17.934230 41.67
18.007984 41.67
18.073231 41.67
18.146982 41.67
18.201857 41.67
18.261857 41.67
18.321858 41.67
18.381858 41.67
18.441859 41.67
18.501859 41.67
18.561859 41.67
18.621861 41.67
18.681861 41.67
18.741861 41.67
18.795112 41.67
18.865489 41.67
18.920489 41.67
18.975489 41.67
19.030490 41.67
19.085491 41.67
19.140491 41.67
19.195491 41.67
19.250492 41.67
19.295992 41.67
19.345367 41.67
19.405493 41.67
19.450993 41.67
19.501617 41.67
19.565118 41.67
19.638868 41.67
19.692119 41.67
19.765870 41.67
19.819120 41.67
19.887871 41.67
19.941121 41.67
20.014872 41.67
20.068122 41.67
20.141873 41.67
20.195123 41.67
20.268874 41.67
20.322124 41.67
20.395875 41.67
20.449125 41.67
20.517876 41.67
20.572876 41.67
20.626126 41.67
20.699877 41.67
20.754878 41.67
20.808128 41.67
20.881879 41.67
20.936754 41.67
20.996755 41.67
21.060380 41.67
21.111755 41.67
21.171756 41.67
21.235382 41.67
21.286757 41.67
21.346757 41.67
21.400011 41.67
21.470385 41.67
21.533884 41.67
21.588759 41.67
21.642010 41.67
21.712387 41.67
21.767387 41.67
21.822388 41.67
21.867886 41.67
21.917262 41.67
21.977389 41.67
22.032390 41.67
22.090764 41.67
22.144014 41.67
22.214392 41.67
22.259895 41.67
22.310515 41.67
22.374015 41.67
22.445900 41.67
22.541900 41.11
22.592519 41.67
22.651019 41.11
22.719901 41.67
22.788900 41.67
22.861411 41.11
22.925413 41.67
23.002900 41.11
23.066902 41.67
23.139523 41.67
23.203413 41.67
23.269173 41.11
23.327907 41.67
23.400414 41.11
23.464417 41.67
23.541904 41.67
23.600906 41.67
23.664905 41.67
23.728905 41.11
23.792905 41.11
23.851778 41.11
23.910419 41.11
23.969178 41.11
24.027910 41.11
24.081780 41.11
24.145908 41.11
24.204782 41.11
24.258174 41.11
24.316908 41.11
24.380909 41.11
24.444909 41.11
24.508910 41.11
24.572910 41.11
24.627784 41.11
24.683660 41.11
24.734536 41.11
24.785425 41.11
24.859912 41.11
24.914943 41.11
24.969788 41.11
25.020538 41.11
25.079426 41.11
25.135429 41.11
25.195415 41.11
25.258916 41.11
25.322919 41.11
25.372790 41.11
25.432416 41.11
25.496542 41.11
25.555431 41.11
25.615418 41.11
25.684433 41.11
25.750068 41.11
25.808793 41.11
25.874068 41.11
25.937921 41.11
25.996948 41.11
26.060922 41.11
26.124796 41.11
26.190072 41.11
26.248672 41.11
26.301924 41.11
26.375673 41.11
26.428924 41.11
26.502674 41.11
26.557549 41.11
26.617549 41.11
26.677550 41.11
26.737550 41.11
26.797551 41.11
26.857552 41.11
26.917552 41.11
26.977552 41.11
27.037553 41.11
27.101053 41.11
27.169679 41.11
27.224179 41.11
27.275555 41.11
27.339056 41.11
27.399182 41.11
27.453681 41.11
27.512056 41.11
27.572183 41.11
27.617683 41.11
27.668308 41.11
27.731809 41.11
27.805559 41.11
27.858810 41.11
27.932560 41.11
27.985811 41.11
28.059561 41.11
28.112812 41.11
28.186562 41.11
28.239813 41.11
28.313564 41.11
28.366814 41.11
28.440564 41.11
28.493814 41.11
28.567566 41.11
28.620815 41.11
28.694566 41.11
28.747817 41.11
28.821567 41.11
28.874818 41.11
28.948568 41.11
29.001824 41.11
29.075569 41.11
29.128820 41.11
29.202570 41.11
29.257571 41.11
29.310821 41.11
29.384572 41.11
29.437822 41.11
29.511573 41.11
29.566449 41.11
29.624823 41.11
29.698575 41.11
29.753450 41.11
29.813451 41.11
29.873451 41.11
29.926701 41.11
29.997078 41.11
30.052079 41.11
30.106578 41.11
30.161453 41.11
30.214703 41.11
30.285081 41.11
30.330580 41.11
30.379956 41.11
30.440082 41.11
30.485581 41.11
30.534957 41.11
30.595083 41.11
30.640581 41.11
30.691208 41.11
30.754708 41.11
30.828459 41.11
30.881708 41.11
30.955460 41.11
31.008710 41.11
31.082461 41.11
31.135711 41.11
31.209462 41.11
31.262712 41.11
31.336462 41.11
31.389715 41.11
31.463464 41.11
31.516714 41.11
31.590465 41.11
31.655841 41.11
31.724466 41.11
31.779467 41.11
31.832717 41.11
31.906467 41.11
31.961468 41.11
32.016469 41.11
32.069719 41.11
32.143469 41.11
32.198345 41.11
32.258346 41.11
32.318346 41.11
32.378347 41.11
32.438347 41.11
32.501847 41.11
32.570473 41.11
32.625349 41.11
32.688849 41.11
32.757475 41.11
32.812350 41.11
32.875850 41.11
32.935978 41.11
32.990476 41.11
33.048852 41.11
33.112477 41.11
33.161852 41.11
33.221979 41.11
33.267478 41.11
33.316853 41.11
33.376980 41.11
33.431480 41.11
33.482105 41.11
33.545606 41.11
33.619356 41.11
33.672606 41.11
33.746357 41.11
33.799607 41.11
33.873358 41.11
33.926608 41.11
34.000359 41.11
34.053610 41.11
34.122360 41.11
34.175611 41.11
34.249361 41.11
34.302611 41.11
34.376362 41.11
34.429612 41.11
34.503363 41.11
34.556613 41.11
34.630365 41.11
34.683614 41.11
34.752365 41.11
34.805616 41.11
34.879366 41.11
34.934367 41.11
34.989242 41.11
35.049243 41.11
35.112868 41.11
35.162618 41.11
35.236369 41.11
35.291245 41.11
35.351244 41.11
35.411245 41.11
35.471246 41.11
35.531246 41.11
35.591247 41.11
35.651247 41.11
35.714873 41.11
35.769748 41.11
35.829875 41.11
35.884875 41.11
35.939876 41.11
35.998375 41.11
36.047750 41.11
36.107878 41.11
36.166376 41.11
36.215752 41.11
36.275879 41.11
36.321378 41.11
36.370753 41.11
36.434254 41.11
36.487504 41.11
36.561256 41.11
36.619755 41.11
36.683256 41.11
36.736506 41.11
36.810256 41.11
36.863507 41.11
36.937258 41.11
36.990508 41.11
37.064259 41.11
37.117509 41.11
37.191260 41.11
37.249760 41.11
37.313261 41.11
37.366511 41.11
37.440262 41.11
37.493512 41.11
37.567263 41.11
37.622278 41.11
37.677281 41.11
37.733640 41.11
37.815898 41.11
37.898531 41.11
37.967532 41.11
38.036532 41.11
38.100408 41.11
38.169407 41.11
38.241768 41.11
38.296769 41.11
38.348171 41.11
38.406770 41.11
38.470771 41.11
38.531171 41.11
38.589772 41.11
38.658772 41.11
38.722773 41.11
38.786773 41.11
38.850774 41.11
38.914774 41.11
38.997416 41.11
39.061416 41.11
39.125415 41.11
39.189418 41.11
39.261905 41.11
39.320778 41.11
39.403420 41.11
39.467419 41.11
39.531418 41.11
39.595421 41.11
39.654420 41.11
39.718423 41.11
39.782422 41.11
39.846421 41.11
39.910422 41.11
39.969424 41.11
40.033424 41.11
40.097424 41.11
40.161424 41.11
40.225425 41.11
40.284426 41.11
40.348424 41.11
40.412426 41.11
40.476429 41.11
40.550428 41.11
40.607065 41.11
40.660788 41.11
40.724789 41.11
40.788789 41.11
40.852790 41.11
40.926791 41.11
40.990791 41.11
41.054791 41.11
41.113542 41.11
41.167181 41.11
41.217793 41.11
41.281418 41.11
41.341419 41.11
41.406676 41.11
41.452184 41.11
41.511795 41.11
41.575420 41.11
41.640678 41.11
41.695422 41.11
41.760679 41.11
41.824423 41.11
41.889679 41.11
41.935188 41.11
42.009075 41.11
42.083076 41.11
42.136550 41.11
42.186189 41.11
42.249801 41.11
42.308441 41.11
42.377078 41.11
42.430552 41.11
42.480194 41.11
42.544195 41.11
42.618079 41.11
42.692080 41.11
42.745555 41.11
42.804431 41.11
42.873080 41.11
42.926557 41.11
42.980199 41.11
43.045446 41.11
43.114085 41.11
43.167558 41.11
43.221200 41.11
43.286435 41.11
43.355087 41.11
43.408561 41.11
43.470452 41.11
43.539085 41.11
43.592562 41.11
43.653078 41.11
43.706563 41.11
43.775202 41.11
43.849065 41.11
43.905565 41.11
43.964440 41.11
44.024568 41.11
44.070205 41.11
44.135568 41.11
44.181205 41.11
44.255068 41.11
44.308567 41.11
44.382443 41.11
44.446069 41.11
44.501945 41.11
44.554571 41.11
44.600211 41.11
44.670572 41.11
44.716215 41.11
44.786573 41.11
44.832210 41.11
44.902573 41.11
44.948212 41.11
45.021976 41.11
45.096074 41.11
45.164977 41.11
45.238975 41.11
45.312975 41.11
45.382076 41.11
45.455969 41.11
45.524956 41.11
45.598954 41.11
45.673079 41.11
45.746955 41.11
45.816080 41.11
45.884956 41.11
45.953957 41.11
46.023098 41.11
46.091961 41.11
46.161098 41.11
46.234960 41.11
46.298960 41.11
46.362961 41.11
46.421962 41.11
46.485962 41.11
46.549962 41.11
46.613963 41.11
46.677964 41.11
46.741964 41.11
46.802464 41.11
46.856965 41.11
46.920965 41.11
46.984965 41.11
47.048992 41.11
47.107966 41.11
47.171967 41.11
47.235968 41.11
47.299968 41.11
47.363968 41.11
47.418968 41.11
47.482969 41.11
47.546969 41.11
47.610972 41.11
47.674971 41.11
47.725594 41.11
47.794486 41.11
47.858487 41.11
47.922488 41.11
47.978597 41.11
48.037486 41.11
48.101490 41.11
48.165487 41.11
48.229490 41.11
48.293476 41.11
48.357476 41.11
48.421494 41.11
48.485492 41.11
48.549477 41.11
48.610547 41.11
48.670254 41.67
48.729482 41.67
48.799011 41.67
48.858010 41.67
48.917128 41.67
48.971016 41.67
49.035013 41.67
49.094010 41.67
49.158010 41.67
49.222611 41.67
49.276484 41.67
49.335484 41.67
49.405015 41.67
49.460015 41.67
49.526262 41.67
49.585614 41.67
49.650022 41.67
49.714380 41.67
49.775406 41.67
49.845619 41.67
49.905028 41.67
49.964023 41.67
50.024382 41.67
50.084618 41.67
50.135617 41.67
50.186617 41.67
50.237616 41.67
50.292492 41.67
50.353005 41.67
50.423266 41.67
50.469034 41.67
50.524029 42.22
50.587869 42.22
50.652268 42.22
50.717269 42.22
50.776499 42.22
50.851026 42.22
50.905871 42.22
50.962282 42.22
51.023628 42.22
51.077004 42.22
51.136031 42.22
51.195027 42.22
51.261429 42.22
51.331002 42.22
51.390029 42.22
51.449030 42.22
51.502876 42.22
51.567176 42.22
51.621396 42.22
51.695878 42.22
51.754878 42.22
51.813884 42.22
51.878275 42.22
51.938881 42.78
51.998032 42.78
52.061880 42.22
52.126401 42.78
52.191009 42.78
52.251289 42.78
52.309882 42.78
52.380289 42.78
52.434405 42.78
52.498301 42.78
52.556885 42.78
52.622290 42.78
52.680885 42.78
52.750017 42.78
52.809534 42.78
52.874524 42.78
52.939410 42.78
52.995904 42.78
53.051176 42.78
53.112536 42.78
53.177529 42.78
53.247914 42.78
53.319774 42.78
53.381347 42.78
53.436780 42.78
53.503328 42.78
53.563094 42.78
53.627392 42.78
53.693112 42.78
53.754323 43.33
53.814070 42.78
53.873905 43.33
53.938915 43.33
53.998778 43.33
54.058312 43.33
54.133067 43.33
54.186901 43.33
54.246100 43.33
54.305906 43.33
54.365414 43.33
54.429775 43.33
54.488775 43.33
54.552775 43.33
54.626776 43.33
54.690776 43.33
54.754652 43.33
54.818777 43.33
54.877777 43.33
54.948183 43.33
55.001779 43.33
55.070779 43.33
55.134655 43.33
55.205184 43.33
55.269196 43.33
55.338911 43.33
55.388910 43.33
55.444183 43.33
55.499159 43.33
55.557783 43.33
55.631783 43.33
55.702186 43.33
55.747659 43.33
55.797035 43.33
55.860536 43.33
55.913786 43.33
55.977538 43.33
56.030920 43.33
56.099539 43.33
56.163914 43.33
56.222789 43.33
56.291539 43.33
56.350795 43.33
56.414539 43.33
56.484052 43.33
56.542794 43.33
56.606668 43.33
56.670667 43.33
56.734167 43.33
56.798043 43.33
56.861935 43.33
56.925544 43.33
56.999545 43.33
57.073671 43.33
57.142671 43.33
57.206797 43.33
57.265547 43.33
57.329798 43.33
57.388549 43.33
57.453955 43.33
57.512674 43.33
57.583068 43.33
57.641801 43.33
57.695801 43.33
57.754554 43.33
57.819304 43.33
57.873304 43.33
57.931802 43.33
57.996679 43.33
58.055809 43.33
58.116083 43.33
58.170680 43.33
58.239555 43.33
58.313556 43.33
58.369556 43.33
58.440078 43.33
58.498682 43.33
58.567557 43.33
58.618321 43.33
58.676961 43.33
58.735684 42.78
58.804561 42.78
58.855189 42.78
58.918688 42.78
58.992438 42.78
59.045689 42.78
59.119440 42.78
59.172688 42.78
59.241688 42.78
59.310688 42.78
59.379564 42.78
59.448564 42.78
59.517574 42.78
59.582821 42.78
59.651446 42.78
59.704694 42.78
59.778445 42.78
59.831695 42.78
59.900568 42.78
59.964695 42.78
60.038570 42.78
60.112570 42.78
60.186696 42.78
60.255707 42.78
60.314572 42.78
60.383697 42.78
60.447448 42.78
60.516340 42.78
60.569699 42.78
60.633340 42.78
60.686700 42.78
60.751954 42.78
60.806956 42.78
60.861955 42.78
60.916957 42.78
60.971956 42.78
61.030703 42.78
61.094705 42.78
61.158472 42.78
61.222454 42.78
61.291579 42.78
61.360708 42.78
61.420140 42.78
61.489584 42.78
61.553581 42.78
61.622583 42.78
61.696583 42.78
61.765458 42.78
61.829460 42.78
61.898459 42.78
61.967460 42.78
62.041335 42.78
62.094711 42.78
62.163462 42.78
62.232340 42.78
62.285590 42.78
62.359341 42.78
62.412592 42.78
62.486343 42.78
62.539591 42.78
62.608715 42.78
62.672591 42.78
62.736466 42.78
62.800592 42.22
62.869468 42.78
62.933467 42.78
63.007361 42.22
63.076594 42.78
63.145594 42.78
63.209470 42.78
63.283600 42.22
63.337474 42.22
63.401597 42.78
63.470597 42.22
63.534473 42.78
63.593113 42.22
63.653855 42.22
63.712474 42.22
63.776350 42.22
63.845600 42.22
63.904476 42.22
63.964880 42.78
64.010601 42.78
64.069369 42.22
64.120007 42.78
64.184007 42.22
64.237478 42.22
64.301604 42.22
64.365605 42.78
64.429372 42.22
64.498605 42.22
64.557248 42.22
64.610481 42.22
64.679607 42.78
64.738261 42.22
64.807608 42.22
64.866501 42.78
64.930609 42.22
64.989499 42.22
65.053610 42.78
65.122614 42.22
65.181487 42.22
65.245379 42.22
65.314612 42.22
65.373488 42.22
65.437363 42.22
65.501494 42.22
65.570381 42.22
65.635614 42.22
65.694615 42.22
65.753365 42.22
65.822622 42.22
65.876495 42.22
65.940618 42.22
65.999384 42.22
66.068618 42.22
66.127510 42.22
66.191508 42.22
66.252746 42.22
66.306022 42.22
66.371773 42.22
66.426388 42.22
66.486774 42.22
66.541388 42.22
66.610394 42.22
66.675782 42.22
66.721248 42.22
66.770623 42.22
66.830750 42.22
66.876394 42.22
66.940635 42.22
67.010523 42.22
67.064395 42.22
67.134784 42.22
67.180392 42.22
67.249144 42.22
67.313147 42.22
67.366386 42.22
67.435129 42.22
67.489879 42.22
67.548520 42.22
67.612272 42.22
67.681521 42.22
67.740642 42.22
67.804134 42.22
67.857385 42.22
67.931135 42.22
67.984387 42.22
68.058291 42.22
68.127276 42.22
68.190760 42.22
68.254386 42.22
68.323136 42.22
68.376403 42.22
68.440411 42.22
68.496176 42.22
68.560281 42.22
68.625514 42.22
68.689157 42.22
68.744169 42.22
68.813517 42.22
68.882160 42.22
68.937017 42.22
69.000767 42.22
69.069767 42.22
69.133284 42.22
69.191899 42.22
69.250650 42.22
69.296518 42.22
69.350163 42.22
69.424175 42.22
69.494675 42.22
69.550056 42.22
69.600772 42.22
69.664415 42.22
69.733163 42.22
69.803678 42.22
69.849177 42.22
69.908149 42.22
69.967775 42.22
70.036525 42.22
70.100055 42.22
70.158527 42.22
70.222027 42.22
70.291026 42.22
70.358152 42.22
70.432053 42.22
70.485419 42.22
70.554054 42.22
70.607530 42.22
70.661185 42.22
70.735185 42.22
70.799173 42.22
70.868060 42.22
70.942164 42.22
71.011033 42.22
71.064533 42.22
71.128188 42.22
71.193534 42.22
71.255427 42.22
71.319423 42.22
71.375054 42.22
71.428536 42.22
71.490537 42.22
71.561053 42.22
71.619537 42.22
71.674796 42.22
71.734309 42.22
71.798193 42.22
71.867306 42.22
71.931305 42.22
71.995307 42.22
72.065176 42.22
72.131172 42.22
72.195311 42.22
72.249062 42.22
72.313311 42.22
72.373550 42.22
72.419315 42.22
72.478672 42.22
72.537546 42.22
72.596546 42.22
72.655421 42.22
72.709077 42.22
72.778458 42.22
72.848803 42.22
72.913084 42.22
72.972317 42.22
73.035952 42.22
73.100067 42.22
73.169678 42.22
73.228970 42.22
73.288068 42.22
73.352553 42.22
73.421318 42.22
73.489956 42.22
73.563954 42.22
73.617429 42.22
73.686069 42.22
73.750352 42.22
73.809430 42.22
73.863056 42.22
73.936963 42.22
74.010961 42.22
74.084933 42.22
74.139934 42.22
74.194934 42.22
74.248309 42.22
74.311964 42.22
74.380936 42.22
74.434436 42.22
74.484561 42.22
74.553436 42.22
74.603437 42.22
74.653437 42.22
74.703438 42.22
74.753437 42.22
74.806469 42.22
74.867500 42.22
74.923483 42.22
74.982440 42.22
75.034468 42.22
75.084095 42.22
75.152970 42.22
75.221970 42.22
75.271442 42.22
75.335443 42.22
75.399443 42.22
75.468068 42.22
75.541975 42.22
75.597980 42.22
75.661971 42.22
75.717820 42.22
75.776708 42.22
75.830071 42.22
75.898821 42.22
75.954822 42.22
76.010822 42.22
76.079975 42.22
76.148979 42.22
76.208248 42.22
76.258075 42.22
76.322452 42.22
76.391080 42.22
76.459981 42.22
76.533827 42.22
76.599828 42.22
76.668828 42.22
76.737981 42.22
76.796970 42.22
76.856083 42.22
76.920121 42.22
76.981503 42.22
77.035476 42.22
77.099332 42.22
77.159962 42.22
77.219461 42.22
77.283210 42.22
77.351984 42.22
77.415987 42.22
77.484990 42.22
77.553836 42.22
77.614719 42.22
77.674710 42.22
77.727962 42.22
77.798339 42.22
77.853364 42.22
77.907837 42.22
77.966479 42.22
78.030354 42.22
78.100137 42.22
78.153842 42.22
78.212841 42.22
78.271841 42.22
78.335841 42.22
78.399842 42.22
78.463843 42.22
78.522843 42.22
78.587362 42.22
78.651367 42.22
78.721844 42.22
78.785849 42.22
78.845007 42.22
78.913846 42.22
78.978002 42.22
79.042001 42.22
79.101098 42.22
79.169849 42.22
79.233849 42.22
79.307852 42.22
79.377350 42.22
79.446850 42.22
79.505853 42.22
79.569851 42.22
79.628852 42.22
79.692730 42.22
79.761853 42.22
79.820864 42.22
79.884855 42.22
79.954371 42.22
80.018355 42.22
80.092733 42.22
80.147735 42.22
80.212382 42.22
80.282390 42.22
80.362136 42.22
80.426