0.000000 0.000000
0.047034 3.33
0.112012 2.66
0.177123 2.66
0.238526 2.66
0.288370 2.66
0.352243 2.66
0.411011 2.66
0.469759 2.66
0.523370 2.66
0.592120 2.66
0.647371 2.66
0.711694 2.66
0.771544 2.66
0.827681 2.66
0.898144 2.66
0.973668 4.34
1.033017 4.34
1.091890 4.34
1.155890 4.34
1.219890 4.34
1.283890 4.34
1.347768 4.34
1.407830 4.34
1.478009 4.34
1.547896 4.34
1.611897 4.34
1.675893 4.34
1.739895 4.34
1.803895 4.34
1.867898 4.34
1.931896 4.34
2.000535 4.34
2.054257 4.34
2.128134 4.34
2.186901 4.34
2.250898 4.34
2.314900 4.34
2.378899 4.34
2.442901 4.34
2.506900 4.34
2.570777 4.34
2.620903 4.34
2.684903 4.34
2.745144 4.34
2.804014 4.34
2.864146 4.34
2.923140 4.34
2.977778 4.34
3.033015 4.34
3.088391 4.34
3.157017 4.34
3.212392 4.34
3.281018 4.34
3.328393 4.34
3.397018 4.34
3.448394 4.34
3.517270 4.34
3.568037 4.34
3.615395 4.34
3.684020 4.34
3.731396 4.34
3.790022 4.34
3.837397 4.34
3.896273 4.68
3.947038 4.34
4.003041 4.34
4.072274 4.34
4.141150 4.34
4.205025 4.34
4.279276 4.34
4.348026 4.34
4.417276 4.34
4.476027 4.34
4.540277 4.34
4.604278 4.34
4.678029 4.34
4.747154 4.34
4.821280 4.34
4.880031 4.34
4.949156 4.34
5.018032 4.34
5.087033 4.34
5.151157 4.34
5.220033 4.34
5.284034 4.34
5.358034 4.34
5.422035 4.34
5.491161 4.34
5.550036 4.34
5.614037 4.34
5.678037 4.34
5.742037 4.34
5.806038 4.34
5.870038 4.34
5.934039 4.34
5.998055 4.34
6.062040 4.34
6.126165 4.34
6.190041 4.34
6.254166 4.34
6.313058 4.34
6.377058 4.34
6.441043 4.68
6.505044 4.34
6.569059 4.68
6.633044 4.34
6.697058 4.34
6.761046 4.34
6.825060 4.68
6.889046 4.68
6.953047 4.34
7.022048 4.34
7.090937 4.34
7.154549 4.34
7.213049 4.34
7.281940 4.34
7.345550 4.34
7.404051 4.34
7.477943 4.34
7.541552 4.34
7.606950 4.34
7.684053 4.68
7.758053 4.68
7.831946 4.34
7.916082 4.34
7.974556 4.34
8.039946 4.34
8.119083 4.34
8.173957 4.34
8.228959 4.34
8.283959 4.34
8.338962 4.34
8.392184 4.34
8.455950 4.34
8.524948 4.34
8.598962 4.34
8.657440 4.34
8.721440 4.34
8.785441 4.34
8.857952 4.34
8.922063 4.34
8.980955 4.34
9.044953 4.34
9.109064 4.34
9.177717 4.34
9.236445 4.34
9.300445 4.34
9.360717 4.34
9.415719 4.34
9.474446 4.34
9.538445 4.34
9.598719 4.34
9.657593 4.34
9.721445 4.34
9.785446 4.34
9.849446 4.34
9.913597 4.34
9.977450 4.34
10.041448 4.34
10.105448 4.34
10.169449 4.34
10.233450 4.34
10.297449 4.34
10.361450 4.34
10.425486 4.34
10.489485 4.34
10.553602 4.34
10.622453 4.34
10.686453 4.34
10.755968 4.34
10.819954 4.34
10.883967 4.34
10.942954 4.34
11.006955 4.34
11.070956 4.34
11.140081 4.34
11.198971 4.34
11.257972 4.34
11.321974 4.34
11.385973 4.34
11.460460 4.34
11.519334 4.34
11.572976 4.34
11.636977 4.34
11.700978 4.34
11.764977 4.34
11.825086 4.34
11.894463 4.34
11.949338 4.34
12.002979 4.34
12.062963 4.34
12.113615 4.34
12.168616 4.34
12.232466 4.34
12.292614 4.34
12.352614 4.34
12.416468 4.34
12.472616 4.34
12.541735 4.34
12.597619 4.34
12.648617 4.34
12.709218 4.34
12.767986 4.34
12.831969 4.34
12.882746 4.34
12.956986 4.34
13.031221 4.34
13.084987 4.34
13.148972 4.34
13.212988 4.34
13.282487 4.34
13.356739 4.34
13.427224 4.34
13.480988 4.34
13.539741 4.34
13.598351 4.34
13.657351 4.34
13.717868 4.34
13.791744 4.34
13.860744 4.34
13.934631 4.34
13.989993 4.34
14.053870 4.34
14.127631 4.34
14.193230 4.34
14.246747 4.34
14.315747 4.34
14.389607 4.34
14.440998 4.34
14.509608 4.34
14.564983 4.34
14.633609 4.34
14.680984 4.34
14.749611 4.34
14.797001 4.34
14.865610 4.34
14.913002 4.34
14.981611 4.34
15.029003 4.34
15.097613 4.34
15.162613 4.34
15.218489 4.34
15.277239 4.34
15.330754 4.34
15.386491 4.34
15.445241 4.34
15.498757 4.34
15.572617 4.34
15.646617 4.34
15.720617 4.34
15.791118 4.34
15.850008 4.34
15.914010 4.34
15.978010 4.34
16.042010 4.34
16.105996 4.34
16.169997 4.34
16.233622 4.34
16.307636 4.34
16.371640 4.34
16.435525 4.34
16.500999 4.34
16.554524 4.34
16.621651 4.34
16.690529 4.34
16.752651 4.34
16.821643 4.34
16.895529 4.34
16.956003 4.34
17.009520 4.34
17.060769 4.34
17.129520 4.34
17.180894 4.34
17.249520 4.34
17.300771 4.34
17.369524 4.34
17.416770 4.34
17.480646 4.34
17.554649 4.34
17.618648 4.34
17.692524 4.34
17.754134 4.34
17.799776 4.34
17.868776 4.34
17.932652 4.34
17.996652 4.34
18.065651 4.34
18.139652 4.34
18.208655 4.34
18.282653 4.34
18.352028 4.68
18.410654 4.34
18.484515 4.34
18.553654 4.34
18.627657 4.34
18.696518 4.34
18.770518 4.34
18.844518 4.34
18.913520 4.34
18.977659 4.34
19.046521 4.34
19.120521 4.34
19.194522 4.34
19.268522 4.34
19.342786 4.34
19.406664 4.34
19.480524 4.34
19.554663 4.34
19.618663 4.34
19.692552 4.34
19.766552 4.34
19.840527 4.34
19.909678 4.34
19.973402 4.34
20.033793 4.34
20.097529 4.34
20.161529 4.34
20.230679 4.34
20.294405 4.34
20.356405 4.34
20.422155 4.34
20.486032 4.34
20.541282 4.34
20.601407 4.34
20.667158 4.34
20.736158 4.34
20.794799 4.34
20.858536 4.34
20.918800 4.34
20.977536 4.34
21.041802 4.34
21.100538 4.34
21.164411 4.34
21.233538 4.34
21.302805 4.34
21.366801 4.34
21.430540 4.34
21.494815 4.34
21.558541 4.34
21.622806 4.34
21.686807 4.34
21.750808 4.34
21.816545 4.34
21.880684 4.34
21.944545 4.34
22.008545 4.34
22.072695 4.34
22.136419 4.34
22.194920 4.34
22.258420 4.34
22.332421 4.34
22.401422 4.34
22.470571 4.34
22.534423 4.34
22.603423 4.34
22.672424 4.34
22.741299 4.34
22.788550 4.34
22.852300 4.34
22.899551 4.34
22.950176 4.34
23.008690 4.34
23.072427 4.34
23.136302 4.34
23.183553 4.34
23.247303 4.34
23.294554 4.34
23.366705 4.34
23.430437 4.34
23.499439 4.34
23.563306 4.34
23.619705 4.34
23.683439 4.34
23.752439 4.34
23.821440 4.34
23.885309 4.68
23.954309 4.34
24.037060 4.34
24.095712 4.34
24.154440 4.34
24.218586 4.34
24.277312 4.34
24.346441 4.34
24.410442 4.34
24.479590 4.34
24.543445 4.34
24.607588 4.34
24.671445 4.34
24.735445 4.34
24.799445 4.34
24.858316 4.34
24.927593 4.34
24.991446 4.34
25.055593 4.34
25.119445 4.34
25.183445 4.34
25.247596 4.34
25.306320 4.34
25.362071 4.34
25.418071 4.34
25.479722 4.34
25.533322 4.34
25.597322 4.34
25.661453 4.34
25.720323 4.34
25.779324 4.34
25.838324 4.34
25.897325 4.34
25.956325 4.34
26.015325 4.34
26.074452 4.34
26.133326 4.34
26.197327 4.34
26.261328 4.34
26.335328 4.34
26.399329 4.34
26.463330 4.34
26.527330 4.34
26.591330 4.34
26.655457 4.34
26.714332 4.34
26.778332 4.34
26.842333 4.34
26.906333 4.34
26.970460 4.34
27.029334 4.34
27.093335 4.34
27.157335 4.34
27.221335 4.34
27.285462 4.34
27.344337 4.34
27.413337 4.34
27.482337 4.34
27.546213 4.34
27.615214 4.34
27.684489 4.34
27.743339 4.34
27.807339 4.34
27.871341 4.34
27.935341 4.34
27.999483 4.34
28.058342 4.34
28.122342 4.34
28.186343 4.34
28.245344 4.34
28.309219 4.34
28.379621 4.34
28.438221 4.34
28.508620 4.34
28.567096 4.34
28.614347 4.34
28.664972 4.34
28.728491 4.34
28.787098 4.34
28.834348 4.34
28.884974 4.34
28.948475 4.34
29.012100 4.34
29.077350 4.34
29.127976 4.34
29.191477 4.34
29.255102 4.34
29.319977 4.34
29.383479 4.34
29.447103 4.34
29.505744 4.34
29.559355 4.34
29.613980 4.34
29.682746 4.34
29.736355 4.68
29.800106 4.34
29.858747 4.34
29.908357 4.34
29.971983 4.34
30.035483 4.34
30.099108 4.34
30.157751 4.34
30.211485 4.34
30.275110 4.34
30.333751 4.34
30.387361 4.34
30.452612 4.34
30.511112 4.34
30.569753 4.34
30.631613 4.34
30.695113 4.34
30.753755 4.34
30.803753 4.34
30.858990 4.34
30.924135 4.34
30.977757 4.34
31.023756 4.34
31.073757 4.34
31.123758 4.34
31.192367 4.34
31.255993 4.34
31.311369 4.34
31.379994 4.34
31.435369 4.34
31.504120 4.34
31.572996 4.34
31.624370 4.34
31.693121 4.34
31.756998 4.34
31.813013 4.34
31.869014 4.34
31.916373 4.34
31.980249 4.34
32.044249 4.34
32.113000 4.34
32.177250 4.34
32.246250 4.34
32.315002 4.34
32.389002 4.34
32.447628 4.34
32.501252 4.34
32.564879 4.34
32.628652 4.34
32.682020 4.34
32.756130 4.34
32.830022 4.34
32.899131 4.34
32.968132 4.34
33.037132 4.34
33.106009 4.34
33.180008 4.34
33.254009 4.34
33.323010 4.34
33.397010 4.34
33.471010 4.34
33.540011 4.34
33.614012 4.34
33.678028 4.34
33.742028 4.34
33.806029 4.34
33.870028 4.34
33.934015 4.34
33.998015 4.34
34.062140 4.34
34.126031 4.34
34.190032 4.34
34.254031 4.34
34.318033 4.34
34.382018 4.34
34.446019 4.34
34.510035 4.34
34.574037 4.34
34.638036 4.34
34.702020 4.34
34.766037 4.34
34.830021 4.34
34.894022 4.34
34.958039 4.34
35.022039 4.34
35.086024 4.34
35.150038 4.34
35.214025 4.34
35.278025 4.34
35.342041 4.34
35.406041 4.34
35.470041 4.34
35.534028 4.34
35.598044 4.34
35.662029 4.34
35.726029 4.34
35.790029 4.34
35.854029 4.34
35.918030 4.34
35.982046 4.34
36.046031 4.34
36.110033 4.34
36.179561 4.34
36.243561 4.34
36.307560 4.34
36.371561 4.34
36.436048 4.34
36.500051 4.34
36.564051 4.34
36.628052 4.34
36.697562 4.34
36.761564 4.34
36.825566 4.34
36.884414 4.34
36.948566 4.34
37.007557 4.34
37.066415 4.34
37.135555 4.34
37.191690 4.34
37.251693 4.34
37.315558 4.34
37.379557 4.34
37.435693 4.34
37.499561 4.34
37.564044 4.34
37.628060 4.34
37.692044 4.34
37.752045 4.34
37.802695 4.34
37.866547 4.34
37.922697 4.34
37.981562 4.34
38.050939 4.34
38.106697 4.34
38.170424 4.34
38.228939 4.34
38.302940 4.34
38.376940 4.34
38.450940 4.34
38.524942 4.34
38.601941 4.34
38.675942 4.34
38.744819 4.34
38.804929 4.34
38.868818 4.34
38.932438 4.34
38.992821 4.34
39.052807 4.34
39.107807 4.34
39.162807 4.34
39.221307 4.34
39.274823 4.34
39.352059 4.34
39.415822 4.34
39.484825 4.34
39.562438 4.34
39.622587 4.34
39.677588 4.34
39.731311 4.34
39.780953 4.34
39.849714 4.34
39.900954 4.34
39.965063 4.34
40.020063 4.34
40.074954 4.34
40.143714 4.34
40.203591 4.34
40.254591 4.34
40.305589 4.34
40.356594 4.34
40.407592 4.34
40.467956 4.34
40.528084 4.34
40.583069 4.34
40.637958 4.34
40.710069 4.34
40.764961 4.34
40.815596 4.34
40.866600 4.34
40.917598 4.34
40.974196 4.34
41.032964 4.34
41.098197 4.34
41.156962 4.34
41.222198 4.34
41.280839 4.34
41.351199 4.34
41.409967 4.34
41.478601 4.34
41.533828 4.34
41.587326 4.34
41.647716 4.34
41.706327 4.34
41.766717 4.34
41.825328 4.34
41.890604 4.34
41.955954 4.34
42.024845 4.34
42.088970 4.34
42.157720 4.34
42.216332 4.34
42.285082 4.34
42.338723 4.34
42.397333 4.34
42.465958 4.34
42.534608 4.34
42.590460 4.34
42.649210 4.34
42.698976 4.34
42.767612 4.34
42.822336 4.34
42.890962 4.34
42.959610 4.34
43.015464 4.34
43.074213 4.34
43.127729 4.34
43.183465 4.34
43.242214 4.34
43.295729 4.34
43.351466 4.34
43.410216 4.34
43.463733 4.34
43.519468 4.34
43.578217 4.34
43.631720 4.34
43.705618 4.34
43.761470 4.34
43.827094 4.34
43.885986 4.34
43.949984 4.34
44.015748 4.34
44.081096 4.34
44.139988 4.34
44.205747 4.34
44.274624 4.34
44.343624 4.34
44.414099 4.34
44.472993 4.34
44.526616 4.34
44.595625 4.34
44.654615 4.34
44.718636 4.34
44.792502 4.34
44.852993 4.34
44.906620 4.68
44.980494 4.34
45.040979 4.34
45.094496 4.34
45.145744 4.34
45.209620 4.34
45.283619 4.34
45.352499 4.34
45.399997 4.34
45.463499 4.34
45.515000 4.34
45.578499 4.34
45.629749 4.34
45.693500 4.34
45.767502 4.34
45.814876 4.34
45.878503 4.34
45.952501 4.34
46.026505 4.34
46.100488 4.34
46.160989 4.34
46.224614 4.34
46.293490 4.34
46.367491 4.34
46.441491 4.34
46.515492 4.34
46.589492 4.34
46.663493 4.34
46.737494 4.34
46.806494 4.34
46.875495 4.34
46.949495 4.34
47.018620 4.34
47.092497 4.34
47.161497 4.34
47.235622 4.34
47.309499 4.34
47.384123 4.34
47.448123 4.34
47.508641 4.34
47.577501 4.68
47.637500 6.36
47.697500 6.36
47.757501 6.36
47.817502 6.36
47.877502 6.36
47.947385 6.36
48.004383 6.68
48.059538 6.68
48.118533 6.68
48.182380 6.68
48.242898 6.68
48.301661 6.68
48.360381 6.68
48.422382 6.68
48.484388 7.02
48.550261 7.02
48.605385 7.02
48.667259 7.02
48.727384 7.02
48.804267 7.02
48.874264 7.02
48.938544 7.37
49.002666 7.37
49.072277 7.37
49.137267 7.37
49.196266 7.37
49.255264 7.37
49.314139 7.69
49.378269 7.69
49.437142 7.69
49.501266 7.69
49.560141 7.69
49.618908 7.69
49.672791 7.69
49.742684 7.69
49.812268 8.03
49.871269 8.03
49.935144 8.03
49.994923 8.03
50.049148 8.03
50.118553 8.03
50.182673 8.35
50.246796 8.35
50.306275 8.35
50.370553 8.35
50.429553 8.35
50.493398 8.35
50.559405 8.70
50.614689 8.70
50.668402 8.70
50.732400 8.70
50.807276 8.70
50.868803 8.70
50.919157 8.70
50.973030 8.70
51.037154 8.70
51.096154 8.70
51.151283 8.70
51.208032 9.04
51.277405 9.04
51.336405 9.04
51.400406 9.04
51.460053 9.04
51.519033 9.04
51.583158 9.36
51.642049 9.36
51.706297 9.36
51.781706 9.36
51.841055 9.36
51.900036 9.71
51.959051 9.71
52.028817 9.71
52.093542 9.71
52.157414 9.71
52.216413 9.71
52.275413 9.71
52.340178 9.71
52.399543 9.71
52.459171 10.03
52.530498 10.03
52.585050 10.03
52.660547 9.71
52.724578 10.03
52.784179 10.03
52.845174 10.03
52.906478 10.03
52.965698 10.03
53.021048 10.03
53.081472 10.03
53.150294 10.03
53.210296 10.03
53.270296 10.03
53.330299 9.71
53.389046 10.03
53.459326 10.03
53.514299 10.03
53.569300 9.71
53.624325 10.03
53.687799 10.03
53.746174 10.03
53.797551 10.03
53.866940 10.03
53.935819 10.03
53.994300 10.03
54.057820 10.03
54.116440 9.71
54.180183 10.03
54.244308 10.03
54.308436 10.03
54.372179 10.03
54.419438 10.03
54.479181 10.03
54.544821 10.03
54.603445 10.03
54.668074 10.03
54.726854 10.03
54.785183 10.03
54.854183 10.03
54.912588 10.03
54.971184 9.71
55.029962 10.03
55.099443 10.03
55.158562 10.03
55.228072 10.03
55.286812 10.03
55.345313 10.03
55.419188 10.03
55.477954 10.03
55.541954 10.03
55.605828 9.71
55.666315 10.03
55.735316 10.03
55.809321 10.03
55.868320 10.03
55.929068 10.03
55.984195 10.03
56.043103 10.03
56.107319 10.03
56.171320 10.03
56.235323 10.03
56.288845 10.03
56.358962 10.03
56.424203 10.37
56.483698 10.37
56.542323 10.03
56.601995 10.03
56.655953 10.03
56.720625 10.03
56.774623 10.03
56.839326 10.03
56.904082 10.03
56.965473 10.03
57.024837 10.03
57.094957 10.03
57.148848 10.03
57.218459 10.03
57.277203 10.03
57.346719 9.71
57.400204 9.36
57.464204 9.04
57.519959 8.35
57.583708 8.03
57.637206 7.37
57.701206 7.02
57.770207 7.02
57.844208 6.68
57.918083 7.02
57.976849 6.68
58.040460 6.68
58.109084 6.68
58.167461 6.68
58.236086 6.68
58.299728 6.68
58.353086 6.68
58.411487 6.68
58.470463 6.68
58.539087 6.68
58.599214 6.68
58.652858 6.68
58.716858 6.68
58.787091 6.36
58.836842 6.68
58.900858 6.36
58.964859 6.36
59.033859 6.36
59.092859 6.36
59.156859 6.36
59.218143 6.36
59.282632 6.36
59.329987 6.36
59.377221 6.36
59.427988 6.36
59.475345 6.36
59.533971 6.36
59.581221 6.36
59.631847 6.36
59.695347 6.36
59.763972 6.36
59.811222 6.36
59.860599 6.36
59.918973 6.36
59.971600 6.36
60.029990 6.36
60.088601 6.36
60.157601 6.36
60.211227 6.36
60.280102 6.36
60.353978 6.36
60.423228 6.36
60.482229 6.36
60.550980 6.36
60.625104 6.36
60.693872 6.36
60.747624 6.36
60.801230 6.36
60.869982 6.36
60.928607 6.36
60.982232 6.36
61.047510 6.36
61.101233 6.36
61.169984 6.36
61.238985 6.36
61.307986 6.36
61.371986 6.36
61.440987 6.36
61.509993 6.36
61.579114 6.36
61.642989 6.36
61.716880 6.36
61.772017 6.36
61.825615 6.36
61.875756 6.36
61.934993 6.36
62.003883 6.36
62.059242 6.36
62.117992 6.36
62.176618 6.36
62.235243 6.36
62.288994 6.36
62.352994 6.36
62.416995 6.36
62.485995 6.36
62.549870 6.36
62.597123 6.36
62.647887 6.36
62.695121 6.36
62.745889 6.36
62.801765 6.36
62.860527 6.36
62.924529 6.36
62.988529 6.36
63.057250 6.36
63.115875 6.36
63.171891 6.36
63.227893 6.36
63.283891 6.36
63.353254 6.36
63.411894 6.36
63.467753 6.36
63.531531 6.36
63.600532 6.36
63.669534 6.36
63.736051 6.36
63.800008 6.36
63.874132 6.36
63.937882 6.36
64.007007 6.36
64.071689 6.36
64.131139 6.36
64.190011 6.36
64.254135 6.36
64.323025 6.36
64.386885 6.36
64.451022 6.36
64.524768 6.36
64.589894 6.36
64.649894 6.36
64.709893 6.36
64.769895 6.36
64.830561 6.36
64.889393 6.36
64.948391 6.36
65.012546 6.36
65.076391 6.36
65.140391 6.36
65.205022 6.36
65.260270 6.36
65.313894 6.36
65.382911 6.36
65.447144 6.36
65.502020 6.36
65.566547 6.36
65.630556 6.36
65.694549 6.36
65.754664 6.36
65.813550 6.36
65.869647 6.36
65.928552 6.36
65.992554 6.36
66.056554 6.36
66.120554 6.36
66.184400 6.36
66.248696 6.36
66.317921 6.36
66.381920 6.36
66.445919 6.36
66.514555 6.36
66.588403 6.36
66.653028 6.36
66.711917 6.36
66.776029 6.36
66.839921 6.36
66.903920 6.36
66.967923 6.36
67.032032 6.36
67.091032 6.36
67.150033 6.36
67.209033 6.36
67.268034 6.36
67.327041 6.36
67.386035 6.36
67.445035 6.36
67.509036 6.36
67.568036 6.36
67.632162 6.36
67.685917 6.36
67.744290 6.36
67.802931 6.36
67.866914 6.36
67.925289 6.36
67.979039 6.36
68.034040 6.36
68.094818 6.36
68.159042 6.36
68.218058 6.36
68.286685 6.36
68.342573 6.36
68.402933 6.36
68.464574 6.36
68.515545 6.36
68.579043 6.36
68.647670 6.68
68.706044 6.36
68.774809 6.68
68.834425 6.36
68.903048 6.68
68.971690 6.36
69.040423 6.36
69.109048 6.36
69.167927 6.36
69.233176 6.36
69.296688 6.36
69.355050 6.36
69.423675 6.36
69.482051 6.36
69.541071 6.36
69.599679 6.36
69.658052 6.36
69.726678 6.36
69.785053 6.36
69.848697 6.36
69.912825 6.36
69.990305 6.36
70.055556 6.36
70.114181 6.36
70.172707 6.36
70.236314 6.36
70.287687 6.36
70.347689 6.36
70.407689 6.36
70.467690 6.36
70.527690 6.36
70.580938 6.36
70.635936 6.36
70.694716 6.36
70.763702 6.36
70.837592 6.36
70.911590 6.36
70.973446 6.36
71.032191 6.36
71.092315 6.36
71.150940 6.36
71.214594 6.36
71.288705 6.36
71.354467 6.36
71.413947 6.36
71.472945 6.36
71.531722 6.36
71.595722 6.36
71.669597 6.36
71.739325 6.36
71.804836 6.36
71.864599 6.36
71.938599 6.36
72.012571 6.36
72.076333 6.36
72.135331 6.36
72.210461 6.68
72.277700 6.36
72.348075 6.36
72.406840 6.36
72.472075 6.68
72.522334 6.68
72.587338 6.68
72.646960 6.68
72.701207 6.36
72.756597 6.36
72.820846 6.68
72.886607 6.36
72.955597 6.36
73.019960 6.68
73.078850 6.36
73.137598 6.68
73.207207 6.36
73.272608 6.68
73.341870 6.68
73.395833 6.36
73.464488 6.36
73.529474 6.68
73.584835 6.68
73.648479 6.36
73.723530 6.68
73.783342 6.36
73.842089 6.36
73.896963 6.36
73.955489 6.36
74.011489 6.36
74.067615 6.36
74.136467 6.68
74.183716 6.36
74.234342 6.68
74.297842 6.68
74.361469 6.36
74.419845 6.68
74.483620 6.36
74.552746 6.36
74.616469 6.36
74.691093 6.36
74.749731 6.36
74.813877 6.36
74.868350 6.36
74.926846 6.36
74.990614 6.36
75.059473 6.36
75.128474 6.36
75.203098 6.36
75.266848 6.36
75.330724 6.36
75.399601 6.36
75.473476 6.36
75.547604 6.36
75.617502 6.36
75.683559 6.36
75.742737 6.36
75.803253 6.36
75.862610 6.36
75.921739 6.68
75.986104 6.68
76.049979 6.68
76.108486 6.68
76.172485 6.68
76.242233 6.68
76.300748 6.68
76.367357 6.68
76.438108 6.68
76.497108 6.68
76.565989 6.36
76.624878 6.36
76.678363 6.36
76.740240 6.36
76.804111 6.36
76.867985 6.36
76.922987 6.36
76.983244 6.36
77.036761 6.36
77.100498 6.36
77.164539 6.36
77.228380 6.36
77.303779 6.36
77.363252 6.36
77.427536 6.36
77.486893 6.36
77.551119 6.36
77.614992 6.36
77.684243 6.36
77.742993 6.36
77.801884 6.36
77.865524 6.36
77.929370 6.36
78.003523 6.36
78.062749 6.36
78.126621 6.36
78.195371 6.36
78.264372 6.36
78.338641 6.36
78.402810 6.36
78.463252 6.36
78.528892 6.36
78.593265 6.36
78.664265 6.36
78.724642 6.36
78.783532 6.36
78.847377 6.36
78.911377 6.36
78.975504 6.36
79.034380 6.36
79.099006 6.36
79.154782 6.36
79.213535 6.36
79.272256 6.36
79.338133 6.36
79.402131 6.36
79.456023 6.36
79.520008 6.36
79.590152 6.36
79.649009 6.36
79.713134 6.36
79.771900 6.36
79.825385 6.36
79.889556 6.36
79.948265 6.36
80.013905 6.36
80.072262 6.36
80.141388 6.36
80.205559 6.36
80.269683 6.36
80.330919 6.36
80.401146 6.36
80.465391 6.36
80.524391 6.36
80.588560 6.36
80.643798 6.36
80.697662 6.36
80.756393 6.36
80.820658 6.36
80.884393 6.36
80.948547 6.36
81.017394 6.36
81.076397 6.36
81.138467 6.36
81.202521 6.36
81.271273 6.36
81.335149 6.36
81.390305 6.36
81.449149 6.36
81.500403 6.36
81.569153 6.36
81.635401 6.36
81.705152 6.36
81.765275 6.36
81.828775 6.36
81.882575 6.36
81.936402 6.36
81.995405 6.36
82.054724 6.36
82.118920 6.36
82.175029 6.36
82.233780 6.36
82.283406 6.36
82.342566 6.36
82.396532 6.36
82.450294 6.36
82.509284 6.36
82.578559 6.36
82.632450 6.36
82.696907 6.36
82.761162 6.36
82.817034 6.36
82.876037 6.36
82.939539 6.36
82.998165 6.36
83.072161 6.36
83.135802 6.36
83.189415 6.36
83.253163 6.36
83.311932 6.36
83.381163 6.36
83.440053 6.36
83.499164 6.36
83.562805 6.36
83.621292 6.36
83.685417 6.36
83.749934 6.36
83.813807 6.36
83.872917 6.36
83.937295 6.36
84.001556 6.36
84.060935 6.36
84.121177 6.36
84.185555 6.36
84.239170 6.36
84.313174 6.36
84.369049 6.36
84.427796 6.36
84.479201 6.36
84.533936 6.36
84.598173 6.36
84.662177 6.36
84.722299 6.36
84.777251 6.36
84.846176 6.36
84.915679 6.36
84.974052 6.36
85.034932 6.36
85.090179 6.36
85.150466 6.36
85.209053 6.36
85.256310 6.36
85.306930 6.68
85.370730 6.68
85.426930 6.68
85.495823 6.68
85.564438 6.68
85.628074 6.68
85.683950 6.68
85.752697 6.