0.000000 0.000000
0.052519 42.78
0.107031 42.78
0.172048 42.78
0.231509 42.78
0.290507 42.22
0.354382 42.22
0.428398 42.22
0.497382 42.22
0.566382 42.22
0.635383 42.22
0.704786 42.22
0.775051 42.22
0.841817 42.22
0.920797 42.22
0.991051 42.22
1.046279 42.22
1.101513 42.22
1.161794 42.22
1.252889 42.22
1.311389 42.22
1.380654 42.22
1.435066 42.22
1.499895 42.22
1.573893 42.22
1.632392 42.22
1.701407 42.22
1.765283 42.22
1.834518 42.22
1.893281 42.22
1.962519 42.22
2.026520 42.22
2.085520 42.22
2.149521 42.22
2.208287 42.22
2.277522 42.22
2.341522 42.22
2.405522 42.22
2.469523 42.22
2.536786 42.22
2.600923 42.22
2.678525 42.22
2.742525 42.22
2.809784 42.22
2.873925 42.22
2.951527 42.22
3.015528 42.22
3.074294 42.22
3.143529 42.22
3.202529 42.22
3.261404 42.22
3.321530 42.22
3.385295 42.22
3.454294 42.22
3.518406 42.22
3.577407 42.22
3.636407 42.22
3.690296 42.22
3.749297 42.22
3.808299 42.22
3.872409 42.22
3.931410 41.67
3.990411 41.67
4.049410 41.67
4.103303 41.67
4.167412 41.67
4.226412 41.67
4.285412 41.67
4.344304 41.67
4.418304 41.67
4.482306 41.67
4.546304 41.67
4.610305 41.67
4.674307 41.67
4.733307 41.67
4.797309 41.67
4.861309 41.67
4.925308 41.67
4.989309 41.67
5.048310 41.67
5.112311 41.67
5.176308 41.67
5.240310 41.67
5.304311 41.67
5.363313 41.67
5.427313 41.67
5.491313 41.67
5.555314 41.67
5.624315 41.67
5.688314 41.67
5.752314 41.67
5.811315 41.67
5.875316 41.67
5.939426 41.67
5.993315 41.67
6.053317 41.67
6.112319 41.67
6.172428 41.67
6.231319 41.67
6.295317 41.67
6.354068 41.67
6.408679 41.67
6.472305 41.67
6.532562 41.67
6.578071 41.67
6.628682 41.67
6.692307 41.67
6.757563 41.67
6.803073 41.67
6.862683 41.67
6.921310 41.67
6.986566 41.67
7.050310 41.67
7.115567 41.67
7.184686 41.67
7.243436 41.67
7.293328 41.67
7.352077 41.67
7.416938 41.67
7.471688 41.67
7.540563 41.67
7.604315 41.67
7.672940 41.67
7.726565 41.67
7.795316 41.67
7.854083 41.67
7.927942 41.67
7.992209 41.67
8.065943 41.67
8.130332 41.67
8.189085 41.67
8.262945 41.67
8.316570 41.67
8.386946 41.67
8.445446 41.67
8.500946 41.67
8.555697 41.67
8.614447 41.67
8.676339 41.67
8.735090 41.67
8.800338 41.67
8.859087 41.67
8.932950 41.67
8.982450 41.67
9.032576 41.67
9.102845 41.67
9.159469 41.67
9.209092 41.67
9.274468 41.67
9.324219 41.67
9.384471 41.67
9.430095 41.67
9.503968 41.67
9.556472 41.67
9.602221 41.67
9.667470 41.67
9.713097 41.67
9.778474 41.67
9.824099 41.67
9.894473 41.67
9.940097 41.67
10.008975 41.67
10.077975 41.67
10.133835 41.67
10.189836 41.67
10.258977 41.67
10.322977 41.67
10.396837 41.67
10.456979 41.67
10.530838 41.67
10.604865 41.67
10.673981 41.67
10.747841 41.67
10.821841 41.67
10.895841 41.67
10.959842 41.67
11.028981 41.67
11.097843 41.67
11.171844 41.67
11.245844 41.67
11.309996 41.67
11.383845 41.67
11.457849 41.67
11.531847 41.67
11.600847 41.67
11.664847 41.67
11.728874 41.67
11.792875 41.67
11.856877 41.67
11.920874 41.67
11.984878 41.67
12.048878 41.67
12.112877 41.67
12.176879 41.67
12.235993 41.67
12.299877 41.67
12.363880 41.67
12.427881 41.67
12.491881 41.67
12.555881 41.67
12.619996 41.67
12.683882 41.67
12.747882 41.67
12.811882 41.67
12.875883 41.67
12.939871 41.67
12.994874 41.67
13.058874 41.67
13.122876 41.67
13.186876 41.67
13.250877 41.67
13.314875 41.67
13.378878 41.67
13.442875 41.67
13.506880 41.67
13.570879 41.67
13.634880 41.67
13.698881 41.67
13.762881 41.67
13.826881 41.67
13.890882 41.67
13.954881 41.67
14.013866 41.67
14.077868 41.67
14.141868 41.67
14.205869 41.67
14.269869 41.67
14.339384 41.67
14.398994 41.67
14.462870 41.67
14.526871 41.67
14.590872 41.67
14.654872 41.67
14.718873 41.67
14.782876 41.67
14.832747 41.67
14.883373 41.67
14.942139 41.67
15.000875 41.67
15.059749 41.67
15.114374 41.67
15.178375 41.67
15.234376 41.67
15.298377 41.67
15.354377 41.67
15.418502 41.67
15.469378 41.67
15.529504 41.67
15.588379 41.67
15.644379 41.67
15.703380 41.67
15.772755 41.67
15.836755 41.67
15.887506 41.67
15.951145 41.67
16.014757 41.67
16.088758 41.67
16.145033 41.67
16.208759 41.67
16.273634 41.67
16.332151 41.67
16.395760 41.67
16.469761 41.67
16.546636 41.67
16.600038 41.67
16.663770 41.67
16.732638 41.67
16.804639 41.67
16.876771 41.67
16.945640 41.67
17.000640 41.67
17.072773 41.67
17.141641 41.67
17.200159 41.67
17.255158 41.67
17.310282 41.67
17.384772 41.67
17.443772 41.67
17.502644 41.67
17.566774 41.67
17.625776 41.67
17.680774 41.67
17.735776 41.67
17.826922 41.67
17.880778 41.67
17.935777 41.67
17.990778 41.67
18.049777 41.67
18.104777 41.67
18.159649 41.67
18.210649 41.67
18.274778 41.67
18.343401 41.67
18.394289 41.67
18.454402 41.67
18.505402 41.67
18.556403 41.67
18.607403 41.67
18.658419 41.67
18.718404 41.67
18.792785 41.67
18.856655 41.67
18.907296 41.67
18.971298 41.67
19.045656 41.67
19.109658 41.67
19.173157 41.67
19.241784 41.67
19.315533 41.67
19.368785 41.67
19.442533 41.67
19.495786 41.67
19.569535 41.67
19.622786 41.67
19.696536 41.67
19.749788 41.67
19.823537 41.67
19.878412 41.67
19.936789 41.67
20.010538 41.67
20.065414 41.67
20.125414 41.67
20.185415 41.67
20.245415 41.67
20.305415 41.67
20.365417 41.67
20.425416 41.67
20.485417 41.67
20.545417 41.67
20.605418 41.67
20.658668 41.67
20.729045 41.67
20.783544 41.67
20.832920 41.67
20.893046 41.67
20.947546 41.67
20.998171 41.67
21.061672 41.67
21.132048 41.67
21.186547 41.67
21.237174 41.67
21.300674 41.67
21.374424 41.67
21.427675 41.67
21.501425 41.67
21.554676 41.67
21.628426 41.67
21.681677 41.67
21.755427 41.67
21.808678 41.67
21.882428 41.67
21.935679 41.67
22.009429 41.67
22.062679 41.67
22.136431 41.67
22.189681 41.67
22.263431 41.67
22.316682 41.67
22.390432 41.67
22.443683 41.67
22.517433 41.67
22.572434 41.67
22.625684 41.67
22.699435 41.67
22.752686 41.67
22.826435 41.67
22.879687 41.67
22.953437 41.67
23.008313 41.67
23.068313 41.67
23.131814 41.67
23.191941 41.67
23.255439 41.67
23.313817 41.67
23.373942 41.67
23.428943 41.67
23.483441 41.67
23.534068 41.67
23.597567 41.67
23.667944 41.67
23.722443 41.67
23.771819 41.67
23.831945 41.67
23.877445 41.67
23.928070 41.67
23.991571 41.67
24.061947 41.67
24.107446 41.67
24.158072 41.67
24.221572 41.67
24.295323 41.67
24.348574 41.67
24.422324 41.67
24.475574 41.67
24.549325 41.67
24.602575 41.67
24.676326 41.67
24.729576 41.67
24.803327 41.67
24.856577 41.67
24.930328 41.67
24.983578 41.67
25.057330 41.67
25.110579 41.67
25.184330 41.67
25.237580 41.67
25.311332 41.67
25.366332 41.67
25.429833 41.67
25.491707 41.67
25.560333 41.67
25.615208 41.67
25.675209 41.67
25.735210 41.67
25.795210 41.67
25.855211 41.67
25.915211 41.67
25.978711 41.67
26.047337 41.67
26.096712 41.67
26.165338 41.11
26.214713 41.67
26.274840 41.67
26.329340 41.11
26.384215 41.11
26.437465 41.11
26.507842 41.67
26.562843 41.67
26.617342 41.67
26.675717 41.11
26.735844 41.67
26.781343 41.11
26.831968 41.67
26.895469 41.67
26.960846 41.11
27.006344 41.67
27.065970 41.11
27.129470 41.67
27.199848 41.67
27.245347 41.11
27.295972 41.11
27.359473 41.67
27.433223 41.11
27.486473 41.11
27.560224 41.67
27.613474 41.11
27.687225 41.11
27.746001 41.11
27.809992 41.11
27.873879 41.11
27.937728 41.11
27.996604 41.11
28.060479 41.11
28.129480 41.11
28.198883 41.11
28.273481 41.67
28.342884 41.11
28.403123 41.11
28.461732 41.11
28.513108 41.11
28.571482 41.11
28.645233 41.11
28.700109 41.11
28.760109 41.11
28.820109 41.11
28.880110 41.11
28.940111 41.11
29.000112 41.11
29.053362 41.11
29.123738 41.11
29.178738 41.11
29.233238 41.11
29.283864 41.11
29.347363 41.11
29.417740 41.11
29.476115 41.11
29.529365 41.11
29.599741 41.11
29.645241 41.11
29.695867 41.11
29.759366 41.11
29.833117 41.11
29.886368 41.11
29.960119 41.11
30.013369 41.11
30.087120 41.11
30.140370 41.11
30.214121 41.11
30.267372 41.11
30.341122 41.11
30.399622 41.11
30.463123 41.11
30.516373 41.11
30.590124 41.11
30.643374 41.11
30.717125 41.11
30.770375 41.11
30.844126 41.11
30.897376 41.11
30.971127 41.11
31.029628 41.11
31.091503 41.11
31.160128 41.11
31.218629 41.11
31.268379 41.11
31.342129 41.11
31.400630 41.11
31.450381 41.11
31.524131 41.11
31.582632 41.11
31.651257 41.11
31.716383 41.11
31.781634 41.11
31.836635 41.11
31.891635 41.11
31.941135 41.11
31.990509 41.11
32.050636 41.11
32.105136 41.11
32.159769 41.11
32.223262 41.11
32.293638 41.11
32.348139 41.11
32.398769 41.11
32.462264 41.11
32.536014 41.11
32.589265 41.11
32.663016 41.11
32.716266 41.11
32.790016 41.11
32.843267 41.11
32.917018 41.11
32.983643 41.11
33.056284 41.11
33.120283 41.11
33.184287 41.11
33.248287 41.11
33.312286 41.11
33.384776 41.11
33.443647 41.11
33.516288 41.11
33.580287 41.11
33.647649 41.11
33.711649 41.11
33.799670 41.11
33.868650 41.11
33.932651 41.11
33.996652 41.11
34.055652 41.11
34.119653 41.11
34.183653 41.11
34.247654 41.11
34.321654 41.11
34.385655 41.11
34.449655 41.11
34.513295 41.11
34.578538 41.11
34.624298 41.11
34.689539 41.11
34.735299 41.11
34.800539 41.11
34.846298 41.11
34.911541 41.11
34.970409 41.11
35.024052 41.11
35.074661 41.11
35.136543 41.11
35.191303 41.11
35.256543 41.11
35.311301 41.11
35.376545 41.11
35.440054 41.11
35.504052 41.11
35.577941 41.11
35.641665 41.11
35.695305 41.11
35.759182 41.11
35.823180 41.11
35.887184 41.11
35.951183 41.11
36.015059 41.11
36.084185 41.11
36.148061 41.11
36.212186 41.11
36.276185 41.11
36.340186 41.11
36.404186 41.11
36.468188 41.11
36.537185 41.11
36.601188 41.11
36.675190 41.11
36.739190 41.11
36.803191 41.11
36.867191 41.11
36.940950 41.11
36.994426 41.11
37.054952 41.11
37.125443 41.11
37.180817 41.11
37.233442 41.11
37.283067 41.11
37.348443 41.11
37.394195 41.11
37.459447 41.11
37.505194 41.11
37.565447 41.11
37.611072 41.11
37.676447 41.11
37.722196 41.11
37.785957 41.11
37.841826 41.11
37.910958 41.11
37.966826 41.11
38.022811 41.11
38.076073 41.11
38.149961 41.11
38.223812 41.11
38.279812 41.11
38.344813 41.11
38.418813 41.11
38.474814 41.11
38.530814 41.11
38.604817 41.11
38.678939 41.11
38.734816 41.11
38.808817 41.11
38.882818 41.11
38.951942 41.11
39.025942 41.11
39.099818 41.11
39.163943 41.11
39.232820 41.11
39.296821 41.11
39.370821 41.11
39.444824 41.11
39.518822 41.11
39.592823 41.11
39.666823 41.11
39.725949 41.11
39.789825 41.11
39.853825 41.11
39.917826 41.11
39.981826 41.11
40.040827 41.11
40.104828 41.11
40.168828 41.11
40.232829 41.11
40.296842 41.11
40.355953 41.11
40.424849 41.11
40.488845 41.11
40.552846 41.11
40.616831 41.11
40.680832 41.11
40.744832 41.11
40.808833 41.11
40.872835 41.11
40.936833 41.11
41.000833 41.11
41.064834 41.11
41.128835 41.11
41.192836 41.11
41.262349 41.11
41.326460 41.11
41.390352 41.11
41.454351 41.11
41.518351 41.11
41.582354 41.11
41.646353 41.11
41.710339 41.11
41.774464 41.11
41.838355 41.11
41.902358 41.11
41.966357 41.11
42.030357 41.11
42.094357 41.11
42.158358 41.11
42.222469 41.11
42.281360 41.11
42.345361 41.11
42.414358 41.11
42.478359 41.11
42.542345 41.11
42.611721 41.11
42.665112 41.11
42.718722 41.11
42.777361 41.11
42.841364 41.11
42.905366 41.11
42.969365 41.11
43.028113 41.11
43.081725 41.11
43.140366 41.11
43.200351 41.11
43.264368 41.11
43.319118 41.11
43.368727 41.11
43.423353 41.11
43.487369 41.11
43.561855 41.11
43.625856 41.11
43.689856 41.11
43.748730 41.11
43.812885 41.11
43.871882 41.11
43.941248 41.11
44.005371 41.11
44.061358 41.11
44.120375 41.11
44.184375 41.11
44.248375 41.11
44.312375 41.11
44.376376 41.11
44.445888 41.11
44.504736 41.11
44.568889 41.11
44.627887 41.11
44.697252 41.11
44.771739 41.11
44.830739 41.11
44.889740 41.11
44.953615 41.11
45.022741 41.11
45.081741 41.11
45.147008 41.11
45.200742 41.11
45.259742 41.11
45.323743 41.11
45.392619 41.11
45.461619 41.11
45.515136 41.11
45.566386 41.11
45.640745 41.11
45.704747 41.11
45.763746 41.11
45.832622 41.11
45.901622 41.11
45.955264 41.11
46.015387 41.11
46.074013 41.11
46.132625 41.11
46.201625 41.11
46.266626 41.11
46.335626 41.11
46.386391 41.11
46.445015 41.11
46.503628 41.11
46.554395 41.11
46.613019 41.11
46.671629 41.11
46.740630 41.11
46.791380 41.11
46.850148 41.11
46.919022 41.11
46.972631 41.11
47.023271 41.11
47.087023 41.11
47.145633 41.11
47.209149 41.11
47.278022 41.11
47.336634 41.11
47.410635 41.11
47.479636 41.11
47.548636 41.11
47.625636 41.11
47.690886 41.11
47.759512 41.11
47.812768 41.11
47.886512 41.11
47.955640 41.11
48.016171 41.67
48.080158 41.67
48.143774 41.67
48.207770 41.67
48.266770 41.67
48.335517 41.67
48.404643 41.67
48.473771 41.67
48.527777 41.67
48.581774 41.67
48.640774 41.67
48.704646 41.67
48.773652 41.67
48.838058 41.67
48.907780 41.67
48.971647 41.67
49.040649 41.67
49.105296 41.67
49.164294 41.67
49.217779 41.67
49.276778 41.67
49.340401 41.67
49.405305 41.67
49.464657 41.67
49.529063 41.67
49.599778 41.67
49.658530 41.67
49.727654 41.67
49.796529 41.67
49.860405 41.67
49.926406 41.67
50.001664 41.67
50.071660 42.22
50.137533 42.22
50.211791 42.22
50.267538 42.22
50.331661 42.22
50.395792 42.22
50.454410 42.22
50.518535 42.22
50.578189 42.22
50.637541 42.22
50.703539 42.22
50.767538 42.22
50.831676 42.22
50.886189 42.22
50.950667 42.22
51.015184 42.22
51.073825 42.22
51.139552 42.22
51.205961 42.22
51.275669 42.22
51.335183 42.22
51.388668 42.22
51.442672 42.22
51.501670 42.22
51.551544 42.22
51.606544 42.22
51.661545 42.22
51.716550 42.22
51.786189 42.22
51.845188 42.22
51.909547 42.78
51.979188 42.78
52.054555 42.78
52.113942 42.78
52.173192 42.78
52.237674 42.78
52.296555 42.78
52.355703 42.78
52.416859 42.78
52.477679 42.78
52.533217 42.78
52.598201 42.78
52.658089 42.78
52.723220 42.78
52.783078 42.78
52.848203 42.78
52.913205 42.78
52.979431 42.78
53.044065 42.78
53.114063 42.78
53.183183 42.78
53.241557 43.33
53.315308 43.33
53.389683 43.33
53.448575 43.33
53.507309 43.33
53.565685 43.33
53.634435 43.33
53.708435 43.33
53.782311 43.33
53.856312 43.33
53.911187 43.33
53.974967 43.33
54.044564 43.33
54.108064 43.33
54.173189 43.33
54.231816 43.33
54.300446 43.33
54.365567 43.33
54.434442 43.33
54.499567 43.33
54.564819 43.33
54.610317 43.33
54.665721 43.33
54.725948 43.33
54.791855 43.33
54.861321 43.33
54.925571 43.33
54.989321 43.33
55.058572 43.33
55.123823 43.33
55.169322 43.33
55.225448 43.33
55.294198 43.33
55.363327 43.33
55.427575 43.33
55.496325 43.33
55.561882 43.33
55.630852 43.33
55.694582 43.33
55.753203 43.33
55.806578 43.33
55.870703 43.33
55.934579 43.33
56.003455 43.33
56.072455 43.33
56.141330 43.33
56.206706 43.33
56.270706 43.33
56.336458 43.33
56.400332 43.33
56.465709 43.33
56.536759 43.33
56.600211 43.33
56.654712 43.33
56.706085 43.33
56.766090 43.33
56.826086 43.33
56.889586 43.33
56.944715 43.33
56.997968 43.33
57.056590 43.33
57.120600 43.33
57.179339 43.33
57.249716 43.33
57.308215 43.33
57.358841 43.33
57.422341 43.33
57.491219 43.33
57.541842 43.33
57.605342 43.33
57.674217 43.33
57.724843 43.33
57.788343 43.33
57.862094 43.33
57.915344 43.33
57.989095 43.33
58.042350 43.33
58.116486 43.33
58.175608 43.33
58.234347 43.33
58.303349 43.33
58.367098 43.33
58.420349 42.78
58.489224 42.78
58.539851 42.78
58.603349 42.78
58.677101 42.78
58.730351 42.78
58.804102 42.78
58.857352 42.78
58.931103 42.78
58.984353 42.78
59.053353 42.78
59.117245 42.78
59.182480 42.78
59.246480 42.78
59.305356 42.78
59.369108 42.78
59.419887 42.78
59.479999 42.78
59.539999 42.78
59.603733 42.78
59.672734 42.78
59.733001 42.78
59.782736 42.78
59.836615 42.78
59.894641 42.78
59.940253 42.78
60.009130 42.78
60.059737 42.78
60.118488 42.78
60.177253 42.78
60.237621 42.78
60.283239 42.78
60.347255 42.78
60.411256 42.78
60.481644 42.78
60.527256 42.78
60.596258 42.78
60.660257 42.78
60.733993 42.78
60.787618 42.78
60.851619 42.78
60.920619 42.78
60.984619 42.78
61.048372 42.78
61.107009 42.78
61.165621 42.78
61.229621 42.78
61.304263 42.78
61.368015 42.78
61.431748 42.78
61.490624 42.78
61.559375 42.78
61.618074 42.78
61.688265 42.78
61.752032 42.78
61.805626 42.78
61.876029 42.78
61.929627 42.78
61.998782 42.78
62.060025 42.78
62.124272 42.78
62.188004 42.78
62.246505 42.78
62.301505 42.78
62.356506 42.78
62.407881 42.78
62.471507 42.78
62.522882 42.78
62.576149 42.78
62.641276 42.78
62.696539 42.78
62.751513 42.78
62.806037 42.78
62.855385 42.78
62.915541 42.78
62.970542 42.78
63.017636 42.78
63.081136 42.78
63.141542 42.78
63.196042 42.78
63.246638 42.78
63.315514 42.78
63.384389 42.78
63.442890 42.78
63.501390 42.78
63.560045 42.78
63.629016 42.78
63.679642 42.78
63.743267 42.78
63.807290 42.78
63.861159 42.78
63.929916 42.78
64.003917 42.78
64.062393 42.22
64.125895 42.78
64.203524 42.78
64.267523 42.78
64.326146 42.22
64.390049 42.78
64.455398 42.78
64.509050 42.78
64.568787 42.78
64.628163 42.78
64.691929 42.78
64.745400 42.78
64.801040 42.78
64.869929 42.22
64.934404 42.78
64.994903 42.78
65.053403 42.22
65.104778 42.22
65.164778 42.22
65.219782 42.78
65.284051 42.78
65.347938 42.22
65.408407 42.78
65.471906 42.78
65.525531 42.78
65.589031 42.22
65.653039 42.78
65.712036 42.22
65.781066 42.78
65.841410 42.78
65.886927 42.78
65.943440 42.22
65.997296 42.78
66.052665 42.78
66.106411 42.22
66.175180 42.22
66.243917 42.78
66.317825 42.78
66.391822 42.78
66.465790 42.22
66.519165 42.22
66.582922 42.22
66.656823 42.78
66.725818 42.22
66.779291 42.22
66.832916 42.22
66.901820 42.78
66.955293 42.78
67.008935 42.78
67.077934 42.22
67.142188 42.22
67.200949 42.22
67.264938 42.78
67.323939 42.78
67.392951 42.22
67.451941 42.78
67.515962 42.22
67.584938 42.78
67.658940 42.78
67.732829 42.78
67.802212 42.22
67.861429 42.78
67.920427 42.22
67.983926 42.78
68.049051 42.22
68.122802 42.78
68.181185 42.22
68.241309 42.22
68.296350 42.22
68.351679 42.22
68.410196 42.22
68.473835 42.78
68.523570 42.22
68.592836 42.78
68.656834 42.22
68.720838 42.22
68.784682 42.22
68.840683 42.78
68.893338 42.22
68.938951 42.78
69.002684 42.22
69.058685 42.22
69.114686 42.22
69.170685 42.78
69.226686 42.22
69.282687 42.22
69.338687 42.22
69.394843 42.22
69.459814 42.22
69.528844 42.22
69.592688 42.22
69.656818 42.78
69.712689 42.22
69.781691 42.22
69.850690 42.22
69.903941 42.22
69.972691 42.22
70.031192 42.22
70.089943 42.78
70.153820 42.22
70.222694 42.22
70.286850 42.22
70.355851 42.22
70.424696 42.22
70.483338 42.22
70.547322 42.22
70.611324 42.22
70.675337 42.22
70.735573 42.22
70.794871 42.22
70.858699 42.22
70.922854 42.78
70.986700 42.22
71.050701 42.22
71.114828 42.22
71.178702 42.22
71.237219 42.22
71.301328 42.22
71.365221 42.22
71.429204 42.22
71.493223 42.22
71.557344 42.22
71.618705 42.22
71.682861 42.22
71.737705 42.22
71.796081 42.22
71.859581 42.22
71.912832 42.22
71.986582 42.22
72.039834 42.22
72.113583 42.78
72.166835 42.22
72.230712 42.22
72.294861 42.22
72.358710 42.22
72.427712 42.78
72.491840 42.22
72.550587 42.22
72.614713 42.22
72.673714 42.22
72.737841 42.22
72.801715 42.22
72.865858 42.22
72.934720 42.22
72.998988 42.22
73.052717 42.22
73.111872 42.78
73.170717 42.22
73.235984 42.22
73.290055 42.22
73.359723 42.22
73.418846 42.78
73.477720 42.22
73.536721 42.22
73.595721 42.22
73.659722 42.22
73.718722 42.22
73.777723 42.22
73.841723 42.22
73.900724 42.22
73.959724 42.22
74.023725 42.22
74.082725 42.78
74.146726 42.22
74.205726 42.22
74.260727 42.22
74.315727 42.78
74.370728 42.22
74.429602 42.22
74.493729 42.22
74.548729 42.22
74.612730 42.22
74.667730 42.22
74.731731 42.22
74.800731 42.78
74.859731 42.22
74.928732 42.78
74.992733 42.22
75.051608 42.22
75.125734 42.22
75.180734 42.22
75.244863 42.22
75.298737 42.22
75.362735 42.22
75.426736 42.22
75.485611 42.22
75.550890 42.22
75.620887 42.22
75.676614 42.22
75.741008 42.22
75.801746 42.22
75.868116 42.22
75.923620 42.22
75.984492 42.22
76.049896 42.22
76.110629 42.22
76.169617 42.22
76.238493 42.22
76.298896 42.22
76.363008 42.22
76.433495 42.78
76.507749 42.22
76.572013 42.22
76.635621 42.22
76.696005 42.22
76.749622 42.22
76.813623 42.22
76.878282 42.22
76.932128 42.22
76.995623 42.22
77.066008 42.22
77.115894 42.22
77.175008 42.22
77.243885 42.22
77.304006 42.22
77.349504 42.22
77.413504 42.22
77.469779 42.22
77.538379 42.22
77.591628 42.22
77.662004 42.22
77.707504 42.22
77.758132 42.22
77.821630 42.22
77.895380 42.22
77.948633 42.22
78.022382 42.22
78.087382 42.22
78.151023 42.22
78.219884 42.22
78.283636 42.22
78.352384 42.22
78.405635 42.22
78.477042 42.22
78.535885 42.22
78.599386 42.22
78.657888 42.22
78.721387 42.22
78.774638 42.22
78.848390 42.22
78.903389 42.22
78.958401 42.22
79.016894 42.22
79.082390 42.22
79.137408 42.22
79.192265 42.22
79.256517 42.22
79.311642 42.22
79.371932 42.22
79.436523 42.22
79.500522 42.22
79.560149 42.22
79.619035 42.22
79.688524 42.22
79.743647 42.22
79.803903 42.22
79.849647 42.22
79.908397 42.22
79.967655 42.22
80.022901 42.22
80.068399 42.22
80.137273 42.2