0.000000 0.000000
0.079637 0.89
0.139957 0.89
0.200616 0.89
0.254614 0.89
0.304739 0.88
0.354613 0.89
0.418614 0.90
0.482739 0.88
0.537615 0.90
0.601740 0.90
0.656491 0.89
0.715929 0.89
0.775018 0.89
0.834928 0.90
0.894952 0.89
0.959914 0.79
1.029904 0.79
1.089121 0.78
1.152896 0.79
1.216897 0.79
1.280897 0.79
1.344897 0.79
1.401149 0.79
1.460916 0.79
1.515019 0.78
1.584625 0.78
1.643624 0.78
1.702625 0.79
1.766500 0.79
1.830625 0.78
1.894750 0.78
1.958902 0.78
2.022904 0.78
2.086904 0.78
2.145905 0.78
2.204904 0.79
2.268906 0.78
2.333019 0.78
2.391881 0.79
2.451882 0.79
2.510882 0.79
2.570882 0.78
2.625632 0.78
2.680507 0.78
2.744632 0.79
2.799908 0.78
2.854884 0.79
2.914910 0.78
2.980286 0.79
3.040510 0.78
3.104510 0.78
3.168636 0.78
3.228264 0.79
3.282888 0.78
3.346888 0.78
3.410889 0.78
3.476267 0.78
3.530890 0.78
3.600286 0.80
3.669640 0.77
3.733515 0.80
3.797516 0.79
3.856281 0.79
3.930517 0.77
3.989408 0.79
4.053408 0.78
4.112285 0.79
4.175895 0.79
4.244895 0.78
4.300287 0.79
4.363897 0.78
4.413897 0.79
4.488162 0.79
4.553522 0.78
4.612288 0.79
4.675898 0.79
4.725900 0.80
4.784774 0.77
4.843414 0.78
4.903168 0.77
4.952775 0.77
5.011415 0.79
5.075293 0.79
5.138904 0.79
5.202778 0.78
5.261420 0.79
5.325293 0.78
5.390160 0.79
5.439653 0.78
5.499530 0.79
5.554296 0.78
5.623420 0.78
5.683164 0.79
5.732782 0.79
5.791158 0.78
5.859782 0.79
5.918157 0.78
5.986783 0.80
6.045160 0.79
6.113783 0.79
6.172159 0.79
6.240785 0.78
6.299160 0.77
6.367785 0.79
6.426162 0.79
6.494787 0.79
6.553163 0.78
6.621788 0.78
6.680164 0.79
6.748789 0.78
6.807164 0.78
6.875790 0.80
6.934166 0.78
7.002791 0.78
7.057791 0.77
7.112791 0.78
7.171167 0.79
7.239793 0.79
7.294668 0.79
7.354669 0.78
7.414669 0.78
7.478169 0.79
7.546795 0.78
7.601670 0.78
7.661671 0.79
7.721672 0.79
7.781672 0.78
7.841673 0.78
7.900049 0.78
7.965299 0.79
8.020300 0.78
8.075300 0.78
8.130300 0.79
8.181425 0.79
8.241053 0.77
8.289176 0.78
8.352677 0.79
8.411052 0.78
8.479678 0.79
8.538054 0.79
8.606678 0.78
8.665055 0.79
8.733679 0.79
8.792055 0.78
8.860680 0.78
8.919057 0.77
8.989059 0.78
9.054060 0.78
9.119059 0.78
9.188085 0.79
9.261937 0.79
9.335936 0.77
9.409936 0.78
9.483936 0.78
9.547562 0.78
9.611328 0.78
9.674940 0.79
9.748939 0.79
9.817565 0.77
9.882966 0.78
9.956968 0.78
10.031092 0.79
10.105093 0.77
10.174092 0.79
10.248443 0.79
10.306969 0.79
10.366945 0.78
10.435971 0.79
10.506445 0.79
10.570445 0.78
10.628972 0.79
10.694572 0.79
10.748097 0.79
10.812096 0.79
10.875972 0.79
10.941574 0.78
10.994974 0.78
11.060198 0.78
11.111324 0.78
11.160700 0.78
11.224200 0.77
11.282575 0.78
11.340951 0.78
11.409576 0.78
11.467952 0.77
11.536577 0.79
11.594954 0.79
11.663578 0.79
11.721954 0.79
11.790579 0.78
11.848955 0.77
11.917581 0.79
11.975956 0.78
12.044582 0.79
12.102957 0.78
12.171583 0.79
12.229958 0.79
12.298583 0.79
12.353584 0.79
12.411959 0.79
12.480585 0.78
12.538961 0.79
12.607586 0.78
12.665962 0.78
12.734587 0.78
12.789588 0.79
12.844463 0.78
12.904603 0.78
12.969596 0.79
13.030360 0.78
13.104996 0.77
13.174119 0.77
13.238235 0.80
13.287998 0.79
13.352122 0.77
13.412469 0.80
13.465998 0.79
13.526595 0.78
13.585470 0.78
13.638876 0.79
13.708126 0.79
13.766875 0.78
13.832473 0.77
13.896598 0.79
13.960473 0.78
14.024474 0.79
14.088599 0.77
14.152475 0.79
14.206005 0.78
14.270128 0.79
14.334244 0.79
14.403602 0.78
14.467477 0.78
14.521005 0.79
14.585132 0.78
14.643882 0.79
14.707884 0.78
14.771998 0.78
14.831010 0.79
14.895008 0.79
14.959008 0.79
15.023133 0.78
15.087249 0.78
15.156608 0.79
15.215358 0.77
15.279359 0.79
15.343484 0.78
15.403889 0.79
15.467891 0.78
15.531986 0.77
15.595891 0.80
15.664987 0.77
15.728987 0.77
15.792988 0.79
15.856989 0.79
15.920989 0.79
15.984990 0.79
16.048990 0.79
16.112991 0.78
16.171897 0.79
16.235992 0.77
16.294898 0.79
16.358992 0.79
16.417897 0.79
16.481994 0.78
16.540898 0.79
16.604995 0.78
16.663901 0.79
16.727995 0.78
16.786901 0.78
16.850997 0.78
16.909902 0.79
16.973998 0.79
17.032902 0.80
17.097028 0.79
17.155499 0.79
17.219375 0.78
17.278390 0.79
17.342501 0.77
17.401390 0.78
17.465376 0.79
17.518906 0.78
17.583032 0.78
17.641907 0.77
17.706033 0.78
17.764629 0.77
17.828380 0.78
17.887394 0.78
17.951380 0.78
18.010397 0.78
18.074382 0.79
18.133400 0.78
18.197383 0.79
18.256398 0.79
18.320509 0.79
18.381399 0.78
18.440402 0.78
18.504510 0.78
18.563404 0.78
18.628664 0.79
18.683386 0.79
18.742403 0.79
18.806512 0.79
18.859030 0.79
18.909669 0.79
18.959279 0.78
19.023279 0.78
19.092158 0.79
19.150765 0.79
19.210670 0.79
19.260283 0.78
19.318921 0.79
19.377642 0.79
19.439032 0.78
19.488768 0.78
19.548673 0.79
19.607769 0.78
19.671769 0.78
19.735645 0.79
19.804413 0.79
19.863286 0.79
19.932164 0.77
19.990772 0.78
20.054522 0.78
20.128648 0.77
20.197648 0.79
20.266414 0.79
20.325291 0.78
20.394168 0.78
20.452775 0.77
20.516651 0.78
20.585652 0.77
20.654652 0.79
20.723528 0.78
20.783931 0.79
20.842779 0.78
20.906654 0.79
20.975421 0.78
21.034297 0.78
21.103173 0.77
21.161781 0.79
21.225532 0.79
21.299658 0.78
21.373783 0.78
21.437658 0.79
21.506659 0.79
21.565178 0.78
21.628785 0.77
21.692661 0.79
21.752567 0.79
21.799941 0.78
21.849942 0.78
21.899787 0.79
21.954567 0.79
22.001941 0.78
22.051789 0.78
22.106566 0.78
22.153946 0.77
22.203790 0.79
22.263570 0.79
22.327666 0.78
22.396666 0.78
22.465667 0.78
22.534667 0.78
22.598543 0.79
22.672668 0.79
22.741544 0.78
22.810670 0.78
22.879670 0.78
22.948671 0.79
23.017671 0.79
23.086672 0.78
23.155673 0.78
23.224673 0.77
23.293673 0.78
23.362674 0.80
23.431675 0.78
23.500675 0.78
23.569676 0.78
23.638676 0.78
23.702320 0.79
23.755802 0.78
23.819428 0.79
23.883195 0.78
23.952071 0.80
24.021195 0.79
24.080197 0.78
24.135072 0.78
24.190073 0.79
24.243556 0.79
24.302199 0.79
24.366199 0.79
24.424807 0.79
24.474201 0.79
24.529199 0.78
24.585463 0.78
24.633684 0.79
24.692560 0.78
24.757463 0.79
24.811936 0.80
24.875562 0.78
24.940465 0.78
24.988688 0.79
25.047438 0.79
25.117468 0.78
25.166967 0.79
25.230564 0.79
25.299690 0.78
25.363565 0.78
25.432690 0.79
25.496691 0.78
25.560692 0.79
25.620473 0.78
25.676474 0.79
25.732473 0.78
25.788472 0.79
25.848569 0.79
25.917694 0.79
25.976695 0.79
26.035571 0.79
26.104571 0.79
26.173571 0.79
26.242572 0.79
26.311573 0.78
26.380573 0.78
26.444449 0.79
26.508699 0.79
26.572575 0.78
26.636451 0.77
26.710451 0.79
26.784576 0.78
26.843577 0.78
26.902578 0.79
26.961578 0.78
27.025703 0.79
27.089981 0.78
27.140094 0.79
27.203837 0.79
27.267986 0.80
27.326983 0.79
27.390985 0.79
27.449871 0.78
27.513986 0.79
27.577986 0.77
27.641872 0.78
27.705977 0.79
27.769989 0.77
27.833989 0.79
27.897988 0.78
27.963365 0.79
28.023587 0.79
28.082462 0.78
28.151463 0.78
28.215713 0.78
28.265714 0.79
28.320714 0.79
28.375590 0.78
28.439590 0.79
28.503590 0.79
28.557590 0.78
28.611716 0.78
28.680996 0.78
28.744873 0.79
28.814122 0.78
28.883469 0.79
28.947594 0.79
29.011720 0.79
29.081000 0.79
29.144999 0.77
29.219596 0.78
29.278596 0.78
29.342347 0.77
29.406598 0.78
29.467473 0.78
29.526474 0.78
29.590600 0.79
29.651475 0.79
29.715600 0.79
29.779350 0.78
29.843602 0.78
29.904477 0.79
29.963478 0.79
30.022604 0.77
30.081479 0.79
30.140479 0.79
30.199604 0.78
30.263885 0.79
30.322884 0.77
30.383261 0.78
30.436886 0.78
30.500885 0.78
30.555732 0.78
30.621260 0.78
30.672261 0.79
30.732483 0.78
30.787262 0.79
30.847484 0.79
30.906609 0.78
30.968266 0.79
31.017891 0.79
31.083264 0.79
31.132890 0.78
31.187890 0.79
31.253613 0.79
31.308488 0.79
31.367488 0.78
31.426379 0.79
31.490615 0.78
31.554490 0.77
31.618490 0.77
31.677491 0.79
31.741492 0.78
31.800259 0.78
31.869617 0.77
31.938743 0.79
32.008149 0.79
32.068494 0.79
32.127495 0.78
32.186388 0.78
32.245496 0.78
32.304496 0.78
32.363388 0.79
32.422497 0.78
32.481498 0.78
32.540389 0.79
32.599499 0.78
32.658499 0.78
32.717389 0.79
32.776500 0.78
32.835501 0.78
32.894391 0.79
32.953501 0.78
33.012502 0.79
33.071393 0.79
33.130503 0.78
33.189503 0.78
33.248397 0.78
33.307504 0.79
33.366505 0.77
33.421505 0.78
33.476505 0.79
33.531506 0.78
33.586506 0.79
33.641507 0.78
33.696507 0.79
33.751508 0.78
33.806508 0.79
33.861509 0.77
33.916509 0.78
33.971509 0.79
34.026510 0.79
34.085403 0.78
34.144511 0.79
34.199512 0.79
34.254512 0.78
34.318404 0.79
34.377513 0.78
34.443513 0.78
34.507764 0.79
34.568514 0.79
34.637765 0.78
34.700037 0.78
34.769406 0.79
34.828516 0.78
34.887282 0.78
34.946159 0.79
35.001410 0.78
35.055160 0.78
35.110410 0.78
35.164161 0.78
35.233409 0.79
35.287163 0.78
35.356162 0.78
35.425163 0.78
35.485522 0.78
35.549647 0.79
35.608522 0.78
35.674040 0.79
35.743291 0.79
35.802166 0.79
35.866290 0.78
35.930041 0.79
35.994169 0.79
36.063168 0.79
36.132170 0.79
36.201420 0.77
36.256420 0.78
36.311172 0.79
36.380169 0.79
36.449421 0.78
36.508298 0.78
36.572058 0.78
36.641059 0.79
36.710424 0.80
36.765422 0.79
36.824297 0.78
36.888176 0.77
36.957424 0.78
37.016299 0.79
37.080180 0.79
37.149176 0.77
37.213301 0.78
37.277052 0.78
37.351537 0.79
37.420787 0.79
37.495538 0.79
37.564941 0.78
37.639539 0.79
37.713664 0.79
37.782665 0.79
37.846665 0.79
37.907307 0.79
37.971070 0.78
38.040308 0.78
38.104185 0.78
38.168311 0.78
38.232311 0.79
38.296434 0.78
38.371072 0.78
38.440186 0.79
38.509188 0.78
38.569672 0.78
38.631547 0.78
38.685066 0.78
38.749192 0.78
38.809673 0.79
38.871549 0.79
38.925067 0.78
38.985675 0.78
39.044551 0.79
39.113551 0.79
39.171926 0.79
39.242552 0.78
39.295928 0.79
39.369928 0.78
39.438929 0.78
39.507930 0.79
39.576930 0.79
39.645931 0.78
39.714931 0.79
39.783931 0.77
39.853083 0.79
39.921933 0.78
39.990933 0.79
40.059934 0.78
40.128934 0.78
40.197935 0.79
40.266936 0.78
40.335936 0.79
40.404963 0.78
40.473937 0.78
40.542966 0.78
40.607092 0.78
40.671090 0.79
40.740094 0.78
40.809066 0.78
40.878095 0.79
40.942332 0.78
41.011566 0.78
41.071820 0.78
41.141096 0.79
41.201443 0.78
41.265568 0.78
41.329444 0.78
41.382974 0.78
41.447097 0.78
41.507571 0.79
41.576825 0.79
41.640825 0.78
41.704976 0.79
41.769101 0.78
41.827975 0.79
41.892101 0.79
41.952574 0.77
42.011449 0.78
42.064825 0.79
42.128980 0.79
42.193102 0.79
42.256829 0.78
42.320980 0.78
42.385107 0.78
42.443982 0.79
42.508108 0.80
42.566984 0.78
42.631109 0.78
42.689982 0.79
42.754110 0.78
42.812984 0.79
42.871456 0.79
42.924837 0.78
42.988871 0.79
43.052987 0.80
43.117111 0.79
43.181227 0.79
43.250584 0.79
43.316350 0.79
43.385461 0.78
43.445990 0.79
43.504878 0.79
43.568869 0.79
43.637991 0.79
43.696992 0.78
43.760993 0.78
43.816233 0.80
43.887465 0.78
43.947714 0.78
44.017231 0.79
44.088233 0.77
44.152359 0.79
44.212717 0.79
44.276997 0.80
44.335873 0.78
44.394874 0.79
44.458997 0.80
44.517876 0.77
44.581997 0.79
44.640875 0.78
44.705001 0.79
44.763876 0.80
44.828001 0.77
44.886877 0.77
44.951000 0.79
45.009877 0.79
45.074001 0.79
45.132882 0.78
45.197004 0.79
45.255882 0.78
45.320006 0.79
45.378882 0.79
45.442880 0.78
45.501882 0.79
45.566005 0.79
45.624882 0.78
45.689006 0.80
45.747882 0.79
45.812010 0.78
45.875730 0.78
45.939886 0.79
46.004010 0.79
46.068373 0.79
46.132358 0.79
46.185887 0.78
46.249984 0.78
46.308888 0.79
46.372985 0.80
46.431890 0.79
46.495986 0.79
46.554888 0.78
46.618986 0.78
46.677893 0.79
46.741987 0.78
46.800892 0.78
46.864989 0.78
46.923894 0.78
46.982739 0.79
47.041365 0.79
47.105131 0.79
47.168616 0.80
47.233895 0.78
47.292617 0.78
47.356992 0.79
47.411618 0.78
47.472992 0.78
47.532619 0.78
47.587118 0.79
47.650618 0.80
47.719244 0.77
47.777619 0.78
47.838995 0.77
47.899749 0.79
47.971139 0.78
48.029902 0.77
48.088623 0.79
48.157389 0.79
48.215904 0.78
48.274625 0.78
48.343625 0.78
48.407751 0.79
48.472929 0.78
48.537756 0.79
48.596913 0.79
48.655753 0.79
48.719957 0.78
48.781055 0.79
48.841919 0.79
48.900756 0.79
48.964756 0.78
49.028926 0.79
49.089758 0.78
49.148758 0.78
49.212757 0.79
49.276633 0.78
49.341065 0.78
49.396556 0.78
49.455762 0.78
49.514761 0.79
49.578511 0.79
49.647765 0.78
49.706763 0.77
49.760762 0.78
49.819512 0.77
49.880916 0.77
49.936772 0.78
50.001643 0.77
50.065766 0.79
50.124640 0.78
50.175920 0.79
50.225770 0.79
50.279768 0.79
50.338767 0.78
50.397517 0.77
50.466518 0.79
50.530646 0.79
50.589645 0.79
50.648644 0.78
50.717645 0.78
50.787050 0.78
50.846777 0.78
50.910774 0.78
50.964772 0.78
51.023647 0.79
51.087964 0.79
51.158046 0.78
51.217040 0.78
51.281291 0.79
51.340042 0.79
51.409528 0.79
51.478777 0.78
51.537651 0.78
51.606652 0.77
51.670781 0.78
51.731530 0.79
51.795779 0.79
51.854653 0.78
51.918654 0.79
51.982783 0.78
52.041782 0.77
52.100656 0.78
52.164656 0.78
52.233662 0.78
52.287662 0.78
52.347079 0.79
52.406665 0.78
52.467437 0.79
52.522234 0.79
52.582065 0.78
52.633787 0.79
52.694664 0.78
52.753790 0.78
52.812950 0.78
52.881927 0.77
52.945540 0.78
53.014663 0.79
53.065788 0.78
53.120789 0.80
53.175539 0.79
53.235445 0.78
53.291443 0.77
53.347422 0.78
53.394791 0.78
53.449541 0.77
53.514459 0.79
53.574668 0.79
53.633545 0.79
53.697674 0.79
53.757063 0.77
53.826189 0.77
53.894923 0.79
53.963950 0.79
54.033546 0.79
54.099422 0.77
54.163062 0.80
54.229048 0.78
54.287679 0.79
54.351931 0.77
54.421213 0.78
54.490425 0.77
54.554426 0.76
54.618687 0.78
54.677804 0.77
54.743435 0.78
54.817805 0.78
54.883930 0.79
54.943562 0.79
55.004554 0.77
55.063934 0.77
55.124834 0.78
55.198808 0.78
55.257681 0.78
55.312214 0.78
55.371808 0.78
55.435558 0.79
55.490683 0.80
55.549558 0.79
55.600686 0.78
55.664435 0.78
55.728453 0.78
55.792078 0.79
55.850452 0.77
55.909822 0.78
55.968968 0.77
56.022437 0.79
56.082688 0.78
56.137438 0.79
56.201691 0.78
56.275939 0.78
56.330818 0.78
56.394818 0.79
56.453441 0.77
56.517567 0.79
56.581566 0.77
56.645442 0.77
56.709443 0.78
56.773568 0.79
56.837569 0.79
56.895975 0.78
56.970570 0.77
57.034450 0.77
57.088572 0.79
57.142571 0.79
57.206576 0.77
57.265453 0.79
57.334338 0.79
57.398449 0.79
57.462449 0.77
57.521703 0.78
57.587579 0.78
57.651454 0.79
57.714953 0.79
57.769833 0.80
57.829832 0.79
57.889830 0.78
57.949834 0.78
58.009833 0.78
58.073581 0.78
58.126981 0.77
58.190955 0.79
58.250837 0.79
58.314706 0.79
58.378581 0.77
58.428714 0.80
58.482849 0.78
58.541843 0.79
58.607583 0.77
58.662459 0.78
58.726459 0.79
58.785716 0.79
58.844848 0.78
58.901246 0.78
58.961353 0.79
59.025587 0.78
59.080462 0.77
59.139354 0.78
59.198466 0.79
59.257464 0.79
59.321589 0.79
59.376464 0.79
59.440493 0.79
59.504590 0.77
59.569591 0.78
59.630363 0.78
59.694596 0.77
59.758468 0.79
59.822468 0.79
59.886469 0.79
59.950487 0.80
60.009361 0.80
60.073345 0.78
60.137360 0.79
60.196471 0.79
60.255346 0.79
60.319472 0.79
60.378098 0.78
60.438222 0.78
60.507222 0.78
60.581473 0.78
60.645474 0.78
60.709350 0.78
60.768229 0.78
60.831728 0.79
60.891729 0.78
60.957132 0.79
61.021478 0.79
61.085243 0.79
61.141478 0.79
61.200479 0.78
61.259122 0.78
61.327885 0.79
61.397373 0.79
61.456481 0.79
61.511356 0.79
61.575374 0.78
61.634482 0.77
61.689358 0.78
61.753108 0.79
61.827123 0.78
61.901485 0.78
61.952139 0.78
62.003125 0.78
62.057736 0.80
62.117736 0.79
62.183130 0.77
62.252616 0.77
62.311364 0.77
62.370363 0.78
62.434381 0.78
62.493489 0.79
62.557380 0.78
62.616622 0.79
62.675618 0.79
62.739492 0.77
62.803384 0.77
62.867368 0.79
62.926122 0.78
62.994993 0.78
63.058618 0.79
63.117133 0.78
63.190995 0.78
63.264995 0.79
63.325406 0.77
63.394748 0.79
63.464138 0.77
63.523140 0.78
63.591747 0.79
63.646622 0.78
63.715624 0.78
63.770749 0.78
63.832500 0.79
63.891141 0.77
63.951376 0.79
64.005143 0.79
64.065513 0.78
64.121009 0.78
64.169273 0.79
64.223130 0.79
64.292129 0.79
64.361004 0.79
64.426768 0.78
64.486272 0.79
64.546006 0.79
64.595506 0.77
64.659148 0.79
64.728382 0.78
64.787524 0.79
64.856508 0.79
64.920026 0.79
64.994010 0.78
65.063135 0.77
65.132026 0.80
65.198064 0.78
65.262282 0.79
65.326282 0.79
65.385138 0.77
65.454014 0.78
65.523413 0.77
65.597516 0.79
65.663032 0.79
65.732156 0.79
65.801157 0.78
65.870429 0.80
65.934644 0.78
66.003518 0.78
66.069033 0.79
66.143036 0.78
66.212036 0.79
66.281520 0.79
66.345271 0.79
66.409038 0.77
66.483021 0.79
66.551646 0.78
66.615652 0.77
66.670525 0.79
66.728900 0.77
66.794148 0.78
66.849149 0.80
66.900274 0.79
66.959914 0.77
67.020406 0.76
67.083941 0.79
67.140277 0.78
67.190933 0.79
67.247277 0.80
67.297904 0.77
67.352402 0.78
67.415905 0.79
67.484528 0.78
67.542905 0.79
67.611530 0.78
67.669907 0.78
67.744536 0.79
67.797942 0.78
67.866909 0.78
67.941051 0.79
68.010049 0.76
68.078787 0.77
68.143945 0.79
68.208054 0.79
68.272051 0.78
68.341178 0.79
68.404919 0.78
68.469541 0.78
68.523040 0.79
68.587054 0.79
68.651055 0.79
68.714943 0.77
68.783949 0.77
68.848078 0.77
68.916942 0.77
68.986064 0.78
69.055058 0.79
69.119058 0.78
69.178062 0.79
69.242072 0.77
69.306073 0.78
69.364950 0.79
69.429310 0.79
69.489799 0.77
69.558952 0.78
69.624547 0.78
69.688422 0.78
69.746797 0.78
69.810798 0.78
69.874926 0.78
69.938956 0.77
70.007956 0.78
70.071800 0.78
70.145801 0.80
70.209802 0.78
70.269805 0.80
70.324428 0.77
70.382803 0.79
70.465429 0.78
70.523930 0.78
70.592938 0.80
70.651431 0.79
70.704806 0.79
70.781933 0.79
70.845806 0.78
70.909432 0.79
70.963058 0.78
71.026808 0.78
71.100683 0.79
71.164309 0.79
71.233310 0.78
71.302328 0.79
71.355939 0.77
71.419818 0.78
71.483436 0.79
71.541821 0.79
71.615819 0.79
71.684818 0.79
71.745692 0.78
71.814564 0.78
71.869440 0.79
71.929941 0.78
71.993970 0.80
72.057691 0.78
72.116821 0.78
72.180944 0.79
72.244822 0.79
72.308693 0.78
72.377824 0.79
72.441826 0.78
72.505992 0.78
72.570331 0.79
72.630987 0.79
72.684831 0.79
72.762228 0.77
72.826339 0.79
72.895215 0.78
72.959212 0.77
73.022825 0.78
73.086832 0.78
73.150700 0.78
73.219451 0.79
73.279779 0.80
73.333839 0.77
73.397987 0.78
73.461829 0.78
73.525829 0.77
73.589329 0.77
73.647969 0.77
73.711580 0.79
73.770330 0.79
73.828838 0.79
73.892973 0.76
73.951706 0.77
74.016245 0.79
74.080586 0.77
74.140977 0.78
74.204835 0.79
74.268838 0.78
74.337836 0.79
74.392095 0.79
74.451856 0.79
74.510844 0.79
74.569839 0.79
74.633712 0.79
74.707839 0.79
74.772110 0.79
74.832466 0.78
74.891089 0.78
74.954842 0.79
75.018715 0.77
75.073842 0.78
75.127842 0.77
75.187007 0.78
75.236857 0.79
75.290595 0.79
75.351967 0.78
75.411595 0.78
75.466108 0.79
75.529595 0.77
75.590997 0.79
75.641600 0.77
75.696105 0.79
75.760918 0.79
75.815246 0.79
75.868721 0.80
75.924992 0.78
75.979599 0.79
76.049991 0.78
76.113724 0.79
76.172878 0.78
76.231600 0.78
76.300601 0.79
76.369476 0.79
76.438602 0.79
76.502227 0.79
76.561031 0.78
76.620255 0.79
76.689120 0.79
76.747604 0.79
76.816245 0.78
76.875377 0.79
76.933735 0.78
76.997927 0.78
77.047607 0.79
77.116483 0.78
77.180108 0.78
77.254608 0.79
77.323248 0.78
77.381733 0.77
77.440234 0.79
77.498610 0.78
77.562612 0.78
77.631361 0.77
77.686237 0.79
77.746737 0.78
77.800117 0.78
77.869131 0.78
77.928253 0.78
77.991989 0.79
78.055615 0.78
78.115866 0.78
78.175491 0.79
78.230366 0.78
78.290371 0.79
78.352144 0.78
78.410617 0.79
78.466894 0.79
78.521618 0.79
78.577888 0.79
78.632619 0.78
78.697496 0.78
78.749215 0.78
78.802621 0.79
78.867497 0.79
78.922137 0.78
78.980497 0.79
79.045498 0.79
79.114627 0.79
79.183499 0.78
79.257626 0.78
79.321625 0.77
79.385126 0.78
79.443628 0.78
79.507627 0.78
79.576655 0.78
79.640145 0.78
79.698508 0.79
79.762631 0.79
79.831380 0.79
79.897505 0.78
79.966505 0.78
80.035148 0.79
80.093506 0.78
80.167891 0.79
80.228512 0.79
80.292634 0.78
80.351383 0.77
80.415149 0.77
80.475635 0.78
80.539769 0.78
80.598510 0.79
80.667276 0.77
80.730886 0.78
80.794386 0.77
80.858139 0.78
80.913012 0.78
80.971391 0.79
81.036639 0.77
81.087764 0.76
81.146389 0.78
81.215640 0.79
81.279645 0.77
81.339393 0.78
81.389044 0.77
81.447517 0.77
81.520767 0.80
81.570937 0.79
81.629518 0.78
81.693769 0.79
81.748769 0.77
81.803770 0.78
81.858645 0.78
81.922522 0.78
81.991522 0.79
82.060522 0.78
82.129651 0.78
82.193649 0.78
82.254526 0.78
82.323649 0.78
82.387650 0.79
82.451400 0.78
82.520044 0.78
82.578527 0.79
82.647652 0.79
82.711653 0.78
82.775533 0.78
82.836547 0.79
82.895657 0.79
82.954779 0.77
83.024203 0.79
83.093415 0.79
83.167659 0.78
83.226033 0.79
83.286539 0.78
83.345786 0.79
83.399935 0.78
83.465662 0.78
83.521182 0.79
83.590535 0.79
83.654427 0.78
83.718661 0.78
83.773536 0.78
83.837537 0.78
83.901668 0.79
83.956792 0.78
84.020943 0.77
84.084914 0.78
84.143288 0.79
84.207543 0.78
84.266541 0.78
84.330414 0.78
84.399421 0.78
84.463674 0.79
84.518920 0.78
84.588926 0.79
84.658551 0.78
84.722798 0.78
84.792046 0.77
84.850421 0.78
84.919545 0.78
84.983170 0.78
85.051795 0.78
85.115296 0.78
85.189296 0.78
85.257925 0.77
85.316553 0.78
85.375428 0.77
85.438924 0.79
85.497299 0.78
85.565928 0.78
85.620927 0.7