0.000000 0.000000
0.058020 61.00
0.123385 61.00
0.184611 61.00
0.244375 61.00
0.303608 61.00
0.367482 61.00
0.420009 61.00
0.465733 61.00
0.524484 61.00
0.588484 61.00
0.644499 61.00
0.697314 61.00
0.762385 61.00
0.822534 61.00
0.894524 61.00
0.964744 61.00
1.029381 61.00
1.088740 61.00
1.147488 61.00
1.216503 61.00
1.290615 61.00
1.359489 61.00
1.429875 61.00
1.484399 61.00
1.548493 61.00
1.617618 61.00
1.691506 61.00
1.765493 61.00
1.839510 61.00
1.908495 61.00
1.982512 61.00
2.051621 61.00
2.125512 61.00
2.189511 61.00
2.253512 61.00
2.327512 61.00
2.396512 61.00
2.465513 61.00
2.539513 61.00
2.598500 62.00
2.667626 62.00
2.731516 61.00
2.795502 61.00
2.859517 61.00
2.923516 61.00
2.987518 61.00
3.051396 61.00
3.102006 61.00
3.166033 61.00
3.230520 61.00
3.294506 61.00
3.364881 61.00
3.410381 61.00
3.459756 61.00
3.523382 61.00
3.581758 61.00
3.641883 61.00
3.687383 61.00
3.738009 61.00
3.801509 61.00
3.875260 61.00
3.928510 61.00
4.002261 61.00
4.055511 61.00
4.129262 62.00
4.182512 62.00
4.256263 61.00
4.309513 61.00
4.383264 61.00
4.436513 61.00
4.505264 62.00
4.558515 62.00
4.632266 61.00
4.685517 61.00
4.759267 61.00
4.812518 61.00
4.886268 61.00
4.939518 61.00
5.013269 61.00
5.066519 61.00
5.135270 61.00
5.188520 61.00
5.262271 61.00
5.317272 61.00
5.372147 61.00
5.430522 61.00
5.499273 61.00
5.554148 61.00
5.614149 61.00
5.679400 61.00
5.729150 61.00
5.789150 61.00
5.847650 61.00
5.916276 61.00
5.971151 61.00
6.036403 61.00
6.086153 61.00
6.139403 61.00
6.209779 61.00
6.264279 61.00
6.314904 61.00
6.378405 61.00
6.452156 61.00
6.505406 61.00
6.575781 61.00
6.621282 61.00
6.671907 61.00
6.735408 61.00
6.809159 61.00
6.862409 61.00
6.936160 61.00
6.989409 61.00
7.063161 61.00
7.116411 61.00
7.190162 61.00
7.243412 61.00
7.317162 61.00
7.370413 61.00
7.444163 61.00
7.497414 61.00
7.571164 61.00
7.624415 61.00
7.698165 61.00
7.751416 61.00
7.825166 62.00
7.878417 62.00
7.952168 61.00
8.005418 61.00
8.079169 61.00
8.134169 61.00
8.189045 61.00
8.247420 61.00
8.321171 61.00
8.376047 61.00
8.436047 61.00
8.496050 61.00
8.556048 61.00
8.616049 61.00
8.676049 61.00
8.739549 61.00
8.808175 61.00
8.866551 61.00
8.926675 61.00
8.981176 61.00
9.030551 61.00
9.090677 61.00
9.136177 61.00
9.186802 61.00
9.250303 61.00
9.320679 61.00
9.366179 61.00
9.416804 61.00
9.480305 61.00
9.554056 61.00
9.607306 61.00
9.681057 61.00
9.734306 62.00
9.808058 62.00
9.861308 61.00
9.935060 61.00
9.988309 61.00
10.062060 61.00
10.115310 61.00
10.189062 61.00
10.242311 61.00
10.316062 61.00
10.369312 61.00
10.443063 61.00
10.496314 61.00
10.570064 61.00
10.630316 61.00
10.689065 61.00
10.754457 61.00
10.813066 61.00
10.887067 61.00
10.950692 61.00
11.015950 61.00
11.070818 61.00
11.129460 61.00
11.188070 61.00
11.262334 61.00
11.339948 61.00
11.414096 61.00
11.478463 61.00
11.536950 61.00
11.606096 61.00
11.670954 61.00
11.739953 61.00
11.814098 61.00
11.883100 61.00
11.952101 61.00
12.017226 61.00
12.090963 61.00
12.161576 61.00
12.207076 61.00
12.257702 61.00
12.321203 61.00
12.394956 61.00
12.448204 61.00
12.521955 61.00
12.575205 61.00
12.648956 61.00
12.702206 61.00
12.775958 61.00
12.829206 61.00
12.902958 61.00
12.956208 61.00
13.030111 61.00
13.099109 61.00
13.163351 61.00
13.228995 61.00
13.293349 61.00
13.367712 62.00
13.427964 61.00
13.492114 61.00
13.555993 61.00
13.620112 61.00
13.684114 61.00
13.754590 61.00
13.823716 61.00
13.882358 61.00
13.941118 61.00
14.004996 61.00
14.060117 61.00
14.110118 61.00
14.163593 61.00
14.232844 61.00
14.298594 61.00
14.362486 61.00
14.412359 61.00
14.470998 61.00
14.545124 61.00
14.618972 61.00
14.689597 61.00
14.753238 61.00
14.813489 61.00
14.858974 61.00
14.924599 61.00
14.988241 61.00
15.056976 62.00
15.120976 62.00
15.190128 61.00
15.264002 61.00
15.337995 61.00
15.412128 61.00
15.486130 61.00
15.559996 61.00
15.633997 61.00
15.707981 61.00
15.782129 61.00
15.855982 61.00
15.929983 61.00
15.993984 61.00
16.067984 61.00
16.142133 61.00
16.210985 61.00
16.280136 61.00
16.348987 61.00
16.417987 61.00
16.486987 61.00
16.555988 61.00
16.630139 61.00
16.704141 61.00
16.778141 61.00
16.851991 61.00
16.920991 61.00
16.975992 61.00
17.045132 61.00
17.103993 61.00
17.162617 61.00
17.221260 61.00
17.279869 61.00
17.349019 61.00
17.418119 61.00
17.478512 61.00
17.537120 61.00
17.601120 61.00
17.665011 62.00
17.728872 62.00
17.798015 61.00
17.862016 61.00
17.925874 61.00
17.995018 61.00
18.058874 61.00
18.128018 61.00
18.192019 61.00
18.255876 61.00
18.320020 62.00
18.389004 62.00
18.452877 61.00
18.521879 61.00
18.590879 61.00
18.660006 62.00
18.723879 62.00
18.793007 61.00
18.862007 61.00
18.925881 61.00
18.994882 61.00
19.068883 61.00
19.142883 61.00
19.211883 62.00
19.280884 61.00
19.350162 61.00
19.408885 61.00
19.477885 61.00
19.541886 61.00
19.605886 61.00
19.669887 62.00
19.738887 62.00
19.807888 61.00
19.871889 61.00
19.935889 61.00
19.994890 61.00
20.058890 61.00
20.122891 61.00
20.186892 61.00
20.250892 61.00
20.309892 61.00
20.373893 61.00
20.437893 61.00
20.501895 61.00
20.565894 61.00
20.624895 61.00
20.688895 61.00
20.752896 61.00
20.816897 61.00
20.880896 61.00
20.939898 61.00
21.003898 61.00
21.067899 61.00
21.131899 61.00
21.195899 61.00
21.254900 61.00
21.319053 62.00
21.377901 62.00
21.436902 61.00
21.500902 61.00
21.565053 62.00
21.618902 62.00
21.683056 61.00
21.742055 61.00
21.801056 62.00
21.860054 62.00
21.919056 62.00
21.978055 62.00
22.031907 61.00
22.096059 61.00
22.155059 61.00
22.214059 61.00
22.273061 62.00
22.332061 62.00
22.391062 61.00
22.444910 61.00
22.509061 61.00
22.568051 61.00
22.627053 61.00
22.680661 61.00
22.735429 61.00
22.804429 62.00
22.873431 62.00
22.926914 62.00
22.987189 62.00
23.032665 61.00
23.083305 61.00
23.141915 61.00
23.205666 61.00
23.274792 61.00
23.343792 61.00
23.417792 61.00
23.481543 61.00
23.536432 61.00
23.605435 61.00
23.674434 61.00
23.743437 61.00
23.807047 61.00
23.856671 61.00
23.925546 61.00
23.979048 61.00
24.037672 62.00
24.106298 62.00
24.169798 61.00
24.243549 61.00
24.302076 61.00
24.360550 61.00
24.414052 62.00
24.467926 62.00
24.531551 61.00
24.600677 61.00
24.665927 61.00
24.729553 61.00
24.803804 61.00
24.872804 61.00
24.941805 61.00
25.010805 62.00
25.079556 62.00
25.153556 61.00
25.208688 61.00
25.264074 62.00
25.313683 62.00
25.378934 61.00
25.447559 61.00
25.511197 62.00
25.574686 62.00
25.645061 62.00
25.690561 62.00
25.741200 62.00
25.804686 62.00
25.870063 61.00
25.925063 61.00
25.980064 61.00
26.034563 61.00
26.085205 61.00
26.148690 61.00
26.222565 61.00
26.273216 61.00
26.336690 61.00
26.410456 61.00
26.463692 61.00
26.532568 61.00
26.583217 61.00
26.646694 61.00
26.720459 61.00
26.773694 62.00
26.847461 62.00
26.921462 61.00
26.974950 61.00
27.028572 62.00
27.102464 62.00
27.188698 61.00
27.257464 62.00
27.310954 62.00
27.364574 61.00
27.431721 61.00
27.495465 61.00
27.548962 61.00
27.602577 61.00
27.669708 61.00
27.738466 61.00
27.793709 61.00
27.862468 61.00
27.917585 61.00
27.979579 61.00
28.044956 61.00
28.098581 61.00
28.172471 61.00
28.227588 61.00
28.277588 61.00
28.328958 61.00
28.382582 61.00
28.456472 61.00
28.508960 61.00
28.558584 61.00
28.622474 62.00
28.678961 62.00
28.724585 62.00
28.793474 61.00
28.849477 61.00
28.905478 61.00
28.961477 61.00
29.017478 61.00
29.073476 61.00
29.129479 62.00
29.185479 62.00
29.241480 62.00
29.297479 62.00
29.371480 61.00
29.435466 61.00
29.504467 61.00
29.568467 61.00
29.642481 62.00
29.716483 62.00
29.790484 61.00
29.854469 61.00
29.928594 61.00
29.992595 61.00
30.061486 61.00
30.130485 62.00
30.199487 62.00
30.273491 62.00
30.332487 62.00
30.401491 61.00
30.475490 61.00
30.549489 61.00
30.618601 62.00
30.682476 62.00
30.756477 61.00
30.820491 61.00
30.884603 61.00
30.948494 61.00
31.012491 61.00
31.076493 61.00
31.140494 61.00
31.204495 61.00
31.268497 62.00
31.332606 62.00
31.396498 61.00
31.460497 61.00
31.524496 62.00
31.588499 62.00
31.652497 62.00
31.716498 61.00
31.780610 61.00
31.844502 61.00
31.908376 61.00
31.958988 61.00
32.022987 61.00
32.086987 61.00
32.150988 62.00
32.214989 62.00
32.278992 61.00
32.344502 61.00
32.408507 61.00
32.472507 62.00
32.536616 62.00
32.600507 62.00
32.664508 62.00
32.728509 61.00
32.792508 61.00
32.856509 61.00
32.920509 61.00
32.984619 62.00
33.048508 62.00
33.112511 62.00
33.176511 62.00
33.240512 61.00
33.304511 61.00
33.368513 61.00
33.432623 61.00
33.491499 61.00
33.555516 61.00
33.619516 61.00
33.694002 61.00
33.753002 62.00
33.817003 62.00
33.881003 61.00
33.945006 61.00
34.009518 61.00
34.068268 61.00
34.132269 61.00
34.192519 61.00
34.247270 61.00
34.301880 61.00
34.360630 61.00
34.414270 61.00
34.464882 61.00
34.534008 61.00
34.583632 62.00
34.633508 62.00
34.688508 62.00
34.752525 61.00
34.816524 61.00
34.891012 61.00
34.941886 61.00
35.006039 61.00
35.070028 61.00
35.134029 61.00
35.198031 61.00
35.272526 61.00
35.336638 61.00
35.395529 61.00
35.459531 62.00
35.523530 62.00
35.593033 61.00
35.657017 61.00
35.721018 61.00
35.781517 61.00
35.845531 62.00
35.909284 62.00
35.978159 61.00
36.033395 61.00
36.097160 62.00
36.166161 62.00
36.235159 61.00
36.304162 61.00
36.359273 61.00
36.409272 61.00
36.462898 61.00
36.521523 61.00
36.580162 62.00
36.638773 62.00
36.699025 61.00
36.753900 61.00
36.812525 61.00
36.871166 62.00
36.940167 62.00
36.994777 61.00
37.058527 61.00
37.117169 61.00
37.191169 61.00
37.260169 61.00
37.329169 61.00
37.379905 61.00
37.438530 61.00
37.497172 61.00
37.566173 62.00
37.635298 62.00
37.704173 62.00
37.754908 62.00
37.813534 62.00
37.872175 62.00
37.946301 62.00
38.015175 62.00
38.065786 61.00
38.129535 61.00
38.188178 61.00
38.252177 61.00
38.316179 61.00
38.385428 61.00
38.449428 62.00
38.508305 62.00
38.577180 61.00
38.641431 61.00
38.707056 61.00
38.771182 61.00
38.835057 62.00
38.899057 62.00
38.964543 62.00
39.025193 62.00
39.085668 61.00
39.146062 61.00
39.216545 62.00
39.280795 62.00
39.334436 61.00
39.393048 61.00
39.463546 61.00
39.522186 61.00
39.582548 61.00
39.636050 61.00
39.705313 62.00
39.764050 62.00
39.828051 61.00
39.892051 61.00
39.966199 62.00
40.030053 62.00
40.094053 62.00
40.158054 62.00
40.222054 62.00
40.296055 62.00
40.360055 62.00
40.424056 62.00
40.488196 62.00
40.552057 62.00
40.621195 62.00
40.690058 61.00
40.754059 61.00
40.828083 62.00
40.892060 62.00
40.961059 62.00
41.030060 62.00
41.104059 61.00
41.177936 62.00
41.246686 62.00
41.310200 62.00
41.383937 62.00
41.449329 62.00
41.518063 62.00
41.583329 62.00
41.651939 62.00
41.726065 62.00
41.799948 62.00
41.867219 62.00
41.931219 62.00
42.005219 62.00
42.068692 61.00
42.133952 61.00
42.197693 62.00
42.257951 62.00
42.327070 61.00
42.392570 61.00
42.456459 61.00
42.516571 61.00
42.575223 62.00
42.635572 62.00
42.694223 62.00
42.758100 62.00
42.818573 62.00
42.882225 62.00
42.942575 61.00
43.001226 61.00
43.065100 62.00
43.139103 62.00
43.204577 61.00
43.268226 61.00
43.337104 62.00
43.406105 62.00
43.475106 62.00
43.548961 62.00
43.617961 62.00
43.687104 61.00
43.756105 61.00
43.830105 62.00
43.898958 62.00
43.973106 62.00
44.036959 62.00
44.111108 62.00
44.179961 62.00
44.248960 62.00
44.317962 62.00
44.386963 62.00
44.460963 62.00
44.529963 62.00
44.599111 62.00
44.667964 62.00
44.742114 62.00
44.811114 62.00
44.885113 62.00
44.953966 62.00
45.023115 62.00
45.096968 62.00
45.165968 61.00
45.224592 61.00
45.283231 62.00
45.341843 62.00
45.410971 61.00
45.479972 61.00
45.543845 62.00
45.613122 62.00
45.673487 61.00
45.742597 61.00
45.811723 61.00
45.864975 61.00
45.925489 61.00
45.994724 61.00
46.048123 61.00
46.111976 61.00
46.180977 61.00
46.241490 61.00
46.305476 62.00
46.363978 62.00
46.427852 62.00
46.497128 62.00
46.560981 62.00
46.624854 62.00
46.693855 62.00
46.762855 62.00
46.831856 62.00
46.895982 62.00
46.959984 61.00
47.023984 61.00
47.087999 61.00
47.157133 62.00
47.215858 62.00
47.285135 62.00
47.349135 62.00
47.412987 61.00
47.476861 61.00
47.545861 62.00
47.611612 62.00
47.675487 62.00
47.741387 62.00
47.796738 62.00
47.862013 62.00
47.936739 62.00
48.006019 62.00
48.075615 62.00
48.130741 62.00
48.190867 61.00
48.255018 61.00
48.316391 62.00
48.373388 62.00
48.439029 61.00
48.497870 61.00
48.562025 62.00
48.612174 62.00
48.671499 62.00
48.730512 62.00
48.794622 61.00
48.853515 61.00
48.917876 61.00
48.972875 61.00
49.036874 62.00
49.101030 62.00
49.160167 61.00
49.224628 61.00
49.284626 62.00
49.344877 62.00
49.409032 62.00
49.463275 62.00
49.532880 62.00
49.591755 62.00
49.657129 61.00
49.716034 61.00
49.775637 62.00
49.836634 62.00
49.895632 62.00
49.954632 62.00
50.013522 61.00
50.073067 61.00
50.127512 61.00
50.191885 62.00
50.255884 62.00
50.314759 62.00
50.374538 62.00
50.434889 62.00
50.499406 62.00
50.563637 62.00
50.614402 62.00
50.674641 62.00
50.729639 62.00
50.782167 62.00
50.827763 62.00
50.891764 62.00
50.950893 62.00
51.004765 62.00
51.068765 62.00
51.132766 61.00
51.203186 61.00
51.269177 62.00
51.331175 62.00
51.376893 62.00
51.435769 62.00
51.506290 62.00
51.570896 62.00
51.629771 62.00
51.693770 62.00
51.757771 62.00
51.821900 62.00
51.880774 62.00
51.954523 62.00
52.013415 62.00
52.077421 62.00
52.141901 62.00
52.200776 62.00
52.264775 61.00
52.338526 61.00
52.397656 62.00
52.471778 62.00
52.530777 62.00
52.594778 62.00
52.669099 62.00
52.726070 62.00
52.787037 62.00
52.841424 62.00
52.900558 62.00
52.962306 62.00
53.022042 61.00
53.083795 61.00
53.149047 62.00
53.210101 62.00
53.285541 62.00
53.342667 62.00
53.403671 61.00
53.464417 61.00
53.517920 62.00
53.579050 62.00
53.629309 62.00
53.689912 62.00
53.750065 62.00
53.795913 62.00
53.849538 62.00
53.913662 62.00
53.977539 62.00
54.037541 62.00
54.090067 62.00
54.141180 62.00
54.205165 62.00
54.279195 61.00
54.338181 61.00
54.406920 62.00
54.465542 62.00
54.521543 62.00
54.590668 62.00
54.664549 62.00
54.728795 62.00
54.792923 61.00
54.851922 61.00
54.910927 62.00
54.964567 62.00
55.028801 62.00
55.097548 62.00
55.167190 62.00
55.230798 62.00
55.289548 62.00
55.353812 62.00
55.417676 62.00
55.486431 61.00
55.545193 61.00
55.610709 61.00
55.665802 62.00
55.724553 62.00
55.798678 62.00
55.872555 62.00
55.946555 62.00
56.020447 62.00
56.075448 62.00
56.149555 61.00
56.223557 61.00
56.287956 62.00
56.338558 62.00
56.402558 62.00
56.476434 62.00
56.531327 62.00
56.584687 62.00
56.653561 62.00
56.722814 62.00
56.781561 62.00
56.855453 61.00
56.906062 61.00
56.975063 61.00
57.033817 62.00
57.093939 62.00
57.139457 62.00
57.190205 62.00
57.248566 62.00
57.317566 62.00
57.391316 61.00
57.444567 61.00
57.518692 62.00
57.587566 62.00
57.661443 62.00
57.735444 62.00
57.800322 62.00
57.858820 62.00
57.917451 62.00
57.986335 62.00
58.050071 62.00
58.113572 62.00
58.182573 62.00
58.256448 62.00
58.325577 62.00
58.394449 62.00
58.458448 62.00
58.527450 62.00
58.596465 62.00
58.655577 62.00
58.719577 62.00
58.788469 62.00
58.852471 62.00
58.921579 62.00
58.980454 62.00
59.044472 62.00
59.104830 62.00
59.158580 62.00
59.222470 62.00
59.286471 62.00
59.350474 62.00
59.414583 62.00
59.478351 61.00
59.528968 61.00
59.592709 61.00
59.651334 62.00
59.701968 62.00
59.775968 62.00
59.834460 62.00
59.908336 61.00
59.959004 61.00
60.028112 62.00
60.091994 62.00
60.156125 62.00
60.221261 62.00
60.285464 62.00
60.355340 62.00
60.411358 62.00
60.480466 62.00
60.544359 62.00
60.618231 62.00
60.682230 62.00
60.741468 62.00
60.805485 62.00
60.869469 62.00
60.938470 62.00
61.007361 62.00
61.073518 62.00
61.137363 62.00
61.206487 62.00
61.270472 62.00
61.344490 62.00
61.408602 62.00
61.462476 62.00
61.526598 62.00
61.595365 62.00
61.659600 62.00
61.723366 62.00
61.792368 62.00
61.861492 62.00
61.925367 62.00
61.984478 62.00
62.048493 62.00
62.107371 62.00
62.171619 62.00
62.231151 62.00
62.290377 62.00
62.354357 62.00
62.413373 62.00
62.477482 62.00
62.541371 62.00
62.596374 61.00
62.660374 61.00
62.734483 62.00
62.789360 62.00
62.853376 62.00
62.914377 62.00
62.983116 62.00
63.036366 62.00
63.110116 62.00
63.163366 62.00
63.237117 62.00
63.290369 62.00
63.354489 62.00
63.409381 62.00
63.473380 62.00
63.537240 62.00
63.605865 62.00
63.670143 62.00
63.739241 62.00
63.807867 62.00
63.871868 62.00
63.935869 62.00
63.999869 62.00
64.059506 62.00
64.123873 62.00
64.193388 62.00
64.252389 62.00
64.311387 62.00
64.375389 62.00
64.445399 62.00
64.509876 62.00
64.579375 62.00
64.643391 62.00
64.702393 62.00
64.767764 62.00
64.826876 62.00
64.892001 62.00
64.945251 62.00
65.010376 62.00
65.075628 62.00
65.134395 62.00
65.193397 62.00
65.248129 61.00
65.313130 61.00
65.387395 62.00
65.442398 62.00
65.497131 62.00
65.552402 62.00
65.616132 62.00
65.666758 62.00
65.740883 62.00
65.791758 62.00
65.860884 62.00
65.915884 62.00
65.966759 62.00
66.026760 62.00
66.100885 62.00
66.160887 62.00
66.215761 62.00
66.275888 62.00
66.339888 62.00
66.403764 62.00
66.473041 62.00
66.537408 62.00
66.603045 62.00
66.667409 62.00
66.731281 62.00
66.805158 62.00
66.870535 62.00
66.931049 62.00
66.997775 62.00
67.062148 62.00
67.126053 62.00
67.195163 62.00
67.260520 62.00
67.314410 62.00
67.375184 62.00
67.438898 62.00
67.513052 62.00
67.587148 62.00
67.657523 62.00
67.711273 62.00
67.785026 62.00
67.854052 62.00
67.928027 62.00
67.982775 62.00
68.041571 62.00
68.107527 62.00
68.153153 62.00
68.223545 62.00
68.269294 62.00
68.338171 62.00
68.407035 62.00
68.457658 62.00
68.521159 62.00
68.594909 62.00
68.648160 62.00
68.721909 62.00
68.775172 62.00
68.848907 62.00
68.902157 62.00
68.975909 62.00
69.050059 62.00
69.124043 62.00
69.193178 62.00
69.257066 62.00
69.326065 62.00
69.400178 62.00
69.464178 62.00
69.533165 62.00
69.606913 62.00
69.660180 62.00
69.733915 62.00
69.807915 62.00
69.879229 62.00
69.943793 62.00
70.007543 62.00
70.081668 61.00
70.147544 61.00
70.216808 62.00
70.276443 62.00
70.341795 61.00
70.395171 61.00
70.469189 62.00
70.538796 62.00
70.597808 62.00
70.658927 62.00
70.719550 62.00
70.781550 62.00
70.843549 62.00
70.902192 62.00
70.962551 62.00
71.026813 62.00
71.090804 62.00
71.155086 62.00
71.210195 62.00
71.274209 62.00
71.332930 62.00
71.383554 62.00
71.442678 62.00
71.496198 62.00
71.560209 62.00
71.619085 62.00
71.682931 62.00
71.751932 62.00
71.821068 62.00
71.885218 62.00
71.944059 62.00
72.012933 62.00
72.081934 62.00
72.150935 62.00
72.219949 62.00
72.288565 62.00
72.352064 62.00
72.425813 62.00
72.479064 62.00
72.552815 62.00
72.606063 62.00
72.675813 62.00
72.749814 62.00
72.810091 62.00
72.873815 62.00
72.928690 61.00
72.997948 61.00
73.066949 62.00
73.136098 62.00
73.205222 62.00
73.269224 62.00
73.328071 62.00
73.399821 62.00
73.449197 62.00
73.509322 62.00
73.564322 62.00
73.622822 62.00
73.675482 62.00
73.729099 62.00
73.787822 62.00
73.851952 62.00
73.912465 62.00
73.976466 62.00
74.040706 62.00
74.109957 62.00
74.173957 62.00
74.237956 62.00
74.301956 62.00
74.365827 62.00
74.430590 62.00
74.494581 62.00
74.558705 62.00
74.612106 62.00
74.670705 62.00
74.723956 62.00
74.787960 62.00
74.852111 62.00
74.911219 62.00
74.975838 62.00
75.035122 62.00
75.093964 62.00
75.157967 62.00
75.226709 62.00
75.291118 62.00
75.346985 62.00
75.416715 61.00
75.485971 61.00
75.549837 62.00
75.619001 62.00
75.683001 62.00
75.747724 62.00
75.808718 62.00
75.869004 62.00
75.927840 62.00
75.997004 62.00
76.060841 62.00
76.129843 62.00
76.194001 62.00
76.247720 62.00
76.311844 62.00
76.375844 62.00
76.436381 62.00
76.494846 62.00
76.559225 62.00
76.614473 62.00
76.673141 62.00
76.731851 62.00
76.796017 62.00
76.860598 62.00
76.914058 62.00
76.978098 62.00
77.042600 62.00
77.101117 62.00
77.159725 62.00
77.225379 62.00
77.289609 62.00
77.354358 62.00
77.423605 62.00
77.482615 62.00
77.536007 62.00
77.600010 62.00
77.653858 62.00
77.718133 62.00
77.777608 62.00
77.841994 62.00
77.902926 62.00
77.955109 62.00
78.025023 62.00
78.084132 62.00
78.148486 61.00
78.214613 61.00
78.284624 62.00
78.344496 62.00
78.413999 62.00
78.473018 62.00
78.528486 62.00
78.592487 62.00
78.656612 62.00
78.720514 62.00
78.784613 62.00
78.839487 62.00
78.903368 62.00
78.969143 62.00
79.014618 62.00
79.069490 62.00
79.132991 62.00
79.186870 62.00
79.246516 62.00
79.308282 62.00
79.367496 62.00
79.426028 62.00
79.479743 62.00
79.543744 61.00
79.612872 61.00
79.673122 62.00
79.733387 62.00
79.792001 62.00
79.850746 62.00
79.915201 62.00
79.978747 62.00
80.042873 62.00
80.093154 62.00
80.157032 62.00
80.215628 62.00
80.266393 62.00
80.325267 62.00
80.388750 62.00
80.452751 62.00
80.526503 62.00
80.590269 62.00
80.653752 62.00
80.722504 62.00
80.781271 62.00
80.850630 62.00
80.914882 62.00
80.964762 62.00
81.019881 62.00
81.078632 62.00
81.144178 62.00
81.204787 62.00
81.263887 62.00
81.322634 62.00
81.386763 62.00
81.460638 62.00
81.529761 62.00
81.593636 62.00