0.000000 0.000000
0.041918 4.34
0.102143 2.66
0.163230 2.66
0.223633 2.66
0.287743 2.66
0.351627 2.66
0.415626 2.66
0.479630 2.66
0.543628 2.66
0.607628 2.66
0.671628 2.66
0.736379 2.66
0.790895 2.66
0.852363 2.66
0.907150 3.67
0.973901 4.34
1.040234 4.34
1.114748 4.34
1.184106 4.34
1.248120 4.34
1.312121 4.34
1.376374 4.34
1.436244 4.34
1.495772 4.34
1.555126 4.34
1.624636 4.34
1.688637 4.34
1.752636 4.34
1.816636 4.34
1.880639 4.34
1.945111 4.34
2.004112 4.34
2.063126 4.34
2.127128 4.34
2.191130 4.34
2.255131 4.34
2.319129 4.34
2.383116 4.34
2.442131 4.34
2.506116 4.34
2.566133 4.34
2.626117 4.34
2.675493 4.34
2.729134 4.34
2.793134 4.34
2.857133 4.34
2.917119 4.34
2.976137 4.34
3.050623 4.34
3.106762 4.34
3.165647 4.34
3.231137 4.34
3.295248 4.34
3.364498 4.34
3.439139 4.34
3.499125 4.34
3.558890 4.34
3.622626 4.34
3.686626 4.34
3.755654 4.34
3.830141 4.34
3.899127 4.34
3.963253 4.34
4.022144 4.34
4.086145 4.34
4.157005 4.34
4.210505 4.34
4.270897 4.34
4.329506 4.34
4.389896 4.34
4.448507 4.34
4.508898 4.34
4.567508 4.34
4.627900 4.34
4.686509 4.34
4.755384 4.34
4.808901 4.34
4.877902 4.34
4.946902 4.34
5.015902 4.34
5.074513 4.34
5.143388 4.34
5.196903 4.34
5.265904 4.34
5.320514 4.34
5.384514 4.34
5.453141 4.34
5.517156 4.34
5.580906 4.34
5.636643 4.34
5.695392 4.34
5.748908 4.34
5.817908 4.34
5.873644 4.34
5.924645 4.34
5.983394 4.34
6.036911 4.34
6.101672 4.34
6.166162 4.34
6.230146 4.34
6.285161 4.34
6.340163 4.34
6.404147 4.34
6.459163 4.34
6.523149 4.34
6.587163 4.34
6.652925 4.34
6.718276 4.34
6.777150 4.34
6.841151 4.34
6.905041 4.34
6.973794 4.34
7.044278 4.34
7.097793 4.34
7.161403 4.34
7.226932 4.34
7.285405 4.34
7.347280 4.34
7.429931 4.34
7.498657 4.34
7.553809 4.34
7.612407 4.34
7.682809 4.34
7.737658 4.34
7.796409 4.34
7.870284 4.34
7.923809 4.34
7.997660 4.34
8.052924 4.34
8.107661 4.34
8.159052 4.34
8.227662 4.34
8.279053 4.34
8.347663 4.34
8.404054 4.34
8.462812 4.34
8.531815 4.34
8.596692 4.34
8.670690 4.34
8.744691 4.34
8.818693 4.34
8.883694 4.34
8.948816 4.34
9.013694 4.34
9.087695 4.34
9.161694 4.34
9.235695 4.34
9.300820 4.34
9.374695 4.34
9.448699 4.34
9.523064 4.34
9.586698 4.34
9.657174 4.34
9.710825 4.34
9.784701 4.34
9.853827 4.34
9.927702 4.34
10.001703 4.34
10.065943 4.34
10.131178 4.34
10.191829 4.34
10.260944 4.34
10.329706 4.34
10.403586 4.34
10.469181 4.34
10.519072 4.34
10.572705 4.34
10.646557 4.34
10.700074 4.34
10.758558 4.34
10.809823 4.34
10.878560 4.34
10.930073 4.34
10.983711 4.34
11.052561 4.34
11.123310 4.34
11.192077 4.34
11.255563 4.34
11.321078 4.34
11.384563 4.34
11.458564 4.34
11.529189 4.34
11.574830 4.34
11.643565 4.34
11.717590 4.34
11.786714 4.34
11.855568 4.34
11.929717 4.34
12.003569 4.34
12.072570 4.34
12.146570 4.34
12.215570 4.34
12.284571 4.34
12.358572 4.34
12.432573 4.34
12.506573 4.34
12.580574 4.34
12.649574 4.34
12.723724 4.34
12.797575 4.34
12.871725 4.34
12.940602 4.34
13.014576 4.34
13.088577 4.34
13.162578 4.34
13.236579 4.34
13.310579 4.34
13.384580 4.34
13.453455 4.34
13.513845 4.34
13.572456 4.34
13.632846 4.34
13.696583 4.34
13.765583 4.34
13.834583 4.34
13.898972 4.34
13.957459 4.34
14.017848 4.34
14.072850 4.34
14.131461 4.34
14.191852 4.34
14.250461 4.34
14.306462 4.34
14.366853 4.34
14.425462 4.34
14.494463 4.34
14.563854 4.34
14.622464 4.34
14.691465 4.34
14.760591 4.34
14.829591 4.34
14.893467 4.34
14.962609 4.34
15.031593 4.34
15.095468 4.34
15.164469 4.34
15.233469 4.34
15.302469 4.34
15.371595 4.34
15.435471 4.34
15.504597 4.34
15.573598 4.34
15.637472 4.34
15.711722 4.34
15.775473 4.34
15.844865 4.34
15.903475 4.34
15.972601 4.34
16.041601 4.34
16.101601 4.34
16.170603 4.34
16.241479 4.34
16.300119 4.34
16.346103 4.34
16.397481 4.34
16.456117 4.34
16.503229 4.34
16.557118 4.34
16.621121 4.34
16.685119 4.34
16.749121 4.34
16.813122 4.34
16.872122 4.34
16.936233 4.34
16.995125 4.34
17.054122 4.34
17.118124 4.34
17.182123 4.34
17.246126 4.34
17.310124 4.34
17.374111 4.34
17.438126 4.34
17.502128 4.34
17.566129 4.34
17.630126 4.34
17.694127 4.34
17.758130 4.34
17.817131 4.34
17.881132 4.34
17.945129 4.34
18.009241 4.34
18.068132 4.34
18.132133 4.34
18.196133 4.34
18.260133 4.34
18.324132 4.34
18.388134 4.34
18.447135 4.34
18.511140 4.34
18.575137 4.34
18.639135 4.34
18.703136 4.34
18.762138 4.34
18.826137 4.34
18.890139 4.34
18.954140 4.34
19.018139 4.34
19.077140 4.34
19.135891 4.34
19.189501 4.34
19.238892 4.34
19.292502 4.34
19.341893 4.34
19.396502 4.34
19.447128 4.34
19.505629 4.34
19.564253 4.34
19.611504 4.34
19.662129 4.34
19.720630 4.34
19.779255 4.34
19.841022 4.34
19.904633 4.34
19.963257 4.34
20.023132 4.34
20.087021 4.34
20.156024 4.34
20.219635 4.34
20.278259 4.34
20.338135 4.34
20.401637 4.34
20.460261 4.34
20.520137 4.34
20.583638 4.34
20.642262 4.34
20.711388 4.34
20.780388 4.34
20.844263 4.34
20.902905 4.34
20.967032 4.34
21.025641 4.34
21.089266 4.34
21.147905 4.34
21.201643 4.34
21.260393 4.34
21.334268 4.34
21.392909 4.34
21.458145 4.34
21.523275 4.34
21.576911 4.34
21.626911 4.34
21.677038 4.34
21.747277 4.34
21.800911 4.34
21.852278 4.34
21.905914 4.34
21.974523 4.34
22.043149 4.34
22.098524 4.34
22.162149 4.34
22.213525 4.34
22.282151 4.34
22.338802 4.34
22.397152 4.34
22.444527 4.34
22.513153 4.34
22.560403 4.34
22.624154 4.34
22.682528 4.34
22.751154 4.34
22.798405 4.34
22.862156 4.34
22.920531 4.34
22.989156 4.34
23.055807 4.34
23.114158 4.34
23.172542 4.34
23.236284 4.34
23.310284 4.34
23.378926 4.34
23.452811 4.34
23.511161 4.34
23.569544 4.34
23.633286 4.34
23.703662 4.34
23.767163 4.34
23.844163 4.34
23.916164 4.34
23.990164 4.34
24.048816 4.34
24.114166 4.34
24.172816 4.34
24.234816 4.34
24.300167 4.34
24.358819 4.34
24.408818 4.34
24.458819 4.34
24.508817 4.34
24.572419 4.34
24.636061 4.34
24.691420 4.34
24.756549 4.34
24.815063 4.34
24.883697 4.34
24.952696 4.34
25.003422 4.34
25.072062 4.34
25.119423 4.34
25.188065 4.34
25.253189 4.34
25.317066 4.34
25.373067 4.34
25.429064 4.34
25.485068 4.34
25.554178 4.34
25.610066 4.34
25.679067 4.34
25.748179 4.34
25.817179 4.34
25.873070 4.34
25.947069 4.34
26.003071 4.34
26.077181 4.34
26.141071 4.34
26.210183 4.34
26.279183 4.34
26.353059 4.34
26.422059 4.34
26.496184 4.34
26.570061 4.34
26.644061 4.34
26.708062 4.34
26.772062 4.34
26.846062 4.34
26.920063 4.34
26.994064 4.34
27.058064 4.34
27.132065 4.34
27.201079 4.34
27.265082 4.34
27.329083 4.34
27.393083 4.34
27.457067 4.34
27.521082 4.34
27.585082 4.34
27.649082 4.34
27.713083 4.34
27.777087 4.34
27.841084 4.34
27.905085 4.34
27.969088 4.34
28.033072 4.34
28.097085 4.34
28.161088 4.34
28.225090 4.34
28.289090 4.34
28.353090 4.34
28.417096 4.34
28.481090 4.34
28.545090 4.34
28.609090 4.34
28.673091 4.34
28.737092 4.34
28.801094 4.34
28.865095 4.34
28.929095 4.34
28.993095 4.34
29.057096 4.34
29.121095 4.34
29.185105 4.34
29.249097 4.34
29.313097 4.34
29.377099 4.34
29.441099 4.34
29.505101 4.34
29.569100 4.34
29.633100 4.34
29.697085 4.34
29.761102 4.34
29.820103 4.34
29.884087 4.34
29.948104 4.34
30.022589 4.34
30.086592 4.34
30.145590 4.34
30.209591 4.34
30.273591 4.34
30.337591 4.34
30.401594 4.34
30.460592 4.34
30.524593 4.34
30.583468 4.34
30.637093 4.34
30.701109 4.34
30.765107 4.34
30.825094 4.34
30.883595 4.34
30.939720 4.34
30.999721 4.34
31.069111 4.34
31.129097 4.34
31.179722 4.34
31.243599 4.34
31.307599 4.34
31.371600 4.34
31.435600 4.34
31.491725 4.34
31.555602 4.34
31.611726 4.34
31.675605 4.34
31.734603 4.34
31.803868 4.34
31.867604 4.34
31.931618 4.34
32.006119 4.34
32.080480 4.34
32.134119 4.34
32.193121 4.34
32.263982 4.34
32.317481 4.34
32.371122 4.34
32.434873 4.34
32.500357 4.34
32.553876 4.34
32.612484 4.34
32.672875 4.34
32.741751 4.34
32.807360 4.34
32.860878 4.34
32.929875 4.34
32.988487 4.34
33.057362 4.34
33.110878 4.34
33.174489 4.34
33.243364 4.34
33.296878 4.34
33.355490 4.34
33.424365 4.34
33.477881 4.34
33.542880 4.34
33.601492 4.34
33.670493 4.34
33.739368 4.34
33.792885 4.34
33.848620 4.34
33.907369 4.34
33.960886 4.34
34.016769 4.34
34.085885 4.34
34.141622 4.34
34.200371 4.34
34.253889 4.34
34.318624 4.34
34.377373 4.34
34.430888 4.34
34.486625 4.34
34.545374 4.34
34.598892 4.34
34.672889 4.34
34.743252 4.34
34.796892 4.34
34.865502 4.34
34.934378 4.34
34.987892 4.34
35.061768 4.34
35.132254 4.34
35.185894 4.34
35.256256 4.34
35.309896 4.34
35.380256 4.34
35.433895 4.34
35.497772 4.34
35.566772 4.34
35.640634 4.34
35.699384 4.34
35.764760 4.34
35.823385 4.34
35.878385 4.34
35.933386 4.34
36.002136 4.34
36.055775 4.34
36.124664 4.34
36.198664 4.34
36.259138 4.34
36.322778 4.34
36.391780 4.34
36.465641 4.34
36.517141 4.34
36.575779 4.34
36.649643 4.34
36.697033 4.34
36.765791 4.34
36.829782 4.34
36.893783 4.34
36.957644 4.34
37.021786 4.34
37.090646 4.34
37.159787 4.34
37.223647 4.34
37.287788 4.34
37.356648 4.34
37.430649 4.34
37.504650 4.34
37.578649 4.34
37.647789 4.34
37.716790 4.34
37.790652 4.34
37.864652 4.34
37.938678 4.34
38.012652 4.34
38.083153 4.34
38.146653 4.34
38.220656 4.34
38.294806 4.34
38.365155 4.34
38.428656 4.34
38.502658 4.34
38.573157 4.34
38.631797 4.34
38.700541 4.34
38.765922 4.34
38.829541 4.34
38.894925 4.34
38.960160 4.34
39.018937 4.34
39.082545 4.34
39.142930 4.34
39.206544 4.34
39.266928 4.34
39.330664 4.34
39.404545 4.34
39.465053 4.34
39.523690 4.34
39.592543 4.34
39.653056 4.34
39.711549 4.34
39.780546 4.34
39.846417 4.34
39.915293 4.34
39.979060 4.34
40.037550 4.34
40.111550 4.34
40.185550 4.34
40.254822 4.34
40.314420 4.34
40.377921 4.34
40.446549 4.34
40.504921 4.34
40.573549 4.34
40.631922 4.34
40.700550 4.34
40.760675 4.34
40.815675 4.34
40.870676 4.34
40.925676 4.34
40.978926 4.34
41.047551 4.34
41.105927 4.34
41.174553 4.34
41.232928 4.34
41.301554 4.34
41.361554 4.34
41.421555 4.34
41.481555 4.34
41.541557 4.34
41.601557 4.34
41.661557 4.34
41.714806 4.34
41.779932 4.34
41.848559 4.34
41.904308 4.34
41.967808 4.34
42.036434 4.34
42.083684 4.34
42.142060 4.34
42.200435 4.34
42.251563 4.34
42.307311 4.34
42.370812 4.34
42.439437 4.34
42.486688 4.34
42.537314 4.34
42.600814 4.34
42.669439 4.34
42.727815 4.34
42.796439 4.34
42.854816 4.34
42.923441 4.34
42.981817 4.34
43.050442 4.34
43.108818 4.34
43.177443 4.34
43.235818 4.34
43.299443 4.34
43.357820 4.34
43.426445 4.34
43.484821 4.34
43.553446 4.34
43.611822 4.34
43.680447 4.34
43.740575 4.34
43.793822 4.34
43.862449 4.34
43.920824 4.34
43.989449 4.34
44.049452 4.34
44.113076 4.34
44.171451 4.34
44.231453 4.34
44.295077 4.34
44.346454 4.34
44.406454 4.34
44.470079 4.34
44.521455 4.34
44.581456 4.34
44.636456 4.34
44.689706 4.34
44.758331 4.34
44.813331 4.34
44.860583 4.34
44.915458 4.34
44.968708 4.34
45.037333 4.34
45.084584 4.34
45.133959 4.34
45.192334 4.34
45.239585 4.34
45.290210 4.34
45.353710 4.34
45.422336 4.34
45.480712 4.34
45.549337 4.34
45.612963 4.34
45.671338 4.34
45.729714 4.34
45.798339 4.34
45.856715 4.34
45.925340 4.34
45.983716 4.34
46.052341 4.34
46.110717 4.34
46.179342 4.34
46.242968 4.34
46.301343 4.34
46.359719 4.34
46.428344 4.34
46.486720 4.34
46.555346 4.34
46.613720 4.34
46.682347 4.34
46.742473 4.34
46.795722 4.34
46.864348 4.34
46.922723 4.34
46.991349 4.34
47.054975 4.34
47.104725 4.34
47.173350 4.34
47.236975 4.34
47.288353 4.34
47.348353 4.34
47.403354 4.34
47.466853 4.34
47.525229 4.34
47.580229 4.68
47.635356 6.36
47.709231 6.36
47.765481 6.36
47.834232 6.36
47.881636 6.36
47.935358 6.68
47.991233 6.68
48.047639 6.68
48.101359 6.68
48.170360 6.68
48.240134 6.68
48.299362 6.68
48.363487 6.68
48.432237 6.68
48.501659 7.02
48.555649 7.02
48.615004 7.02
48.678881 7.02
48.732489 7.02
48.802019 7.02
48.877014 7.37
48.941010 7.37
49.005008 7.37
49.079247 7.37
49.143370 7.37
49.212368 7.37
49.276368 7.37
49.340369 7.69
49.401377 7.69
49.461031 7.69
49.515015 7.69
49.579013 7.69
49.642890 7.69
49.703251 8.03
49.767499 8.03
49.826373 7.69
49.895374 8.03
49.959504 8.03
50.013377 8.03
50.072375 8.03
50.123140 8.03
50.170501 8.03
50.229376 8.35
50.284505 8.35
50.334674 8.35
50.388254 8.35
50.457128 8.35
50.504378 8.35
50.555012 8.70
50.618507 8.70
50.687131 8.70
50.734380 8.70
50.785005 8.70
50.848509 8.70
50.917133 8.70
50.975507 8.70
51.044131 8.70
51.102507 9.04
51.167517 9.04
51.221778 9.04
51.280777 9.04
51.349776 9.04
51.403385 9.04
51.467801 9.36
51.531811 9.36
51.590780 9.36
51.654780 9.36
51.714039 9.36
51.773675 9.36
51.834390 9.36
51.893390 9.71
51.957141 9.71
52.021521 9.71
52.075269 9.71
52.139393 9.71
52.198267 9.71
52.262393 9.71
52.322064 10.03
52.386396 10.03
52.442221 10.03
52.506721 10.03
52.577071 10.03
52.642050 10.03
52.713171 10.03
52.783410 10.03
52.843051 10.03
52.900164 10.03
52.955400 10.03
53.019025 10.03
53.075937 10.03
53.144651 10.03
53.200915 10.03
53.259403 10.03
53.328046 10.03
53.375277 10.03
53.425920 10.03
53.489797 10.03
53.559043 10.03
53.628280 10.03
53.678906 10.03
53.742405 10.03
53.806034 10.03
53.866281 10.03
53.925182 10.03
53.989032 10.03
54.053282 10.03
54.112163 10.03
54.181170 10.03
54.250283 10.03
54.300924 10.03
54.369660 10.03
54.428052 10.03
54.486411 9.71
54.555051 10.03
54.613412 10.03
54.677054 9.71
54.737194 10.03
54.795804 10.03
54.859413 10.03
54.923039 9.71
54.992291 10.03
55.056166 10.03
55.120166 10.03
55.184041 10.03
55.253042 10.03
55.322167 10.03
55.391168 10.03
55.459918 10.03
55.515081 10.03
55.578709 10.03
55.642554 10.03
55.703070 10.03
55.757813 10.03
55.816700 9.71
55.875297 10.03
55.934173 10.03
55.998066 10.03
56.052549 10.03
56.116551 10.03
56.180549 10.03
56.249553 10.03
56.318963 10.03
56.387926 10.03
56.435176 10.03
56.486089 10.03
56.555182 10.03
56.623928 10.03
56.684055 10.03
56.739803 10.03
56.798304 10.03
56.866947 10.03
56.936180 10.03
57.000056 10.03
57.064182 10.03
57.133057 9.71
57.196950 9.71
57.261059 9.71
57.325185 9.36
57.389061 8.70
57.453060 8.35
57.517060 8.35
57.586186 8.35
57.652089 8.35
57.711187 8.35
57.770064 8.35
57.839188 7.69
57.898070 7.37
57.967064 6.68
58.031189 6.68
58.090065 6.68
58.158955 6.68
58.223080 6.68
58.287191 6.68
58.345960 6.68
58.415193 6.68
58.474196 6.68
58.538444 6.68
58.602599 6.68
58.661444 6.68
58.725599 6.68
58.789446 6.68
58.850084 6.68
58.905071 6.68
58.969072 6.68
59.029197 6.68
59.087948 6.68
59.151963 6.68
59.216073 6.68
59.275092 6.68
59.338966 6.68
59.408450 6.68
59.472604 6.68
59.536606 6.68
59.600451 6.68
59.654094 6.68
59.718078 6.68
59.777092 6.68
59.841094 6.68
59.909969 6.68
59.965704 6.68
60.029205 6.68
60.098096 6.68
60.162096 6.68
60.236457 6.68
60.298457 6.68
60.362613 6.68
60.428334 6.68
60.492459 6.68
60.551460 6.68
60.615460 6.68
60.674460 6.68
60.738461 6.68
60.804124 6.68
60.878087 6.68
60.943338 6.68
60.997088 6.68
61.056089 6.68
61.119839 6.68
61.189222 6.68
61.243094 6.68
61.311716 6.68
61.377107 6.68
61.432092 6.68
61.491109 6.68
61.560781 6.68
61.626847 6.68
61.690986 6.68
61.751098 6.68
61.806095 6.36
61.869720 6.68
61.921472 6.68
61.977627 6.68
62.028613 6.68
62.092097 6.68
62.151114 6.68
62.206098 6.68
62.266654 6.68
62.327995 6.68
62.382978 6.68
62.433606 6.68
62.497101 6.68
62.565726 6.68
62.624226 6.68
62.678119 6.68
62.733102 6.68
62.796978 6.68
62.860477 6.68
62.929103 6.68
62.997732 6.68
63.056106 6.36
63.124730 6.36
63.183106 6.36
63.251731 6.36
63.310106 6.36
63.378742 6.36
63.449239 6.36
63.512737 6.36
63.571113 6.36
63.639736 6.36
63.699739 6.36
63.753667 6.36
63.817612 6.36
63.881764 6.36
63.955641 6.36
64.021113 6.36
64.074644 6.36
64.135114 6.36
64.193644 6.36
64.244993 6.36
64.313616 6.36
64.370007 6.36
64.438756 6.36
64.512653 6.36
64.581646 6.36
64.655743 6.36
64.730008 6.36
64.798648 6.36
64.868243 6.36
64.926620 6.36
64.992378 6.36
65.061121 6.36
65.114761 6.36
65.170497 6.36
65.234763 6.36
65.308649 6.36
65.372624 6.36
65.431124 6.36
65.484764 6.36
65.564015 6.36
65.627778 6.36
65.691768 6.36
65.760766 6.36
65.834656 6.36
65.905833 6.36
65.964645 6.36
66.024769 6.36
66.079769 6.36
66.134771 6.36
66.189774 6.36
66.244774 6.36
66.299786 6.36
66.364025 6.36
66.432662 6.36
66.506758 6.36
66.575634 6.36
66.644760 6.36
66.718664 6.36
66.792665 6.36
66.853028 6.36
66.911761 6.36
66.980737 6.36
67.036140 6.36
67.089672 6.36
67.163769 6.36
67.227513 6.36
67.279014 6.36
67.342514 6.36
67.403029 6.36
67.466666 6.36
67.540667 6.36
67.614517 6.36
67.661769 6.36
67.712393 6.36
67.776268 6.36
67.840268 6.36
67.905671 6.36
67.969798 6.36
68.028519 6.36
68.087043 6.36
68.145522 6.36
68.220396 6.36
68.284272 6.36
68.348040 6.36
68.412038 6.36
68.465524 6.36
68.530423 6.36
68.593901 6.36
68.662529 6.36
68.720902 6.36
68.789528 6.36
68.853414 6.36
68.924690 6.36
68.983654 6.36
69.052528 6.36
69.121529 6.36
69.190529 6.36
69.256659 6.36
69.325657 6.36
69.394530 6.36
69.463531 6.36
69.532532 6.36
69.607415 6.36
69.662408 6.36
69.727546 6.36
69.780801 6.36
69.849541 6.36
69.918410 6.36
69.979543 6.36
70.044552 6.36
70.113412 6.36
70.184056 6.36
70.242546 6.36
70.311413 6.36
70.371815 6.36
70.440547 6.36
70.509691 6.36
70.573543 6.36
70.637415 6.36
70.706567 6.36
70.762297 6.36
70.821419 6.36
70.890547 6.36
70.954697 6.36
71.023418 6.36
71.081946 6.36
71.140549 6.36
71.204702 6.36
71.263421 6.36
71.332701 6.36
71.391422 6.36
71.460549 6.36
71.524423 6.36
71.593174 6.36
71.657299 6.36
71.710817 6.36
71.769553 6.36
71.828425 6.36
71.892952 6.36
71.951679 6.36
72.010427 6.36
72.081069 6.36
72.141428 6.36
72.211818 6.36
72.275588 6.36
72.339555 6.36
72.408432 6.36
72.468434 6.36
72.528433 6.36
72.583461 6.36
72.638433 6.36
72.693462 6.36
72.744308 6.36
72.805201 6.36
72.864076 6.36
72.923059 6.36
72.983435 6.36
73.047310 6.36
73.121310 6.36
73.168580 6.36
73.219186 6.36
73.282704 6.36
73.351438 6.36
73.415438 6.36
73.474438 6.36
73.538592 6.36
73.598315 6.36
73.667317 6.36
73.725694 6.36
73.794319 6.36
73.852696 6.36
73.921320 6.36
73.979696 6.36
74.043451 6.36
74.112444 6.36
74.171445 6.36
74.235320 6.36
74.304446 6.36
74.368771 6.36
74.433199 6.36
74.497090 6.36
74.561197 6.36
74.620073 6.36
74.678948 6.36
74.739449 6.36
74.803449 6.36
74.867452 6.36
74.926452 6.36
74.985616 6.36
75.039452 6.36
75.103327 6.36
75.172607 6.36
75.231453 6.36
75.290328 6.36
75.359454 6.36
75.423332 6.36
75.492330 6.36
75.562096 6.36
75.620971 6.36
75.689610 6.36
75.748206 6.68
75.795611 6.36
75.864208 6.68
75.911459 6.36
75.980210 6.68
76.027459 6.68
76.091335 6.36
76.165211 6.36
76.228851 6.36
76.282336 6.36
76.338103 6.36
76.396856 6.36
76.450338 6.36
76.506105 6.36
76.564839 6.36
76.618492 6.36
76.677342 6.36
76.741215 6.36
76.815343 6.36
76.880229 6.36
76.954859 6.36
77.019102 6.36
77.079093 6.36
77.138471 6.36
77.197628 6.36
77.251346 6.36
77.325218 6.36
77.387375 6.36
77.445845 6.36
77.511221 6.36
77.585222 6.36
77.649349 6.36
77.713348 6.36
77.783724 6.36
77.837348 6.36
77.911229 6.36
77.986017 6.36
78.035992 6.36
78.100234 6.36
78.166256 6.36
78.217239 6.36
78.281480 6.36
78.340485 6.36
78.390478 6.36
78.460122 6.36
78.516118 6.36
78.577980 6.36
78.646732 6.36
78.700246 6.36
78.759658 0.05
78.818747 6.36
78.873016 6.36
78.932114 6.36
79.001362 6.36
79.060359 6.36
79.124237 6.36
79.193359 6.36
79.257236 6.36
79.326488 6.36
79.387612 6.36
79.446362 6.36
79.510239 6.36
79.579116 12.32
79.648114 6.36
79.722239 0.05
79.786367 6.36
79.855240 6.36
79.929241 6.36
80.003117 6.36
80.077134 6.36
80.151118 6.36
80.215499 6.36
80.274892 6.36
80.339259 6.36
80.400262 6.36
80.459790 6.36
80.524502 6.36
80.584020 6.36
80.640022 6.36
80.701510 6.36
80.755754 6.36
80.813131 6.36
80.886152 6.36
80.945910 6.36
81.010708 6.36
81.071379 6.36
81.140000 6.36
81.191143 6.36
81.260638 6.36
81.315808 6.36
81.379906 6.36
81.431133 6.36
81.495004 6.36
81.542381 6.36
81.601131 6.36
81.657023 6.36
81.704384 6.36
81.758006 6.36
81.805381 6.36
81.865667 6.36
81.934508 6.36
81.994758 6.36
82.063636 6.36
82.127659 6.36
82.191384 6.36
82.246384 6.36
82.305513 6.36
82.364136 6.36
82.428891 6.36
82.488262 6.36
82.552271 6.36
82.616156 6.36
82.690928 6.36
82.757425 6.36
82.811264 6.36
82.870140 6.36
82.939140 6.36
83.003143 6.36
83.067029 6.36
83.136144 6.36
83.205142 6.36
83.269145 6.36
83.333159 6.36
83.392018 6.36
83.456161 6.36
83.520397 6.36
83.584065 6.36
83.648406 6.36
83.702935 6.36
83.763820 6.36
83.817772 6.36
83.886524 6.36
83.950676 6.36
84.014939 6.36
84.079149 6.36
84.148150 6.36
84.207026 6.36
84.262791 6.36
84.321831 6.36
84.381041 6.36
84.445042 6.36
84.500778 6.36
84.564278 6.36
84.623029 6.36
84.692044 6.36
84.747780 6.36
84.811281 6.36
84.874922 6.36
84.934907 6.36
85.004157 6.36
85.068287 6.36
85.132805 6.36
85.183944 6.36
85.248800 6.36
85.302293 6.68
85.361285 6.68
85.425163 6.36
85.488910 6.68
85.562945 6.68
85.632162 6.68
85.701162 6.68
85.765177 6.68
85.828929 6.68
85.893056 6.68
85.957165 6.68
86.016056 