0.000000 0.000000
0.052576 42.78
0.112667 42.78
0.173501 42.78
0.232765 42.78
0.282748 42.22
0.332747 42.22
0.382747 42.22
0.443122 42.22
0.499774 42.22
0.553399 42.22
0.617273 42.22
0.681278 42.22
0.751424 42.22
0.816528 42.22
0.870918 42.22
0.936012 42.22
0.991419 42.22
1.053786 42.22
1.099394 42.22
1.154405 42.22
1.218283 42.22
1.282284 42.22
1.346280 42.22
1.406032 42.22
1.465655 42.22
1.516886 42.22
1.580883 42.22
1.644758 42.22
1.708774 42.22
1.772771 42.22
1.836775 42.22
1.907287 42.22
1.971288 42.22
2.035285 42.22
2.099290 42.22
2.163263 42.22
2.227288 42.22
2.291264 42.22
2.355278 42.22
2.419288 42.22
2.483290 42.22
2.547268 42.22
2.606265 42.22
2.670266 42.22
2.734141 42.22
2.792782 42.22
2.856781 42.22
2.920784 42.22
2.984783 42.22
3.059269 42.22
3.123270 42.22
3.187297 42.22
3.251271 42.22
3.310146 42.22
3.359536 42.22
3.418273 42.22
3.477274 42.22
3.536148 42.22
3.594789 42.22
3.650773 41.67
3.714274 42.22
3.784650 41.67
3.830149 41.67
3.879525 41.67
3.939651 41.67
3.985151 41.67
4.043526 41.67
4.107026 41.67
4.160278 41.67
4.234027 41.67
4.287279 41.67
4.361028 41.67
4.414280 41.67
4.488029 41.67
4.541281 41.67
4.615030 41.67
4.668282 41.67
4.742032 41.67
4.795283 41.67
4.869033 41.67
4.922284 41.67
4.996034 41.67
5.049285 41.67
5.123034 41.67
5.176286 41.67
5.250035 41.67
5.303287 41.67
5.377036 41.67
5.430288 41.67
5.504037 41.67
5.559037 41.67
5.613913 41.67
5.672290 41.67
5.746039 41.67
5.800915 41.67
5.860915 41.67
5.920915 41.67
5.980917 41.67
6.040917 41.67
6.100917 41.67
6.160918 41.67
6.220918 41.67
6.280918 41.67
6.334169 41.67
6.404546 41.67
6.459546 41.67
6.514046 41.67
6.572421 41.67
6.632547 41.67
6.687048 41.67
6.737673 41.67
6.801173 41.67
6.871550 41.67
6.917049 41.67
6.967674 41.67
7.031175 41.67
7.104925 41.67
7.158176 41.67
7.231926 41.67
7.285177 41.67
7.358927 41.67
7.412178 41.67
7.485928 41.67
7.539179 41.67
7.612929 41.67
7.666180 41.67
7.739930 41.67
7.793181 41.67
7.866931 41.67
7.920181 41.67
7.993933 41.67
8.047183 41.67
8.120934 41.67
8.175934 41.67
8.229184 41.67
8.302935 41.67
8.356186 41.67
8.429935 41.67
8.484811 41.67
8.544812 41.67
8.604812 41.67
8.664814 41.67
8.724813 41.67
8.784818 41.67
8.844814 41.67
8.908318 41.67
8.968443 41.67
9.023443 41.67
9.086941 41.67
9.141820 41.67
9.195067 41.67
9.265445 41.67
9.320445 41.67
9.375446 41.67
9.429944 41.67
9.488321 41.67
9.548447 41.67
9.593945 41.67
9.644571 41.67
9.708071 41.67
9.781822 41.67
9.835072 41.67
9.908823 41.67
9.962074 41.67
10.035824 41.67
10.089075 41.67
10.162825 41.67
10.216076 41.67
10.289826 41.67
10.343076 41.67
10.416827 41.67
10.470077 41.67
10.543828 41.67
10.597078 41.67
10.670829 41.67
10.724079 41.67
10.797830 41.67
10.851080 41.67
10.924832 41.67
10.978081 41.67
11.051831 41.67
11.105082 41.67
11.178959 41.67
11.252960 41.67
11.322086 41.67
11.395961 41.67
11.469961 41.67
11.535340 41.67
11.600837 41.67
11.674963 41.67
11.748964 41.67
11.814357 41.67
11.872965 41.67
11.938343 41.67
11.996965 41.67
12.065966 41.67
12.131345 41.67
12.189968 41.67
12.253968 41.67
12.314345 41.67
12.378093 41.67
12.441845 41.67
12.510970 41.67
12.579970 41.67
12.649371 41.67
12.713096 41.67
12.776972 41.67
12.845972 41.67
12.914973 41.67
12.970099 41.67
13.034500 41.67
13.088099 41.67
13.156975 41.67
13.220850 41.67
13.289851 41.67
13.353976 41.67
13.422978 41.67
13.486978 41.67
13.555978 41.67
13.619979 41.67
13.688979 41.67
13.757979 41.67
13.826856 41.67
13.890856 41.67
13.964856 41.67
14.038981 41.67
14.107983 41.67
14.171858 41.67
14.240734 41.67
14.299108 41.67
14.367733 41.67
14.422626 41.67
14.477751 41.67
14.546987 41.67
14.602111 41.67
14.660737 41.67
14.729863 41.67
14.790241 41.67
14.854240 41.67
14.918114 41.67
14.976740 41.67
15.040865 41.67
15.104741 41.67
15.170245 41.67
15.234244 41.67
15.298244 41.67
15.356868 41.67
15.420760 41.67
15.489759 41.67
15.558759 41.67
15.627759 41.67
15.691870 41.67
15.760871 41.67
15.824762 41.67
15.893762 41.67
15.962763 41.67
16.031998 41.67
16.090749 41.67
16.159999 41.67
16.218765 41.67
16.287764 41.67
16.356764 41.67
16.425876 41.67
16.489752 41.67
16.558877 41.67
16.622877 41.67
16.686878 41.67
16.750769 41.67
16.820004 41.67
16.884005 41.67
16.948005 41.67
17.011772 41.67
17.080773 41.67
17.144881 41.67
17.205007 41.67
17.269133 41.67
17.320524 41.67
17.374134 41.67
17.425289 41.67
17.489135 41.67
17.553135 41.67
17.612136 41.67
17.676263 41.67
17.729762 41.67
17.788777 41.67
17.852888 41.67
17.911777 41.67
17.970780 41.67
18.034777 41.67
18.098782 41.67
18.162780 41.67
18.226781 41.67
18.285782 41.67
18.349783 41.67
18.413781 41.67
18.477784 41.67
18.541782 41.67
18.600785 41.67
18.664785 41.67
18.728783 41.67
18.792787 41.67
18.856786 41.67
18.915786 41.67
18.979788 41.67
19.043785 41.67
19.107789 41.67
19.171790 41.67
19.230790 41.67
19.294524 41.67
19.353024 41.67
19.414899 41.67
19.483525 41.67
19.542025 41.67
19.603900 41.67
19.672527 41.67
19.731027 41.67
19.782403 41.67
19.840777 41.67
19.914529 41.67
19.969403 41.67
20.029404 41.67
20.089405 41.67
20.149405 41.67
20.209405 41.67
20.269406 41.67
20.324406 41.67
20.377657 41.67
20.448033 41.67
20.503034 41.67
20.558034 41.67
20.603534 41.67
20.654159 41.67
20.717659 41.67
20.788036 41.67
20.833536 41.67
20.891911 41.67
20.952038 41.67
20.997537 41.67
21.048163 41.67
21.111663 41.67
21.185414 41.67
21.238664 41.67
21.312414 41.67
21.376040 41.67
21.444666 41.67
21.518417 41.67
21.571667 41.67
21.645417 41.67
21.698668 41.67
21.772419 41.67
21.825669 41.67
21.899420 41.67
21.952670 41.67
22.026421 41.67
22.090046 41.67
22.160422 41.67
22.213672 41.67
22.287423 41.67
22.340673 41.67
22.414423 41.67
22.469424 41.67
22.524301 41.67
22.584301 41.67
22.642675 41.67
22.716426 41.67
22.771302 41.67
22.831303 41.67
22.891304 41.67
22.951304 41.67
23.011305 41.67
23.071305 41.67
23.134804 41.67
23.194931 41.67
23.249932 41.67
23.295431 41.67
23.344806 41.67
23.404933 41.67
23.450432 41.67
23.499807 41.67
23.559934 41.67
23.605433 41.67
23.656059 41.67
23.719559 41.67
23.789937 41.67
23.835436 41.67
23.886060 41.67
23.949562 41.67
24.023315 41.67
24.074061 41.67
24.137562 41.67
24.211319 41.67
24.264564 41.67
24.338318 41.67
24.401940 41.67
24.470566 41.67
24.544317 41.67
24.597566 41.67
24.671317 41.67
24.724567 41.67
24.798318 41.67
24.851568 41.67
24.925319 41.67
24.978569 41.67
25.052323 41.67
25.117695 41.67
25.186321 41.67
25.249821 41.67
25.313322 41.67
25.368197 41.67
25.428197 41.67
25.488198 41.67
25.548199 41.67
25.608199 41.67
25.668200 41.67
25.728200 41.67
25.788200 41.67
25.841451 41.67
25.915328 41.67
25.970202 41.67
26.023453 41.67
26.088829 41.67
26.143830 41.67
26.198831 41.67
26.253831 41.67
26.308832 41.67
26.363832 41.67
26.422206 41.67
26.475457 41.11
26.549207 41.67
26.602458 41.67
26.672834 41.11
26.718333 41.11
26.768958 41.67
26.827459 41.67
26.897836 41.67
26.943335 41.11
26.993960 41.11
27.057461 41.11
27.131211 41.67
27.208340 41.11
27.282338 41.11
27.356340 41.11
27.430340 41.11
27.502489 41.67
27.571492 41.11
27.640223 41.67
27.695224 41.11
27.750224 41.11
27.819223 41.11
27.883368 41.11
27.947223 41.11
28.011225 41.11
28.083735 41.11
28.138845 41.11
28.221371 41.11
28.285736 41.11
28.346097 41.11
28.399739 41.11
28.454739 41.11
28.514849 41.11
28.570099 41.11
28.619739 41.11
28.697234 41.11
28.765851 41.11
28.824741 41.11
28.884977 41.11
28.943742 41.11
29.003853 41.11
29.062743 41.11
29.126744 41.11
29.190744 41.11
29.254617 41.11
29.318105 41.11
29.371355 41.11
29.445104 41.11
29.498356 41.11
29.572106 41.11
29.625357 41.11
29.699107 41.11
29.752358 41.11
29.826108 41.11
29.879358 41.11
29.953110 41.11
30.006360 41.11
30.075110 41.11
30.128361 41.11
30.202113 41.11
30.255362 41.11
30.329112 41.11
30.382364 41.11
30.456113 41.11
30.509364 41.11
30.583114 41.11
30.636367 41.11
30.705115 41.11
30.758366 41.11
30.832116 41.11
30.886992 41.11
30.945367 41.11
31.019118 41.11
31.073993 41.11
31.133993 41.11
31.193993 41.11
31.253994 41.11
31.317621 41.11
31.368995 41.11
31.422247 41.11
31.487371 41.11
31.552624 41.11
31.607624 41.11
31.671123 41.11
31.725998 41.11
31.779250 41.11
31.849626 41.11
31.904627 41.11
31.950125 41.11
31.999500 41.11
32.059627 41.11
32.105127 41.11
32.163502 41.11
32.223628 41.11
32.269128 41.11
32.319753 41.11
32.383255 41.11
32.457003 41.11
32.510255 41.11
32.584005 41.11
32.637256 41.11
32.711006 41.11
32.764257 41.11
32.838007 41.11
32.891258 41.11
32.965008 41.11
33.018259 41.11
33.092009 41.11
33.145260 41.11
33.219010 41.11
33.272262 41.11
33.346011 41.11
33.399263 41.11
33.473012 41.11
33.526264 41.11
33.600013 41.11
33.655013 41.11
33.708265 41.11
33.782014 41.11
33.836890 41.11
33.896891 41.11
33.955267 41.11
34.029017 41.11
34.083893 41.11
34.143892 41.11
34.203893 41.11
34.263894 41.11
34.317144 41.11
34.387521 41.11
34.442522 41.11
34.497522 41.11
34.552523 41.11
34.607523 41.11
34.662524 41.11
34.717022 41.11
34.767648 41.11
34.831148 41.11
34.901525 41.11
34.956024 41.11
35.006650 41.11
35.070150 41.11
35.140527 41.11
35.186026 41.11
35.236651 41.11
35.300153 41.11
35.373902 41.11
35.427153 41.11
35.500903 41.11
35.554154 41.11
35.627904 41.11
35.681155 41.11
35.754906 41.11
35.808156 41.11
35.881907 41.11
35.935157 41.11
36.008908 41.11
36.062158 41.11
36.135909 41.11
36.189160 41.11
36.262909 41.11
36.316160 41.11
36.389911 41.11
36.444911 41.11
36.498161 41.11
36.571912 41.11
36.626788 41.11
36.685163 41.11
36.758914 41.11
36.813789 41.11
36.877290 41.11
36.945915 41.11
37.000791 41.11
37.060790 41.11
37.120791 41.11
37.184293 41.11
37.244419 41.11
37.299419 41.11
37.354420 41.11
37.399919 41.11
37.449295 41.11
37.509421 41.11
37.554920 41.11
37.605546 41.11
37.669046 41.11
37.742797 41.11
37.796047 41.11
37.866424 41.11
37.911922 41.11
37.962548 41.11
38.026049 41.11
38.099800 41.11
38.153049 41.11
38.226801 41.11
38.280051 41.11
38.353802 41.11
38.407052 41.11
38.480803 41.11
38.534053 41.11
38.607803 41.11
38.661055 41.11
38.734805 41.11
38.788055 41.11
38.861805 41.11
38.916806 41.11
38.970056 41.11
39.043807 41.11
39.097057 41.11
39.170809 41.11
39.225809 41.11
39.280809 41.11
39.335810 41.11
39.390685 41.11
39.450685 41.11
39.510686 41.11
39.570687 41.11
39.634186 41.11
39.702813 41.11
39.757688 41.11
39.817688 41.11
39.877689 41.11
39.941189 41.11
40.001316 41.11
40.056317 41.11
40.110815 41.11
40.169191 41.11
40.229319 41.11
40.284319 41.11
40.338818 41.11
40.389443 41.11
40.452943 41.11
40.523321 41.11
40.568819 41.11
40.619445 41.11
40.682946 41.11
40.753323 41.11
40.798821 41.11
40.849447 41.11
40.907947 41.11
40.981697 41.11
41.034947 41.11
41.103699 41.11
41.156949 41.11
41.230700 41.11
41.283950 41.11
41.357701 41.11
41.410951 41.11
41.484702 41.11
41.537952 41.11
41.611703 41.11
41.664953 41.11
41.733704 41.11
41.786954 41.11
41.860705 41.11
41.913955 41.11
41.987847 41.11
42.056832 41.11
42.125833 41.11
42.199849 41.11
42.268834 41.11
42.342960 41.11
42.416849 41.11
42.490961 41.11
42.559836 41.11
42.633851 41.11
42.702850 41.11
42.771852 41.11
42.840852 41.11
42.901222 41.11
42.954729 41.11
43.020225 41.11
43.065731 41.11
43.131225 41.11
43.176732 41.11
43.254225 41.11
43.312843 41.11
43.376967 41.11
43.440969 41.11
43.508223 41.11
43.572370 41.11
43.649970 41.11
43.713970 41.11
43.781228 41.11
43.850373 41.11
43.922847 41.11
43.986738 41.11
44.050848 41.11
44.114740 41.11
44.187228 41.11
44.245850 41.11
44.309976 41.11
44.373976 41.11
44.437976 41.11
44.501977 41.11
44.565977 41.11
44.629978 41.11
44.693979 41.11
44.752744 41.11
44.821980 41.11
44.885980 41.11
44.949980 41.11
45.013748 41.11
45.082981 41.11
45.146982 41.11
45.210748 41.11
45.279748 41.11
45.348749 41.11
45.417984 41.11
45.476748 41.11
45.545750 41.11
45.611112 41.11
45.661735 41.11
45.732112 41.11
45.777736 41.11
45.841754 41.11
45.900755 41.11
45.964755 41.11
46.028754 41.11
46.092754 41.11
46.163119 41.11
46.208757 41.11
46.272757 41.11
46.336867 41.11
46.390767 41.11
46.454868 41.11
46.513869 41.11
46.572869 41.11
46.631869 41.11
46.690869 41.11
46.749870 41.11
46.803762 41.11
46.867871 41.11
46.926871 41.11
46.985872 41.11
47.044873 41.11
47.103872 41.11
47.162873 41.11
47.216762 41.11
47.280874 41.11
47.339874 41.11
47.398875 41.11
47.457876 41.11
47.516767 41.11
47.580766 41.11
47.644766 41.11
47.708768 41.11
47.772767 41.11
47.836769 41.11
47.895768 41.11
47.959755 41.11
48.033504 41.11
48.088380 41.11
48.148380 41.11
48.208381 41.11
48.268382 41.11
48.335055 41.11
48.389137 41.67
48.458651 41.67
48.522650 41.67
48.596654 41.67
48.660653 41.67
48.731038 41.67
48.795012 41.67
48.859018 41.67
48.928781 41.67
48.987532 41.67
49.038139 41.67
49.097014 41.67
49.176670 41.67
49.246790 41.67
49.300662 41.67
49.364534 41.67
49.428546 41.67
49.498678 41.67
49.563146 41.67
49.622019 41.67
49.695894 41.67
49.749682 42.22
49.803675 42.22
49.867539 42.22
49.936547 42.22
50.005539 42.22
50.071565 42.22
50.137901 42.22
50.191775 42.22
50.250666 42.22
50.324550 42.22
50.384028 42.22
50.447901 42.22
50.518401 42.22
50.572026 42.22
50.631157 42.22
50.700796 42.22
50.759543 42.22
50.818403 42.22
50.870932 42.22
50.916779 42.22
50.967160 42.22
51.026426 42.22
51.085451 42.22
51.144454 42.22
51.213797 42.22
51.278695 42.22
51.337909 42.22
51.401908 42.22
51.470784 42.22
51.535561 42.22
51.605789 42.22
51.659429 42.22
51.718428 42.22
51.783941 42.78
51.848680 42.22
51.907913 42.22
51.966912 42.78
52.030913 42.78
52.100169 42.78
52.169323 42.78
52.233430 42.78
52.302318 42.78
52.371321 42.78
52.441569 42.78
52.500920 42.78
52.569918 42.78
52.633792 42.78
52.693180 42.78
52.758174 42.78
52.822810 42.78
52.876441 42.78
52.945595 42.78
53.000176 42.78
53.059420 42.78
53.122921 42.78
53.191546 42.78
53.265298 42.78
53.323926 42.78
53.392799 43.33
53.458347 43.33
53.522330 43.33
53.586301 43.33
53.641174 43.33
53.696176 43.33
53.749456 43.33
53.813443 43.33
53.878698 43.33
53.932571 43.33
54.001453 43.33
54.065332 43.33
54.129331 43.33
54.184718 43.33
54.235807 43.33
54.300067 43.33
54.360316 43.33
54.435321 43.33
54.504813 43.33
54.562841 43.33
54.623462 43.33
54.678466 43.33
54.742709 43.33
54.803585 43.33
54.857477 43.33
54.913071 43.33
54.978071 43.33
55.053320 43.33
55.117815 43.33
55.187439 43.33
55.251814 43.33
55.326315 43.33
55.386322 43.33
55.450523 43.33
55.509345 43.33
55.583468 43.33
55.647191 43.33
55.716336 43.33
55.790319 43.33
55.859363 43.33
55.923320 43.33
55.988712 43.33
56.054194 43.33
56.109196 43.33
56.183348 43.33
56.247460 43.33
56.311323 43.33
56.375323 43.33
56.439198 43.33
56.502948 43.33
56.566829 43.33
56.630701 43.33
56.691356 43.33
56.755200 43.33
56.819354 43.33
56.883201 43.33
56.932577 43.33
56.992703 43.33
57.038202 43.89
57.087578 43.89
57.147704 43.89
57.193203 43.89
57.251579 43.89
57.306739 43.89
57.352331 43.89
57.422714 43.33
57.468208 43.89
57.518832 43.89
57.582631 43.89
57.641335 43.89
57.710340 43.89
57.774334 43.89
57.848337 43.89
57.912210 43.89
57.976086 43.89
58.034603 43.33
58.098086 43.33
58.151337 43.33
58.220218 43.33
58.294220 43.33
58.359490 43.33
58.423224 43.33
58.497090 43.33
58.550341 43.33
58.624091 43.33
58.677342 43.33
58.751093 43.33
58.811734 43.33
58.875735 43.33
58.939733 42.78
59.003737 42.78
59.067737 42.78
59.131724 42.78
59.201973 42.78
59.261973 42.78
59.321974 42.78
59.381974 42.78
59.441975 42.78
59.495373 42.78
59.555601 42.78
59.605098 42.78
59.654489 42.78
59.708099 42.78
59.757740 42.78
59.816500 42.78
59.870484 42.78
59.920856 42.78
59.985231 42.78
60.044229 42.78
60.099102 42.78
60.149728 42.78
60.215104 42.78
60.284233 42.78
60.339105 42.78
60.403232 42.78
60.458105 42.78
60.522240 42.78
60.577271 42.78
60.636111 42.78
60.686735 42.78
60.750238 42.78
60.823986 42.78
60.877235 42.78
60.951252 42.78
61.012111 42.78
61.086274 42.78
61.150110 42.78
61.214111 42.78
61.278112 42.78
61.337501 42.78
61.402994 42.78
61.462114 42.78
61.526114 42.78
61.590115 42.78
61.649114 42.78
61.713115 42.78
61.772115 42.78
61.845991 42.78
61.900867 42.78
61.960867 42.78
62.020867 42.78
62.080868 42.78
62.140868 42.78
62.210122 42.78
62.269121 42.78
62.328120 42.78
62.387120 42.78
62.445996 42.78
62.496645 42.78
62.561418 42.78
62.611000 42.78
62.675125 42.78
62.729998 42.78
62.780641 42.78
62.844124 42.78
62.908544 42.78
62.973129 42.78
63.042128 42.78
63.101127 42.78
63.156128 42.78
63.225003 42.78
63.285128 42.78
63.340128 42.78
63.395129 42.78
63.450129 42.78
63.509130 42.78
63.568005 42.78
63.631508 42.78
63.700134 42.78
63.773884 42.78
63.827136 42.78
63.900887 42.78
63.954137 42.78
64.013134 42.78
64.072008 42.78
64.137290 42.78
64.196135 42.78
64.261885 42.78
64.327263 42.78
64.387144 42.78
64.447887 42.78
64.512013 42.78
64.577265 42.78
64.640888 42.78
64.710659 42.78
64.775765 42.78
64.841418 42.78
64.901766 42.78
64.967141 42.78
65.030892 42.78
65.100019 42.78
65.168894 42.78
65.237894 42.78
65.306894 42.78
65.357660 42.78
65.416145 42.78
65.474896 42.78
65.549021 42.78
65.622897 42.78
65.693428 42.78
65.752149 42.78
65.821151 42.78
65.879900 42.78
65.948899 42.78
66.017900 42.78
66.086901 42.78
66.155901 42.78
66.215153 42.78
66.279027 42.78
66.347903 42.78
66.416903 42.78
66.485779 42.78
66.555029 42.78
66.623905 42.78
66.692905 42.78
66.762031 42.78
66.830781 42.78
66.905159 42.78
66.963908 42.78
67.037908 42.78
67.111783 42.78
67.186034 42.78
67.260163 42.78
67.319661 42.78
67.378316 42.78
67.448912 42.78
67.522912 42.78
67.596913 42.78
67.661039 42.78
67.716038 42.78
67.789914 42.78
67.858915 42.22
67.929318 42.78
67.988177 42.78
68.043167 42.78
68.098166 42.22
68.144042 42.78
68.199322 42.22
68.254043 42.78
68.318043 42.78
68.379312 42.78
68.444048 42.22
68.503045 42.22
68.566921 42.78
68.627323 42.22
68.689327 42.78
68.752927 42.22
68.823303 42.78
68.868801 42.78
68.919426 42.78
68.982927 42.22
69.056677 42.22
69.121582 42.78
69.181055 42.78
69.245053 42.78
69.303927 42.22
69.367802 42.78
69.436928 42.22
69.496567 42.78
69.555179 42.78
69.614054 42.78
69.677930 42.78
69.747056 42.78
69.815680 42.78
69.868932 42.78
69.942681 42.78
69.995931 42.78
70.069682 42.78
70.124682 42.78
70.177933 42.78
70.236809 42.78
70.305809 42.78
70.374934 42.22
70.448935 42.22
70.517936 42.78
70.587067 42.78
70.645815 42.78
70.714937 42.78
70.778938 42.78
70.837814 42.22
70.898228 42.78
70.943942 42.22
71.002834 42.22
71.066833 42.78
71.127230 42.22
71.172706 42.78
71.236817 42.22
71.301080 42.22
71.365196 42.22
71.425229 42.22
71.489349 42.78
71.542944 42.22
71.606945 42.78
71.666083 42.78
71.720821 42.78
71.784947 42.78
71.843822 42.78
71.907948 42.78
71.971948 42.78
72.040949 42.78
72.109948 42.78
72.173575 42.78
72.226825 42.78
72.295826 42.78
72.359826 42.78
72.419204 42.22
72.483202 42.78
72.547203 42.22
72.616203 42.78
72.680204 42.22
72.749209 42.22
72.809719 42.22
72.878829 42.78
72.942721 42.78
73.016831 42.22
73.085831 42.78
73.149849 42.78
73.218708 42.22
73.287709 42.78
73.356724 42.78
73.425584 42.78
73.480478 42.78
73.531223 42.78
73.591839 42.22
73.651224 42.78
73.711844 42.22
73.770966 42.78
73.834964 42.22
73.895090 42.22
73.950095 42.22
73.995731 42.78
74.064607 42.78
74.117118 42.78
74.162606 42.22
74.213221 42.78
74.276842 42.78
74.345485 42.78
74.404092 42.22
74.473469 42.78
74.532094 42.78
74.600718 42.78
74.664734 42.78
74.738488 42.78
74.796971 42.78
74.856231 42.78
74.909849 42.78
74.968503 42.78
75.026972 42.78
75.085598 42.78
75.149228 42.78
75.213984 42.78
75.274729 42.78
75.343620 42.22
75.417493 42.78
75.475977 42.22
75.539477 42.22
75.603743 42.78
75.673422 42.78
75.734433 42.78
75.799105 42.78
75.867149 42.22
75.931107 42.22
75.996385 42.22
76.056356 42.78
76.115106 42.78
76.184106 42.78
76.258889 42.78
76.314392 42.22
76.369501 42.78
76.430513 42.78
76.489741 42.78
76.549114 42.78
76.612988 42.22
76.688110 42.22
76.747111 42.22
76.806622 42.22
76.875989 42.22
76.945753 42.78
76.999991 42.22
77.080406 42.22
77.139631 42.78
77.203615 42.78
77.272745 42.22
77.341511 42.22
77.403026 42.22
77.458118 42.22
77.516868 42.22
77.575647 42.22
77.644998 42.22
77.709272 42.78
77.773377 42.78
77.831870 42.22
77.890370 42.22
77.943747 42.22
78.002624 42.22
78.061661 42.22
78.125515 42.78
78.189757 42.78
78.245123 42.22
78.309639 42.22
78.368639 42.78
78.432642 42.22
78.491789 42.22
78.551001 42.22
78.615131 42.22
78.676407 42.78
78.745646 42.78
78.799653 42.22
78.863650 42.22
78.927396 42.22
78.978133 42.22
79.033886 42.22
79.079757 42.22
79.125631 42.78
79.184654 42.78
79.243131 42.78
79.296769 42.78
79.355652 42.22
79.414766 42.78
79.468400 42.22
79.532384 42.22
79.601762 42.78
79.655398 42.78
79.719265 42.78
79.772761 42.22
79.826389 42.78
79.890388 42.22
79.954801 42.22
80