0.000000 0.000000
0.058159 61.00
0.123622 61.00
0.184492 61.00
0.238614 61.00
0.292739 61.00
0.338613 61.00
0.397379 61.00
0.461377 61.00
0.516364 61.00
0.580381 61.00
0.635366 62.00
0.699630 62.00
0.753876 61.00
0.818643 61.00
0.878631 61.00
0.943626 61.00
1.013748 61.00
1.072901 61.00
1.136994 61.00
1.200896 61.00
1.264897 61.00
1.328897 61.00
1.384943 61.00
1.444630 61.00
1.498913 61.00
1.563391 61.00
1.622374 62.00
1.686499 62.00
1.745391 61.00
1.809391 61.00
1.873391 61.00
1.942902 61.00
2.006905 62.00
2.070903 62.00
2.129753 61.00
2.188904 61.00
2.252904 61.00
2.316881 61.00
2.375881 61.00
2.430755 61.00
2.494882 61.00
2.549756 61.00
2.613631 61.00
2.659382 61.00
2.723397 61.00
2.783911 61.00
2.838758 61.00
2.893758 61.00
2.962909 61.00
3.019025 61.00
3.083400 61.00
3.147402 61.00
3.211151 61.00
3.261761 61.00
3.330888 61.00
3.394888 61.00
3.458892 61.00
3.509763 61.00
3.578890 61.00
3.653514 61.00
3.712390 61.00
3.776406 61.00
3.835158 61.00
3.909407 61.00
3.968158 61.00
4.032043 61.00
4.091160 61.00
4.160042 61.00
4.229034 61.00
4.284271 61.00
4.348036 61.00
4.403146 61.00
4.467037 61.00
4.537521 61.00
4.591163 61.00
4.660039 61.00
4.715149 61.00
4.768774 61.00
4.827399 61.00
4.886041 61.00
4.936775 61.00
4.995400 61.00
5.054040 61.00
5.123043 62.00
5.181652 62.00
5.245403 61.00
5.304043 61.00
5.373045 61.00
5.423779 61.00
5.487529 61.00
5.533170 61.00
5.602047 61.00
5.666048 61.00
5.716781 61.00
5.770157 61.00
5.843908 61.00
5.897157 61.00
5.970909 61.00
6.024158 61.00
6.097910 61.00
6.151159 61.00
6.224910 61.00
6.278160 61.00
6.351911 61.00
6.405162 61.00
6.478912 61.00
6.532162 61.00
6.605914 61.00
6.659163 61.00
6.732914 61.00
6.786165 61.00
6.859915 61.00
6.913165 61.00
6.986917 61.00
7.041918 61.00
7.096918 61.00
7.150167 61.00
7.223919 61.00
7.278793 61.00
7.338793 61.00
7.398794 61.00
7.457170 61.00
7.530920 61.00
7.585796 62.00
7.645796 62.00
7.705797 61.00
7.765797 61.00
7.825798 61.00
7.879048 61.00
7.949423 61.00
8.004424 61.00
8.059424 61.00
8.114425 61.00
8.169425 61.00
8.223928 61.00
8.273301 61.00
8.336802 61.00
8.390052 61.00
8.463803 62.00
8.517053 62.00
8.590804 62.00
8.644054 62.00
8.717805 62.00
8.771055 62.00
8.844806 61.00
8.898056 61.00
8.971933 62.00
9.036933 62.00
9.101934 61.00
9.167084 61.00
9.240935 61.00
9.314817 61.00
9.388936 61.00
9.462818 61.00
9.531687 61.00
9.590088 61.00
9.653938 61.00
9.727821 61.00
9.796565 61.00
9.867066 62.00
9.935966 62.00
10.009820 61.00
10.083821 61.00
10.152821 61.00
10.227442 61.00
10.291094 61.00
10.349694 61.00
10.414969 61.00
10.485445 61.00
10.554571 61.00
10.613094 61.00
10.673447 61.00
10.732097 62.00
10.796098 62.00
10.854824 61.00
10.920448 61.00
10.979098 61.00
11.044324 61.00
11.099324 61.00
11.144825 61.00
11.203199 61.00
11.266700 61.00
11.319950 61.00
11.393701 61.00
11.446952 61.00
11.520703 61.00
11.573953 61.00
11.647703 61.00
11.700954 62.00
11.774704 62.00
11.827955 61.00
11.901705 61.00
11.954956 61.00
12.028706 61.00
12.081957 61.00
12.155707 61.00
12.208958 61.00
12.282708 61.00
12.337709 61.00
12.390959 61.00
12.464710 61.00
12.517961 61.00
12.591711 61.00
12.644961 61.00
12.718712 61.00
12.773712 61.00
12.828588 61.00
12.888588 61.00
12.948127 61.00
13.018236 61.00
13.083717 61.00
13.152871 61.00
13.222232 62.00
13.271996 62.00
13.330873 62.00
13.391360 62.00
13.449998 61.00
13.505362 61.00
13.569471 61.00
13.622997 61.00
13.686874 61.00
13.745721 61.00
13.811365 61.00
13.875348 61.00
13.944598 61.00
14.003363 61.00
14.067349 61.00
14.136599 61.00
14.190003 61.00
14.248881 61.00
14.312881 61.00
14.382352 61.00
14.451602 61.00
14.505005 61.00
14.563883 62.00
14.622728 62.00
14.692006 61.00
14.756008 61.00
14.815009 62.00
14.873730 62.00
14.943008 61.00
15.001887 61.00
15.065887 61.00
15.135358 61.00
15.199483 61.00
15.263484 61.00
15.327609 62.00
15.382735 62.00
15.452006 61.00
15.516014 61.00
15.579986 61.00
15.643891 61.00
15.707737 61.00
15.771737 61.00
15.835870 61.00
15.899739 61.00
15.963739 61.00
16.027895 61.00
16.091740 61.00
16.155893 61.00
16.214741 61.00
16.278897 61.00
16.337742 61.00
16.401899 61.00
16.460743 61.00
16.524899 61.00
16.583744 61.00
16.647898 61.00
16.706745 61.00
16.770901 61.00
16.829746 61.00
16.893900 61.00
16.952747 61.00
17.016903 61.00
17.075748 61.00
17.139499 61.00
17.203499 61.00
17.262390 61.00
17.326500 61.00
17.385393 61.00
17.449502 62.00
17.502907 62.00
17.561752 61.00
17.625907 61.00
17.684753 61.00
17.743629 61.00
17.812504 62.00
17.871396 62.00
17.935505 61.00
17.994399 61.00
18.058506 61.00
18.117400 61.00
18.181507 61.00
18.240397 61.00
18.304508 61.00
18.365275 61.00
18.424399 61.00
18.488510 61.00
18.547403 61.00
18.611511 61.00
18.667511 61.00
18.726403 61.00
18.790512 61.00
18.847042 61.00
18.892512 61.00
18.943278 61.00
19.007279 61.00
19.071154 62.00
19.134765 62.00
19.193515 61.00
19.244283 61.00
19.302921 61.00
19.356641 61.00
19.427044 61.00
19.472767 61.00
19.531518 61.00
19.591768 61.00
19.650644 61.00
19.714645 62.00
19.788395 61.00
19.847288 61.00
19.911164 61.00
19.974771 61.00
20.033522 61.00
20.107648 61.00
20.176648 61.00
20.250399 61.00
20.309292 61.00
20.373167 61.00
20.436775 61.00
20.495526 61.00
20.564527 61.00
20.633527 61.00
20.702527 62.00
20.767933 62.00
20.821653 61.00
20.885654 61.00
20.959405 62.00
21.018297 62.00
21.082170 61.00
21.145781 61.00
21.204531 61.00
21.278657 61.00
21.352658 61.00
21.416658 61.00
21.485659 61.00
21.549301 62.00
21.612784 62.00
21.671660 61.00
21.735411 61.00
21.787942 61.00
21.833786 61.00
21.883662 61.00
21.937412 61.00
21.989943 61.00
22.035663 62.00
22.089414 62.00
22.141944 61.00
22.187664 61.00
22.246415 61.00
22.306541 61.00
22.375540 61.00
22.444542 62.00
22.513542 62.00
22.577417 61.00
22.651544 61.00
22.720544 61.00
22.789544 61.00
22.858420 61.00
22.927420 62.00
22.996421 62.00
23.065422 61.00
23.134422 61.00
23.203547 61.00
23.272423 61.00
23.341424 61.00
23.410424 61.00
23.479425 61.00
23.548551 62.00
23.617551 62.00
23.686316 61.00
23.739802 61.00
23.798428 61.00
23.867081 61.00
23.931070 61.00
24.005083 61.00
24.064084 61.00
24.119197 61.00
24.174210 61.00
24.227681 61.00
24.286323 61.00
24.350086 61.00
24.403682 61.00
24.458323 61.00
24.518465 61.00
24.573464 61.00
24.617684 61.00
24.671435 61.00
24.740327 61.00
24.790936 61.00
24.854436 61.00
24.923329 62.00
24.972686 62.00
25.026437 61.00
25.100206 61.00
25.150967 61.00
25.209439 61.00
25.278439 61.00
25.342440 61.00
25.411440 62.00
25.475566 62.00
25.539441 61.00
25.603333 61.00
25.659335 62.00
25.715334 62.00
25.771336 61.00
25.827334 61.00
25.896445 61.00
25.955570 61.00
26.014445 61.00
26.083338 61.00
26.152446 61.00
26.221447 61.00
26.290448 61.00
26.359448 61.00
26.423449 61.00
26.487449 61.00
26.551450 61.00
26.615343 61.00
26.689468 61.00
26.763343 61.00
26.822452 61.00
26.881327 61.00
26.940328 61.00
27.004453 62.00
27.073837 62.00
27.129357 62.00
27.187837 62.00
27.251837 62.00
27.310985 62.00
27.374837 61.00
27.433868 61.00
27.497837 62.00
27.561870 62.00
27.625871 62.00
27.689987 62.00
27.753871 61.00
27.817870 61.00
27.881869 61.00
27.945990 61.00
28.002351 62.00
28.061462 62.00
28.130352 61.00
28.194463 61.00
28.249588 61.00
28.299464 61.00
28.354339 61.00
28.418358 62.00
28.482465 62.00
28.541590 61.00
28.595591 61.00
28.664872 61.00
28.728982 61.00
28.792873 61.00
28.862360 62.00
28.926360 62.00
28.990469 62.00
29.064875 62.00
29.128875 62.00
29.198364 62.00
29.257363 62.00
29.321239 62.00
29.385365 61.00
29.446238 61.00
29.505366 62.00
29.569366 62.00
29.630241 62.00
29.694365 62.00
29.758243 62.00
29.822368 62.00
29.883003 61.00
29.942369 61.00
30.001371 61.00
30.060245 61.00
30.119371 62.00
30.178372 62.00
30.247729 61.00
30.306885 61.00
30.365885 61.00
30.420730 61.00
30.484886 61.00
30.539731 61.00
30.603887 61.00
30.654888 62.00
30.711249 62.00
30.770110 61.00
30.826251 61.00
30.885360 61.00
30.950888 61.00
31.001735 62.00
31.065890 62.00
31.116737 61.00
31.171737 61.00
31.232255 62.00
31.287253 62.00
31.346256 62.00
31.405257 61.00
31.469381 61.00
31.533257 61.00
31.597365 61.00
31.656258 62.00
31.720366 62.00
31.779242 61.00
31.848384 61.00
31.922743 61.00
31.986898 62.00
32.052369 62.00
32.106259 62.00
32.165260 62.00
32.224262 62.00
32.283262 62.00
32.342264 62.00
32.401264 62.00
32.460265 62.00
32.519262 61.00
32.578266 61.00
32.637266 62.00
32.696266 62.00
32.755265 62.00
32.814268 62.00
32.873266 62.00
32.932266 62.00
32.991268 62.00
33.050268 62.00
33.109270 62.00
33.168270 62.00
33.227269 62.00
33.286271 62.00
33.345271 62.00
33.400273 62.00
33.455272 62.00
33.510272 62.00
33.565273 62.00
33.620273 62.00
33.675273 62.00
33.730273 62.00
33.785276 62.00
33.840276 61.00
33.895277 61.00
33.950274 61.00
34.005278 61.00
34.069403 61.00
34.123277 61.00
34.178278 61.00
34.233278 61.00
34.297280 61.00
34.356280 62.00
34.422040 62.00
34.491764 62.00
34.552405 62.00
34.621765 62.00
34.684169 62.00
34.748282 62.00
34.807284 62.00
34.871285 62.00
34.930284 62.00
34.985410 62.00
35.039284 62.00
35.094411 62.00
35.148284 62.00
35.212037 62.00
35.271287 62.00
35.335035 62.00
35.404036 62.00
35.469413 62.00
35.533646 62.00
35.592647 61.00
35.658051 61.00
35.722050 62.00
35.786292 62.00
35.850291 62.00
35.909043 62.00
35.978293 61.00
36.041931 61.00
36.111042 62.00
36.180056 62.00
36.235057 62.00
36.290057 62.00
36.358933 61.00
36.428058 61.00
36.492297 62.00
36.550936 62.00
36.620058 62.00
36.689061 62.00
36.744060 62.00
36.808297 62.00
36.867059 62.00
36.936051 62.00
37.000302 62.00
37.058939 62.00
37.127940 62.00
37.197302 62.00
37.255940 61.00
37.330066 62.00
37.399536 62.00
37.474067 62.00
37.543788 62.00
37.618055 61.00
37.692539 61.00
37.761540 62.00
37.830665 62.00
37.885946 62.00
37.949946 62.00
38.019058 62.00
38.082948 62.00
38.152312 62.00
38.211059 62.00
38.275074 62.00
38.349795 61.00
38.419061 61.00
38.487949 62.00
38.548421 62.00
38.610422 62.00
38.669063 62.00
38.727953 62.00
38.788423 62.00
38.850439 62.00
38.909065 62.00
38.964425 62.00
39.028550 62.00
39.092426 62.00
39.150927 62.00
39.221426 62.00
39.280068 62.00
39.348802 61.00
39.417803 61.00
39.486804 62.00
39.555804 62.00
39.624804 62.00
39.693805 62.00
39.762806 62.00
39.831932 61.00
39.900807 61.00
39.969808 62.00
40.038808 62.00
40.107817 62.00
40.176816 62.00
40.245816 61.00
40.314818 62.00
40.383819 62.00
40.452819 62.00
40.521821 62.00
40.585969 62.00
40.649816 62.00
40.718968 61.00
40.787968 61.00
40.856968 62.00
40.920969 62.00
40.995566 61.00
41.050691 61.00
41.119972 62.00
41.180335 62.00
41.249568 62.00
41.313569 62.00
41.366970 62.00
41.425825 62.00
41.486337 62.00
41.555695 62.00
41.624975 62.00
41.688975 61.00
41.747825 61.00
41.811977 61.00
41.870825 61.00
41.931339 62.00
41.995449 62.00
42.048976 62.00
42.112979 62.00
42.171829 62.00
42.235701 62.00
42.304980 62.00
42.363830 62.00
42.427981 62.00
42.486837 62.00
42.550981 61.00
42.609837 61.00
42.673982 61.00
42.732837 62.00
42.796986 62.00
42.855581 61.00
42.908984 61.00
42.967706 62.00
43.031869 62.00
43.095869 62.00
43.159872 62.00
43.229334 62.00
43.295224 62.00
43.364352 62.00
43.424711 62.00
43.488988 62.00
43.552992 62.00
43.616712 62.00
43.680991 62.00
43.739713 62.00
43.803992 62.00
43.866229 62.00
43.926589 62.00
43.995870 62.00
44.067216 62.00
44.136359 62.00
44.191591 62.00
44.255717 62.00
44.319873 62.00
44.378873 62.00
44.437719 62.00
44.501874 62.00
44.560719 62.00
44.624874 62.00
44.683721 62.00
44.742721 62.00
44.806722 62.00
44.870878 62.00
44.929722 61.00
44.993879 61.00
45.052724 62.00
45.116881 62.00
45.175725 62.00
45.239878 62.00
45.298725 62.00
45.362882 62.00
45.421727 62.00
45.485881 62.00
45.544728 62.00
45.608884 62.00
45.667728 62.00
45.731884 62.00
45.790729 62.00
45.854605 62.00
45.923886 62.00
45.982731 62.00
46.052374 62.00
46.116482 62.00
46.169887 62.00
46.228733 62.00
46.292889 62.00
46.351734 62.00
46.415890 62.00
46.474735 62.00
46.538889 62.00
46.597736 62.00
46.661891 62.00
46.720737 62.00
46.784894 62.00
46.843738 62.00
46.907894 62.00
46.966739 62.00
47.025489 62.00
47.084133 62.00
47.147615 62.00
47.217991 62.00
47.271617 62.00
47.335741 62.00
47.390617 62.00
47.460993 62.00
47.515493 62.00
47.566117 62.00
47.629618 62.00
47.703368 62.00
47.756619 62.00
47.826995 61.00
47.878283 61.00
47.950124 62.00
48.013902 62.00
48.067623 62.00
48.141374 62.00
48.199903 62.00
48.253624 62.00
48.322500 62.00
48.391751 62.00
48.451386 62.00
48.516275 62.00
48.580755 62.00
48.634628 62.00
48.698628 62.00
48.759513 62.00
48.825922 62.00
48.879632 62.00
48.943631 62.00
49.007631 62.00
49.068634 62.00
49.127632 62.00
49.191632 62.00
49.255633 62.00
49.324769 62.00
49.379284 62.00
49.434637 62.00
49.493511 62.00
49.557510 62.00
49.631639 62.00
49.685513 61.00
49.744637 61.00
49.798512 62.00
49.868916 62.00
49.915295 62.00
49.980287 62.00
50.044517 62.00
50.103515 62.00
50.163920 62.00
50.209645 62.00
50.263643 62.00
50.317517 61.00
50.376517 61.00
50.445517 62.00
50.509522 62.00
50.568521 62.00
50.627519 62.00
50.696411 62.00
50.765413 62.00
50.825299 62.00
50.889523 61.00
50.948647 61.00
51.002397 61.00
51.071660 62.00
51.136654 62.00
51.201043 62.00
51.265057 62.00
51.324042 62.00
51.388173 62.00
51.457527 62.00
51.516401 62.00
51.585527 62.00
51.649402 62.00
51.710421 62.00
51.774529 62.00
51.833529 62.00
51.897404 62.00
51.966659 62.00
52.020532 62.00
52.079532 62.00
52.143406 62.00
52.212406 62.00
52.271537 62.00
52.325545 62.00
52.385187 61.00
52.450058 61.00
52.505672 61.00
52.565672 62.00
52.621787 62.00
52.673428 62.00
52.732536 62.00
52.791537 62.00
52.860914 62.00
52.924538 62.00
52.993432 62.00
53.053789 62.00
53.099548 62.00
53.154539 62.00
53.218290 62.00
53.274306 62.00
53.330290 62.00
53.382791 62.00
53.428416 62.00
53.497294 62.00
53.553428 62.00
53.612418 62.00
53.676419 62.00
53.741048 62.00
53.804925 62.00
53.873952 62.00
53.942953 62.00
54.012211 62.00
54.078315 62.00
54.147194 62.00
54.207799 62.00
54.266425 62.00
54.330436 62.00
54.399927 62.00
54.469321 62.00
54.533425 62.00
54.597301 62.00
54.656430 62.00
54.727462 62.00
54.796441 62.00
54.867932 62.00
54.922122 62.00
54.988370 62.00
55.047683 62.00
55.108683 62.00
55.177826 62.00
55.241559 62.00
55.295939 62.00
55.355683 62.00
55.419557 62.00
55.474683 62.00
55.533559 62.00
55.588686 62.00
55.643353 62.00
55.707310 62.00
55.776203 62.00
55.834561 62.00
55.888356 62.00
55.952938 62.00
56.006440 62.00
56.070687 62.00
56.116438 62.00
56.180439 62.00
56.254817 62.00
56.314817 62.00
56.378968 62.00
56.437565 62.00
56.496330 62.00
56.560357 62.00
56.624332 62.00
56.688317 62.00
56.752322 61.00
56.816319 61.00
56.880082 62.00
56.949338 62.00
57.013339 62.00
57.072445 62.00
57.126576 62.00
57.185339 62.00
57.244449 62.00
57.313196 62.00
57.377338 62.00
57.441324 62.00
57.505449 61.00
57.566348 61.00
57.630326 62.00
57.699078 62.00
57.753954 62.00
57.813954 62.00
57.873957 62.00
57.933956 62.00
57.993956 62.00
58.057456 62.00
58.111096 61.00
58.174837 61.00
58.229705 61.00
58.293705 62.00
58.357331 62.00
58.412465 62.00
58.466836 62.00
58.525843 62.00
58.586333 62.00
58.641225 62.00
58.705226 62.00
58.769484 62.00
58.828840 62.00
58.883855 62.00
58.940228 62.00
59.004353 61.00
59.059212 61.00
59.118229 62.00
59.177344 62.00
59.236230 62.00
59.300354 62.00
59.355213 61.00
59.419229 61.00
59.483340 61.00
59.553477 61.00
59.608852 61.00
59.673344 61.00
59.737234 62.00
59.801235 62.00
59.865360 62.00
59.929237 62.00
59.988236 62.00
60.052363 62.00
60.116238 62.00
60.175220 62.00
60.234239 62.00
60.298239 62.00
60.357096 62.00
60.422346 62.00
60.486239 62.00
60.560239 62.00
60.624223 62.00
60.688239 62.00
60.747241 62.00
60.810728 62.00
60.875856 62.00
60.935882 62.00
61.005370 62.00
61.064243 62.00
61.129478 62.00
61.179246 62.00
61.237996 62.00
61.312007 62.00
61.381373 62.00
61.435248 62.00
61.490250 62.00
61.554250 62.00
61.613250 62.00
61.668247 62.00
61.732108 62.00
61.805888 62.00
61.880249 62.00
61.935002 62.00
61.985735 62.00
62.036610 62.00
62.096610 62.00
62.161892 62.00
62.236513 62.00
62.290254 62.00
62.349256 62.00
62.413256 62.00
62.472256 62.00
62.536255 62.00
62.600372 62.00
62.654493 62.00
62.718258 61.00
62.782260 61.00
62.846259 62.00
62.904993 62.00
62.973993 62.00
63.037618 62.00
63.101259 62.00
63.169894 62.00
63.243995 62.00
63.309247 62.00
63.373622 62.00
63.442997 62.00
63.507264 62.00
63.575874 62.00
63.630748 61.00
63.694499 61.00
63.760029 62.00
63.820392 62.00
63.875268 62.00
63.935376 62.00
63.989269 62.00
64.053391 62.00
64.103759 62.00
64.153255 62.00
64.207271 62.00
64.271021 62.00
64.340020 62.00
64.410519 62.00
64.470280 62.00
64.528881 62.00
64.579631 62.00
64.638024 62.00
64.707037 62.00
64.771303 62.00
64.835384 62.00
64.899024 62.00
64.972885 62.00
65.041885 62.00
65.110915 62.00
65.180642 62.00
65.241034 62.00
65.304923 62.00
65.369278 62.00
65.432915 62.00
65.507172 62.00
65.576516 62.00
65.647047 62.00
65.710921 62.00
65.779918 62.00
65.848919 62.00
65.913519 62.00
65.982518 62.00
66.047768 62.00
66.121923 62.00
66.190924 62.00
66.265644 62.00
66.329287 62.00
66.388037 62.00
66.461771 62.00
66.535771 62.00
66.599652 62.00
66.654526 62.00
66.707900 61.00
66.778273 61.00
66.833276 62.00
66.888274 62.00
66.938901 62.00
67.008304 62.00
67.062905 62.00
67.128278 62.00
67.173776 62.00
67.235277 62.00
67.280777 62.00
67.331414 62.00
67.394904 62.00
67.468653 62.00
67.521905 62.00
67.595654 62.00
67.648906 62.00
67.723306 62.00
67.782048 62.00
67.845909 62.00
67.919939 62.00
67.988784 62.00
68.057787 62.00
68.122787 62.00
68.186786 62.00
68.250941 62.00
68.319939 62.00
68.383912 62.00
68.453542 62.00
68.507057 62.00
68.565943 61.00
68.629943 61.00
68.699054 62.00
68.762664 62.00
68.826791 61.00
68.895790 61.00
68.964942 62.00
69.033943 62.00
69.097792 62.00
69.162062 62.00
69.220793 62.00
69.284950 62.00
69.349072 62.00
69.407950 62.00
69.473827 62.00
69.542922 62.00
69.603297 62.00
69.672547 62.00
69.725797 62.00
69.789673 62.00
69.858962 62.00
69.917800 62.00
69.986800 62.00
70.050801 62.00
70.124676 62.00
70.193927 62.00
70.252677 62.00
70.303303 62.00
70.361802 62.00
70.449428 62.00
70.502804 62.00
70.571804 62.00
70.635556 62.00
70.688931 62.00
70.760805 62.00
70.824681 62.00
70.893557 62.00
70.947077 62.00
71.005683 62.00
71.079683 62.00
71.148434 62.00
71.217435 62.00
71.286435 62.00
71.340089 62.00
71.398686 62.00
71.467561 62.00
71.520820 62.00
71.594820 62.00
71.663688 62.00
71.729821 62.00
71.793565 62.00
71.858719 61.00
71.914082 61.00
71.972818 62.00
72.036691 62.00
72.100827 62.00
72.164971 62.00
72.223692 62.00
72.287693 62.00
72.356694 62.00
72.420694 62.00
72.484694 62.00
72.548844 62.00
72.614846 62.00
72.668829 62.00
72.741215 62.00
72.810337 62.00
72.874213 62.00
72.943337 62.00
73.006974 62.00
73.065699 62.00
73.129700 62.00
73.203450 62.00
73.262339 62.00
73.317841 62.00
73.376703 62.00
73.440702 62.00
73.504703 62.00
73.573453 62.00
73.631981 62.00
73.690579 62.00
73.754330 62.00
73.812985 62.00
73.871706 62.00
73.935855 62.00
73.999995 62.00
74.059461 62.00
74.124975 62.00
74.183708 62.00
74.247710 62.00
74.316709 62.00
74.375850 62.00
74.430342 62.00
74.489714 62.00
74.548713 62.00
74.612712 62.00
74.686713 62.00
74.750718 62.00
74.816466 62.00
74.875231 62.00
74.933714 62.00
74.997715 62.00
75.057842 62.00
75.111855 62.00
75.165605 62.00
75.220864 62.00
75.274717 62.00
75.339998 62.00
75.394468 62.00
75.445110 61.00
75.508594 61.00
75.578999 62.00
75.624470 62.00
75.675095 62.00
75.739246 62.00
75.799131 62.00
75.852847 62.00
75.913001 61.00
75.958598 61.00
76.029001 62.00
76.097881 62.00
76.151599 62.00
76.210475 62.00
76.279600 62.00
76.348476 62.00
76.417489 62.00
76.486352 62.00
76.539727 62.00
76.604150 62.00
76.668120 62.00
76.731729 62.00
76.800355 62.00
76.859235 62.00
76.917887 62.00
76.976609 62.00
77.031732 62.00
77.095482 62.00
77.164249 62.00
77.233240 62.00
77.307359 62.00
77.360609 62.00
77.424359 62.00
77.477609 62.00
77.541485 62.00
77.615361 62.00
77.675490 62.00
77.725362 62.00
77.784131 62.00
77.848006 62.00
77.912238 62.00
77.976144 62.00
78.034490 62.00
78.099865 62.00
78.158365 62.00
78.214366 62.00
78.269008 62.00
78.330936 62.00
78.394743 62.00
78.454869 62.00
78.500493 62.00
78.565886 62.00
78.611619 62.00
78.680370 62.00
78.733042 62.00
78.786745 62.00
78.850388 62.00
78.900999 62.00
78.959496 62.00
79.028373 62.00
79.093390 62.00
79.162498 62.00
79.236378 62.00
79.305750 62.00
79.369258 62.00
79.422626 62.00
79.486376 62.00
79.555377 62.00
79.624252 62.00
79.677503 62.00
79.741381 62.00
79.810381 62.00
79.876396 62.00
79.945380 62.00
80.019255 62.00
80.072506 62.00
80.146507 62.00
80.212508 62.00