0.000000 0.000000
0.091782 0.87
0.146487 0.87
0.202221 0.87
0.262840 0.87
0.323730 0.88
0.382339 0.87
0.442452 0.87
0.519952 0.87
0.588703 0.87
0.648835 0.87
0.696240 0.88
0.761250 0.87
0.822231 0.87
0.887289 0.87
0.958755 0.87
1.018227 0.88
1.077223 0.88
1.154841 0.87
1.232222 0.87
1.290708 0.87
1.368374 0.87
1.439762 0.79
1.504590 0.79
1.571843 0.79
1.635842 0.79
1.699845 0.79
1.772353 0.78
1.836353 0.78
1.900229 0.78
1.958851 0.80
2.026356 0.78
2.103845 0.79
2.172845 0.79
2.236844 0.79
2.305716 0.79
2.374844 0.80
2.438846 0.79
2.502843 0.78
2.566844 0.79
2.630848 0.78
2.689851 0.78
2.753874 0.79
2.817851 0.79
2.886720 0.78
2.950360 0.79
3.014471 0.78
3.073361 0.79
3.134997 0.78
3.189998 0.79
3.244997 0.79
3.299999 0.79
3.354997 0.79
3.410000 0.79
3.463724 0.79
3.511000 0.78
3.569725 0.78
3.625601 0.79
3.673003 0.79
3.726726 0.79
3.795853 0.79
3.846603 0.79
3.910243 0.79
3.968728 0.79
4.029005 0.79
4.079605 0.79
4.143119 0.79
4.201605 0.78
4.272122 0.79
4.330606 0.79
4.394374 0.79
4.447858 0.79
4.511608 0.79
4.576609 0.78
4.640125 0.78
4.698859 0.78
4.762609 0.79
4.826376 0.79
4.885376 0.79
4.944010 0.79
5.007735 0.79
5.076611 0.79
5.140379 0.79
5.193863 0.78
5.257487 0.78
5.317613 0.79
5.381379 0.78
5.440255 0.79
5.505489 0.80
5.569129 0.79
5.627616 0.78
5.691383 0.79
5.751616 0.79
5.815382 0.79
5.865384 0.79
5.916517 0.79
5.972142 0.78
6.027259 0.79
6.080744 0.79
6.144744 0.78
6.213620 0.79
6.269521 0.79
6.316895 0.78
6.370746 0.79
6.421521 0.79
6.468897 0.79
6.527747 0.79
6.578524 0.78
6.647624 0.78
6.721749 0.79
6.780749 0.79
6.831500 0.79
6.887500 0.79
6.943501 0.79
6.990877 0.78
7.054626 0.79
7.118626 0.79
7.192753 0.79
7.243503 0.79
7.312503 0.79
7.373504 0.79
7.429505 0.78
7.485505 0.79
7.554505 0.79
7.628505 0.79
7.697505 0.79
7.771506 0.79
7.845507 0.80
7.914507 0.79
7.988508 0.79
8.062633 0.79
8.131759 0.79
8.195635 0.79
8.264636 0.79
8.328511 0.79
8.397636 0.79
8.466511 0.78
8.540512 0.78
8.614638 0.79
8.678513 0.79
8.747639 0.79
8.811639 0.78
8.875514 0.79
8.939515 0.79
9.003516 0.79
9.067516 0.79
9.131517 0.78
9.195517 0.80
9.259518 0.79
9.323518 0.79
9.387519 0.79
9.451519 0.79
9.515644 0.79
9.579520 0.79
9.643520 0.79
9.707520 0.78
9.771522 0.79
9.835522 0.79
9.899523 0.78
9.963523 0.79
10.027648 0.78
10.091523 0.79
10.155649 0.79
10.219650 0.79
10.283651 0.79
10.347650 0.78
10.411651 0.79
10.475527 0.79
10.544903 0.79
10.608903 0.79
10.683528 0.79
10.747528 0.79
10.811529 0.79
10.880922 0.79
10.944921 0.78
11.008922 0.78
11.072921 0.78
11.136924 0.78
11.201057 0.80
11.264924 0.79
11.339658 0.79
11.403533 0.78
11.467534 0.79
11.531660 0.79
11.595535 0.80
11.659535 0.79
11.723536 0.79
11.782536 0.79
11.846536 0.79
11.910537 0.79
11.979914 0.79
12.043914 0.79
12.102915 0.79
12.166915 0.78
12.230915 0.79
12.291055 0.79
12.344666 0.78
12.394056 0.79
12.447541 0.79
12.511541 0.79
12.575542 0.79
12.644918 0.79
12.708919 0.78
12.767920 0.79
12.833297 0.79
12.891920 0.78
12.955921 0.79
13.019922 0.79
13.083922 0.79
13.147923 0.78
13.222547 0.79
13.286672 0.78
13.341188 0.79
13.401548 0.79
13.470799 0.78
13.534951 0.79
13.604438 0.79
13.673675 0.79
13.737439 0.78
13.806551 0.78
13.870443 0.79
13.928928 0.79
13.989443 0.79
14.047929 0.79
14.108445 0.79
14.177445 0.78
14.235931 0.79
14.299805 0.78
14.358445 0.79
14.416932 0.79
14.485682 0.78
14.549447 0.79
14.613324 0.79
14.682321 0.79
14.745958 0.79
14.800958 0.78
14.861212 0.79
14.914961 0.79
14.971212 0.79
15.022212 0.79
15.073212 0.78
15.122961 0.79
15.174561 0.79
15.229561 0.79
15.284562 0.78
15.339563 0.79
15.394563 0.79
15.449564 0.79
15.504564 0.79
15.568189 0.78
15.620564 0.79
15.671190 0.79
15.734690 0.78
15.798190 0.78
15.861691 0.79
15.925191 0.79
15.988691 0.79
16.052192 0.79
16.115693 0.78
16.179193 0.78
16.242693 0.79
16.306194 0.79
16.369694 0.79
16.433196 0.79
16.496695 0.78
16.560196 0.78
16.623696 0.79
16.687198 0.79
16.750697 0.78
16.814198 0.79
16.877698 0.79
16.932699 0.79
16.996199 0.79
17.059699 0.79
17.119700 0.79
17.179700 0.78
17.239701 0.78
17.303202 0.78
17.368079 0.78
17.423467 0.79
17.492106 0.79
17.550704 0.79
17.624705 0.79
17.683345 0.79
17.743581 0.78
17.802107 0.79
17.862469 0.79
17.917083 0.79
17.968582 0.79
18.032347 0.79
18.092107 0.78
18.153583 0.78
18.217110 0.79
18.282108 0.79
18.356110 0.79
18.421109 0.79
18.495111 0.78
18.569352 0.79
18.629113 0.78
18.703115 0.79
18.768113 0.78
18.842354 0.79
18.911114 0.79
18.985354 0.78
19.050116 0.79
19.119115 0.79
19.193115 0.79
19.262355 0.79
19.331118 0.79
19.405118 0.79
19.478993 0.79
19.553119 0.78
19.627122 0.79
19.701122 0.79
19.774995 0.79
19.833721 0.80
19.907597 0.79
19.971722 0.78
20.035597 0.79
20.099723 0.78
20.158599 0.79
20.222599 0.79
20.286599 0.79
20.350725 0.79
20.419601 0.79
20.474241 0.79
20.543002 0.79
20.599477 0.79
20.658368 0.79
20.717003 0.79
20.787603 0.79
20.842369 0.78
20.906006 0.79
20.980006 0.79
21.049120 0.79
21.109481 0.79
21.168122 0.79
21.233482 0.79
21.292008 0.79
21.361016 0.79
21.426483 0.78
21.485009 0.78
21.559123 0.79
21.628011 0.79
21.702008 0.78
21.776011 0.79
21.845011 0.79
21.914015 0.79
21.988013 0.79
22.062014 0.79
22.131013 0.79
22.200012 0.80
22.274128 0.78
22.338015 0.78
22.412014 0.79
22.486016 0.79
22.560016 0.79
22.629018 0.79
22.698017 0.79
22.772020 0.79
22.846017 0.79
22.920021 0.79
22.989020 0.79
23.062996 0.79
23.136898 0.80
23.195497 0.79
23.254121 0.79
23.317899 0.79
23.387263 0.79
23.445898 0.79
23.514900 0.79
23.578901 0.79
23.642900 0.78
23.711900 0.79
23.777388 0.79
23.836027 0.79
23.899903 0.78
23.963903 0.79
24.027903 0.79
24.097142 0.79
24.160903 0.78
24.224903 0.79
24.288909 0.79
24.352906 0.79
24.422005 0.79
24.485908 0.80
24.555507 0.79
24.619382 0.79
24.678007 0.79
24.741910 0.78
24.805910 0.79
24.874911 0.79
24.944010 0.79
25.007912 0.79
25.076911 0.79
25.145887 0.79
25.214887 0.79
25.284012 0.79
25.353152 0.78
25.416889 0.79
25.485891 0.78
25.555152 0.78
25.618892 0.79
25.688014 0.78
25.757016 0.78
25.826016 0.79
25.895016 0.78
25.958892 0.79
26.022893 0.79
26.086893 0.79
26.150896 0.79
26.209895 0.79
26.273895 0.79
26.337895 0.79
26.401895 0.78
26.465899 0.79
26.529896 0.79
26.594045 0.79
26.657898 0.79
26.721899 0.79
26.785923 0.79
26.844924 0.79
26.903925 0.78
26.962927 0.79
27.021927 0.79
27.080928 0.79
27.140051 0.80
27.198927 0.79
27.257928 0.79
27.316926 0.79
27.375931 0.79
27.434929 0.79
27.493930 0.79
27.553052 0.79
27.611929 0.78
27.670931 0.79
27.729932 0.79
27.788934 0.79
27.847933 0.79
27.906931 0.78
27.966057 0.79
28.029924 0.79
28.093922 0.79
28.152927 0.79
28.211926 0.79
28.270925 0.79
28.334926 0.79
28.393926 0.79
28.457927 0.79
28.516930 0.79
28.580928 0.78
28.645061 0.79
28.708929 0.79
28.772927 0.78
28.836788 0.79
28.884053 0.79
28.933414 0.79
28.986931 0.79
29.041666 0.79
29.100179 0.79
29.158790 0.79
29.206065 0.79
29.256667 0.78
29.315180 0.79
29.373791 0.79
29.430067 0.79
29.493668 0.79
29.546069 0.79
29.596670 0.79
29.655183 0.78
29.713795 0.79
29.772435 0.80
29.825924 0.79
29.884797 0.79
29.944672 0.78
30.008188 0.79
30.066797 0.78
30.126673 0.79
30.185189 0.79
30.243799 0.78
30.303549 0.78
30.362188 0.80
30.420800 0.78
30.479442 0.79
30.532929 0.79
30.591801 0.79
30.655802 0.79
30.724552 0.79
30.779802 0.79
30.843803 0.79
30.907803 0.79
30.971804 0.79
31.035805 0.79
31.099805 0.78
31.159555 0.78
31.214806 0.78
31.278807 0.79
31.342807 0.79
31.411682 0.79
31.480807 0.78
31.544684 0.78
31.605585 0.78
31.652961 0.79
31.711559 0.79
31.763961 0.79
31.822560 0.79
31.874963 0.79
31.933561 0.78
31.985954 0.79
32.049562 0.79
32.101954 0.79
32.160687 0.79
32.207953 0.79
32.271813 0.79
32.327578 0.79
32.383582 0.78
32.439581 0.78
32.495581 0.79
32.551582 0.79
32.607582 0.79
32.671081 0.78
32.734567 0.78
32.795584 0.78
32.864567 0.79
32.938818 0.80
33.002569 0.78
33.076569 0.79
33.150570 0.79
33.219695 0.79
33.288571 0.79
33.352210 0.79
33.410572 0.79
33.474088 0.79
33.529090 0.79
33.592573 0.79
33.656087 0.79
33.719574 0.79
33.793450 0.79
33.853575 0.79
33.917089 0.79
33.972102 0.79
34.027103 0.79
34.087103 0.79
34.147103 0.78
34.201953 0.79
34.265453 0.78
34.325579 0.78
34.380579 0.79
34.435580 0.79
34.490581 0.79
34.545705 0.79
34.604108 0.79
34.662582 0.78
34.735840 0.78
34.798839 0.79
34.861840 0.79
34.924836 0.79
34.983458 0.78
35.048486 0.79
35.104484 0.79
35.160478 0.79
35.207838 0.79
35.271586 0.79
35.348711 0.79
35.417462 0.78
35.478490 0.79
35.534488 0.80
35.590491 0.79
35.646492 0.79
35.706589 0.79
35.767491 0.79
35.823490 0.79
35.879493 0.79
35.948591 0.79
36.020993 0.79
36.079467 0.79
36.153718 0.79
36.222593 0.78
36.291594 0.79
36.355594 0.79
36.419594 0.79
36.483720 0.79
36.552471 0.79
36.629995 0.79
36.694000 0.78
36.754596 0.79
36.818597 0.79
36.882723 0.79
36.941473 0.79
37.010474 0.79
37.074474 0.79
37.138475 0.79
37.202475 0.79
37.266476 0.78
37.330601 0.79
37.394476 0.79
37.458477 0.79
37.522477 0.79
37.586478 0.79
37.650604 0.79
37.714604 0.79
37.778480 0.78
37.842480 0.79
37.906605 0.79
37.970606 0.79
38.034481 0.79
38.098482 0.80
38.162482 0.79
38.226483 0.79
38.290483 0.79
38.354484 0.79
38.418485 0.78
38.482485 0.79
38.546485 0.78
38.610735 0.79
38.669486 0.79
38.733487 0.79
38.793487 0.79
38.862488 0.79
38.926488 0.80
38.990488 0.79
39.054614 0.78
39.118490 0.79
39.182490 0.78
39.246616 0.79
39.305491 0.79
39.369491 0.78
39.433492 0.79
39.497493 0.79
39.561895 0.79
39.625896 0.79
39.690019 0.80
39.754021 0.79
39.817896 0.79
39.887495 0.79
39.951496 0.79
40.015496 0.80
40.079497 0.79
40.143497 0.78
40.202497 0.79
40.266498 0.78
40.330499 0.78
40.399875 0.78
40.460025 0.79
40.513501 0.79
40.577500 0.79
40.636501 0.79
40.700626 0.79
40.764501 0.79
40.828502 0.79
40.892628 0.79
40.956503 0.78
41.020629 0.79
41.071257 0.78
41.129880 0.78
41.191258 0.78
41.249881 0.78
41.311257 0.78
41.369882 0.78
41.433882 0.78
41.497912 0.79
41.572397 0.79
41.641508 0.79
41.700634 0.79
41.764148 0.79
41.824510 0.79
41.893635 0.78
41.957151 0.78
42.017511 0.78
42.086637 0.79
42.150150 0.79
42.205401 0.79
42.263888 0.79
42.324154 0.79
42.379403 0.78
42.437891 0.79
42.496890 0.78
42.546891 0.79
42.596891 0.79
42.646892 0.79
42.715642 0.79
42.779155 0.79
42.839169 0.79
42.902768 0.79
42.972158 0.78
43.026920 0.78
43.081921 0.79
43.136920 0.79
43.195922 0.79
43.252170 0.79
43.303174 0.79
43.354173 0.79
43.405174 0.78
43.456173 0.79
43.507175 0.79
43.558172 0.80
43.609173 0.79
43.660172 0.79
43.711174 0.79
43.762176 0.79
43.813177 0.79
43.864176 0.80
43.928289 0.79
43.989171 0.78
44.042776 0.78
44.101416 0.79
44.157172 0.79
44.213172 0.78
44.266778 0.79
44.325418 0.79
44.381175 0.79
44.436052 0.79
44.491420 0.80
44.560046 0.78
44.615420 0.79
44.684420 0.79
44.753056 0.79
44.808424 0.78
44.877421 0.79
44.941300 0.79
45.010049 0.78
45.068784 0.79
45.134048 0.79
45.189425 0.79
45.258300 0.78
45.322300 0.78
45.386302 0.79
45.455300 0.79
45.524303 0.79
45.588301 0.78
45.657064 0.79
45.726304 0.78
45.790306 0.78
45.854305 0.78
45.923056 0.79
45.997056 0.79
46.067542 0.79
46.126058 0.79
46.200056 0.78
46.270543 0.78
46.329059 0.78
46.394669 0.79
46.445419 0.78
46.509061 0.79
46.579545 0.78
46.638061 0.79
46.707311 0.79
46.776314 0.79
46.840311 0.78
46.909313 0.78
46.978071 0.79
47.052066 0.79
47.121312 0.79
47.185314 0.79
47.254063 0.79
47.328066 0.79
47.402067 0.79
47.476068 0.79
47.550066 0.79
47.624069 0.78
47.698068 0.79
47.767318 0.79
47.836321 0.79
47.905321 0.78
47.974072 0.78
48.048557 0.78
48.114081 0.79
48.188071 0.79
48.262071 0.79
48.331074 0.78
48.405559 0.78
48.470951 0.79
48.540324 0.79
48.604085 0.79
48.664560 0.79
48.729953 0.79
48.798953 0.79
48.868110 0.79
48.938338 0.79
48.992083 0.78
49.051102 0.79
49.109967 0.79
49.174452 0.78
49.244571 0.79
49.309333 0.79
49.368098 0.79
49.432083 0.79
49.501571 0.79
49.560570 0.79
49.634972 0.79
49.699084 0.78
49.763216 0.79
49.822697 0.79
49.886821 0.79
49.945571 0.79
50.019464 0.79
50.073705 0.79
50.138471 0.79
50.192341 0.79
50.256092 0.79
50.324949 0.79
50.389705 0.79
50.454111 0.79
50.523134 0.79
50.591951 0.80
50.657491 0.79
50.722221 0.79
50.776346 0.78
50.835107 0.78
50.904106 0.79
50.969879 0.79
51.039110 0.79
51.102954 0.79
51.176955 0.79
51.242367 0.79
51.316350 0.79
51.369985 0.79
51.438984 0.79
51.507957 0.78
51.568457 0.79
51.627109 0.79
51.696584 0.79
51.755459 0.78
51.820023 0.78
51.875589 0.79
51.935882 0.79
51.996586 0.79
52.049990 0.78
52.116015 0.79
52.176590 0.78
52.235588 0.79
52.294463 0.78
52.353464 0.79
52.423366 0.79
52.488004 0.79
52.551994 0.78
52.615995 0.79
52.685240 0.79
52.744594 0.79
52.803468 0.79
52.867468 0.79
52.926468 0.79
52.996254 0.79
53.050600 0.78
53.104597 0.78
53.163596 0.79
53.222363 0.78
53.276119 0.78
53.340600 0.78
53.400369 0.79
53.459600 0.79
53.519259 0.79
53.580603 0.80
53.645379 0.79
53.710113 0.79
53.764608 0.79
53.825480 0.78
53.890244 0.78
53.951382 0.79
54.022225 0.78
54.080871 0.79
54.149726 0.78
54.213352 0.78
54.279252 0.78
54.337887 0.78
54.403728 0.79
54.467729 0.79
54.523730 0.79
54.577230 0.78
54.635888 0.79
54.701482 0.79
54.760356 0.79
54.818884 0.78
54.879482 0.78
54.938358 0.79
55.002358 0.79
55.060733 0.79
55.130252 0.79
55.188860 0.79
55.252989 0.78
55.311992 0.78
55.367743 0.78
55.431236 0.79
55.489863 0.79
55.554129 0.79
55.618005 0.78
55.682004 0.79
55.745739 0.79
55.809872 0.78
55.878739 0.78
55.947740 0.78
56.016740 0.79
56.080740 0.78
56.144382 0.78
56.203277 0.79
56.267618 0.79
56.323151 0.78
56.379267 0.79
56.438264 0.79
56.504248 0.79
56.566936 0.79
56.625907 0.78
56.684749 0.79
56.758746 0.79
56.823265 0.79
56.878251 0.78
56.939253 0.79
57.000146 0.78
57.061027 0.79
57.115132 0.78
57.179249 0.79
57.240071 0.79
57.299269 0.78
57.360068 0.79
57.424910 0.79
57.484167 0.79
57.539019 0.79
57.602628 0.78
57.673657 0.79
57.721004 0.79
57.779628 0.78
57.832004 0.79
57.890921 0.78
57.949884 0.78
58.020019 0.78
58.074036 0.79
58.128160 0.79
58.192269 0.78
58.254701 0.78
58.324935 0.78
58.384896 0.79
58.454260 0.78
58.518390 0.79
58.587134 0.79
58.650635 0.79
58.714401 0.79
58.783516 0.79
58.844270 0.79
58.908263 0.78
58.973918 0.79
59.032763 0.78
59.091389 0.79
59.160156 0.79
59.215281 0.79
59.280640 0.79
59.344265 0.79
59.409516 0.79
59.465095 0.78
59.530518 0.78
59.585767 0.78
59.654517 0.78
59.709768 0.78
59.778519 0.79
59.842958 0.79
59.892932 0.78
59.951520 0.78
60.003924 0.78
60.062646 0.79
60.109898 0.79
60.160551 0.79
60.207927 0.79
60.266647 0.78
60.313898 0.79
60.364551 0.79
60.411929 0.78
60.470774 0.78
60.529774 0.79
60.593774 0.78
60.657525 0.79
60.731776 0.78
60.786526 0.78
60.850295 0.79
60.903929 0.79
60.962526 0.79
61.023528 0.78
61.087043 0.78
61.145533 0.79
61.209028 0.79
61.272780 0.78
61.336534 0.78
61.400031 0.79
61.463530 0.79
61.527031 0.78
61.590531 0.80
61.654032 0.79
61.717658 0.79
61.786534 0.79
61.860534 0.79
61.929660 0.79
61.993535 0.79
62.062536 0.79
62.136537 0.79
62.200303 0.79
62.260537 0.79
62.334538 0.78
62.398163 0.78
62.453055 0.78
62.508305 0.79
62.558304 0.79
62.608304 0.79
62.658303 0.78
62.708290 0.78
62.758305 0.78
62.822082 0.79
62.881069 0.78
62.936185 0.79
62.999919 0.79
63.058543 0.78
63.105793 0.79
63.164543 0.79
63.222921 0.78
63.287061 0.79
63.350948 0.78
63.409421 0.79
63.483421 0.79
63.535796 0.79
63.581797 0.79
63.645421 0.78
63.706455 0.79
63.762452 0.78
63.818453 0.79
63.874454 0.78
63.939081 0.79
63.995471 0.78
64.064550 0.79
64.128677 0.78
64.192427 0.78
64.266677 0.79
64.335552 0.78
64.404553 0.79
64.468554 0.79
64.526957 0.79
64.600930 0.79
64.659680 0.78
64.723555 0.78
64.792556 0.78
64.861431 0.78
64.930557 0.79
64.994572 0.78
65.053807 0.78
65.114558 0.79
65.178433 0.78
65.247559 0.79
65.311434 0.79
65.380685 0.78
65.439561 0.78
65.503562 0.79
65.567687 0.79
65.626562 0.79
65.695688 0.79
65.750689 0.79
65.809439 0.78
65.873564 0.79
65.937689 0.79
65.996314 0.79
66.065566 0.79
66.131378 0.79
66.196089 0.79
66.261354 0.79
66.325567 0.79
66.385692 0.78
66.444568 0.78
66.504694 0.78
66.563445 0.78
66.619350 0.79
66.677819 0.78
66.741337 0.78
66.815572 0.79
66.880577 0.78
66.949449 0.79
67.023464 0.78
67.092463 0.79
67.166463 0.79
67.240838 0.79
67.306325 0.79
67.369950 0.78
67.435218 0.79
67.500576 0.78
67.569331 0.79
67.638455 0.78
67.707453 0.79
67.765836 0.79
67.820836 0.78
67.879221 0.79
67.934454 0.79
67.992837 0.78
68.052840 0.78
68.112841 0.78
68.172838 0.79
68.232839 0.78
68.314837 0.79
68.373457 0.79
68.442350 0.79
68.496987 0.78
68.550226 0.79
68.602584 0.79
68.657585 0.79
68.712712 0.79
68.776586 0.78
68.840227 0.79
68.905587 0.79
68.956242 0.78
69.016243 0.79
69.075212 0.79
69.127588 0.79
69.182589 0.78
69.233244 0.79
69.289244 0.79
69.352714 0.79
69.411844 0.79
69.480716 0.79
69.544466 0.79
69.608467 0.79
69.677217 0.79
69.751243 0.78
69.825093 0.79
69.893718 0.78
69.957219 0.79
70.020719 0.80
70.084220 0.78
70.147721 0.79
70.211221 0.79
70.274721 0.79
70.338221 0.78
70.401722 0.79
70.456722 0.79
70.511723 0.79
70.566723 0.79
70.621723 0.78
70.676723 0.79
70.731724 0.79
70.795225 0.79
70.858725 0.78
70.918725 0.78
70.978726 0.78
71.038726 0.78
71.098727 0.79
71.162228 0.78
71.225728 0.79
71.276892 0.79
71.331891 0.79
71.381480 0.80
71.436480 0.78
71.500731 0.79
71.564731 0.79
71.638606 0.78
71.702124 0.79
71.776483 0.78
71.835483 0.79
71.890483 0.78
71.945484 0.79
72.000485 0.78
72.055610 0.79
72.110486 0.78
72.174486 0.78
72.238379 0.79
72.302500 0.78
72.364139 0.79
72.429118 0.79
72.492612 0.79
72.556128 0.78
72.619738 0.79
72.689494 0.79
72.748490 0.78
72.812615 0.79
72.871491 0.78
72.930116 0.79
73.004259 0.79
73.072992 0.79
73.137011 0.79
73.192136 0.79
73.256260 0.78
73.315120 0.79
73.378620 0.79
73.444629 0.79
73.514265 0.78
73.573122 0.78
73.642262 0.79
73.705998 0.78
73.774622 0.79
73.837066 0.79
73.901751 0.79
73.962175 0.78
74.031267 0.78
74.100000 0.78
74.169016 0.79
74.233376 0.78
74.297501 0.79
74.351005 0.78
74.415128 0.79
74.480628 0.78
74.540628 0.78
74.604629 0.79
74.678513 0.79
74.733511 0.78
74.803384 0.78
74.862506 0.79
74.916007 0.78
74.990006 0.78
75.053508 0.79
75.119008 0.79
75.193133 0.78
75.251509 0.79
75.317009 0.79
75.391011 0.78
75.454510 0.78
75.518011 0.78
75.582918 0.79
75.643012 0.79
75.717012 0.79
75.791767 0.78
75.860514 0.79
75.924015 0.79
75.987515 0.79
76.051014 0.79
76.114516 0.79
76.169515 0.79
76.228515 0.78
76.283521 0.79
76.338516 0.79
76.404155 0.79
76.468159 0.79
76.532036 0.79
76.601018 0.79
76.664519 0.78
76.728520 0.78
76.792520 0.78
76.861395 0.78
76.911396 0.79
76.969899 0.78
77.039289 0.79
77.098066 0.79
77.167156 0.79
77.231024 0.78
77.290404 0.79
77.355901 0.78
77.414399 0.79
77.473150 0.78
77.528905 0.79
77.583938 0.79
77.645935 0.79
77.693416 0.79
77.757527 0.80
77.826653 0.79
77.890652 0.79
77.954404 0.79
78.008186 0.79
78.072057 0.78
78.135935 0.78
78.204935 0.79
78.273907 0.78
78.348181 0.78
78.402412 0.79
78.461411 0.78
78.516417 0.79
78.585912 0.79
78.655318 0.79
78.714290 0.78
78.778537 0.79
78.843913 0.79
78.912913 0.79
78.982541 0.79
79.047114 0.79
79.106429 0.78
79.166922 0.78
79.231305 0.78
79.294796 0.78
79.363413 0.79
79.423415 0.78
79.478416 0.78
79.538421 0.79
79.599040 0.79
79.657419 0.78
79.712541 0.79
79.770921 0.78
79.831794 0.79
79.895543 0.79
79.948793 0.79
80.008793 0.79
80.061169 0.78
80.114419 0.79
80.169294 0.78
80.227921 0.79
80.286295 0.78
80.345421 0.79
80.403950 0.78
80.456823 0.79
80.515301 0.79
80.578800 0.78
80.647799 0.79
80.711300 0.79
80.780300 0.79
80.843804 0.79
80.907802 0.78
80.972084 0.78
81.022804 0.79
81.076427 0.78
81.140427 0.78
81.199429 0.78
81.263443 0.80
81.322319 0.78
81.381069 0.79
81.439932 0.78
81.509055 0.79
81.572960 0.78
81.637085 0.79
81.701322 0.79
81.759963 0.79
81.829057 0.79
81.887961 0.79
81.946934 0.78
82.005451 0.79
82.071333 0.78
82.126439 0.79
82.185435 0.79
82.245435 0.78
82.309454 0.79
82.359436 0.79
82.423312 0.79
82.478330 0.78
82.538813 0.79
82.593813 0.79
82.644969 0.79
82.708814 0.79
82.763814 0.79
82.827945 0.79
82.888081 0.79
82.951691 0.79
83.004065 0.78
83.053441 0.78
83.117191 0.79
83.180691 0.78
83.240442 0.79
83.293695 0.79
83.346095 0.79
83.409694 0.78
83.473320 0.79
83.547195 0.79
83.610820 0.79
83.669196 0.79
83.732696 0.79
83.801822 0.79
83.870572 0.78
83.939198 0.79
84.002698 0.79
84.066200 0.79
84.129701 0.79
84.193203 0.79
84.256700 0.78
84.320203 0.78
84.383701 0.79
84.452827 0.79
84.521702 0.78
84.595956 0.78
84.659707 0.78
84.728837 0.79
84.792957 0.79
84.861580 0.79
84.912976 0.79
84.971840 0.79
85.035706 0.78
85.104842 0.80
85.173582 0.78
85.233838 0.79
85.302583 0.79
85.363349 0.80
85.416837 0.79
85.475585 0.79
85.545022 0.79
85.603586 0.78
85.655961 0.78
85.706587 0.79
85.770116 0.79
85.828587 0.79
85.892842 0.79
85.943614 0.78
86.000366 0.79
86.060852 0.78
86.115005 0.79
86.174345 0.79
86.234103 0.79
86.308717 0.79
86.373474 0.78
86.437717 0.79
86.506592 0.78
86.575595 0.78
86.649593 0.79
86.713361 0.80
86.772359 0.79
86.836124 0.78
86.889849 0.79
86.953721 0.78
87.022721 0.79
87.081365 0.78
87.134856 0.79
87.193723 0.79
87.252365 0.79
87.316127 0.78
87.369724 0.79
87.438856 0.79
87.497856 0.78
87.561600 0.79
87.635601 0.79
87.704856 0.78
87.763727 0.79
87.818889 0.79
87.877728 0.78
87.941890 0.79
88.000603 0.79
88.069604 0.79
88.125510 0.79
88.172889 0.79
88.226730 0.78
88.277510 0.78
88.324890 0.79
88.378891 0.79
88.432731 0.78
88.491732 0.79
88.555608 0.79
88.624483 0.79
88.691511 0.78
88.738890 0.79
88.792734 0.79
88.851734 0.80
88.910736 0.79
88.969890 0.79
89.028611 0.79
89.088487 0.79
89.157892 0.79
89.211737 0.79
89.275738 0.79
89.339738 0.79
89.393894 0.79
89.447739 0.79
89.506740 0.79
89.565740 0.78
89.629616 0.78
89.698741 0.79
89.762742 0.78
89.821742 0.79
89.880742 0.79
89.944618 0.79
90.018899 0.78
90.084744 0.79
90.138744 0.79
90.192901 0.79
90.246745 0.78
90.305620 0.79
90.369746 0.78
90.423903 0.78
90.484747 0.79
90.543622 0.80
90.607748 0.78
90.666623 0.79
90.730749 0.79
90.789624 0.79
90.853902 0.78
90.918266 0.79
90.977016 0.78
91.037626 0.79
91.101501 0.78
91.165627 0.79
91.229753 0.78
91.288628 0.79
91.352504 0.78
91.403754 0.78
91.462505 0.79
91.526629 0.79
91.590630 0.78
91.654631 0.79
91.718507 0.79
91.782632 0.79
91.846508 0.79
91.910507 0.79
91.974633 0.79
92.038508 0.78
92.102509 0.79
92.166634 0.79
92.230510 0.78
92.294635 0.78
92.358636 0.78
92.422511 0.79
92.486512 0.78
92.550638 0.79
92.614638 0.79
92.678514 0.79
92.742639 0.79
92.806514 0.79
92.870515 0.79
92.934640 0.80
92.998516 0.78
93.062516 0.79
93.126642 0.78
93.190517 0.78
93.254518 0.79
93.318643 0.78
93.382519 0.78
93.446519 0.78
93.510645 0.79
93.574520 0.78
93.638520 0.79
93.702646 0.79
93.761522 0.78
93.825647 0.79
93.884647 0.78
93.943648 0.79
94.002523 0.79
94.066648 0.79
94.125649 0.79
94.180650 0.79
94.239650 0.78
94.298650 0.78
94.357651 0.79
94.412651 0.79
94.471527 0.79
94.535652 0.78
94.590778 0.80
94.656308 0.78
94.709933 0.79
94.775311 0.79
94.828932 0.78
94.890311 0.79
94.941308 0.79
94.996311 0.79
95.060656 0.79
95.119532 0.78
95.179657 0.78
95.243657 0.79
95.302658 0.78
95.361658 0.79
95.420534 0.78
95.489659 0.79
95.548660 0.78
95.607660 0.79
95.666536 0.79
95.735661 0.79
95.794537 0.78
95.853662 0.78
95.907663 0.78
95.966538 0.79
96.025663 0.78
96.084664 0.79
96.143539 0.79
96.202665 0.79
96.261665 0.79
96.320540 0.78
96.379666 0.79
96.438667 0.78
96.497542 0.79
96.556668 0.79
96.611678 0.79
96.665546 0.79
96.724670 0.80
96.774544 0.79
96.829669 0.78
96.884670 0.79
96.934670 0.79
96.988546 0.79
97.052546 0.79
97.111546 0.79
97.166672 0.79
97.221672 0.79
97.276548 0.79
97.331548 0.78
97.386548 0.79
97.441549 0.78
97.496674 0.79
97.551550 0.78
97.606550 0.79
97.665675 0.79
97.729969 0.79
97.790206 0.78
97.845221 0.78
97.914319 0.79
97.983809 0.79
98.047678 0.79
98.106429 0.78
98.170554 0.79
98.235430 0.79
98.299555 0.79
98.363681 0.79
98.422806 0.78
98.497325 0.78
98.576807 0.79
98.640557 0.78
98.694202 0.78
98.758558 0.79
98.812076 0.78
98.867559 0.78
98.921326 0.78
98.980201 0.79
99.040810 0.78
99.109561 0.79
99.163327 0.79
99.232078 0.79
99.292563 0.79
99.346080 0.78
99.411813 0.79
99.485564 0.79
99.539329 0.79
99.608689 0.79
99.672690 0.79
99.734095 0.79
99.790691 0.79
99.849692 0.79
99.913567 0.79
99.967335 0.79
100.036334 0.78
100.100212 0.78
100.160444 0.79
100.219087 0.79
100.288337 0.79
100.352339 0.79
100.408099 0.79
100.466696 0.78
100.525572 0.79
100.584339 0.79
100.653573 0.78
100.712213 0.79
100.780948 0.78
100.844699 0.78
100.903340 0.79
100.967215 0.78
101.036104 0.79
101.110092 0.79
101.184345 0.78
101.243220 0.79
101.312107 0.78
101.381205 0.79
101.450110 0.79
101.519221 0.79
101.588580 0.79
101.654221 0.79
101.723233 0.78
101.792706 0.79
101.867235 0.79
101.936236 0.78
102.005208 0.79
102.068985 0.78
102.138112 0.79
102.191459 0.79
102.255585 0.79
102.319585 0.79
102.383460 0.79
102.436989 0.78
102.501116 0.78
102.561462 0.79
102.614992 0.79
102.679117 0.79
102.739463 0.79
102.792993 0.79
102.856991 0.78
102.926118 0.78
102.986482 0.78
103.039992 0.78
103.104119 0.80
103.173592 0.78
103.232467 0.79
103.286119 0.80
103.349997 0.78
103.419358 0.79
103.478122 0.79
103.542124 0.79
103.611595 0.79
103.670470 0.79
103.723999 0.78
103.788124 0.79
103.857597 0.78
103.921597 0.79
103.985473 0.78
104.044000 0.79
104.118599 0.79
104.177474 0.78
104.236003 0.79
104.300004 0.79
104.364002 0.79
104.433128 0.79
104.497006 0.79
104.566245 0.78
104.625244 0.79
104.689728 0.78
104.759245 0.79
104.823007 0.79
104.897480 0.79
104.962889 0.78
105.032481 0.79
105.096372 0.78
105.151373 0.79
105.205008 0.79
105.265482 0.79
105.330888 0.78
105.391358 0.79
105.445010 0.79
105.509013 0.79
105.570889 0.79
105.631359 0.79
105.685014 0.79
105.749013 0.79
105.809361 0.78
105.868016 0.78
105.927014 0.79
105.987380 0.78
106.040890 0.79
106.105017 0.79
106.174489 0.79
106.233365 0.79
106.287019 0.79
106.351255 0.79
106.415019 0.78
106.479020 0.79
106.543018 0.79
106.602021 0.79
106.666020 0.79
106.735493 0.78
106.799619 0.79
106.863494 0.78
106.922495 0.79
106.986385 0.78
107.039901 0.79
107.104023 0.80
107.173496 0.79
107.237622 0.79
107.307149 0.79
107.371024 0.78
107.440498 0.79
107.499498 0.79
107.574029 0.79
107.637904 0.79
107.703269 0.78
107.762017 0.79
107.831501 0.79
107.902751 0.79
107.966908 0.78
108.025907 0.78
108.089909 0.79
108.148906 0.79
108.212908 0.79
108.268504 0.79
108.329132 0.71
108.387911 0.70
108.451911 0.71
108.510910 0.68
108.574910 0.66
108.633910 0.72
108.697913 0.73
108.756914 0.70
108.820913 0.72
108.879913 0.73
108.943914 0.73
109.002915 0.67
109.066913 0.69
109.125915 0.71
109.189916 0.70
109.248914 0.72
109.312917 0.71
109.371915 0.73
109.435918 0.71
109.494918 0.71
109.558919 0.72
109.617920 0.73
109.681920 0.71
109.740921 0.72
109.804920 0.72
109.863922 0.69
109.927922 0.72
109.986922 0.69
110.051017 0.68
110.109920 0.72
110.174036 0.71
110.237644 0.68
110.299924 0.67
110.358926 0.71
110.417924 0.68
110.478049 0.67
110.536927 0.74
110.595925 0.72
110.660038 0.74
110.723647 0.73
110.776052 0.73
110.834773 0.73
110.890679 0.71
110.944292 0.70
111.008292 0.70
111.082167 0.72
111.140775 0.72
111.209651 0.73
111.262043 0.67
111.315777 0.71
111.371683 0.71
111.425418 0.69
111.478778 0.71
111.547778 0.74
111.616779 0.70
111.685780 0.67
111.754655 0.73
111.818423 0.73
111.877299 0.72
111.951173 0.74
112.004782 0.73
112.068782 0.72
112.132783 0.70
112.201659 0.69
112.265424 0.68
112.324302 0.69
112.398177 0.74
112.451785 0.72
112.520661 0.75
112.589786 0.71
112.658786 0.72
112.722787 0.72
112.786788 0.72
112.855663 0.70
112.919432 0.71
112.978304 0.72
113.047307 0.71
113.111305 0.73
113.171790 0.73
113.240666 0.72
113.304433 0.73
113.363309 0.72
113.432309 0.74
113.501072 0.71
113.559669 0.83
113.615574 0.81
113.662950 0.82
113.716795 0.85
113.767575 0.82
113.814951 0.84
113.868796 0.83
113.919574 0.84
113.966953 0.84
114.025797 0.82
114.089673 0.83
114.155065 0.83
114.208674 0.82
114.265079 0.82
114.334317 0.85
114.403067 0.82
114.461800 0.83
114.525675 0.81
114.594677 0.83
114.663677 0.84
114.732677 0.83
114.801678 0.83
114.870679 0.83
114.940085 0.83
114.999304 0.70
115.052804 0.70
115.111805 0.70
115.180430 0.70
115.244071 0.70
115.302556 0.70
115.366075 0.71
115.424557 0.70
115.498683 0.70
115.557061 0.70
115.620561 0.70
115.684064 0.70
115.739201 0.70
115.813059 0.70
115.873816 0.70
115.932565 0.70
116.001816 0.70
116.061228 0.70
116.125950 0.70
116.186943 0.69
116.250566 0.70
116.305566 0.70
116.379567 0.70
116.434567 0.70
116.489568 0.70
116.544565 0.70
116.599570 0.70
116.654695 0.70
116.709196 0.70
116.762446 0.70
116.818696 0.70
116.874448 0.70
116.937948 0.70
116.996446 0.70
117.048821 0.70
117.099448 0.70
117.162948 0.70
117.226448 0.70
117.289950 0.70
117.353451 0.70
117.405825 0.70
117.460451 0.70
117.523951 0.70
117.582451 0.70
117.645953 0.70
117.709452 0.70
117.770456 0.70
117.833952 0.70
117.897455 0.70
117.961080 0.70
118.019454 0.70
118.093455 0.70
118.157081 0.70
118.215456 0.70
118.289458 0.69
118.358332 0.70
118.418460 0.70
118.481957 0.70
118.545583 0.70
118.603959 0.70
118.662334 0.70
118.722459 0.70
118.796335 0.70
118.856461 0.70
118.919961 0.70
118.985336 0.70
119.050587 0.70
119.108963 0.70
119.174463 0.70
119.238038 0.70
119.292965 0.70
119.348090 0.70
119.401341 0.70
119.461465 0.70
119.516466 0.70
119.576846 0.70
119.640487 0.70
119.698967 0.70
119.757341 0.70
119.809718 0.70
119.868470 0.70
119.915719 0.69
119.966343 0.69
120.029847 0.70
120.093346 0.69
120.156848 0.70
120.220345 0.70
120.283847 0.70
120.347598 0.70
120.403350 0.70
120.466852 0.70
120.530348 0.70
120.591351 0.70
120.649974 0.70
120.708349 0.70
120.769354 0.70
120.832853 0.70
120.891352 0.70
120.954977 0.70
121.013353 0.70
121.087352 0.69
121.156227 0.70
121.216354 0.70
121.279855 0.70
121.343605 0.70
121.412229 0.70
121.467356 0.70
121.531004 0.70
121.595006 0.70
121.658874 0.70
121.718874 0.70
121.782370 0.70
121.837372 0.70
121.892371 0.70
121.947372 0.70
122.002373 0.70
122.057374 0.70
122.112373 0.70
122.167357 0.70
122.231483 0.70
122.291608 0.70
122.350609 0.70
122.409610 0.70
122.473249 0.70
122.525609 0.70
122.576235 0.69
122.639735 0.70
122.703235 0.70
122.766736 0.70
122.830237 0.70
122.882612 0.70
122.933238 0.70
122.996737 0.70
123.060239 0.70
123.123739 0.70
123.187240 0.70
123.250740 0.70
123.314240 0.70
123.377740 0.70
123.441241 0.70
123.504742 0.70
123.568242 0.70
123.631743 0.70
123.695243 0.70
123.758744 0.70
123.822244 0.70
123.885744 0.69
123.949245 0.70
124.012745 0.70
124.076246 0.70
124.139746 0.70
124.203247 0.70
124.266747 0.70
124.330255 0.70
124.393748 0.70
124.448748 0.70
124.508749 0.70
124.568750 0.70
124.628756 0.70
124.688750 0.70
124.748751 0.70
124.812251 0.69
124.875752 0.69
124.934128 0.70
124.994253 0.70
125.057753 0.70
125.117754 0.70
125.172629 0.70
125.236130 0.70
125.288505 0.69
125.337881 0.69
125.391131 0.70
125.443506 0.70
125.494132 0.70
125.557632 0.70
125.621132 0.70
125.673509 0.69
125.722884 0.70
125.776133 0.70
125.839634 0.70
125.903135 0.70
125.966647 0.70
126.030136 0.70
126.104011 0.70
126.172637 0.70
126.236137 0.70
126.299637 0.70
126.363138 0.70
126.426642 0.70
126.490140 0.70
126.553639 0.70
126.617151 0.70
126.680640 0.70
126.744141 0.70
126.807641 0.70
126.866142 0.70
126.931143 0.70
126.994642 0.70
127.058143 0.70
127.121643 0.70
127.176644 0.70
127.240145 0.70
127.303645 0.70
127.363645 0.70
127.427146 0.70
127.490646 0.70
127.550647 0.70
127.614147 0.70
127.677648 0.70
127.737648 0.70
127.797648 0.70
127.857648 0.70
127.916024 0.70
127.976164 0.70
128.039650 0.70
128.098026 0.70
128.150401 0.70
128.199780 0.70
128.253027 0.70
128.305402 0.70
128.356029 0.70
128.419540 0.70
128.483029 0.69
128.535416 0.70
128.586030 0.70
128.649542 0.70
128.713031 0.69
128.776531 0.70
128.840032 0.70
128.901033 0.70
128.964532 0.70
129.028033 0.70
129.091543 0.70
129.155033 0.69
129.218534 0.70
129.282035 0.69
129.355911 0.70
129.424540 0.70
129.488036 0.70
129.551537 0.71
129.615037 0.70
129.678538 0.70
129.742038 0.70
129.805538 0.70
129.860546 0.70
129.915539 0.70
129.970540 0.70
130.025540 0.70
130.089054 0.70
130.162917 0.70
130.228042 0.70
130.291541 0.70
130.351543 0.70
130.411543 0.70
130.471543 0.70
130.531557 0.70
130.589920 0.70
130.655056 0.70
130.710046 0.71
130.770922 0.70
130.834421 0.70
130.897923 0.70
130.950297 0.70
130.999672 0.70
131.058048 0.70
131.113048 0.70
131.160299 0.70
131.213559 0.69
131.271925 0.70
131.324311 0.70
131.374927 0.70
131.438426 0.70
131.501927 0.70
131.554303 0.70
131.612955 0.70
131.676955 0.70
131.742446 0.70
131.795956 0.70
131.860072 0.70
131.929680 0.70
131.994090 0.70
132.053074 0.70
132.112321 0.70
132.175933 0.70
132.245558 0.70
132.309433 0.70
132.378559 0.70
132.453452 0.70
132.506964 0.70
132.575964 0.70
132.645208 0.70
132.709329 0.70
132.768209 0.70
132.826965 0.70
132.891563 0.70
132.950438 0.70
133.010438 0.70
133.070438 0.69
133.130438 0.70
133.193940 0.70
133.252439 0.70
133.312441 0.70
133.375941 0.70
133.439440 0.70
133.499441 0.70
133.554317 0.70
133.617817 0.70
133.670192 0.70
133.738818 0.70
133.802318 0.70
133.865819 0.70
133.929319 0.70
133.992819 0.70
134.056320 0.69
134.119820 0.70
134.172196 0.70
134.222822 0.70
134.286322 0.70
134.349822 0.70
134.413322 0.70
134.476823 0.70
134.540335 0.70
134.598824 0.70
134.662330 0.70
134.725825 0.70
134.789325 0.70
134.852826 0.70
134.916326 0.70
134.979833 0.69
135.043328 0.70
135.106844 0.71
135.170328 0.70
135.233836 0.70
135.297329 0.69
135.360836 0.70
135.424343 0.70
135.479331 0.70
135.542837 0.70
135.606332 0.70
135.661332 0.70
135.716332 0.70
135.771333 0.70
135.834836 0.70
135.898334 0.70
135.958335 0.70
136.018335 0.70
136.078335 0.70
136.138336 0.70
136.198336 0.70
136.258336 0.70
136.318338 0.70
136.378337 0.70
136.433213 0.70
136.496713 0.70
136.556714 0.70
136.616846 0.70
136.671843 0.70
136.722965 0.70
136.778716 0.70
136.842217 0.70
136.905716 0.70
136.958092 0.70
137.008718 0.70
137.072218 0.70
137.135719 0.70
137.199219 0.70
137.262719 0.70
137.315095 0.70
137.378595 0.70
137.447220 0.70
137.510721 0.70
137.574221 0.70
137.637721 0.70
137.701222 0.70
137.764723 0.70
137.828223 0.70
137.891724 0.70
137.955224 0.70
138.018724 0.70
138.082225 0.70
138.145725 0.70
138.209226 0.70
138.272726 0.69
138.336227 0.70
138.399727 0.69
138.463228 0.70
138.518228 0.70
138.581729 0.70
138.645229 0.70
138.705230 0.70
138.765232 0.70
138.825232 0.70
138.885235 0.70
138.945234 0.70
139.005233 0.70
139.060108 0.70
139.123610 0.70
139.183609 0.70
139.243737 0.70
139.294862 0.70
139.350612 0.70
139.414110 0.70
139.477738 0.70
139.532737 0.70
139.579997 0.70
139.630616 0.71
139.694116 0.70
139.757614 0.69
139.810000 0.70
139.860617 0.70
139.924120 0.70
139.987617 0.70
140.051128 0.70
140.114616 0.70
140.178125 0.70
140.241616 0.71
140.305126 0.70
140.368617 0.70
140.432117 0.70
140.495618 0.70
140.559121 0.70
140.622620 0.70
140.686120 0.70
140.749619 0.70
140.819622 0.70
140.883121 0.70
140.941624 0.70
141.005123 0.70
141.060126 0.69
141.115125 0.70
141.170124 0.70
141.233624 0.70
141.297126 0.70
141.360626 0.70
141.424129 0.70
141.484127 0.70
141.544128 0.70
141.604128 0.70
141.656542 0.70
141.715003 0.70
141.773909 0.70
141.832504 0.70
141.887755 0.70
141.951504 0.70
142.013546 0.70
142.082507 0.70
142.152006 0.70
142.210511 0.70
142.269757 0.70
142.333632 0.69
142.389539 0.70
142.445524 0.70
142.509008 0.70
142.572509 0.70
142.624884 0.70
142.675510 0.70
142.734012 0.70
142.797511 0.70
142.861014 0.70
142.924512 0.70
142.985513 0.71
143.049012 0.69
143.112514 0.70
143.176017 0.70
143.239513 0.70
143.303017 0.70
143.366514 0.70
143.430024 0.70
143.493517 0.70
143.557024 0.70
143.620516 0.70
143.684016 0.70
143.747517 0.70
143.811019 0.70
143.874518 0.70
143.938019 0.70
144.001519 0.70
144.065019 0.70
144.128520 0.70
144.192022 0.69
144.247021 0.70
144.307024 0.70
144.367022 0.70
144.427023 0.69
144.487023 0.70
144.547025 0.70
144.610524 0.70
144.674024 0.70
144.728901 0.70
144.792400 0.70
144.852526 0.69
144.916026 0.70
144.974406 0.69
145.030653 0.70
145.086403 0.70
145.149903 0.70
145.213415 0.70
145.276907 0.70
145.340404 0.70
145.392779 0.70
145.442155 0.70
145.495405 0.70
145.558906 0.70
145.622408 0.70
145.685908 0.69
145.749412 0.70
145.812910 0.70
145.876409 0.70
145.939913 0.70
146.003411 0.69
146.066913 0.70
146.130410 0.70
146.193918 0.70
146.257411 0.70
146.320916 0.70
146.384414 0.70
146.447915 0.70
146.511413 0.70
146.574914 0.70
146.638414 0.70
146.701915 0.70
146.765415 0.70
146.828917 0.70
146.892416 0.70
146.955917 0.70
147.019426 0.70
147.082919 0.69
147.142926 0.70
147.202922 0.70
147.262923 0.70
147.322920 0.70
147.382932 0.70
147.442922 0.70
147.497808 0.70
147.561300 0.70
147.621434 0.70
147.672548 0.70
147.730923 0.70
147.789301 0.70
147.849424 0.70
147.907803 0.70
147.971301 0.70
148.023675 0.70
148.074301 0.70
148.137800 0.70
148.201301 0.70
148.253676 0.70
148.306927 0.70
148.365301 0.70
148.428802 0.70
148.492305 0.70
148.555805 0.70
148.619304 0.70
148.682804 0.70
148.746305 0.70
148.809804 0.70
148.873308 0.70
148.936806 0.70
149.000309 0.70
149.063820 0.70
149.127308 0.70
149.190814 0.70
149.254311 0.70
149.317819 0.70
149.376313 0.70
149.439820 0.70
149.503311 0.70
149.566816 0.70
149.630312 0.70
149.693815 0.70
149.748814 0.70
149.812314 0.70
149.875813 0.70
149.935813 0.70
149.999314 0.70
150.062814 0.70
150.122815 0.70
150.182815 0.69
150.242815 0.70
150.302816 0.70
150.362817 0.70
150.422820 0.70
150.486319 0.70
150.545956 0.69
150.599198 0.70
150.655446 0.70
150.724202 0.70
150.776574 0.70
150.827199 0.70
150.890697 0.70
150.954330 0.70
151.001571 0.70
151.052211 0.70
151.115699 0.70
151.179211 0.70
151.242702 0.70
151.306200 0.69
151.380205 0.70
151.443865 0.70
151.512707 0.70
151.571339 0.69
151.640205 0.70
151.714861 0.70
151.783703 0.70
151.847453 0.70
151.911221 0.70
151.980454 0.70
152.049839 0.70
152.114009 0.70
152.183457 0.70
152.243016 0.70
152.307585 0.70
152.361844 0.70
152.421588 0.70
152.475596 0.70
152.534711 0.70
152.594033 0.70
152.660351 0.70
152.719499 0.70
152.773838 0.70
152.832711 0.70
152.898589 0.70
152.952226 0.70
153.013129 0.70
153.082714 0.70
153.147357 0.70
153.206106 0.69
153.270593 0.70
153.324358 0.70
153.379593 0.70
153.440234 0.70
153.509718 0.69
153.568717 0.70
153.638366 0.70
153.697122 0.70
153.771721 0.70
153.830594 0.70
153.884366 0.69
153.943364 0.70
154.002607 0.70
154.067600 0.70
154.121368 0.71
154.180852 0.70
154.250486 0.70
154.311863 0.70
154.381857 0.70
154.446604 0.70
154.512486 0.70
154.578600 0.70
154.632387 0.70
154.702129 0.70
154.771728 0.70
154.846368 0.70
154.905480 0.70
154.969866 0.70
155.034384 0.70
155.088731 0.70
155.158491 0.70
155.223121 0.70
155.287730 0.70
155.352482 0.70
155.406250 0.70
155.470483 0.70
155.524000 0.70
155.588016 0.69
155.657249 0.70
155.716482 0.70
155.770011 0.70
155.834735 0.70
155.899484 0.69
155.953488 0.70
156.007486 0.70
156.061487 0.70
156.115253 0.70
156.169393 0.70
156.215486 0.70
156.269129 0.70
156.330025 0.70
156.394613 0.70
156.464491 0.70
156.518257 0.70
156.588148 0.70
156.647255 0.70
156.706615 0.70
156.770490 0.70
156.824743 0.70
156.889386 0.70
156.948619 0.70
157.018495 0.70
157.072025 0.70
157.136618 0.70
157.211622 0.70
157.286496 0.70
157.347745 0.70
157.401620 0.70
157.475498 0.70
157.541138 0.70
157.605624 0.70
157.680301 0.70
157.739752 0.70
157.798625 0.70
157.863503 0.70
157.933142 0.70
157.987141 0.70
158.064960 0.70
158.122031 0.70
158.186626 0.69
158.240502 0.70
158.301143 0.70
158.360271 0.69
158.424147 0.70
158.479385 0.70
158.539918 0.70
158.593379 0.70
158.643636 0.70
158.702762 0.70
158.758381 0.70
158.822630 0.70
158.882008 0.70
158.948008 0.69
159.007638 0.70
159.061384 0.71
159.115641 0.70
159.175152 0.70
159.234008 0.70
159.294384 0.70
159.353276 0.70
159.417010 0.70
159.477385 0.70
159.536011 0.69
159.596386 0.70
159.655012 0.71
159.724011 0.70
159.793405 0.70
159.852013 0.70
159.912388 0.70
159.971156 0.70
160.035014 0.70
160.099015 0.70
160.168015 0.70
160.231906 0.69
160.301391 0.70
160.360017 0.70
160.424017 0.70
160.492910 0.70
160.561894 0.70
160.631035 0.70
160.695037 0.70
160.764172 0.70
160.833395 0.70
160.899163 0.70
160.963286 0.70
161.022039 0.70
161.091162 0.70
161.155273 0.70
161.213899 0.70
161.283292 0.70
161.347416 0.70
161.413654 0.70
161.467528 0.70
161.528306 0.70
161.593175 0.70
161.647045 0.70
161.710776 0.69
161.775053 0.70
161.833903 0.70
161.899782 0.70
161.960530 0.70
162.025310 0.70
162.095408 0.70
162.159420 0.70
162.229051 0.70
162.288534 0.70
162.347533 0.69
162.412305 0.70
162.471411 0.70
162.535427 0.70
162.604912 0.70
162.669536 0.70
162.728425 0.70
162.792409 0.70
162.856536 0.70
162.915411 0.70
162.979412 0.70
163.054540 0.70
163.113538 0.70
163.172429 0.70
163.236413 0.70
163.300428 0.70
163.364429 0.70
163.429919 0.70
163.501084 0.70
163.560057 0.70
163.623987 0.70
163.679420 0.70
163.743543 0.70
163.802952 0.70
163.861919 0.70
163.918798 0.70
163.983921 0.70
164.043095 0.70
164.097080 0.70
164.151203 0.70
164.216089 0.70
164.266332 0.70
164.327424 0.70
164.382798 0.70
164.442448 0.70
164.497678 0.70
164.549433 0.70
164.609199 0.70
164.674677 0.70
164.749802 0.69
164.814208 0.70
164.879209 0.69
164.943935 0.70
165.005204 0.70
165.075334 0.70
165.150810 0.70
165.220940 0.70
165.275437 0.70
165.334934 0.70
165.389443 0.70
165.454202 0.70
165.518819 0.70
165.588212 0.70
165.657564 0.70
165.721808 0.70
165.785977 0.70
165.844810 0.70
165.909443 0.70
165.969106 0.70
166.023248 0.70
166.088443 0.70
166.148132 0.70
166.213217 0.70
166.279815 0.70
166.346441 0.70
166.405205 0.70
166.469465 0.70
166.523220 0.70
166.593235 0.70
166.662816 0.70
166.721816 0.70
166.776222 0.70
166.845962 0.70
166.900340 0.70
166.959455 0.70
167.020827 0.70
167.080340 0.70
167.141140 0.70
167.211949 0.70
167.270970 0.70
167.324822 0.70
167.384137 0.70
167.454346 0.70
167.513699 0.70
167.574345 0.70
167.633343 0.70
167.692708 0.70
167.757342 0.70
167.821244 0.70
167.880114 0.70
167.949108 0.70
168.013100 0.69
168.082827 0.70
168.146826 0.70
168.206351 0.70
168.265838 0.70
168.324839 0.70
168.379220 0.70
168.439650 0.70
168.499369 0.70
168.558845 0.70
168.642713 0.70
168.714466 0.69
168.781135 0.69
168.846155 0.70
168.911227 0.70
168.981267 0.70
169.041020 0.70
169.107840 0.70
169.172860 0.69
169.232713 0.70
169.287230 0.69
169.348712 0.70
169.413242 0.70
169.473012 0.70
169.548240 0.70
169.605848 0.69
169.656372 0.70
169.717865 0.70
169.772358 0.70
169.833726 0.70
169.887846 0.69
169.947008 0.70
170.008131 0.70
170.067362 0.70
170.139848 0.70
170.209123 0.70
170.282847 0.70
170.341847 0.70
170.419593 0.70
170.471117 0.69
170.523849 0.70
170.582720 0.70
170.642249 0.70
170.707012 0.70
170.777033 0.70
170.841848 0.70
170.896851 0.70
170.961856 0.70
171.017037 0.70
171.082026 0.70
171.157380 0.70
171.224024 0.70
171.294110 0.69
171.359025 0.70
171.419737 0.70
171.474251 0.70
171.525478 0.69
171.594854 0.70
171.677728 0.70
171.741477 0.70
171.815730 0.70
171.879602 0.70
171.948730 0.70
172.012605 0.70
172.076871 0.70
172.146606 0.70
172.210732 0.70
172.264732 0.70
172.323732 0.70
172.383153 0.70
172.447610 0.70
172.507266 0.70
172.564364 0.70
172.628736 0.70
172.688156 0.70
172.747146 0.69
172.807620 0.70
172.871737 0.69
172.927376 0.70
172.982866 0.70
173.043621 0.70
173.098043 0.70
173.170888 0.70
173.231620 0.70
173.292433 0.70
173.348052 0.70
173.423628 0.70
173.483125 0.70
173.539403 0.70
173.603753 0.70
173.654029 0.70
173.723025 0.70
173.793010 0.70
173.862946 0.70
173.918395 0.70
173.987918 0.69
174.057622 0.70
174.121746 0.70
174.177498 0.70
174.241757 0.70
174.297417 0.70
174.361499 0.70
174.425748 0.70
174.475912 0.70
174.540000 0.70
174.598749 0.70
174.658129 0.70
174.712001 0.70
174.775914 0.69
174.845637 0.69
174.905069 0.69
174.966760 0.70
175.036516 0.70
175.091064 0.70
175.150631 0.70
175.205136 0.70
175.266510 0.70
175.321030 0.70
175.380941 0.70
175.440643 0.70
175.496328 0.70
175.555927 0.70
175.622520 0.70
175.672920 0.70
175.742641 0.70
175.793052 0.70
175.857646 0.70
175.907635 0.70
175.966509 0.70
176.026764 0.70
176.090892 0.69
176.156768 0.70
176.221639 0.70
176.282322 0.70
176.338059 0.70
176.397773 0.70
176.464521 0.70
176.518903 0.69
176.590327 0.70
176.649932 0.69
176.715075 0.70
176.774769 0.70
176.844946 0.70
176.914932 0.70
176.980299 0.69
177.049641 0.70
177.108516 0.70
177.177642 0.70
177.236767 0.70
177.306161 0.70
177.377522 0.70
177.436518 0.70
177.500644 0.70
177.559645 0.70
177.623773 0.70
177.693522 0.70
177.758777 0.70
177.824936 0.70
177.884657 0.70
177.949528 0.70
178.008972 0.70
178.070531 0.70
178.120784 0.70
178.185530 0.70
178.239652 0.70
178.293653 0.71
178.347652 0.69
178.401652 0.70
178.456654 0.70
178.506526 0.70
178.559776 0.69
178.616183 0.70
178.671293 0.70
178.727779 0.69
178.793311 0.70
178.852658 0.70
178.902658 0.70
178.952663 0.70
179.007656 0.69
179.068197 0.70
179.132541 0.70
179.187533 0.70
179.237660 0.70
179.296548 0.70
179.362787 0.70
179.423300 0.70
179.477795 0.70
179.549205 0.70
179.614310 0.70
179.674080 0.70
179.744450 0.70
179.798961 0.70
179.863672 0.70
179.926207 0.70
179.995432 0.70
180.070791 0.70
180.140667 0.70
180.206791 0.70
180.276798 0.70
180.346670 0.70
180.407932 0.70
180.469423 0.70
180.523802 0.70
180.588545 0.70
180.642556 0.70
180.712296 0.70
180.776797 0.70
180.832674 0.70
180.893299 0.70
180.957672 0.70
181.018060 0.70
181.083963 0.70
181.142671 0.70
181.208551 0.70
181.262443 0.70
181.321558 0.70
181.386320 0.70
181.445562 0.70
181.510557 0.69
181.574678 0.70
181.644560 0.70
181.709339 0.70
181.764806 0.70
181.818193 0.70
181.879331 0.70
181.933321 0.69
181.997813 0.70
182.057559 0.70
182.116565 0.70
182.175681 0.70
182.241125 0.70
182.301975 0.70
182.358819 0.70
182.418565 0.70
182.483562 0.70
182.533820 0.70
182.598813 0.70
182.663331 0.70
182.722940 0.70
182.776821 0.70
182.836567 0.70
182.895940 0.70
182.965689 0.70
183.035333 0.71
183.094813 0.70
183.164187 0.70
183.223942 0.70
183.289975 0.70
183.359570 0.69
183.424972 0.70
183.494690 0.70
183.548206 0.70
183.617570 0.70
183.683443 0.70
183.747574 0.70
183.811567 0.70
183.872698 0.70
183.933320 0.70
183.992702 0.70
184.052093 0.70
184.111347 0.70
184.167003 0.70
184.222450 0.70
184.276460 0.70
184.346450 0.70
184.400704 0.69
184.460453 0.70
184.521458 0.70
184.586455 0.70
184.647241 0.70
184.697708 0.70
184.757345 0.70
184.827356 0.70
184.877705 0.70
184.933237 0.70
184.987708 0.70
185.052456 0.70
185.106705 0.70
185.160579 0.70
185.230464 0.70
185.289705 0.70
185.348715 0.70
185.412956 0.70
185.488244 0.70
185.542711 0.70
185.602364 0.70
185.667462 0.70
185.732460 0.70
185.807846 0.70
185.868710 0.70
185.928462 0.70
185.982351 0.70
186.041597 0.70
186.100460 0.70
186.158964 0.70
186.222585 0.70
186.281585 0.70
186.351118 0.70
186.410717 0.70
186.470107 0.70
186.539590 0.70
186.604358 0.70
186.663601 0.70
186.723365 0.70
186.784247 0.70
186.834601 0.70
186.894258 0.70
186.947995 0.70
187.017591 0.70
187.083594 0.70
187.144125 0.69
187.203001 0.70
187.258359 0.70
187.312241 0.70
187.362372 0.69
187.421597 0.70
187.486390 0.70
187.551370 0.69
187.612104 0.70
187.671601 0.70
187.736244 0.70
187.795726 0.70
187.849475 0.70
187.908599 0.70
187.967598 0.69
188.037728 0.70
188.107133 0.70
188.166243 0.70
188.219984 0.70
188.284013 0.70
188.347856 0.70
188.412610 0.70
188.482009 0.70
188.546609 0.70
188.611142 0.70
188.675617 0.70
188.740482 0.70
188.805259 0.70
188.870380 0.70
188.935266 0.70
188.996612 0.70
189.050619 0.70
189.110264 0.70
189.176611 0.70
189.236268 0.70
189.297613 0.70
189.357404 0.70
189.424115 0.70
189.484806 0.70
189.540487 0.70
189.605055 0.70
189.659494 0.70
189.719260 0.70
189.784024 0.70
189.842897 0.69
189.902496 0.70
189.962126 0.70
190.021497 0.69
190.081265 0.69
190.146050 0.70
190.199906 0.70
190.259279 0.70
190.323996 0.70
190.379744 0.70
190.443373 0.70
190.501744 0.70
190.554124 0.70
190.604747 0.70
190.668243 0.69
190.731742 0.70
190.795242 0.70
190.858743 0.70
190.922243 0.70
190.985743 0.70
191.049246 0.70
191.112755 0.70
191.176250 0.69
191.239749 0.70
191.303256 0.70
191.366751 0.70
191.430383 0.70
191.488753 0.70
191.552257 0.70
191.615754 0.70
191.679259 0.70
191.742756 0.70
191.806253 0.70
191.861377 0.70
191.925377 0.70
191.987755 0.70
192.051910 0.69
192.112804 0.69
192.171917 0.70
192.231409 0.70
192.291137 0.70
192.352167 0.70
192.417050 0.70
192.467134 0.69
192.521407 0.70
192.581158 0.70
192.647291 0.70
192.709939 0.70
192.774522 0.70
192.836077 0.70
192.906156 0.70
192.981513 0.70
193.029136 0.70
193.094168 0.70
193.164140 0.70
193.218401 0.70
193.278060 0.70
193.336762 0.70
193.395919 0.70
193.460144 0.70
193.530034 0.70
193.583962 0.70
193.649069 0.70
193.703287 0.70
193.769174 0.70
193.839019 0.69
193.898519 0.70
193.968770 0.70
194.024425 0.70
194.084168 0.70
194.154164 0.70
194.229523 0.70
194.283412 0.69
194.348064 0.69
194.401772 0.70
194.468175 0.70
194.533066 0.70
194.584706 0.70
194.646041 0.70
194.705051 0.70
194.767690 0.70
194.836652 0.70
194.907692 0.70
194.972188 0.70
195.033159 0.70
195.094292 0.70
195.146566 0.70
195.197933 0.70
195.258591 0.70
195.317780 0.70
195.377066 0.70
195.431082 0.70
195.490300 0.70
195.549308 0.70
195.608532 0.70
195.660943 0.70
195.715306 0.70
195.761299 0.70
195.831437 0.70
195.887559 0.70
195.939316 0.69
196.003784 0.69
196.062785 0.69
196.127052 0.70
196.196316 0.70
196.256061 0.70
196.315054 0.70
196.384051 0.70
196.442785 0.70
196.506661 0.70
196.575536 0.71
196.645318 0.70
196.709789 0.70
196.773788 0.70
196.827789 0.70
196.887112 0.70
196.953667 0.70
197.018088 0.70
197.088321 0.70
197.147211 0.70
197.206976 0.70
197.266184 0.71
197.324797 0.70
197.378794 0.70
197.437795 0.69
197.496796 0.70
197.555683 0.70
197.610194 0.70
197.669314 0.70
197.733929 0.70
197.790199 0.70
197.849809 0.70
197.904326 0.70
197.960320 0.70
198.021684 0.70
198.076202 0.70
198.131808 0.70
198.182203 0.70
198.241679 0.69
198.302493 0.70
198.362326 0.70
198.419486 0.70
198.475205 0.70
198.539806 0.70
198.599063 0.70
198.659974 0.70
198.724940 0.70
198.781434 0.70
198.844932 0.70
198.908429 0.70
198.960803 0.69
199.011432 0.69
199.074930 0.70
199.138433 0.69
199.190806 0.70
199.250438 0.70
199.313935 0.70
199.377441 0.70
199.440940 0.70
199.504444 0.70
199.567941 0.70
199.631446 0.70
199.705316 0.71
199.765438 0.70
199.829071 0.70
199.887438 0.70
199.950948 0.70
200.005941 0.70
200.069438 0.70
200.143315 0.70
200.211948 0.70
200.275442 0.70
200.339073 0.70
200.397449 0.70
200.460945 0.70
200.515952 0.70
200.570948 0.70
200.625945 0.70
200.684574 0.70
200.742955 0.70
200.802952 0.70
200.862948 0.70
200.926454 0.70
200.981449 0.70
201.041078 0.70
201.094328 0.70
201.154449 0.70
201.209456 0.70
201.267951 0.70
201.326329 0.70
201.382704 0.70
201.446333 0.70
201.507841 0.70
201.571328 0.70
201.623710 0.70
201.687329 0.70
201.739708 0.70
201.798333 0.70
201.850704 0.70
201.905579 0.70
201.974345 0.70
202.043706 0.69
202.098954 0.70
202.149838 0.70
202.204115 0.70
202.273229 0.71
202.337844 0.70
202.396841 0.70
202.452711 0.70
202.500368 0.70
202.555593 0.70
202.610016 0.70
202.679586 0.70
202.744020 0.70
202.797993 0.70
202.863021 0.70
202.924589 0.70
202.984118 0.70
203.043717 0.70
203.104989 0.70
203.168988 0.70
203.238233 0.70
203.307714 0.70
203.361727 0.70
203.426592 0.70
203.485715 0.70
203.545476 0.70
203.605003 0.70
203.669357 0.70
203.738590 0.70
203.797595 0.70
203.861846 0.70
203.927478 0.70
203.981850 0.71
204.042258 0.70
204.102728 0.70
204.163366 0.69
204.224036 0.70
204.285477 0.70
204.335723 0.70
204.385732 0.69
204.435723 0.70
204.485732 0.70
204.550722 0.70
204.600597 0.70
204.655597 0.70
204.710240 0.70
204.762597 0.70
204.817364 0.70
204.886599 0.69
204.941599 0.70
204.992252 0.70
205.061600 0.70
205.125600 0.70
205.189601 0.70
205.253726 0.70
205.323244 0.70
205.397860 0.70
205.467483 0.70
205.531867 0.70
205.601613 0.70
205.655871 0.70
205.720609 0.70
205.774871 0.70
205.839485 0.70
205.908733 0.70
205.978609 0.70
206.037611 0.70
206.091882 0.70
206.161613 0.70
206.215623 0.70
206.276490 0.70
206.341262 0.70
206.401035 0.69
206.456906 0.69
206.521623 0.70
206.587489 0.70
206.646625 0.70
206.705739 0.70
206.775141 0.70
206.846154 0.70
206.906901 0.70
206.967264 0.70
207.031616 0.70
207.096623 0.70
207.162746 0.70
207.234506 0.70
207.291622 0.70
207.341630 0.70
207.407627 0.70
207.473631 0.70
207.538757 0.71
207.594375 0.70
207.659505 0.70
207.724627 0.70
207.785278 0.70
207.839757 0.70
207.897169 0.70
207.957625 0.70
208.018139 0.70
208.083633 0.69
208.148504 0.70
208.213000 0.70
208.277628 0.70
208.336258 0.70
208.400756 0.70
208.464627 0.70
208.518759 0.70
208.578506 0.70
208.637959 0.70
208.697938 0.70
208.753758 0.69
208.813513 0.69
208.878511 0.70
208.939640 0.70
209.009763 0.70
209.074648 0.70
209.139520 0.70
209.204512 0.70
209.274385 0.70
209.328761 0.70
209.393136 0.70
209.453520 0.69
209.507511 0.70
209.561769 0.70
209.621518 0.70
209.691524 0.70
209.756522 0.70
209.821515 0.70
209.886518 0.70
209.951515 0.70
210.021177 0.70
210.085764 0.70
210.150155 0.70
210.210519 0.69
210.264159 0.70
210.328770 0.70
210.393160 0.70
210.452518 0.70
210.522184 0.70
210.586767 0.70
210.646524 0.70
210.716647 0.70
210.786961 0.70
210.846774 0.70
210.911531 0.70
210.976652 0.70
211.046275 0.70
211.110533 0.70
211.185773 0.70
211.245529 0.70
211.321170 0.70
211.401651 0.69
211.471651 0.69
211.546779 0.70
211.611524 0.70
211.672530 0.70
211.737528 0.70
211.796526 0.70
211.861659 0.70
211.926029 0.70
211.992086 0.70
212.051783 0.70
212.111416 0.70
212.176414 0.70
212.241302 0.70
212.301960 0.70
212.361662 0.70
212.426542 0.70
212.489097 0.70
212.564421 0.70
212.629420 0.70
212.694305 0.70
212.744668 0.70
212.800187 0.70
212.855663 0.70
212.920673 0.70
212.980309 0.70
213.030672 0.70
213.090423 0.70
213.160307 0.70
213.225448 0.70
213.290310 0.70
213.355422 0.70
213.425795 0.70
213.492317 0.70
213.557060 0.70
213.617307 0.70
213.681675 0.69
213.746418 0.69
213.805310 0.70
213.869795 0.70
213.935805 0.70
214.011326 0.70
214.067315 0.70
214.131670 0.70
214.196548 0.70
214.255547 0.70
214.325192 0.70
214.389548 0.70
214.454099 0.70
214.513064 0.70
214.572680 0.69
214.628446 0.70
214.689335 0.70
214.756065 0.70
214.810554 0.70
214.875091 0.70
214.935804 0.70
214.999957 0.70
215.064560 0.70
215.114675 0.70
215.178965 0.70
215.234555 0.70
215.281854 0.70
215.333429 0.70
215.398198 0.70
215.452199 0.70
215.506347 0.70
215.565431 0.70
215.631450 0.70
215.692089 0.70
215.751212 0.70
215.801562 0.70
215.856809 0.70
215.921096 0.70
215.980557 0.70
216.039559 0.70
216.105854 0.70
216.175327 0.70
216.240214 0.70
216.305084 0.70
216.369446 0.70
216.439567 0.70
216.504315 0.69
216.563346 0.70
216.638092 0.70
216.696966 0.70
216.761078 0.70
216.825567 0.70
216.895110 0.70
216.954106 0.70
217.009575 0.69
217.063568 0.70
217.124340 0.70
217.180348 0.70
217.244337 0.70
217.306891 0.70
217.367861 0.70
217.432349 0.69
217.499120 0.70
217.550861 0.70
217.620231 0.70
217.684447 0.70
217.749947 0.70
217.809214 0.70
217.867953 0.69
217.922458 0.70
217.982118 0.70
218.037229 0.70
218.102223 0.70
218.163027 0.70
218.217463 0.69
218.277245 0.70
218.334233 0.70
218.395244 0.70
218.460118 0.69
218.520739 0.70
218.579704 0.70
218.649460 0.70
218.709225 0.70
218.775852 0.70
218.840089 0.70
218.893840 0.70
218.963474 0.70
219.028127 0.70
219.086841 0.70
219.156588 0.70
219.211842 0.70
219.271463 0.70
219.341587 0.70
219.405839 0.70
219.470353 0.69
219.534357 0.70
219.603995 0.70
219.657841 0.70
219.714773 0.70
219.785133 0.70
219.850094 0.70
219.902252 0.70
219.967133 0.70
220.020843 0.70
220.076359 0.70
220.137035 0.70
220.199784 0.70
220.256759 0.70
220.322776 0.70
220.377237 0.70
220.437848 0.69
220.506716 0.70
220.570466 0.70
220.629358 0.70
220.698358 0.70
220.767121 0.70
220.826372 0.70
220.880362 0.70
220.939362 0.70
220.998363 0.69
221.057481 0.70
221.118724 0.70
221.182852 0.70
221.237371 0.70
221.296981 0.69
221.347391 0.70
221.407048 0.70
221.472104 0.70
221.536862 0.70
221.591377 0.70
221.656259 0.69
221.731732 0.70
221.791374 0.70
221.861484 0.70
221.931733 0.70
221.995871 0.70
222.055375 0.69
222.120016 0.70
222.179278 0.70
222.254007 0.70
222.308383 0.70
222.367733 0.69
222.427118 0.70
222.493882 0.71
222.553255 0.70
222.618129 0.70
222.683113 0.70
222.747253 0.70
222.817017 0.70
222.867120 0.70
222.936901 0.70
222.995747 0.70
223.050263 0.70
223.104254 0.70
223.174041 0.69
223.229903 0.70
223.283892 0.69
223.339539 0.70
223.399011 0.70
223.450366 0.70
223.514740 0.70
223.578738 0.69
223.633269 0.70
223.692009 0.70
223.748752 0.70
223.803268 0.70
223.867745 0.69
223.926619 0.69
223.986264 0.70
224.040263 0.70
224.094261 0.70
224.158904 0.69
224.213266 0.70
224.273056 0.70
224.338071 0.70
224.408402 0.70
224.475042 0.70
224.545078 0.70
224.620268 0.70
224.685075 0.70
224.754625 0.70
224.829913 0.70
224.891272 0.70
224.945268 0.70
225.015043 0.69
225.079261 0.70
225.139035 0.70
225.208964 0.70
225.276028 0.69
225.342757 0.70
225.397137 0.70
225.461757 0.70
225.515629 0.70
225.579908 0.70
225.638628 0.70
225.698290 0.70
225.759632 0.70
225.823506 0.69
225.887920 0.70
225.948769 0.70
226.003284 0.70
226.068046 0.70
226.129071 0.69
226.188764 0.70
226.242935 0.70
226.299951 0.70
226.361137 0.70
226.411170 0.69
226.476142 0.70
226.540953 0.70
226.605955 0.70
226.675764 0.70
226.726166 0.70
226.785951 0.70
226.845152 0.70
226.904961 0.70
226.976441 0.70
227.042452 0.70
227.102166 0.70
227.153444 0.70
227.213961 0.70
227.274644 0.70
227.334770 0.70
227.385038 0.70
227.454214 0.70
227.524531 0.70
227.580062 0.70
227.645079 0.70
227.710172 0.70
227.761470 0.70
227.822964 0.70
227.893170 0.70
227.958074 0.70
228.033528 0.70
228.103531 0.70
228.173778 0.70
228.229784 0.70
228.285961 0.70
228.350655 0.70
228.414652 0.70
228.478524 0.70
228.542650 0.70
228.606652 0.70
228.665526 0.70
228.729652 0.70
228.788652 0.70
228.847779 0.70
228.908655 0.70
228.967654 0.70
229.026780 0.70
229.091058 0.70
229.150065 0.70
229.214531 0.70
229.278658 0.70
229.342657 0.70
229.401782 0.70
229.466050 0.70
229.525061 0.70
229.584050 0.70
229.644535 0.70
229.708537 0.70
229.772944 0.70
229.833062 0.70
229.888056 0.70
229.957536 0.70
230.021949 0.70
230.091664 0.70
230.146790 0.70
230.212545 0.70
230.272666 0.70
230.327666 0.70
230.377669 0.70
230.436953 0.70
230.502551 0.70
230.561668 0.70
230.620668 0.70
230.674956 0.70
230.749972 0.70
230.825318 0.70
230.885804 0.70
230.957804 0.70
231.024319 0.71
231.084243 0.70
231.144093 0.70
231.208317 0.69
231.277956 0.70
231.342077 0.70
231.403553 0.70
231.462675 0.70
231.516996 0.70
231.576979 0.70
231.641811 0.70
231.717198 0.70
231.776678 0.70
231.841689 0.70
231.906681 0.71
231.966437 0.70
232.025683 0.70
232.084703 0.69
232.156253 0.70
232.215974 0.70
232.285557 0.70
232.350199 0.69
232.417216 0.70
232.487323 0.70
232.556684 0.70
232.606692 0.70
232.660325 0.70
232.724940 0.70
232.784688 0.70
232.859819 0.70
232.935573 0.70
233.001696 0.70
233.066695 0.70
233.127334 0.70
233.197699 0.70
233.262693 0.71
233.327447 0.70
233.386942 0.70
233.451100 0.70
233.513700 0.70
233.583097 0.70
233.645574 0.70
233.706567 0.70
233.765826 0.70
233.841339 0.70
233.911353 0.70
233.972702 0.70
234.037340 0.70
234.091825 0.69
234.151574 0.70
234.212580 0.70
234.277577 0.71
234.338573 0.70
234.403584 0.70
234.464826 0.70
234.518699 0.69
234.579581 0.70
234.645121 0.70
234.704860 0.70
234.764469 0.69
234.823341 0.70
234.883573 0.70
234.942339 0.70
235.006452 0.70
235.065327 0.70
235.125575 0.70
235.184452 0.70
235.248355 0.70
235.307706 0.70
235.375112 0.70
235.432112 0.70
235.491705 0.70
235.557140 0.70
235.616859 0.70
235.670705 0.70
235.734579 0.70
235.793349 0.70
235.857348 0.70
235.917581 0.70
235.976223 0.69
236.036108 0.70
236.105346 0.70
236.174110 0.70
236.243351 0.70
236.309141 0.70
236.378840 0.70
236.443593 0.70
236.502711 0.70
236.572595 0.69
236.637591 0.70
236.698721 0.69
236.769010 0.70
236.844367 0.69
236.904244 0.70
236.979601 0.70
237.044599 0.70
237.114604 0.70
237.179478 0.70
237.249596 0.70
237.314475 0.70
237.379473 0.70
237.433604 0.70
237.494479 0.70
237.559473 0.69
237.624483 0.70
237.693474 0.69
237.748474 0.70
237.798473 0.70
237.857472 0.70
237.920978 0.69
237.981728 0.70
238.042265 0.70
238.096734 0.70
238.156478 0.70
238.210243 0.69
238.269730 0.70
238.323726 0.70
238.383489 0.70
238.448481 0.70
238.513484 0.70
238.578483 0.70
238.647485 0.69
238.711252 0.70
238.770868 0.70
238.841113 0.70
238.900734 0.70
238.965375 0.70
239.031869 0.70
239.085479 0.70
239.139247 0.70
239.208610 0.70
239.267609 0.70
239.342482 0.70
239.409114 0.70
239.473736 0.70
239.543488 0.70
239.609738 0.70
239.679138 0.70
239.743000 0.70
239.812255 0.71
239.876736 0.70
239.935612 0.70
239.994613 0.70
240.069141 0.70
240.138489 0.70
240.213380 0.70
240.277740 0.70
240.331613 0.70
240.391899 0.70
240.456380 0.70
240.515279 0.70
240.565495 0.70
240.630902 0.70
240.697751 0.70
240.754916 0.70
240.821286 0.70
240.886375 0.70
240.951265 0.70
241.010751 0.70
241.075499 0.70
241.145400 0.70
241.206041 0.70
241.266635 0.70
241.322165 0.70
241.381015 0.70
241.440631 0.70
241.500296 0.70
241.559504 0.70
241.629148 0.70
241.688270 0.70
241.747633 0.70
241.807400 0.70
241.866640 0.70
241.926389 0.70
241.991045 0.70
242.061140 0.70
242.125129 0.70
242.189761 0.70
242.256274 0.70
242.316950 0.70
242.387283 0.70
242.445923 0.70
242.511032 0.70
242.581387 0.70
242.646390 0.70
242.711390 0.70
242.781518 0.70
242.841393 0.70
242.904053 0.70
242.958641 0.70
243.014158 0.70
243.068524 0.70
243.130172 0.69
243.180517 0.70
243.241647 0.70
243.303292 0.70
243.360285 0.70
243.423764 0.70
243.489012 0.70
243.553521 0.70
243.612516 0.70
243.671393 0.70
243.731822 0.70
243.792517 0.70
243.862648 0.70
243.929058 0.70
243.984301 0.70
244.049527 0.70
244.109166 0.70
244.174070 0.70
244.239293 0.70
244.303958 0.70
244.379527 0.69
244.444409 0.70
244.520050 0.70
244.590168 0.70
244.655299 0.70
244.720297 0.70
244.790175 0.70
244.849407 0.70
244.907937 0.70
244.978181 0.70
245.043175 0.70
245.102661 0.70
245.169303 0.70
245.239415 0.70
245.299308 0.70
245.364299 0.70
245.425308 0.70
245.486303 0.70
245.555532 0.70
245.614418 0.70
245.668405 0.70
245.737782 0.70
245.798175 0.70
245.864050 0.70
245.922935 0.70
245.976781 0.70
246.045658 0.70
246.110784 0.70
246.174283 0.69
246.234284 0.70
246.290788 0.70
246.360542 0.70
246.421977 0.70
246.472181 0.70
246.527162 0.70
246.585785 0.70
246.646689 0.70
246.706420 0.69
246.765305 0.70
246.840099 0.70
246.905192 0.70
246.966704 0.70
247.023306 0.70
247.097179 0.70
247.156308 0.70
247.220310 0.70
247.284440 0.70
247.349192 0.70
247.413435 0.70
247.472418 0.70
247.536796 0.70
247.596065 0.70
247.649795 0.70
247.719796 0.70
247.778804 0.70
247.848096 0.70
247.912562 0.70
247.979213 0.70
248.049552 0.70
248.104957 0.70
248.169805 0.70
248.229460 0.70
248.289320 0.70
248.349093 0.70
248.404424 0.70
248.463442 0.69
248.522316 0.70
248.596192 0.70
248.652706 0.69
248.706318 0.70
248.770322 0.70
248.844182 0.70
248.899428 0.70
248.953320 0.70
249.006805 0.70
249.065804 0.70
249.124806 0.70
249.188806 0.70
249.252960 0.70
249.306976 0.70
249.360806 0.70
249.424682 0.70
249.494124 0.70
249.560562 0.70
249.629948 0.70
249.680335 0.70
249.740108 0.70
249.804689 0.69
249.868947 0.70
249.922688 0.70
249.986813 0.70
250.046332 0.70
250.105361 0.70
250.170214 0.70
250.231116 0.70
250.295949 0.70
250.351699 0.71
250.411337 0.70
250.481444 0.69
250.541344 0.70
250.610819 0.70
250.670225 0.70
250.734210 0.70
250.793334 0.70
250.857821 0.70
250.917105 0.70
250.982080 0.70
251.043216 0.70
251.108221 0.70
251.169827 0.70
251.224348 0.70
251.285710 0.70
251.345221 0.70
251.409957 0.70
251.471227 0.70
251.525094 0.70
251.589213 0.70
251.644090 0.70
251.699091 0.71
251.753949 0.69
251.817824 0.70
251.871092 0.69
251.925950 0.69
251.984576 0.70
252.048094 0.70
252.106454 0.70
252.166702 0.70
252.225956 0.70
252.275837 0.70
252.326115 0.70
252.400956 0.70
252.460231 0.69
252.519847 0.70
252.581513 0.70
252.641249 0.70
252.701000 0.70
252.770716 0.70
252.826515 0.69
252.882232 0.70
252.947237 0.70
253.007010 0.70
253.067496 0.70
253.132004 0.70
253.201598 0.70
253.271860 0.70
253.336715 0.70
253.393017 0.70
253.458011 0.70
253.533014 0.70
253.597848 0.69
253.657029 0.70
253.716861 0.70
253.781592 0.70
253.846238 0.70
253.911239 0.70
253.970128 0.70
254.034604 0.70
254.093719 0.70
254.152719 0.70
254.212000 0.70
254.276106 0.70
254.340849 0.70
254.396114 0.70
254.460721 0.70
254.520139 0.70
254.579259 0.70
254.640610 0.70
254.700245 0.70
254.764732 0.70
254.824605 0.70
254.884015 0.69
254.955423 0.70
255.015230 0.70
255.075610 0.70
255.136405 0.70
255.191729 0.70
255.256729 0.70
255.326605 0.70
255.396611 0.70
255.457407 0.69
255.522017 0.70
255.587613 0.70
255.642731 0.70
255.697731 0.70
255.747871 0.70
255.812017 0.70
255.877402 0.70
255.946732 0.70
256.011737 0.70
256.062130 0.70
256.126735 0.70
256.176880 0.70
256.241485 0.70
256.316016 0.70
256.385611 0.69
256.445038 0.70
256.509737 0.70
256.575636 0.70
256.630038 0.70
256.700007 0.70
256.765611 0.70
256.837987 0.70
256.896613 0.70
256.955613 0.70
257.019489 0.69
257.083739 0.69
257.142488 0.70
257.206367 0.70
257.275619 0.70
257.334616 0.70
257.398867 0.70
257.463621 0.70
257.522505 0.70
257.577049 0.70
257.636498 0.70
257.690873 0.70
257.756505 0.70
257.821027 0.70
257.880751 0.70
257.941751 0.70
258.007507 0.70
258.062061 0.70
258.123503 0.70
258.193760 0.70
258.259049 0.70
258.314510 0.70
258.369060 0.70
258.428754 0.70
258.479069 0.70
258.544057 0.70
258.603506 0.70
258.658766 0.70
258.721264 0.70
258.780414 0.70
258.840049 0.70
258.909765 0.70
258.976515 0.70
259.030885 0.70
259.097513 0.70
259.152055 0.69
259.211642 0.70
259.273023 0.70
259.337760 0.69
259.391759 0.70
259.447509 0.70
259.516759 0.70
259.570642 0.70
259.634760 0.70
259.696067 0.70
259.757515 0.70
259.811514 0.70
259.870772 0.70
259.945511 0.70
260.004402 0.70
260.073402 0.70
260.142636 0.70
260.201404 0.70
260.270639 0.70
260.334641 0.70
260.389639 0.70
260.448894 0.70
260.526895 0.70
260.585767 0.70
260.655394 0.70
260.719418 0.70
260.778901 0.69
260.843646 0.70
260.893655 0.69
260.958651 0.70
261.030169 0.70
261.089935 0.70
261.149651 0.71
261.210406 0.70
261.264908 0.69
261.320166 0.70
261.380927 0.70
261.440655 0.70
261.510963 0.70
261.576091 0.70
261.642665 0.70
261.707661 0.70
261.772655 0.70
261.837302 0.70
261.912782 0.70
261.982421 0.70
262.052044 0.70
262.118309 0.70
262.193407 0.70
262.252792 0.70
262.317919 0.70
262.377659 0.70
262.442663 0.69
262.507786 0.70
262.567324 0.70
262.621794 0.70
262.681307 0.70
262.742191 0.70
262.801919 0.70
262.863413 0.70
262.924074 0.70
262.988789 0.70
263.047787 0.70
263.108547 0.70
263.186662 0.70
263.253211 0.70
263.312920 0.70
263.374318 0.70
263.430076 0.70
263.499665 0.70
263.571064 0.70
263.630794 0.70
263.686076 0.70
263.747077 0.70
263.806668 0.70
263.876549 0.70
263.937548 0.70
264.007803 0.70
264.072673 0.70
264.138546 0.70
264.192313 0.70
264.247549 0.70
264.307681 0.70
264.379068 0.70
264.438801 0.70
264.503680 0.70
264.575071 0.70
264.644984 0.70
264.704808 0.70
264.769677 0.70
264.834318 0.70
264.904319 0.70
264.968683 0.70
265.044076 0.70
265.103313 0.70
265.157808 0.70
265.228199 0.70
265.294685 0.69
265.354435 0.70
265.419321 0.70
265.483319 0.69
265.547317 0.70
265.616444 0.70
265.675197 0.70
265.739323 0.70
265.803321 0.69
265.867069 0.70
265.926073 0.70
265.986682 0.70
266.050557 0.69
266.116327 0.70
266.171449 0.70
266.226435 0.69
266.280076 0.70
266.339074 0.70
266.400210 0.70
266.459814 0.69
266.521126 0.70
266.591352 0.69
266.661459 0.70
266.726444 0.70
266.791235 0.70
266.855823 0.70
266.926216 0.70
266.990827 0.69
267.057454 0.70
267.122469 0.70
267.186817 0.70
267.246335 0.70
267.310580 0.70
267.386115 0.70
267.445103 0.70
267.514694 0.70
267.584462 0.70
267.638108 0.70
267.697085 0.70
267.761094 0.70
267.830334 0.70
267.894211 0.70
267.958097 0.70
268.021946 0.70
268.090946 0.70
268.165087 0.70
268.234100 0.70
268.297948 0.70
268.366949 0.70
268.422452 0.70
268.488222 0.70
268.547456 0.70
268.613578 0.70
268.672710 0.70
268.728354 0.70
268.789221 0.70
268.844840 0.70
268.900354 0.70
268.969713 0.70
269.031093 0.70
269.081585 0.70
269.136997 0.70
269.192590 0.70
269.253354 0.70
269.303590 0.70
269.363238 0.70
269.413588 0.70
269.473238 0.69
269.533136 0.70
269.592722 0.70
269.663032 0.70
269.738465 0.70
269.802842 0.70
269.873238 0.70
269.938241 0.70
270.003244 0.70
270.068129 0.70
270.133017 0.70
270.208360 0.70
270.278472 0.70
270.348596 0.70
270.408102 0.70
270.468041 0.70
270.533009 0.70
270.598021 0.70
270.676722 0.69
270.741602 0.70
270.806603 0.70
270.866011 0.70
270.932476 0.70
270.992133 0.70
271.051606 0.70
271.107106 0.70
271.161476 0.70
271.220474 0.70
271.285015 0.70
271.344008 0.70
271.403005 0.70
271.462473 0.70
271.512608 0.70
271.572242 0.70
271.637140 0.69
271.687247 0.70
271.752379 0.70
271.818855 0.70
271.894048 0.70
271.948482 0.70
272.009040 0.70
272.063613 0.70
272.120732 0.70
272.172488 0.70
272.236729 0.70
272.306052 0.70
272.360486 0.70
272.420146 0.70
272.474117 0.70
272.528494 0.70
272.588154 0.70
272.647615 0.70
272.703147 0.69
272.762611 0.70
272.827384 0.70
272.902867 0.70
272.967737 0.69
273.042614 0.70
273.098021 0.70
273.148493 0.70
273.208262 0.70
273.273395 0.69
273.349059 0.70
273.410491 0.70
273.466265 0.70
273.527266 0.70
273.597375 0.70
273.668747 0.70
273.725745 0.70
273.782751 0.70
273.839750 0.70
273.904379 0.70
273.964122 0.70
274.026748 0.71
274.096500 0.70
274.163271 0.70
274.233160 0.70
274.299753 0.70
274.354874 0.70
274.419400 0.70
274.484502 0.70
274.549123 0.70
274.602747 0.70
274.656871 0.70
274.711890 0.70
274.777037 0.70
274.830875 0.70
274.890403 0.70
274.950142 0.70
275.020092 0.70
275.095512 0.69
275.161897 0.70
275.216384 0.70
275.276052 0.70
275.340891 0.70
275.395403 0.69
275.455133 0.70
275.520131 0.70
275.574071 0.71
275.633150 0.70
275.697178 0.70
275.767048 0.70
275.820895 0.70
275.875405 0.70
275.935157 0.70
276.005160 0.70
276.075160 0.69
276.150519 0.69
276.217170 0.70
276.282158 0.70
276.336287 0.70
276.411767 0.70
276.479700 0.69
276.544770 0.70
276.599283 0.70
276.659067 0.70
276.713157 0.70
276.787772 0.70
276.842301 0.70
276.901888 0.70
276.961295 0.70
277.021078 0.70
277.082284 0.70
277.147165 0.69
277.213770 0.70
277.269083 0.70
277.330305 0.69
277.389770 0.70
277.453641 0.70
277.517158 0.70
277.568315 0.69
277.624519 0.70
277.679895 0.70
277.743644 0.70
277.798900 0.69
277.857770 0.70
277.921771 0.70
277.976898 0.70
278.035912 0.70
278.086296 0.70
278.145523 0.71
278.214522 0.70
278.275525 0.70
278.334037 0.70
278.392524 0.70
278.461650 0.70
278.531184 0.70
278.606297 0.70
278.665290 0.70
278.725076 0.70
278.789908 0.70
278.848651 0.70
278.917906 0.69
278.981655 0.70
279.050911 0.70
279.116779 0.70
279.180655 0.70
279.244780 0.70
279.309097 0.70
279.368916 0.70
279.430198 0.70
279.495089 0.69
279.560089 0.70
279.619797 0.70
279.679672 0.70
279.734184 0.70
279.793797 0.70
279.855183 0.70
279.914917 0.70
279.975789 0.70
280.036423 0.70
280.095917 0.70
280.151183 0.71
280.210790 0.70
280.265928 0.70
280.331103 0.70
280.390794 0.70
280.450194 0.70
280.509927 0.70
280.576670 0.70
280.635806 0.70
280.686059 0.70
280.745202 0.70
280.800932 0.70
280.861674 0.69
280.917201 0.70
280.976930 0.70
281.050052 0.70
281.114796 0.70
281.175928 0.70
281.245931 0.70
281.310930 0.70
281.371800 0.69
281.436952 0.70
281.507303 0.70
281.567801 0.70
281.627206 0.70
281.681064 0.70
281.756563 0.70
281.821556 0.70
281.891559 0.70
281.952935 0.70
282.028205 0.70
282.097948 0.70
282.159077 0.70
282.223935 0.70
282.293560 0.70
282.348122 0.70
282.409691 0.70
282.464205 0.70
282.523690 0.70
282.578216 0.70
282.639453 0.70
282.699208 0.70
282.760561 0.71
282.825215 0.70
282.890210 0.69
282.951563 0.70
283.011118 0.70
283.072568 0.70
283.127104 0.69
283.191688 0.70
283.242102 0.70
283.301081 0.70
283.365576 0.69
283.415689 0.70
283.470820 0.69
283.535844 0.70
283.589566 0.70
283.644821 0.70
283.709823 0.70
283.778827 0.70
283.845576 0.69
283.900113 0.69
283.959577 0.70
284.014095 0.70
284.073822 0.70
284.148824 0.70
284.213824 0.70
284.293328 0.70
284.346976 0.70
284.416694 0.70
284.480819 0.70
284.539694 0.70
284.598694 0.70
284.662570 0.70
284.731571 0.70
284.800571 0.70
284.869572 0.70
284.938572 0.69
285.007448 0.70
285.076448 0.69
285.145858 0.69
285.210841 0.70
285.285714 0.70
285.350708 0.70
285.412020 0.70
285.477108 0.70
285.536582 0.69
285.591008 0.70
285.650851 0.70
285.713281 0.69
285.773030 0.70
285.834460 0.70
285.894148 0.70
285.954040 0.70
286.019003 0.69
286.079715 0.70
286.144716 0.70
286.209596 0.70
286.260008 0.70
286.319715 0.70
286.380357 0.70
286.444722 0.70
286.505462 0.70
286.565592 0.70
286.638470 0.70
286.692844 0.69
286.764261 0.70
286.824015 0.70
286.879475 0.70
286.934012 0.70
286.995470 0.70
287.060001 0.70
287.115513 0.70
287.165717 0.70
287.240591 0.70
287.304716 0.70
287.354590 0.70
287.409090 0.70
287.477717 0.70
287.536861 0.70
287.596600 0.70
287.650357 0.70
287.724718 0.70
287.785722 0.70
287.851594 0.70
287.906024 0.70
287.967245 0.70
288.031362 0.70
288.095721 0.70
288.156361 0.69
288.225597 0.70
288.289362 0.70
288.358478 0.70
288.417242 0.70
288.481726 0.70
288.542735 0.70
288.614117 0.70
288.683728 0.70
288.749024 0.70
288.814029 0.70
288.878864 0.70
288.938614 0.70
289.004607 0.70
289.060613 0.70
289.130875 0.70
289.195618 0.70
289.261620 0.70
289.327612 0.70
289.388387 0.70
289.442870 0.70
289.502613 0.70
289.567616 0.70
289.642992 0.70
289.712735 0.70
289.782269 0.70
289.853876 0.70
289.913490 0.70
289.973042 0.70
290.051622 0.70
290.121887 0.70
290.181493 0.69
290.235874 0.69
290.295624 0.71
290.365502 0.70
290.432037 0.70
290.512620 0.70
290.571875 0.70
290.631626 0.70
290.706881 0.70
290.766623 0.69
290.830744 0.70
290.900502 0.70
290.965504 0.70
291.035120 0.70
291.094749 0.70
291.161268 0.70
291.211509 0.70
291.276509 0.70
291.335749 0.70
291.395507 0.70
291.456509 0.70
291.526396 0.70
291.585375 0.70
291.644882 0.70
291.705512 0.70
291.770506 0.70
291.835505 0.70
291.894628 0.70
291.964268 0.70
292.023752 0.70
292.084003 0.70
292.158629 0.70
292.228283 0.70
292.282763 0.69
292.346630 0.70
292.416511 0.70
292.481383 0.70
292.545505 0.70
292.599005 0.70
292.668005 0.70
292.750159 0.70
292.814134 0.70
292.883519 0.70
292.948512 0.70
293.007633 0.70
293.073515 0.70
293.138515 0.70
293.208389 0.70
293.273177 0.70
293.332637 0.69
293.402284 0.70
293.461646 0.70
293.531137 0.70
293.590154 0.70
293.649640 0.70
293.714163 0.70
293.768526 0.70
293.835165 0.70
293.899649 0.70
293.960399 0.70
294.025289 0.70
294.081400 0.71
294.142649 0.70
294.207034 0.70
294.267517 0.70
294.328394 0.70
294.382299 0.70
294.432395 0.70
294.497039 0.70
294.561653 0.70
294.621406 0.70
294.682041 0.70
294.741653 0.70
294.795397 0.70
294.854288 0.70
294.918288 0.70
294.973401 0.70
295.027052 0.70
295.091292 0.70
295.150651 0.70
295.204181 0.70
295.263789 0.70
295.333907 0.70
295.398661 0.70
295.458413 0.70
295.528282 0.70
295.593304 0.70
295.658411 0.70
295.723090 0.70
295.798787 0.70
295.868793 0.70
295.935409 0.70
296.005422 0.70
296.059535 0.70
296.134917 0.70
296.204284 0.70
296.268298 0.70
296.326935 0.70
296.396414 0.70
296.457053 0.69
296.515942 0.70
296.572965 0.70
296.633966 0.70
296.703540 0.70
296.773449 0.70
296.843290 0.70
296.903796 0.70
296.963547 0.70
297.023310 0.70
297.073547 0.70
297.133317 0.70
297.198178 0.70
297.248672 0.70
297.310094 0.70
297.360312 0.70
297.410550 0.70
297.470324 0.70
297.530922 0.70
297.601194 0.70
297.651551 0.70
297.706807 0.70
297.767801 0.70
297.827550 0.70
297.887123 0.70
297.937552 0.70
297.997303 0.70
298.066304 0.70
298.129804 0.70
298.193800 0.70
298.257303 0.70
298.321326 0.70
298.379938 0.70
298.450338 0.69
298.520179 0.69
298.583681 0.70
298.647559 0.70
298.711806 0.70
298.789565 0.70
298.845326 0.70
298.903810 0.70
298.967312 0.70
299.026306 0.70
299.090984 0.70
299.161438 0.70
299.220951 0.70
299.284936 0.70
299.353805 0.70
299.418204 0.70
299.473329 0.70
299.538935 0.70
299.593441 0.70
299.653211 0.70
299.719572 0.70
299.780940 0.69
299.853813 0.70
299.928818 0.70
299.993944 0.70
300.048311 0.70
300.117327 0.70
300.169688 0.70
300.223207 0.69
300.276813 0.70
300.340689 0.70
300.409815 0.70
300.473815 0.70
300.534206 0.70
300.597692 0.70
300.650068 0.70
300.708821 0.70
300.764210 0.70
300.831949 0.70
300.890692 0.70
300.959822 0.70
301.020732 0.69
301.089820 0.70
301.150088 0.70
301.213699 0.70
301.282963 0.70
301.342339 0.69
301.411212 0.70
301.470332 0.70
301.540349 0.70
301.610027 0.70
301.664455 0.70
301.723860 0.70
301.793954 0.70
301.857826 0.70
301.921700 0.70
301.990699 0.70
302.059825 0.70
302.128700 0.70
302.192218 0.70
302.250827 0.70
302.328220 0.70
302.397220 0.70
302.474703 0.70
302.548704 0.70
302.618038 0.69
302.679223 0.70
302.731988 0.70
302.790841 0.70
302.844842 0.70
302.903581 0.70
302.963706 0.70
303.027224 0.70
303.088092 0.70
303.152999 0.70
303.211837 0.70
303.262585 0.70
303.321352 0.70
303.385352 0.70
303.438840 0.70
303.489629 0.70
303.551619 0.70
303.608723 0.70
303.679020 0.70
303.748852 0.69
303.832719 0.70
303.902850 0.70
303.962370 0.69
304.022103 0.70
304.105719 0.70
304.169848 0.70
304.234471 0.70
304.288358 0.70
304.348008 0.70
304.407473 0.70
304.471365 0.70
304.530358 0.70
304.589721 0.70
304.653847 0.70
304.712846 0.70
304.771849 0.70
304.825847 0.70
304.885118 0.70
304.938850 0.70
304.993376 0.70
305.052728 0.70
305.111853 0.71
305.166375 0.70
305.227858 0.70
305.282364 0.70
305.343732 0.70
305.398254 0.70
305.462730 0.70
305.526878 0.70
305.581124 0.70
305.645749 0.70
305.700399 0.70
305.765149 0.70
305.830042 0.70
305.894859 0.70
305.958743 0.70
306.013256 0.70
306.072864 0.70
306.119058 0.70
306.189405 0.70
306.256028 0.70
306.326037 0.70
306.388046 0.70
306.452613 0.69
306.512259 0.70
306.571871 0.70
306.622129 0.70
306.692044 0.70
306.757042 0.70
306.832052 0.70
306.897042 0.70
306.962037 0.70
307.026890 0.70
307.093877 0.71
307.155135 0.70
307.225391 0.70
307.297372 0.70
307.361880 0.69
307.422997 0.70
307.489746 0.70
307.548879 0.70
307.610266 0.70
307.671747 0.69
307.725880 0.70
307.786872 0.70
307.848137 0.70
307.901623 0.70
307.965746 0.70
308.025158 0.70
308.080624 0.70
308.139997 0.70
308.200621 0.70
308.264759 0.70
308.315129 0.70
308.379625 0.70
308.443886 0.70
308.508886 0.69
308.573754 0.70
308.628887 0.69
308.699069 0.69
308.754630 0.70
308.814136 0.70
308.878764 0.70
308.929131 0.70
308.993637 0.70
309.054450 0.70
309.105758 0.70
309.159765 0.70
309.210135 0.70
309.270891 0.70
309.336642 0.70
309.396281 0.69
309.462761 0.70
309.516508 0.70
309.574883 0.70
309.633511 0.70
309.697636 0.70
309.756634 0.70
309.811136 0.70
309.870388 0.69
309.934635 0.70
309.989013 0.70
310.058520 0.70
310.119776 0.70
310.180892 0.70
310.249888 0.70
310.308397 0.70
310.383139 0.70
310.442769 0.70
310.503896 0.70
310.568403 0.70
310.628167 0.70
310.689648 0.70
310.749029 0.70
310.808772 0.70
310.870166 0.70
310.934521 0.70
310.998644 0.70
311.053054 0.70
311.113282 0.70
311.173074 0.70
311.232774 0.70
311.292041 0.70
311.345772 0.70
311.404897 0.70
311.479905 0.70
311.542275 0.70
311.611649 0.70
311.666776 0.70
311.716775 0.70
311.777419 0.70
311.852064 0.70
311.912536 0.69
311.971652 0.70
312.026085 0.70
312.085790 0.70
312.150656 0.70
312.205097 0.70
312.283663 0.70
312.333909 0.70
312.399279 0.70
312.468656 0.70
312.523654 0.70
312.587782 0.70
312.637658 0.69
312.701405 0.71
312.775780 0.69
312.839906 0.70
312.905428 0.69
312.979912 0.70
313.044300 0.70
313.118425 0.70
313.187784 0.70
313.248305 0.70
313.312424 0.70
313.371427 0.70
313.436087 0.70
313.497317 0.70
313.561790 0.70
313.622923 0.70
313.682675 0.70
313.752667 0.70
313.807095 0.70
313.872084 0.70
313.927919 0.70
313.992798 0.70
314.063091 0.70
314.127989 0.70
314.193090 0.70
314.258090 0.70
314.327795 0.70
314.391796 0.70
314.460793 0.70
314.524794 0.70
314.588797 0.70
314.652795 0.70
314.727439 0.70
314.786549 0.70
314.845552 0.69
314.900800 0.70
314.965442 0.70
315.029683 0.70
315.094562 0.70
315.164678 0.70
315.218985 0.69
315.283687 0.70
315.358931 0.70
315.418683 0.70
315.483684 0.70
315.544308 0.70
315.625100 0.70
315.696055 0.70
315.761806 0.70
315.831448 0.70
315.890180 0.70
315.954977 0.70
316.025112 0.70
316.084819 0.70
316.144562 0.70
316.209565 0.70
316.274331 0.70
316.338449 0.70
316.392815 0.70
316.452563 0.70
316.506329 0.70
316.565818 0.70
316.630063 0.70
316.698685 0.70
316.759443 0.70
316.813687 0.70
316.877686 0.69
316.938329 0.69
317.002332 0.71
317.066337 0.70
317.125331 0.70
317.189822 0.70
317.254698 0.70
317.324566 0.70
317.388332 0.70
317.457565 0.70
317.521086 0.70
317.590331 0.70
317.654334 0.70
317.718574 0.70
317.788699 0.69
317.847696 0.70
317.906077 0.70
317.969702 0.70
318.028073 0.70
318.103222 0.70
318.168230 0.70
318.232461 0.70
318.297218 0.70
318.368825 0.70
318.422076 0.70
318.485573 0.70
318.540577 0.70
318.604342 0.70
318.676710 0.70
318.746470 0.70
318.805850 0.70
318.870460 0.69
318.931110 0.70
318.990347 0.70
319.049710 0.70
319.113578 0.71
319.168708 0.70
319.227463 0.70
319.302469 0.70
319.367462 0.70
319.432462 0.70
319.497102 0.70
319.556458 0.70
319.615708 0.70
319.679465 0.70
319.742966 0.70
319.808712 0.70
319.873467 0.70
319.943462 0.70
319.997086 0.70
320.058239 0.70
320.112718 0.69
320.172107 0.70
320.227721 0.70
320.287467 0.70
320.341124 0.70
320.400119 0.70
320.464355 0.70
320.522990 0.70
320.592117 0.71
320.650991 0.70
320.714996 0.70
320.778992 0.70
320.847996 0.70
320.916993 0.70
320.985993 0.71
321.055119 0.70
321.119358 0.70
321.183595 0.69
321.253014 0.70
321.312128 0.70
321.376472 0.69
321.437376 0.70
321.502372 0.70
321.568724 0.70
321.629480 0.70
321.695850 0.70
321.755973 0.70
321.829854 0.70
321.885248 0.70
321.949487 0.70
322.014489 0.70
322.081123 0.70
322.146862 0.70
322.206612 0.69
322.276356 0.70
322.341254 0.70
322.391609 0.70
322.460980 0.70
322.530390 0.70
322.589481 0.70
322.648125 0.70
322.707111 0.70
322.766123 0.70
322.825615 0.70
322.886366 0.70
322.941736 0.70
322.995485 0.70
323.056401 0.70
323.115485 0.70
323.176116 0.70
323.235618 0.70
323.300013 0.70
323.370264 0.70
323.425868 0.70
323.485374 0.70
323.555383 0.70
323.620262 0.70
323.684748 0.70
323.749624 0.70
323.819743 0.70
323.891384 0.71
323.945625 0.70
324.015136 0.69
324.076269 0.70
324.136141 0.70
324.195495 0.70
324.259870 0.70
324.324496 0.70
324.383496 0.70
324.458379 0.70
324.522493 0.70
324.587269 0.70
324.643123 0.70
324.707139 0.70
324.761503 0.70
324.821269 0.70
324.885409 0.70
324.946129 0.70
325.000505 0.70
325.060126 0.69
325.114000 0.70
325.183628 0.70
325.242499 0.70
325.301374 0.70
325.362000 0.70
325.431000 0.70
325.495156 0.70
325.548751 0.70
325.609149 0.70
325.667878 0.70
325.726753 0.70
325.796509 0.70
325.850511 0.70
325.905756 0.70
325.971161 0.70
326.030411 0.70
326.094397 0.70
326.155409 0.70
326.221277 0.70
326.276382 0.70
326.351889 0.70
326.411136 0.70
326.475641 0.69
326.547396 0.70
326.617515 0.70
326.673288 0.70
326.743645 0.70
326.810298 0.69
326.875287 0.70
326.940289 0.69
327.001297 0.71
327.066302 0.69
327.136393 0.70
327.206397 0.70
327.276648 0.70
327.338770 0.70
327.402893 0.70
327.457398 0.70
327.512771 0.70
327.576894 0.70
327.631400 0.70
327.685522 0.70
327.740896 0.70
327.800402 0.70
327.850523 0.70
327.900394 0.70
327.964519 0.70
328.023395 0.70
328.073288 0.70
328.133650 0.70
328.194024 0.70
328.259082 0.70
328.321653 0.70
328.382535 0.70
328.443947 0.70
328.503530 0.70
328.551047 0.70
328.604776 0.70
328.670655 0.70
328.718059 0.70
328.776776 0.70
328.846530 0.69
328.905150 0.70
328.968652 0.70
329.030049 0.70
329.083918 0.70
329.138431 0.70
329.198180 0.70
329.262284 0.69
329.326174 0.70
329.401296 0.70
329.459908 0.70
329.518656 0.70
329.582658 0.70
329.657537 0.70
329.711308 0.70
329.785910 0.70
329.844785 0.70
329.909174 0.70
329.973302 0.70
330.037429 0.70
330.101915 0.70
330.165927 0.70
330.220418 0.70
330.279919 0.70
330.344019 0.70
330.410794 0.70
330.465312 0.70
330.524791 0.70
330.588663 0.70
330.653199 0.70
330.717426 0.70
330.777190 0.70
330.842085 0.70
330.903100 0.70
330.969797 0.70
331.024313 0.70
331.083188 0.70
331.142186 0.70
331.203199 0.70
331.262066 0.70
331.326188 0.70
331.395670 0.70
331.454188 0.69
331.513189 0.69
331.582063 0.70
331.640800 0.70
331.699801 0.70
331.750925 0.70
331.810333 0.70
331.870110 0.70
331.940208 0.70
332.010103 0.70
332.075080 0.70
332.144932 0.70
332.205556 0.70
332.270333 0.70
332.329943 0.70
332.389684 0.70
332.459938 0.70
332.513557 0.70
332.577805 0.70
332.637202 0.69
332.696341 0.70
332.756106 0.70
332.821347 0.70
332.880354 0.70
332.940106 0.70
333.005103 0.70
333.074820 0.70
333.129334 0.70
333.189063 0.70
333.244847 0.69
333.295338 0.69
333.352820 0.70
333.412208 0.70
333.482337 0.70
333.543692 0.70
333.607825 0.70
333.658214 0.70
333.717949 0.70
333.778942 0.69
333.829216 0.70
333.894108 0.70
333.953211 0.70
334.013949 0.70
334.078952 0.70
334.135819 0.70
334.190218 0.70
334.254440 0.70
334.314691 0.70
334.375500 0.70
334.440106 0.69
334.504087 0.70
334.574220 0.69
334.639003 0.70
334.711964 0.70
334.776861 0.69
334.850221 0.70
334.915127 0.70
334.998348 0.70
335.070032 0.70
335.134954 0.70
335.200117 0.70
335.264708 0.70
335.324242 0.69
335.383839 0.70
335.456094 0.70
335.525576 0.70
335.591577 0.70
335.651223 0.70
335.710849 0.70
335.771581 0.70
335.836585 0.70
335.891026 0.70
335.955844 0.69
336.017232 0.70
336.078711 0.70
336.133228 0.70
336.194017 0.70
336.260712 0.70
336.314996 0.70
336.379715 0.70
336.434003 0.70
336.495126 0.70
336.560011 0.69
336.626583 0.70
336.690584 0.70
336.754709 0.70
336.816709 0.69
336.875711 0.70
336.934586 0.70
337.006992 0.70
337.084712 0.70
337.143716 0.70
337.198713 0.70
337.257714 0.70
337.316720 0.70
337.366847 0.70
337.432378 0.69
337.487590 0.69
337.547846 0.70
337.613370 0.70
337.677724 0.70
337.727845 0.70
337.798349 0.70
337.862723 0.70
337.917847 0.70
337.987360 0.69
338.052722 0.69
338.116851 0.70
338.180998 0.70
338.250364 0.70
338.324851 0.70
338.388857 0.70
338.463599 0.70
338.523017 0.70
338.589243 0.70
338.644599 0.70
338.722003 0.70
338.791241 0.69
338.846601 0.69
338.910601 0.70
338.969726 0.70
339.028857 0.70
339.093015 0.70
339.157007 0.70
339.221008 0.70
339.280007 0.70
339.339008 0.70
339.397730 0.70
339.456605 0.69
339.520248 0.70
339.589606 0.70
339.648606 0.70
339.707374 0.70
339.776732 0.70
339.835622 0.70
339.890034 0.70
339.941244 0.69
339.996375 0.70
340.055611 0.70
340.114736 0.70
340.176241 0.70
340.240864 0.70
340.306383 0.70
340.371744 0.70
340.437489 0.70
340.507621 0.70
340.567122 0.70
340.631491 0.70
340.686055 0.70
340.747498 0.70
340.797620 0.70
340.857123 0.70
340.923752 0.70
340.990121 0.70
341.056749 0.70
341.123500 0.70
341.177631 0.70
341.239044 0.70
341.300269 0.70
341.364748 0.69
341.430889 0.70
341.495747 0.70
341.560502 0.70
341.615067 0.70
341.670879 0.70
341.735382 0.70
341.789888 0.69
341.854753 0.70
341.915144 0.70
341.984888 0.70
342.038878 0.70
342.113393 0.70
342.177755 0.70
342.241888 0.70
342.301507 0.70
342.355913 0.70
342.415270 0.70
342.484393 0.70
342.544628 0.70
342.608524 0.70
342.664635 0.70
342.733632 0.70
342.792927 0.70
342.852511 0.70
342.913887 0.69
342.973643 0.70
343.038646 0.70
343.110144 0.70
343.180393 0.70
343.234891 0.70
343.295636 0.70
343.364635 0.70
343.423896 0.69
343.484154 0.70
343.548639 0.70
343.613138 0.70
343.682639 0.70
343.741404 0.70
343.802514 0.70
343.856767 0.70
343.915765 0.70
343.990640 0.70
344.049898 0.70
344.114645 0.70
344.179393 0.70
344.238900 0.70
344.298647 0.70
344.365395 0.69
344.429518 0.70
344.479653 0.70
344.540159 0.70
344.599775 0.70
344.655401 0.70
344.705899 0.70
344.775899 0.70
344.835290 0.70
344.894416 0.70
344.953923 0.70
345.013411 0.70
345.067651 0.70
345.128909 0.70
345.186062 0.69
345.241525 0.70
345.295290 0.70
345.359292 0.70
345.423292 0.70
345.487294 0.70
345.551167 0.69
345.611651 0.70
345.686058 0.70
345.750295 0.70
345.814043 0.70
345.878298 0.70
345.942293 0.70
346.011421 0.70
346.065303 0.69
346.129296 0.70
346.193299 0.70
346.257786 0.70
346.316658 0.70
346.381539 0.70
346.451662 0.70
346.516200 0.70
346.596798 0.70
346.661663 0.70
346.731544 0.70
346.796545 0.70
346.861431 0.70
346.920305 0.70
346.990315 0.70
347.044668 0.70
347.119665 0.70
347.184306 0.70
347.248673 0.70
347.308428 0.70
347.369795 0.70
347.434425 0.70
347.497054 0.71
347.552421 0.70
347.607420 0.70
347.666328 0.69
347.721546 0.70
347.782428 0.70
347.847327 0.70
347.901673 0.70
347.973189 0.70
348.032327 0.70
348.087671 0.70
348.152428 0.69
348.213215 0.70
348.267301 0.70
348.331805 0.70
348.393210 0.70
348.452802 0.70
348.514202 0.70
348.568684 0.70
348.638315 0.69
348.696924 0.69
348.761315 0.70
348.825443 0.70
348.879194 0.70
348.938072 0.70
348.997321 0.70
349.062327 0.70
349.116684 0.69
349.189692 0.70
349.249328 0.70
349.314328 0.70
349.379338 0.70
349.444479 0.70
349.509330 0.69
349.568692 0.70
349.628457 0.70
349.693438 0.70
349.767935 0.70
349.832694 0.70
349.896809 0.70
349.950560 0.70
350.009562 0.70
350.068435 0.70
350.133566 0.70
350.193208 0.70
350.251969 0.70
350.321452 0.70
350.381814 0.70
350.452823 0.70
350.512563 0.70
350.573211 0.70
350.631942 0.70
350.696345 0.70
350.755566 0.70
350.816123 0.70
350.875350 0.70
350.940087 0.70
351.003944 0.69
351.055455 0.71
351.108225 0.70
351.162351 0.69
351.227349 0.70
351.292218 0.70
351.346356 0.70
351.411363 0.70
351.486107 0.70
351.556347 0.70
351.626365 0.70
351.696083 0.70
351.750349 0.70
351.815346 0.70
351.885220 0.70
351.944244 0.70
352.003346 0.70
352.067702 0.70
352.132011 0.70
352.190952 0.69
352.260827 0.70
352.335579 0.70
352.394580 0.70
352.463954 0.70
352.524955 0.70
352.584860 0.70
352.643348 0.70
352.707957 0.70
352.772368 0.70
352.842362 0.70
352.906992 0.70
352.972009 0.70
353.026244 0.70
353.078336 0.70
353.137717 0.70
353.197471 0.70
353.257127 0.70
353.307595 0.70
353.363240 0.70
353.433214 0.70
353.494466 0.70
353.554253 0.70
353.627357 0.70
353.692239 0.70
353.749245 0.70
353.810129 0.70
353.875241 0.70
353.930468 0.70
353.986717 0.70
354.048015 0.69
354.103747 0.70
354.177006 0.71
354.231474 0.70
354.287243 0.70
354.357249 0.70
354.422242 0.70
354.492139 0.70
354.546259 0.70
354.611142 0.70
354.665476 0.70
354.725107 0.70
354.779477 0.70
354.835031 0.69
354.900109 0.70
354.954479 0.70
355.014253 0.70
355.084379 0.70
355.159876 0.70
355.226480 0.69
355.285863 0.70
355.355985 0.70
355.410481 0.70
355.464351 0.70
355.528367 0.70
355.602243 0.70
355.655854 0.70
355.716124 0.69
355.771479 0.70
355.831112 0.69
355.897864 0.70
355.952375 0.70
356.017111 0.70
356.082114 0.70
356.144682 0.70
356.200363 0.70
356.266881 0.70
356.331746 0.70
356.407253 0.70
356.467113 0.70
356.523610 0.70
356.577372 0.70
356.642114 0.70
356.711866 0.70
356.770875 0.70
356.825368 0.70
356.876613 0.69
356.924018 0.70
356.977612 0.70
357.030014 0.70
357.089491 0.70
357.140621 0.70
357.187990 0.70
357.247373 0.70
357.307150 0.70
357.371883 0.69
357.441748 0.70
357.512049 0.70
357.582163 0.70
357.657497 0.70
357.727494 0.70
357.796868 0.70
357.860868 0.70
357.924618 0.70
357.993743 0.70
358.062870 0.70
358.126871 0.70
358.190620 0.70
358.264745 0.70
358.328746 0.70
358.392747 0.70
358.456746 0.70
358.520747 0.70
358.593383 0.70
358.653001 0.70
358.716499 0.70
358.777155 0.70
358.841386 0.69
358.900881 0.69
358.960293 0.70
359.021756 0.70
359.076282 0.70
359.136300 0.70
359.195890 0.70
359.253062 0.70
359.314424 0.70
359.375761 0.70
359.425886 0.70
359.479632 0.70
359.539280 0.70
359.599077 0.70
359.660063 0.70
359.724890 0.70
359.788512 0.70
359.852634 0.70
359.917136 0.70
359.976150 0.70
360.050150 0.70
360.114761 0.70
360.165516 0.70
360.222154 0.70
360.286136 0.70
360.350296 0.69
360.410061 0.70
360.474642 0.70
360.547182 0.70
360.622648 0.70
360.681765 0.70
360.745640 0.70
360.815177 0.70
360.873515 0.70
360.948647 0.70
361.013285 0.70
361.082158 0.70
361.141193 0.70
361.195290 0.70
361.254020 0.70
361.317770 0.70
361.376899 0.70
361.440521 0.70
361.509771 0.70
361.569293 0.70
361.628048 0.70
361.688901 0.70
361.749906 0.70
361.809168 0.70
361.868656 0.70
361.923315 0.70
361.982779 0.69
362.043418 0.69
362.103312 0.70
362.167779 0.70
362.222912 0.70
362.287789 0.70
362.352661 0.70
362.412183 0.70
362.471918 0.70
362.545049 0.70
362.614913 0.70
362.688412 0.70
362.741907 0.70
362.807410 0.70
362.862664 0.69
362.916535 0.69
362.982412 0.70
363.033427 0.70
363.093784 0.70
363.148787 0.70
363.202785 0.70
363.258415 0.69
363.312198 0.70
363.371918 0.70
363.436969 0.71
363.507323 0.70
363.567184 0.70
363.627087 0.70
363.702186 0.70
363.766789 0.70
363.821192 0.70
363.880198 0.70
363.941670 0.70
364.001192 0.70
364.060668 0.70
364.124918 0.70
364.194920 0.70
364.269668 0.70
364.328792 0.70
364.383060 0.70
364.452434 0.70
364.521794 0.70
364.581057 0.69
364.650678 0.70
364.705068 0.70
364.774672 0.69
364.833795 0.70
364.892681 0.70
364.946546 0.70
365.006798 0.69
365.056797 0.70
365.110800 0.70
365.181560 0.69
365.236055 0.69
365.295679 0.70
365.360122 0.70
365.426313 0.70
365.496558 0.70
365.551097 0.70
365.610808 0.70
365.675807 0.70
365.732317 0.70
365.792101 0.70
365.851810 0.70
365.916682 0.70
365.967305 0.70
366.030804 0.70
366.094447 0.70
366.154103 0.70
366.213818 0.70
366.270938 0.70
366.335815 0.70
366.400819 0.70
366.467563 0.70
366.521942 0.70
366.605690 0.70
366.666438 0.70
366.736816 0.70
366.803562 0.70
366.862950 0.70
366.922692 0.70
366.984111 0.70
367.052814 0.70
367.107813 0.70
367.162812 0.69
367.217957 0.69
367.277696 0.70
367.343948 0.70
367.413592 0.70
367.473446 0.70
367.533092 0.70
367.586945 0.70
367.646699 0.70
367.716578 0.70
367.770695 0.70
367.831950 0.70
367.896846 0.70
367.966822 0.70
368.033469 0.70
368.087958 0.69
368.143343 0.70
368.203954 0.70
368.268848 0.70
368.343825 0.70
368.408954 0.70
368.473841 0.70
368.549358 0.70
368.604954 0.70
368.675098 0.70
368.730253 0.70
368.794468 0.70
368.853839 0.69
368.912327 0.70
368.970700 0.70
369.034472 0.70
369.103706 0.70
369.168454 0.70
369.229579 0.70
369.293853 0.70
369.368465 0.70
369.427706 0.70
369.481708 0.70
369.547839 0.70
369.622455 0.70
369.686474 0.70
369.750346 0.70
369.808839 0.70
369.872709 0.70
369.933587 0.70
369.992710 0.70
370.058086 0.70
370.118214 0.70
370.181711 0.70
370.247586 0.70
370.301465 0.70
370.360337 0.70
370.418712 0.70
370.478716 0.70
370.544462 0.70
370.608356 0.70
370.677851 0.70
370.736589 0.70
370.800846 0.70
370.870594 0.70
370.929360 0.70
370.993355 0.69
371.057356 0.70
371.126110 0.70
371.190360 0.70
371.259847 0.70
371.325163 0.70
371.386599 0.69
371.442600 0.70
371.501872 0.70
371.561602 0.70
371.626621 0.69
371.685360 0.70
371.739726 0.70
371.809728 0.70
371.873608 0.70
371.937103 0.70
372.006120 0.70
372.070611 0.70
372.145751 0.70
372.221248 0.70
372.285232 0.70
372