0.000000 0.000000
0.095757 0.87
0.160913 0.87
0.225754 0.87
0.289876 0.87
0.353874 0.87
0.417874 0.87
0.481875 0.88
0.550874 0.87
0.614876 0.87
0.688748 0.87
0.743029 0.87
0.798816 0.88
0.858889 0.87
0.929538 0.88
0.989369 0.87
1.053539 0.87
1.112364 0.87
1.176364 0.87
1.240364 0.87
1.304364 0.87
1.373391 0.87
1.427894 0.79
1.487662 0.79
1.548646 0.79
1.604010 0.79
1.662883 0.79
1.726884 0.78
1.800759 0.79
1.856009 0.79
1.903146 0.79
1.954524 0.79
2.013370 0.79
2.072370 0.79
2.126009 0.78
2.176009 0.78
2.231371 0.79
2.300121 0.79
2.352524 0.78
2.416248 0.79
2.471499 0.79
2.535249 0.79
2.590500 0.78
2.654249 0.79
2.701500 0.78
2.765125 0.79
2.817501 0.79
2.881251 0.79
2.946893 0.79
3.000127 0.79
3.052520 0.79
3.116253 0.79
3.190127 0.79
3.253629 0.78
3.317128 0.79
3.380630 0.79
3.444129 0.79
3.507630 0.79
3.571130 0.79
3.634631 0.78
3.698131 0.79
3.761632 0.79
3.825132 0.79
3.899008 0.79
3.967633 0.79
4.031134 0.79
4.094634 0.79
4.158135 0.79
4.221636 0.80
4.285136 0.79
4.348636 0.79
4.412136 0.79
4.475638 0.79
4.530638 0.79
4.590638 0.80
4.654139 0.78
4.717639 0.79
4.777639 0.79
4.837641 0.78
4.897641 0.79
4.957641 0.79
5.017641 0.79
5.072542 0.79
5.136795 0.79
5.195519 0.79
5.259545 0.79
5.323533 0.79
5.387521 0.79
5.449023 0.79
5.502522 0.79
5.566522 0.79
5.630522 0.79
5.694647 0.78
5.758523 0.79
5.820026 0.79
5.873524 0.79
5.937525 0.79
6.001649 0.80
6.065526 0.79
6.129525 0.79
6.191028 0.78
6.244527 0.79
6.308528 0.78
6.372528 0.79
6.436667 0.79
6.500679 0.78
6.564670 0.79
6.628680 0.79
6.692671 0.79
6.756531 0.78
6.820531 0.78
6.884669 0.78
6.948681 0.79
7.012683 0.78
7.071673 0.78
7.130534 0.78
7.205158 0.79
7.269159 0.79
7.333284 0.79
7.397159 0.78
7.461160 0.79
7.530536 0.79
7.594537 0.78
7.653537 0.78
7.717688 0.79
7.771162 0.79
7.830163 0.79
7.894288 0.79
7.953163 0.78
8.008289 0.79
8.061681 0.79
8.115165 0.79
8.179165 0.79
8.243167 0.79
8.306916 0.79
8.359291 0.78
8.412543 0.79
8.470917 0.79
8.534417 0.79
8.597918 0.79
8.650294 0.78
8.700920 0.79
8.764419 0.80
8.827920 0.79
8.891420 0.79
8.954920 0.79
9.018420 0.79
9.081921 0.79
9.145421 0.79
9.208922 0.78
9.272423 0.79
9.335924 0.79
9.399424 0.78
9.462924 0.79
9.526424 0.79
9.589925 0.79
9.653425 0.79
9.716926 0.78
9.780426 0.79
9.843928 0.79
9.907427 0.78
9.970928 0.79
10.034429 0.79
10.097928 0.79
10.161429 0.79
10.224929 0.78
10.288430 0.78
10.351931 0.79
10.415431 0.79
10.475431 0.79
10.535431 0.79
10.598933 0.79
10.662433 0.79
10.722433 0.79
10.785934 0.79
10.849433 0.79
10.909435 0.79
10.967810 0.79
11.027936 0.79
11.082936 0.79
11.134061 0.79
11.192437 0.78
11.250813 0.79
11.303187 0.78
11.356438 0.79
11.414813 0.78
11.478314 0.79
11.541814 0.78
11.594189 0.79
11.644816 0.79
11.708315 0.79
11.771817 0.79
11.835316 0.79
11.898817 0.79
11.962317 0.79
12.025818 0.79
12.089319 0.79
12.148195 0.78
12.212195 0.79
12.276321 0.78
12.341961 0.79
12.416197 0.79
12.480322 0.78
12.545837 0.79
12.614965 0.78
12.683964 0.79
12.752713 0.79
12.808200 0.78
12.866967 0.79
12.930966 0.79
12.989451 0.78
13.054717 0.79
13.114718 0.79
13.173327 0.79
13.228453 0.79
13.292328 0.79
13.350845 0.79
13.404330 0.79
13.462970 0.79
13.521455 0.79
13.574847 0.79
13.630096 0.79
13.693730 0.79
13.758732 0.79
13.815208 0.79
13.873974 0.79
13.942974 0.79
14.002732 0.80
14.071735 0.79
14.145735 0.79
14.207210 0.79
14.270734 0.79
14.332211 0.78
14.396086 0.78
14.450738 0.79
14.520740 0.79
14.584978 0.80
14.644739 0.78
14.718980 0.79
14.787740 0.78
14.861980 0.79
14.925854 0.78
14.994742 0.80
15.063980 0.79
15.132981 0.79
15.201743 0.79
15.275743 0.78
15.349747 0.79
15.423742 0.79
15.497620 0.79
15.552986 0.79
15.621745 0.80
15.690746 0.78
15.754987 0.78
15.823989 0.79
15.892749 0.79
15.961624 0.79
16.030625 0.79
16.099600 0.79
16.164865 0.79
16.233752 0.79
16.302624 0.79
16.361101 0.78
16.419753 0.79
16.480102 0.79
16.538755 0.79
16.604228 0.78
16.654979 0.78
16.713629 0.79
16.782628 0.79
16.856869 0.79
16.925631 0.80
16.999872 0.78
17.063633 0.79
17.132633 0.80
17.203107 0.79
17.261633 0.79
17.330749 0.79
17.399748 0.78
17.463633 0.79
17.537637 0.78
17.611619 0.79
17.680636 0.79
17.749636 0.78
17.823638 0.79
17.892636 0.78
17.961752 0.78
18.030754 0.80
18.099640 0.78
18.168640 0.79
18.237641 0.79
18.306641 0.79
18.375640 0.79
18.449644 0.79
18.518756 0.78
18.587643 0.79
18.661518 0.79
18.725119 0.79
18.783642 0.78
18.857646 0.79
18.931646 0.79
18.995646 0.79
19.069647 0.79
19.129997 0.78
19.188500 0.79
19.252648 0.79
19.311248 0.79
19.364499 0.78
19.433502 0.79
19.497500 0.78
19.566503 0.78
19.630652 0.78
19.696501 0.79
19.765502 0.79
19.834503 0.78
19.903651 0.79
19.972769 0.80
20.031504 0.79
20.100771 0.79
20.164505 0.79
20.233653 0.79
20.302770 0.79
20.366769 0.79
20.430507 0.79
20.499648 0.79
20.568632 0.78
20.637774 0.79
20.701633 0.79
20.771024 0.79
20.829634 0.78
20.898776 0.79
20.962774 0.78
21.026776 0.79
21.090636 0.79
21.159636 0.78
21.228779 0.78
21.292638 0.78
21.361638 0.79
21.430639 0.79
21.499640 0.78
21.568782 0.79
21.632516 0.78
21.702029 0.79
21.762266 0.78
21.812016 0.79
21.872267 0.79
21.922018 0.78
21.977018 0.79
22.041035 0.79
22.101143 0.79
22.160035 0.79
22.224035 0.79
22.288145 0.79
22.347036 0.79
22.411035 0.79
22.475037 0.79
22.539038 0.78
22.603148 0.78
22.662038 0.80
22.726036 0.79
22.790037 0.78
22.854040 0.79
22.918150 0.79
22.977038 0.78
23.041026 0.79
23.105040 0.79
23.169041 0.79
23.233152 0.79
23.292042 0.78
23.356043 0.79
23.420044 0.79
23.484044 0.79
23.548155 0.78
23.607045 0.78
23.671045 0.79
23.735044 0.79
23.809031 0.79
23.878031 0.79
23.941907 0.79
24.000408 0.79
24.063908 0.79
24.122534 0.79
24.186537 0.79
24.245535 0.79
24.309536 0.79
24.373536 0.78
24.437537 0.79
24.501540 0.78
24.560537 0.78
24.624538 0.78
24.688539 0.78
24.752539 0.79
24.803289 0.79
24.861804 0.79
24.920414 0.79
24.967690 0.78
25.018291 0.78
25.076806 0.79
25.135291 0.79
25.187694 0.79
25.238292 0.79
25.296931 0.79
25.365934 0.79
25.434935 0.79
25.498936 0.79
25.567934 0.79
25.631935 0.79
25.705809 0.79
25.764421 0.80
25.824297 0.79
25.882813 0.79
25.941422 0.78
26.010298 0.78
26.074063 0.79
26.123698 0.79
26.187424 0.79
26.246065 0.79
26.299551 0.78
26.358300 0.79
26.432425 0.78
26.491065 0.79
26.559818 0.78
26.618427 0.79
26.682428 0.79
26.751303 0.78
26.820304 0.79
26.894179 0.79
26.954429 0.79
27.018430 0.79
27.082430 0.78
27.151305 0.79
27.215073 0.79
27.270307 0.79
27.339307 0.79
27.408307 0.79
27.477433 0.79
27.536075 0.79
27.599834 0.78
27.655075 0.78
27.723701 0.79
27.782185 0.79
27.842838 0.78
27.894075 0.79
27.962701 0.79
28.026187 0.79
28.078578 0.78
28.142188 0.79
28.198565 0.80
28.262189 0.79
28.332703 0.78
28.391190 0.79
28.443567 0.79
28.507191 0.79
28.576317 0.78
28.632193 0.79
28.688193 0.79
28.757317 0.79
28.821193 0.79
28.884943 0.79
28.938444 0.78
29.007069 0.78
29.070710 0.79
29.134196 0.79
29.208321 0.78
29.277196 0.79
29.346322 0.79
29.415198 0.79
29.484323 0.79
29.553324 0.79
29.617325 0.78
29.686200 0.79
29.749714 0.79
29.813200 0.79
29.876715 0.79
29.931718 0.79
29.991716 0.79
30.046577 0.79
30.110078 0.79
30.170327 0.79
30.228718 0.79
30.283579 0.79
30.347080 0.78
30.407330 0.79
30.468729 0.78
30.523730 0.78
30.582081 0.78
30.645732 0.79
30.704207 0.79
30.759208 0.78
30.806466 0.79
30.855847 0.79
30.917732 0.79
30.976334 0.79
31.032112 0.78
31.095586 0.79
31.159336 0.79
31.228211 0.79
31.286737 0.79
31.345211 0.78
31.403738 0.79
31.462213 0.79
31.518116 0.79
31.574116 0.79
31.643339 0.79
31.712090 0.78
31.794741 0.79
31.868740 0.78
31.927217 0.78
31.999217 0.78
32.063092 0.79
32.137343 0.78
32.201094 0.79
32.275219 0.79
32.344219 0.79
32.408220 0.79
32.472221 0.78
32.536221 0.78
32.608622 0.79
32.677624 0.79
32.738347 0.78
32.802223 0.79
32.866348 0.78
32.930224 0.79
32.994099 0.78
33.058225 0.79
33.122225 0.78
33.186226 0.79
33.250101 0.78
33.314101 0.78
33.378352 0.78
33.437103 0.78
33.501103 0.78
33.565104 0.80
33.629104 0.79
33.693229 0.78
33.757105 0.79
33.821106 0.78
33.881005 0.79
33.928356 0.79
33.991982 0.78
34.053009 0.79
34.111483 0.79
34.175483 0.79
34.239484 0.79
34.303485 0.79
34.367634 0.79
34.431486 0.78
34.492988 0.78
34.546486 0.79
34.610637 0.78
34.674488 0.79
34.738639 0.79
34.802488 0.79
34.877113 0.79
34.941113 0.79
35.005114 0.78
35.069115 0.79
35.138006 0.79
35.207116 0.79
35.271116 0.78
35.335117 0.78
35.399117 0.80
35.468493 0.80
35.532494 0.79
35.591645 0.79
35.655644 0.78
35.719646 0.79
35.783496 0.78
35.847646 0.79
35.901120 0.79
35.965247 0.79
36.018497 0.78
36.082498 0.78
36.146498 0.79
36.221248 0.78
36.274647 0.79
36.333249 0.79
36.383877 0.79
36.442501 0.78
36.501502 0.79
36.565651 0.79
36.620653 0.78
36.674127 0.79
36.734252 0.78
36.784880 0.78
36.843504 0.79
36.907504 0.79
36.971504 0.79
37.032882 0.79
37.091506 0.79
37.166130 0.79
37.230131 0.78
37.294132 0.79
37.354257 0.79
37.413257 0.79
37.476772 0.79
37.537133 0.79
37.601134 0.79
37.665133 0.79
37.734259 0.79
37.797774 0.79
37.858135 0.79
37.917261 0.79
37.980776 0.79
38.036262 0.79
38.099777 0.79
38.155026 0.79
38.213513 0.79
38.273778 0.79
38.329029 0.79
38.397779 0.79
38.456389 0.79
38.511516 0.79
38.561517 0.79
38.611517 0.79
38.666783 0.79
38.725392 0.78
38.785784 0.79
38.844393 0.79
38.903034 0.79
38.963144 0.79
39.026784 0.79
39.087269 0.79
39.150784 0.79
39.211777 0.79
39.265396 0.78
39.324035 0.79
39.378522 0.79
39.447272 0.79
39.510788 0.79
39.581273 0.79
39.644789 0.78
39.705781 0.78
39.759400 0.78
39.818041 0.79
39.886917 0.79
39.947782 0.79
40.001401 0.78
40.070402 0.79
40.129044 0.79
40.198041 0.79
40.267045 0.79
40.335668 0.78
40.399404 0.79
40.459280 0.78
40.523046 0.79
40.587047 0.78
40.655921 0.79
40.729673 0.79
40.785047 0.78
40.853924 0.79
40.922674 0.78
40.978050 0.79
41.046924 0.79
41.116050 0.79
41.179925 0.79
41.248924 0.79
41.317676 0.79
41.387052 0.79
41.455679 0.79
41.515928 0.79
41.584928 0.79
41.648929 0.79
41.717678 0.78
41.772414 0.78
41.826055 0.78
41.889929 0.78
41.958930 0.78
42.027692 0.79
42.096933 0.79
42.160931 0.80
42.229682 0.79
42.303682 0.79
42.372932 0.79
42.436811 0.78
42.505685 0.79
42.574936 0.78
42.638936 0.79
42.702936 0.79
42.766937 0.78
42.830689 0.79
42.894938 0.78
42.958937 0.79
43.022700 0.79
43.096689 0.79
43.170940 0.80
43.234814 0.78
43.298940 0.79
43.367692 0.79
43.441690 0.79
43.510943 0.78
43.579943 0.79
43.648693 0.79
43.717819 0.78
43.786695 0.79
43.860696 0.79
43.934697 0.79
44.008706 0.79
44.082698 0.78
44.156948 0.79
44.226307 0.79
44.290308 0.79
44.355950 0.79
44.419559 0.79
44.488701 0.79
44.557827 0.79
44.621950 0.79
44.685711 0.79
44.747562 0.79
44.808187 0.80
44.873714 0.79
44.934188 0.79
44.998189 0.79
45.063565 0.79
45.124064 0.79
45.182705 0.79
45.243065 0.79
45.301703 0.79
45.370957 0.79
45.429594 0.78
45.498582 0.79
45.567709 0.80
45.636719 0.79
45.706084 0.79
45.764570 0.78
45.833721 0.79
45.902960 0.79
45.966961 0.78
46.030963 0.79
46.094720 0.79
46.163721 0.79
46.227573 0.79
46.296966 0.79
46.360965 0.79
46.424725 0.79
46.493966 0.79
46.557726 0.78
46.626725 0.79
46.695727 0.79
46.764727 0.79
46.833728 0.79
46.902841 0.79
46.971578 0.78
47.045578 0.79
47.119728 0.79
47.188579 0.79
47.257580 0.78
47.331729 0.79
47.395456 0.79
47.464581 0.79
47.519582 0.78
47.566847 0.78
47.638973 0.78
47.697465 0.79
47.766465 0.79
47.835585 0.79
47.892100 0.78
47.961100 0.79
48.030102 0.79
48.099101 0.80
48.162975 0.79
48.221469 0.78
48.290738 0.79
48.354614 0.79
48.418737 0.79
48.482738 0.79
48.541469 0.79
48.618715 0.79
48.687339 0.78
48.755965 0.79
48.819469 0.78
48.888729 0.78
48.948348 0.79
49.020096 0.78
49.079095 0.79
49.143094 0.79
49.207876 0.79
49.269225 0.79
49.338756 0.79
49.397625 0.79
49.466642 0.78
49.525742 0.78
49.584631 0.78
49.648751 0.79
49.707625 0.79
49.772112 0.78
49.831904 0.79
49.892484 0.80
49.951480 0.78
50.007380 0.79
50.055014 0.79
50.116109 0.78
50.185763 0.79
50.239489 0.79
50.295381 0.79
50.349004 0.79
50.410000 0.78
50.474106 0.78
50.542870 0.78
50.601485 0.79
50.656890 0.79
50.717650 0.79
50.782234 0.79
50.836000 0.79
50.895001 0.79
50.958983 0.79
51.017999 0.79
51.081999 0.79
51.141000 0.79
51.205110 0.79
51.265534 0.79
51.324525 0.79
51.383518 0.78
51.442518 0.79
51.512119 0.78
51.567538 0.78
51.626523 0.79
51.690642 0.78
51.749521 0.79
51.813744 0.78
51.877882 0.79
51.931534 0.78
51.990518 0.78
52.049519 0.78
52.119246 0.78
52.190528 0.79
52.249521 0.79
52.308524 0.78
52.372524 0.78
52.431623 0.78
52.490530 0.78
52.549527 0.78
52.608525 0.78
52.672526 0.79
52.736894 0.80
52.795998 0.79
52.848650 0.79
52.903649 0.78
52.962528 0.79
53.021895 0.79
53.074656 0.79
53.122280 0.79
53.169653 0.78
53.228375 0.78
53.292528 0.79
53.351754 0.79
53.416669 0.78
53.471045 0.79
53.531035 0.79
53.590924 0.79
53.661009 0.79
53.714253 0.78
53.777753 0.79
53.841253 0.78
53.904754 0.78
53.968254 0.79
54.031754 0.79
54.095256 0.78
54.164552 0.78
54.215258 0.78
54.278757 0.79
54.342384 0.79
54.398286 0.79
54.456900 0.78
54.526384 0.78
54.595259 0.78
54.659010 0.79
54.728135 0.78
54.788261 0.78
54.851823 0.78
54.920904 0.78
54.990014 0.79
55.054263 0.79
55.117904 0.79
55.182016 0.78
55.246395 0.79
55.310393 0.79
55.370268 0.79
55.435517 0.78
55.504266 0.78
55.573392 0.78
55.642273 0.79
55.711519 0.78
55.780393 0.79
55.849269 0.79
55.904269 0.79
55.959394 0.79
56.012769 0.79
56.071396 0.79
56.122176 0.78
56.177707 0.79
56.236790 0.79
56.305647 0.79
56.364147 0.79
56.433148 0.78
56.494156 0.79
56.557649 0.78
56.616399 0.79
56.680567 0.79
56.739153 0.79
56.808276 0.79
56.868284 0.78
56.932152 0.79
57.006696 0.78
57.070908 0.78
57.129922 0.79
57.199032 0.78
57.254155 0.79
57.328157 0.79
57.402280 0.79
57.471281 0.78
57.540282 0.79
57.604282 0.78
57.673032 0.79
57.743660 0.79
57.802158 0.79
57.876284 0.78
57.934909 0.79
57.988285 0.79
58.052160 0.78
58.121424 0.78
58.175287 0.79
58.244287 0.79
58.308162 0.78
58.377039 0.78
58.440565 0.79
58.495930 0.79
58.545930 0.78
58.604930 0.79
58.654931 0.78
58.706068 0.79
58.761415 0.79
58.820166 0.79
58.875416 0.79
58.934041 0.79
58.993792 0.78
59.047041 0.78
59.110668 0.78
59.174694 0.79
59.238569 0.79
59.302170 0.79
59.366295 0.78
59.435296 0.79
59.491074 0.78
59.547075 0.79
59.603075 0.78
59.659048 0.79
59.722548 0.78
59.786047 0.79
59.849549 0.79
59.913048 0.78
59.976551 0.79
60.040425 0.79
60.094177 0.79
60.152552 0.79
60.216051 0.78
60.279553 0.79
60.343051 0.79
60.406553 0.79
60.470696 0.78
60.545192 0.79
60.609697 0.79
60.673585 0.79
60.732180 0.78
60.790555 0.79
60.849306 0.79
60.913182 0.79
60.977599 0.79
61.043309 0.79
61.107308 0.79
61.171183 0.78
61.235309 0.79
61.294309 0.79
61.358059 0.79
61.432061 0.79
61.495563 0.79
61.550437 0.79
61.613938 0.78
61.683449 0.79
61.753188 0.78
61.813312 0.78
61.872188 0.79
61.936189 0.79
61.995314 0.79
62.054190 0.78
62.104446 0.79
62.174980 0.79
62.225972 0.78
62.279596 0.79
62.343594 0.79
62.412443 0.79
62.466443 0.79
62.525318 0.79
62.584069 0.79
62.648202 0.78
62.712320 0.79
62.771195 0.78
62.832454 0.79
62.891575 0.79
62.955449 0.79
63.024323 0.79
63.083073 0.79
63.141601 0.79
63.210575 0.79
63.275823 0.79
63.344448 0.78
63.407949 0.79
63.471575 0.79
63.537201 0.79
63.606077 0.79
63.675077 0.79
63.744078 0.78
63.813078 0.78
63.882079 0.79
63.940585 0.79
64.014330 0.79
64.078080 0.79
64.136580 0.79
64.191581 0.79
64.265958 0.79
64.320974 0.79
64.376082 0.79
64.444850 0.79
64.505083 0.79
64.560862 0.79
64.620898 0.79
64.679978 0.78
64.743962 0.78
64.802335 0.78
64.865853 0.79
64.926866 0.79
64.985471 0.78
65.044102 0.78
65.099864 0.78
65.158470 0.78
65.216977 0.79
65.291865 0.79
65.350339 0.79
65.409090 0.79
65.473215 0.79
65.528216 0.78
65.592217 0.78
65.651217 0.79
65.710657 0.78
65.764473 0.79
65.833735 0.79
65.889093 0.79
65.953219 0.78
66.012219 0.78
66.071486 0.79
66.131100 0.79
66.189973 0.78
66.259098 0.79
66.322721 0.78
66.383221 0.78
66.446722 0.79
66.506847 0.79
66.570347 0.78
66.633848 0.79
66.697349 0.79
66.752349 0.79
66.816238 0.78
66.877102 0.79
66.940726 0.79
67.004477 0.79
67.068351 0.78
67.137869 0.79
67.211727 0.78
67.272103 0.79
67.321480 0.78
67.374994 0.79
67.435104 0.79
67.490104 0.79
67.549132 0.79
67.599513 0.79
67.668876 0.78
67.729233 0.79
67.783108 0.79
67.847358 0.79
67.922248 0.79
67.987240 0.79
68.040863 0.78
68.105110 0.79
68.169110 0.78
68.228110 0.79
68.291882 0.78
68.357113 0.79
68.412237 0.79
68.462112 0.78
68.526238 0.79
68.585238 0.79
68.651002 0.78
68.715239 0.78
68.779115 0.79
68.838116 0.78
68.902241 0.78
68.967643 0.78
69.023117 0.79
69.087367 0.78
69.156648 0.79
69.218773 0.78
69.288011 0.78
69.341762 0.79
69.405246 0.79
69.470886 0.78
69.539647 0.78
69.605371 0.79
69.665996 0.79
69.729622 0.78
69.798872 0.79
69.862890 0.79
69.921641 0.79
69.995653 0.78
70.069874 0.78
70.128899 0.79
70.182625 0.78
70.242751 0.78
70.297749 0.78
70.352750 0.78
70.407750 0.78
70.462751 0.79
70.528681 0.79
70.597630 0.79
70.672254 0.78
70.730782 0.78
70.799773 0.79
70.864141 0.78
70.928131 0.79
70.986631 0.79
71.055632 0.79
71.124632 0.78
71.193632 0.79
71.267634 0.79
71.341634 0.79
71.410634 0.78
71.484775 0.79
71.553635 0.78
71.623262 0.78
71.688636 0.79
71.762637 0.79
71.836637 0.80
71.910763 0.79
71.975013 0.78
72.033765 0.79
72.093140 0.79
72.162910 0.79
72.217142 0.79
72.286266 0.78
72.360266 0.79
72.429142 0.79
72.494546 0.79
72.563643 0.79
72.624018 0.79
72.682548 0.79
72.746548 0.78
72.806520 0.79
72.865020 0.78
72.923646 0.79
72.984021 0.79
73.042548 0.78
73.106549 0.79
73.175664 0.78
73.236024 0.79
73.294649 0.79
73.360278 0.78
73.406024 0.79
73.464552 0.79
73.516899 0.79
73.567587 0.79
73.632279 0.79
73.696277 0.79
73.751152 0.80
73.815153 0.78
73.884152 0.78
73.942557 0.78
74.012528 0.79
74.071029 0.79
74.129683 0.79
74.193559 0.78
74.262558 0.78
74.329037 0.78
74.387906 0.78
74.451656 0.78
74.515559 0.79
74.590048 0.79
74.648948 0.79
74.708287 0.79
74.767160 0.79
74.841659 0.79
74.905679 0.78
74.975161 0.79
75.039935 0.78
75.105680 0.79
75.169568 0.79
75.233689 0.78
75.297566 0.79
75.372164 0.79
75.436057 0.78
75.496041 0.78
75.561691 0.79
75.630671 0.78
75.694571 0.79
75.751172 0.78
75.809932 0.79
75.868568 0.79
75.937420 0.79
75.989796 0.78
76.040423 0.80
76.103921 0.79
76.167421 0.78
76.227550 0.78
76.283077 0.79
76.352175 0.79
76.421687 0.78
76.480423 0.79
76.544582 0.78
76.603549 0.78
76.662424 0.78
76.725925 0.78
76.789426 0.78
76.852928 0.80
76.916427 0.79
76.979928 0.79
77.038427 0.79
77.102694 0.79
77.172187 0.80
77.231054 0.78
77.300931 0.79
77.371060 0.79
77.445309 0.79
77.513934 0.79
77.568932 0.79
77.632432 0.79
77.695933 0.78
77.759439 0.79
77.819068 0.78
77.879434 0.78
77.938588 0.79
77.997587 0.79
78.058064 0.79
78.116588 0.79
78.175599 0.79
78.239591 0.79
78.299074 0.79
78.357961 0.79
78.414830 0.79
78.475364 0.78
78.530956 0.79
78.589590 0.79
78.653312 0.79
78.713607 0.79
78.764346 0.79
78.817956 0.79
78.870689 0.79
78.929594 0.79
78.988730 0.78
79.047833 0.80
79.111316 0.79
79.172345 0.79
79.225958 0.79
79.284318 0.78
79.345319 0.79
79.392698 0.78
79.443351 0.78
79.499348 0.79
79.552960 0.78
79.611320 0.79
79.672369 0.79
79.725963 0.78
79.784446 0.78
79.842964 0.79
79.911867 0.78
79.980965 0.78
80.049964 0.79
80.119483 0.79
80.177824 0.79
80.236327 0.79
80.310325 0.79
80.384200 0.79
80.444451 0.79
80.502842 0.78
80.568335 0.78
80.637205 0.79
80.697328 0.79
80.771586 0.78
80.835329 0.79
80.898847 0.79
80.958971 0.79
81.013849 0.78
81.073848 0.79
81.134471 0.79
81.193468 0.78
81.257335 0.79
81.331335 0.78
81.387244 0.78
81.440747 0.79
81.504334 0.78
81.555467 0.79
81.615468 0.79
81.671240 0.79
81.729728 0.78
81.793211 0.79
81.845586 0.78
81.896240 0.79
81.951979 0.79
82.005467 0.79
82.070242 0.79
82.133729 0.78
82.192214 0.79
82.255839 0.79
82.314470 0.79
82.373469 0.79
82.432472 0.79
82.496728 0.79
82.555216 0.78
82.618717 0.79
82.682342 0.79
82.741218 0.78
82.815221 0.79
82.884220 0.78
82.958220 0.79
83.035477 0.79
83.094220 0.78
83.157774 0.79
83.216473 0.78
83.275476 0.79
83.342479 0.78
83.406097 0.79
83.469723 0.79
83.524989 0.79
83.585225 0.78
83.659225 0.80
83.733499 0.79
83.797226 0.79
83.871226 0.78
83.934727 0.78
83.994728 0.78
84.049875 0.80
84.105357 0.79
84.164485 0.79
84.228235 0.78
84.297234 0.79
84.351999 0.78
84.410746 0.80
84.474606 0.79
84.533106 0.79
84.593231 0.79
84.644484 0.79
84.703111 0.79
84.759358 0.79
84.815115 0.79
84.862485 0.79
84.921658 0.79
84.995609 0.79
85.059654 0.79
85.118111 0.78
85.181736 0.79
85.240363 0.79
85.309237 0.79
85.367755 0.78
85.437238 0.79
85.506114 0.79
85.580364 0.78
85.639369 0.79
85.698115 0.79
85.762492 0.79
85.821892 0.78
85.875256 0.79
85.946121 0.79
86.020243 0.79
86.079619 0.79
86.133250 0.79
86.202257 0.78
86.261369 0.78
86.325370 0.79
86.384245 0.78
86.453017 0.79
86.527248 0.79
86.596374 0.79
86.660248 0.79
86.724373 0.79
86.796500 0.79
86.851765 0.79
86.901652 0.78
86.956776 0.79
87.002767 0.79
87.052890 0.79
87.111654 0.79
87.173005 0.80
87.226655 0.79
87.290655 0.79
87.354656 0.79
87.416007 0.79
87.467007 0.79
87.520657 0.78
87.584529 0.79
87.648657 0.79
87.723255 0.79
87.787381 0.78
87.846381 0.79
87.905382 0.79
87.964257 0.79
88.028257 0.78
88.088383 0.79
88.152259 0.78
88.216258 0.79
88.280259 0.79
88.349511 0.79
88.413635 0.79
88.477636 0.79
88.541636 0.79
88.605637 0.79
88.669637 0.80
88.733638 0.79
88.808263 0.79
88.872264 0.79
88.936139 0.79
89.000264 0.78
89.064265 0.79
89.133517 0.78
89.197641 0.78
89.256642 0.78
89.320642 0.78
89.384518 0.79
89.459143 0.79
89.523268 0.79
89.587269 0.79
89.651269 0.79
89.715270 0.79
89.784521 0.79
89.848646 0.78
89.902271 0.79
89.956897 0.79
90.012272 0.78
90.076273 0.79
90.129648 0.79
90.179273 0.78
90.232649 0.78
90.282399 0.79
90.341274 0.79
90.405275 0.79
90.469276 0.79
90.533401 0.78
90.588401 0.79
90.652528 0.79
90.718045 0.78
90.792529 0.79
90.853907 0.79
90.909044 0.79
90.978404 0.79
91.028280 0.78
91.083405 0.78
91.142406 0.78
91.208047 0.79
91.282532 0.79
91.347911 0.79
91.411799 0.78
91.472408 0.79
91.537803 0.79
91.598409 0.79
91.662409 0.79
91.731927 0.78
91.801286 0.79
91.860286 0.79
91.919051 0.79
91.983052 0.79
92.047052 0.78
92.111055 0.79
92.175056 0.79
92.244057 0.78
92.308056 0.79
92.377058 0.78
92.441055 0.79
92.510057 0.78
92.574056 0.78
92.638058 0.79
92.707059 0.78
92.776059 0.79
92.840057 0.79
92.909062 0.79
92.973062 0.79
93.042170 0.78
93.105814 0.78
93.166805 0.79
93.220421 0.79
93.279064 0.79
93.334806 0.79
93.388422 0.78
93.457423 0.78
93.516065 0.78
93.580063 0.79
93.649067 0.79
93.718067 0.78
93.782068 0.79
93.851067 0.78
93.920068 0.79
93.989302 0.78
94.048177 0.79
94.112069 0.79
94.181068 0.78
94.250069 0.78
94.314069 0.79
94.383072 0.79
94.452072 0.79
94.521070 0.79
94.589823 0.79
94.643431 0.79
94.707182 0.78
94.765948 0.79
94.829699 0.79
94.898950 0.79
94.962949 0.79
95.031950 0.78
95.095701 0.79
95.164952 0.79
95.228951 0.78
95.292954 0.78
95.356953 0.79
95.425954 0.79
95.489955 0.78
95.553955 0.79
95.617954 0.78
95.681831 0.78
95.733190 0.79
95.791706 0.79
95.858692 0.78
95.912316 0.79
95.986316 0.79
96.056693 0.79
96.118694 0.79
96.182959 0.79
96.246958 0.79
96.310960 0.78
96.374834 0.79
96.438962 0.79
96.502711 0.80
96.577446 0.78
96.632965 0.78
96.691963 0.79
96.760965 0.78
96.824714 0.79
96.893965 0.79
96.962716 0.79
97.031965 0.78
97.095839 0.78
97.165090 0.79
97.228841 0.79
97.298201 0.79
97.361845 0.79
97.430971 0.79
97.500094 0.78
97.564096 0.79
97.628204 0.78
97.688843 0.79
97.757579 0.79
97.814204 0.79
97.874205 0.78
97.934332 0.79
97.989861 0.79
98.053707 0.78
98.112206 0.79
98.172834 0.79
98.241736 0.79
98.300208 0.78
98.355334 0.79
98.414210 0.78
98.479614 0.79
98.543976 0.79
98.602740 0.79
98.666741 0.79
98.727087 0.79
98.780614 0.79
98.844617 0.79
98.908618 0.79
98.972742 0.79
99.036615 0.78
99.100742 0.79
99.161090 0.79
99.214745 0.79
99.278743 0.79
99.348216 0.79
99.412217 0.79
99.476092 0.79
99.529744 0.79
99.593747 0.79
99.657623 0.79
99.721748 0.78
99.785984 0.78
99.844748 0.78
99.903749 0.79
99.967624 0.79
100.036986 0.78
100.095751 0.79
100.165222 0.79
100.229348 0.78
100.288223 0.78
100.362752 0.79
100.431751 0.78
100.490754 0.79
100.554752 0.78
100.618755 0.78
100.682753 0.78
100.746628 0.79
100.810756 0.78
100.874755 0.79
100.938757 0.79
101.002630 0.79
101.066757 0.79
101.130756 0.78
101.194759 0.79
101.258873 0.79
101.322760 0.79
101.386633 0.79
101.448483 0.79
101.509233 0.79
101.568108 0.79
101.632233 0.79
101.685637 0.79
101.749877 0.78
101.808643 0.79
101.867486 0.79
101.936753 0.79
101.995638 0.80
102.065002 0.79
102.123639 0.78
102.187752 0.79
102.246492 0.79
102.310767 0.78
102.374756 0.78
102.438757 0.79
102.497757 0.79
102.562008 0.79
102.620642 0.79
102.679646 0.79
102.744008 0.79
102.797493 0.79
102.861646 0.78
102.926010 0.79
102.979495 0.79
103.049010 0.78
103.102648 0.79
103.161495 0.79
103.225496 0.78
103.289762 0.78
103.348637 0.78
103.412648 0.78
103.481763 0.79
103.540649 0.79
103.609766 0.78
103.668500 0.78
103.732652 0.78
103.791654 0.78
103.850655 0.78
103.914653 0.79
103.973502 0.79
104.037532 0.80
104.101506 0.78
104.160503 0.78
104.224504 0.78
104.288504 0.79
104.352505 0.79
104.416508 0.79
104.475505 0.78
104.539506 0.79
104.603506 0.79
104.667507 0.79
104.731511 0.79
104.790508 0.79
104.854508 0.78
104.918509 0.78
104.982509 0.79
105.046513 0.79
105.105509 0.79
105.169510 0.78
105.233510 0.78
105.297511 0.78
105.361515 0.78
105.420512 0.79
105.484513 0.79
105.548514 0.78
105.612514 0.79
105.676518 0.78
105.735515 0.79
105.799515 0.79
105.863516 0.79
105.927516 0.79
105.991520 0.79
106.050517 0.79
106.114517 0.79
106.178518 0.79
106.242519 0.79
106.306522 0.79
106.365519 0.79
106.429520 0.79
106.493520 0.79
106.557521 0.79
106.621525 0.78
106.680522 0.79
106.744522 0.79
106.808397 0.79
106.877272 0.79
106.937397 0.80
106.992528 0.79
107.051398 0.78
107.110399 0.78
107.179399 0.79
107.235294 0.78
107.293793 0.79
107.362919 0.79
107.431918 0.79
107.490528 0.79
107.541279 0.79
107.599795 0.78
107.658403 0.79
107.722403 0.79
107.781046 0.79
107.830682 0.79
107.889405 0.78
107.953280 0.79
108.027406 0.80
108.086048 0.79
108.154799 0.79
108.213912 0.78
108.272535 0.73
108.331407 0.71
108.390051 0.72
108.449049 0.68
108.512927 0.73
108.581802 0.72
108.650927 0.72
108.719927 0.72
108.780411 0.73
108.844411 0.71
108.913412 0.72
108.977287 0.72
109.041056 0.72
109.101414 0.70
109.160056 0.68
109.215414 0.73
109.279289 0.73
109.348290 0.71
109.412055 0.67
109.470809 0.74
109.526059 0.72
109.576057 0.72
109.634686 0.73
109.703809 0.73
109.759058 0.73
109.817687 0.71
109.881419 0.73
109.940294 0.73
109.995550 0.73
110.059813 0.70
110.128812 0.72
110.187297 0.68
110.251297 0.75
110.307174 0.69
110.363174 0.71
110.419174 0.69
110.475202 0.72
110.544424 0.72
110.603425 0.71
110.672425 0.72
110.736301 0.72
110.805426 0.71
110.874301 0.72
110.948427 0.68
111.012302 0.72
111.076303 0.68
111.145429 0.67
111.214429 0.72
111.283429 0.71
111.352430 0.69
111.411306 0.68
111.480431 0.70
111.549432 0.73
111.613432 0.67
111.677433 0.72
111.736307 0.72
111.800308 0.70
111.864309 0.67
111.928309 0.67
111.992184 0.71
112.061310 0.69
112.125436 0.68
112.184312 0.70
112.248312 0.71
112.312312 0.74
112.376312 0.72
112.440313 0.72
112.504439 0.71
112.563314 0.71
112.627440 0.71
112.686315 0.71
112.750440 0.70
112.809316 0.71
112.873316 0.71
112.937317 0.72
113.001317 0.71
113.065318 0.72
113.129193 0.71
113.189444 0.72
113.248444 0.69
113.307445 0.74
113.366320 0.69
113.430320 0.71
113.490446 0.81
113.549447 0.81
113.613322 0.83
113.677197 0.82
113.741448 0.83
113.800323 0.82
113.869199 0.84
113.927717 0.82
114.002090 0.83
114.076325 0.83
114.145451 0.82
114.204326 0.82
114.268327 0.82
114.332327 0.84
114.396203 0.82
114.465328 0.81
114.534204 0.81
114.603204 0.84
114.661721 0.80
114.727206 0.83
114.794096 0.82
114.857582 0.83
114.914335 0.70
114.983207 0.70
115.052207 0.70
115.121208 0.70
115.179583 0.70
115.234734 0.70
115.288097 0.70
115.351584 0.70
115.406476 0.70
115.465725 0.69
115.530350 0.70
115.589213 0.70
115.653087 0.70
115.704626 0.70
115.774089 0.70
115.838213 0.70
115.902091 0.70
115.966089 0.70
116.030093 0.69
116.077340 0.70
116.136090 0.70
116.200341 0.70
116.250998 0.71
116.304621 0.70
116.368592 0.70
116.432474 0.70
116.496622 0.70
116.561999 0.70
116.615595 0.71
116.679621 0.70
116.748626 0.70
116.812596 0.70
116.887222 0.70
116.946222 0.70
117.010222 0.70
117.074347 0.70
117.133223 0.70
117.197098 0.70
117.261224 0.70
117.330350 0.70
117.389225 0.70
117.453350 0.70
117.512226 0.70
117.571601 0.70
117.641227 0.70
117.700227 0.70
117.769228 0.70
117.828228 0.70
117.881480 0.70
117.946985 0.70
118.012230 0.70
118.071669 0.70
118.131235 0.70
118.185359 0.70
118.244233 0.71
118.307857 0.70
118.373484 0.70
118.437484 0.69
118.497863 0.70
118.557863 0.70
118.616486 0.69
118.677865 0.70
118.732877 0.70
118.798111 0.70
118.858361 0.70
118.917236 0.70
118.976520 0.69
119.042128 0.70
119.102237 0.69
119.166238 0.70
119.221238 0.70
119.285494 0.70
119.355004 0.71
119.429642 0.70
119.493518 0.70
119.563008 0.70
119.637241 0.70
119.701242 0.69
119.765367 0.70
119.829118 0.70
119.893368 0.70
119.959494 0.69
120.029244 0.70
120.088013 0.70
120.152251 0.69
120.206013 0.71
120.266246 0.70
120.320013 0.70
120.389247 0.70
120.448013 0.70
120.517373 0.69
120.576373 0.70
120.636767 0.70
120.702250 0.71
120.756025 0.70
120.820018 0.70
120.889251 0.70
120.943019 0.70
121.012018 0.70
121.081253 0.70
121.145020 0.70
121.213781 0.70
121.279254 0.70
121.333021 0.70
121.402005 0.70
121.471131 0.70
121.535022 0.70
121.604023 0.70
121.673257 0.70
121.723132 0.70
121.773763 0.70
121.827383 0.70
121.887258 0.70
121.950776 0.70
122.015134 0.70
122.079135 0.70
122.142777 0.70
122.216779 0.70
122.286026 0.69
122.349778 0.70
122.423778 0.70
122.493263 0.70
122.556917 0.70
122.630779 0.69
122.705032 0.70
122.769033 0.70
122.837782 0.70
122.911784 0.70
122.980796 0.70
123.055270 0.70
123.121036 0.70
123.185033 0.70
123.254051 0.70
123.313037 0.70
123.368144 0.70
123.427035 0.70
123.491036 0.70
123.554805 0.70
123.618800 0.70
123.683147 0.69
123.741664 0.70
123.810790 0.70
123.876666 0.70
123.945664 0.70
124.009677 0.70
124.074040 0.70
124.132679 0.70
124.201666 0.70
124.270919 0.70
124.326652 0.70
124.380277 0.70
124.431027 0.70
124.489793 0.70
124.559068 0.70
124.612796 0.70
124.682279 0.70
124.751280 0.70
124.815280 0.70
124.875280 0.70
124.944406 0.70
125.013923 0.70
125.073047 0.70
125.131672 0.70
125.205925 0.70
125.270049 0.70
125.328926 0.70
125.398409 0.70
125.467926 0.70
125.531926 0.70
125.600690 0.70
125.669926 0.70
125.733929 0.70
125.797929 0.69
125.861930 0.70
125.925806 0.70
125.989933 0.70
126.059289 0.69
126.125050 0.70
126.190046 0.70
126.248940 0.70
126.302687 0.70
126.367293 0.71
126.432543 0.70
126.489167 0.70
126.554935 0.70
126.614044 0.70
126.667571 0.70
126.726810 0.71
126.790938 0.70
126.845938 0.70
126.904688 0.70
126.966547 0.69
127.028579 0.69
127.088577 0.70
127.150587 0.70
127.211048 0.70
127.264967 0.70
127.320066 0.69
127.373551 0.70
127.437551 0.70
127.502174 0.70
127.566050 0.70
127.630051 0.69
127.683555 0.70
127.744052 0.70
127.803067 0.70
127.856707 0.70
127.915693 0.70
127.974052 0.70
128.037558 0.70
128.101053 0.70
128.164559 0.70
128.228054 0.70
128.291680 0.70
128.350182 0.70
128.419432 0.70
128.474558 0.70
128.533701 0.70
128.592713 0.70
128.646559 0.70
128.710564 0.70
128.780059 0.70
128.840951 0.69
128.904953 0.70
128.963565 0.70
129.033186 0.70
129.102437 0.70
129.162568 0.70
129.231952 0.70
129.290706 0.70
129.354565 0.70
129.418704 0.70
129.482565 0.70
129.541569 0.70
129.600441 0.69
129.659567 0.70
129.728569 0.70
129.792571 0.70
129.851571 0.70
129.898834 0.70
129.957759 0.70
130.016600 0.70
130.075716 0.69
130.134589 0.69
130.193963 0.70
130.252575 0.70
130.317086 0.70
130.381071 0.71
130.445072 0.70
130.509198 0.70
130.568073 0.70
130.631965 0.70
130.685577 0.70
130.749449 0.70
130.823575 0.70
130.892575 0.70
130.961577 0.70
131.030576 0.70
131.099577 0.70
131.157952 0.70
131.221827 0.70
131.285452 0.70
131.349579 0.70
131.413455 0.70
131.482454 0.70
131.551580 0.70
131.620581 0.70
131.680973 0.70
131.736081 0.70
131.800082 0.70
131.869482 0.70
131.938466 0.70
132.008334 0.70
132.071851 0.70
132.130468 0.70
132.199880 0.70
132.254852 0.70
132.313629 0.70
132.372336 0.70
132.437738 0.70
132.491337 0.70
132.560467 0.69
132.637980 0.70
132.707466 0.70
132.771469 0.70
132.835467 0.69
132.904340 0.70
132.965369 0.70
133.029470 0.70
133.093471 0.70
133.157470 0.70
133.221471 0.70
133.288986 0.70
133.354371 0.70
133.423473 0.70
133.485473 0.70
133.549734 0.70
133.603476 0.70
133.667732 0.70
133.726476 0.70
133.809625 0.70
133.873474 0.70
133.937989 0.69
134.002490 0.70
134.074973 0.70
134.152991 0.70
134.223388 0.70
134.292350 0.69
134.355993 0.70
134.419994 0.70
134.485352 0.70
134.544102 0.70
134.597995 0.70
134.662103 0.70
134.720993 0.70
134.785001 0.70
134.835104 0.70
134.893994 0.70
134.952997 0.70
135.014233 0.70
135.072998 0.70
135.126880 0.70
135.195749 0.70
135.249762 0.70
135.308233 0.70
135.377484 0.70
135.441359 0.70
135.506001 0.70
135.564874 0.70
135.626258 0.70
135.683000 0.70
135.741764 0.70
135.816361 0.70
135.880362 0.69
135.940005 0.70
135.993488 0.70
136.057238 0.70
136.131241 0.70
136.205490 0.70
136.264491 0.70
136.328240 0.70
136.402758 0.70
136.456241 0.70
136.520241 0.70
136.594367 0.69
136.652885 0.70
136.711243 0.70
136.785369 0.70
136.844495 0.69
136.908244 0.70
136.971762 0.70
137.030525 0.70
137.094246 0.70
137.163247 0.70
137.237372 0.70
137.296498 0.70
137.360125 0.70
137.417248 0.70
137.481006 0.70
137.545377 0.70
137.609502 0.70
137.668376 0.70
137.732375 0.70
137.801251 0.70
137.859757 0.70
137.918504 0.70
137.977897 0.70
138.036770 0.70
138.100774 0.70
138.169799 0.70
138.224803 0.70
138.283659 0.70
138.353385 0.70
138.409131 0.70
138.456508 0.70
138.515381 0.70
138.584762 0.70
138.654384 0.70
138.708696 0.69
138.778797 0.70
138.837901 0.70
138.901760 0.69
138.960387 0.70
139.024387 0.70
139.083575 0.70
139.142386 0.70
139.206136 0.70
139.280513 0.70
139.339793 0.70
139.398263 0.70
139.458518 0.70
139.519641 0.69
139.578919 0.70
139.640392 0.70
139.699923 0.70
139.759684 0.70
139.824402 0.70
139.878920 0.70
139.940279 0.70
139.994527 0.70
140.058808 0.70
140.123691 0.69
140.193281 0.70
140.257396 0.70
140.316273 0.69
140.385272 0.70
140.445533 0.70
140.506564 0.70
140.567406 0.70
140.617797 0.70
140.677539 0.70
140.736799 0.70
140.795681 0.70
140.865924 0.70
140.924932 0.70
140.985402 0.70
141.044401 0.70
141.105036 0.70
141.158670 0.70
141.222670 0.70
141.284029 0.70
141.348673 0.70
141.410034 0.70
141.465037 0.71
141.516036 0.70
141.575413 0.70
141.640283 0.70
141.704408 0.70
141.759407 0.70
141.818687 0.70
141.884051 0.70
141.959166 0.69
142.023801 0.70
142.088720 0.70
142.148540 0.70
142.218413 0.69
142.277287 0.70
142.347161 0.69
142.416074 0.70
142.475289 0.70
142.539300 0.70
142.593163 0.70
142.662051 0.70
142.726578 0.70
142.791177 0.70
142.845708 0.70
142.915303 0.70
142.969820 0.70
143.031062 0.70
143.090419 0.71
143.144292 0.70
143.208422 0.70
143.263687 0.70
143.324419 0.70
143.378292 0.70
143.442709 0.70
143.497687 0.70
143.547565 0.69
143.617296 0.70
143.676431 0.70
143.731674 0.70
143.781435 0.70
143.846428 0.70
143.912186 0.70
143.966173 0.70
144.035302 0.69
144.090300 0.70
144.149175 0.70
144.204924 0.70
144.268550 0.70
144.327176 0.70
144.396551 0.69
144.457929 0.70
144.512930 0.70
144.571947 0.70
144.641178 0.70
144.710428 0.69
144.774558 0.70
144.843948 0.71
144.913578 0.70
144.983559 0.70
145.048064 0.70
145.107304 0.70
145.171435 0.70
145.232076 0.70
145.307312 0.70
145.365951 0.70
145.441066 0.70
145.500437 0.70
145.561438 0.70
145.626832 0.70
145.691733 0.70
145.766566 0.70
145.822063 0.70
145.891199 0.70
145.950440 0.70
146.016324 0.70
146.086443 0.70
146.145440 0.70
146.206065 0.70
146.264567 0.69
146.323441 0.70
146.392441 0.70
146.456442 0.70
146.531192 0.70
146.586191 0.70
146.645327 0.70
146.709444 0.70
146.775075 0.70
146.834572 0.70
146.888581 0.70
146.942448 0.70
147.002771 0.70
147.059835 0.70
147.124210 0.70
147.185073 0.70
147.249086 0.70
147.308740 0.70
147.365450 0.70
147.448581 0.70
147.513077 0.70
147.577076 0.70
147.641203 0.70
147.700453 0.70
147.764327 0.70
147.823076 0.70
147.891743 0.70
147.961093 0.70
148.024973 0.70
148.094078 0.70
148.158453 0.70
148.223733 0.70
148.289973 0.70
148.353974 0.70
148.422833 0.70
148.497214 0.70
148.561851 0.70
148.631209 0.70
148.689972 0.69
148.754216 0.70
148.813084 0.70
148.873210 0.70
148.932084 0.69
148.996477 0.70
149.050471 0.70
149.110775 0.70
149.189214 0.70
149.261992 0.70
149.321339 0.69
149.391215 0.70
149.455214 0.70
149.511218 0.70
149.570365 0.70
149.634340 0.70
149.708982 0.70
149.786859 0.70
149.856217 0.69
149.909984 0.70
149.969102 0.70
150.030219 0.70
150.083985 0.69
150.138347 0.70
150.197220 0.70
150.256096 0.70
150.320475 0.70
150.390220 0.70
150.443863 0.70
150.513346 0.70
150.587879 0.69
150.668478 0.70
150.738490 0.70
150.807756 0.70
150.877479 0.70
150.941988 0.70
151.001351 0.70
151.076238 0.70
151.151484 0.70
151.221006 0.70
151.280876 0.70
151.345491 0.70
151.399356 0.70
151.463356 0.70
151.528106 0.70
151.587137 0.70
151.657360 0.70
151.718242 0.71
151.778114 0.70
151.848120 0.70
151.913115 0.70
151.972242 0.70
152.042003 0.70
152.100770 0.70
152.155367 0.69
152.209235 0.70
152.268234 0.70
152.333636 0.70
152.399238 0.70
152.463361 0.70
152.522237 0.70
152.581238 0.70
152.640238 0.70
152.704240 0.70
152.773894 0.70
152.829113 0.69
152.888001 0.70
152.948618 0.70
153.014770 0.70
153.081369 0.70
153.140254 0.70
153.205126 0.70
153.270131 0.70
153.335128 0.70
153.399872 0.70
153.457129 0.70
153.527015 0.70
153.585889 0.70
153.655370 0.69
153.719760 0.70
153.788760 0.70
153.858372 0.70
153.928010 0.70
153.994247 0.70
154.063753 0.70
154.129656 0.70
154.185126 0.70
154.245640 0.70
154.314900 0.70
154.374251 0.70
154.449012 0.70
154.510255 0.70
154.580019 0.70
154.630260 0.70
154.700141 0.70
154.762514 0.70
154.818009 0.70
154.879016 0.70
154.938257 0.70
154.993907 0.69
155.044030 0.70
155.108759 0.70
155.169516 0.70
155.229270 0.70
155.284801 0.70
155.344262 0.70
155.409020 0.70
155.468134 0.70
155.532776 0.70
155.591510 0.70
155.661515 0.70
155.726262 0.70
155.790904 0.70
155.854779 0.70
155.924512 0.70
155.993776 0.70
156.057765 0.71
156.116513 0.70
156.186263 0.70
156.239513 0.70
156.309028 0.70
156.372639 0.70
156.441904 0.69
156.505546 0.69
156.575018 0.70
156.633784 0.70
156.698267 0.70
156.751518 0.70
156.820910 0.70
156.874525 0.70
156.938797 0.70
156.997520 0.70
157.062149 0.70
157.126144 0.70
157.195270 0.70
157.245020 0.70
157.300024 0.70
157.365897 0.70
157.419684 0.70
157.474152 0.70
157.529399 0.70
157.581154 0.70
157.640792 0.70
157.694929 0.70
157.759150 0.70
157.812939 0.70
157.882533 0.69
157.960287 0.70
158.022406 0.70
158.088541 0.69
158.144160 0.70
158.203571 0.69
158.273786 0.69
158.324159 0.70
158.384042 0.70
158.455411 0.69
158.514047 0.70
158.578048 0.70
158.646927 0.70
158.705407 0.70
158.774657 0.70
158.838536 0.70
158.908411 0.71
158.977671 0.70
159.033160 0.70
159.092050 0.70
159.156161 0.70
159.209536 0.70
159.274160 0.70
159.333036 0.70
159.416289 0.70
159.471540 0.70
159.535935 0.70
159.589684 0.70
159.649049 0.70
159.708816 0.70
159.762944 0.70
159.825718 0.70
159.877423 0.69
159.938554 0.70
159.993172 0.70
160.052056 0.70
160.107551 0.70
160.161960 0.69
160.228552 0.70
160.282556 0.70
160.341179 0.70
160.397175 0.70
160.463731 0.70
160.528820 0.71
160.580306 0.70
160.639945 0.70
160.700737 0.70
160.765822 0.70
160.835957 0.70
160.905425 0.70
160.974424 0.70
161.038424 0.70
161.090061 0.70
161.148926 0.69
161.223562 0.70
161.282426 0.70
161.346429 0.70
161.402304 0.70
161.461066 0.70
161.514930 0.70
161.578818 0.70
161.643559 0.70
161.702430 0.70
161.762064 0.70
161.821723 0.70
161.875577 0.70
161.940564 0.70
162.005442 0.70
162.064562 0.70
162.123838 0.70
162.188435 0.70
162.247844 0.70
162.312835 0.70
162.377186 0.70
162.437316 0.70
162.501767 0.70
162.568571 0.70
162.622960 0.71
162.688194 0.70
162.748942 0.70
162.808760 0.70
162.880443 0.70
162.939959 0.69
163.005188 0.70
163.056966 0.70
163.121607 0.70
163.184076 0.70
163.245448 0.70
163.304190 0.70
163.364191 0.70
163.424571 0.70
163.483445 0.70
163.542193 0.70
163.602316 0.70
163.657317 0.70
163.712317 0.70
163.759569 0.70
163.812818 0.70
163.867694 0.70
163.931194 0.70
163.983578 0.70
164.037448 0.71
164.091448 0.69
164.155322 0.70
164.214852 0.70
164.283715 0.70
164.337845 0.70
164.396841 0.70
164.466730 0.70
164.530714 0.69
164.589450 0.70
164.648327 0.70
164.712327 0.70
164.776453 0.69
164.840710 0.70
164.915849 0.70
164.974724 0.70
165.041869 0.70
165.106476 0.70
165.165467 0.70
165.227717 0.70
165.294479 0.70
165.358872 0.70
165.418637 0.70
165.493870 0.70
165.553637 0.70
165.609624 0.70
165.670989 0.70
165.728340 0.70
165.782870 0.70
165.842636 0.70
165.906996 0.70
165.971989 0.70
166.029117 0.70
166.090095 0.70
166.149750 0.70
166.219469 0.70
166.269469 0.70
166.325127 0.70
166.380467 0.70
166.449981 0.70
166.505128 0.70
166.552660 0.70
166.613637 0.70
166.683485 0.69
166.748480 0.70
166.798866 0.70
166.863987 0.69
166.930634 0.70
166.995661 0.70
167.067140 0.70
167.126888 0.70
167.191868 0.70
167.251358 0.70
167.310995 0.70
167.380730 0.70
167.456228 0.70
167.515634 0.70
167.580642 0.69
167.645487 0.70
167.706872 0.70
167.771734 0.69
167.841477 0.70
167.900734 0.70
167.967356 0.70
168.031737 0.70
168.096653 0.71
168.157883 0.70
168.219495 0.70
168.280770 0.69
168.345650 0.70
168.410357 0.70
168.469883 0.70
168.523609 0.70
168.593380 0.70
168.658361 0.70
168.712755 0.70
168.773362 0.70
168.827880 0.70
168.883889 0.70
168.941023 0.70
168.996627 0.70
169.062017 0.70
169.117359 0.70
169.172363 0.70
169.227513 0.70
169.286878 0.70
169.345626 0.70
169.406240 0.70
169.461363 0.70
169.521994 0.70
169.576992 0.69
169.641364 0.70
169.691364 0.70
169.746365 0.70
169.801364 0.70
169.860239 0.69
169.925994 0.70
169.979491 0.70
170.049244 0.70
170.118493 0.70
170.183999 0.70
170.253495 0.70
170.323120 0.70
170.392496 0.70
170.461999 0.70
170.536777 0.70
170.596251 0.70
170.660660 0.70
170.720383 0.70
170.781751 0.70
170.846133 0.70
170.900677 0.70
170.965380 0.70
171.032254 0.70
171.086253 0.70
171.145679 0.70
171.204763 0.70
171.264384 0.70
171.325549 0.70
171.392137 0.70
171.446674 0.70
171.511390 0.70
171.587132 0.70
171.641702 0.70
171.701385 0.70
171.771256 0.70
171.825508 0.70
171.881892 0.70
171.941683 0.70
172.006269 0.70
172.060691 0.70
172.122137 0.70
172.181762 0.70
172.241025 0.70
172.306903 0.70
172.367510 0.70
172.432887 0.70
172.488911 0.69
172.543918 0.70
172.604669 0.70
172.665150 0.70
172.719680 0.70
172.775032 0.70
172.835397 0.70
172.900392 0.70
172.959921 0.70
173.029679 0.69
173.094272 0.70
173.170020 0.70
173.236710 0.70
173.296522 0.70
173.356274 0.70
173.417650 0.70
173.471034 0.70
173.535395 0.70
173.605039 0.70
173.664528 0.70
173.724272 0.70
173.785709 0.70
173.845526 0.70
173.910399 0.70
173.979397 0.70
174.040283 0.70
174.101693 0.70
174.163031 0.70
174.222697 0.70
174.289407 0.70
174.359698 0.70
174.426159 0.70
174.480043 0.70
174.549539 0.70
174.609279 0.70
174.684410 0.70
174.755784 0.69
174.811288 0.70
174.881405 0.69
174.945404 0.69
175.009403 0.70
175.064292 0.70
175.133924 0.70
175.199294 0.70
175.270806 0.70
175.335291 0.70
175.400288 0.70
175.465045 0.70
175.524410 0.70
175.583409 0.70
175.648040 0.70
175.717049 0.70
175.771542 0.70
175.832286 0.70
175.886545 0.70
175.946292 0.70
176.007047 0.70
176.061546 0.70
176.121165 0.70
176.191548 0.70
176.251292 0.70
176.312550 0.70
176.372293 0.69
176.442552 0.70
176.502293 0.70
176.561416 0.70
176.630416 0.70
176.694416 0.70
176.758937 0.70
176.823300 0.70
176.887416 0.70
176.953061 0.71
177.016934 0.70
177.080932 0.70
177.144810 0.70
177.210706 0.70
177.275060 0.70
177.334061 0.70
177.397937 0.70
177.461686 0.70
177.525938 0.70
177.589939 0.70
177.659421 0.70
177.713047 0.70
177.773677 0.70
177.839693 0.70
177.903943 0.70
177.968426 0.70
178.032850 0.70
178.093556 0.70
178.153689 0.70
178.213435 0.70
178.273182 0.70
178.338189 0.70
178.403182 0.70
178.477944 0.70
178.541929 0.70
178.611072 0.70
178.669946 0.70
178.733949 0.70
178.797934 0.70
178.862438 0.70
178.931950 0.70
178.996441 0.70
179.056187 0.70
179.120965 0.70
179.175441 0.70
179.235188 0.70
179.301964 0.70
179.356190 0.70
179.421199 0.70
179.487960 0.70
179.547445 0.70
179.608962 0.70
179.667950 0.70
179.731955 0.70
179.795955 0.70
179.864956 0.70
179.928958 0.70
179.992955 0.70
180.051707 0.70
180.116192 0.70
180.181955 0.70
180.237070 0.70
180.290711 0.70
180.350203 0.70
180.420321 0.69
180.484850 0.70
180.539327 0.70
180.604335 0.70
180.670581 0.70
180.740736 0.70
180.810978 0.70
180.861326 0.70
180.925965 0.70
180.976329 0.70
181.035877 0.70
181.090333 0.70
181.144200 0.70
181.208201 0.70
181.277324 0.70
181.347456 0.70
181.413578 0.70
181.488979 0.70
181.553975 0.70
181.612752 0.70
181.677095 0.70
181.736335 0.70
181.795454 0.70
181.851214 0.70
181.926469 0.70
181.982210 0.70
182.057490 0.70
182.132734 0.70
182.194088 0.70
182.264218 0.70
182.323990 0.70
182.385212 0.70
182.454849 0.70
182.508854 0.70
182.562754 0.70
182.627336 0.70
182.682872 0.69
182.733215 0.70
182.797856 0.70
182.858722 0.70
182.913100 0.70
182.974221 0.70
183.029766 0.70
183.089351 0.70
183.150724 0.70
183.200987 0.70
183.262229 0.70
183.317470 0.70
183.392099 0.70
183.452743 0.70
183.506978 0.70
183.571996 0.70
183.632512 0.70
183.692240 0.70
183.752992 0.70
183.813506 0.70
183.872626 0.70
183.936756 0.70
183.995735 0.70
184.059865 0.70
184.113634 0.70
184.172751 0.70
184.231636 0.70
184.295751 0.70
184.354743 0.69
184.413755 0.70
184.473233 0.70
184.537873 0.70
184.597008 0.70
184.662002 0.69
184.721229 0.70
184.786112 0.71
184.856230 0.70
184.920738 0.70
184.990481 0.70
185.055237 0.70
185.124874 0.70
185.186243 0.70
185.245879 0.70
185.306874 0.70
185.360878 0.70
185.421887 0.70
185.483240 0.70
185.542776 0.70
185.597120 0.70
185.656988 0.70
185.728881 0.70
185.793883 0.69
185.850754 0.70
185.900889 0.70
185.952236 0.70
186.007667 0.70
186.062116 0.70
186.117360 0.70
186.186487 0.70
186.242992 0.70
186.308864 0.70
186.362489 0.69
186.447409 0.70
186.494758 0.70
186.548651 0.70
186.603117 0.70
186.662116 0.70
186.732118 0.70
186.791009 0.70
186.860509 0.70
186.919497 0.70
186.974124 0.70
187.033746 0.70
187.093127 0.70
187.152892 0.70
187.217755 0.70
187.272129 0.71
187.331893 0.70
187.392918 0.70
187.457750 0.70
187.513380 0.70
187.569127 0.70
187.628914 0.70
187.689895 0.70
187.760160 0.70
187.815905 0.70
187.885891 0.70
187.948385 0.70
188.012500 0.70
188.073505 0.70
188.132900 0.70
188.198626 0.70
188.248894 0.70
188.313023 0.70
188.382668 0.69
188.441701 0.70
188.508136 0.69
188.565509 0.70
188.619385 0.70
188.680132 0.70
188.744515 0.70
188.817760 0.70
188.882790 0.70
188.952783 0.70
189.017524 0.70
189.082681 0.70
189.152913 0.70
189.223015 0.70
189.287917 0.70
189.363264 0.70
189.415770 0.70
189.479392 0.70
189.526639 0.70
189.577265 0.70
189.635763 0.70
189.699270 0.70
189.773392 0.70
189.831773 0.70
189.890271 0.70
189.951268 0.70
190.020397 0.70
190.089142 0.70
190.157764 0.70
190.221264 0.69
190.284767 0.70
190.348265 0.70
190.411768 0.70
190.475267 0.70
190.538772 0.70
190.602270 0.70
190.665776 0.70
190.729398 0.70
190.787780 0.70
190.842776 0.70
190.902898 0.70
190.968156 0.70
191.036775 0.70
191.102156 0.70
191.162272 0.70
191.225771 0.70
191.285773 0.70
191.340655 0.70
191.404152 0.70
191.472775 0.70
191.532775 0.70
191.596273 0.70
191.659775 0.70
191.714650 0.70
191.778150 0.70
191.838275 0.70
191.903033 0.70
191.948903 0.70
192.002159 0.70
192.054533 0.69
192.107780 0.70
192.162939 0.69
192.222409 0.70
192.286807 0.70
192.358183 0.69
192.413730 0.70
192.485180 0.69
192.549410 0.70
192.613731 0.69
192.683285 0.69
192.742934 0.70
192.802706 0.70
192.877540 0.70
192.936804 0.70
193.006296 0.70
193.065807 0.70
193.124682 0.70
193.194413 0.70
193.258162 0.70
193.324415 0.70
193.383414 0.70
193.447550 0.70
193.513542 0.70
193.574818 0.69
193.634547 0.70
193.695825 0.70
193.755554 0.70
193.816942 0.70
193.878424 0.70
193.943550 0.70
194.004891 0.70
194.066301 0.70
194.120583 0.70
194.175809 0.70
194.229686 0.70
194.293813 0.70
194.352814 0.70
194.411688 0.70
194.466687 0.69
194.523051 0.70
194.576690 0.70
194.640812 0.70
194.697052 0.70
194.752057 0.70
194.805820 0.70
194.861088 0.70
194.920828 0.70
194.981429 0.70
195.042083 0.70
195.097828 0.70
195.158305 0.70
195.219088 0.70
195.279429 0.70
195.338833 0.70
195.398566 0.70
195.468840 0.70
195.524317 0.70
195.578704 0.70
195.643565 0.70
195.719185 0.70
195.783741 0.70
195.853734 0.70
195.923745 0.70
195.983567 0.70
196.053438 0.70
196.112447 0.70
196.178706 0.69
196.243443 0.70
196.304837 0.70
196.364447 0.70
196.429447 0.70
196.490729 0.70
196.555984 0.70
196.615731 0.70
196.675084 0.70
196.744730 0.70
196.808569 0.70
196.873079 0.70
196.942315 0.70
197.001445 0.70
197.060443 0.70
197.114317 0.70
197.173569 0.69
197.243077 0.70
197.302742 0.70
197.367446 0.70
197.421751 0.70
197.481451 0.70
197.540572 0.70
197.606196 0.69
197.670320 0.70
197.729742 0.70
197.789323 0.71
197.848763 0.70
197.908454 0.70
197.978477 0.70
198.043486 0.70
198.110205 0.70
198.170966 0.70
198.230749 0.70
198.295584 0.70
198.357211 0.70
198.422098 0.70
198.481774 0.70
198.551975 0.70
198.621580 0.70
198.685580 0.70
198.744488 0.70
198.811209 0.70
198.865207 0.70
198.919587 0.70
198.984472 0.69
199.051102 0.70
199.121103 0.70
199.185083 0.70
199.254645 0.70
199.313468 0.70
199.380092 0.70
199.434472 0.70
199.495649 0.70
199.555342 0.70
199.616475 0.69
199.681224 0.70
199.735339 0.70
199.800088 0.70
199.859754 0.70
199.914983 0.70
199.974351 0.70
200.039212 0.70
200.098213 0.71
200.157338 0.70
200.211214 0.70
200.270339 0.70
200.329214 0.70
200.384215 0.70
200.439215 0.70
200.503216 0.69
200.562216 0.70
200.626217 0.70
200.676847 0.70
200.736847 0.70
200.787848 0.70
200.842985 0.70
200.930344 0.69
200.985344 0.70
201.035345 0.70
201.102473 0.70
201.179346 0.70
201.234221 0.70
201.306473 0.70
201.397751 0.70
201.458223 0.70
201.513223 0.70
201.568351 0.70
201.634226 0.70
201.698227 0.70
201.757482 0.70
201.832234 0.70
201.893484 0.70
201.957747 0.70
202.022496 0.71
202.087356 0.70
202.147998 0.70
202.207491 0.70
202.268118 0.70
202.322658 0.70
202.383878 0.70
202.443492 0.70
202.503239 0.70
202.567994 0.70
202.622674 0.70
202.682237 0.70
202.736003 0.70
202.805752 0.70
202.876880 0.70
202.946648 0.70
203.005878 0.70
203.075361 0.70
203.150113 0.69
203.209119 0.70
203.267754 0.70
203.334751 0.70
203.404364 0.70
203.468364 0.70
203.543239 0.70
203.597014 0.70
203.651012 0.70
203.720367 0.69
203.785249 0.70
203.860369 0.70
203.925250 0.70
204.000663 0.70
204.070245 0.70
204.124248 0.70
204.183008 0.70
204.237508 0.70
204.297250 0.70
204.361244 0.70
204.426773 0.70
204.496013 0.70
204.565014 0.70
204.634126 0.70
204.693017 0.70
204.762014 0.69
204.832257 0.70
204.896251 0.70
204.957551 0.70
205.017255 0.70
205.083262 0.70
205.148012 0.70
205.202255 0.70
205.263381 0.70
205.329254 0.70
205.390136 0.70
205.455134 0.70
205.520646 0.69
205.590254 0.70
205.659631 0.70
205.719394 0.70
205.773383 0.70
205.827027 0.70
205.886257 0.70
205.951632 0.70
206.017388 0.70
206.076134 0.70
206.134897 0.70
206.198898 0.70
206.268019 0.70
206.323262 0.70
206.379637 0.70
206.440762 0.70
206.496137 0.69
206.549923 0.70
206.604267 0.70
206.674033 0.70
206.732808 0.70
206.791780 0.69
206.855638 0.70
206.929778 0.70
206.993639 0.70
207.062639 0.70
207.131640 0.69
207.200783 0.70
207.264931 0.70
207.318641 0.70
207.393269 0.70
207.467786 0.69
207.536662 0.70
207.606397 0.70
207.665145 0.70
207.719029 0.70
207.788271 0.70
207.857270 0.70
207.917787 0.70
207.986791 0.69
208.056146 0.69
208.120280 0.70
208.180029 0.70
208.249669 0.70
208.305158 0.70
208.370031 0.70
208.430591 0.70
208.486286 0.70
208.541800 0.70
208.597030 0.70
208.662035 0.70
208.726152 0.70
208.790532 0.70
208.854927 0.70
208.919033 0.70
208.974281 0.70
209.029279 0.70
209.082802 0.70
209.147047 0.70
209.212038 0.70
209.271159 0.70
209.346050 0.70
209.410660 0.70
209.476814 0.70
209.531294 0.70
209.601288 0.70
209.660053 0.70
209.724930 0.70
209.789421 0.70
209.864938 0.70
209.929729 0.69
210.000044 0.70
210.064934 0.70
210.129053 0.70
210.188038 0.70
210.247049 0.70
210.317041 0.70
210.370683 0.70
210.435720 0.70
210.502295 0.70
210.556176 0.70
210.615951 0.70
210.677172 0.70
210.752056 0.70
210.811042 0.69
210.870301 0.70
210.926171 0.70
210.985049 0.70
211.051728 0.70
211.107174 0.70
211.162830 0.70
211.218505 0.70
211.278176 0.70
211.333730 0.70
211.384179 0.70
211.434177 0.70
211.498952 0.70
211.563948 0.70
211.633711 0.69
211.698303 0.70
211.752177 0.70
211.811051 0.70
211.863820 0.71
211.922553 0.70
211.986955 0.70
212.040555 0.70
212.100187 0.70
212.151432 0.70
212.198822 0.70
212.253188 0.70
212.312826 0.70
212.366703 0.70
212.455608 0.70
212.525570 0.70
212.595841 0.70
212.660726 0.70
212.725614 0.70
212.795955 0.70
212.856745 0.70
212.921961 0.69
212.986846 0.70
213.051860 0.69
213.116958 0.70
213.181840 0.70
213.237838 0.70
213.302701 0.70
213.354527 0.70
213.409070 0.70
213.468842 0.70
213.530194 0.70
213.585964 0.70
213.646968 0.70
213.709744 0.70
213.764069 0.70
213.816846 0.70
213.873841 0.70
213.934763 0.70
213.996077 0.70
214.051573 0.70
214.107076 0.70
214.162845 0.70
214.223585 0.70
214.273840 0.70
214.338738 0.70
214.392705 0.71
214.457725 0.70
214.508075 0.70
214.568726 0.70
214.633578 0.70
214.687588 0.70
214.752711 0.70
214.817578 0.70
214.877081 0.70
214.936851 0.69
214.993347 0.70
215.053088 0.69
215.112849 0.70
215.178590 0.70
215.233087 0.69
215.292743 0.70
215.347085 0.70
215.406853 0.70
215.476852 0.70
215.541954 0.70
215.610829 0.70
215.681209 0.70
215.736331 0.70
215.811474 0.70
215.868854 0.70
215.933490 0.70
215.991003 0.70
216.061086 0.70
216.120760 0.70
216.172381 0.70
216.231654 0.69
216.283873 0.70
216.346629 0.69
216.405622 0.70
216.466346 0.70
216.536099 0.70
216.597476 0.70
216.651985 0.70
216.716468 0.70
216.781092 0.70
216.844626 0.70
216.898660 0.69
216.964765 0.70
217.029745 0.70
217.090993 0.70
217.150729 0.70
217.215735 0.70
217.291096 0.69
217.344983 0.70
217.414626 0.70
217.468476 0.70
217.552100 0.70
217.618357 0.70
217.688729 0.70
217.753741 0.70
217.829109 0.70
217.899482 0.70
217.954000 0.70
218.013750 0.70
218.083897 0.70
218.143734 0.70
218.218995 0.70
218.278732 0.70
218.343731 0.70
218.408734 0.70
218.478880 0.70
218.554362 0.70
218.624662 0.70
218.694730 0.70
218.764104 0.70
218.819479 0.70
218.878885 0.70
218.943876 0.69
219.002994 0.70
219.062743 0.70
219.127661 0.70
219.197666 0.70
219.264364 0.70
219.318902 0.70
219.378743 0.71
219.445489 0.70
219.500014 0.70
219.561366 0.70
219.615755 0.70
219.675004 0.70
219.735626 0.70
219.805369 0.69
219.859501 0.71
219.918361 0.70
219.982497 0.70
220.036772 0.70
220.102372 0.70
220.158125 0.70
220.217887 0.70
220.273667 0.70
220.338661 0.70
220.408677 0.70
220.469678 0.70
220.534496 0.70
220.584894 0.70
220.644667 0.70
220.714684 0.70
220.784894 0.70
220.844661 0.70
220.903369 0.71
220.962888 0.70
221.027538 0.70
221.092614 0.70
221.162382 0.70
221.216909 0.70
221.276668 0.70
221.346756 0.70
221.411753 0.69
221.481759 0.70
221.546672 0.70
221.611666 0.70
221.670374 0.70
221.729373 0.70
221.793688 0.70
221.858377 0.70
221.917251 0.70
221.975626 0.70
222.034380 0.70
222.098133 0.70
222.161763 0.70
222.221254 0.70
222.279894 0.70
222.338898 0.70
222.394128 0.70
222.458256 0.70
222.516647 0.70
222.573032 0.70
222.628657 0.70
222.683898 0.70
222.742630 0.70
222.802630 0.70
222.857506 0.70
222.921006 0.70
222.977256 0.70
223.035631 0.70
223.094007 0.70
223.150257 0.71
223.206011 0.70
223.269509 0.70
223.333014 0.70
223.385387 0.70
223.436016 0.70
223.499514 0.70
223.563015 0.70
223.626770 0.70
223.680142 0.70
223.738517 0.70
223.802017 0.70
223.865517 0.70
223.929024 0.70
223.990017 0.70
224.053524 0.70
224.117021 0.70
224.180521 0.70
224.244028 0.70
224.307522 0.70
224.371025 0.69
224.434524 0.70
224.489523 0.69
224.553024 0.70
224.616525 0.70
224.680029 0.70
224.743527 0.70
224.798524 0.70
224.853524 0.70
224.908525 0.70
224.972150 0.70
225.030535 0.70
225.090527 0.70
225.150527 0.70
225.205525 0.70
225.265537 0.70
225.325532 0.69
225.380528 0.70
225.440532 0.69
225.504030 0.70
225.567531 0.70
225.626037 0.70
225.689532 0.70
225.744535 0.70
225.802909 0.70
225.863031 0.70
225.918031 0.70
225.965282 0.70
226.014657 0.70
226.067915 0.70
226.120283 0.70
226.170913 0.70
226.234413 0.70
226.297910 0.69
226.350293 0.70
226.400916 0.70
226.464416 0.70
226.527919 0.70
226.591412 0.70
226.649916 0.70
226.713413 0.70
226.776913 0.70
226.840418 0.70
226.903916 0.70
226.967421 0.70
227.030918 0.70
227.094423 0.70
227.149419 0.70
227.212923 0.70
227.276549 0.70
227.334918 0.70
227.398417 0.70
227.453421 0.70
227.508418 0.69
227.571927 0.70
227.645804 0.70
227.705929 0.70
227.769550 0.70
227.834800 0.70
227.894926 0.70
227.958420 0.70
228.013304 0.70
228.076800 0.70
228.140302 0.70
228.203803 0.70
228.268931 0.70
228.323931 0.70
228.378926 0.70
228.426181 0.70
228.475559 0.70
228.528804 0.70
228.588926 0.70
228.636181 0.70
228.685555 0.70
228.738807 0.70
228.791183 0.70
228.846305 0.70
228.911309 0.70
228.976310 0.70
229.031433 0.70
229.096057 0.70
229.155431 0.70
229.220311 0.70
229.291832 0.70
229.356573 0.70
229.416313 0.70
229.486308 0.70
229.540195 0.70
229.615059 0.69
229.674564 0.70
229.744311 0.70
229.798446 0.70
229.874067 0.70
229.928314 0.70
229.989074 0.69
230.048438 0.70
230.117312 0.70
230.171439 0.70
230.240981 0.70
230.311194 0.70
230.372315 0.70
230.433639 0.70
230.503840 0.70
230.568586 0.70
230.628198 0.70
230.692981 0.70
230.747478 0.70
230.807198 0.70
230.872073 0.70
230.926450 0.70
230.991216 0.70
231.056207 0.70
231.121073 0.70
231.180453 0.70
231.240204 0.70
231.313074 0.70
231.372208 0.70
231.437200 0.70
231.491456 0.70
231.551205 0.70
231.616086 0.71
231.666491 0.70
231.726204 0.70
231.796202 0.70
231.855482 0.70
231.920714 0.70
231.980488 0.70
232.040206 0.70
232.093706 0.70
232.158711 0.70
232.218456 0.70
232.279209 0.70
232.344209 0.70
232.413718 0.69
232.477967 0.70
232.547082 0.70
232.600975 0.70
232.665079 0.70
232.724471 0.69
232.784084 0.70
232.843085 0.70
232.904340 0.69
232.977470 0.70
233.037106 0.70
233.102090 0.70
233.167090 0.69
233.221343 0.70
233.280981 0.70
233.345473 0.70
233.405093 0.70
233.464478 0.70
233.525869 0.70
233.580217 0.70
233.646867 0.70
233.701344 0.70
233.774725 0.70
233.835631 0.70
233.895217 0.70
233.960100 0.70
234.025094 0.70
234.078883 0.70
234.129354 0.70
234.194221 0.70
234.278106 0.70
234.348221 0.70
234.427753 0.70
234.488346 0.70
234.543613 0.70
234.609777 0.70
234.668751 0.70
234.739000 0.70
234.789352 0.70
234.848983 0.70
234.904490 0.70
234.969226 0.70
235.034106 0.70
235.098980 0.70
235.163477 0.70
235.217359 0.70
235.276477 0.70
235.330226 0.69
235.394996 0.70
235.459360 0.70
235.519113 0.70
235.592230 0.70
235.657116 0.70
235.722110 0.70
235.787113 0.70
235.852110 0.70
235.924014 0.70
235.985365 0.70
236.045110 0.70
236.106363 0.70
236.166114 0.70
236.230994 0.69
236.292369 0.70
236.351881 0.70
236.416361 0.69
236.480879 0.70
236.540990 0.70
236.590997 0.70
236.657363 0.70
236.722119 0.70
236.788740 0.70
236.847630 0.70
236.906896 0.70
236.965632 0.70
237.020996 0.70
237.081492 0.70
237.147491 0.70
237.217365 0.71
237.271116 0.70
237.335892 0.70
237.400891 0.70
237.461494 0.70
237.527677 0.70
237.600499 0.70
237.665253 0.70
237.735012 0.70
237.794376 0.70
237.864665 0.70
237.934753 0.69
237.999672 0.70
238.075007 0.70
238.139776 0.70
238.199000 0.70
238.258379 0.69
238.325023 0.70
238.394514 0.70
238.463767 0.70
238.522639 0.70
238.581651 0.70
238.645765 0.70
238.709653 0.70
238.773653 0.70
238.832627 0.70
238.891125 0.70
238.950126 0.70
239.009265 0.70
239.063003 0.69
239.128772 0.70
239.188255 0.70
239.257756 0.70
239.316761 0.70
239.370509 0.70
239.430138 0.70
239.489758 0.70
239.548508 0.69
239.608142 0.70
239.667907 0.69
239.730394 0.70
239.790144 0.69
239.841389 0.70
239.911522 0.70
239.968392 0.70
240.028021 0.70
240.094913 0.70
240.165033 0.70
240.229275 0.69
240.280390 0.70
240.327775 0.70
240.386512 0.70
240.455387 0.70
240.524514 0.70
240.588514 0.70
240.652515 0.69
240.716515 0.70
240.775030 0.70
240.839015 0.70
240.903015 0.70
240.967015 0.70
241.031141 0.70
241.090033 0.70
241.153910 0.70
241.212521 0.70
241.271519 0.70
241.335519 0.70
241.394520 0.70
241.463394 0.70
241.527521 0.70
241.591645 0.70
241.655523 0.70
241.719683 0.70
241.778524 0.70
241.842666 0.70
241.901525 0.70
241.961673 0.70
242.016797 0.70
242.072151 0.70
242.136401 0.70
242.205526 0.70
242.269668 0.70
242.328275 0.70
242.402527 0.70
242.466402 0.70
242.530402 0.69
242.577673 0.70
242.636532 0.70
242.695536 0.70
242.754699 0.70
242.813405 0.70
242.873676 0.70
242.927534 0.70
242.991681 0.70
243.045701 0.70
243.099409 0.70
243.155286 0.70
243.202679 0.70
243.256409 0.70
243.321042 0.70
243.380807 0.70
243.445048 0.70
243.504810 0.70
243.569708 0.70
243.624064 0.70
243.683816 0.70
243.753823 0.70
243.818822 0.70
243.883812 0.70
243.959178 0.70
244.014541 0.70
244.073288 0.70
244.142415 0.70
244.201042 0.70
244.259813 0.70
244.334543 0.71
244.393292 0.70
244.457418 0.70
244.521419 0.69
244.580827 0.70
244.645079 0.70
244.704817 0.69
244.768816 0.70
244.838725 0.69
244.899948 0.70
244.959819 0.70
245.026616 0.70
245.087943 0.70
245.152824 0.70
245.219428 0.70
245.274738 0.70
245.341432 0.70
245.395949 0.70
245.455726 0.70
245.522430 0.70
245.581425 0.70
245.645428 0.70
245.709428 0.70
245.768305 0.70
245.832302 0.70
245.896955 0.71
245.952559 0.70
246.011557 0.70
246.076705 0.70
246.146829 0.70
246.211726 0.70
246.277561 0.70
246.336959 0.70
246.396729 0.70
246.455828 0.70
246.520096 0.70
246.580826 0.70
246.650567 0.70
246.700849 0.70
246.760564 0.70
246.822097 0.70
246.886960 0.69
246.951746 0.70
247.016838 0.70
247.086568 0.70
247.147750 0.70
247.212568 0.70
247.273965 0.70
247.335446 0.70
247.396203 0.70
247.457215 0.70
247.516964 0.70
247.576318 0.70
247.635839 0.70
247.696081 0.70
247.755842 0.70
247.815445 0.70
247.874963 0.70
247.939735 0.70
248.009327 0.70
248.063852 0.70
248.128323 0.70
248.183848 0.70
248.243577 0.70
248.318449 0.70
248.379079 0.70
248.437841 0.70
248.497581 0.70
248.563472 0.70
248.622766 0.70
248.682583 0.70
248.760860 0.70
248.825708 0.70
248.895579 0.70
248.954483 0.70
249.013727 0.70
249.082750 0.70
249.144083 0.70
249.197873 0.70
249.257484 0.70
249.335741 0.70
249.401115 0.71
249.460329 0.70
249.524645 0.70
249.594468 0.70
249.658468 0.70
249.717767 0.70
249.787208 0.70
249.853651 0.70
249.913474 0.70
249.980218 0.70
250.034763 0.70
250.088585 0.70
250.143584 0.70
250.202210 0.70
250.260589 0.69
250.321624 0.70
250.386087 0.70
250.450870 0.71
250.512216 0.70
250.566782 0.70
250.626348 0.70
250.680862 0.70
250.742224 0.70
250.792772 0.70
250.871483 0.70
250.936350 0.69
250.990632 0.70
251.051225 0.70
251.101480 0.70
251.167490 0.70
251.228229 0.70
251.289013 0.70
251.367357 0.70
251.417726 0.70
251.468980 0.70
251.533358 0.70
251.583768 0.70
251.648356 0.70
251.703980 0.70
251.763765 0.70
251.823353 0.70
251.888482 0.70
251.953357 0.70
252.003762 0.70
252.074103 0.70
252.138362 0.69
252.195353 0.69
252.254224 0.70
252.318225 0.70
252.391981 0.70
252.445479 0.70
252.514995 0.70
252.579666 0.70
252.645635 0.70
252.709631 0.70
252.778868 0.70
252.834358 0.70
252.895357 0.70
252.949356 0.70
253.003669 0.70
253.063362 0.70
253.122234 0.70
253.176659 0.70
253.236363 0.70
253.297361 0.70
253.351370 0.70
253.405359 0.70
253.459369 0.69
253.524113 0.69
253.588362 0.70
253.642372 0.70
253.706883 0.70
253.767362 0.70
253.837239 0.70
253.891874 0.70
253.951676 0.70
254.018010 0.69
254.082365 0.70
254.132364 0.70
254.182363 0.70
254.237364 0.70
254.292364 0.70
254.347239 0.70
254.402365 0.70
254.457240 0.70
254.507871 0.70
254.577493 0.70
254.643011 0.70
254.707498 0.70
254.782120 0.70
254.851747 0.70
254.921250 0.69
254.975682 0.70
255.035373 0.70
255.105379 0.70
255.172129 0.70
255.231689 0.70
255.293135 0.70
255.347666 0.70
255.407133 0.70
255.461675 0.70
255.523130 0.70
255.577678 0.70
255.639131 0.70
255.693254 0.70
255.757517 0.70
255.817256 0.70
255.871513 0.70
255.931261 0.70
255.998133 0.70
256.052681 0.70
256.117676 0.70
256.179012 0.70
256.233390 0.70
256.303383 0.70
256.373701 0.70
256.440027 0.70
256.499518 0.70
256.559265 0.70
256.629271 0.70
256.694269 0.70
256.759263 0.70
256.824265 0.69
256.894028 0.70
256.958521 0.70
257.014037 0.70
257.068390 0.70
257.133268 0.70
257.198267 0.70
257.269790 0.70
257.340038 0.70
257.400787 0.70
257.460528 0.70
257.520142 0.70
257.579031 0.70
257.643393 0.70
257.707393 0.70
257.776918 0.70
257.841035 0.70
257.900033 0.70
257.964393 0.70
258.034402 0.70
258.104396 0.70
258.168404 0.70
258.228281 0.70
258.293275 0.70
258.354040 0.71
258.423918 0.70
258.493039 0.70
258.557400 0.70
258.621272 0.70
258.688033 0.70
258.749402 0.70
258.805159 0.70
258.870160 0.70
258.934777 0.70
259.009039 0.70
259.067789 0.69
259.133155 0.70
259.197917 0.70
259.258161 0.70
259.328157 0.70
259.381905 0.70
259.441409 0.70
259.501158 0.70
259.554942 0.70
259.609412 0.70
259.670933 0.70
259.726718 0.70
259.782417 0.70
259.842038 0.70
259.896411 0.70
259.951937 0.71
260.011412 0.70
260.081541 0.70
260.148041 0.70
260.198171 0.70
260.263167 0.70
260.333048 0.70
260.398048 0.69
260.462810 0.70
260.522420 0.70
260.582169 0.69
260.647051 0.70
260.712050 0.70
260.762293 0.70
260.832173 0.70
260.897172 0.70
260.966684 0.70
261.036292 0.70
261.105421 0.70
261.170047 0.70
261.234044 0.70
261.292936 0.70
261.362936 0.70
261.426810 0.70
261.491171 0.70
261.551670 0.70
261.611302 0.70
261.675673 0.70
261.741679 0.70
261.806677 0.70
261.865925 0.70
261.925184 0.69
261.984049 0.70
262.042942 0.70
262.103558 0.70
262.163055 0.70
262.216847 0.70
262.275707 0.69
262.345729 0.70
262.401306 0.70
262.456556 0.70
262.516304 0.70
262.576059 0.70
262.646187 0.69
262.721705 0.70
262.780827 0.70
262.840066 0.70
262.900718 0.70
262.970955 0.70
263.036078 0.70
263.095440 0.70
263.162067 0.70
263.231831 0.70
263.296320 0.70
263.361186 0.70
263.430718 0.70
263.500708 0.69
263.559968 0.70
263.624959 0.70
263.686189 0.70
263.745187 0.70
263.809705 0.69
263.868724 0.70
263.933438 0.70
263.987187 0.70
264.057194 0.70
264.132316 0.70
264.184074 0.70
264.246860 0.70
264.303069 0.70
264.359198 0.70
264.418967 0.70
264.469069 0.70
264.535860 0.70
264.590197 0.70
264.649702 0.70
264.705454 0.70
264.766071 0.70
264.827202 0.70
264.882841 0.70
264.936735 0.69
264.996483 0.70
265.051966 0.70
265.108705 0.70
265.163207 0.70
265.218577 0.70
265.287715 0.70
265.343202 0.70
265.392985 0.70
265.457984 0.70
265.522847 0.70
265.582333 0.70
265.648502 0.70
265.707996 0.70
265.773212 0.70
265.828732 0.70
265.888204 0.70
265.947975 0.70
266.001843 0.69
266.066868 0.70
266.131456 0.70
266.204208 0.70
266.263852 0.70
266.318215 0.70
266.383228 0.70
266.442976 0.70
266.502588 0.70
266.572857 0.70
266.632717 0.69
266.692632 0.70
266.762585 0.70
266.827084 0.70
266.896467 0.70
266.961092 0.70
267.025712 0.70
267.089879 0.70
267.151219 0.70
267.215858 0.70
267.272095 0.70
267.331862 0.70
267.398226 0.70
267.457869 0.70
267.520345 0.70
267.572223 0.70
267.631862 0.70
267.698118 0.70
267.745387 0.70
267.809469 0.70
267.873469 0.70
267.937769 0.70
267.991469 0.70
268.055470 0.69
268.115745 0.70
268.179767 0.70
268.244480 0.70
268.316983 0.70
268.383747 0.70
268.437745 0.70
268.496479 0.69
268.570737 0.69
268.629477 0.71
268.693877 0.70
268.754350 0.70
268.824229 0.70
268.888478 0.70
268.958232 0.70
269.022748 0.70
269.076751 0.70
269.130478 0.70
269.189631 0.70
269.244896 0.70
269.315107 0.70
269.373996 0.69
269.445377 0.69
269.501109 0.70
269.564885 0.70
269.625777 0.70
269.685242 0.70
269.747893 0.70
269.812494 0.70
269.872007 0.70
269.931737 0.70
269.997483 0.70
270.061482 0.70
270.125483 0.70
270.189484 0.70
270.258357 0.70
270.321983 0.70
270.386109 0.70
270.444999 0.70
270.509000 0.70
270.573000 0.70
270.641754 0.70
270.700487 0.70
270.764745 0.70
270.818238 0.70
270.887365 0.70
270.951492 0.70
271.010749 0.70
271.086121 0.70
271.150368 0.70
271.205017 0.70
271.264667 0.70
271.334503 0.70
271.389025 0.70
271.448747 0.70
271.518658 0.70
271.573018 0.70
271.632018 0.70
271.696689 0.70
271.772000 0.70
271.831754 0.70
271.907127 0.70
271.973682 0.69
272.038683 0.70
272.103665 0.70
272.163378 0.70
272.222794 0.69
272.292383 0.70
272.357380 0.70
272.423753 0.70
272.478024 0.71
272.539508 0.69
272.593698 0.70
272.658698 0.69
272.723508 0.70
272.782909 0.71
272.842631 0.70
272.906254 0.70
272.980515 0.70
273.034898 0.70
273.094005 0.70
273.163256 0.70
273.221771 0.70
273.285773 0.70
273.346545 0.69
273.402007 0.70
273.453140 0.71
273.517257 0.70
273.581259 0.70
273.645512 0.70
273.704924 0.70
273.764522 0.70
273.825387 0.70
273.884386 0.70
273.948533 0.70
274.007517 0.70
274.073137 0.69
274.137262 0.70
274.206516 0.70
274.256518 0.70
274.310389 0.70
274.369926 0.70
274.429688 0.70
274.491144 0.70
274.555266 0.70
274.610519 0.70
274.669678 0.70
274.739274 0.70
274.798520 0.70
274.852521 0.70
274.917271 0.70
274.986930 0.70
275.038929 0.70
275.099915 0.70
275.153397 0.70
275.217699 0.70
275.281770 0.70
275.340270 0.70
275.409271 0.70
275.478797 0.70
275.538276 0.70
275.602148 0.70
275.661923 0.70
275.721402 0.70
275.780410 0.70
275.840286 0.70
275.894673 0.70
275.961285 0.70
276.015800 0.70
276.069795 0.70
276.119793 0.70
276.178671 0.69
276.233668 0.70
276.297795 0.70
276.356674 0.69
276.420800 0.70
276.479800 0.69
276.538674 0.70
276.593673 0.70
276.653803 0.70
276.712680 0.70
276.771675 0.70
276.832039 0.70
276.885674 0.70
276.951036 0.70
277.007035 0.69
277.062072 0.70
277.109412 0.70
277.164411 0.70
277.229169 0.70
277.293933 0.70
277.360069 0.70
277.419829 0.70
277.480544 0.70
277.550716 0.70
277.615815 0.70
277.667048 0.70
277.718046 0.70
277.777575 0.70
277.847300 0.70
277.901833 0.70
277.961547 0.70
278.036418 0.70
278.092548 0.70
278.151827 0.70
278.213306 0.70
278.267718 0.70
278.327429 0.70
278.392429 0.70
278.446551 0.70
278.511427 0.70
278.576426 0.70
278.637738 0.70
278.699309 0.70
278.753823 0.70
278.813432 0.70
278.878433 0.70
278.948436 0.70
279.013430 0.70
279.078178 0.70
279.133434 0.69
279.198435 0.70
279.268441 0.70
279.333431 0.70
279.403302 0.70
279.467303 0.70
279.522431 0.70
279.581303 0.70
279.631734 0.70
279.691436 0.70
279.756317 0.70
279.810753 0.70
279.875831 0.70
279.931190 0.70
279.985748 0.70
280.045564 0.70
280.115612 0.69
280.191065 0.70
280.250716 0.70
280.310445 0.70
280.375439 0.70
280.450440 0.70
280.515314 0.70
280.581062 0.70
280.650565 0.71
280.719940 0.70
280.794585 0.70
280.858601 0.70
280.923444 0.70
280.990068 0.70
281.061567 0.70
281.126585 0.70
281.191202 0.70
281.245742 0.70
281.307197 0.70
281.361329 0.70
281.426328 0.70
281.491446 0.70
281.564319 0.70
281.614573 0.70
281.668445 0.70
281.729444 0.69
281.799086 0.70
281.859327 0.70
281.924202 0.70
281.978198 0.70
282.032578 0.70
282.097327 0.70
282.156200 0.70
282.220075 0.70
282.283836 0.70
282.344452 0.70
282.414450 0.70
282.478576 0.70
282.528450 0.70
282.598451 0.70
282.653581 0.70
282.713085 0.70
282.777328 0.70
282.837452 0.70
282.902079 0.70
282.962085 0.70
283.012337 0.70
283.082082 0.70
283.141632 0.70
283.201336 0.69
283.260469 0.70
283.336003 0.70
283.397336 0.70
283.462215 0.70
283.537758 0.70
283.612852 0.70
283.687982 0.69
283.752649 0.70
283.831339 0.70
283.892475 0.70
283.957492 0.70
284.017216 0.70
284.090640 0.70
284.152089 0.70
284.206468 0.70
284.265337 0.70
284.326470 0.70
284.387216 0.70
284.440983 0.70
284.500338 0.70
284.565740 0.70
284.640214 0.70
284.693973 0.70
284.763468 0.70
284.832983 0.70
284.896981 0.70
284.966216 0.70
285.019988 0.70
285.083990 0.70
285.152735 0.70
285.227475 0.69
285.282861 0.70
285.348634 0.70
285.403782 0.70
285.462991 0.69
285.521990 0.70
285.586479 0.70
285.645493 0.70
285.705229 0.70
285.770228 0.70
285.834983 0.70
285.889483 0.70
285.949229 0.70
286.015652 0.70
286.075356 0.70
286.150886 0.70
286.212233 0.70
286.271354 0.70
286.330353 0.70
286.399745 0.70
286.474227 0.70
286.539996 0.70
286.598982 0.70
286.662997 0.69
286.732230 0.70
286.797996 0.70
286.861759 0.70
286.925999 0.70
286.989750 0.70
287.059357 0.70
287.118357 0.70
287.192748 0.70
287.262001 0.70
287.330751 0.70
287.399638 0.70
287.474235 0.70
287.533111 0.70
287.591628 0.70
287.656009 0.70
287.715006 0.70
287.779005 0.69
287.838118 0.70
287.897005 0.70
287.955644 0.70
288.025115 0.70
288.079009 0.70
288.143497 0.70
288.202367 0.70
288.267126 0.70
288.331889 0.70
288.390901 0.70
288.445375 0.70
288.510243 0.70
288.569118 0.70
288.623994 0.70
288.679119 0.70
288.732762 0.69
288.796649 0.70
288.865649 0.70
288.935371 0.70
288.990371 0.70
289.063022 0.69
289.126768 0.70
289.196262 0.70
289.261131 0.70
289.331021 0.69
289.390384 0.70
289.450132 0.70
289.515025 0.69
289.569385 0.70
289.629134 0.70
289.693506 0.70
289.757927 0.70
289.817380 0.70
289.882136 0.70
289.946806 0.70
290.002132 0.70
290.064513 0.70
290.120016 0.70
290.186384 0.69
290.242014 0.70
290.303262 0.70
290.374920 0.70
290.425271 0.70
290.484905 0.70
290.545520 0.70
290.601021 0.70
290.667027 0.70
290.726520 0.70
290.791015 0.70
290.855927 0.70
290.920921 0.70
290.976391 0.69
291.041146 0.70
291.111270 0.70
291.176152 0.70
291.251703 0.70
291.316140 0.70
291.386273 0.70
291.451145 0.70
291.515703 0.70
291.586024 0.70
291.645143 0.70
291.720711 0.70
291.796038 0.69
291.850277 0.70
291.915272 0.70
291.984808 0.70
292.039275 0.71
292.109043 0.70
292.162520 0.70
292.226019 0.70
292.289646 0.70
292.358791 0.70
292.423149 0.70
292.489156 0.70
292.554028 0.70
292.614651 0.70
292.680534 0.70
292.736156 0.70
292.795404 0.70
292.855158 0.70
292.914926 0.70
292.981039 0.70
293.047815 0.70
293.097653 0.70
293.166528 0.70
293.226800 0.70
293.285532 0.70
293.339155 0.70
293.390796 0.70
293.444531 0.70
293.508534 0.70
293.567533 0.70
293.637288 0.70
293.703551 0.70
293.767537 0.70
293.826541 0.70
293.885677 0.70
293.949555 0.70
294.008537 0.70
294.072535 0.70
294.141536 0.69
294.205537 0.70
294.269537 0.70
294.333537 0.70
294.402538 0.70
294.466538 0.70
294.530542 0.70
294.581413 0.70
294.644912 0.70
294.698540 0.70
294.756914 0.70
294.820415 0.70
294.889817 0.70
294.954547 0.70
295.013683 0.70
295.073171 0.70
295.133938 0.70
295.193169 0.70
295.252169 0.70
295.311297 0.70
295.366426 0.70
295.429927 0.70
295.493422 0.70
295.558055 0.70
295.617823 0.70
295.679060 0.70
295.738824 0.70
295.803823 0.70
295.865059 0.69
295.924831 0.70
295.981823 0.70
296.040553 0.70
296.105180 0.69
296.163945 0.70
296.230567 0.70
296.285058 0.70
296.349962 0.70
296.416580 0.70
296.481720 0.70
296.546731 0.70
296.611431 0.70
296.671709 0.70
296.730556 0.70
296.781306 0.70
296.845556 0.70
296.909558 0.69
296.968431 0.70
297.028699 0.70
297.087433 0.70
297.151433 0.70
297.210060 0.69
297.268827 0.70
297.322434 0.70
297.391828 0.70
297.460954 0.70
297.534830 0.70
297.588436 0.70
297.657435 0.70
297.726438 0.70
297.795439 0.70
297.859440 0.70
297.928438 0.70
297.993445 0.70
298.059727 0.70
298.113702 0.70
298.169989 0.70
298.229736 0.70
298.288961 0.70
298.358325 0.70
298.417714 0.70
298.482750 0.70
298.549448 0.70
298.623745 0.70
298.684971 0.70
298.749322 0.70
298.813705 0.70
298.883581 0.70
298.937840 0.70
298.998455 0.69
299.052740 0.70
299.117709 0.70
299.176971 0.70
299.230982 0.70
299.290844 0.70
299.360846 0.70
299.425760 0.70
299.501332 0.70
299.560715 0.70
299.625709 0.70
299.691581 0.70
299.756585 0.70
299.806977 0.70
299.863207 0.70
299.927658 0.70
299.986850 0.70
300.050973 0.70
300.115488 0.70
300.169331 0.70
300.228977 0.69
300.288752 0.70
300.371205 0.70
300.434834 0.70
300.498706 0.70
300.562207 0.70
300.636468 0.70
300.695334 0.70
300.759851 0.70
300.828855 0.70
300.898857 0.70
300.952852 0.70
301.017343 0.70
301.071860 0.70
301.125980 0.70
301.198470 0.70
301.271469 0.70
301.330469 0.70
301.389992 0.70
301.443981 0.70
301.522347 0.70
301.576866 0.70
301.630979 0.70
301.692480 0.70
301.742869 0.70
301.802490 0.70
301.852871 0.70
301.912643 0.70
301.982874 0.70
302.042731 0.71
302.107638 0.70
302.173650 0.70
302.234650 0.70
302.299676 0.70
302.359681 0.70
302.429871 0.70
302.489657 0.70
302.554652 0.70
302.624891 0.70
302.684672 0.70
302.754996 0.69
302.815479 0.70
302.888643 0.69
302.950124 0.70
303.006103 0.70
303.075753 0.70
303.145360 0.70
303.199769 0.70
303.274355 0.70
303.328882 0.70
303.388649 0.70
303.458368 0.70
303.512879 0.70
303.572737 0.70
303.642743 0.70
303.707778 0.70
303.767234 0.70
303.831358 0.70
303.890232 0.70
303.954233 0.70
304.018232 0.70
304.076873 0.70
304.132358 0.70
304.191359 0.70
304.250359 0.70
304.309360 0.70
304.368360 0.70
304.427236 0.70
304.486364 0.70
304.545367 0.70
304.599365 0.70
304.658771 0.70
304.719249 0.70
304.778762 0.70
304.839370 0.70
304.889518 0.70
304.950254 0.70
305.011005 0.70
305.070372 0.70
305.120506 0.70
305.177001 0.70
305.232004 0.70
305.287506 0.70
305.344035 0.70
305.408751 0.70
305.469518 0.70
305.539258 0.70
305.600005 0.70
305.659374 0.70
305.723687 0.70
305.779258 0.70
305.840010 0.69
305.899381 0.70
305.959135 0.70
306.020546 0.70
306.090250 0.70
306.154374 0.69
306.218501 0.70
306.282652 0.70
306.347018 0.69
306.416377 0.70
306.475504 0.70
306.545022 0.70
306.614378 0.70
306.668130 0.71
306.732689 0.70
306.792385 0.70
306.858673 0.70
306.923388 0.70
306.988268 0.70
307.042531 0.70
307.103141 0.70
307.157529 0.70
307.228889 0.70
307.288689 0.70
307.348396 0.70
307.413262 0.70
307.472768 0.70
307.532398 0.70
307.593390 0.70
307.654144 0.70
307.708688 0.70
307.768391 0.70
307.833396 0.70
307.898401 0.70
307.963392 0.69
308.029396 0.70
308.094392 0.70
308.158266 0.70
308.213263 0.70
308.277264 0.70
308.341140 0.69
308.396265 0.70
308.460269 0.70
308.515392 0.70
308.565395 0.70
308.619151 0.70
308.678522 0.70
308.748400 0.70
308.815152 0.70
308.874523 0.69
308.939704 0.70
309.001152 0.70
309.055273 0.70
309.120279 0.70
309.181407 0.69
309.242525 0.70
309.307530 0.70
309.367153 0.70
309.421275 0.70
309.481030 0.70
309.535530 0.69
309.595153 0.70
309.649534 0.70
309.709286 0.70
309.774280 0.70
309.840285 0.70
309.905281 0.70
309.971047 0.70
310.025536 0.70
310.085288 0.70
310.150158 0.70
310.204538 0.70
310.264290 0.70
310.329284 0.70
310.379541 0.69
310.439293 0.70
310.504162 0.70
310.554543 0.70
310.614171 0.70
310.675412 0.70
310.751042 0.70
310.805548 0.70
310.865290 0.70
310.919546 0.70
310.979297 0.70
311.049164 0.70
311.103566 0.70
311.163299 0.70
311.233415 0.70
311.298295 0.69
311.363299 0.70
311.433302 0.70
311.498295 0.70
311.563294 0.70
311.638727 0.70
311.698556 0.70
311.758297 0.70
311.828295 0.71
311.882055 0.70
311.941420 0.71
312.000428 0.71
312.075961 0.70
312.146174 0.70
312.205297 0.70
312.274688 0.70
312.330045 0.70
312.389298 0.70
312.450176 0.71
312.520061 0.70
312.574555 0.70
312.634182 0.70
312.698950 0.70
312.753302 0.70
312.817929 0.70
312.876692 0.69
312.936432 0.70
313.001307 0.70
313.071064 0.70
313.127183 0.70
313.192185 0.69
313.262188 0.70
313.327183 0.70
313.392184 0.69
313.452960 0.70
313.507434 0.70
313.567187 0.70
313.632191 0.70
313.697194 0.70
313.767195 0.70
313.827831 0.70
313.888194 0.70
313.958060 0.70
314.016953 0.70
314.081444 0.70
314.136952 0.70
314.196442 0.69
314.256196 0.70
314.326313 0.70
314.391193 0.70
314.456192 0.70
314.526075 0.70
314.582193 0.70
314.647193 0.70
314.717323 0.70
314.792842 0.70
314.868317 0.69
314.933446 0.70
314.989201 0.69
315.055964 0.70
315.115318 0.70
315.185071 0.70
315.243959 0.70
315.299698 0.70
315.355452 0.70
315.419571 0.70
315.481719 0.70
315.546324 0.70
315.606695 0.70
315.681319 0.70
315.756321 0.70
315.826080 0.70
315.887328 0.70
315.948090 0.70
316.007075 0.70
316.068084 0.70
316.121716 0.70
316.185968 0.70
316.241085 0.70
316.305200 0.70
316.369074 0.70
316.427855 0.69
316.486742 0.70
316.556455 0.70
316.610206 0.70
316.665078 0.69
316.718974 0.70
316.773086 0.70
316.832203 0.70
316.907083 0.70
316.966481 0.69
317.025582 0.71
317.090337 0.70
317.155210 0.70
317.224708 0.70
317.288581 0.70
317.357724 0.70
317.426979 0.70
317.480736 0.70
317.544584 0.70
317.613977 0.70
317.672862 0.70
317.726736 0.70
317.795978 0.70
317.860340 0.70
317.929616 0.70
317.993744 0.70
318.063340 0.70
318.132992 0.70
318.194219 0.70
318.258756 0.70
318.319529 0.70
318.379345 0.70
318.439221 0.70
318.499999 0.70
318.561222 0.70
318.616723 0.70
318.670864 0.70
318.730219 0.70
318.799747 0.70
318.872354 0.70
318.933760 0.70
318.988989 0.69
319.043004 0.69
319.103995 0.70
319.168870 0.69
319.222984 0.70
319.282352 0.70
319.347229 0.70
319.406234 0.70
319.476361 0.70
319.541227 0.70
319.605880 0.70
319.670883 0.70
319.729868 0.70
319.789358 0.70
319.855875 0.70
319.920641 0.70
319.979636 0.70
320.038742 0.70
320.102996 0.70
320.167879 0.70
320.232774 0.70
320.291873 0.70
320.350761 0.70
320.415231 0.70
320.479367 0.70
320.545881 0.70
320.601880 0.70
320.660627 0.70
320.719638 0.70
320.788984 0.70
320.855017 0.70
320.919742 0.70
320.974113 0.70
321.034745 0.70
321.089116 0.70
321.153886 0.70
321.214747 0.70
321.269117 0.69
321.329887 0.70
321.390901 0.70
321.455888 0.70
321.517118 0.70
321.572512 0.70
321.636491 0.70
321.692114 0.70
321.751117 0.70
321.809991 0.70
321.866381 0.69
321.913771 0.69
321.968122 0.69
322.027677 0.70
322.081625 0.70
322.142377 0.70
322.197908 0.70
322.262748 0.69
322.317762 0.70
322.371497 0.70
322.435505 0.70
322.504496 0.69
322.568497 0.70
322.632497 0.69
322.696501 0.70
322.755498 0.70
322.819498 0.70
322.883499 0.70
322.947529 0.70
323.006652 0.70
323.065500 0.70
323.129501 0.70
323.193504 0.70
323.252501 0.70
323.316876 0.70
323.375631 0.70
323.439505 0.70
323.500506 0.70
323.565036 0.70
323.624759 0.70
323.686010 0.69
323.741784 0.69
323.804386 0.70
323.864133 0.70
323.923517 0.70
323.983136 0.70
324.039011 0.70
324.098699 0.70
324.155762 0.70
324.211137 0.70
324.271272 0.70
324.331034 0.70
324.386765 0.70
324.453145 0.70
324.523397 0.70
324.582519 0.70
324.637020 0.70
324.692766 0.70
324.767683 0.69
324.832726 0.70
324.902787 0.70
324.964281 0.70
325.023028 0.70
325.081781 0.69
325.140391 0.70
325.209516 0.70
325.273265 0.70
325.347266 0.70
325.421893 0.70
325.480391 0.70
325.539033 0.70
325.608393 0.70
325.667033 0.70
325.720678 0.70
325.774270 0.70
325.848525 0.70
325.907697 0.69
325.961772 0.70
326.015669 0.70
326.080710 0.70
326.139792 0.70
326.209799 0.70
326.274797 0.70
326.344717 0.70
326.409930 0.70
326.469700 0.70
326.523939 0.70
326.583576 0.70
326.648700 0.70
326.709800 0.70
326.774062 0.70
326.838404 0.70
326.897930 0.69
326.957713 0.70
327.018927 0.70
327.074533 0.70
327.133952 0.70
327.195410 0.70
327.256164 0.70
327.317167 0.70
327.376929 0.70
327.436708 0.70
327.499168 0.70
327.558548 0.70
327.608937 0.70
327.668546 0.70
327.718930 0.70
327.783716 0.70
327.853939 0.70
327.913543 0.70
327.967806 0.70
328.024172 0.70
328.093733 0.70
328.163945 0.70
328.223713 0.70
328.293709 0.70
328.363666 0.70
328.422811 0.69
328.487720 0.70
328.552724 0.70
328.622419 0.70
328.681293 0.70
328.740809 0.70
328.799426 0.70
328.853942 0.70
328.913695 0.70
328.978558 0.70
329.039944 0.70
329.099551 0.70
329.158825 0.70
329.218623 0.70
329.279802 0.70
329.349610 0.70
329.416607 0.69
329.483301 0.70
329.547299 0.70
329.606695 0.70
329.676426 0.70
329.735424 0.70
329.789691 0.70
329.844698 0.70
329.903817 0.70
329.963301 0.70
330.027563 0.70
330.092562 0.70
330.156679 0.70
330.220818 0.70
330.281303 0.70
330.335304 0.70
330.401060 0.70
330.452832 0.70
330.509095 0.70
330.569615 0.70
330.641063 0.70
330.701433 0.70
330.756558 0.69
330.818063 0.70
330.871558 0.70
330.936563 0.70
330.998064 0.70
331.057186 0.70
331.121434 0.70
331.175434 0.70
331.234435 0.70
331.293310 0.70
331.357563 0.70
331.427088 0.70
331.496564 0.70
331.571315 0.70
331.635313 0.70
331.694439 0.70
331.753753 0.70
331.813570 0.70
331.879567 0.69
331.949324 0.70
332.003845 0.69
332.063085 0.71
332.127441 0.70
332.181443 0.70
332.235317 0.70
332.299320 0.70
332.358446 0.70
332.412319 0.70
332.476318 0.70
332.535455 0.69
332.594444 0.70
332.654202 0.70
332.708574 0.70
332.777573 0.70
332.832725 0.70
332.902323 0.70
332.961474 0.70
333.034755 0.70
333.104201 0.70
333.163763 0.70
333.223454 0.70
333.288329 0.70
333.338754 0.70
333.398481 0.70
333.457580 0.70
333.527755 0.70
333.587473 0.70
333.657206 0.70
333.726217 0.70
333.785581 0.70
333.855211 0.70
333.909765 0.70
333.970469 0.70
334.024772 0.70
334.084653 0.70
334.149472 0.70
334.222209 0.70
334.287087 0.70
334.353084 0.70
334.441096 0.70
334.505209 0.70
334.564473 0.70
334.625488 0.70
334.686087 0.69
334.745636 0.69
334.805217 0.69
334.864659 0.70
334.924344 0.70
334.989344 0.70
335.054100 0.70
335.108637 0.70
335.168346 0.70
335.229727 0.70
335.289345 0.70
335.354220 0.70
335.408343 0.70
335.462342 0.70
335.523624 0.69
335.588224 0.70
335.647646 0.70
335.712635 0.70
335.777353 0.70
335.842354 0.70
335.901637 0.70
335.961987 0.70
336.045222 0.69
336.100348 0.70
336.150347 0.70
336.205351 0.70
336.260360 0.70
336.325354 0.70
336.390353 0.70
336.456110 0.70
336.510644 0.70
336.572105 0.70
336.636734 0.70
336.703362 0.70
336.770000 0.70
336.829229 0.70
336.893658 0.70
336.953356 0.70
337.007658 0.70
337.069114 0.70
337.128645 0.70
337.198230 0.70
337.257229 0.70
337.316229 0.70
337.388355 0.70
337.458232 0.70
337.523012 0.70
337.577503 0.70
337.642235 0.70
337.696001 0.70
337.760359 0.70
337.825751 0.70
337.894876 0.70
337.955751 0.70
338.013247 0.70
338.074660 0.70
338.141007 0.70
338.205499 0.69
338.265249 0.71
338.326241 0.70
338.380498 0.70
338.440252 0.70
338.509993 0.70
338.565501 0.70
338.625245 0.69
338.689495 0.70
338.753366 0.70
338.827741 0.70
338.884246 0.70
338.938009 0.70
338.996995 0.70
339.066379 0.70
339.137765 0.70
339.197374 0.70
339.268762 0.70
339.333378 0.69
339.403135 0.70
339.460252 0.70
339.530507 0.70
339.595383 0.70
339.670905 0.71
339.742384 0.70
339.812252 0.70
339.866515 0.70
339.936261 0.70
340.006388 0.70
340.076380 0.70
340.151017 0.70
340.215252 0.70
340.279016 0.70
340.333510 0.70
340.397756 0.70
340.463264 0.70
340.528138 0.70
340.594257 0.70
340.648386 0.70
340.708024 0.70
340.767025 0.70
340.831021 0.70
340.899774 0.70
340.974131 0.70
341.037774 0.70
341.106632 0.70
341.162023 0.70
341.225633 0.70
341.299900 0.70
341.363776 0.70
341.427776 0.70
341.491635 0.71
341.560636 0.70
341.616146 0.70
341.674637 0.70
341.738909 0.70
341.798016 0.70
341.852140 0.70
341.908145 0.69
341.968681 0.70
342.024146 0.70
342.083396 0.71
342.148401 0.70
342.207897 0.70
342.267399 0.70
342.327153 0.70
342.392147 0.70
342.457151 0.70
342.527279 0.70
342.597407 0.70
342.652665 0.70
342.722799 0.70
342.787034 0.70
342.852027 0.70
342.911800 0.70
342.970777 0.70
343.040286 0.70
343.110530 0.70
343.172523 0.69
343.232647 0.70
343.306790 0.70
343.370789 0.69
343.440277 0.70
343.501044 0.70
343.559916 0.69
343.613653 0.70
343.683157 0.70
343.749810 0.70
343.804157 0.70
343.870806 0.70
343.925289 0.70
343.989803 0.70
344.053656 0.70
344.114563 0.69
344.169533 0.69
344.234286 0.70
344.290038 0.70
344.350675 0.70
344.421041 0.70
344.491167 0.70
344.562959 0.69
344.613291 0.70
344.668542 0.70
344.729049 0.70
344.794042 0.70
344.859044 0.69
344.923416 0.70
344.977164 0.70
345.042046 0.70
345.100735 0.70
345.171044 0.70
345.236044 0.70
345.300820 0.69
345.355295 0.70
345.415046 0.69
345.484672 0.70
345.543051 0.70
345.607420 0.70
345.673945 0.70
345.738955 0.70
345.803709 0.70
345.868722 0.70
345.944303 0.69
346.003924 0.70
346.068066 0.70
346.129175 0.69
346.200421 0.70
346.263062 0.70
346.323549 0.70
346.393307 0.70
346.452945 0.70
346.516552 0.69
346.585941 0.70
346.646433 0.70
346.719305 0.70
346.774820 0.70
346.829930 0.70
346.879930 0.70
346.943425 0.70
347.003825 0.70
347.062697 0.70
347.121586 0.70
347.181186 0.70
347.245961 0.70
347.310826 0.70
347.370313 0.70
347.417809 0.70
347.468438 0.70
347.531940 0.70
347.595433 0.70
347.658937 0.70
347.722440 0.70
347.786186 0.70
347.839438 0.70
347.903066 0.70
347.966935 0.70
348.030736 0.70
348.095694 0.70
348.151443 0.70
348.214936 0.70
348.278437 0.70
348.352317 0.70
348.420939 0.70
348.484440 0.70
348.548070 0.70
348.606449 0.70
348.669962 0.70
348.723441 0.70
348.786964 0.71
348.842066 0.70
348.900442 0.70
348.963949 0.70
349.019572 0.70
349.088447 0.70
349.151952 0.70
349.206945 0.70
349.261950 0.70
349.325578 0.70
349.389574 0.70
349.444078 0.70
349.499583 0.70
349.572199 0.70
349.642204 0.70
349.703593 0.70
349.753719 0.69
349.813081 0.70
349.872720 0.70
349.918719 0.70
349.977866 0.70
350.042849 0.70
350.103975 0.70
350.179585 0.70
350.234081 0.70
350.293724 0.69
350.352870 0.69
350.428591 0.70
350.482977 0.70
350.548590 0.70
350.602976 0.70
350.672979 0.70
350.736851 0.69
350.803996 0.70
350.873466 0.70
350.943213 0.70
351.013210 0.70
351.073851 0.70
351.124091 0.70
351.183871 0.70
351.248855 0.70
351.313716 0.70
351.378652 0.70
351.440876 0.70
351.505857 0.70
351.570646 0.70
351.626338 0.70
351.692387 0.70
351.747876 0.70
351.812591 0.70
351.873400 0.70
351.927998 0.70
351.987759 0.70
352.053338 0.70
352.122470 0.70
352.186467 0.70
352.250470 0.70
352.314472 0.70
352.373341 0.70
352.437986 0.70
352.484099 0.70
352.543345 0.70
352.613102 0.70
352.674491 0.70
352.728993 0.70
352.793501 0.70
352.847993 0.70
352.907641 0.70
352.961734 0.70
353.026745 0.70
353.102104 0.69
353.163486 0.70
353.217999 0.70
353.277748 0.70
353.347488 0.70
353.402000 0.70
353.461733 0.70
353.531739 0.70
353.601769 0.70
353.666650 0.70
353.736736 0.70
353.812114 0.70
353.883750 0.70
353.948735 0.70
354.024111 0.70
354.085014 0.69
354.144736 0.70
354.209739 0.69
354.284743 0.69
354.354882 0.70
354.419881 0.70
354.484742 0.70
354.554889 0.70
354.614489 0.70
354.668743 0.70
354.733739 0.70
354.798655 0.70
354.859745 0.69
354.924655 0.70
354.985885 0.70
355.046371 0.70
355.100886 0.70
355.156660 0.70
355.217751 0.70
355.278370 0.70
355.332891 0.70
355.386886 0.70
355.447372 0.70
355.501898 0.70
355.561671 0.70
355.622896 0.70
355.682687 0.70
355.747663 0.70
355.810128 0.70
355.870030 0.70
355.936660 0.70
356.002376 0.70
356.052672 0.70
356.117672 0.70
356.187678 0.70
356.263006 0.70
356.318373 0.69
356.377899 0.70
356.437513 0.70
356.483502 0.69
356.542759 0.70
356.607669 0.70
356.683253 0.70
356.747757 0.70
356.812702 0.70
356.871767 0.70
356.941686 0.70
357.006692 0.70
357.071509 0.70
357.135628 0.70
357.194763 0.70
357.260769 0.70
357.325382 0.70
357.384887 0.70
357.446381 0.70
357.500899 0.70
357.554755 0.70
357.615380 0.70
357.679757 0.70
357.746260 0.70
357.805383 0.70
357.864633 0.70
357.919649 0.69
357.980634 0.70
358.041388 0.70
358.100761 0.70
358.161016 0.70
358.214760 0.70
358.268260 0.71
358.332515 0.70
358.396637 0.70
358.460636 0.70
358.521764 0.69
358.580926 0.70
358.647393 0.69
358.697520 0.70
358.767403 0.70
358.817790 0.70
358.877400 0.70
358.931520 0.70
358.990642 0.70
359.060391 0.70
359.114267 0.70
359.178520 0.70
359.244025 0.70
359.297643 0.70
359.361643 0.70
359.425521 0.70
359.484269 0.70
359.548269 0.70
359.612525 0.70
359.687274 0.70
359.751271 0.70
359.820678 0.70
359.890284 0.70
359.944799 0.70
360.014400 0.70
360.073399 0.70
360.127273 0.70
360.186274 0.70
360.250274 0.70
360.314275 0.70
360.378275 0.71
360.447276 0.70
360.511276 0.70
360.575277 0.70
360.639152 0.70
360.703153 0.70
360.767153 0.70
360.831278 0.70
360.898682 0.70
360.952404 0.70
361.013280 0.70
361.072155 0.70
361.131281 0.70
361.190048 0.69
361.246284 0.70
361.301411 0.70
361.351285 0.70
361.405284 0.70
361.455286 0.70
361.510298 0.70
361.570924 0.70
361.635818 0.70
361.702414 0.70
361.763054 0.70
361.828411 0.70
361.882541 0.70
361.943062 0.70
362.012541 0.70
362.078164 0.70
362.138413 0.70
362.192727 0.70
362.252419 0.70
362.322292 0.70
362.381552 0.70
362.441295 0.70
362.500555 0.70
362.565063 0.70
362.639419 0.69
362.698559 0.70
362.757937 0.70
362.827724 0.70
362.889174 0.70
362.950425 0.70
363.011309 0.70
363.072721 0.70
363.134060 0.70
363.193556 0.70
363.249427 0.70
363.310551 0.70
363.366308 0.70
363.426940 0.70
363.491427 0.70
363.555438 0.70
363.620302 0.69
363.681302 0.70
363.735067 0.70
363.795312 0.70
363.849067 0.70
363.918071 0.70
363.987187 0.69
364.037305 0.70
364.091056 0.70
364.154945 0.69
364.215312 0.70
364.265304 0.70
364.319565 0.70
364.379310 0.70
364.438434 0.70
364.497432 0.70
364.557433 0.70
364.621572 0.69
364.676951 0.70
364.751060 0.70
364.815076 0.70
364.874436 0.70
364.934437 0.70
364.999826 0.70
365.074742 0.70
365.144075 0.70
365.198569 0.70
365.263322 0.70
365.333315 0.70
365.387585 0.70
365.447193 0.70
365.513444 0.70
365.572601 0.70
365.642190 0.70
365.701452 0.70
365.765439 0.70
365.825957 0.70
365.889959 0.69
365.948943 0.70
366.013083 0.70
366.077084 0.69
366.146318 0.70
366.206958 0.70
366.270962 0.70
366.335074 0.70
366.398837 0.70
366.452446 0.70
366.505964 0.70
366.569965 0.70
366.634090 0.71
366.689198 0.70
366.753327 0.70
366.817197 0.70
366.870966 0.70
366.934964 0.69
366.998969 0.70
367.062975 0.70
367.122453 0.70
367.182983 0.70
367.236970 0.70
367.300973 0.70
367.361203 0.70
367.425453 0.70
367.478968 0.70
367.533334 0.69
367.593709 0.70
367.676737 0.70
367.737206 0.70
367.795969 0.70
367.860468 0.70
367.933484 0.70
367.998102 0.70
368.057472 0.70
368.135480 0.70
368.195088 0.70
368.259871 0.70
368.318976 0.70
368.379717 0.70
368.449624 0.70
368.521107 0.70
368.580344 0.70
368.650340 0.70
368.710092 0.70
368.774469 0.69
368.838744 0.70
368.904743 0.70
368.988216 0.70
369.057982 0.70
369.117340 0.70
369.170983 0.70
369.230350 0.70
369.290096 0.70
369.343863 0.70
369.402863 0.70
369.461721 0.70
369.515218 0.70
369.575628 0.70
369.640105 0.69
369.705100 0.70
369.755103 0.70
369.808989 0.70
369.868355 0.71
369.928101 0.70
369.982353 0.70
370.036350 0.70
370.092106 0.70
370.162352 0.69
370.235664 0.70
370.294758 0.70
370.353755 0.70
370.418353 0.70
370.487871 0.70
370.546994 0.70
370.605875 0.70
370.670228 0.70
370.735111 0.70
370.810495 0.70
370.875356 0.70
370.940114 0.70
371.005002 0.70
371.059235 0.70
371.118244 0.70
371.183113 0.70
371.253118 0.70
371.317496 0.70
371.384115 0.69
371.449021 0.70
371.510112 0.70
371.570749 0.70
371.629748 0.70
371.694236 0.70
371.753110 0.70
371.817762 0.70
371.882244 0.70
371.943114 0.70
372.021238 0.70
372.085363 0.70
372.144647 0.70
372.205010 0.70
372.269241 0.70
372.330011 0.70
372.383492 0.70
372.449509 0.70
372.508884 0.69
372.564368 0.70
372.617991 0.70
372.671492 0.70
372.735756 0.70
372.794761 0.70
372.853653 0.70
372.912649 0.70
372.968012 0.70
373.027120 0.70
373.101496 0.70
373.165812 0.70
373.219496 0.70
373.284255 0.70
373.354375 0.70
373.418501 0.71
373.482771 0.70
373.541764 0.70
373.606141 0.70
373.680767 0.70
373.744765 0.70
373.8