0.000000 0.000000
0.041788 4.02
0.093532 2.66
0.158655 2.66
0.228645 2.66
0.293002 2.66
0.362278 2.66
0.436281 2.66
0.506878 2.66
0.552769 2.34
0.611281 2.66
0.680281 2.66
0.757444 2.66
0.822672 2.66
0.877158 2.34
0.949433 4.34
1.009137 4.02
1.073774 4.34
1.127286 4.34
1.191383 4.02
1.265383 4.34
1.339384 4.34
1.414663 4.34
1.469143 4.34
1.528780 4.34
1.582405 4.34
1.646400 4.34
1.710289 4.34
1.779415 4.34
1.843291 4.34
1.907404 4.34
1.981403 4.34
2.045406 4.34
2.109406 4.34
2.178404 4.34
2.252294 4.02
2.326295 4.34
2.400892 4.34
2.466296 4.34
2.540297 4.34
2.614296 4.34
2.688409 4.34
2.752410 4.34
2.816411 4.34
2.890296 4.34
2.959147 4.34
3.019425 4.34
3.083300 4.34
3.147414 4.34
3.211300 4.34
3.275149 4.34
3.335664 4.34
3.394301 4.34
3.463429 4.34
3.527151 4.34
3.587544 4.34
3.651278 4.34
3.720279 4.34
3.789280 4.34
3.858279 4.34
3.918671 4.34
3.977155 4.34
4.046555 4.34
4.110283 4.34
4.174547 4.34
4.238546 4.34
4.302284 4.34
4.366158 4.34
4.435159 4.34
4.504160 4.34
4.573551 4.34
4.632287 4.34
4.696161 4.34
4.765161 4.34
4.834428 4.34
4.898436 4.34
4.962315 4.34
5.026430 4.34
5.090165 4.34
5.159165 4.34
5.228165 4.34
5.297166 4.34
5.366432 4.34
5.430167 4.34
5.499433 4.34
5.563167 4.34
5.632168 4.34
5.701169 4.34
5.775811 4.34
5.825796 4.34
5.889811 4.34
5.935796 4.34
5.999811 4.34
6.063922 4.34
6.117813 4.34
6.181923 4.34
6.240924 4.34
6.299924 4.34
6.358925 4.34
6.412815 4.34
6.476925 4.34
6.535926 4.34
6.594926 4.34
6.653927 4.34
6.712927 4.34
6.771928 4.34
6.825803 4.34
6.889817 4.34
6.953820 4.34
7.017929 4.34
7.076821 4.34
7.140822 4.34
7.204820 4.34
7.268821 4.34
7.332823 4.34
7.396824 4.34
7.455808 4.34
7.519824 4.34
7.583825 4.34
7.647810 4.34
7.711698 4.34
7.790827 4.34
7.849450 4.34
7.913186 4.34
7.977062 4.34
8.046063 4.34
8.118064 4.34
8.187064 4.34
8.259065 4.34
8.328065 4.34
8.402093 4.34
8.465833 4.34
8.534831 4.34
8.598708 4.34
8.667709 4.34
8.745069 4.34
8.818944 4.34
8.866202 4.34
8.916820 4.34
8.975321 4.34
9.039071 4.34
9.112946 4.34
9.160203 4.34
9.214713 4.34
9.278714 4.34
9.342714 4.34
9.406713 4.34
9.475713 4.34
9.539716 4.34
9.603714 4.34
9.676077 4.34
9.740076 4.34
9.817845 4.34
9.876717 4.34
9.954078 4.34
10.018079 4.34
10.082079 4.34
10.146209 4.34
10.218721 4.34
10.282720 4.34
10.341722 4.34
10.405724 4.34
10.469723 4.34
10.533723 4.34
10.602358 4.34
10.661084 4.34
10.725084 4.34
10.789085 4.34
10.858085 4.34
10.922086 4.34
10.981087 4.34
11.040087 4.34
11.099214 4.34
11.158088 4.34
11.222089 4.34
11.286089 4.34
11.355089 4.34
11.419090 4.34
11.484366 4.34
11.542841 4.34
11.590218 4.34
11.653842 4.34
11.701093 4.34
11.759967 4.34
11.833843 4.34
11.888843 4.34
11.943843 4.34
11.998843 4.34
12.046094 4.34
12.096720 4.34
12.160221 4.34
12.228846 4.34
12.287222 4.34
12.355847 4.34
12.414223 4.34
12.482847 4.34
12.538724 4.34
12.602225 4.34
12.670849 4.34
12.729225 4.34
12.797850 4.34
12.853726 4.34
12.917227 4.34
12.985852 4.34
13.044229 4.68
13.112852 4.34
13.181603 4.68
13.250229 4.34
13.318855 4.34
13.377231 4.34
13.445855 4.34
13.504232 4.34
13.572856 4.34
13.632983 4.34
13.686233 4.34
13.754858 4.34
13.814859 4.34
13.873235 4.34
13.941859 4.34
14.001861 4.34
14.061862 4.34
14.121863 4.34
14.181863 4.34
14.241863 4.34
14.295112 4.34
14.360239 4.34
14.423738 4.34
14.478738 4.34
14.529864 4.34
14.584364 4.34
14.642740 4.34
14.697741 4.34
14.748866 4.34
14.804617 4.34
14.868117 4.34
14.936742 4.34
14.983992 4.34
15.034618 4.34
15.098119 4.34
15.166745 4.34
15.225120 4.34
15.293745 4.34
15.352121 4.34
15.420746 4.34
15.479122 4.34
15.547747 4.34
15.606123 4.34
15.674748 4.34
15.733124 4.34
15.801749 4.34
15.860124 4.34
15.928751 4.34
15.997502 4.34
16.066127 4.34
16.134752 4.34
16.193127 4.34
16.261880 4.34
16.330755 4.34
16.399756 4.34
16.473755 4.34
16.547756 4.34
16.621757 4.34
16.690758 4.34
16.754758 4.34
16.823758 4.34
16.883759 4.34
16.943760 4.34
17.002277 4.34
17.061010 4.34
17.129635 4.34
17.194762 4.34
17.254763 4.34
17.308011 4.34
17.376637 4.34
17.431638 4.34
17.486638 4.34
17.533888 4.34
17.592265 4.34
17.650640 4.34
17.705639 4.34
17.760640 4.34
17.807891 4.34
17.857267 4.34
17.915642 4.34
17.962892 4.34
18.013518 4.34
18.077017 4.34
18.145644 4.34
18.204019 4.34
18.272645 4.34
18.331019 4.34
18.399645 4.34
18.458020 4.34
18.526646 4.34
18.585021 4.34
18.648648 4.34
18.707022 4.34
18.775648 4.34
18.834023 4.34
18.902650 4.34
18.961024 4.34
19.029651 4.34
19.088026 4.34
19.156651 4.34
19.215027 4.34
19.278652 4.34
19.337028 4.34
19.405653 4.34
19.465654 4.34
19.524030 4.34
19.592655 4.34
19.652656 4.34
19.712657 4.34
19.772657 4.34
19.832658 4.34
19.891158 4.34
19.954658 4.34
20.018159 4.34
20.076534 4.34
20.131534 4.34
20.186535 4.34
20.237661 4.34
20.301161 4.34
20.359536 4.34
20.414537 4.34
20.469537 4.34
20.516787 4.34
20.575163 4.34
20.633538 4.34
20.691913 4.34
20.760539 4.34
20.818914 4.34
20.887541 4.34
20.945915 4.34
21.014542 4.34
21.072916 4.34
21.141542 4.34
21.199918 4.34
21.268545 4.34
21.326919 4.34
21.395544 4.34
21.453920 4.34
21.522545 4.34
21.580921 4.34
21.649546 4.34
21.707922 4.34
21.776548 4.34
21.834923 4.34
21.903549 4.34
21.961924 4.34
22.030552 4.34
22.088926 4.34
22.157552 4.34
22.217552 4.34
22.277553 4.34
22.337553 4.34
22.397554 4.34
22.457554 4.34
22.517555 4.34
22.577555 4.34
22.637555 4.34
22.697556 4.34
22.761055 4.34
22.824556 4.34
22.888056 4.34
22.951557 4.34
23.011560 4.34
23.064808 4.34
23.133434 4.34
23.188433 4.34
23.239559 4.34
23.303060 4.34
23.361435 4.34
23.419811 4.34
23.488436 4.34
23.535687 4.34
23.586312 4.34
23.649812 4.34
23.718453 4.34
23.782065 4.34
23.835581 4.34
23.891316 4.34
23.956567 4.34
24.015067 4.34
24.083466 4.34
24.153943 4.34
24.208707 4.34
24.273943 4.34
24.346069 4.34
24.407944 4.34
24.466585 4.34
24.536946 4.34
24.600587 4.34
24.669473 4.34
24.733475 4.34
24.807348 4.34
24.872948 4.34
24.931350 4.34
24.996716 4.34
25.069476 4.34
25.128474 4.34
25.202476 4.34
25.271478 4.34
25.330354 4.34
25.396078 4.34
25.465079 4.34
25.533717 4.34
25.592480 4.34
25.651479 4.34
25.716354 4.34
25.790479 4.34
25.855483 4.34
25.929484 4.34
25.994359 4.34
26.068484 4.34
26.133484 4.34
26.189360 4.34
26.263360 4.34
26.337361 4.34
26.411726 4.34
26.475727 4.34
26.534363 4.34
26.608488 4.34
26.682489 4.34
26.751362 4.34
26.820728 4.34
26.884730 4.34
26.948730 4.34
27.018091 4.34
27.092366 4.34
27.161730 4.34
27.227496 4.34
27.291733 4.34
27.357496 4.34
27.421732 4.34
27.485345 4.34
27.545472 4.34
27.598721 4.34
27.667346 4.34
27.727474 4.34
27.790972 4.34
27.849349 4.34
27.909350 4.34
27.969350 4.34
28.029350 4.34
28.089350 4.34
28.149350 4.34
28.209351 4.34
28.269351 4.34
28.322601 4.34
28.387726 4.34
28.451228 4.34
28.506229 4.34
28.557353 4.34
28.611854 4.34
28.670229 4.34
28.725230 4.34
28.780230 4.34
28.827481 4.34
28.878105 4.34
28.941606 4.34
29.010232 4.34
29.057482 4.34
29.108107 4.34
29.171608 4.34
29.240234 4.34
29.298609 4.34
29.367236 4.34
29.425610 4.34
29.494237 4.34
29.563238 4.34
29.637238 4.34
29.706238 4.34
29.775239 4.34
29.844240 4.34
29.918240 4.34
29.987241 4.34
30.061268 4.34
30.135390 4.34
30.209269 4.34
30.283270 4.34
30.347367 4.34
30.416272 4.34
30.485270 4.34
30.559270 4.34
30.628369 4.34
30.697274 4.34
30.771272 4.34
30.845273 4.34
30.914522 4.34
30.973264 4.34
31.042267 4.34
31.106124 4.34
31.159515 4.34
31.223375 4.34
31.293000 4.34
31.357000 4.34
31.421001 4.34
31.479643 4.34
31.538254 4.34
31.607269 4.34
31.671128 4.34
31.731520 4.34
31.790129 4.34
31.855879 4.34
31.914646 4.34
31.973648 4.34
32.032131 4.34
32.098006 4.34
32.161882 4.34
32.225758 4.34
32.284260 4.34
32.348134 4.34
32.417134 4.34
32.486400 4.34
32.550135 4.34
32.619136 4.34
32.688136 4.34
32.757403 4.34
32.821137 4.34
32.890403 4.34
32.954405 4.34
33.018139 4.34
33.092266 4.34
33.156266 4.34
33.225414 4.34
33.289268 4.34
33.358269 4.34
33.429271 4.34
33.493143 4.34
33.564147 4.34
33.623019 4.34
33.685172 4.34
33.754271 4.34
33.823272 4.34
33.892272 4.34
33.951147 4.34
34.015147 4.34
34.074148 4.34
34.133148 4.34
34.192291 4.34
34.251149 4.34
34.315149 4.34
34.379150 4.34
34.443151 4.34
34.502293 4.34
34.561151 4.34
34.625152 4.34
34.689278 4.34
34.748153 4.34
34.812154 4.34
34.881154 4.34
34.945154 4.34
35.009155 4.34
35.073155 4.34
35.137282 4.34
35.196156 4.34
35.260157 4.34
35.324157 4.34
35.388158 4.34
35.452285 4.34
35.511159 4.34
35.575160 4.34
35.639159 4.34
35.703160 4.34
35.767287 4.34
35.826161 4.34
35.890162 4.34
35.954163 4.34
36.024163 4.34
36.088164 4.34
36.152317 4.34
36.211165 4.34
36.275165 4.34
36.334307 4.34
36.389167 4.34
36.453293 4.34
36.512167 4.34
36.576168 4.34
36.640168 4.34
36.704169 4.34
36.768295 4.34
36.826920 4.34
36.874170 4.34
36.924795 4.34
36.983296 4.34
37.041922 4.34
37.089172 4.34
37.139798 4.34
37.198299 4.34
37.256923 4.34
37.317299 4.34
37.375924 4.34
37.436300 4.34
37.494925 4.34
37.551176 4.34
37.614926 4.34
37.671303 4.34
37.729927 4.34
37.789803 4.34
37.848304 4.34
37.906929 4.34
37.966804 4.34
38.030695 4.34
38.099706 4.34
38.168931 4.34
38.227695 4.34
38.291697 4.34
38.355698 4.34
38.419696 4.34
38.483698 4.34
38.552699 4.34
38.621698 4.34
38.685700 4.34
38.749311 4.34
38.813061 4.34
38.882061 4.34
38.952462 4.34
39.011062 4.34
39.080063 4.34
39.149064 4.34
39.216063 4.34
39.285064 4.34
39.354065 4.34
39.422940 4.34
39.482708 4.34
39.554817 4.34
39.609942 4.34
39.664466 4.34
39.731707 4.34
39.795468 4.34
39.853819 4.34
39.901069 4.34
39.969820 4.34
40.017070 4.34
40.067711 4.34
40.131204 4.34
40.199822 4.34
40.247201 4.34
40.310948 4.34
40.384823 4.34
40.450204 4.34
40.513824 4.34
40.587825 4.34
40.646477 4.34
40.715205 4.34
40.774076 4.34
40.837728 4.34
40.891479 4.34
40.945078 4.34
41.009078 4.34
41.078079 4.34
41.146830 4.34
41.219214 4.34
41.278080 4.34
41.346831 4.34
41.405482 4.34
41.472845 4.34
41.541832 4.34
41.600485 4.34
41.654083 4.34
41.719985 4.34
41.788960 4.34
41.862836 4.34
41.936961 4.34
42.005961 4.34
42.069962 4.34
42.124844 4.34
42.183727 4.34
42.239088 4.34
42.302839 4.34
42.362730 4.34
42.419846 4.34
42.469481 4.34
42.539847 4.34
42.603717 4.34
42.655092 4.34
42.718842 4.34
42.773485 4.34
42.832093 4.34
42.895843 4.34
42.951734 4.34
42.998969 4.34
43.049594 4.34
43.113095 4.34
43.181720 4.34
43.240095 4.34
43.308721 4.34
43.367096 4.34
43.435722 4.34
43.494098 4.34
43.562723 4.34
43.621099 4.34
43.689724 4.34
43.748100 4.34
43.816725 4.34
43.875100 4.34
43.943726 4.34
44.012477 4.34
44.081102 4.34
44.149728 4.34
44.208103 4.34
44.276728 4.34
44.335104 4.34
44.403730 4.34
44.462105 4.34
44.530731 4.34
44.590858 4.34
44.645859 4.34
44.700858 4.34
44.754107 4.34
44.822733 4.34
44.882735 4.34
44.942735 4.34
45.002735 4.34
45.062738 4.34
45.122737 4.34
45.182737 4.34
45.242739 4.34
45.302739 4.34
45.362739 4.34
45.415988 4.34
45.484613 4.34
45.539614 4.34
45.594615 4.34
45.641865 4.34
45.691241 4.34
45.749616 4.34
45.796866 4.34
45.847492 4.34
45.905992 4.34
45.974618 4.34
46.032992 4.34
46.096619 4.34
46.143869 4.34
46.203495 4.34
46.266994 4.34
46.335621 4.34
46.393996 4.34
46.462621 4.34
46.520997 4.34
46.589622 4.34
46.647998 4.34
46.716623 4.34
46.774999 4.34
46.838625 4.34
46.897000 4.34
46.965626 4.34
47.025752 4.34
47.079002 4.34
47.147627 4.34
47.206002 4.34
47.274628 4.34
47.333003 4.34
47.401629 4.34
47.460004 4.34
47.528631 4.34
47.588631 4.34
47.652257 4.34
47.703633 4.34
47.763633 4.34
47.827259 4.34
47.878634 4.34
47.938635 4.34
48.002261 6.01
48.070884 6.36
48.136009 6.36
48.199510 6.36
48.254511 6.36
48.310308 6.36
48.374891 6.36
48.439139 6.36
48.499407 6.68
48.554658 6.68
48.619559 6.68
48.685306 6.68
48.749785 6.68
48.809766 6.68
48.868917 7.02
48.930433 7.02
48.989896 7.02
49.050144 7.02
49.119659 7.02
49.184025 7.02
49.248435 7.02
49.312663 7.37
49.376771 7.37
49.435772 7.37
49.495446 7.37
49.556312 7.37
49.622150 7.37
49.691791 7.69
49.761155 7.69
49.830792 7.69
49.905151 7.69
49.964151 7.69
50.028152 7.69
50.093454 7.69
50.154799 8.03
50.224155 8.03
50.283154 8.03
50.353529 8.03
50.413530 8.03
50.473531 8.03
50.533531 8.35
50.593532 8.35
50.653532 8.35
50.717031 8.35
50.780532 8.35
50.840534 8.35
50.893783 8.35
50.958908 8.70
51.027534 8.70
51.082034 8.70
51.140410 8.70
51.195410 8.70
51.242660 8.70
51.301036 8.70
51.359411 8.70
51.406662 9.04
51.457288 9.04
51.521168 9.04
51.586682 9.04
51.641790 9.04
51.696790 9.04
51.751809 9.04
51.808585 9.04
51.867809 9.36
51.922918 9.36
51.976809 9.36
52.031685 9.36
52.095798 9.36
52.159921 9.36
52.224170 9.71
52.289919 9.71
52.350575 9.71
52.409442 9.71
52.478798 9.71
52.537813 9.71
52.603576 9.71
52.667812 10.03
52.727309 10.03
52.786707 10.03
52.841180 10.03
52.902587 10.03
52.963724 10.03
53.023185 10.03
53.093315 10.03
53.159720 10.03
53.215587 10.03
53.275219 10.03
53.340186 10.03
53.399699 10.03
53.458445 10.03
53.518219 10.03
53.584479 10.03
53.645187 10.03
53.704446 10.03
53.778572 10.03
53.842337 10.03
53.911333 10.03
53.985309 10.03
54.032606 10.03
54.091594 10.03
54.165312 10.03
54.212685 10.03
54.281311 10.03
54.328577 10.03
54.392451 10.03
54.457312 10.03
54.513703 10.03
54.577442 10.03
54.646439 10.03
54.711313 10.03
54.785455 10.03
54.841316 10.03
54.910583 10.03
54.979446 10.03
55.048320 10.03
55.122467 10.03
55.192068 10.03
55.250711 10.03
55.319346 9.71
55.389822 10.03
55.453325 10.03
55.527320 9.71
55.601349 10.03
55.671947 10.03
55.732072 9.71
55.802453 10.03
55.866327 10.03
55.940348 10.03
56.009477 10.03
56.078477 10.03
56.147203 10.03
56.196826 10.03
56.250207 10.03
56.314206 10.03
56.372954 10.03
56.431719 10.03
56.490208 10.03
56.548361 10.03
56.601705 10.03
56.665358 10.03
56.729208 10.37
56.789580 10.03
56.853356 10.03
56.922498 10.03
56.977708 10.03
57.036342 10.03
57.100631 10.03
57.150588 10.03
57.214712 10.03
57.279092 10.03
57.330284 10.03
57.391093 10.03
57.455368 10.03
57.514368 10.03
57.584245 9.71
57.658374 9.04
57.722463 8.35
57.773088 8.35
57.826715 7.69
57.885340 7.37
57.949255 7.37
58.020395 7.02
58.089217 7.02
58.153355 7.02
58.227244 7.02
58.301247 7.02
58.375498 7.02
58.439373 7.02
58.513255 7.02
58.582248 7.02
58.656222 7.02
58.716347 7.02
58.785254 7.02
58.854255 7.02
58.923375 7.02
58.992225 7.02
59.056255 7.02
59.125378 7.02
59.194351 7.02
59.258255 7.02
59.322101 7.02
59.382369 7.02
59.446368 7.02
59.505258 7.02
59.565619 7.02
59.629854 7.02
59.688619 7.02
59.752258 7.02
59.816105 7.02
59.876622 7.02
59.935262 7.02
60.004624 7.02
60.063107 7.02
60.137386 7.02
60.206264 7.02
60.261983 7.02
60.325484 7.02
60.394109 7.02
60.452485 7.02
60.521110 7.02
60.579486 7.02
60.648111 7.02
60.706487 7.02
60.775112 7.02
60.833487 7.02
60.902113 7.02
60.960489 7.02
61.029114 7.02
61.089246 7.02
61.144242 7.02
61.197491 7.02
61.266116 7.02
61.326242 7.02
61.379492 7.02
61.438369 7.02
61.503618 7.02
61.567118 7.02
61.627120 7.02
61.687121 7.02
61.750745 7.02
61.800760 7.02
61.856378 7.02
61.920122 7.02
61.989373 7.02
62.058123 7.02
62.117124 7.02
62.181323 7.02
62.241375 7.02
62.310002 7.02
62.365003 7.02
62.423379 6.68
62.492005 6.68
62.539257 6.68
62.599127 6.68
62.663128 7.02
62.732129 6.68
62.796128 7.02
62.855129 6.68
62.919130 6.68
62.988882 7.02
63.047881 7.02
63.101382 6.68
63.160132 7.02
63.219132 7.02
63.278133 6.68
63.337134 6.68
63.396008 6.68
63.454384 6.68
63.523134 6.68
63.592135 6.68
63.656304 7.02
63.715764 6.68
63.774779 6.68
63.838888 6.68
63.897780 6.68
63.961889 6.68
64.020893 7.02
64.074410 6.68
64.133140 7.02
64.202141 7.02
64.266141 7.02
64.330141 7.02
64.391230 7.02
64.450899 6.68
64.516771 6.68
64.580645 6.68
64.635660 6.68
64.690770 7.02
64.754910 7.02
64.806779 7.02
64.875895 7.02
64.927146 6.68
64.980661 6.68
65.031647 7.02
65.081648 7.02
65.142032 7.02
65.201028 7.02
65.265025 7.02
65.320775 6.68
65.379650 6.68
65.438306 6.68
65.492291 7.02
65.542151 7.02
65.592776 7.02
65.656307 6.68
65.715028 6.68
65.770777 6.68
65.824279 6.68
65.892904 6.68
65.951672 6.68
66.015655 6.68
66.084281 6.68
66.143031 6.68
66.212031 6.68
66.280673 7.02
66.344672 7.02
66.413674 7.02
66.482673 6.68
66.546672 7.02
66.616788 6.68
66.675550 6.36
66.729036 6.36
66.792911 6.36
66.857037 6.36
66.926037 6.36
66.997042 6.36
67.052044 6.36
67.107044 6.36
67.162044 6.36
67.217045 6.36
67.271919 6.36
67.331920 6.36
67.390292 6.36
67.458916 6.36
67.518917 6.36
67.578941 6.36
67.629793 6.36
67.677168 6.36
67.737955 6.36
67.797170 6.36
67.855795 6.36
67.903170 6.36
67.957045 6.36
68.007686 6.36
68.076426 6.36
68.129924 6.36
68.184422 6.36
68.242797 6.36
68.290048 6.36
68.340798 6.36
68.401173 6.36
68.460184 6.36
68.514806 6.36
68.576443 6.36
68.640444 6.36
68.693927 6.36
68.762927 6.36
68.837713 6.36
68.901808 6.36
68.965681 6.36
69.029430 6.36
69.082930 6.36
69.156805 6.36
69.220930 6.36
69.294806 6.36
69.368807 6.36
69.442807 6.36
69.501183 6.36
69.555313 6.36
69.608936 6.36
69.679310 6.36
69.742810 6.36
69.801185 6.36
69.869936 6.36
69.940312 6.36
70.003812 6.36
70.063843 6.36
70.118842 6.36
70.173843 6.36
70.232468 6.36
70.282604 6.36
70.341468 6.36
70.396469 6.36
70.447827 6.36
70.501066 6.36
70.564709 6.36
70.619817 6.36
70.678323 6.36
70.736693 6.36
70.787944 6.36
70.861694 6.36
70.908945 6.36
70.958350 6.36
71.011713 6.36
71.064740 6.36
71.128821 6.36
71.184697 6.36
71.240714 6.36
71.296712 6.36
71.352716 6.36
71.408713 6.36
71.464717 6.36
71.523076 6.36
71.591702 6.36
71.650077 6.36
71.718703 6.36
71.777079 6.36
71.845700 6.36
71.904077 6.36
71.972701 6.36
72.031077 6.36
72.099702 6.36
72.158078 6.36
72.222086 6.36
72.276081 6.36
72.334831 6.36
72.398832 6.36
72.467832 6.36
72.541832 6.36
72.612211 6.36
72.675708 6.68
72.734084 6.36
72.797724 6.36
72.857736 6.36
72.917737 6.36
72.982468 6.36
73.047787 6.36
73.106845 6.36
73.176233 6.36
73.226365 6.36
73.295357 6.36
73.345220 6.36
73.414365 6.36
73.464368 6.36
73.528616 6.36
73.575966 6.36
73.634718 6.36
73.698717 6.36
73.772734 6.36
73.836718 6.36
73.906109 6.36
73.956405 6.36
74.020724 6.36
74.084847 6.36
74.143613 6.36
74.199612 6.36
74.255611 6.36
74.330374 6.36
74.399254 6.36
74.463426 6.36
74.518613 6.36
74.583612 6.68
74.652974 6.68
74.711615 6.68
74.767492 6.36
74.830975 6.36
74.899617 6.68
74.957979 6.36
75.026619 6.36
75.086759 6.36
75.150746 6.36
75.214979 6.36
75.273730 6.36
75.343400 6.36
75.408402 6.36
75.467270 6.36
75.526233 6.36
75.586751 6.36
75.655750 6.36
75.725001 6.36
75.779496 6.36
75.840112 6.36
75.895872 6.36
75.951264 6.36
76.010110 6.36
76.065264 6.36
76.129238 6.36
76.184755 6.36
76.244737 6.36
76.303738 6.36
76.367506 6.36
76.428269 6.36
76.488756 6.36
76.552632 6.36
76.616508 6.36
76.680866 6.36
76.739759 6.36
76.790641 6.36
76.859759 6.36
76.923744 6.36
76.993118 6.36
77.057119 6.36
77.121119 6.36
77.190275 6.36
77.255370 6.36
77.314122 6.36
77.378273 6.36
77.447764 6.36
77.516753 6.36
77.575765 6.36
77.645324 6.36
77.709278 6.36
77.778752 6.36
77.842624 6.36
77.917124 6.36
77.975876 6.36
78.034644 6.36
78.098768 6.36
78.157646 6.36
78.221627 6.36
78.280754 6.36
78.339504 6.36
78.410004 12.32
78.463504 12.32
78.527645 6.36
78.591756 6.36
78.650647 6.36
78.714885 6.36
78.768651 6.36
78.827758 6.36
78.891758 6.36
78.955884 6.36
79.009762 6.36
79.063652 6.36
79.122778 6.36
79.186761 6.36
79.247512 6.36
79.307760 12.32
79.366386 6.36
79.428263 6.36
79.479264 6.36
79.539293 6.36
79.598140 6.36
79.654409 12.32
79.710267 0.05
79.770407 6.36
79.830765 6.36
79.885781 6.36
79.944660 6.36
80.008672 6.36
80.069144 6.36
80.125418 6.36
80.194785 6.36
80.249659 6.36
80.313771 0.05
80.368785 6.36
80.427786 12.32
80.491896 6.36
80.545412 6.36
80.614665 6.36
80.678415 6.36
80.747300 6.36
80.811654 6.36
80.870539 6.36
80.944281 6.36
81.008150 6.36
81.073900 6.36
81.133030 6.36
81.202153 6.36
81.266153 6.36
81.324795 6.36
81.383432 6.36
81.447421 6.36
81.511432 6.36
81.585281 6.36
81.643655 6.36
81.698673 6.36
81.762287 6.36
81.825907 6.36
81.879283 6.36
81.934312 6.36
82.008437 6.36
82.077450 6.36
82.151286 6.36
82.206436 6.36
82.275316 6.36
82.339322 6.36
82.413317 6.36
82.477441 6.36
82.541429 6.36
82.615316 6.36
82.684320 6.36
82.753557 6.36
82.817444 6.36
82.881292 6.36
82.946683 6.36
83.015297 6.36
83.084792 6.36
83.148918 6.36
83.207668 6.36
83.277044 6.36
83.335669 6.36
83.394327 6.36
83.468324 6.36
83.532327 6.36
83.606301 6.36
83.680327 6.36
83.754325 6.36
83.818328 6.36
83.887325 6.36
83.961328 6.36
84.035925 6.36
84.096430 6.36
84.155050 6.36
84.229426 6.36
84.303329 6.36
84.378054 6.36
84.447054 6.36
84.515932 6.36
84.584554 6.36
84.648457 6.36
84.717307 6.36
84.776308 6.36
84.836696 6.36
84.895473 6.36
84.959315 6.36
85.015185 6.36
85.068187 6.36
85.137183 6.36
85.198311 6.36
85.272812 6.36
85.342312 6.36
85.411459 6.36
85.475479 6.68
85.535938 6.68
85.610062 6.68
8