0.000000 0.000000
0.091762 0.88
0.162117 0.87
0.230737 0.87
0.294236 0.87
0.357735 0.87
0.421235 0.87
0.473610 0.87
0.524237 0.87
0.587737 0.88
0.651237 0.87
0.716316 0.87
0.776012 0.87
0.836035 0.87
0.895891 0.87
0.961018 0.87
1.020654 0.87
1.079379 0.87
1.143367 0.88
1.220756 0.88
1.279242 0.87
1.356882 0.87
1.421646 0.78
1.482891 0.78
1.536761 0.79
1.609497 0.79
1.678380 0.78
1.736759 0.78
1.803773 0.79
1.863889 0.79
1.932890 0.79
2.015248 0.78
2.092124 0.79
2.160749 0.79
2.220749 0.79
2.280750 0.79
2.335625 0.79
2.399125 0.78
2.459126 0.78
2.519252 0.79
2.577627 0.79
2.641128 0.79
2.704628 0.78
2.768128 0.79
2.827880 0.79
2.881130 0.78
2.933505 0.79
2.982881 0.78
3.036131 0.79
3.088507 0.79
3.139133 0.78
3.202632 0.78
3.266133 0.78
3.329634 0.78
3.393134 0.78
3.456634 0.79
3.520134 0.79
3.583635 0.79
3.647135 0.78
3.710636 0.79
3.774137 0.79
3.856137 0.79
3.919638 0.79
3.983138 0.79
4.046639 0.79
4.110139 0.78
4.184015 0.78
4.252641 0.79
4.316141 0.78
4.379642 0.78
4.443142 0.78
4.506643 0.79
4.561644 0.78
4.625143 0.79
4.688645 0.79
4.752144 0.79
4.815645 0.79
4.875646 0.79
4.939145 0.79
5.002647 0.79
5.062647 0.78
5.122648 0.79
5.177524 0.79
5.241023 0.79
5.306149 0.79
5.369650 0.79
5.424525 0.79
5.488026 0.79
5.548152 0.79
5.595402 0.79
5.648652 0.78
5.703528 0.79
5.767027 0.79
5.830528 0.78
5.894029 0.78
5.957530 0.79
6.021029 0.79
6.084531 0.79
6.148031 0.79
6.211532 0.78
6.275031 0.78
6.336033 0.79
6.399533 0.79
6.463033 0.79
6.526535 0.79
6.590034 0.79
6.663910 0.79
6.732536 0.78
6.796036 0.79
6.859537 0.79
6.923037 0.79
6.986538 0.79
7.050038 0.79
7.113539 0.78
7.177040 0.79
7.240540 0.79
7.295541 0.78
7.350541 0.78
7.414041 0.78
7.477542 0.79
7.537542 0.79
7.601043 0.78
7.664544 0.79
7.724544 0.79
7.784545 0.79
7.844544 0.79
7.904546 0.79
7.964546 0.78
8.024546 0.79
8.084548 0.79
8.158423 0.79
8.221923 0.79
8.282048 0.79
8.337048 0.79
8.392048 0.79
8.447050 0.78
8.502050 0.78
8.549300 0.78
8.602551 0.79
8.676427 0.79
8.739927 0.80
8.803428 0.79
8.861928 0.78
8.925430 0.79
8.988929 0.78
9.052430 0.79
9.115930 0.79
9.179431 0.79
9.242931 0.79
9.306433 0.78
9.369932 0.78
9.433433 0.78
9.491933 0.79
9.555434 0.79
9.618934 0.78
9.682435 0.79
9.745936 0.79
9.809436 0.78
9.872936 0.79
9.936437 0.79
9.999937 0.79
10.063438 0.78
10.121939 0.78
10.185440 0.78
10.248939 0.79
10.312439 0.78
10.372441 0.79
10.432441 0.79
10.495941 0.79
10.559442 0.78
10.619442 0.79
10.679443 0.78
10.739446 0.79
10.794444 0.79
10.849319 0.79
10.912819 0.78
10.972820 0.78
11.029070 0.78
11.087447 0.78
11.145822 0.78
11.202071 0.79
11.257823 0.79
11.321323 0.78
11.384823 0.79
11.437198 0.79
11.487826 0.79
11.551325 0.79
11.614825 0.79
11.678325 0.78
11.741825 0.79
11.805326 0.79
11.868827 0.79
11.932328 0.80
11.995828 0.79
12.059329 0.79
12.122829 0.78
12.186330 0.79
12.249830 0.79
12.313330 0.79
12.376831 0.79
12.440331 0.78
12.503832 0.79
12.567332 0.79
12.622333 0.79
12.685834 0.78
12.749334 0.79
12.812835 0.78
12.876335 0.79
12.939836 0.79
13.003336 0.79
13.066836 0.79
13.130337 0.79
13.190338 0.79
13.253838 0.79
13.317339 0.79
13.377338 0.79
13.437339 0.79
13.497340 0.79
13.557340 0.78
13.620841 0.79
13.684342 0.78
13.747843 0.79
13.811342 0.78
13.866217 0.78
13.929719 0.78
13.989845 0.79
14.040970 0.79
14.099345 0.79
14.157720 0.79
14.221221 0.79
14.284721 0.78
14.337096 0.79
14.386474 0.79
14.439723 0.79
14.503223 0.79
14.566724 0.78
14.630223 0.79
14.693725 0.79
14.757225 0.79
14.820727 0.79
14.884226 0.78
14.947727 0.78
15.011227 0.78
15.074729 0.79
15.138228 0.78
15.201729 0.78
15.265229 0.79
15.328730 0.79
15.392230 0.78
15.455730 0.79
15.519231 0.79
15.582732 0.79
15.646232 0.78
15.701232 0.79
15.756233 0.79
15.819734 0.79
15.883233 0.79
15.943235 0.78
16.006735 0.78
16.070235 0.79
16.130236 0.79
16.190237 0.79
16.250236 0.79
16.310237 0.78
16.365113 0.79
16.428613 0.79
16.488739 0.79
16.552239 0.78
16.607115 0.80
16.670616 0.79
16.730742 0.79
16.785741 0.79
16.840742 0.79
16.895742 0.78
16.954118 0.78
17.017618 0.79
17.069994 0.79
17.123244 0.79
17.181620 0.79
17.233995 0.79
17.284622 0.78
17.348120 0.79
17.411622 0.79
17.475122 0.79
17.533623 0.79
17.597123 0.79
17.660624 0.79
17.724124 0.78
17.787624 0.79
17.851125 0.79
17.914625 0.78
17.978126 0.78
18.041626 0.79
18.105127 0.79
18.168627 0.79
18.232128 0.78
18.295629 0.79
18.359129 0.78
18.422630 0.79
18.486130 0.79
18.549630 0.79
18.613131 0.79
18.676632 0.79
18.740132 0.79
18.800132 0.79
18.860133 0.79
18.920134 0.79
18.980134 0.79
19.040134 0.79
19.109136 0.78
19.169011 0.78
19.227537 0.79
19.289137 0.78
19.348138 0.79
19.398889 0.78
19.462777 0.78
19.526780 0.79
19.590780 0.79
19.654781 0.79
19.718782 0.79
19.787784 0.78
19.851782 0.79
19.915542 0.79
19.984782 0.79
20.048785 0.79
20.117545 0.79
20.186546 0.79
20.255660 0.79
20.319787 0.79
20.383662 0.79
20.452661 0.79
20.516549 0.78
20.590548 0.78
20.664666 0.79
20.728551 0.79
20.797665 0.78
20.866665 0.79
20.935549 0.79
21.009552 0.78
21.083554 0.78
21.157667 0.79
21.226554 0.79
21.300559 0.79
21.374555 0.79
21.448556 0.79
21.517554 0.79
21.591670 0.78
21.660556 0.79
21.734556 0.79
21.808556 0.79
21.882560 0.80
21.951436 0.79
22.016923 0.79
22.075411 0.79
22.144411 0.79
22.208438 0.78
22.272438 0.79
22.341413 0.78
22.410562 0.78
22.470913 0.79
22.529438 0.79
22.581789 0.79
22.645439 0.78
22.697790 0.78
22.761565 0.78
22.830682 0.79
22.894681 0.78
22.958418 0.78
23.027418 0.79
23.096559 0.79
23.160419 0.79
23.234934 0.78
23.298933 0.79
23.357420 0.79
23.426422 0.79
23.495546 0.79
23.564547 0.79
23.633937 0.79
23.692424 0.79
23.761424 0.78
23.830549 0.79
23.899688 0.79
23.963426 0.79
24.032941 0.79
24.098551 0.79
24.167552 0.78
24.236691 0.78
24.300429 0.79
24.369455 0.79
24.438944 0.78
24.499054 0.79
24.568430 0.79
24.637555 0.79
24.706555 0.79
24.770432 0.79
24.834432 0.79
24.898433 0.79
24.962434 0.79
25.026437 0.79
25.085434 0.78
25.149435 0.79
25.213436 0.79
25.277436 0.79
25.341439 0.79
25.400437 0.78
25.464438 0.79
25.528438 0.78
25.592439 0.78
25.656442 0.79
25.715439 0.79
25.779440 0.79
25.848441 0.78
25.912441 0.79
25.976442 0.79
26.040442 0.79
26.104446 0.78
26.163444 0.78
26.227443 0.79
26.291444 0.79
26.355445 0.79
26.414595 0.79
26.478446 0.79
26.542446 0.79
26.606447 0.79
26.670447 0.79
26.734450 0.79
26.793449 0.79
26.857449 0.78
26.921449 0.78
26.985450 0.79
27.044601 0.79
27.108451 0.79
27.172452 0.79
27.236452 0.79
27.300452 0.79
27.364456 0.78
27.423454 0.78
27.487454 0.79
27.551455 0.79
27.615455 0.79
27.666206 0.79
27.724721 0.79
27.783205 0.79
27.852206 0.79
27.921206 0.78
27.973606 0.79
28.024209 0.78
28.082724 0.79
28.141333 0.79
28.188610 0.79
28.239210 0.79
28.299976 0.79
28.363851 0.79
28.427853 0.79
28.491851 0.78
28.555725 0.79
28.614212 0.79
28.677976 0.78
28.727611 0.79
28.791089 0.79
28.849730 0.79
28.908340 0.79
28.972215 0.78
29.041216 0.79
29.110216 0.78
29.179217 0.79
29.253343 0.78
29.322218 0.79
29.391343 0.79
29.449985 0.79
29.503470 0.79
29.567095 0.79
29.627346 0.79
29.685985 0.79
29.746096 0.79
29.806347 0.79
29.864973 0.78
29.925223 0.78
29.994224 0.79
30.063224 0.79
30.126975 0.78
30.190867 0.78
30.245991 0.78
30.301350 0.79
30.370352 0.79
30.434351 0.79
30.488990 0.79
30.536104 0.79
30.587479 0.79
30.651103 0.79
30.707480 0.79
30.771105 0.78
30.823481 0.79
30.887230 0.79
30.943107 0.79
30.999133 0.79
31.068357 0.79
31.124109 0.78
31.180109 0.79
31.236109 0.79
31.296234 0.79
31.360234 0.79
31.416137 0.79
31.485110 0.79
31.548625 0.78
31.607112 0.79
31.670751 0.79
31.729237 0.79
31.787629 0.78
31.851238 0.79
31.920113 0.79
31.983639 0.79
32.042239 0.78
32.111115 0.79
32.185116 0.79
32.259116 0.79
32.333117 0.79
32.406993 0.79
32.467243 0.79
32.536244 0.79
32.594645 0.79
32.663244 0.78
32.732120 0.79
32.795620 0.79
32.855622 0.79
32.915622 0.78
32.975622 0.79
33.030498 0.79
33.088998 0.79
33.149124 0.79
33.212888 0.79
33.276648 0.79
33.340525 0.79
33.409527 0.79
33.473126 0.79
33.524384 0.78
33.588252 0.78
33.648004 0.79
33.703128 0.79
33.750383 0.79
33.809254 0.79
33.881130 0.79
33.945390 0.78
34.004131 0.79
34.065007 0.79
34.121007 0.79
34.177008 0.79
34.233039 0.79
34.289009 0.79
34.345009 0.79
34.414134 0.79
34.483134 0.79
34.552135 0.79
34.621135 0.79
34.686011 0.79
34.755011 0.79
34.820137 0.79
34.894262 0.79
34.958139 0.78
35.032138 0.79
35.101015 0.79
35.175015 0.79
35.249141 0.78
35.318016 0.79
35.392018 0.79
35.466017 0.78
35.540143 0.79
35.609143 0.79
35.673144 0.79
35.742145 0.79
35.806021 0.79
35.870021 0.78
35.934021 0.79
35.998022 0.79
36.067023 0.79
36.131023 0.79
36.195148 0.79
36.259024 0.78
36.323024 0.79
36.387024 0.79
36.451026 0.78
36.515026 0.79
36.579027 0.79
36.643027 0.79
36.707277 0.79
36.766028 0.79
36.830028 0.79
36.894029 0.79
36.958030 0.79
37.022030 0.79
37.086030 0.79
37.150156 0.79
37.214031 0.78
37.278157 0.79
37.342032 0.79
37.406033 0.79
37.470159 0.79
37.530283 0.79
37.589159 0.79
37.658411 0.79
37.722562 0.78
37.786412 0.79
37.850412 0.79
37.914563 0.79
37.978413 0.79
38.047930 0.79
38.112289 0.79
38.176416 0.79
38.240416 0.79
38.299417 0.79
38.363567 0.78
38.422417 0.78
38.481419 0.79
38.545568 0.79
38.604560 0.79
38.658043 0.78
38.722168 0.79
38.786169 0.79
38.835559 0.79
38.889045 0.79
38.953046 0.79
39.013171 0.79
39.066422 0.79
39.126797 0.79
39.185423 0.78
39.244424 0.79
39.308424 0.79
39.373800 0.78
39.432426 0.78
39.496426 0.79
39.560426 0.79
39.624426 0.78
39.699177 0.79
39.749802 0.79
39.808429 0.79
39.867429 0.79
39.932804 0.79
39.991430 0.79
40.052805 0.78
40.111430 0.79
40.175431 0.78
40.239432 0.79
40.303433 0.78
40.378182 0.79
40.441697 0.79
40.502058 0.79
40.566059 0.79
40.625058 0.79
40.694309 0.79
40.753060 0.79
40.811950 0.79
40.880953 0.79
40.939438 0.79
40.999950 0.79
41.068953 0.78
41.127438 0.78
41.187953 0.78
41.256953 0.79
41.315440 0.79
41.379315 0.79
41.437955 0.79
41.506955 0.80
41.565443 0.79
41.629317 0.79
41.687958 0.78
41.756959 0.79
41.825960 0.79
41.880445 0.78
41.949319 0.79
42.008071 0.78
42.071713 0.79
42.132703 0.79
42.186321 0.79
42.244963 0.79
42.300704 0.78
42.354322 0.79
42.409073 0.79
42.472964 0.78
42.541963 0.78
42.597706 0.79
42.651325 0.79
42.709965 0.78
42.778843 0.79
42.852965 0.78
42.917709 0.79
42.971328 0.79
43.040328 0.78
43.109329 0.79
43.167968 0.79
43.236969 0.78
43.300970 0.78
43.369845 0.78
43.443975 0.79
43.512970 0.78
43.581846 0.79
43.645848 0.79
43.709725 0.79
43.768610 0.78
43.832851 0.79
43.901600 0.79
43.962210 0.78
44.027600 0.79
44.093087 0.79
44.146853 0.78
44.215604 0.78
44.286088 0.78
44.344603 0.79
44.410089 0.79
44.463853 0.79
44.532607 0.79
44.592980 0.79
44.656607 0.79
44.716980 0.78
44.775608 0.79
44.827968 0.79
44.886858 0.79
44.950857 0.79
45.014860 0.79
45.078861 0.78
45.142861 0.79
45.206862 0.79
45.275859 0.78
45.344861 0.78
45.408862 0.79
45.472863 0.78
45.536741 0.79
45.600865 0.79
45.664616 0.78
45.733863 0.79
45.802614 0.79
45.871866 0.79
45.940618 0.79
46.014619 0.78
46.088618 0.79
46.162619 0.79
46.236867 0.78
46.305871 0.78
46.374622 0.79
46.448623 0.79
46.522623 0.79
46.591870 0.79
46.660623 0.79
46.734623 0.78
46.808625 0.78
46.882623 0.79
46.951877 0.79
47.020626 0.78
47.094876 0.79
47.158878 0.79
47.227877 0.79
47.291487 0.79
47.356988 0.79
47.415627 0.78
47.476114 0.78
47.539989 0.79
47.603638 0.79
47.664115 0.79
47.722633 0.80
47.791641 0.78
47.851993 0.79
47.910642 0.79
47.971118 0.78
48.029492 0.79
48.081868 0.78
48.132495 0.79
48.195994 0.78
48.259619 0.79
48.319526 0.78
48.377996 0.79
48.442014 0.79
48.500777 0.78
48.569652 0.78
48.633771 0.78
48.692656 0.79
48.756653 0.79
48.820530 0.79
48.895263 0.79
48.955008 0.78
49.024788 0.79
49.083897 0.79
49.148128 0.78
49.207264 0.78
49.266901 0.79
49.327773 0.79
49.386663 0.78
49.450658 0.79
49.510015 0.78
49.576670 0.79
49.635662 0.79
49.694659 0.79
49.763658 0.79
49.813916 0.79
49.879673 0.79
49.938637 0.78
49.994416 0.79
50.053010 0.78
50.114143 0.79
50.183779 0.78
50.237541 0.79
50.296541 0.79
50.360803 0.78
50.411146 0.79
50.465018 0.78
50.530423 0.78
50.591015 0.79
50.655155 0.78
50.720023 0.79
50.789784 0.78
50.848549 0.78
50.908909 0.79
50.967904 0.78
51.032915 0.78
51.093433 0.79
51.162788 0.78
51.227020 0.79
51.291408 0.79
51.361147 0.78
51.425146 0.79
51.483912 0.79
51.537413 0.79
51.607150 0.78
51.666025 0.78
51.735273 0.79
51.793899 0.78
51.847654 0.78
51.907027 0.79
51.965920 0.79
52.026429 0.79
52.095557 0.78
52.155032 0.79
52.219797 0.78
52.280558 0.79
52.344683 0.79
52.403558 0.79
52.468033 0.78
52.527031 0.79
52.596281 0.78
52.651560 0.78
52.715661 0.78
52.775038 0.78
52.835945 0.79
52.902578 0.79
52.963353 0.79
53.028733 0.78
53.089961 0.79
53.156539 0.78
53.221568 0.79
53.277488 0.78
53.343818 0.78
53.404810 0.79
53.465466 0.78
53.529451 0.78
53.588289 0.78
53.652608 0.79
53.711444 0.78
53.769931 0.78
53.828916 0.78
53.887916 0.79
53.951809 0.79
54.015447 0.79
54.084543 0.79
54.143293 0.78
54.207447 0.78
54.266293 0.79
54.340169 0.78
54.398935 0.79
54.457920 0.79
54.521795 0.78
54.580451 0.78
54.639449 0.79
54.697812 0.79
54.756548 0.79
54.825298 0.78
54.885819 0.78
54.952052 0.79
55.010925 0.78
55.069925 0.79
55.128801 0.79
55.194301 0.79
55.258428 0.79
55.316928 0.78
55.380928 0.78
55.444952 0.79
55.504054 0.79
55.572679 0.79
55.632056 0.78
55.701307 0.78
55.770180 0.79
55.825180 0.79
55.884931 0.78
55.958682 0.78
56.022182 0.78
56.082830 0.78
56.141435 0.78
56.199809 0.79
56.258184 0.79
56.310579 0.78
56.374189 0.78
56.435958 0.79
56.489952 0.79
56.554318 0.78
56.623318 0.79
56.687457 0.78
56.756316 0.79
56.814815 0.78
56.875242 0.78
56.939730 0.78
57.004471 0.79
57.068723 0.78
57.133720 0.78
57.198741 0.79
57.273712 0.78
57.332196 0.78
57.395711 0.78
57.449195 0.79
57.512710 0.79
57.571320 0.78
57.635491 0.79
57.694325 0.79
57.758323 0.79
57.818230 0.79
57.871948 0.79
57.935715 0.78
57.990949 0.79
58.059700 0.78
58.114950 0.78
58.183715 0.78
58.238840 0.79
58.312717 0.79
58.365107 0.79
58.412480 0.78
58.476208 0.78
58.539705 0.79
58.594582 0.79
58.658080 0.79
58.718208 0.79
58.765461 0.78
58.814832 0.78
58.879609 0.79
58.944085 0.79
59.005116 0.78
59.052489 0.79
59.111083 0.79
59.163459 0.79
59.222348 0.79
59.281083 0.79
59.344873 0.79
59.404469 0.78
59.468211 0.78
59.524726 0.78
59.583336 0.79
59.652212 0.79
59.710855 0.78
59.764338 0.79
59.828089 0.78
59.891856 0.79
59.945339 0.79
59.996092 0.78
60.054857 0.79
60.108340 0.79
60.172216 0.78
60.230857 0.79
60.284343 0.79
60.348218 0.78
60.417094 0.79
60.480860 0.78
60.536097 0.78
60.599599 0.79
60.663098 0.79
60.726600 0.79
60.781599 0.79
60.836599 0.79
60.891601 0.78
60.946865 0.79
60.996865 0.79
61.046866 0.79
61.096849 0.79
61.160505 0.78
61.215868 0.78
61.271238 0.78
61.325607 0.78
61.386515 0.78
61.441853 0.79
61.500621 0.78
61.569506 0.78
61.633645 0.78
61.696008 0.79
61.750871 0.79
61.809621 0.79
61.873622 0.79
61.937623 0.78
62.002996 0.78
62.061624 0.79
62.125607 0.78
62.183982 0.79
62.244984 0.79
62.308484 0.79
62.372364 0.79
62.431361 0.78
62.495360 0.78
62.559111 0.78
62.620014 0.78
62.678487 0.79
62.742557 0.78
62.802120 0.78
62.868366 0.79
62.932757 0.79
62.986239 0.78
63.054881 0.79
63.115392 0.78
63.181493 0.78
63.245241 0.79
63.314117 0.78
63.372635 0.78
63.438118 0.79
63.502120 0.79
63.560619 0.78
63.625886 0.78
63.689495 0.78
63.749870 0.79
63.814995 0.78
63.879499 0.79
63.934693 0.78
63.988524 0.79
64.043380 0.78
64.106998 0.78
64.175999 0.78
64.231001 0.79
64.286000 0.79
64.341002 0.78
64.392127 0.79
64.447880 0.79
64.511381 0.79
64.575127 0.78
64.639002 0.78
64.703128 0.79
64.767128 0.79
64.835878 0.78
64.888254 0.79
64.947129 0.79
65.015880 0.78
65.079384 0.78
65.143521 0.78
65.207535 0.79
65.266007 0.78
65.330656 0.78
65.389537 0.79
65.453384 0.79
65.511883 0.80
65.585759 0.79
65.649545 0.79
65.713889 0.79
65.787887 0.78
65.861904 0.78
65.936138 0.79
66.000138 0.78
66.053890 0.78
66.117393 0.78
66.180892 0.78
66.244394 0.79
66.307893 0.79
66.371397 0.78
66.426544 0.79
66.495432 0.79
66.559439 0.79
66.614426 0.78
66.669432 0.79
66.733549 0.78
66.792270 0.79
66.847270 0.78
66.902428 0.78
66.976403 0.79
67.040429 0.79
67.104568 0.79
67.168897 0.79
67.225273 0.79
67.289427 0.79
67.358430 0.79
67.419805 0.79
67.480285 0.79
67.536812 0.78
67.592028 0.79
67.656027 0.79
67.715152 0.79
67.778794 0.78
67.844028 0.78
67.904278 0.78
67.968433 0.78
68.032434 0.79
68.096279 0.79
68.160031 0.79
68.224291 0.79
68.282789 0.78
68.356660 0.78
68.425285 0.79
68.488786 0.78
68.552285 0.79
68.616440 0.79
68.680441 0.78
68.749802 0.79
68.819161 0.78
68.878161 0.78
68.942162 0.79
69.001037 0.79
69.060038 0.78
69.124038 0.79
69.183039 0.78
69.242039 0.78
69.306040 0.79
69.369916 0.78
69.434041 0.79
69.492916 0.79
69.557042 0.79
69.616043 0.79
69.675043 0.79
69.734043 0.79
69.794044 0.79
69.853044 0.78
69.902450 0.79
69.952045 0.79
70.010799 0.78
70.065921 0.79
70.126046 0.79
70.185172 0.79
70.240048 0.79
70.295047 0.79
70.350053 0.78
70.414828 0.79
70.480049 0.79
70.543693 0.79
70.596050 0.79
70.646676 0.78
70.697706 0.79
70.759683 0.78
70.814707 0.79
70.865700 0.78
70.929177 0.78
70.992678 0.78
71.056178 0.78
71.119690 0.79
71.180682 0.78
71.244180 0.79
71.307680 0.79
71.371180 0.79
71.434681 0.79
71.498184 0.79
71.561810 0.78
71.631058 0.79
71.694559 0.79
71.763684 0.78
71.837703 0.79
71.911704 0.79
71.976313 0.78
72.030062 0.79
72.093577 0.79
72.164188 0.79
72.219313 0.78
72.274591 0.78
72.343582 0.78
72.409064 0.79
72.472578 0.78
72.543066 0.78
72.596831 0.79
72.651320 0.79
72.710192 0.79
72.774193 0.79
72.828943 0.79
72.883944 0.79
72.947722 0.79
73.008080 0.79
73.072081 0.78
73.130577 0.79
73.186827 0.78
73.242577 0.78
73.306074 0.78
73.369574 0.78
73.429330 0.78
73.494077 0.78
73.547719 0.79
73.606825 0.78
73.665591 0.79
73.739951 0.79
73.801333 0.78
73.866205 0.79
73.925204 0.78
73.984077 0.78
74.037847 0.79
74.096595 0.79
74.160722 0.78
74.229829 0.78
74.298846 0.78
74.363596 0.78
74.437608 0.79
74.511485 0.79
74.566849 0.79
74.625583 0.79
74.694600 0.79
74.768726 0.79
74.832607 0.79
74.891728 0.79
74.960601 0.78
75.034586 0.79
75.109211 0.78
75.173212 0.79
75.238976 0.79
75.297498 0.80
75.361589 0.78
75.421964 0.79
75.480608 0.78
75.545965 0.78
75.599471 0.79
75.663500 0.78
75.732610 0.78
75.798218 0.78
75.851471 0.79
75.907721 0.78
75.963473 0.78
76.026971 0.79
76.090474 0.79
76.142846 0.80
76.206990 0.79
76.282232 0.79
76.352106 0.78
76.417846 0.78
76.481860 0.79
76.535505 0.78
76.599759 0.79
76.664484 0.79
76.724230 0.79
76.789228 0.78
76.854103 0.79
76.918856 0.79
76.977480 0.79
77.036990 0.79
77.102116 0.79
77.167116 0.78
77.237122 0.78
77.307120 0.79
77.371890 0.79
77.430987 0.79
77.492257 0.78
77.553617 0.79
77.605492 0.78
77.658988 0.79
77.724367 0.79
77.794111 0.78
77.858633 0.79
77.917766 0.79
77.968124 0.79
78.027888 0.79
78.093362 0.79
78.163771 0.79
78.214116 0.78
78.267744 0.78
78.327121 0.79
78.382885 0.79
78.442131 0.79
78.506789 0.78
78.577001 0.79
78.646763 0.78
78.705494 0.78
78.770122 0.79
78.833867 0.79
78.898765 0.78
78.958256 0.78
79.028001 0.78
79.103495 0.78
79.168378 0.78
79.237378 0.79
79.311875 0.79
79.365384 0.78
79.439640 0.79
79.508380 0.78
79.582377 0.79
79.656641 0.79
79.720376 0.79
79.783873 0.78
79.842380 0.79
79.916250 0.78
79.985633 0.79
80.044659 0.78
80.103881 0.79
80.168565 0.78
80.223010 0.79
80.292394 0.79
80.351650 0.79
80.410637 0.78
80.469633 0.78
80.529018 0.80
80.588568 0.78
80.643013 0.79
80.712021 0.79
80.771785 0.78
80.832889 0.79
80.884010 0.79
80.939783 0.79
81.000261 0.79
81.063884 0.78
81.118890 0.78
81.170138 0.78
81.228888 0.79
81.297889 0.79
81.363268 0.79
81.416905 0.78
81.482293 0.78
81.541018 0.79
81.599765 0.78
81.659021 0.78
81.714330 0.79
81.773650 0.79
81.827404 0.79
81.896266 0.78
81.948648 0.79
81.999301 0.78
82.063401 0.79
82.127396 0.78
82.197409 0.78
82.256560 0.78
82.315439 0.78
82.371281 0.78
82.429914 0.79
82.499538 0.79
82.568432 0.78
82.632897 0.79
82.702271 0.79
82.771657 0.78
82.830777 0.78
82.880821 0.79
82.947666 0.79
83.003908 0.79
83.063695 0.79
83.124414 0.79
83.188928 0.78
83.253578 0.79
83.312534 0.78
83.371660 0.79
83.432278 0.79
83.496927 0.79
83.549544 0.78
83.610032 0.79
83.669441 0.79
83.733410 0.79
83.793194 0.79
83.848205 0.79
83.901804 0.78
83.971666 0.78
84.025290 0.78
84.076414 0.78
84.140616 0.78
84.199441 0.79
84.258287 0.79
84.317567 0.79
84.371451 0.79
84.435557 0.79
84.494290 0.78
84.558921 0.79
84.612672 0.79
84.672049 0.79
84.742303 0.79
84.806451 0.78
84.865292 0.78
84.934813 0.79
85.004440 0.79
85.063457 0.79
85.118932 0.79
85.177921 0.79
85.243226 0.79
85.301672 0.79
85.371172 0.78
85.445298 0.78
85.504451 0.78
85.568688 0.78
85.632182 0.78
85.706172 0.79
85.769813 0.78
85.828297 0.