0.000000 0.000000
0.096959 0.87
0.151655 0.87
0.210645 0.88
0.264521 0.86
0.338394 0.87
0.392005 0.87
0.447905 0.87
0.501522 0.88
0.560158 0.87
0.623882 0.87
0.687676 0.87
0.747453 0.87
0.823203 0.87
0.877674 0.87
0.942769 0.88
1.013014 0.87
1.072013 0.87
1.136011 0.87
1.200011 0.87
1.264011 0.87
1.328012 0.87
1.393961 0.79
1.459021 0.79
1.529017 0.78
1.593016 0.78
1.662291 0.78
1.721015 0.79
1.785015 0.78
1.849016 0.79
1.913016 0.79
1.977017 0.79
2.041017 0.78
2.110018 0.78
2.174018 0.78
2.242769 0.79
2.307895 0.79
2.371394 0.78
2.431394 0.79
2.491395 0.79
2.551395 0.79
2.611396 0.78
2.671396 0.79
2.731396 0.79
2.791397 0.79
2.846273 0.79
2.909773 0.79
2.969898 0.78
3.021024 0.78
3.076776 0.79
3.140274 0.79
3.203775 0.79
3.267276 0.79
3.330775 0.79
3.395652 0.78
3.464277 0.79
3.527778 0.79
3.591278 0.79
3.654778 0.78
3.718279 0.79
3.781779 0.78
3.834155 0.78
3.888656 0.79
3.957280 0.79
4.020781 0.79
4.084281 0.79
4.147782 0.79
4.211283 0.78
4.274783 0.79
4.338284 0.79
4.401783 0.78
4.475660 0.79
4.544285 0.78
4.607786 0.79
4.671286 0.78
4.734786 0.79
4.798287 0.79
4.861787 0.79
4.925288 0.79
4.980289 0.79
5.040289 0.79
5.100289 0.79
5.160290 0.79
5.220290 0.79
5.280290 0.79
5.340292 0.78
5.400292 0.79
5.460292 0.78
5.520293 0.79
5.580293 0.78
5.635169 0.78
5.698793 0.79
5.753794 0.79
5.808794 0.78
5.863795 0.78
5.911045 0.79
5.961671 0.79
6.020323 0.79
6.084199 0.79
6.148324 0.79
6.212201 0.78
6.276200 0.79
6.340199 0.79
6.404326 0.78
6.468326 0.79
6.529703 0.79
6.585703 0.79
6.645802 0.80
6.714802 0.78
6.784326 0.78
6.848328 0.78
6.912204 0.79
6.976203 0.78
7.040206 0.79
7.104329 0.79
7.168182 0.78
7.232332 0.79
7.296198 0.79
7.360332 0.78
7.424184 0.79
7.488183 0.78
7.552184 0.79
7.616185 0.79
7.680186 0.79
7.744333 0.79
7.808212 0.79
7.872186 0.79
7.932186 0.79
7.987187 0.79
8.045687 0.78
8.104188 0.78
8.162704 0.79
8.236813 0.78
8.295189 0.79
8.353705 0.78
8.427690 0.79
8.482815 0.79
8.541191 0.80
8.599705 0.79
8.660591 0.79
8.719193 0.79
8.777693 0.79
8.824943 0.79
8.874342 0.78
8.927707 0.79
8.988597 0.79
9.047077 0.79
9.110695 0.78
9.169077 0.79
9.232821 0.78
9.288574 0.79
9.347077 0.78
9.410822 0.78
9.479822 0.78
9.557223 0.79
9.616224 0.79
9.680225 0.79
9.744224 0.79
9.826825 0.79
9.890826 0.78
9.954950 0.79
10.013826 0.79
10.096828 0.78
10.160702 0.79
10.238467 0.79
10.293829 0.78
10.366230 0.79
10.435595 0.79
10.513232 0.79
10.577231 0.79
10.659831 0.79
10.718956 0.79
10.777957 0.78
10.836708 0.78
10.900958 0.79
10.959833 0.79
11.018600 0.78
11.078835 0.79
11.132086 0.78
11.191086 0.79
11.255086 0.78
11.320464 0.79
11.379087 0.78
11.443088 0.79
11.507238 0.79
11.560838 0.79
11.610239 0.79
11.663714 0.79
11.723839 0.79
11.774467 0.78
11.830467 0.78
11.893966 0.79
11.948841 0.78
11.999469 0.78
12.058093 0.79
12.119470 0.79
12.174470 0.78
12.234608 0.79
12.303968 0.78
12.374472 0.79
12.434472 0.79
12.493096 0.79
12.557096 0.78
12.626360 0.79
12.681721 0.79
12.741847 0.78
12.800723 0.79
12.869848 0.79
12.933362 0.79
12.993724 0.79
13.052614 0.79
13.111100 0.79
13.164725 0.79
13.228365 0.79
13.283614 0.79
13.352367 0.78
13.407617 0.79
13.466103 0.79
13.516104 0.78
13.566103 0.79
13.634854 0.78
13.698368 0.79
13.772370 0.79
13.832730 0.79
13.896369 0.79
13.956731 0.79
14.011731 0.78
14.066732 0.78
14.121857 0.78
14.180857 0.79
14.235733 0.79
14.290733 0.79
14.345734 0.79
14.400734 0.79
14.455735 0.78
14.510735 0.79
14.565735 0.79
14.629502 0.79
14.703501 0.78
14.777627 0.79
14.833383 0.79
14.886862 0.78
14.945632 0.79
15.001383 0.78
15.054988 0.79
15.123990 0.79
15.197865 0.78
15.251632 0.78
15.307383 0.79
15.360991 0.79
15.424742 0.79
15.488383 0.79
15.562634 0.79
15.631634 0.78
15.700633 0.78
15.769636 0.80
15.838245 0.80
15.893636 0.79
15.962385 0.78
16.036385 0.79
16.110247 0.79
16.165636 0.79
16.234248 0.79
16.289638 0.79
16.358388 0.79
16.417999 0.79
16.472999 0.79
16.528000 0.78
16.584251 0.79
16.652876 0.78
16.707626 0.79
16.776251 0.79
16.841752 0.79
16.895252 0.79
16.965753 0.78
17.024254 0.80
17.089754 0.79
17.148394 0.79
17.195630 0.79
17.259256 0.79
17.333397 0.79
17.402256 0.78
17.476257 0.79
17.545257 0.79
17.614272 0.79
17.688272 0.78
17.740634 0.79
17.804259 0.78
17.865287 0.78
17.923760 0.79
17.977524 0.79
18.046288 0.79
18.120278 0.78
18.189278 0.78
18.258529 0.78
18.327527 0.79
18.396280 0.79
18.470278 0.79
18.544764 0.79
18.610279 0.78
18.684281 0.79
18.758283 0.79
18.822533 0.79
18.886533 0.79
18.955532 0.79
19.024292 0.79
19.098284 0.79
19.172535 0.79
19.236536 0.79
19.305537 0.79
19.374298 0.79
19.439647 0.79
19.503539 0.79
19.563661 0.78
19.622536 0.78
19.686300 0.79
19.746664 0.79
19.801665 0.79
19.860167 0.79
19.929166 0.79
19.998301 0.79
20.058667 0.78
20.117301 0.79
20.181168 0.79
20.250302 0.78
20.314154 0.79
20.378155 0.80
20.447303 0.79
20.516544 0.78
20.580307 0.79
20.649307 0.78
20.718306 0.79
20.787672 0.79
20.846158 0.78
20.915296 0.79
20.984549 0.78
21.048549 0.79
21.112310 0.79
21.181308 0.78
21.250308 0.79
21.319426 0.79
21.383162 0.79
21.452677 0.79
21.518554 0.78
21.582551 0.79
21.646313 0.79
21.715552 0.79
21.779315 0.78
21.848315 0.79
21.917166 0.79
21.986166 0.79
22.055557 0.78
22.119316 0.78
22.183167 0.79
22.252192 0.79
22.316196 0.79
22.380196 0.78
22.444196 0.79
22.503198 0.79
22.562196 0.79
22.621197 0.79
22.680197 0.80
22.739195 0.79
22.798322 0.78
22.856672 0.79
22.925672 0.79
22.994673 0.79
23.063798 0.78
23.122674 0.79
23.181674 0.79
23.240692 0.80
23.299675 0.79
23.363675 0.79
23.427676 0.79
23.491676 0.79
23.555677 0.79
23.619677 0.79
23.678678 0.79
23.742678 0.79
23.811679 0.79
23.875679 0.79
23.939679 0.79
23.998805 0.79
24.057681 0.79
24.121681 0.79
24.185682 0.79
24.249682 0.79
24.308682 0.79
24.372683 0.79
24.436683 0.79
24.500684 0.79
24.569698 0.79
24.633685 0.79
24.697685 0.78
24.766685 0.79
24.830686 0.79
24.899703 0.79
24.968703 0.78
25.037704 0.79
25.106706 0.79
25.175702 0.79
25.239456 0.79
25.297940 0.79
25.369940 0.79
25.438940 0.79
25.510941 0.79
25.563343 0.79
25.613959 0.79
25.672459 0.79
25.730943 0.80
25.799943 0.78
25.868944 0.79
25.937945 0.79
26.006945 0.79
26.084584 0.78
26.158588 0.79
26.227588 0.79
26.304947 0.79
26.378948 0.78
26.442589 0.79
26.520224 0.79
26.579077 0.79
26.651591 0.78
26.720591 0.79
26.784591 0.78
26.853590 0.79
26.917590 0.79
26.991467 0.79
27.046594 0.78
27.124232 0.78
27.183084 0.78
27.247088 0.79
27.311088 0.78
27.379955 0.79
27.444955 0.78
27.514089 0.79
27.582957 0.79
27.646598 0.79
27.710707 0.79
27.769597 0.79
27.833599 0.79
27.897601 0.79
27.971474 0.78
28.023850 0.78
28.071237 0.78
28.124461 0.79
28.182836 0.79
28.242961 0.78
28.297962 0.78
28.361962 0.79
28.417838 0.79
28.465239 0.78
28.523964 0.79
28.579839 0.79
28.643478 0.79
28.702090 0.79
28.765841 0.79
28.829608 0.79
28.879243 0.79
28.937842 0.79
29.001607 0.79
29.055093 0.79
29.118843 0.79
29.183844 0.79
29.247608 0.79
29.301098 0.79
29.359845 0.79
29.423612 0.78
29.477097 0.79
29.541098 0.78
29.604722 0.79
29.668363 0.79
29.726848 0.79
29.795848 0.79
29.864849 0.79
29.928616 0.79
29.987364 0.78
30.045975 0.79
30.114851 0.79
30.188976 0.79
30.252977 0.79
30.321727 0.79
30.376977 0.79
30.440978 0.79
30.504978 0.79
30.573979 0.79
30.637979 0.78
30.701980 0.79
30.765980 0.79
30.829981 0.79
30.893856 0.78
30.941132 0.79
30.999732 0.79
31.060733 0.78
31.112108 0.79
31.175733 0.79
31.228109 0.79
31.291859 0.80
31.352736 0.79
31.408736 0.79
31.464736 0.79
31.520737 0.79
31.576737 0.78
31.632738 0.79
31.688738 0.79
31.744739 0.78
31.813863 0.79
31.882863 0.78
31.938740 0.79
31.994764 0.79
32.063865 0.79
32.127741 0.78
32.192866 0.78
32.266991 0.79
32.330867 0.79
32.399742 0.78
32.473743 0.79
32.547743 0.79
32.621744 0.78
32.695744 0.79
32.764869 0.78
32.838746 0.79
32.907871 0.79
32.976872 0.79
33.045747 0.79
33.114748 0.79
33.178498 0.79
33.228249 0.79
33.288248 0.79
33.348249 0.79
33.403126 0.79
33.458250 0.79
33.513251 0.79
33.568151 0.79
33.623127 0.78
33.687252 0.79
33.750751 0.79
33.814253 0.79
33.874253 0.79
33.932627 0.79
33.992753 0.78
34.047753 0.79
34.102754 0.78
34.153880 0.79
34.209632 0.79
34.273132 0.78
34.336631 0.79
34.400133 0.79
34.458632 0.79
34.511007 0.78
34.564257 0.79
34.620008 0.79
34.670634 0.79
34.734135 0.79
34.797634 0.78
34.861136 0.78
34.924635 0.78
34.988137 0.79
35.046636 0.78
35.110138 0.79
35.173637 0.79
35.237139 0.79
35.300638 0.79
35.364139 0.79
35.427639 0.78
35.491140 0.80
35.554640 0.79
35.618142 0.78
35.676641 0.79
35.740142 0.79
35.803642 0.79
35.867143 0.79
35.930643 0.79
35.994144 0.79
36.049145 0.79
36.109145 0.79
36.172644 0.78
36.236146 0.79
36.299646 0.78
36.363147 0.79
36.423147 0.79
36.483150 0.79
36.538148 0.79
36.593022 0.78
36.656523 0.79
36.716649 0.79
36.776275 0.79
36.850024 0.79
36.913525 0.79
36.965901 0.79
37.016527 0.79
37.080027 0.79
37.143527 0.79
37.195902 0.79
37.246529 0.79
37.310027 0.79
37.373528 0.79
37.425903 0.79
37.476530 0.79
37.540029 0.79
37.603530 0.79
37.667030 0.79
37.730531 0.79
37.794031 0.79
37.857533 0.78
37.921032 0.79
37.984533 0.79
38.048033 0.79
38.111534 0.79
38.175034 0.79
38.238534 0.79
38.302035 0.79
38.365535 0.79
38.429036 0.78
38.492536 0.79
38.556037 0.78
38.619538 0.79
38.683038 0.79
38.738039 0.78
38.801539 0.79
38.865039 0.78
38.925040 0.78
38.988540 0.78
39.052040 0.79
39.112041 0.79
39.172041 0.79
39.235543 0.78
39.299042 0.79
39.359043 0.79
39.413919 0.79
39.477419 0.79
39.542544 0.78
39.602171 0.79
39.655420 0.78
39.715546 0.78
39.766671 0.79
39.821173 0.79
39.874422 0.79
39.934547 0.79
39.992922 0.79
40.056423 0.79
40.108798 0.78
40.162049 0.79
40.220424 0.79
40.283925 0.79
40.347425 0.79
40.410926 0.79
40.474427 0.79
40.537927 0.78
40.601427 0.79
40.664928 0.79
40.728429 0.80
40.791928 0.79
40.855430 0.78
40.918929 0.78
40.982431 0.78
41.045931 0.79
41.109431 0.79
41.172931 0.79
41.236433 0.79
41.299932 0.80
41.363432 0.78
41.426933 0.79
41.490434 0.79
41.553934 0.79
41.608935 0.78
41.672435 0.79
41.735936 0.79
41.795936 0.79
41.859436 0.78
41.922937 0.78
41.982937 0.79
42.042937 0.79
42.102939 0.78
42.162939 0.78
42.222939 0.80
42.282939 0.79
42.341315 0.79
42.397691 0.79
42.450941 0.79
42.505816 0.79
42.569318 0.79
42.632817 0.79
42.696318 0.79
42.748693 0.79
42.801943 0.79
42.856819 0.78
42.920320 0.79
42.983820 0.78
43.047321 0.79
43.099696 0.79
43.150322 0.79
43.213822 0.79
43.277322 0.79
43.340823 0.79
43.404323 0.79
43.467824 0.79
43.531324 0.79
43.594824 0.79
43.658325 0.79
43.721825 0.78
43.785326 0.79
43.848826 0.78
43.912327 0.79
43.975827 0.79
44.039328 0.79
44.102828 0.78
44.166329 0.79
44.229829 0.79
44.293330 0.79
44.356830 0.79
44.411831 0.79
44.475331 0.80
44.538832 0.79
44.598832 0.79
44.662332 0.79
44.725833 0.79
44.785833 0.79
44.849334 0.79
44.908959 0.79
44.963834 0.79
45.023835 0.78
45.083835 0.78
45.143836 0.78
45.209726 0.79
45.263239 0.78
45.337240 0.79
45.404241 0.79
45.462714 0.78
45.516480 0.79
45.585481 0.78
45.654239 0.79
45.728242 0.79
45.797481 0.80
45.861483 0.79
45.930243 0.79
46.004484 0.80
46.068245 0.79
46.142482 0.79
46.211244 0.79
46.285246 0.79
46.359246 0.79
46.433248 0.79
46.507247 0.78
46.576248 0.79
46.650361 0.79
46.719250 0.78
46.793376 0.79
46.862365 0.79
46.926252 0.79
47.000249 0.78
47.069252 0.79
47.138253 0.79
47.212252 0.79
47.281251 0.78
47.355254 0.78
47.424255 0.79
47.493370 0.78
47.562255 0.79
47.631256 0.79
47.705257 0.79
47.779255 0.79
47.837732 0.79
47.906733 0.79
47.975733 0.79
48.044733 0.79
48.108734 0.79
48.172609 0.79
48.231137 0.78
48.300135 0.79
48.364112 0.78
48.433112 0.79
48.502114 0.79
48.571264 0.79
48.631613 0.79
48.690115 0.78
48.759263 0.78
48.828265 0.79
48.897258 0.79
48.956143 0.78
49.025242 0.79
49.094742 0.79
49.164396 0.79
49.223999 0.79
49.284747 0.78
49.348870 0.79
49.412744 0.78
49.482374 0.79
49.546372 0.78
49.615150 0.79
49.684246 0.79
49.748533 0.78
49.804519 0.78
49.865402 0.79
49.924150 0.79
49.988151 0.79
50.058309 0.79
50.112880 0.79
50.182519 0.80
50.236157 0.79
50.305251 0.79
50.364761 0.78
50.424527 0.79
50.485270 0.79
50.544161 0.79
50.608159 0.78
50.663763 0.79
50.728528 0.78
50.782261 0.79
50.837523 0.78
50.896157 0.78
50.955764 0.79
51.015405 0.79
51.069165 0.79
51.133275 0.80
51.188007 0.79
51.248530 0.79
51.307653 0.78
51.371759 0.79
51.430651 0.78
51.494635 0.79
51.564767 0.79
51.629297 0.79
51.688279 0.79
51.747278 0.78
51.811425 0.78
51.876410 0.79
51.930283 0.79
51.989170 0.79
52.053278 0.79
52.112413 0.79
52.166174 0.79
52.225173 0.79
52.284168 0.78
52.343171 0.78
52.412896 0.79
52.468285 0.78
52.527174 0.79
52.591295 0.78
52.655171 0.79
52.714413 0.78
52.773303 0.79
52.832288 0.78
52.891288 0.79
52.950177 0.79
53.005417 0.79
53.060773 0.79
53.119663 0.78
53.183772 0.78
53.242665 0.79
53.304937 0.79
53.359939 0.78
53.425031 0.78
53.476485 0.79
53.546662 0.78
53.606034 0.78
53.670302 0.79
53.735433 0.79
53.796438 0.78
53.861427 0.79
53.920667 0.79
53.979406 0.78
54.043212 0.78
54.107281 0.78
54.157907 0.79
54.222031 0.79
54.290916 0.79
54.360807 0.79
54.420909 0.79
54.481948 0.79
54.537908 0.78
54.596408 0.78
54.651283 0.78
54.715033 0.78
54.783784 0.79
54.852786 0.78
54.921793 0.79
54.982161 0.78
55.046037 0.78
55.112551 0.78
55.176593 0.79
55.241164 0.78
55.309788 0.78
55.369912 0.79
55.443793 0.79
55.499166 0.78
55.567789 0.79
55.627040 0.78
55.691041 0.78
55.755046 0.78
55.819041 0.79
55.888043 0.79
55.957171 0.78
56.026043 0.79
56.095044 0.79
56.154310 0.78
56.210795 0.78
56.262181 0.78
56.325796 0.78
56.396295 0.79
56.446439 0.78
56.501427 0.79
56.560060 0.79
56.618934 0.78
56.692799 0.79
56.756936 0.78
56.815430 0.78
56.876807 0.79
56.940302 0.79
56.998803 0.79
57.062331 0.79
57.120800 0.78
57.184315 0.78
57.247806 0.78
57.306802 0.79
57.370303 0.78
57.428804 0.78
57.497931 0.79
57.558834 0.79
57.622311 0.78
57.680929 0.79
57.739305 0.78
57.797806 0.78
57.861306 0.78
57.920056 0.79
57.988936 0.80
58.057810 0.79
58.126934 0.78
58.185309 0.78
58.243935 0.79
58.302576 0.79
58.355815 0.78
58.425065 0.79
58.483937 0.78
58.548063 0.78
58.612251 0.79
58.667313 0.79
58.722336 0.79
58.782313 0.79
58.840938 0.78
58.899331 0.78
58.959333 0.79
59.015763 0.79
59.074315 0.78
59.129333 0.79
59.184192 0.78
59.242817 0.79
59.303694 0.78
59.372500 0.79
59.431193 0.78
59.494818 0.79
59.542075 0.79
59.592724 0.79
59.656224 0.79
59.714712 0.78
59.788825 0.78
59.853469 0.79
59.917833 0.78
59.978777 0.78
60.048828 0.79
60.112950 0.79
60.168729 0.78
60.224700 0.79
60.283228 0.78
60.341700 0.79
60.411474 0.79
60.475829 0.78
60.541081 0.78
60.599952 0.79
60.663953 0.79
60.741343 0.79
60.805957 0.78
60.864956 0.79
60.928954 0.79
60.997955 0.79
61.061831 0.79
61.125969 0.79
61.189957 0.79
61.258706 0.79
61.332707 0.79
61.406708 0.78
61.475837 0.79
61.544710 0.79
61.608335 0.79
61.672210 0.79
61.732238 0.79
61.787336 0.79
61.852609 0.79
61.921213 0.78
61.979590 0.78
62.043094 0.79
62.106591 0.79
62.166716 0.79
62.222238 0.79
62.280717 0.79
62.344716 0.78
62.395965 0.79
62.459841 0.79
62.528716 0.79
62.587356 0.78
62.652222 0.78
62.708597 0.79
62.762094 0.79
62.825593 0.78
62.889095 0.79
62.953243 0.79
63.012099 0.79
63.077601 0.79
63.131221 0.78
63.200098 0.79
63.258722 0.78
63.322852 0.78
63.387105 0.79
63.461099 0.78
63.524848 0.79
63.593724 0.79
63.662474 0.79
63.731103 0.79
63.794600 0.78
63.858102 0.79
63.922132 0.78
63.985601 0.79
64.054739 0.78
64.113731 0.79
64.177730 0.79
64.246496 0.79
64.301604 0.79
64.365105 0.79
64.430604 0.79
64.494605 0.79
64.563606 0.79
64.641134 0.79
64.696131 0.78
64.751132 0.79
64.815987 0.79
64.875265 0.79
64.943983 0.78
65.007485 0.79
65.076861 0.79
65.135747 0.78
65.195126 0.79
65.259146 0.79
65.320516 0.78
65.375517 0.79
65.429144 0.79
65.493154 0.79
65.554495 0.79
65.608145 0.78
65.671989 0.78
65.736145 0.78
65.799989 0.79
65.858746 0.78
65.922744 0.79
65.986868 0.79
66.037509 0.79
66.097367 0.79
66.165993 0.79
66.229505 0.79
66.292995 0.79
66.356494 0.79
66.419994 0.79
66.483495 0.79
66.546995 0.79
66.610496 0.79
66.673996 0.78
66.737497 0.78
66.800997 0.79
66.855997 0.78
66.919498 0.78
66.983001 0.78
67.046500 0.79
67.109999 0.78
67.170000 0.78
67.233500 0.79
67.297001 0.79
67.362507 0.79
67.426007 0.79
67.486005 0.79
67.549506 0.79
67.613007 0.78
67.668019 0.79
67.734636 0.78
67.784759 0.79
67.843525 0.78
67.908756 0.78
67.972397 0.78
68.024757 0.79
68.074884 0.78
68.129757 0.78
68.184758 0.79
68.248398 0.78
68.300759 0.78
68.359760 0.79
68.414760 0.79
68.469760 0.79
68.528761 0.79
68.592886 0.79
68.647762 0.78
68.702762 0.78
68.757762 0.79
68.821263 0.78
68.884887 0.79
68.943639 0.78
69.012889 0.79
69.071390 0.79
69.145408 0.79
69.219282 0.79
69.274517 0.78
69.343642 0.78
69.407767 0.79
69.471285 0.79
69.531893 0.79
69.592535 0.79
69.656272 0.79
69.711409 0.79
69.775287 0.79
69.844396 0.79
69.913287 0.79
69.968772 0.79
70.022287 0.79
70.085896 0.78
70.144413 0.79
70.204772 0.78
70.268273 0.79
70.333398 0.79
70.402274 0.79
70.467774 0.79
70.531288 0.79
70.592776 0.79
70.646293 0.79
70.715277 0.79
70.784295 0.79
70.853293 0.79
70.927419 0.79
70.991424 0.80
71.055280 0.78
71.129420 0.79
71.198298 0.78
71.272299 0.79
71.341424 0.79
71.410300 0.78
71.471313 0.79
71.524908 0.79
71.575658 0.79
71.639284 0.79
71.713308 0.79
71.782427 0.78
71.851303 0.78
71.925301 0.79
71.999316 0.78
72.068302 0.79
72.131792 0.78
72.195291 0.78
72.258791 0.79
72.322292 0.78
72.385791 0.78
72.449294 0.79
72.523290 0.79
72.592291 0.79
72.666307 0.79
72.740308 0.79
72.809432 0.78
72.873795 0.78
72.948200 0.78
73.022294 0.79
73.075798 0.78
73.149795 0.79
73.219681 0.79
73.294316 0.79
73.358314 0.79
73.422202 0.79
73.486202 0.79
73.553246 0.79
73.614052 0.79
73.677925 0.79
73.741924 0.78
73.802176 0.78
73.867675 0.79
73.926573 0.79
73.985177 0.79
74.037566 0.79
74.096317 0.78
74.160321 0.79
74.225678 0.79
74.284591 0.78
74.343304 0.78
74.407180 0.79
74.481181 0.78
74.544679 0.78
74.603211 0.78
74.677059 0.78
74.746184 0.78
74.820057 0.78
74.880183 0.79
74.943682 0.78
75.007450 0.78
75.076186 0.79
75.145213 0.79
75.219326 0.79
75.288060 0.79
75.348311 0.78
75.417187 0.79
75.491188 0.79
75.565330 0.79
75.634330 0.79
75.703314 0.79
75.772489 0.79
75.822689 0.78
75.877580 0.79
75.936332 0.79
76.005191 0.79
76.074192 0.78
76.134567 0.78
76.193076 0.79
76.258571 0.79
76.317075 0.78
76.378699 0.78
76.444076 0.79
76.509695 0.79
76.583570 0.78
76.642079 0.79
76.711952 0.78
76.773270 0.79
76.832835 0.79
76.892323 0.78
76.952352 0.79
77.003074 0.79
77.061699 0.79
77.130825 0.79
77.189700 0.79
77.248834 0.80
77.312950 0.79
77.376575 0.78
77.440083 0.79
77.503702 0.78
77.562081 0.79
77.631580 0.79
77.685087 0.79
77.748579 0.79
77.807581 0.79
77.866083 0.79
77.930083 0.78
77.994346 0.80
78.063349 0.79
78.127207 0.79
78.191272 0.78
78.250089 0.78
78.324247 0.79
78.383231 0.79
78.447721 0.78
78.508841 0.79
78.573240 0.78
78.637711 0.79
78.706961 0.79
78.775837 0.79
78.831992 0.79
78.890587 0.79
78.941713 0.78
79.005463 0.79
79.064095 0.78
79.132964 0.79
79.193096 0.79
79.256965 0.79
79.309482 0.78
79.363092 0.78
79.423591 0.79
79.478717 0.79
79.542608 0.78
79.606718 0.78
79.665593 0.79
79.729470 0.79
79.783263 0.78
79.841972 0.79
79.911220 0.78
79.970129 0.78
80.039240 0.79
80.098238 0.78
80.162097 0.79
80.220487 0.79
80.279098 0.80
80.337598 0.79
80.396613 0.79
80.460599 0.79
80.519616 0.79
80.593853 0.79
80.654243 0.78
80.713107 0.78
80.771491 0.79
80.829976 0.78
80.903852 0.79
80.965853 0.79
81.024604 0.78
81.085300 0.78
81.140486 0.78
81.195484 0.79
81.261106 0.79
81.319480 0.79
81.383249 0.79
81.443232 0.78
81.511984 0.79
81.575624 0.78
81.636159 0.79
81.699858 0.79
81.758613 0.79
81.809989 0.79
81.868986 0.79
81.927484 0.79
81.982504 0.79
82.037366 0.79
82.090988 0.79
82.149860 0.79
82.209988 0.79
82.257237 0.78
82.306613 0.79
82.359862 0.79
82.429152 0.79
82.492989 0.79
82.557193 0.79
82.612507 0.79
82.670991 0.79
82.730871 0.79
82.794368 0.79
82.852992 0.78
82.912868 0.78
82.976368 0.79
83.039868 0.80
83.103368 0.78
83.166994 0.78
83.235745 0.78
83.304370 0.79
83.354374 0.78
83.408539 0.79
83.478762 0.79
83.553322 0.78
83.610252 0.79
83.673748 0.79
83.727391 0.79
83.780999 0.78
83.841253 0.79
83.905413 0.79
83.964000 0.79
84.032749 0.79
84.092875 0.79
84.156379 0.79
84.211517 0.79
84.262644 0.79
84.326253 0.78
84.384753 0.79
84.444877 0.79
84.519175 0.78
84.577755 0.79
84.636506 0.78
84.700256 0.79
84.758881 0.79
84.819786 0.80
84.867161 0.79
84.917784 0.78
84.965133 0.79
85.020134 0.78
85.074759 0.79
85.127164 0.79
85.186009 0.78
85.236789 0.79
85.295260 0.79
85.353761 0.79
85.419281 0.78
85.477761 0.78
85.541260 0.79
85.599761 0.78
85.663513 0.78
85.717013 0.78
85.781013 0.78
85.836764 0.79
85.900279 0.79
85.953765 0.79
86.017269 0.78
86.071314 0.79
86.136017 0.78
86.190307 0.79
86.249203 0.78
86.309893 0.79
86.379268 0.78
86.443193 0.79
86.509187 0.80
86.570184 0.78
86.630895 0.78
86.689287 0.78
86.747770 0.78
86.816771 0.79
86.890771 0.79
86.964897 0.79
87.028772 0.79
87.098023 0.79
87.156898 0.79
87.220899 0.78
87.284900 0.78
87.349025 0.79
87.407900 0.78
87.471901 0.79
87.535901 0.78
87.599902 0.79
87.663903 0.79
87.727777 0.79
87.791779 0.79
87.855903 0.78
87.919779 0.79
87.983904 0.78
88.047779 0.79
88.111905 0.78
88.172031 0.79
88.230782 0.78
88.291032 0.79
88.349783 0.79
88.413783 0.79
88.477908 0.79
88.538033 0.78
88.596783 0.79
88.660784 0.79
88.724785 0.79
88.788785 0.79
88.852786 0.78
88.916787 0.79
88.977037 0.79
89.035788 0.79
89.105164 0.79
89.169165 0.79
89.238679 0.79
89.307914 0.79
89.372039 0.79
89.432790 0.79
89.501791 0.79
89.565792 0.79
89.629917 0.79
89.698918 0.78
89.762793 0.79
89.826793 0.78
89.896170 0.78
89.960195 0.79
90.019170 0.78
90.083322 0.79
90.136920 0.78
90.200796 0.78
90.264921 0.79
90.318313 0.79
90.367922 0.79
90.421174 0.78
90.485188 0.79
90.540325 0.79
90.589924 0.79
90.648798 0.79
90.712925 0.78
90.762317 0.79
90.811925 0.80
90.862553 0.79
90.922555 0.79
90.982554 0.79
91.037556 0.79
91.092556 0.79
91.152557 0.79
91.212557 0.78
91.268557 0.79
91.332181 0.78
91.388559 0.79
91.447571 0.79
91.521694 0.79
91.590806 0.79
91.660183 0.79
91.724183 0.79
91.793699 0.79
91.862808 0.79
91.926933 0.79
91.990698 0.78
92.065059 0.79
92.128936 0.78
92.187810 0.79
92.256702 0.78
92.325700 0.79
92.389701 0.78
92.448063 0.79
92.503063 0.78
92.568701 0.79
92.637703 0.79
92.696190 0.79
92.761705 0.79
92.820190 0.79
92.875065 0.79
92.933691 0.79
92.997705 0.79
93.074942 0.78
93.138706 0.78
93.197075 0.78
93.255709 0.79
93.319709 0.79
93.397077 0.79
93.455708 0.79
93.524709 0.78
93.579196 0.78
93.632711 0.79
93.688448 0.79
93.747079 0.79
93.801822 0.78
93.865823 0.79
93.920824 0.79
93.975824 0.79
94.026474 0.79
94.077476 0.79
94.128468 0.79
94.179456 0.78
94.239454 0.79
94.299458 0.78
94.359454 0.79
94.419458 0.79
94.483353 0.79
94.545593 0.79
94.619828 0.78
94.684083 0.79
94.758356 0.79
94.835830 0.79
94.899831 0.78
94.971956 0.79
95.037356 0.79
95.101597 0.79
95.165359 0.79
95.223958 0.79
95.289597 0.79
95.353359 0.79
95.411960 0.79
95.472360 0.79
95.537836 0.79
95.601362 0.79
95.675711 0.79
95.739603 0.79
95.808837 0.79
95.872364 0.79
95.932838 0.78
95.996480 0.79
96.051090 0.78
96.119840 0.79
96.183365 0.78
96.244966 0.78
96.303607 0.79
96.358092 0.79
96.426842 0.79
96.490483 0.78
96.564357 0.79
96.625350 0.79
96.684845 0.78
96.743484 0.79
96.812721 0.79
96.876721 0.79
96.940721 0.79
97.004722 0.78
97.068847 0.78
97.123722 0.79
97.187723 0.79
97.251848 0.78
97.310848 0.79
97.374363 0.79
97.448248 0.79
97.516850 0.79
97.582249 0.78
97.650850 0.79
97.711744 0.79
97.781868 0.79
97.846158 0.79
97.910496 0.79
97.974501 0.79
98.038480 0.78
98.107731 0.78
98.161248 0.79
98.216480 0.79
98.274856 0.79
98.334855 0.78
98.394856 0.79
98.454856 0.79
98.514857 0.78
98.574857 0.79
98.634858 0.79
98.694858 0.79
98.753234 0.79
98.813235 0.78
98.873360 0.78
98.932985 0.79
98.986236 0.79
99.046361 0.79
99.101362 0.79
99.156362 0.79
99.203612 0.78
99.252987 0.79
99.306238 0.79
99.358613 0.78
99.407989 0.78
99.461239 0.79
99.524740 0.79
99.588240 0.78
99.640615 0.80
99.691243 0.78
99.754741 0.79
99.818243 0.78
99.887386 0.78
99.951244 0.79
100.025744 0.79
100.091245 0.79
100.160245 0.78
100.229246 0.79
100.298246 0.79
100.367246 0.79
100.436247 0.79
100.505248 0.79
100.574248 0.79
100.643249 0.79
100.712249 0.79
100.781249 0.79
100.850250 0.78
100.919251 0.78
100.993393 0.78
101.057252 0.79
101.126252 0.79
101.195253 0.79
101.264253 0.79
101.317754 0.79
101.386879 0.78
101.440254 0.79
101.500756 0.78
101.564631 0.79
101.623397 0.79
101.682161 0.79
101.751275 0.79
101.811758 0.79
101.875883 0.79
101.930883 0.78
101.985884 0.79
102.049650 0.79
102.108278 0.79
102.172287 0.79
102.232761 0.79
102.296636 0.79
102.350164 0.79
102.414530 0.79
102.478278 0.79
102.538638 0.80
102.597406 0.79
102.661281 0.79
102.730764 0.79
102.789764 0.79
102.848765 0.79
102.912658 0.79
102.966172 0.79
103.030282 0.79
103.099767 0.78
103.163893 0.78
103.222768 0.78
103.286769 0.79
103.356019 0.79
103.418412 0.79
103.477176 0.79
103.541173 0.79
103.605288 0.78
103.674771 0.79
103.738897 0.79
103.808299 0.79
103.872177 0.79
103.936177 0.79
104.000179 0.79
104.064292 0.79
104.133775 0.78
104.194180 0.78
104.258293 0.79
104.322306 0.79
104.382544 0.79
104.441294 0.78
104.500182 0.79
104.564182 0.79
104.628183 0.78
104.687183 0.79
104.746184 0.79
104.810296 0.79
104.869184 0.79
104.933298 0.79
104.992185 0.78
105.056298 0.78
105.115186 0.78
105.179188 0.79
105.238188 0.79
105.302188 0.79
105.361187 0.79
105.425189 0.78
105.484190 0.79
105.548302 0.79
105.607192 0.79
105.671191 0.79
105.730190 0.78
105.794304 0.79
105.853192 0.79
105.917303 0.79
105.976193 0.78
106.040290 0.78
106.108913 0.79
106.169039 0.79
106.232540 0.78
106.296039 0.78
106.359540 0.79
106.423041 0.79
106.486542 0.79
106.550041 0.79
106.613542 0.79
106.677043 0.78
106.740543 0.78
106.804043 0.78
106.867544 0.79
106.927545 0.79
106.987545 0.79
107.047545 0.78
107.107546 0.79
107.167546 0.79
107.227547 0.78
107.282423 0.79
107.345922 0.78
107.407298 0.78
107.460549 0.79
107.515425 0.79
107.578924 0.79
107.639049 0.78
107.694050 0.79
107.741301 0.78
107.791928 0.79
107.855426 0.79
107.918926 0.79
107.971303 0.78
108.021929 0.78
108.085428 0.79
108.148928 0.79
108.201305 0.79
108.260930 0.78
108.324430 0.79
108.387930 0.71
108.451431 0.71
108.514931 0.75
108.578432 0.68
108.641932 0.72
108.705433 0.70
108.768933 0.72
108.832434 0.68
108.895934 0.69
108.959434 0.71
109.022935 0.73
109.086436 0.72
109.149936 0.74
109.213437 0.72
109.276937 0.72
109.340438 0.69
109.403937 0.72
109.467438 0.70
109.522439 0.73
109.582439 0.72
109.645939 0.71
109.709440 0.74
109.769440 0.67
109.829441 0.73
109.889443 0.73
109.952943 0.72
110.016444 0.72
110.071462 0.72
110.122587 0.69
110.186346 0.72
110.249945 0.68
110.297230 0.70
110.355946 0.72
110.403223 0.73
110.462080 0.71
110.530947 0.72
110.587589 0.72
110.641076 0.72
110.704948 0.71
110.774082 0.68
110.841076 0.73
110.900078 0.70
110.967591 0.71
111.029594 0.68
111.083080 0.73
111.142081 0.71
111.201080 0.72
111.268595 0.72
111.341085 0.71
111.408595 0.71
111.481085 0.70
111.548597 0.72
111.626084 0.71
111.685084 0.70
111.749084 0.73
111.813085 0.72
111.872084 0.75
111.936087 0.71
111.989958 0.68
112.059088 0.66
112.118091 0.70
112.172088 0.69
112.231088 0.73
112.295087 0.73
112.354087 0.73
112.413087 0.71
112.472088 0.68
112.530962 0.72
112.595089 0.71
112.654089 0.70
112.713093 0.73
112.768606 0.68
112.827604 0.72
112.891839 0.70
112.947091 0.71
113.006092 0.71
113.065092 0.71
113.123966 0.73
113.187967 0.72
113.242609 0.72
113.301360 0.69
113.370361 0.69
113.439485 0.74
113.498361 0.68
113.563721 0.71
113.619750 0.82
113.688970 0.82
113.757971 0.82
113.826971 0.83
113.895847 0.81
113.959972 0.83
114.023848 0.84
114.082223 0.83
114.145722 0.82
114.209224 0.82
114.272724 0.81
114.336225 0.83
114.399725 0.84
114.463226 0.82
114.526726 0.84
114.590226 0.83
114.653727 0.84
114.727602 0.83
114.787728 0.83
114.851228 0.82
114.914728 0.84
114.978235 0.83
115.041733 0.70
115.105231 0.70
115.160231 0.70
115.223731 0.70
115.287231 0.70
115.342232 0.70
115.402232 0.70
115.462233 0.70
115.517233 0.70
115.577235 0.70
115.632110 0.70
115.695610 0.70
115.760735 0.70
115.824739 0.70
115.883870 0.70
115.938989 0.70
115.998121 0.70
116.062266 0.70
116.123626 0.70
116.177242 0.70
116.242993 0.70
116.301741 0.70
116.370740 0.70
116.434741 0.70
116.495617 0.70
116.554118 0.70
116.608992 0.70
116.672867 0.70
116.731868 0.70
116.791745 0.70
116.850120 0.70
116.908869 0.70
116.977870 0.69
117.036745 0.70
117.095122 0.70
117.164246 0.70
117.238621 0.69
117.307637 0.70
117.382124 0.70
117.446248 0.70
117.520125 0.70
117.578875 0.69
117.647518 0.70
117.702875 0.70
117.771501 0.70
117.826750 0.70
117.885128 0.71
117.940128 0.70
118.004252 0.70
118.068145 0.70
118.132254 0.69
118.187254 0.69
118.240754 0.70
118.309879 0.70
118.368755 0.70
118.427756 0.70
118.491756 0.70
118.550133 0.70
118.614134 0.70
118.683258 0.70
118.752134 0.70
118.821258 0.69
118.874508 0.70
118.940259 0.70
118.993761 0.70
119.057885 0.70
119.108514 0.70
119.167137 0.70
119.225762 0.69
119.294637 0.69
119.353012 0.70
119.411889 0.70
119.462520 0.70
119.521140 0.70
119.586516 0.70
119.641515 0.70
119.700532 0.70
119.774641 0.70
119.838641 0.70
119.894519 0.70
119.958017 0.70
120.021892 0.70
120.085643 0.69
120.156644 0.70
120.230894 0.70
120.294770 0.70
120.363907 0.70
120.422771 0.70
120.486646 0.70
120.550663 0.70
120.614902 0.70
120.678663 0.70
120.742648 0.70
120.801150 0.70
120.861415 0.70
120.916774 0.70
120.980414 0.70
121.054524 0.71
121.123775 0.69
121.182651 0.70
121.251401 0.71
121.317027 0.70
121.375652 0.70
121.434670 0.69
121.490408 0.70
121.537779 0.70
121.592429 0.70
121.639779 0.70
121.704030 0.69
121.765409 0.70
121.820424 0.70
121.881415 0.69
121.935031 0.69
121.999032 0.70
122.068032 0.70
122.142658 0.70
122.211550 0.70
122.272427 0.70
122.325909 0.70
122.389535 0.70
122.463285 0.70
122.526911 0.70
122.590432 0.70
122.664537 0.70
122.729304 0.70
122.784539 0.70
122.855303 0.70
122.923914 0.70
122.982789 0.70
123.046430 0.70
123.120666 0.70
123.184416 0.70
123.258306 0.70
123.318917 0.70
123.373917 0.70
123.434559 0.70
123.493183 0.70
123.553544 0.70
123.611918 0.70
123.670436 0.70
123.734420 0.70
123.808312 0.70
123.873796 0.70
123.932311 0.69
123.997921 0.70
124.061547 0.70
124.125441 0.70
124.190798 0.70
124.254316 0.70
124.323565 0.70
124.392432 0.69
124.461567 0.70
124.525551 0.70
124.594567 0.70
124.650303 0.70
124.705333 0.70
124.774320 0.70
124.843553 0.70
124.912321 0.70
124.986436 0.70
125.055305 0.70
125.107805 0.70
125.166321 0.70
125.235322 0.70
125.309306 0.70
125.383311 0.70
125.457307 0.70
125.531323 0.70
125.605575 0.69
125.674451 0.70
125.732809 0.70
125.786575 0.70
125.855811 0.70
125.919360 0.70
125.993812 0.70
126.057813 0.70
126.123313 0.70
126.186816 0.70
126.250341 0.70
126.324941 0.70
126.388940 0.70
126.457940 0.70
126.521941 0.70
126.589694 0.70
126.639714 0.70
126.700947 0.70
126.761706 0.70
126.825819 0.70
126.889693 0.70
126.953461 0.70
127.022195 0.70
127.087695 0.70
127.142945 0.70
127.206946 0.70
127.271320 0.70
127.318697 0.70
127.372697 0.70
127.426198 0.70
127.487572 0.70
127.542698 0.70
127.596589 0.70
127.660324 0.70
127.716824 0.70
127.776825 0.69
127.835826 0.70
127.886575 0.70
127.950591 0.69
128.009344 0.71
128.079231 0.70
128.153715 0.70
128.217232 0.70
128.286712 0.70
128.350829 0.70
128.425082 0.70
128.483705 0.70
128.542955 0.70
128.601705 0.70
128.665334 0.70
128.729359 0.70
128.802083 0.71
128.862973 0.70
128.921834 0.70
128.985844 0.70
129.044236 0.70
129.113607 0.70
129.177835 0.70
129.252836 0.71
129.318238 0.70
129.387837 0.70
129.453231 0.70
129.517089 0.70
129.572494 0.70
129.631354 0.70
129.700368 0.70
129.764357 0.70
129.828358 0.70
129.877840 0.70
129.931505 0.70
129.995370 0.70
130.059359 0.70
130.114129 0.70
130.183968 0.70
130.247843 0.70
130.301233 0.70
130.357719 0.70
130.427237 0.70
130.487595 0.70
130.541096 0.70
130.605249 0.70
130.669846 0.70
130.723249 0.70
130.782249 0.70
130.851366 0.70
130.915848 0.70
130.969253 0.70
131.028104 0.71
131.092364 0.70
131.151254 0.70
131.210365 0.70
131.274851 0.69
131.328387 0.70
131.387103 0.70
131.456501 0.70
131.515104 0.70
131.579866 0.70
131.638621 0.70
131.697627 0.70
131.756372 0.70
131.820385 0.70
131.879106 0.70
131.943370 0.70
132.007622 0.69
132.073857 0.70
132.134374 0.70
132.189374 0.70
132.248260 0.69
132.312121 0.71
132.376264 0.70
132.435113 0.70
132.499128 0.70
132.568253 0.70
132.627126 0.70
132.691140 0.70
132.746147 0.70
132.810113 0.70
132.874750 0.69
132.933506 0.70
132.997864 0.70
133.056739 0.70
133.117267 0.70
133.176116 0.70
133.240117 0.70
133.304117 0.70
133.368122 0.70
133.431992 0.70
133.501119 0.69
133.565371 0.70
133.624119 0.70
133.687996 0.70
133.752123 0.70
133.811408 0.70
133.865121 0.70
133.934246 0.70
133.993139 0.70
134.062997 0.70
134.132124 0.70
134.196125 0.70
134.260125 0.70
134.324388 0.70
134.388000 0.70
134.452143 0.70
134.512525 0.70
134.567626 0.70
134.637193 0.70
134.696131 0.70
134.757012 0.70
134.815627 0.70
134.885132 0.70
134.948878 0.70
135.018130 0.70
135.082254 0.70
135.132131 0.70
135.190630 0.70
135.259880 0.70
135.320132 0.70
135.384006 0.70
135.453317 0.70
135.527399 0.70
135.582634 0.70
135.628634 0.70
135.688888 0.71
135.743634 0.70
135.812766 0.70
135.881525 0.70
135.956291 0.70
136.006886 0.70
136.071278 0.70
136.134887 0.70
136.187279 0.70
136.251013 0.70
136.312889 0.70
136.368890 0.70
136.438014 0.70
136.496643 0.69
136.551765 0.70
136.610641 0.70
136.669656 0.70
136.738656 0.70
136.792659 0.70
136.846017 0.69
136.915018 0.71
136.984563 0.70
137.048410 0.70
137.117537 0.70
137.181409 0.69
137.246896 0.70
137.310663 0.70
137.369411 0.70
137.427896 0.70
137.487022 0.70
137.556026 0.70
137.619898 0.70
137.694430 0.70
137.749666 0.69
137.805342 0.70
137.874543 0.70
137.938543 0.70
138.007543 0.70
138.072026 0.70
138.136026 0.70
138.191155 0.70
138.249902 0.70
138.314031 0.70
138.373029 0.70
138.436903 0.70
138.492155 0.70
138.551029 0.70
138.610781 0.70
138.667548 0.70
138.726560 0.70
138.791176 0.69
138.850034 0.69
138.909167 0.70
138.963036 0.70
139.018348 0.70
139.088557 0.70
139.143790 0.70
139.199788 0.70
139.255790 0.70
139.320430 0.70
139.390047 0.70
139.444040 0.70
139.503041 0.70
139.562561 0.70
139.616306 0.70
139.681041 0.70
139.740040 0.70
139.804559 0.70
139.863305 0.70
139.917044 0.70
139.981042 0.69
140.050042 0.70
140.108917 0.70
140.172919 0.70
140.231437 0.70
140.296181 0.70
140.357438 0.70
140.422045 0.70
140.485795 0.70
140.545441 0.70
140.605922 0.70
140.669922 0.70
140.733921 0.70
140.793442 0.70
140.852330 0.70
140.921926 0.70
140.980925 0.70
141.056051 0.70
141.109798 0.70
141.173314 0.70
141.228316 0.70
141.292447 0.70
141.351178 0.70
141.421055 0.70
141.479928 0.70
141.544054 0.70
141.599053 0.70
141.658053 0.70
141.716928 0.70
141.777057 0.70
141.832182 0.70
141.907055 0.70
141.966055 0.70
142.026720 0.70
142.095807 0.70
142.165324 0.70
142.221057 0.70
142.284936 0.70
142.340713 0.70
142.399212 0.70
142.457809 0.70
142.535707 0.69
142.604936 0.70
142.670811 0.70
142.729187 0.70
142.795189 0.70
142.858937 0.70
142.928188 0.70
142.983337 0.70
143.042333 0.70
143.101190 0.70
143.156940 0.70
143.220814 0.70
143.280193 0.70
143.345816 0.70
143.405197 0.70
143.470818 0.70
143.530372 0.70
143.596354 0.70
143.666078 0.70
143.721347 0.70
143.786083 0.70
143.839945 0.70
143.904226 0.70
143.968195 0.70
144.050947 0.70
144.109959 0.70
144.160079 0.70
144.223946 0.70
144.274620 0.70
144.338823 0.70
144.393951 0.70
144.447950 0.70
144.507080 0.70
144.563611 0.70
144.618640 0.70
144.678951 0.70
144.737828 0.70
144.806826 0.70
144.871104 0.70
144.927612 0.70
144.991830 0.70
145.056237 0.70
145.125965 0.70
145.186957 0.70
145.245957 0.70
145.300249 0.70
145.374968 0.70
145.439086 0.70
145.508476 0.70
145.579475 0.70
145.635260 0.70
145.694237 0.70
145.763712 0.70
145.827960 0.70
145.892840 0.70
145.946837 0.70
146.006097 0.70
146.070089 0.70
146.134836 0.70
146.193964 0.70
146.248118 0.70
146.314718 0.70
146.369109 0.70
146.435846 0.70
146.490097 0.70
146.551104 0.70
146.615355 0.70
146.674483 0.70
146.748843 0.70
146.807842 0.70
146.866844 0.71
146.921102 0.70
146.985220 0.70
147.044847 0.69
147.094845 0.70
147.149140 0.70
147.209220 0.70
147.269724 0.70
147.324846 0.70
147.374981 0.69
147.435723 0.70
147.495984 0.70
147.560850 0.70
147.615975 0.70
147.681724 0.70
147.745723 0.70
147.810128 0.70
147.875618 0.70
147.939850 0.70
147.994975 0.70
148.060600 0.70
148.124726 0.70
148.194131 0.70
148.268730 0.70
148.337852 0.70
148.396853 0.70
148.455853 0.70
148.519982 0.70
148.584135 0.70
148.658857 0.70
148.717857 0.70
148.772145 0.70
148.830982 0.70
148.905988 0.70
148.970501 0.70
149.030155 0.70
149.089147 0.70
149.158986 0.70
149.228503 0.70
149.294864 0.70
149.355987 0.70
149.425987 0.70
149.495516 0.70
149.559989 0.70
149.629382 0.70
149.688990 0.70
149.758997 0.70
149.819380 0.70
149.893744 0.70
149.952991 0.70
150.022873 0.70
150.091990 0.70
150.157509 0.70
150.222741 0.70
150.275991 0.70
150.334366 0.70
150.386744 0.70
150.437368 0.70
150.500867 0.70
150.564368 0.70
150.627869 0.69
150.691370 0.70
150.754879 0.70
150.818373 0.70
150.881872 0.70
150.945371 0.70
151.008871 0.70
151.072372 0.70
151.135881 0.70
151.194378 0.70
151.257875 0.70
151.321375 0.70
151.384874 0.70
151.448375 0.70
151.511880 0.70
151.575375 0.69
151.638879 0.70
151.693877 0.69
151.757386 0.69
151.820880 0.70
151.881263 0.70
151.941384 0.70
152.004889 0.70
152.064884 0.70
152.119891 0.70
152.179889 0.70
152.243380 0.70
152.306883 0.70
152.366881 0.70
152.421760 0.70
152.485259 0.70
152.545390 0.70
152.592634 0.70
152.643270 0.70
152.706759 0.70
152.770259 0.70
152.826510 0.70
152.881009 0.70
152.944763 0.70
153.008263 0.69
153.060642 0.70
153.111266 0.70
153.174765 0.69
153.238264 0.70
153.301770 0.70
153.365268 0.70
153.417641 0.70
153.468267 0.70
153.531775 0.70
153.595268 0.70
153.658778 0.70
153.722273 0.70
153.785771 0.70
153.849270 0.70
153.912769 0.70
153.976269 0.70
154.039773 0.70
154.103270 0.70
154.166770 0.70
154.230273 0.70
154.293771 0.69
154.357277 0.70
154.420774 0.71
154.475773 0.70
154.530773 0.70
154.585782 0.69
154.649273 0.70
154.712773 0.69
154.767774 0.70
154.822777 0.70
154.882777 0.70
154.942787 0.70
155.006281 0.70
155.069790 0.70
155.129785 0.70
155.189782 0.70
155.244664 0.70
155.308160 0.70
155.360538 0.70
155.413782 0.70
155.477290 0.70
155.532409 0.70
155.588161 0.70
155.651659 0.70
155.715159 0.70
155.778664 0.70
155.842162 0.70
155.894538 0.69
155.958162 0.70
156.019546 0.70
156.070168 0.70
156.128670 0.70
156.192169 0.70
156.244547 0.70
156.304171 0.70
156.367666 0.70
156.431174 0.70
156.494667 0.70
156.558175 0.70
156.621667 0.70
156.685165 0.70
156.748664 0.70
156.812165 0.70
156.875664 0.70
156.939166 0.70
157.002666 0.69
157.066170 0.70
157.129668 0.70
157.193174 0.70
157.256670 0.70
157.320171 0.70
157.383669 0.70
157.438673 0.70
157.502173 0.70
157.565678 0.70
157.620675 0.70
157.675674 0.70
157.735673 0.70
157.795685 0.70
157.855672 0.70
157.915685 0.70
157.979177 0.70
158.042674 0.70
158.101054 0.70
158.161178 0.70
158.216178 0.70
158.267302 0.69
158.323063 0.70
158.374306 0.70
158.432679 0.70
158.491054 0.70
158.547303 0.70
158.603060 0.70
158.666575 0.70
158.730066 0.70
158.800061 0.70
158.863560 0.70
158.927058 0.70
158.990564 0.69
159.049060 0.70
159.112559 0.70
159.176057 0.70
159.239557 0.69
159.303058 0.70
159.366561 0.70
159.430060 0.70
159.493565 0.70
159.557064 0.70
159.620566 0.70
159.684078 0.70
159.747568 0.70
159.811066 0.70
159.874565 0.70
159.933066 0.70
159.996562 0.70
160.060063 0.70
160.123602 0.70
160.198192 0.69
160.262078 0.70
160.327586 0.70
160.393463 0.70
160.450588 0.70
160.505823 0.70
160.565464 0.70
160.625568 0.70
160.685571 0.69
160.740695 0.70
160.801077 0.70
160.864571 0.70
160.924572 0.70
160.983079 0.70
161.039699 0.70
161.099949 0.70
161.164078 0.70
161.223076 0.70
161.278077 0.70
161.329198 0.70
161.384979 0.70
161.441828 0.70
161.500577 0.70
161.559707 0.70
161.618595 0.70
161.676950 0.70
161.729326 0.70
161.783827 0.70
161.852454 0.70
161.915954 0.69
161.979454 0.70
162.042956 0.70
162.106707 0.70
162.170464 0.70
162.234089 0.70
162.293104 0.70
162.362959 0.70
162.437268 0.69
162.491085 0.70
162.559968 0.69
162.623460 0.70
162.687283 0.70
162.744354 0.70
162.807972 0.70
162.882255 0.70
162.941257 0.69
162.997098 0.70
163.056466 0.70
163.121840 0.70
163.177229 0.70
163.241971 0.70
163.300966 0.70
163.376109 0.70
163.440261 0.69
163.494612 0.70
163.553969 0.70
163.622967 0.70
163.677591 0.70
163.732607 0.70
163.796467 0.70
163.851607 0.70
163.910486 0.70
163.979364 0.70
164.043596 0.69
164.102597 0.70
164.161344 0.70
164.225118 0.70
164.284474 0.70
164.348488 0.70
164.415117 0.69
164.474726 0.70
164.528491 0.69
164.593973 0.70
164.652973 0.70
164.717129 0.70
164.775974 0.70
164.835635 0.70
164.894350 0.70
164.957849 0.70
165.031851 0.70
165.105977 0.69
165.174852 0.70
165.238603 0.70
165.297497 0.70
165.361355 0.70
165.425422 0.69
165.486609 0.70
165.550643 0.70
165.608182 0.70
165.669361 0.70
165.731938 0.70
165.786505 0.70
165.860362 0.70
165.925984 0.69
165.989984 0.70
166.048983 0.70
166.109152 0.70
166.167985 0.70
166.227281 0.70
166.282627 0.70
166.341522 0.70
166.395501 0.70
166.469373 0.70
166.532864 0.71
166.596998 0.69
166.651522 0.70
166.706772 0.71
166.754306 0.70
166.810783 0.70
166.861992 0.71
166.931870 0.70
166.991185 0.70
167.044992 0.70
167.108871 0.70
167.173510 0.70
167.226993 0.70
167.281512 0.70
167.334993 0.70
167.399157 0.70
167.452995 0.69
167.516874 0.70
167.580872 0.70
167.655876 0.70
167.725517 0.70
167.785315 0.70
167.850000 0.70
167.914878 0.70
167.979248 0.70
168.037873 0.70
168.111624 0.70
168.170515 0.70
168.229250 0.69
168.288003 0.70
168.351751 0.70
168.415518 0.70
168.469002 0.70
168.532880 0.70
168.591752 0.70
168.650882 0.70
168.714755 0.70
168.783884 0.70
168.843524 0.70
168.902257 0.70
168.962880 0.70
169.027197 0.71
169.092676 0.70
169.148419 0.70
169.208181 0.70
169.269018 0.70
169.323306 0.70
169.383401 0.70
169.437183 0.70
169.501529 0.70
169.561893 0.71
169.615888 0.70
169.676012 0.70
169.730294 0.70
169.790899 0.70
169.846013 0.70
169.899273 0.70
169.957640 0.70
170.010014 0.70
170.060639 0.70
170.124139 0.70
170.187893 0.70
170.251891 0.70
170.315895 0.70
170.374767 0.70
170.444417 0.70
170.498305 0.70
170.568026 0.70
170.618289 0.70
170.682780 0.70
170.737423 0.70
170.797024 0.70
170.852898 0.70
170.917022 0.70
170.975895 0.70
171.045286 0.70
171.119771 0.70
171.188648 0.70
171.257898 0.69
171.322186 0.70
171.381294 0.70
171.450774 0.69
171.510185 0.70
171.580036 0.70
171.641029 0.70
171.702221 0.69
171.756420 0.70
171.810460 0.70
171.875328 0.70
171.934904 0.70
171.985346 0.70
172.045034 0.70
172.100566 0.70
172.154295 0.70
172.209793 0.70
172.264200 0.70
172.323568 0.70
172.383339 0.70
172.433305 0.70
172.497795 0.70
172.553035 0.70
172.618795 0.70
172.673332 0.70
172.737912 0.70
172.796910 0.70
172.852047 0.70
172.908564 0.70
172.962160 0.70
173.027662 0.70
173.092923 0.70
173.143540 0.70
173.198570 0.70
173.268669 0.70
173.338202 0.70
173.398800 0.70
173.458043 0.70
173.512042 0.69
173.565916 0.70
173.625177 0.70
173.699793 0.70
173.769796 0.70
173.834044 0.70
173.908793 0.70
173.978042 0.70
174.039170 0.70
174.108435 0.70
174.180046 0.70
174.240933 0.69
174.310921 0.70
174.364810 0.70
174.426216 0.70
174.490440 0.70
174.550181 0.70
174.619926 0.70
174.684946 0.70
174.749927 0.70
174.803925 0.70
174.857800 0.70
174.921804 0.70
174.980926 0.70
175.035192 0.70
175.094209 0.70
175.154688 0.70
175.213929 0.70
175.267816 0.70
175.318185 0.70
175.382807 0.70
175.437191 0.70
175.502060 0.70
175.566940 0.70
175.627475 0.70
175.693470 0.70
175.753932 0.70
175.808191 0.70
175.853807 0.70
175.908940 0.70
175.969575 0.70
176.043819 0.70
176.109684 0.70
176.178945 0.70
176.248061 0.70
176.322941 0.70
176.381813 0.70
176.445595 0.70
176.511688 0.70
176.570579 0.70
176.634689 0.70
176.699088 0.70
176.768692 0.70
176.838066 0.70
176.902064 0.70
176.971066 0.70
177.040065 0.70
177.105691 0.70
177.174442 0.70
177.227941 0.70
177.296942 0.70
177.356078 0.69
177.411584 0.70
177.475948 0.70
177.531076 0.70
177.591826 0.70
177.651084 0.70
177.711353 0.70
177.775586 0.70
177.839696 0.69
177.903588 0.70
177.967714 0.70
178.021699 0.70
178.081089 0.70
178.140451 0.70
178.204710 0.70
178.255102 0.70
178.314599 0.70
178.373611 0.71
178.432954 0.70
178.507830 0.70
178.566955 0.70
178.631487 0.70
178.706961 0.70
178.778384 0.70
178.837963 0.70
178.913371 0.70
178.983355 0.70
179.047841 0.70
179.114259 0.70
179.174099 0.70
179.233840 0.70
179.303846 0.70
179.379266 0.70
179.438963 0.70
179.509263 0.70
179.574089 0.70
179.633847 0.70
179.717471 0.70
179.782112 0.69
179.846840 0.70
179.907985 0.70
179.972606 0.70
180.036605 0.70
180.090841 0.70
180.151609 0.70
180.215483 0.70
180.279729 0.71
180.344723 0.70
180.414855 0.69
180.475729 0.70
180.540615 0.69
180.599980 0.70
180.659619 0.70
180.714105 0.70
180.775494 0.70
180.829599 0.70
180.879981 0.70
180.939638 0.70
180.989981 0.70
181.049731 0.70
181.119488 0.70
181.178365 0.70
181.237266 0.70
181.297725 0.70
181.351241 0.70
181.410855 0.70
181.476727 0.70
181.530976 0.70
181.590732 0.70
181.655736 0.70
181.725504 0.69
181.786978 0.70
181.856727 0.70
181.910607 0.69
181.969381 0.70
182.028492 0.70
182.087855 0.69
182.157499 0.69
182.211980 0.70
182.265857 0.70
182.335990 0.70
182.395736 0.70
182.456994 0.70
182.521986 0.70
182.580860 0.70
182.650502 0.69
182.709498 0.70
182.768503 0.69
182.832500 0.70
182.891500 0.70
182.950624 0.70
183.015364 0.70
183.079504 0.70
183.129619 0.70
183.183489 0.70
183.244155 0.70
183.308255 0.70
183.367654 0.70
183.431737 0.70
183.501623 0.70
183.560256 0.70
183.615877 0.70
183.674632 0.70
183.728313 0.70
183.797740 0.70
183.863241 0.70
183.923868 0.70
183.987662 0.70
184.041371 0.69
184.105243 0.70
184.174998 0.70
184.234370 0.70
184.293880 0.70
184.358517 0.70
184.417884 0.70
184.482753 0.70
184.547631 0.70
184.612522 0.70
184.666522 0.70
184.731375 0.70
184.795637 0.70
184.849124 0.70
184.918250 0.70
184.987394 0.70
185.051628 0.69
185.105251 0.70
185.169376 0.70
185.230137 0.70
185.299269 0.70
185.364308 0.70
185.439642 0.70
185.504526 0.70
185.563880 0.70
185.625410 0.70
185.675634 0.70
185.736765 0.70
185.797276 0.70
185.863141 0.70
185.922762 0.70
185.987414 0.70
186.041661 0.70
186.106545 0.70
186.171537 0.70
186.236420 0.70
186.286547 0.70
186.353303 0.71
186.407899 0.70
186.469309 0.70
186.523535 0.70
186.577768 0.70
186.631765 0.70
186.691650 0.70
186.763019 0.70
186.827768 0.70
186.886657 0.70
186.952023 0.70
187.011144 0.70
187.080776 0.70
187.150141 0.70
187.214282 0.70
187.278143 0.70
187.342302 0.70
187.401146 0.70
187.460144 0.70
187.524145 0.70
187.588145 0.70
187.652283 0.70
187.716149 0.70
187.775019 0.70
187.838520 0.70
187.902019 0.70
187.965520 0.70
188.029021 0.70
188.092646 0.70
188.151021 0.71
188.214522 0.70
188.278022 0.70
188.341525 0.70
188.405025 0.70
188.468529 0.70
188.523528 0.70
188.578526 0.70
188.633533 0.70
188.688530 0.70
188.743655 0.70
188.798534 0.70
188.858540 0.70
188.916912 0.70
188.980408 0.70
189.043914 0.70
189.104162 0.70
189.162658 0.70
189.236407 0.70
189.299914 0.70
189.363418 0.70
189.426907 0.70
189.486909 0.70
189.547031 0.70
189.594282 0.70
189.643658 0.70
189.696910 0.70
189.749284 0.70
189.799910 0.70
189.863411 0.70
189.926920 0.70
189.987914 0.70
190.051424 0.70
190.114918 0.70
190.178414 0.70
190.241915 0.70
190.302933 0.70
190.362685 0.70
190.416168 0.70
190.475042 0.70
190.539668 0.70
190.604349 0.70
190.669046 0.70
190.728678 0.70
190.793563 0.70
190.863180 0.70
190.917676 0.70
190.973047 0.70
191.037569 0.70
191.106548 0.70
191.175563 0.70
191.239560 0.69
191.299347 0.70
191.366049 0.70
191.430048 0.70
191.498922 0.70
191.572923 0.69
191.642048 0.70
191.711048 0.70
191.775049 0.70
191.834052 0.70
191.898191 0.70
191.957050 0.70
192.011693 0.70
192.070319 0.70
192.139328 0.70
192.198052 0.70
192.261928 0.70
192.317181 0.70
192.372181 0.70
192.431055 0.70
192.499931 0.70
192.563929 0.70
192.619808 0.70
192.675808 0.70
192.723183 0.70
192.782058 0.70
192.854336 0.70
192.924581 0.70
192.978326 0.69
193.048081 0.69
193.127816 0.70
193.197945 0.70
193.262943 0.70
193.328816 0.70
193.388095 0.70
193.452460 0.70
193.522564 0.70
193.586330 0.70
193.642195 0.70
193.701066 0.70
193.760064 0.70
193.829064 0.70
193.897940 0.70
193.961940 0.70
194.025816 0.70
194.095081 0.70
194.148942 0.70
194.208462 0.70
194.276080 0.69
194.335474 0.70
194.395367 0.70
194.462087 0.70
194.512485 0.70
194.576823 0.69
194.646486 0.70
194.706082 0.70
194.760476 0.70
194.839248 0.70
194.909495 0.70
194.969254 0.70
195.039609 0.70
195.105765 0.70
195.161474 0.70
195.220353 0.70
195.284230 0.70
195.354720 0.70
195.402082 0.70
195.457083 0.70
195.512081 0.70
195.558087 0.70
195.613267 0.70
195.678261 0.70
195.748475 0.70
195.808275 0.69
195.872709 0.69
195.936958 0.70
195.992354 0.70
196.048746 0.70
196.108969 0.70
196.167959 0.70
196.232487 0.70
196.292253 0.70
196.361837 0.70
196.426374 0.69
196.485357 0.70
196.554964 0.70
196.618962 0.70
196.678490 0.70
196.738256 0.70
196.807964 0.70
196.867358 0.70
196.931598 0.70
196.991722 0.70
197.060843 0.70
197.124977 0.70
197.178968 0.70
197.243492 0.71
197.299492 0.70
197.360346 0.70
197.425100 0.70
197.486236 0.70
197.550857 0.70
197.600971 0.70
197.655970 0.70
197.711164 0.70
197.780096 0.69
197.841613 0.70
197.906370 0.70
197.970097 0.70
198.033725 0.69
198.098973 0.70
198.159608 0.70
198.209366 0.70
198.270111 0.70
198.340269 0.70
198.400859 0.69
198.465732 0.70
198.521152 0.70
198.581607 0.70
198.637605 0.70
198.696984 0.70
198.756230 0.70
198.810979 0.70
198.865290 0.70
198.929104 0.70
199.004234 0.70
199.073731 0.70
199.143741 0.70
199.208110 0.70
199.271612 0.70
199.341281 0.70
199.405866 0.70
199.460309 0.71
199.524871 0.70
199.579431 0.70
199.639150 0.70
199.709255 0.70
199.769240 0.70
199.828988 0.70
199.893371 0.70
199.947270 0.70
200.006252 0.70
200.065738 0.70
200.134496 0.70
200.203123 0.70
200.263119 0.70
200.317990 0.70
200.373253 0.70
200.437743 0.69
200.496867 0.70
200.556185 0.70
200.616000 0.70
200.680745 0.70
200.744880 0.70
200.795162 0.70
200.860752 0.70
200.915302 0.69
200.966546 0.70
201.022304 0.70
201.081870 0.70
201.140881 0.70
201.205876 0.70
201.260873 0.69
201.315309 0.70
201.381538 0.70
201.432509 0.70
201.501880 0.70
201.561126 0.69
201.631413 0.70
201.692174 0.70
201.767455 0.70
201.827300 0.70
201.887010 0.70
201.953759 0.70
202.008285 0.70
202.068195 0.70
202.133293 0.70
202.193184 0.70
202.252762 0.70
202.312012 0.70
202.375637 0.70
202.435174 0.70
202.499893 0.70
202.566007 0.69
202.636017 0.70
202.706136 0.70
202.771016 0.70
202.836307 0.70
202.901329 0.70
202.971642 0.70
203.025763 0.70
203.085290 0.70
203.144887 0.70
203.204316 0.70
203.270895 0.70
203.334895 0.70
203.398645 0.70
203.454308 0.69
203.520901 0.70
203.581894 0.69
203.650890 0.70
203.714541 0.70
203.770209 0.70
203.840774 0.70
203.896308 0.70
203.962779 0.70
204.012896 0.70
204.077021 0.70
204.147038 0.69
204.217211 0.70
204.277025 0.70
204.346782 0.70
204.402459 0.70
204.457026 0.70
204.526402 0.70
204.590027 0.70
204.649547 0.70
204.704032 0.70
204.762543 0.70
204.829264 0.70
204.899546 0.70
204.964033 0.70
205.039780 0.70
205.105401 0.70
205.174532 0.70
205.244786 0.70
205.309784 0.70
205.371039 0.70
205.430789 0.70
205.505280 0.70
205.565414 0.70
205.629530 0.70
205.693913 0.70
205.758909 0.70
205.819792 0.70
205.884790 0.70
205.953787 0.70
206.024041 0.70
206.077910 0.70
206.132906 0.70
206.193427 0.70
206.256911 0.70
206.315286 0.70
206.367658 0.70
206.417032 0.70
206.470283 0.70
206.522658 0.70
206.572033 0.70
206.625284 0.70
206.685409 0.70
206.736534 0.70
206.792286 0.70
206.855785 0.70
206.919431 0.70
206.988290 0.70
207.051916 0.70
207.126178 0.70
207.192340 0.69
207.251417 0.70
207.307301 0.70
207.371673 0.70
207.438176 0.70
207.504799 0.70
207.579295 0.70
207.642800 0.70
207.702056 0.70
207.761805 0.70
207.826443 0.70
207.890595 0.70
207.949442 0.70
208.018932 0.70
208.083804 0.70
208.142948 0.70
208.202685 0.70
208.263428 0.70
208.333048 0.70
208.402799 0.70
208.456929 0.69
208.517342 0.70
208.581439 0.70
208.635939 0.70
208.695575 0.69
208.745938 0.70
208.801812 0.70
208.860804 0.70
208.920801 0.70
208.975677 0.70
209.034319 0.70
209.100182 0.70
209.174933 0.70
209.235455 0.70
209.304215 0.70
209.363937 0.70
209.419197 0.70
209.488808 0.69
209.563683 0.70
209.622689 0.70
209.697344 0.70
209.766576 0.70
209.830687 0.69
209.884327 0.70
209.944186 0.69
210.013186 0.70
210.082329 0.70
210.151586 0.70
210.215369 0.70
210.279689 0.70
210.338188 0.69
210.412813 0.70
210.487484 0.70
210.541945 0.70
210.595818 0.70
210.664689 0.70
210.729065 0.70
210.798077 0.70
210.853942 0.70
210.918076 0.70
210.984702 0.70
211.045947 0.70
211.110597 0.70
211.171496 0.70
211.230958 0.70
211.288511 0.70
211.342360 0.70
211.402602 0.70
211.463829 0.70
211.523348 0.70
211.577837 0.70
211.637597 0.70
211.691604 0.70
211.752582 0.70
211.817582 0.70
211.881099 0.70
211.955361 0.70
212.005832 0.70
212.061603 0.70
212.126610 0.70
212.191583 0.70
212.252246 0.70
212.322627 0.70
212.398246 0.69
212.462231 0.69
212.526355 0.70
212.590475 0.70
212.644240 0.70
212.700081 0.70
212.759839 0.69
212.818583 0.70
212.877593 0.70
212.942612 0.70
213.001590 0.70
213.065343 0.70
213.134601 0.70
213.188844 0.70
213.248593 0.70
213.307721 0.70
213.366222 0.69
213.425841 0.70
213.490494 0.70
213.551850 0.70
213.611504 0.70
213.672848 0.70
213.731591 0.70
213.790369 0.70
213.849240 0.70
213.918092 0.70
213.981717 0.70
214.050965 0.70
214.113340 0.70
214.172234 0.70
214.231250 0.71
214.290358 0.70
214.349101 0.70
214.413487 0.70
214.467136 0.70
214.522727 0.70
214.582492 0.69
214.639513 0.70
214.701988 0.70
214.757850 0.70
214.817498 0.70
214.882502 0.70
214.947290 0.70
215.001858 0.70
215.061267 0.69
215.115261 0.70
215.165496 0.70
215.219138 0.70
215.274739 0.70
215.334501 0.70
215.399129 0.70
215.458734 0.70
215.518151 0.70
215.573741 0.70
215.633357 0.69
215.683517 0.70
215.753862 0.70
215.818754 0.70
215.874651 0.69
215.944735 0.70
215.999984 0.70
216.064735 0.70
216.123606 0.70
216.193119 0.70
216.251981 0.69
216.321114 0.70
216.385181 0.70
216.444235 0.70
216.513860 0.70
216.576514 0.70
216.637510 0.70
216.701987 0.70
216.771524 0.70
216.832613 0.70
216.896626 0.70
216.957506 0.70
217.018120 0.70
217.068367 0.70
217.132115 0.70
217.196114 0.70
217.260114 0.70
217.324118 0.70
217.378117 0.70
217.442120 0.70
217.501294 0.70
217.554992 0.70
217.624134 0.69
217.683620 0.70
217.743870 0.70
217.804744 0.70
217.858635 0.70
217.917386 0.70
217.992122 0.70
218.047129 0.70
218.101630 0.70
218.161289 0.70
218.215630 0.70
218.275402 0.70
218.336405 0.70
218.401414 0.70
218.471377 0.70
218.536417 0.70
218.611645 0.70
218.681764 0.70
218.748293 0.70
218.802636 0.70
218.862411 0.70
218.932414 0.70
218.997410 0.70
219.062401 0.70
219.127016 0.70
219.191398 0.70
219.245533 0.70
219.310530 0.70
219.380401 0.70
219.450527 0.70
219.509397 0.70
219.574147 0.70
219.628136 0.70
219.687532 0.70
219.765657 0.70
219.830319 0.70
219.897017 0.70
219.952530 0.70
220.019023 0.70
220.073535 0.70
220.134020 0.70
220.188545 0.69
220.244015 0.70
220.298541 0.69
220.358313 0.70
220.413676 0.70
220.475156 0.70
220.540144 0.70
220.590542 0.70
220.650314 0.70
220.720415 0.70
220.791775 0.70
220.851414 0.70
220.922781 0.69
220.982413 0.70
221.047320 0.70
221.112318 0.70
221.173028 0.70
221.232904 0.70
221.288541 0.70
221.348325 0.70
221.413152 0.70
221.466770 0.70
221.535896 0.70
221.605156 0.70
221.669414 0.70
221.728414 0.70
221.792286 0.70
221.856022 0.70
221.925022 0.70
221.988898 0.70
222.057899 0.70
222.126899 0.70
222.201156 0.69
222.260026 0.70
222.314553 0.70
222.373904 0.70
222.438432 0.70
222.498162 0.70
222.552551 0.70
222.614042 0.70
222.668554 0.70
222.724427 0.70
222.789031 0.70
222.848031 0.70
222.907036 0.70
222.961033 0.70
223.020324 0.70
223.085163 0.70
223.140547 0.70
223.206674 0.70
223.266431 0.70
223.316557 0.70
223.376915 0.70
223.430913 0.70
223.486440 0.69
223.545917 0.70
223.600040 0.70
223.654355 0.70
223.705702 0.70
223.761680 0.70
223.815304 0.70
223.873788 0.70
223.934041 0.70
223.993038 0.70
224.051916 0.70
224.116041 0.70
224.175053 0.70
224.225443 0.70
224.276676 0.70
224.335922 0.70
224.400798 0.70
224.465448 0.70
224.525360 0.70
224.585175 0.70
224.644173 0.69
224.714178 0.70
224.789210 0.70
224.859216 0.70
224.923464 0.70
224.983183 0.70
225.048051 0.70
225.109443 0.70
225.174343 0.70
225.238925 0.70
225.298314 0.70
225.357586 0.69
225.417179 0.70
225.478316 0.70
225.543057 0.70
225.608055 0.70
225.668937 0.69
225.723454 0.70
225.779181 0.71
225.848941 0.70
225.899056 0.69
225.953055 0.70
226.007370 0.70
226.071804 0.70
226.132569 0.70
226.191808 0.70
226.256185 0.69
226.326353 0.70
226.391083 0.70
226.456064 0.70
226.520935 0.70
226.584812 0.70
226.640562 0.70
226.704938 0.70
226.760189 0.70
226.829687 0.70
226.899189 0.70
226.949937 0.70
227.013811 0.70
227.064063 0.70
227.117815 0.70
227.177362 0.70
227.246815 0.70
227.308064 0.70
227.372945 0.70
227.427256 0.70
227.497469 0.70
227.562203 0.70
227.621951 0.70
227.683085 0.70
227.749825 0.70
227.815085 0.70
227.876081 0.70
227.937081 0.70
227.997708 0.70
228.052261 0.70
228.113824 0.70
228.169082 0.70
228.252825 0.69
228.306958 0.70
228.371957 0.70
228.436837 0.70
228.491278 0.70
228.552703 0.70
228.611826 0.70
228.672475 0.70
228.734486 0.70
228.795338 0.69
228.859576 0.70
228.924250 0.70
228.983956 0.70
229.048714 0.70
229.103253 0.70
229.162832 0.70
229.217262 0.70
229.276961 0.70
229.339467 0.70
229.399256 0.69
229.458834 0.70
229.513263 0.70
229.572962 0.70
229.635469 0.70
229.695270 0.70
229.765480 0.70
229.825971 0.69
229.891957 0.69
229.941959 0.70
229.997091 0.71
230.066587 0.70
230.126966 0.70
230.191586 0.70
230.274843 0.70
230.333837 0.70
230.398610 0.70
230.469372 0.70
230.525101 0.69
230.584848 0.70
230.649342 0.70
230.715976 0.70
230.785843 0.70
230.851841 0.70
230.915355 0.70
230.979843 0.70
231.044592 0.70
231.108850 0.70
231.170098 0.70
231.230361 0.70
231.299856 0.70
231.360610 0.70
231.424609 0.70
231.488608 0.70
231.557610 0.70
231.622096 0.70
231.675599 0.70
231.739615 0.70
231.808972 0.70
231.872846 0.70
231.931376 0.70
232.000848 0.70
232.059613 0.70
232.128617 0.69
232.192616 0.70
232.256620 0.70
232.316368 0.70
232.380618 0.70
232.444623 0.70
232.508620 0.70
232.577729 0.69
232.631497 0.69
232.700860 0.70
232.755982 0.70
232.816374 0.70
232.881135 0.70
232.940859 0.70
233.005734 0.70
233.065115 0.70
233.134736 0.70
233.193869 0.70
233.249541 0.70
233.318623 0.70
233.377860 0.70
233.441867 0.70
233.517280 0.70
233.586866 0.70
233.651740 0.70
233.715875 0.70
233.782620 0.70
233.836866 0.70
233.906740 0.70
233.971740 0.70
234.030998 0.69
234.090745 0.69
234.155511 0.70
234.219751 0.70
234.273867 0.70
234.330748 0.70
234.395747 0.70
234.465878 0.70
234.530750 0.70
234.595655 0.70
234.651285 0.70
234.710875 0.70
234.786522 0.70
234.841002 0.70
234.905644 0.69
234.970132 0.69
235.033999 0.70
235.094412 0.70
235.155000 0.69
235.215246 0.70
235.284875 0.70
235.343373 0.70
235.412626 0.70
235.471248 0.70
235.540628 0.70
235.595751 0.70
235.660135 0.70
235.738396 0.70
235.812418 0.70
235.873756 0.70
235.932759 0.70
235.997759 0.70
236.062130 0.70
236.128765 0.69
236.193651 0.70
236.257882 0.70
236.327884 0.70
236.392525 0.70
236.452009 0.70
236.505758 0.70
236.566643 0.70
236.627523 0.70
236.686889 0.70
236.747764 0.70
236.812401 0.70
236.876273 0.70
236.950650 0.70
237.009281 0.70
237.073526 0.70
237.137140 0.70
237.201528 0.70
237.256636 0.70
237.310138 0.70
237.379530 0.69
237.438562 0.70
237.502307 0.70
237.557643 0.70
237.616766 0.70
237.686539 0.69
237.751287 0.70
237.815773 0.69
237.891022 0.70
237.950031 0.70
238.022029 0.70
238.092312 0.70
238.153032 0.70
238.217906 0.70
238.282654 0.70
238.353028 0.70
238.423032 0.70
238.489654 0.70
238.559786 0.70
238.629908 0.70
238.694778 0.70
238.770337 0.70
238.840315 0.70
238.910662 0.70
238.975425 0.71
239.045313 0.70
239.117031 0.70
239.170662 0.70
239.235662 0.70
239.300532 0.70
239.364916 0.70
239.429546 0.70
239.488913 0.70
239.544662 0.70
239.605785 0.70
239.675659 0.70
239.741031 0.70
239.798549 0.70
239.859536 0.70
239.918793 0.70
239.974542 0.70
240.039433 0.70
240.089792 0.70
240.149541 0.70
240.210351 0.69
240.260797 0.70
240.325435 0.70
240.379795 0.70
240.439564 0.70
240.498540 0.70
240.555053 0.70
240.619918 0.70
240.675351 0.70
240.731171 0.70
240.795918 0.70
240.855562 0.70
240.920564 0.70
240.985352 0.70
241.045322 0.70
241.104920 0.70
241.164569 0.70
241.229567 0.70
241.304042 0.70
241.373669 0.70
241.439364 0.70
241.504340 0.70
241.563433 0.70
241.628437 0.70
241.695177 0.70
241.752574 0.70
241.813802 0.70
241.869056 0.70
241.924684 0.70
241.999926 0.70
242.062575 0.70
242.127346 0.70
242.177681 0.70
242.233319 0.70
242.283805 0.70
242.344052 0.70
242.408572 0.70
242.459801 0.70
242.518810 0.69
242.579445 0.70
242.638578 0.70
242.705352 0.70
242.755324 0.69
242.809687 0.70
242.865311 0.70
242.915443 0.70
242.988687 0.70
243.048348 0.70
243.108957 0.70
243.168705 0.70
243.227577 0.70
243.291699 0.70
243.345183 0.70
243.404059 0.70
243.473450 0.69
243.532058 0.70
243.596061 0.69
243.651966 0.71
243.710449 0.70
243.765309 0.70
243.815950 0.70
243.875582 0.70
243.944482 0.70
244.009095 0.70
244.073583 0.70
244.148600 0.70
244.224084 0.70
244.288325 0.70
244.352252 0.70
244.412082 0.70
244.484104 0.70
244.562358 0.71
244.614001 0.70
244.669702 0.70
244.725465 0.69
244.790266 0.70
244.856714 0.70
244.917479 0.70
244.982596 0.70
245.041323 0.70
245.100081 0.69
245.154468 0.70
245.224085 0.70
245.278610 0.70
245.338343 0.70
245.404723 0.70
245.466083 0.70
245.531604 0.70
245.591374 0.70
245.666273 0.69
245.741712 0.70
245.803085 0.70
245.867955 0.70
245.938245 0.70
245.997712 0.70
246.068252 0.70
246.138339 0.70
246.213715 0.70
246.269593 0.71
246.329342 0.70
246.394095 0.69
246.477344 0.69
246.547356 0.70
246.617371 0.70
246.682090 0.70
246.746491 0.70
246.821599 0.70
246.880586 0.70
246.944961 0.70
247.019091 0.71
247.078095 0.69
247.132090 0.70
247.191253 0.70
247.245345 0.70
247.309096 0.70
247.362964 0.70
247.427592 0.70
247.491472 0.69
247.549847 0.70
247.619477 0.70
247.679287 0.69
247.744263 0.70
247.807847 0.70
247.877100 0.70
247.945716 0.70
248.005841 0.70
248.079845 0.70
248.148970 0.70
248.212967 0.70
248.276968 0.70
248.340969 0.70
248.413616 0.69
248.477973 0.70
248.542284 0.70
248.607105 0.70
248.661260 0.70
248.727276 0.70
248.792270 0.69
248.853286 0.70
248.918279 0.70
248.978728 0.70
249.043293 0.70
249.107367 0.70
249.173276 0.70
249.238268 0.70
249.307985 0.70
249.362514 0.70
249.421241 0.70
249.479977 0.70
249.543977 0.70
249.612853 0.70
249.672854 0.70
249.741854 0.70
249.801855 0.70
249.875980 0.70
249.945110 0.70
250.008856 0.70
250.072856 0.70
250.141857 0.70
250.215857 0.70
250.284858 0.70
250.353608 0.70
250.417375 0.70
250.486993 0.70
250.540862 0.70
250.609860 0.70
250.673990 0.70
250.727738 0.70
250.796862 0.70
250.855862 0.69
250.920132 0.70
250.984241 0.70
251.039392 0.70
251.103866 0.70
251.167865 0.70
251.228125 0.70
251.292995 0.70
251.351869 0.70
251.406289 0.70
251.476289 0.70
251.546371 0.70
251.601999 0.71
251.651996 0.70
251.705870 0.70
251.766635 0.70
251.813997 0.70
251.867876 0.70
251.922997 0.70
251.982154 0.70
252.043129 0.70
252.108000 0.70
252.158374 0.70
252.217876 0.70
252.268633 0.70
252.341383 0.70
252.400251 0.70
252.460881 0.70
252.516002 0.70
252.569877 0.69
252.628875 0.69
252.692876 0.70
252.756876 0.70
252.820877 0.70
252.884877 0.70
252.954129 0.70
253.018253 0.70
253.082254 0.70
253.157005 0.70
253.221008 0.70
253.282007 0.70
253.337256 0.70
253.397881 0.70
253.451757 0.70
253.516160 0.70
253.580257 0.70
253.644135 0.70
253.703308 0.70
253.772636 0.69
253.841886 0.70
253.911137 0.70
253.970283 0.70
254.029011 0.70
254.089518 0.70
254.139279 0.70
254.193015 0.70
254.246888 0.70
254.306024 0.70
254.370894 0.70
254.420286 0.70
254.470325 0.70
254.526025 0.69
254.590894 0.70
254.641321 0.70
254.701022 0.70
254.771020 0.70
254.821031 0.69
254.877521 0.70
254.941901 0.70
254.988022 0.70
255.043020 0.70
255.093021 0.70
255.143028 0.70
255.193022 0.70
255.248022 0.70
255.302158 0.70
255.376896 0.70
255.440771 0.70
255.510022 0.70
255.574023 0.70
255.624024 0.70
255.684023 0.70
255.750780 0.70
255.810026 0.70
255.879785 0.70
255.934340 0.70
255.994156 0.70
256.065689 0.70
256.135655 0.69
256.195164 0.70
256.254910 0.69
256.319656 0.70
256.383662 0.69
256.442656 0.70
256.507162 0.70
256.566784 0.69
256.630655 0.70
256.699674 0.70
256.768656 0.70
256.832674 0.70
256.891657 0.71
256.961171 0.70
257.020913 0.70
257.074680 0.70
257.134171 0.70
257.193918 0.70
257.258812 0.69
257.309170 0.71
257.368917 0.70
257.433673 0.70
257.488171 0.70
257.547919 0.70
257.612921 0.70
257.677922 0.69
257.734439 0.70
257.794178 0.70
257.853922 0.70
257.929570 0.70
257.999922 0.70
258.060678 0.70
258.115175 0.70
258.174922 0.70
258.240669 0.70
258.305173 0.70
258.369679 0.70
258.424049 0.70
258.499316 0.70
258.565803 0.70
258.641346 0.70
258.711046 0.70
258.776671 0.70
258.845673 0.70
258.909687 0.70
258.973565 0.69
259.042565 0.70
259.106566 0.69
259.170692 0.70
259.234569 0.70
259.298675 0.69
259.362567 0.70
259.431551 0.70
259.495566 0.70
259.559568 0.70
259.628317 0.70
259.692553 0.70
259.756570 0.70
259.820319 0.70
259.889694 0.70
259.948572 0.70
260.012572 0.70
260.076557 0.70
260.140449 0.70
260.200932 0.70
260.276061 0.70
260.336312 0.70
260.398313 0.70
260.464689 0.70
260.520191 0.71
260.583811 0.70
260.647310 0.70
260.718064 0.70
260.782689 0.70
260.841340 0.70
260.910597 0.70
260.960692 0.70
261.033191 0.70
261.088815 0.70
261.158458 0.70
261.228379 0.70
261.308942 0.70
261.375590 0.70
261.436696 0.70
261.491104 0.70
261.560820 0.70
261.632201 0.70
261.698708 0.70
261.768697 0.70
261.827949 0.70
261.887700 0.70
261.946948 0.70
262.016710 0.70
262.081321 0.70
262.164953 0.70
262.229825 0.70
262.296478 0.70
262.350949 0.70
262.410700 0.70
262.460956 0.70
262.516473 0.70
262.571700 0.69
262.630227 0.70
262.695951 0.70
262.751084 0.70
262.804955 0.70
262.858829 0.70
262.919478 0.70
262.973958 0.70
263.029352 0.70
263.099604 0.70
263.164585 0.70
263.220100 0.71
263.286240 0.70
263.345836 0.70
263.404958 0.70
263.474835 0.69
263.535211 0.70
263.605086 0.70
263.671086 0.70
263.724835 0.70
263.789353 0.70
263.848355 0.70
263.907719 0.70
263.971835 0.71
264.041717 0.70
264.106715 0.70
264.171345 0.70
264.230968 0.70
264.295841 0.70
264.360721 0.70
264.425720 0.70
264.484839 0.70
264.543840 0.70
264.618230 0.70
264.687844 0.70
264.751966 0.70
264.810841 0.70
264.869843 0.70
264.933719 0.70
264.994361 0.70
265.054610 0.70
265.113849 0.70
265.174848 0.70
265.235236 0.70
265.290852 0.70
265.355477 0.70
265.405610 0.70
265.466861 0.70
265.522495 0.70
265.576494 0.70
265.641112 0.70
265.707144 0.70
265.766242 0.70
265.830728 0.69
265.895293 0.69
265.970860 0.70
266.035498 0.69
266.099648 0.70
266.164111 0.69
266.228873 0.70
266.298984 0.70
266.368857 0.70
266.433263 0.70
266.492106 0.70
266.556986 0.70
266.627276 0.70
266.686512 0.70
266.751617 0.70
266.816122 0.70
266.886304 0.70
266.952363 0.70
267.017297 0.70
267.082289 0.69
267.152115 0.70
267.221746 0.69
267.280375 0.70
267.344993 0.70
267.416631 0.70
267.480864 0.70
267.534747 0.70
267.593613 0.69
267.647507 0.70
267.708741 0.70
267.778301 0.70
267.832749 0.70
267.892120 0.70
267.956750 0.70
268.016519 0.70
268.081245 0.70
268.135874 0.70
268.195625 0.70
268.262406 0.70
268.316755 0.70
268.376386 0.70
268.426518 0.70
268.483517 0.70
268.537123 0.70
268.601122 0.70
268.670513 0.70
268.729280 0.70
268.788123 0.70
268.852246 0.70
268.916122 0.70
268.980123 0.70
269.044124 0.70
269.108124 0.70
269.172128 0.70
269.231125 0.70
269.295125 0.69
269.359126 0.70
269.423126 0.70
269.487627 0.70
269.546291 0.70
269.605254 0.70
269.664131 0.69
269.723761 0.70
269.783526 0.70
269.848142 0.70
269.918410 0.70
269.991267 0.70
270.060537 0.70
270.121386 0.70
270.180140 0.70
270.240015 0.70
270.299406 0.70
270.362022 0.70
270.427138 0.70
270.493037 0.70
270.553512 0.70
270.612280 0.70
270.662413 0.69
270.719263 0.70
270.783418 0.70
270.845898 0.70
270.905659 0.70
270.975770 0.70
271.037312 0.70
271.091425 0.70
271.156420 0.70
271.221308 0.71
271.286316 0.70
271.347646 0.70
271.403029 0.70
271.473433 0.70
271.538310 0.70
271.592651 0.69
271.652421 0.70
271.722559 0.70
271.798025 0.70
271.868022 0.71
271.938343 0.69
272.003319 0.70
272.067414 0.70
272.136535 0.70
272.205784 0.70
272.272311 0.70
272.326023 0.70
272.396031 0.70
272.466152 0.70
272.535150 0.70
272.599024 0.70
272.668024 0.70
272.732027 0.70
272.796026 0.70
272.864901 0.70
272.939025 0.70
273.003029 0.70
273.067028 0.70
273.131028 0.70
273.195030 0.70
273.254424 0.69
273.324564 0.71
273.384337 0.70
273.449323 0.70
273.510665 0.70
273.572038 0.70
273.630791 0.70
273.694435 0.70
273.761037 0.70
273.826037 0.70
273.880683 0.70
273.942221 0.70
274.007346 0.70
274.068684 0.70
274.128038 0.70
274.182434 0.70
274.246572 0.70
274.306436 0.69
274.376437 0.70
274.441340 0.70
274.512797 0.70
274.577169 0.70
274.636571 0.70
274.690435 0.70
274.749308 0.70
274.815171 0.70
274.874180 0.70
274.939177 0.69
275.009330 0.70
275.084682 0.70
275.154922 0.70
275.224044 0.70
275.287794 0.70
275.362194 0.69
275.416048 0.70
275.474921 0.70
275.534588 0.70
275.596051 0.70
275.660932 0.70
275.722381 0.70
275.792570 0.70
275.851317 0.70
275.920926 0.69
275.985355 0.70
276.045200 0.70
276.106343 0.70
276.176362 0.70
276.241183 0.70
276.298368 0.70
276.358183 0.69
276.419454 0.70
276.481690 0.69
276.541470 0.70
276.601059 0.69
276.654931 0.70
276.710346 0.70
276.771096 0.70
276.821457 0.70
276.881187 0.70
276.945187 0.70
277.008685 0.70
277.068061 0.70
277.118060 0.70
277.178708 0.70
277.234327 0.70
277.309823 0.70
277.365334 0.70
277.426693 0.70
277.496584 0.70
277.560360 0.70
277.621753 0.70
277.686190 0.70
277.750586 0.70
277.815192 0.70
277.879095 0.70
277.938470 0.70
277.997942 0.70
278.057381 0.70
278.123951 0.70
278.183353 0.70
278.252705 0.70
278.317691 0.70
278.387371 0.70
278.462080 0.70
278.521105 0.70
278.594471 0.70
278.655947 0.70
278.715481 0.69
278.777078 0.70
278.830946 0.70
278.889822 0.70
278.958945 0.70
279.022947 0.70
279.087080 0.70
279.178824 0.70
279.238240 0.70
279.298824 0.70
279.362950 0.69
279.421828 0.70
279.494354 0.70
279.567080 0.70
279.645243 0.70
279.705830 0.70
279.765954 0.70
279.825084 0.70
279.889830 0.70
279.955628 0.70
280.015370 0.70
280.070366 0.70
280.125839 0.70
280.186629 0.70
280.251343 0.70
280.312100 0.70
280.372963 0.70
280.423342 0.70
280.488271 0.70
280.544605 0.70
280.599588 0.70
280.663710 0.70
280.727722 0.70
280.788596 0.70
280.847587 0.70
280.908095 0.69
280.972968 0.70
281.018965 0.69
281.073265 0.70
281.148718 0.70
281.215276 0.70
281.274976 0.70
281.336259 0.70
281.402252 0.70
281.468843 0.70
281.533279 0.70
281.592977 0.70
281.657845 0.70
281.717350 0.70
281.776975 0.70
281.843095 0.70
281.912625 0.70
281.981718 0.70
282.046095 0.70
282.105095 0.70
282.174614 0.70
282.238972 0.70
282.292846 0.70
282.351846 0.70
282.410974 0.70
282.469974 0.70
282.523972 0.70
282.588615 0.69
282.663620 0.70
282.723105 0.70
282.787737 0.70
282.842299 0.70
282.901981 0.70
282.962737 0.70
283.017293 0.70
283.082107 0.70
283.146986 0.70
283.213734 0.70
283.268990 0.70
283.335741 0.70
283.390125 0.69
283.465363 0.70
283.524987 0.70
283.579280 0.69
283.640745 0.70
283.695282 0.70
283.754986 0.70
283.824984 0.69
283.889860 0.70
283.944292 0.69
284.005742 0.71
284.060306 0.70
284.121749 0.70
284.176290 0.69
284.237622 0.70
284.292125 0.70
284.356991 0.70
284.423744 0.70
284.478120 0.70
284.537633 0.70
284.601651 0.70
284.656127 0.69
284.711872 0.70
284.773296 0.70
284.829132 0.70
284.898512 0.69
284.959623 0.70
285.019132 0.70
285.078870 0.70
285.139870 0.70
285.200874 0.70
285.270636 0.70
285.334636 0.70
285.403410 0.70
285.472636 0.70
285.541384 0.69
285.593744 0.70
285.657386 0.69
285.718995 0.70
285.792871 0.70
285.856386 0.70
285.908872 0.70
285.963887 0.70
286.033765 0.70
286.088877 0.70
286.158627 0.70
286.222644 0.70
286.281642 0.70
286.341001 0.70
286.410528 0.69
286.477137 0.70
286.535879 0.70
286.600532 0.70
286.667137 0.70
286.726647 0.71
286.785881 0.70
286.856008 0.70
286.930646 0.70
286.995140 0.70
287.054006 0.70
287.118007 0.70
287.192428 0.70
287.262141 0.70
287.321634 0.70
287.375634 0.70
287.435012 0.70
287.501260 0.70
287.558430 0.70
287.627769 0.70
287.686636 0.70
287.751542 0.70
287.811142 0.70
287.864890 0.70
287.924886 0.70
287.984887 0.71
288.045645 0.70
288.100767 0.70
288.159531 0.70
288.219022 0.70
288.278771 0.70
288.332535 0.70
288.402772 0.70
288.467772 0.69
288.532548 0.70
288.587029 0.70
288.646649 0.70
288.701769 0.70
288.751643 0.70
288.810536 0.69
288.874412 0.70
288.943897 0.70
289.004299 0.70
289.069155 0.70
289.139024 0.70
289.208538 0.70
289.268025 0.69
289.337654 0.70
289.391543 0.69
289.451154 0.70
289.515430 0.70
289.585656 0.70
289.635905 0.70
289.705785 0.69
289.770784 0.70
289.829918 0.70
289.895034 0.70
289.954552 0.70
290.018914 0.70
290.083792 0.70
290.148785 0.70
290.209789 0.70
290.276560 0.70
290.332286 0.70
290.388039 0.69
290.450166 0.70
290.515036 0.70
290.570160 0.70
290.641551 0.69
290.700669 0.70
290.770434 0.70
290.824914 0.70
290.880669 0.70
290.945416 0.70
291.005194 0.70
291.064916 0.70
291.124668 0.70
291.180043 0.70
291.241436 0.70
291.295669 0.70
291.356577 0.70
291.406921 0.70
291.462671 0.70
291.527439 0.70
291.581312 0.70
291.651314 0.70
291.716050 0.70
291.788051 0.70
291.862172 0.70
291.926559 0.70
291.991314 0.70
292.050312 0.70
292.109581 0.70
292.168437 0.70
292.227568 0.70
292.286927 0.70
292.340314 0.70
292.398674 0.70
292.462456 0.70
292.516927 0.70
292.576577 0.70
292.636351 0.70
292.711686 0.70
292.776688 0.69
292.841554 0.70
292.902809 0.70
292.962451 0.70
293.021323 0.70
293.080810 0.70
293.140580 0.70
293.206940 0.70
293.268454 0.70
293.318810 0.70
293.384940 0.70
293.446384 0.70
293.500582 0.69
293.572190 0.70
293.627818 0.70
293.681558 0.69
293.745940 0.70
293.807581 0.70
293.866059 0.70
293.926814 0.70
293.986186 0.70
294.037576 0.69
294.102459 0.70
294.167566 0.70
294.232320 0.70
294.297341 0.70
294.356815 0.69
294.410822 0.70
294.475697 0.70
294.550065 0.70
294.609820 0.70
294.674692 0.70
294.738816 0.69
294.803197 0.70
294.872064 0.70
294.942065 0.70
295.008691 0.70
295.072566 0.70
295.136077 0.70
295.199817 0.70
295.264591 0.70
295.334466 0.70
295.388606 0.69
295.458957 0.70
295.530231 0.70
295.600248 0.70
295.666827 0.70
295.726269 0.70
295.776829 0.69
295.836473 0.70
295.888576 0.70
295.938593 0.70
295.999702 0.69
296.058699 0.70
296.118476 0.70
296.180957 0.70
296.236612 0.70
296.303272 0.70
296.357706 0.70
296.408964 0.70
296.468705 0.70
296.528478 0.70
296.598481 0.70
296.665338 0.70
296.719708 0.70
296.780482 0.70
296.845480 0.70
296.915592 0.70
296.982113 0.70
297.041711 0.70
297.106487 0.69
297.171594 0.70
297.241711 0.70
297.301489 0.70
297.366357 0.70
297.420347 0.70
297.474716 0.70
297.534212 0.70
297.589959 0.70
297.653461 0.70
297.716960 0.70
297.791366 0.70
297.850241 0.70
297.914089 0.70
297.983090 0.70
298.047089 0.70
298.115963 0.70
298.190090 0.70
298.248716 0.70
298.307608 0.70
298.366591 0.70
298.430605 0.70
298.513093 0.70
298.577266 0.69
298.631257 0.69
298.685363 0.70
298.751094 0.70
298.815283 0.70
298.877975 0.70
298.942618 0.70
299.007353 0.69
299.067973 0.70
299.123622 0.70
299.183352 0.70
299.239872 0.70
299.304618 0.70
299.364352 0.70
299.430357 0.70
299.505728 0.70
299.553243 0.70
299.607262 0.70
299.661127 0.70
299.715108 0.70
299.769105 0.70
299.828113 0.69
299.882105 0.70
299.946408 0.70
300.021984 0.70
300.086742 0.70
300.158510 0.70
300.233983 0.70
300.293633 0.70
300.353360 0.70
300.411982 0.70
300.471629 0.70
300.536109 0.70
300.594984 0.69
300.664115 0.70
300.718121 0.70
300.781858 0.70
300.851116 0.70
300.915121 0.70
300.973986 0.70
301.043505 0.70
301.112862 0.70
301.177369 0.70
301.236378 0.70
301.306293 0.70
301.367512 0.70
301.437365 0.70
301.492615 0.70
301.548615 0.70
301.612993 0.70
301.667301 0.70
301.728118 0.70
301.787522 0.70
301.847300 0.70
301.913995 0.70
301.969522 0.70
302.029395 0.70
302.090633 0.70
302.149386 0.70
302.200633 0.70
302.255993 0.70
302.311753 0.70
302.371127 0.70
302.432136 0.70
302.482521 0.70
302.547374 0.69
302.617005 0.70
302.672396 0.70
302.742414 0.70
302.806390 0.70
302.864872 0.71
302.938748 0.70
302.991124 0.69
303.044873 0.70
303.100751 0.70
303.156751 0.70
303.212752 0.70
303.268752 0.70
303.324753 0.70
303.380753 0.70
303.436769 0.70
303.496004 0.70
303.555297 0.70
303.620012 0.70
303.674525 0.70
303.734311 0.70
303.799302 0.70
303.866010 0.70
303.930889 0.70
303.992305 0.70
304.062307 0.70
304.121399 0.70
304.186404 0.70
304.250891 0.70
304.305415 0.70
304.364888 0.70
304.429542 0.70
304.491147 0.69
304.550283 0.69
304.610886 0.70
304.675011 0.70
304.733761 0.70
304.803012 0.70
304.861889 0.70
304.931014 0.70
304.989764 0.70
305.053890 0.70
305.108406 0.70
305.167408 0.70
305.226280 0.70
305.290409 0.70
305.349419 0.70
305.408284 0.70
305.472286 0.70
305.536268 0.71
305.605274 0.70
305.670649 0.70
305.721652 0.70
305.775146 0.70
305.837655 0.70
305.893025 0.70
305.951895 0.70
306.006436 0.70
306.066206 0.70
306.122656 0.70
306.177652 0.70
306.233650 0.70
306.292150 0.70
306.361668 0.70
306.441151 0.70
306.500027 0.70
306.558905 0.70
306.617901 0.70
306.681776 0.70
306.746156 0.70
306.812029 0.70
306.871324 0.70
306.935658 0.70
307.000043 0.70
307.073429 0.70
307.134912 0.70
307.189174 0.70
307.249037 0.70
307.319431 0.70
307.378916 0.70
307.433438 0.70
307.489432 0.69
307.548919 0.70
307.603569 0.70
307.663334 0.70
307.728045 0.70
307.801315 0.70
307.871038 0.70
307.935164 0.70
308.009788 0.70
308.070041 0.70
308.120039 0.70
308.169916 0.70
308.234041 0.70
308.284039 0.70
308.338168 0.70
308.403552 0.70
308.458681 0.70
308.522916 0.70
308.578046 0.70
308.628042 0.70
308.687331 0.70
308.747603 0.70
308.807174 0.70
308.873797 0.70
308.934056 0.70
309.009681 0.70
309.071050 0.70
309.141180 0.70
309.211450 0.70
309.286808 0.70
309.346678 0.70
309.422053 0.70
309.487056 0.70
309.562683 0.71
309.624061 0.70
309.689429 0.70
309.758323 0.70
309.822935 0.70
309.884376 0.70
309.944183 0.70
310.010717 0.70
310.065187 0.70
310.129557 0.70
310.198931 0.70
310.269060 0.70
310.339191 0.70
310.398935 0.70
310.465686 0.70
310.530062 0.70
310.601454 0.70
310.666059 0.70
310.730939 0.70
310.786442 0.70
310.850685 0.70
310.919701 0.70
310.978934 0.70
311.042941 0.70
311.103580 0.70
311.164189 0.70
311.217941 0.70
311.278579 0.70
311.337690 0.70
311.397938 0.70
311.456481 0.70
311.516939 0.70
311.576088 0.70
311.659696 0.70
311.719078 0.70
311.779585 0.70
311.854077 0.70
311.919587 0.70
311.983826 0.70
312.040944 0.70
312.099585 0.70
312.168826 0.70
312.223081 0.70
312.287822 0.70
312.357696 0.70
312.416586 0.70
312.480695 0.70
312.544820 0.70
312.608594 0.70
312.681255 0.70
312.742700 0.70
312.807258 0.71
312.868609 0.69
312.922951 0.70
312.997823 0.70
313.052089 0.70
313.110949 0.70
313.171590 0.70
313.236080 0.70
313.294951 0.69
313.369591 0.70
313.439080 0.70
313.508389 0.69
313.591703 0.70
313.655833 0.70
313.709600 0.70
313.784597 0.70
313.844094 0.70
313.903839 0.70
313.978089 0.70
314.036957 0.70
314.101841 0.70
314.166721 0.70
314.222840 0.70
314.292963 0.70
314.358845 0.70
314.424848 0.70
314.490840 0.69
314.562364 0.70
314.622096 0.70
314.686589 0.69
314.740969 0.70
314.816594 0.70
314.881507 0.70
314.956975 0.70
315.032095 0.70
315.091846 0.70
315.156844 0.70
315.222978 0.70
315.287971 0.69
315.362968 0.70
315.427497 0.70
315.481978 0.70
315.551366 0.70
315.615721 0.70
315.674969 0.70
315.744132 0.70
315.801600 0.70
315.855974 0.70
315.916359 0.70
315.971976 0.70
316.031727 0.70
316.092509 0.70
316.146980 0.69
316.206731 0.70
316.271510 0.70
316.325980 0.70
316.385730 0.70
316.439498 0.69
316.493982 0.70
316.553733 0.70
316.618497 0.70
316.687978 0.70
316.757497 0.70
316.821372 0.70
316.880512 0.70
316.935730 0.69
316.989500 0.70
317.048515 0.70
317.112370 0.70
317.172730 0.70
317.226360 0.70
317.295855 0.70
317.354857 0.70
317.419359 0.70
317.483358 0.70
317.542990 0.70
317.602509 0.70
317.661996 0.70
317.721740 0.70
317.791865 0.70
317.856396 0.70
317.915998 0.70
317.985864 0.70
318.050511 0.70
318.106250 0.70
318.165991 0.70
318.221746 0.70
318.288511 0.70
318.342992 0.70
318.407746 0.70
318.468744 0.71
318.538503 0.71
318.588996 0.70
318.644752 0.70
318.711371 0.70
318.765748 0.70
318.828395 0.70
318.882621 0.70
318.940744 0.70
319.001370 0.70
319.065371 0.70
319.124388 0.70
319.179747 0.70
319.249416 0.70
319.299626 0.70
319.349877 0.70
319.414543 0.70
319.479523 0.70
319.539005 0.70
319.594881 0.70
319.650127 0.70
319.705633 0.69
319.764887 0.70
319.824630 0.70
319.874881 0.70
319.928879 0.70
319.984405 0.70
320.038887 0.70
320.098398 0.70
320.163009 0.70
320.233306 0.70
320.311514 0.70
320.376665 0.70
320.446883 0.70
320.511638 0.70
320.576635 0.70
320.635401 0.70
320.689889 0.70
320.749642 0.70
320.819634 0.70
320.878134 0.70
320.947398 0.70
321.011397 0.70
321.075402 0.70
321.139410 0.70
321.203401 0.70
321.267399 0.70
321.331275 0.70
321.400400 0.70
321.464528 0.70
321.528653 0.69
321.594138 0.69
321.658280 0.70
321.717891 0.69
321.767764 0.70
321.823014 0.70
321.883643 0.70
321.942661 0.70
322.005325 0.70
322.055658 0.70
322.119777 0.70
322.179417 0.69
322.229772 0.70
322.290031 0.70
322.354906 0.70
322.416311 0.70
322.475417 0.70
322.529340 0.69
322.575414 0.70
322.629425 0.70
322.679777 0.70
322.735420 0.69
322.789310 0.70
322.848153 0.70
322.907667 0.70
322.971777 0.70
323.030785 0.70
323.095310 0.71
323.154152 0.70
323.218443 0.70
323.272275 0.70
323.336781 0.70
323.396296 0.70
323.450294 0.69
323.520161 0.70
323.585327 0.70
323.639426 0.70
323.693296 0.69
323.757906 0.70
323.813158 0.70
323.870556 0.70
323.935321 0.69
323.989423 0.70
324.052038 0.70
324.111790 0.70
324.171553 0.71
324.232560 0.70
324.295434 0.70
324.349661 0.70
324.410435 0.70
324.471668 0.70
324.536569 0.70
324.603167 0.71
324.657665 0.70
324.711664 0.70
324.761787 0.70
324.821206 0.70
324.880037 0.70
324.944039 0.70
325.014041 0.70
325.078431 0.70
325.132349 0.70
325.197202 0.70
325.252193 0.70
325.311686 0.70
325.376308 0.70
325.430044 0.70
325.477294 0.70
325.527922 0.70
325.581441 0.70
325.635043 0.70
325.699797 0.70
325.763680 0.70
325.823444 0.70
325.898799 0.70
325.967426 0.69
326.031322 0.70
326.090809 0.70
326.162709 0.70
326.222448 0.70
326.292577 0.70
326.362683 0.70
326.422374 0.70
326.487349 0.70
326.565575 0.70
326.640052 0.70
326.710056 0.70
326.774582 0.70
326.834347 0.70
326.895685 0.70
326.955313 0.70
327.016692 0.70
327.076576 0.69
327.146366 0.70
327.207341 0.70
327.272360 0.70
327.333057 0.70
327.388369 0.70
327.457324 0.70
327.512477 0.70
327.576935 0.70
327.641098 0.70
327.695584 0.70
327.755361 0.70
327.819444 0.70
327.877813 0.70
327.961189 0.70
328.016379 0.70
328.083097 0.70
328.137587 0.70
328.197092 0.70
328.270098 0.70
328.324191 0.70
328.379371 0.70
328.454945 0.70
328.515192 0.70
328.580195 0.70
328.644946 0.70
328.700604 0.69
328.760364 0.70
328.830446 0.70
328.889078 0.70
328.961952 0.70
329.031193 0.69
329.085463 0.70
329.155236 0.69
329.218819 0.70
329.300828 0.70
329.370082 0.70
329.429464 0.70
329.499322 0.70
329.563481 0.70
329.633591 0.70
329.693087 0.70
329.765956 0.70
329.820472 0.70
329.880253 0.70
329.941094 0.70
329.995601 0.70
330.056959 0.70
330.110828 0.70
330.174331 0.70
330.229480 0.70
330.289248 0.70
330.356091 0.70
330.406478 0.70
330.457748 0.70
330.518962 0.70
330.574770 0.70
330.634583 0.70
330.695261 0.70
330.760341 0.70
330.831727 0.69
330.879086 0.70
330.937831 0.70
330.998735 0.69
331.046084 0.70
331.105089 0.70
331.168832 0.70
331.233482 0.69
331.297962 0.70
331.367103 0.70
331.432092 0.70
331.490963 0.70
331.555354 0.70
331.630597 0.70
331.702256 0.70
331.772492 0.70
331.832258 0.70
331.890966 0.70
331.945492 0.70
332.010346 0.70
332.075096 0.70
332.136493 0.70
332.196274 0.70
332.257526 0.70
332.318972 0.70
332.373497 0.69
332.432845 0.70
332.496968 0.70
332.556383 0.70
332.616975 0.69
332.676848 0.70
332.736099 0.70
332.796984 0.71
332.851498 0.70
332.907497 0.70
332.963366 0.70
333.022979 0.70
333.090978 0.70
333.145106 0.70
333.216613 0.70
333.272110 0.70
333.333115 0.70
333.393857 0.70
333.453356 0.70
333.509616 0.70
333.565109 0.70
333.625858 0.70
333.681107 0.70
333.741860 0.70
333.801358 0.70
333.857612 0.70
333.927861 0.70
333.988614 0.70
334.052983 0.70
334.107981 0.70
334.168615 0.70
334.219613 0.70
334.270613 0.70
334.335119 0.70
334.399233 0.69
334.470618 0.70
334.535506 0.70
334.606987 0.70
334.665986 0.70
334.727238 0.70
334.792618 0.69
334.857303 0.70
334.922115 0.70
334.991992 0.70
335.046295 0.70
335.105740 0.70
335.165156 0.70
335.229749 0.70
335.293867 0.69
335.357865 0.70
335.422242 0.70
335.481121 0.70
335.544617 0.70
335.618619 0.70
335.688302 0.70
335.747879 0.69
335.802142 0.70
335.867752 0.70
335.922318 0.69
335.987373 0.70
336.046244 0.70
336.111508 0.70
336.169994 0.70
336.233497 0.70
336.293625 0.70
336.353872 0.70
336.414505 0.70
336.470006 0.70
336.520002 0.70
336.575000 0.70
336.633896 0.70
336.680000 0.70
336.738880 0.70
336.793129 0.70
336.868001 0.70
336.923000 0.70
336.981751 0.70
337.045752 0.70
337.104879 0.70
337.160003 0.70
337.224130 0.70
337.289647 0.70
337.355011 0.70
337.413880 0.70
337.477756 0.70
337.542011 0.70
337.605881 0.70
337.670526 0.70
337.740009 0.70
337.800761 0.70
337.865009 0.70
337.924010 0.70
337.985018 0.70
338.051544 0.70
338.111301 0.70
338.175647 0.70
338.230151 0.70
338.289892 0.70
338.347023 0.70
338.417333 0.70
338.477145 0.70
338.541773 0.70
338.596334 0.70
338.662894 0.70
338.717202 0.70
338.782290 0.70
338.847311 0.70
338.912322 0.70
338.974901 0.70
339.039771 0.70
339.094152 0.70
339.153903 0.70
339.223645 0.70
339.287658 0.70
339.351535 0.70
339.425662 0.70
339.481404 0.70
339.535019 0.70
339.604020 0.70
339.658770 0.70
339.717771 0.70
339.781413 0.70
339.855664 0.70
339.924662 0.70
339.993773 0.70
340.052774 0.70
340.116665 0.70
340.186035 0.69
340.261555 0.70
340.342027 0.70
340.417030 0.70
340.486911 0.70
340.551907 0.70
340.616551 0.70
340.676164 0.70
340.735915 0.70
340.802032 0.69
340.863032 0.70
340.932675 0.70
341.001790 0.70
341.066553 0.70
341.130552 0.70
341.194917 0.70
341.255919 0.70
341.325676 0.70
341.389551 0.70
341.453794 0.70
341.507552 0.70
341.571554 0.70
341.635559 0.70
341.699428 0.70
341.764044 0.70
341.828918 0.70
341.893433 0.70
341.954568 0.70
342.008793 0.70
342.073543 0.70
342.137801 0.70
342.202802 0.70
342.267672 0.70
342.322050 0.70
342.381804 0.70
342.446671 0.70
342.511446 0.70
342.586929 0.70
342.656923 0.70
342.732343 0.70
342.797050 0.70
342.852466 0.70
342.908052 0.70
342.967803 0.70
343.037565 0.70
343.101565 0.71
343.165925 0.70
343.229922 0.70
343.293922 0.70
343.368674 0.70
343.427570 0.70
343.491567 0.70
343.555567 0.70
343.619935 0.70
343.695324 0.70
343.755054 0.70
343.814811 0.71
343.881591 0.70
343.937318 0.70
344.003314 0.70
344.064320 0.70
344.125185 0.70
344.180465 0.70
344.234936 0.70
344.299684 0.70
344.358686 0.70
344.417577 0.70
344.473060 0.70
344.533194 0.70
344.592937 0.70
344.652565 0.71
344.706686 0.70
344.760325 0.70
344.824937 0.70
344.888689 0.70
344.952187 0.69
345.008688 0.70
345.072331 0.70
345.136326 0.70
345.191687 0.70
345.245482 0.70
345.305066 0.70
345.369441 0.70
345.433700 0.70
345.498703 0.70
345.563702 0.69
345.622949 0.70
345.682705 0.70
345.747696 0.70
345.806826 0.70
345.876956 0.70
345.936591 0.70
346.001080 0.70
346.080830 0.70
346.141251 0.70
346.205951 0.70
346.270829 0.70
346.335699 0.70
346.402473 0.70
346.458207 0.70
346.523082 0.70
346.603472 0.70
346.659257 0.70
346.720247 0.70
346.781376 0.70
346.840960 0.70
346.907079 0.70
346.967199 0.70
347.030825 0.70
347.096342 0.70
347.160229 0.70
347.224081 0.70
347.279084 0.70
347.343356 0.70
347.407204 0.70
347.467087 0.70
347.531345 0.70
347.595233 0.70
347.655834 0.70
347.716474 0.70
347.766480 0.70
347.825365 0.70
347.889360 0.70
347.953500 0.70
348.007084 0.70
348.076362 0.69
348.140351 0.69
348.204209 0.69
348.268474 0.69
348.327237 0.70
348.391353 0.70
348.455365 0.70
348.519836 0.70
348.573212 0.70
348.632234 0.70
348.691354 0.70
348.755089 0.70
348.824368 0.70
348.883090 0.70
348.952243 0.70
349.020965 0.70
349.074840 0.70
349.128092 0.69
349.192095 0.70
349.256254 0.70
349.325365 0.70
349.384361 0.70
349.448612 0.70
349.502494 0.70
349.563264 0.70
349.622727 0.70
349.682366 0.70
349.739498 0.70
349.800726 0.70
349.857487 0.70
349.916489 0.70
349.970360 0.70
350.024242 0.70
350.083354 0.70
350.133492 0.70
350.192853 0.71
350.246603 0.70
350.298977 0.70
350.368859 0.70
350.432976 0.70
350.494020 0.70
350.558737 0.69
350.623491 0.70
350.693629 0.69
350.760284 0.69
350.810355 0.70
350.869105 0.70
350.938857 0.70
350.997613 0.70
351.056105 0.69
351.116380 0.70
351.175108 0.70
351.239108 0.70
351.299507 0.70
351.353110 0.70
351.412739 0.70
351.477513 0.70
351.537986 0.70
351.602745 0.71
351.662528 0.70
351.732504 0.70
351.799295 0.70
351.854998 0.70
351.915991 0.70
351.980870 0.70
352.047384 0.70
352.104402 0.70
352.163116 0.71
352.227402 0.70
352.291634 0.70
352.361117 0.70
352.425623 0.71
352.489617 0.71
352.548618 0.70
352.618121 0.69
352.677119 0.70
352.731642 0.69
352.792405 0.70
352.847638 0.70
352.903126 0.70
352.967628 0.70
353.035128 0.70
353.089649 0.70
353.149430 0.70
353.214285 0.70
353.268406 0.70
353.333292 0.70
353.398294 0.70
353.458885 0.69
353.518648 0.70
353.583523 0.70
353.653385 0.70
353.718548 0.71
353.778290 0.70
353.832411 0.70
353.897293 0.70
353.962296 0.70
354.016659 0.70
354.076404 0.70
354.146133 0.70
354.210536 0.70
354.286143 0.70
354.345759 0.70
354.405142 0.70
354.459655 0.70
354.524530 0.70
354.599767 0.70
354.666405 0.70
354.736406 0.70
354.801309 0.70
354.861021 0.70
354.927302 0.69
354.988643 0.70
355.048321 0.70
355.109534 0.69
355.179156 0.69
355.238546 0.70
355.307530 0.70
355.372412 0.70
355.437148 0.70
355.491016 0.70
355.550647 0.70
355.610557 0.70
355.670146 0.70
355.729546 0.70
355.789551 0.70
355.849318 0.70
355.914324 0.70
355.979306 0.70
356.044292 0.70
356.114325 0.70
356.181156 0.70
356.231524 0.70
356.287029 0.70
356.341544 0.69
356.401314 0.70
356.466032 0.70
356.520547 0.70
356.576319 0.70
356.632777 0.70
356.697024 0.70
356.756545 0.71
356.820294 0.70
356.879025 0.70
356.938024 0.70
356.996899 0.70
357.061423 0.70
357.131029 0.70
357.199900 0.70
357.264026 0.70
357.328027 0.70
357.391776 0.70
357.455277 0.70
357.518777 0.70
357.601546 0.71
357.660302 0.70
357.719029 0.70
357.778033 0.70
357.841905 0.70
357.905780 0.70
357.974906 0.70
358.039036 0.70
358.098034 0.70
358.157033 0.70
358.215908 0.70
358.279908 0.70
358.344034 0.70
358.402910 0.70
358.466785 0.70
358.536036 0.69
358.595040 0.70
358.653911 0.69
358.717912 0.70
358.781912 0.70
358.845913 0.70
358.909913 0.70
358.974039 0.70
359.032914 0.70
359.096914 0.70
359.160915 0.70
359.224915 0.70
359.289041 0.70
359.347916 0.70
359.412042 0.69
359.470917 0.70
359.534918 0.70
359.599043 0.70
359.658044 0.70
359.717044 0.70
359.780794 0.70
359.845046 0.70
359.909441 0.70
359.968325 0.70
360.034692 0.69
360.099319 0.70
360.168809 0.70
360.233805 0.70
360.295179 0.70
360.355927 0.70
360.420050 0.70
360.476050 0.70
360.535184 0.70
360.601805 0.70
360.666449 0.70
360.719929 0.70
360.779053 0.70
360.833065 0.70
360.898803 0.70
360.967930 0.70
361.027058 0.70
361.090929 0.70
361.145065 0.70
361.209946 0.69
361.263808 0.70
361.332808 0.70
361.392192 0.70
361.457932 0.69
361.521934 0.70
361.580813 0.70
361.639809 0.70
361.704385 0.70
361.769352 0.70
361.828939 0.70
361.878330 0.70
361.942187 0.70
362.006814 0.70
362.076064 0.70
362.145384 0.70
362.209814 0.70
362.274367 0.70
362.338824 0.70
362.398192 0.70
362.453361 0.70
362.517191 0.70
362.572194 0.69
362.630816 0.70
362.686571 0.70
362.740066 0.70
362.789942 0.70
362.853697 0.70
362.918195 0.70
362.987698 0.70
363.056718 0.70
363.111251 0.70
363.165370 0.70
363.226699 0.70
363.291264 0.70
363.350951 0.70
363.412347 0.70
363.471700 0.70
363.535949 0.70
363.589962 0.70
363.654582 0.70
363.729364 0.69
363.788593 0.70
363.847953 0.70
363.902090 0.70
363.963244 0.69
364.027713 0.70
364.092084 0.69
364.158710 0.70
364.212967 0.70
364.274090 0.70
364.338714 0.70
364.393092 0.70
364.459712 0.70
364.513967 0.70
364.583597 0.70
364.675088 0.70
364.740599 0.70
364.819478 0.70
364.874603 0.70
364.939960 0.70
364.989959 0.70
365.039834 0.70
365.089962 0.70
365.139964 0.70
365.205258 0.70
365.260721 0.70
365.321471 0.70
365.391345 0.70
365.450842 0.70
365.505257 0.69
365.575095 0.70
365.640966 0.70
365.707363 0.70
365.769839 0.70
365.833606 0.70
365.907965 0.70
365.971966 0.70
366.028489 0.70
366.102971 0.70
366.168842 0.70
366.232970 0.70
366.298972 0.70
366.359845 0.70
366.413611 0.70
366.477610 0.70
366.541613 0.70
366.610366 0.70
366.679613 0.70
366.744112 0.70
366.799490 0.70
366.868614 0.70
366.932847 0.70
366.986598 0.69
367.056626 0.70
367.110978 0.70
367.171494 0.71
367.254860 0.70
367.324852 0.70
367.394622 0.70
367.454862 0.70
367.520858 0.70
367.596146 0.70
367.664856 0.69
367.718730 0.70
367.783142 0.69
367.843499 0.70
367.912624 0.70
367.981985 0.70
368.040982 0.70
368.100983 0.69
368.175413 0.69
368.241624 0.70
368.310987 0.70
368.385865 0.70
368.444986 0.70
368.520291 0.70
368.586872 0.70
368.656380 0.70
368.730738 0.70
368.789751 0.70
368.859614 0.70
368.929514 0.70
369.009873 0.70
369.068992 0.70
369.132991 0.70
369.196989 0.70
369.257990 0.70
369.323394 0.70
369.394382 0.69
369.468867 0.69
369.529878 0.70
369.594748 0.69
369.648622 0.70
369.712664 0.70
369.763000 0.70
369.818517 0.70
369.872748 0.70
369.927755 0.70
369.992751 0.70
370.043005 0.70
370.107515 0.70
370.162749 0.70
370.216389 0.70
370.273251 0.70
370.333762 0.70
370.398754 0.70
370.454134 0.70
370.518395 0.70
370.584288 0.70
370.639755 0.70
370.690008 0.70
370.750270 0.70
370.810009 0.70
370.874889 0.70
370.939524 0.70
371.005881 0.70
371.069880 0.70
371.144522 0.70
371.208524 0.70
371.272255 0.70
371.338524 0.70
371.408141 0.70
371.474654 0.70
371.539137 0.70
371.608398 0.69
371.672276 0.69
371.742008 0.70
371.811770 0.69
371.878533 0.69
371.937766 0.70
371.996889 0.70
372.060887 0.70
372.126773 0.70
372.198143 0.70
372.257532 0.70
372.316531 0.70
372.371891 0.70
372.441552 0.70
372.491894 0.69
372.541650 0.70
372.611660 0.70
372.661651 0.69
372.726646 0.69
372.787895 0.70
372.848432 0.70
372.902899 0.70
372.967780 0.70
373.032646 0.7