0.000000 0.000000
0.074523 0.87
0.139524 0.89
0.209856 0.88
0.273987 0.88
0.332984 0.87
0.397130 0.87
0.456011 0.88
0.515128 0.89
0.574015 0.88
0.633013 0.90
0.692131 0.89
0.754910 0.87
0.816403 0.89
0.873376 0.89
0.929388 0.78
0.986383 0.79
1.040613 0.78
1.095503 0.78
1.154500 0.79
1.211135 0.78
1.266016 0.80
1.325013 0.78
1.380251 0.79
1.440019 0.78
1.510158 0.78
1.569383 0.79
1.633505 0.78
1.692380 0.79
1.761257 0.77
1.825508 0.80
1.876770 0.78
1.926384 0.79
1.995259 0.78
2.058867 0.77
2.122743 0.77
2.193619 0.80
2.257869 0.78
2.321870 0.78
2.385620 0.78
2.459746 0.79
2.528512 0.79
2.587389 0.80
2.656264 0.78
2.714873 0.79
2.773873 0.79
2.837749 0.78
2.906517 0.78
2.965390 0.77
3.034267 0.78
3.097875 0.78
3.161876 0.78
3.220877 0.78
3.284752 0.79
3.353519 0.78
3.412395 0.80
3.476396 0.79
3.536754 0.78
3.605880 0.78
3.669755 0.77
3.744035 0.79
3.802882 0.79
3.866882 0.79
3.930633 0.79
3.999883 0.77
4.058633 0.77
4.122399 0.78
4.178665 0.79
4.232165 0.79
4.301400 0.78
4.352664 0.80
4.400041 0.78
4.449762 0.79
4.509666 0.78
4.557043 0.77
4.606763 0.77
4.666668 0.78
4.722669 0.77
4.777138 0.78
4.840639 0.78
4.902015 0.79
4.952640 0.78
5.007140 0.76
5.070640 0.78
5.139266 0.79
5.197642 0.78
5.266267 0.77
5.324643 0.78
5.393268 0.79
5.451644 0.78
5.520269 0.78
5.578645 0.78
5.647270 0.79
5.705646 0.78
5.774271 0.78
5.832647 0.78
5.901273 0.79
5.959648 0.78
6.028273 0.78
6.086649 0.78
6.155275 0.79
6.213650 0.79
6.282275 0.78
6.340651 0.78
6.409276 0.79
6.467652 0.79
6.536277 0.80
6.591278 0.78
6.646279 0.78
6.701154 0.78
6.761155 0.78
6.821154 0.78
6.884655 0.78
6.953281 0.77
7.008156 0.78
7.068157 0.78
7.128157 0.78
7.188158 0.79
7.248159 0.79
7.308159 0.78
7.368159 0.79
7.426535 0.77
7.491785 0.78
7.542911 0.78
7.601286 0.79
7.659661 0.79
7.715912 0.78
7.766538 0.79
7.821038 0.79
7.884539 0.79
7.945914 0.79
7.996540 0.79
8.044665 0.79
8.108165 0.79
8.166540 0.77
8.235166 0.78
8.293542 0.79
8.362167 0.78
8.420543 0.77
8.489168 0.78
8.547544 0.79
8.616169 0.79
8.674545 0.77
8.743170 0.79
8.801546 0.77
8.870171 0.79
8.928547 0.80
8.997172 0.79
9.055548 0.79
9.124173 0.77
9.182548 0.79
9.251174 0.77
9.309801 0.79
9.370676 0.79
9.434802 0.78
9.498677 0.77
9.557803 0.79
9.621803 0.78
9.680679 0.78
9.739805 0.78
9.800805 0.79
9.864931 0.78
9.929210 0.80
9.998806 0.80
10.053807 0.78
10.108682 0.79
10.167575 0.80
10.231808 0.77
10.286684 0.80
10.350684 0.80
10.414685 0.77
10.473686 0.77
10.537686 0.79
10.596811 0.78
10.657092 0.78
10.721092 0.79
10.776094 0.78
10.831091 0.79
10.886092 0.79
10.941094 0.78
10.996095 0.79
11.055094 0.78
11.119096 0.78
11.179458 0.79
11.248816 0.77
11.303692 0.79
11.367692 0.78
11.426818 0.79
11.481694 0.78
11.540694 0.78
11.599587 0.78
11.663820 0.79
11.727695 0.79
11.791821 0.78
11.857462 0.79
11.921590 0.79
11.980698 0.79
12.039699 0.78
12.098589 0.78
12.157699 0.79
12.216699 0.78
12.275592 0.80
12.334700 0.77
12.398341 0.79
12.462104 0.79
12.536702 0.78
12.600470 0.79
12.664703 0.78
12.728343 0.79
12.793704 0.79
12.848473 0.79
12.912456 0.77
12.977357 0.79
13.031956 0.78
13.090472 0.79
13.146707 0.79
13.197359 0.79
13.245582 0.79
13.309471 0.78
13.378600 0.79
13.438361 0.78
13.492834 0.78
13.556476 0.80
13.625476 0.78
13.697586 0.79
13.761478 0.79
13.830237 0.79
13.900338 0.79
13.954838 0.79
14.018588 0.77
14.082241 0.79
14.141972 0.79
14.202239 0.78
14.285117 0.78
14.345483 0.79
14.417971 0.78
14.478480 0.78
14.550972 0.78
14.611482 0.79
14.683844 0.80
14.737485 0.79
14.801245 0.79
14.864845 0.79
14.919976 0.78
14.990721 0.79
15.050974 0.79
15.116723 0.78
15.180248 0.78
15.249247 0.79
15.317848 0.78
15.377848 0.79
15.437849 0.79
15.497850 0.79
15.557850 0.78
15.617850 0.79
15.676226 0.76
15.741476 0.77
15.806228 0.79
15.854352 0.79
15.914478 0.79
15.969478 0.79
16.024479 0.77
16.079480 0.79
16.130604 0.78
16.188981 0.79
16.247355 0.80
16.303605 0.79
16.354233 0.79
16.408731 0.79
16.472233 0.79
16.540858 0.79
16.599234 0.79
16.667859 0.79
16.726234 0.79
16.794860 0.79
16.853235 0.79
16.921861 0.78
16.980236 0.79
17.048862 0.78
17.107237 0.77
17.175863 0.79
17.234239 0.79
17.302863 0.79
17.361240 0.79
17.429865 0.78
17.488241 0.79
17.556866 0.79
17.615242 0.78
17.683867 0.78
17.742242 0.78
17.810867 0.79
17.865869 0.79
17.924244 0.79
17.992870 0.79
18.047745 0.79
18.107745 0.77
18.167746 0.78
18.227747 0.78
18.287747 0.78
18.347747 0.78
18.411247 0.79
18.479873 0.78
18.534749 0.78
18.594749 0.78
18.653125 0.78
18.713126 0.80
18.774501 0.79
18.825129 0.78
18.873252 0.78
18.929502 0.78
18.987877 0.80
19.046253 0.79
19.102504 0.79
19.153131 0.78
19.207630 0.77
19.271130 0.78
19.339756 0.77
19.398131 0.77
19.466756 0.78
19.525132 0.78
19.593757 0.79
19.652133 0.79
19.720758 0.78
19.779134 0.78
19.847759 0.78
19.906135 0.78
19.974760 0.78
20.033136 0.77
20.101762 0.78
20.160137 0.78
20.228763 0.80
20.287138 0.79
20.355764 0.79
20.414139 0.79
20.482765 0.78
20.537765 0.78
20.592765 0.79
20.647765 0.80
20.702766 0.80
20.757641 0.78
20.817642 0.78
20.877642 0.79
20.937643 0.78
20.997643 0.79
21.057644 0.79
21.117644 0.79
21.177645 0.78
21.237646 0.78
21.297646 0.79
21.357647 0.77
21.416023 0.77
21.481272 0.78
21.546025 0.77
21.594149 0.78
21.654274 0.78
21.705400 0.77
21.756026 0.80
21.804151 0.79
21.860401 0.77
21.911027 0.78
21.965527 0.80
22.029030 0.79
22.092652 0.79
22.151029 0.79
22.219653 0.79
22.278031 0.77
22.346654 0.79
22.405032 0.79
22.473655 0.80
22.532032 0.79
22.600657 0.79
22.659036 0.78
22.722658 0.79
22.781034 0.78
22.849658 0.79
22.908035 0.77
22.976660 0.78
23.035036 0.77
23.103661 0.79
23.162038 0.78
23.230662 0.77
23.289041 0.79
23.352663 0.79
23.411040 0.80
23.479663 0.78
23.538041 0.79
23.606665 0.78
23.661540 0.78
23.725042 0.78
23.793666 0.78
23.848542 0.77
23.908542 0.80
23.982418 0.80
24.045918 0.77
24.111169 0.78
24.169545 0.78
24.229545 0.79
24.293047 0.78
24.349296 0.79
24.408923 0.77
24.457047 0.79
24.513297 0.79
24.563924 0.78
24.612052 0.79
24.663298 0.76
24.713926 0.79
24.768424 0.80
24.831925 0.78
24.900549 0.79
24.958925 0.78
25.027551 0.80
25.085927 0.78
25.154552 0.79
25.213053 0.78
25.276553 0.78
25.334929 0.79
25.403554 0.78
25.461930 0.78
25.530555 0.79
25.588931 0.79
25.657556 0.78
25.715932 0.78
25.784557 0.78
25.843058 0.79
25.906558 0.77
25.964933 0.79
26.033560 0.80
26.091935 0.78
26.160560 0.78
26.218936 0.80
26.287561 0.79
26.342561 0.79
26.400937 0.78
26.469562 0.78
26.524438 0.79
26.587939 0.79
26.656564 0.77
26.711440 0.78
26.771441 0.77
26.831441 0.78
26.891442 0.78
26.951442 0.79
27.011567 0.78
27.066443 0.79
27.124819 0.78
27.190071 0.79
27.245070 0.78
27.296194 0.78
27.346822 0.78
27.394945 0.78
27.451196 0.79
27.510823 0.78
27.565321 0.80
27.628822 0.78
27.690198 0.77
27.740825 0.80
27.795324 0.79
27.858824 0.76
27.927450 0.78
27.985825 0.77
28.055827 0.80
28.110326 0.80
28.173827 0.77
28.242452 0.78
28.300827 0.79
28.374703 0.79
28.443330 0.79
28.506829 0.77
28.575455 0.78
28.633830 0.77
28.702455 0.79
28.760831 0.77
28.829457 0.79
28.890832 0.78
28.964967 0.79
29.033967 0.78
29.097710 0.79
29.174967 0.79
29.243969 0.78
29.312836 0.79
29.376477 0.79
29.453838 0.77
29.522971 0.78
29.591971 0.79
29.650480 0.79
29.708967 0.80
29.770969 0.78
29.825743 0.78
29.873971 0.79
29.928717 0.78
29.976119 0.79
30.025717 0.78
30.087117 0.78
30.145718 0.78
30.215746 0.78
30.263121 0.78
30.312720 0.78
30.381846 0.79
30.445721 0.79
30.515722 0.79
30.572246 0.78
30.630975 0.79
30.708249 0.79
30.771723 0.79
30.840349 0.80
30.898724 0.80
30.980724 0.78
31.049350 0.77
31.107726 0.78
31.176352 0.78
31.234726 0.79
31.316727 0.79
31.385353 0.79
31.443728 0.79
31.512354 0.78
31.570729 0.78
31.644605 0.77
31.713230 0.79
31.776730 0.78
31.845357 0.80
31.903732 0.77
31.972357 0.79
32.027357 0.79
32.085733 0.80
32.154359 0.79
32.209234 0.78
32.269235 0.76
32.332735 0.80
32.401361 0.78
32.456236 0.79
32.516237 0.78
32.576237 0.78
32.636237 0.77
32.694612 0.79
32.759864 0.79
32.814864 0.79
32.868115 0.79
32.931615 0.79
32.992992 0.78
33.043617 0.78
33.098116 0.78
33.161617 0.80
33.222994 0.79
33.273619 0.80
33.328119 0.79
33.391618 0.78
33.460244 0.77
33.518619 0.79
33.588621 0.78
33.643121 0.79
33.706621 0.79
33.775247 0.79
33.833622 0.79
33.907498 0.79
33.976124 0.79
34.039624 0.78
34.108249 0.79
34.166625 0.78
34.235250 0.78
34.293626 0.79
34.362251 0.79
34.420627 0.79
34.489253 0.78
34.547629 0.79
34.621504 0.77
34.681629 0.80
34.750255 0.78
34.808631 0.79
34.877256 0.78
34.935631 0.78
35.004257 0.78
35.059132 0.80
35.119133 0.79
35.179133 0.78
35.239133 0.80
35.299135 0.79
35.359135 0.77
35.419135 0.78
35.479260 0.78
35.534135 0.78
35.592636 0.79
35.648886 0.79
35.699515 0.78
35.747637 0.78
35.803888 0.79
35.867514 0.77
35.928889 0.79
35.979516 0.78
36.027640 0.79
36.083890 0.79
36.134518 0.79
36.189017 0.77
36.252516 0.77
36.321143 0.80
36.379518 0.78
36.448148 0.76
36.506519 0.77
36.575145 0.77
36.633520 0.79
36.702146 0.79
36.760522 0.78
36.829146 0.79
36.887647 0.78
36.951147 0.78
37.009523 0.79
37.078149 0.79
37.136523 0.80
37.205150 0.78
37.263525 0.79
37.332151 0.79
37.387152 0.79
37.445526 0.79
37.514151 0.78
37.572527 0.78
37.641152 0.78
37.696029 0.79
37.756154 0.78
37.811030 0.78
37.871030 0.79
37.931156 0.79
37.989530 0.79
38.058157 0.77
38.113033 0.78
38.173034 0.79
38.236533 0.78
38.306410 0.80
38.364909 0.78
38.428409 0.78
38.493660 0.77
38.544785 0.78
38.603160 0.79
38.661536 0.79
38.717787 0.78
38.768413 0.79
38.816538 0.77
38.872788 0.79
38.923415 0.79
38.977914 0.78
39.041414 0.79
39.110041 0.78
39.168416 0.79
39.237042 0.78
39.295417 0.79
39.364043 0.78
39.422418 0.79
39.491045 0.77
39.549419 0.79
39.618045 0.79
39.676419 0.78
39.745046 0.79
39.803421 0.79
39.872048 0.78
39.930422 0.78
39.999049 0.79
40.057422 0.78
40.126049 0.79
40.184423 0.77
40.253050 0.80
40.311425 0.78
40.380051 0.79
40.435051 0.78
40.489926 0.78
40.549926 0.78
40.609926 0.79
40.669927 0.77
40.729928 0.78
40.789928 0.80
40.849929 0.77
40.909929 0.78
40.968304 0.79
41.033555 0.79
41.097057 0.80
41.155432 0.77
41.215557 0.78
41.270558 0.80
41.325558 0.79
41.380558 0.78
41.431683 0.78
41.481060 0.79
41.535934 0.79
41.594311 0.79
41.655685 0.79
41.706311 0.80
41.760811 0.79
41.824312 0.77
41.885687 0.79
41.936314 0.78
41.990813 0.78
42.054314 0.78
42.122939 0.78
42.181314 0.78
42.249940 0.79
42.308315 0.79
42.376941 0.78
42.435317 0.77
42.503943 0.80
42.562317 0.79
42.630943 0.78
42.689318 0.79
42.757944 0.78
42.816319 0.79
42.884945 0.79
42.943321 0.79
43.011946 0.79
43.070322 0.79
43.138947 0.79
43.197323 0.78
43.265948 0.77
43.324323 0.78
43.392949 0.77
43.451324 0.79
43.519950 0.77
43.574826 0.79
43.634826 0.78
43.694827 0.78
43.754827 0.77
43.814828 0.79
43.873204 0.80
43.938454 0.78
44.003205 0.78
44.051330 0.79
44.111456 0.78
44.162581 0.79
44.213208 0.79
44.267707 0.79
44.338210 0.79
44.407236 0.77
44.472211 0.78
44.541473 0.80
44.605234 0.79
44.669234 0.78
44.738235 0.79
44.812087 0.78
44.882213 0.80
44.959838 0.79
45.018355 0.79
45.087088 0.79
45.161238 0.79
45.235242 0.77
45.309241 0.78
45.378480 0.79
45.442480 0.80
45.506240 0.78
45.575118 0.79
45.649243 0.78
45.723242 0.78
45.792120 0.78
45.855845 0.79
45.916120 0.78
45.990247 0.78
46.064248 0.78
46.133248 0.78
46.202246 0.77
46.271246 0.77
46.340488 0.78
46.399249 0.78
46.473724 0.79
46.537225 0.78
46.605849 0.80
46.660726 0.78
46.724226 0.77
46.792852 0.78
46.847727 0.79
46.906102 0.77
46.967478 0.78
47.027105 0.77
47.081604 0.79
47.145105 0.80
47.219130 0.79
47.288371 0.79
47.352134 0.80
47.426374 0.79
47.490136 0.78
47.564372 0.78
47.628375 0.78
47.692374 0.78
47.756136 0.78
47.830377 0.78
47.894140 0.77
47.958380 0.78
48.017266 0.79
48.081613 0.78
48.145614 0.79
48.204872 0.79
48.264387 0.79
48.323617 0.76
48.393146 0.78
48.459269 0.78
48.518388 0.79
48.577619 0.80
48.642148 0.80
48.706383 0.80
48.765511 0.80
48.834744 0.79
48.893620 0.78
48.962620 0.79
49.031746 0.77
49.085626 0.78
49.139157 0.77
49.203389 0.80
49.267623 0.80
49.321029 0.78
49.385633 0.79
49.446255 0.79
49.510127 0.78
49.574394 0.77
49.624154 0.79
49.678407 0.79
49.748256 0.78
49.807629 0.79
49.861146 0.79
49.921753 0.80
49.983757 0.78
50.033424 0.79
50.102880 0.78
50.172159 0.78
50.236429 0.78
50.306530 0.78
50.361524 0.78
50.416524 0.79
50.480633 0.77
50.534263 0.80
50.593261 0.78
50.657277 0.78
50.716037 0.77
50.785162 0.77
50.844515 0.79
50.903763 0.79
50.962637 0.79
51.016040 0.79
51.085138 0.78
51.155647 0.78
51.220410 0.79
51.290140 0.78
51.354140 0.78
51.418286 0.79
51.477311 0.78
51.534142 0.79
51.598142 0.78
51.662142 0.79
51.717425 0.79
51.777187 0.78
51.836163 0.78
51.895145 0.78
51.959144 0.77
52.018185 0.77
52.077164 0.79
52.136051 0.78
52.200147 0.79
52.259051 0.78
52.313296 0.77
52.376082 0.78
52.446069 0.79
52.510534 0.78
52.570287 0.79
52.631309 0.78
52.701912 0.78
52.772205 0.77
52.837301 0.79
52.909309 0.79
52.970303 0.77
53.039907 0.79
53.104064 0.79
53.168298 0.79
53.232530 0.79
53.291655 0.78
53.350424 0.78
53.414531 0.79
53.473071 0.77
53.537206 0.78
53.601433 0.78
53.666196 0.77
53.730663 0.78
53.797433 0.78
53.869356 0.78
53.934163 0.78
53.992536 0.78
54.051536 0.79
54.109911 0.79
54.178787 0.78
54.247537 0.78
54.311414 0.78
54.371540 0.77
54.426542 0.77
54.481539 0.79
54.536416 0.78
54.596415 0.79
54.670428 0.78
54.725542 0.77
54.780421 0.79
54.840544 0.79
54.895542 0.78
54.950544 0.78
55.006826 0.79
55.065794 0.79
55.134545 0.78
55.189422 0.79
55.250083 0.79
55.309074 0.78
55.373423 0.78
55.432227 0.79
55.491439 0.78
55.550549 0.79
55.614925 0.78
55.669081 0.77
55.722925 0.78
55.782801 0.78
55.832441 0.79
55.889176 0.81
55.943926 0.78
56.007426 0.78
56.065805 0.79
56.134678 0.81
56.204186 0.79
56.263806 0.80
56.318304 0.78
56.381929 0.78
56.445430 0.77
56.504094 0.78
56.557807 0.79
56.626682 0.79
56.686935 0.79
56.755935 0.79
56.819684 0.78
56.888946 0.78
56.953437 0.78
57.013684 0.79
57.073936 0.77
57.137812 0.79
57.206452 0.78
57.265092 0.78
57.325688 0.77
57.399813 0.78
57.474116 0.78
57.529211 0.77
57.587696 0.79
57.651315 0.79
57.716691 0.79
57.778095 0.78
57.827692 0.78
57.887693 0.77
57.944097 0.78
57.998693 0.79
58.060097 0.76
58.110697 0.78
58.165196 0.77
58.228698 0.78
58.290074 0.78
58.339448 0.78
58.397824 0.77
58.462735 0.79
58.510099 0.78
58.568698 0.79
58.630074 0.78
58.679824 0.77
58.744727 0.79
58.808700 0.79
58.879201 0.79
58.937701 0.80
59.006342 0.79
59.064952 0.79
59.124730 0.77
59.179218 0.79
59.242703 0.78
59.311468 0.78
59.369831 0.78
59.433346 0.78
59.486705 0.78
59.560581 0.79
59.634831 0.78
59.703707 0.78
59.772349 0.77
59.832708 0.79
59.893244 0.78
59.949358 0.79
60.008351 0.77
60.063350 0.79
60.118353 0.79
60.173353 0.77
60.228238 0.79
60.287227 0.77
60.342367 0.78
60.397212 0.79
60.457242 0.79
60.512354 0.79
60.567481 0.77
60.631853 0.79
60.685845 0.79
60.745153 0.79
60.809845 0.78
60.868718 0.79
60.937718 0.78
60.993971 0.79
61.052718 0.77
61.121988 0.78
61.187981 0.80
61.237848 0.79
61.296978 0.77
61.351721 0.79
61.420846 0.79
61.479987 0.77
61.530604 0.80
61.585102 0.78
61.648600 0.79
61.717227 0.79
61.775602 0.76
61.844375 0.77
61.909726 0.78
61.978600 0.78
62.048629 0.78
62.108476 0.79
62.182602 0.77
62.242158 0.79
62.301733 0.77
62.370730 0.78
62.439854 0.78
62.498230 0.79
62.556855 0.79
62.618158 0.78
62.677389 0.78
62.730859 0.79
62.794613 0.80
62.863608 0.79
62.932757 0.79
62.991736 0.78
63.055376 0.76
63.118986 0.79
63.182860 0.78
63.241610 0.78
63.311006 0.78
63.366528 0.77
63.420028 0.79
63.484024 0.80
63.548023 0.78
63.617114 0.77
63.676022 0.78
63.731541 0.77
63.790619 0.79
63.854617 0.79
63.923616 0.79
63.988519 0.77
64.036028 0.80
64.095124 0.80
64.153622 0.77
64.222618 0.78
64.278869 0.77
64.333619 0.79
64.398570 0.77
64.458524 0.79
64.514526 0.78
64.570526 0.78
64.624997 0.78
64.688497 0.78
64.762626 0.80
64.826127 0.81
64.884502 0.79
64.953126 0.76
65.011503 0.77
65.080129 0.78
65.138756 0.77
65.202628 0.78
65.271502 0.78
65.340517 0.80
65.414629 0.77
65.478629 0.78
65.542629 0.78
65.606379 0.79
65.668630 0.79
65.732506 0.79
65.801506 0.78
65.875385 0.78
65.944759 0.78
66.003151 0.78
66.061883 0.80
66.131038 0.80
66.195037 0.78
66.255765 0.77
66.314762 0.79
66.378762 0.78
66.442636 0.79
66.506512 0.76
66.570651 0.78
66.629887 0.78
66.693514 0.79
66.757514 0.78
66.821515 0.76
66.885640 0.77
66.949766 0.78
67.004516 0.78
67.068516 0.79
67.132535 0.76
67.196767 0.79
67.251768 0.79
67.306396 0.78
67.375023 0.79
67.433397 0.78
67.502024 0.79
67.560398 0.79
67.629024 0.78
67.687646 0.79
67.756772 0.79
67.820648 0.78
67.884773 0.76
67.948648 0.79
68.007649 0.79
68.066651 0.78
68.125650 0.79
68.184540 0.79
68.243275 0.79
68.308526 0.78
68.372027 0.78
68.430402 0.79
68.499028 0.78
68.557403 0.79
68.617403 0.79
68.686029 0.78
68.744655 0.80
68.798057 0.79
68.872281 0.79
68.946546 0.78
69.005657 0.80
69.060657 0.79
69.119788 0.78
69.188910 0.78
69.243908 0.78
69.304314 0.79
69.355316 0.80
69.424660 0.78
69.479911 0.77
69.545790 0.76
69.609662 0.77
69.659662 0.77
69.714663 0.79
69.769663 0.80
69.824670 0.78
69.886320 0.78
69.937306 0.78
69.991789 0.78
70.055666 0.80
70.106319 0.79
70.157319 0.77
70.212296 0.78
70.286183 0.77
70.356322 0.81
70.407324 0.77
70.467308 0.78
70.541187 0.79
70.605553 0.77
70.663927 0.78
70.722300 0.78
70.790925 0.77
70.849299 0.80
70.918064 0.78
70.977679 0.78
71.043426 0.79
71.112191 0.78
71.181190 0.79
71.251675 0.79
71.310937 0.78
71.375681 0.79
71.441320 0.80
71.510434 0.78
71.568928 0.80
71.643196 0.79
71.702449 0.77
71.760930 0.79
71.819555 0.79
71.873431 0.79
71.937446 0.78
72.001198 0.81
72.060691 0.78
72.120330 0.80
72.179327 0.77
72.248559 0.77
72.303213 0.79
72.377211 0.80
72.441691 0.79
72.505310 0.79
72.570686 0.78
72.629328 0.79
72.698204 0.80
72.772328 0.80
72.841216 0.78
72.910206 0.79
72.984205 0.79
73.058190 0.79
73.126820 0.77
73.185205 0.79
73.254578 0.78
73.311220 0.76
73.375210 0.79
73.449193 0.78
73.523211 0.77
73.592209 0.79
73.666211 0.77
73.734823 0.78
73.789823 0.78
73.844823 0.78
73.899824 0.80
73.958199 0.80
74.026824 0.79
74.080826 0.78
74.141103 0.78
74.201340 0.79
74.270228 0.77
74.339219 0.79
74.413218 0.79
74.471826 0.78
74.531577 0.77
74.595452 0.79
74.648827 0.78
74.708578 0.78
74.768703 0.79
74.829115 0.77
74.889473 0.77
74.944222 0.79
74.999081 0.77
75.069706 0.78
75.128081 0.77
75.187476 0.77
75.242224 0.79
75.311083 0.79
75.367587 0.79
75.431235 0.78
75.496114 0.79
75.555591 0.79
75.625359 0.77
75.684087 0.77
75.753087 0.79
75.822091 0.79
75.896116 0.77
75.970089 0.79
76.038844 0.77
76.113090 0.78
76.177229 0.79
76.241092 0.77
76.310216 0.78
76.366366 0.78
76.425722 0.78
76.486132 0.78
76.550494 0.77
76.616721 0.78
76.671719 0.78
76.736242 0.80
76.795248 0.78
76.864102 0.78
76.938366 0.78
77.002487 0.78
77.066599 0.77
77.140878 0.79
77.209598 0.77
77.268100 0.79
77.337254 0.78
77.396129 0.79
77.456498 0.79
77.520129 0.79
77.575100 0.79
77.638980 0.80
77.704602 0.80
77.764987 0.78
77.821358 0.78
77.891133 0.79
77.955294 0.77
78.015997 0.79
78.065738 0.79
78.130607 0.79
78.189133 0.78
78.258261 0.78
78.322123 0.78
78.386124 0.79
78.450109 0.80
78.514109 0.78
78.578112 0.78
78.642128 0.78
78.701022 0.78
78.770129 0.79
78.839127 0.79
78.907864 0.79
78.972034 0.77
79.041391 0.77
79.105115 0.79
79.164494 0.77
79.239617 0.78
79.303617 0.77
79.363865 0.78
79.438492 0.77
79.499021 0.77
79.559617 0.77
79.619997 0.78
79.694020 0.78
79.768043 0.78
79.832021 0.78
79.896024 0.79
79.960001 0.79
80.024124 0.79
80.078372 0.77
80.138198 0.79
80.197390 0.77
80.257622 0.79
80.318502 0.79
80.379002 0.80
80.433391 0.78
80.498913 0.80
80.564629 0.77
80.623041 0.79
80.678514 0.77
80.737399 0.79
80.806392 0.79
80.875503 0.78
80.934503 0.77
80.992881 0.77
81.057147 0.77
81.115879 0.78
81.185261 0.79
81.240387 0.77
81.299506 0.79
81.358511 0.80
81.417509 0.79
81.481382 0.78
81.545508 0.76
81.609888 0.78
81.679134 0.78
81.738051 0.79
81.797041 0.79
81.860510 0.77
81.919524 0.78
81.988765 0.78
82.063139 0.78
82.126891 0.79
82.191541 0.79
82.253766 0.77
82.323280 0.78
82.388890 0.78
82.457890 0.77
82.527142 0.79
82.585516 0.78
82.643894 0.79
82.713142 0.78
82.776771 0.77
82.840896 0.79
82.905215 0.78
82.960520 0.78
83.017523 0.78
83.072536 0.78
83.123780 0.79
83.184052 0.79
83.248166 0.80
83.302774 0.78
83.371900 0.78
83.435773 0.78
83.497196 0.79
83.551776 0.79
83.622291 0.77
83.685776 0.79
83.754776 0.78
83.816151 0.77
83.866781 0.77
83.914170 0.77
83.969152 0.77
84.023903 0.79
84.087780 0.80
84.156908 0.77
84.215420 0.78
84.274035 0.77
84.337781 0.79
84.401906 0.80
84.465782 0.79
84.539787 0.77
84.603907 0.79
84.667408 0.79
84.725909 0.78
84.784534 0.80
84.843287 0.78
84.906909 0.77
84.970786 0.78
85.029911 0.78
