0.000000 0.000000
0.096196 0.87
0.157408 0.87
0.216740 0.87
0.270739 0.87
0.316738 0.87
0.370488 0.87
0.434489 0.87
0.494739 0.88
0.553490 0.87
0.613740 0.88
0.672491 0.88
0.732157 0.88
0.796520 0.87
0.856501 0.87
0.916394 0.88
0.981499 0.87
1.046122 0.88
1.104996 0.87
1.168894 0.87
1.232895 0.87
1.296896 0.87
1.361195 0.87
1.422633 0.78
1.477019 0.79
1.536500 0.78
1.600625 0.79
1.659623 0.79
1.718499 0.79
1.782500 0.78
1.846500 0.78
1.910902 0.79
1.974902 0.79
2.038904 0.78
2.103026 0.79
2.161906 0.79
2.220905 0.79
2.284897 0.79
2.349021 0.79
2.409258 0.79
2.468021 0.79
2.528259 0.79
2.587020 0.79
2.637631 0.78
2.696508 0.79
2.756757 0.79
2.817285 0.78
2.872262 0.79
2.930911 0.79
2.992286 0.79
3.056511 0.79
3.120510 0.79
3.189636 0.78
3.240264 0.78
3.298888 0.79
3.362888 0.78
3.426889 0.78
3.488266 0.79
3.546890 0.79
3.621406 0.79
3.690765 0.79
3.749516 0.78
3.813641 0.79
3.877409 0.79
3.946518 0.79
4.005408 0.78
4.069518 0.78
4.133409 0.79
4.197286 0.79
4.260896 0.79
4.321411 0.78
4.379896 0.78
4.435286 0.79
4.509162 0.78
4.569521 0.78
4.633414 0.79
4.691899 0.79
4.741899 0.78
4.800774 0.79
4.859416 0.79
4.915171 0.79
4.968775 0.78
5.027417 0.78
5.096418 0.79
5.154904 0.79
5.218778 0.79
5.277419 0.78
5.346419 0.79
5.402161 0.78
5.460779 0.79
5.511530 0.79
5.575419 0.79
5.639420 0.79
5.695163 0.79
5.748656 0.78
5.812157 0.79
5.875657 0.78
5.939158 0.78
6.002658 0.79
6.066158 0.79
6.129659 0.79
6.193160 0.79
6.256660 0.79
6.320161 0.79
6.383660 0.79
6.447162 0.79
6.510662 0.79
6.574163 0.78
6.637662 0.79
6.701164 0.79
6.764664 0.79
6.828165 0.78
6.891664 0.79
6.955165 0.79
7.018666 0.79
7.073667 0.80
7.128667 0.78
7.192168 0.79
7.255668 0.79
7.315668 0.79
7.375669 0.79
7.435669 0.79
7.499170 0.79
7.562670 0.78
7.622671 0.79
7.682671 0.79
7.742672 0.79
7.802672 0.79
7.857547 0.78
7.921049 0.79
7.981174 0.79
8.036174 0.78
8.091174 0.78
8.146175 0.79
8.197300 0.78
8.251801 0.80
8.305052 0.79
8.368552 0.78
8.432053 0.78
8.495553 0.79
8.559054 0.79
8.622554 0.79
8.686055 0.78
8.749555 0.79
8.813055 0.78
8.876556 0.78
8.940073 0.79
9.005084 0.79
9.070085 0.79
9.135083 0.79
9.209085 0.79
9.283086 0.79
9.357086 0.79
9.431085 0.79
9.504937 0.79
9.568563 0.78
9.627328 0.79
9.696089 0.79
9.769939 0.79
9.838690 0.78
9.904089 0.79
9.977966 0.79
10.052090 0.78
10.126094 0.79
10.195568 0.79
10.269443 0.78
10.328095 0.78
10.382970 0.79
10.456971 0.79
10.527570 0.79
10.591446 0.79
10.650097 0.79
10.710446 0.79
10.763973 0.79
10.827974 0.79
10.897100 0.79
10.957448 0.79
11.015950 0.78
11.076074 0.79
11.123324 0.79
11.176574 0.79
11.240075 0.78
11.298451 0.78
11.361951 0.79
11.425451 0.79
11.488952 0.79
11.552452 0.79
11.615953 0.78
11.679454 0.79
11.742954 0.79
11.806454 0.78
11.869955 0.79
11.933456 0.79
11.996956 0.79
12.060456 0.78
12.123957 0.79
12.187458 0.78
12.250958 0.79
12.314459 0.79
12.369459 0.78
12.432960 0.79
12.496460 0.79
12.559961 0.78
12.623461 0.79
12.686962 0.79
12.750462 0.78
12.805463 0.79
12.865463 0.79
12.926099 0.79
12.991010 0.79
13.051468 0.78
13.120872 0.79
13.189994 0.79
13.250358 0.79
13.303871 0.79
13.367998 0.79
13.428344 0.79
13.481996 0.79
13.542470 0.79
13.601346 0.78
13.660123 0.78
13.724239 0.79
13.788000 0.78
13.848473 0.79
13.912473 0.79
13.976474 0.79
14.040474 0.79
14.104474 0.79
14.168365 0.79
14.221880 0.79
14.286006 0.79
14.355476 0.80
14.419477 0.78
14.483369 0.80
14.536883 0.79
14.601247 0.79
14.665008 0.79
14.729141 0.79
14.788010 0.79
14.846884 0.79
14.910886 0.79
14.974887 0.79
15.038999 0.79
15.108483 0.80
15.172483 0.79
15.236484 0.78
15.300609 0.78
15.359376 0.79
15.425003 0.79
15.489128 0.78
15.547892 0.79
15.616987 0.79
15.680893 0.78
15.744892 0.79
15.808894 0.79
15.872894 0.79
15.936895 0.79
16.000894 0.79
16.064894 0.79
16.128896 0.79
16.187897 0.78
16.251897 0.79
16.310895 0.78
16.374899 0.79
16.433898 0.78
16.497896 0.79
16.556900 0.80
16.620898 0.79
16.679900 0.79
16.743901 0.78
16.802901 0.79
16.866901 0.79
16.925900 0.79
16.989903 0.78
17.048903 0.78
17.112902 0.79
17.171374 0.78
17.235375 0.79
17.294392 0.79
17.358375 0.79
17.417393 0.78
17.481267 0.79
17.534907 0.79
17.598905 0.79
17.657908 0.79
17.722019 0.80
17.785629 0.78
17.844396 0.79
17.903395 0.78
17.967381 0.79
18.026397 0.79
18.090382 0.79
18.149399 0.78
18.213383 0.79
18.272401 0.78
18.336384 0.79
18.397401 0.78
18.456401 0.79
18.520510 0.78
18.579403 0.79
18.640664 0.79
18.699386 0.79
18.758405 0.79
18.823668 0.79
18.871028 0.79
18.921656 0.78
18.975281 0.78
19.039281 0.79
19.113156 0.79
19.166765 0.79
19.222668 0.79
19.276283 0.78
19.334921 0.78
19.398642 0.79
19.451047 0.79
19.504768 0.79
19.564769 0.79
19.623768 0.79
19.687769 0.78
19.756645 0.79
19.820412 0.78
19.879288 0.79
19.953165 0.79
20.006772 0.79
20.075648 0.79
20.149773 0.79
20.218649 0.79
20.282417 0.79
20.341293 0.78
20.415167 0.79
20.468775 0.79
20.537776 0.78
20.606777 0.79
20.675777 0.78
20.744528 0.79
20.799931 0.79
20.858779 0.78
20.927654 0.78
20.991420 0.79
21.050298 0.79
21.124174 0.78
21.177781 0.79
21.246657 0.78
21.320658 0.79
21.389783 0.78
21.453658 0.78
21.522534 0.79
21.586177 0.79
21.644785 0.79
21.708660 0.78
21.764566 0.79
21.811942 0.78
21.861939 0.78
21.915788 0.79
21.966569 0.78
22.013941 0.79
22.067789 0.79
22.118569 0.79
22.165945 0.79
22.219790 0.79
22.279666 0.79
22.348791 0.79
22.417791 0.79
22.486792 0.79
22.555793 0.79
22.619543 0.78
22.693794 0.78
22.762669 0.78
22.831795 0.79
22.900795 0.79
22.969796 0.79
23.038796 0.79
23.107797 0.79
23.176798 0.79
23.245798 0.79
23.314799 0.79
23.383799 0.79
23.452800 0.79
23.521800 0.79
23.590801 0.78
23.654551 0.79
23.718317 0.79
23.771802 0.79
23.840445 0.79
23.899083 0.79
23.973071 0.80
24.037198 0.79
24.096072 0.79
24.151073 0.79
24.206198 0.79
24.264807 0.78
24.318084 0.79
24.382198 0.79
24.436808 0.78
24.490076 0.79
24.545076 0.79
24.596213 0.78
24.649817 0.79
24.713685 0.78
24.769467 0.79
24.832936 0.79
24.896686 0.79
24.951205 0.79
25.004819 0.79
25.068438 0.78
25.129467 0.79
25.187966 0.78
25.251689 0.79
25.315565 0.79
25.379566 0.79
25.448691 0.79
25.512691 0.79
25.576567 0.79
25.632473 0.78
25.688474 0.79
25.744473 0.79
25.800473 0.79
25.869694 0.79
25.933826 0.79
25.992825 0.78
26.051446 0.79
26.125696 0.79
26.194697 0.79
26.263698 0.78
26.332698 0.78
26.401699 0.78
26.460574 0.79
26.524699 0.79
26.588450 0.79
26.657451 0.78
26.731451 0.79
26.800702 0.79
26.859702 0.79
26.918703 0.79
26.977578 0.80
27.041838 0.78
27.106106 0.79
27.155985 0.79
27.219985 0.79
27.284110 0.79
27.342837 0.78
27.407115 0.79
27.465986 0.79
27.529985 0.79
27.593985 0.79
27.657988 0.78
27.721873 0.79
27.785989 0.80
27.849988 0.78
27.913989 0.79
27.975367 0.78
28.039712 0.79
28.098462 0.78
28.167588 0.79
28.227714 0.79
28.277713 0.79
28.332714 0.79
28.391465 0.79
28.455590 0.79
28.519715 0.79
28.573716 0.79
28.632870 0.78
28.696995 0.78
28.760997 0.79
28.835594 0.79
28.899593 0.79
28.963594 0.78
29.032998 0.79
29.096998 0.79
29.166471 0.79
29.235596 0.79
29.294597 0.78
29.358472 0.79
29.422723 0.79
29.483599 0.79
29.542599 0.79
29.606725 0.79
29.667600 0.79
29.731600 0.78
29.795476 0.79
29.859726 0.78
29.920602 0.78
29.979602 0.79
30.038603 0.79
30.097603 0.79
30.156604 0.79
30.215729 0.78
30.280009 0.79
30.339009 0.78
30.394008 0.79
30.452886 0.79
30.518264 0.79
30.571888 0.79
30.633260 0.78
30.684263 0.78
30.748609 0.79
30.799264 0.78
30.863609 0.78
30.918735 0.79
30.980263 0.78
31.033890 0.79
31.095264 0.78
31.150267 0.79
31.205267 0.79
31.265613 0.78
31.324613 0.78
31.383613 0.78
31.442489 0.79
31.511615 0.79
31.570490 0.79
31.634616 0.78
31.693491 0.79
31.757617 0.79
31.821492 0.78
31.890743 0.79
31.954900 0.79
32.029134 0.78
32.084495 0.79
32.143620 0.79
32.202495 0.78
32.261621 0.79
32.320621 0.78
32.379497 0.78
32.438622 0.78
32.497623 0.79
32.556498 0.79
32.615498 0.79
32.674624 0.78
32.733500 0.78
32.792625 0.79
32.851625 0.78
32.910501 0.78
32.969502 0.79
33.028627 0.78
33.087503 0.79
33.146628 0.79
33.205503 0.78
33.264504 0.79
33.323504 0.79
33.378505 0.78
33.433505 0.79
33.488506 0.79
33.543506 0.78
33.598507 0.78
33.653507 0.78
33.708508 0.79
33.763508 0.78
33.818508 0.79
33.873508 0.79
33.928509 0.79
33.983635 0.79
34.047635 0.79
34.101511 0.79
34.156511 0.79
34.211512 0.78
34.275637 0.78
34.334512 0.79
34.398638 0.78
34.464764 0.78
34.529042 0.78
34.589764 0.79
34.659043 0.78
34.721407 0.79
34.785516 0.79
34.849517 0.78
34.903284 0.78
34.962033 0.78
35.017518 0.78
35.071035 0.79
35.126519 0.79
35.180038 0.78
35.249520 0.78
35.303035 0.78
35.372038 0.79
35.441037 0.79
35.506647 0.79
35.565647 0.78
35.629648 0.78
35.695291 0.79
35.759291 0.79
35.818040 0.78
35.882293 0.78
35.951293 0.79
36.010044 0.79
36.079044 0.79
36.148044 0.79
36.213403 0.79
36.268403 0.78
36.327043 0.79
36.396044 0.79
36.470530 0.79
36.524170 0.79
36.593172 0.79
36.662173 0.79
36.722407 0.79
36.786533 0.80
36.840175 0.79
36.904048 0.79
36.978534 0.79
37.032174 0.79
37.096050 0.79
37.165052 0.78
37.229302 0.79
37.298053 0.78
37.372787 0.78
37.442067 0.79
37.516788 0.78
37.586067 0.78
37.660664 0.78
37.729664 0.79
37.798665 0.78
37.862541 0.79
37.923291 0.78
37.992309 0.79
38.056184 0.79
38.120058 0.79
38.184311 0.79
38.248186 0.78
38.317544 0.79
38.387060 0.79
38.456064 0.79
38.525062 0.78
38.586952 0.79
38.647422 0.78
38.701075 0.79
38.765063 0.79
38.826954 0.78
38.887424 0.79
38.941077 0.79
39.001550 0.79
39.060550 0.79
39.129427 0.79
39.192927 0.79
39.258427 0.78
39.316928 0.79
39.391082 0.78
39.460082 0.79
39.529081 0.78
39.598084 0.78
39.667085 0.79
39.736083 0.79
39.805085 0.79
39.868932 0.79
39.943086 0.79
40.012088 0.79
40.081086 0.78
40.150086 0.79
40.219088 0.79
40.288088 0.79
40.357090 0.78
40.426092 0.79
40.495090 0.78
40.564331 0.79
40.623091 0.78
40.686970 0.78
40.755966 0.78
40.824942 0.78
40.894093 0.79
40.963566 0.79
41.027442 0.79
41.093097 0.78
41.156972 0.79
41.217443 0.78
41.281568 0.79
41.345337 0.79
41.398973 0.79
41.462973 0.79
41.523462 0.78
41.598098 0.78
41.662098 0.78
41.720975 0.79
41.785100 0.78
41.843977 0.79
41.907978 0.79
41.968449 0.79
42.027339 0.79
42.086105 0.79
42.144978 0.79
42.208983 0.79
42.278105 0.79
42.336979 0.79
42.401106 0.79
42.459837 0.79
42.524106 0.78
42.582838 0.79
42.647109 0.79
42.705837 0.79
42.770110 0.79
42.828985 0.79
42.887331 0.79
42.946112 0.78
43.010225 0.79
43.068871 0.79
43.132985 0.78
43.202459 0.79
43.271710 0.79
43.337460 0.79
43.401336 0.79
43.461991 0.79
43.525991 0.79
43.589990 0.79
43.653990 0.78
43.712994 0.78
43.776993 0.79
43.837464 0.78
43.903357 0.79
43.968993 0.79
44.038466 0.78
44.109467 0.79
44.168359 0.78
44.233996 0.78
44.292873 0.78
44.351872 0.79
44.410873 0.79
44.474876 0.79
44.533874 0.79
44.597876 0.79
44.656877 0.79
44.721000 0.78
44.779877 0.79
44.843877 0.79
44.902878 0.79
44.966876 0.79
45.025876 0.78
45.089877 0.79
45.148879 0.79
45.212881 0.79
45.271882 0.79
45.335882 0.79
45.394879 0.78
45.458880 0.79
45.517884 0.79
45.581884 0.79
45.640884 0.79
45.704884 0.78
45.763884 0.78
45.827890 0.78
45.897009 0.79
45.955884 0.78
46.025381 0.79
46.084375 0.79
46.148249 0.79
46.201890 0.78
46.265887 0.79
46.324890 0.79
46.388889 0.79
46.447890 0.79
46.511889 0.79
46.570889 0.79
46.634891 0.79
46.693891 0.79
46.757893 0.79
46.816893 0.78
46.880893 0.79
46.939895 0.79
46.998739 0.79
47.057365 0.79
47.126131 0.79
47.189616 0.79
47.249896 0.79
47.313895 0.78
47.368993 0.79
47.432618 0.78
47.488869 0.79
47.544618 0.79
47.608119 0.78
47.671618 0.78
47.735120 0.78
47.798619 0.79
47.851156 0.79
47.921265 0.79
47.987264 0.79
48.045902 0.79
48.109623 0.79
48.173263 0.78
48.231905 0.78
48.295750 0.79
48.364751 0.79
48.423957 0.79
48.489153 0.79
48.559040 0.79
48.612910 0.79
48.671754 0.79
48.732301 0.79
48.802510 0.79
48.857919 0.78
48.916756 0.78
48.980755 0.78
49.045043 0.78
49.105918 0.78
49.164757 0.79
49.228757 0.78
49.297632 0.79
49.357286 0.79
49.412763 0.79
49.471762 0.78
49.530761 0.78
49.599510 0.78
49.663763 0.79
49.722920 0.79
49.776762 0.78
49.840512 0.78
49.893211 0.79
49.953062 0.79
50.022767 0.79
50.081766 0.79
50.140640 0.79
50.187937 0.79
50.241769 0.78
50.295768 0.79
50.354767 0.79
50.418642 0.78
50.487773 0.78
50.546771 0.78
50.605770 0.79
50.669644 0.79
50.738644 0.78
50.803299 0.79
50.862775 0.78
50.926928 0.79
50.980772 0.78
51.044647 0.79
51.104175 0.79
51.174297 0.79
51.233058 0.79
51.297290 0.78
51.356053 0.79
51.430652 0.79
51.494777 0.79
51.558776 0.79
51.627777 0.78
51.686946 0.78
51.747655 0.79
51.811779 0.78
51.870654 0.78
51.934529 0.78
51.998783 0.79
52.057782 0.79
52.116656 0.79
52.180531 0.79
52.249787 0.79
52.303786 0.78
52.363302 0.78
52.422956 0.79
52.483667 0.79
52.543668 0.78
52.598310 0.79
52.649940 0.79
52.710790 0.78
52.769787 0.79
52.828943 0.78
52.902912 0.79
52.961413 0.78
53.030538 0.78
53.077788 0.79
53.132793 0.78
53.191539 0.78
53.247442 0.78
53.303445 0.79
53.359446 0.79
53.406791 0.79
53.470667 0.79
53.526454 0.78
53.590797 0.79
53.654794 0.78
53.713924 0.79
53.773068 0.79
53.842066 0.78
53.911050 0.78
53.979954 0.79
54.054803 0.78
54.120547 0.78
54.179076 0.79
54.244925 0.78
54.303675 0.78
54.368051 0.79
54.442674 0.78
54.511800 0.78
54.575805 0.78
54.634681 0.78
54.698930 0.79
54.764429 0.80
54.838930 0.79
54.900089 0.79
54.959680 0.79
55.020554 0.79
55.079934 0.79
55.145933 0.79
55.220059 0.79
55.274000 0.79
55.333691 0.79
55.392932 0.79
55.451435 0.78
55.506559 0.78
55.565434 0.78
55.616558 0.79
55.685565 0.79
55.749560 0.78
55.807936 0.78
55.866577 0.79
55.926108 0.79
55.984822 0.79
56.043437 0.78
56.094692 0.78
56.153567 0.78
56.222817 0.78
56.293366 0.79
56.346940 0.78
56.410969 0.78
56.469566 0.79
56.533566 0.78
56.597567 0.79
56.661568 0.79
56.725568 0.79
56.789568 0.79
56.853447 0.78
56.917336 0.79
56.986446 0.79
57.050446 0.78
57.104701 0.78
57.158447 0.78
57.222698 0.78
57.281324 0.78
57.355573 0.78
57.414574 0.78
57.478573 0.79
57.542835 0.78
57.603575 0.79
57.667328 0.78
57.730833 0.79
57.790832 0.78
57.850831 0.78
57.910831 0.79
57.970833 0.78
58.030833 0.79
58.089579 0.78
58.142954 0.78
58.208233 0.78
58.266985 0.79
58.335706 0.78
58.390581 0.78
58.445004 0.78
58.498995 0.79
58.559252 0.79
58.619583 0.78
58.678349 0.79
58.742460 0.79
58.801714 0.79
58.862248 0.78
58.913244 0.78
58.977461 0.79
59.037587 0.78
59.096587 0.78
59.155476 0.79
59.214591 0.78
59.273464 0.79
59.333589 0.80
59.392355 0.78
59.456465 0.78
59.526034 0.79
59.581716 0.78
59.651607 0.79
59.715593 0.79
59.774468 0.79
59.838468 0.78
59.902470 0.78
59.966594 0.79
60.025469 0.79
60.089345 0.79
60.153470 0.78
60.212596 0.79
60.271346 0.78
60.335472 0.79
60.399098 0.78
60.459472 0.79
60.528223 0.79
60.597349 0.78
60.661349 0.78
60.725474 0.79
60.784102 0.78
60.852729 0.79
60.912727 0.78
60.978369 0.79
61.037367 0.79
61.101133 0.79
61.157604 0.79
61.216479 0.78
61.280122 0.79
61.349135 0.79
61.413481 0.79
61.468606 0.79
61.527357 0.79
61.591490 0.79
61.646482 0.79
61.705358 0.79
61.774109 0.79
61.848239 0.78
61.913485 0.78
61.964139 0.79
62.015138 0.79
62.075112 0.78
62.135141 0.79
62.204130 0.79
62.268614 0.79
62.327488 0.79
62.386363 0.78
62.450493 0.78
62.514489 0.79
62.573365 0.78
62.632628 0.79
62.696618 0.79
62.760617 0.78
62.819367 0.78
62.883493 0.78
62.947136 0.79
63.015993 0.79
63.079619 0.78
63.138134 0.79
63.212136 0.78
63.285995 0.78
63.341626 0.78
63.416015 0.79
63.485498 0.78
63.544139 0.78
63.607623 0.78
63.667749 0.79
63.736749 0.79
63.792018 0.78
63.853500 0.79
63.907017 0.78
63.967501 0.79
64.021002 0.79
64.081762 0.78
64.131756 0.79
64.185506 0.78
64.239022 0.79
64.308019 0.79
64.382004 0.79
64.448257 0.79
64.502149 0.79
64.558006 0.79
64.616506 0.79
64.675007 0.78
64.749507 0.79
64.808634 0.79
64.877508 0.79
64.941024 0.79
65.015135 0.78
65.079025 0.79
65.153522 0.79
65.214162 0.78
65.278159 0.78
65.342264 0.78
65.401028 0.79
65.475013 0.78
65.544643 0.79
65.618641 0.78
65.684157 0.79
65.748016 0.79
65.817016 0.79
65.886648 0.79
65.950644 0.78
66.024518 0.79
66.090019 0.79
66.164162 0.79
66.233407 0.79
66.302520 0.78
66.361271 0.79
66.430036 0.79
66.504021 0.79
66.567522 0.78
66.632937 0.78
66.686398 0.78
66.749900 0.79
66.810023 0.79
66.865024 0.79
66.912274 0.78
66.981056 0.79
67.041405 0.79
67.105046 0.79
67.152277 0.78
67.206904 0.79
67.259277 0.78
67.309904 0.78
67.373403 0.79
67.436905 0.78
67.500404 0.78
67.563905 0.78
67.627405 0.78
67.690918 0.79
67.760409 0.78
67.819033 0.79
67.887937 0.79
67.956936 0.79
68.025937 0.79
68.095950 0.79
68.165303 0.80
68.224036 0.78
68.287941 0.78
68.357046 0.79
68.426436 0.78
68.485416 0.78
68.538948 0.79
68.603057 0.79
68.666944 0.78
68.736039 0.79
68.805312 0.79
68.863943 0.78
68.938057 0.78
69.001945 0.78
69.070944 0.79
69.134977 0.79
69.193948 0.79
69.257946 0.79
69.322062 0.79
69.380949 0.79
69.450546 0.79
69.510796 0.78
69.574796 0.79
69.640421 0.79
69.704297 0.79
69.768065 0.79
69.832067 0.79
69.890800 0.79
69.954799 0.79
70.023955 0.79
70.092800 0.79
70.167067 0.78
70.231196 0.79
70.281804 0.79
70.340302 0.78
70.403928 0.78
70.481320 0.79
70.539804 0.78
70.608933 0.78
70.667306 0.78
70.734056 0.79
70.797932 0.78
70.866932 0.79
70.925325 0.78
70.978934 0.78
71.047817 0.79
71.121684 0.79
71.185441 0.78
71.254452 0.79
71.318560 0.79
71.371936 0.79
71.440937 0.79
71.499326 0.79
71.562820 0.78
71.636938 0.79
71.706314 0.78
71.766689 0.78
71.830440 0.79
71.885440 0.79
71.945818 0.79
72.009969 0.78
72.079078 0.78
72.132820 0.78
72.196971 0.78
72.260822 0.78
72.329822 0.78
72.393824 0.78
72.457826 0.79
72.521946 0.79
72.587760 0.78
72.647093 0.78
72.709323 0.79
72.778341 0.79
72.842341 0.79
72.916451 0.78
72.980324 0.79
73.038832 0.79
73.102832 0.79
73.171700 0.79
73.235450 0.79
73.296005 0.79
73.349836 0.78
73.419220 0.78
73.477830 0.78
73.541704 0.78
73.605344 0.78
73.663836 0.78
73.732580 0.79
73.786347 0.78
73.844855 0.79
73.908861 0.79
73.972956 0.78
74.032462 0.78
74.101585 0.78
74.156959 0.79
74.220836 0.79
74.284709 0.79
74.353836 0.78
74.408365 0.79
74.468003 0.79
74.526981 0.78
74.585839 0.79
74.654712 0.79
74.723839 0.79
74.793110 0.79
74.848466 0.79
74.912107 0.79
74.970841 0.78
75.034591 0.79
75.089843 0.79
75.143846 0.79
75.199006 0.79
75.253105 0.79
75.311593 0.79
75.367845 0.79
75.423595 0.78
75.487109 0.79
75.550595 0.78
75.602970 0.78
75.653596 0.78
75.717357 0.79
75.777102 0.78
75.831347 0.78
75.884597 0.79
75.937007 0.79
76.000599 0.78
76.071223 0.79
76.129879 0.79
76.188878 0.78
76.252725 0.79
76.321730 0.78
76.390475 0.78
76.459727 0.78
76.518102 0.78
76.577374 0.78
76.636253 0.79
76.710119 0.79
76.768605 0.79
76.832121 0.79
76.891247 0.79
76.949731 0.78
77.010010 0.79
77.068732 0.78
77.137483 0.78
77.201236 0.78
77.275608 0.78
77.339109 0.79
77.397734 0.79
77.456110 0.78
77.519865 0.79
77.583611 0.79
77.647251 0.79
77.702112 0.79
77.762612 0.79
77.815988 0.78
77.884988 0.78
77.944131 0.78
78.012989 0.79
78.076615 0.79
78.131740 0.79
78.187492 0.79
78.247522 0.79
78.307493 0.78
78.368137 0.78
78.426493 0.78
78.478893 0.78
78.542619 0.79
78.589888 0.79
78.648619 0.79
78.709497 0.78
78.765262 0.79
78.818496 0.79
78.879497 0.79
78.937996 0.79
79.001623 0.79
79.061498 0.79
79.135624 0.79
79.204503 0.78
79.278628 0.79
79.337500 0.79
79.401055 0.78
79.459626 0.78
79.528752 0.79
79.597628 0.78
79.656024 0.79
79.719757 0.78
79.783756 0.78
79.852944 0.78
79.918758 0.79
79.987506 0.78
80.051020 0.78
80.114506 0.79
80.184150 0.78
80.249758 0.79
80.308758 0.79
80.372633 0.78
80.431009 0.79
80.491637 0.79
80.555760 0.79
80.619509 0.79
80.683261 0.78
80.751887 0.78
80.815642 0.78
80.874024 0.79
80.928889 0.79
80.992392 0.79
81.052514 0.78
81.103765 0.79
81.167514 0.78
81.231640 0.79
81.295516 0.78
81.351392 0.79
81.404893 0.78
81.463392 0.79
81.532767 0.78
81.586923 0.78
81.645518 0.79
81.705773 0.79
81.760770 0.78
81.815771 0.79
81.874521 0.79
81.938521 0.79
82.007521 0.78
82.081523 0.79
82.145526 0.78
82.209650 0.79
82.275649 0.79
82.339649 0.79
82.403525 0.79
82.472400 0.79
82.535934 0.78
82.599526 0.78
82.663527 0.79
82.727527 0.79
82.791777 0.79
82.852788 0.78
82.911654 0.79
82.975972 0.79
83.045655 0.78
83.114409 0.78
83.183531 0.79
83.241910 0.79
83.302660 0.79
83.362070 0.78
83.417324 0.79
83.481784 0.78
83.542537 0.79
83.606410 0.79
83.670536 0.79
83.730661 0.79
83.789536 0.79
83.853536 0.80
83.913793 0.79
83.972940 0.79
84.036942 0.79
84.100788 0.79
84.164550 0.79
84.223665 0.78
84.282541 0.79
84.346290 0.79
84.415426 0.79
84.475670 0.79
84.534953 0.79
84.610427 0.79
84.674422 0.79
84.738932 0.79
84.807924 0.78
84.866294 0.79
84.935553 0.79
85.004171 0.78
85.072795 0.79
85.136438 0.79
85.210297 0.79
85.273797 0.79
85.332426 0.78
85.391302 0.78
85.454798 0.78
85.518338 0.79
85.581799 0.79
85.636828 0.7