0.000000 0.000000
0.057944 60.00
0.117140 60.00
0.178383 60.00
0.248130 60.00
0.304753 59.00
0.364657 59.00
0.418377 59.00
0.488753 59.00
0.534378 59.00
0.604755 59.00
0.650379 59.00
0.724950 59.00
0.789519 59.00
0.860142 59.00
0.930712 59.00
0.985157 59.00
1.044512 59.00
1.103385 59.00
1.167383 59.00
1.231383 59.00
1.305134 59.00
1.363902 59.00
1.434158 59.00
1.498513 59.00
1.557387 59.00
1.626386 59.00
1.700137 59.00
1.758904 59.00
1.817666 59.00
1.871388 59.00
1.935389 59.00
2.009139 59.00
2.068034 59.00
2.131906 59.00
2.197141 59.00
2.255909 59.00
2.319391 59.00
2.383392 59.00
2.457143 59.00
2.511908 59.00
2.580911 59.00
2.649911 59.00
2.708394 59.00
2.777395 59.00
2.842673 59.00
2.888396 60.00
2.942146 60.00
2.994677 59.00
3.040397 59.00
3.094147 59.00
3.150166 59.00
3.206165 59.00
3.258677 59.00
3.304399 59.00
3.358274 59.00
3.423678 60.00
3.482400 60.00
3.541276 59.00
3.615276 59.00
3.674277 59.00
3.733277 59.00
3.807153 60.00
3.871278 59.00
3.935182 59.00
3.999279 59.00
4.068171 59.00
4.137155 59.00
4.201406 59.00
4.265171 59.00
4.334172 59.00
4.403174 60.00
4.472173 60.00
4.541173 59.00
4.610176 59.00
4.679284 59.00
4.748175 59.00
4.807285 59.00
4.866160 59.00
4.935178 59.00
5.004162 59.00
5.078162 59.00
5.137287 59.00
5.201288 59.00
5.260288 59.00
5.329164 59.00
5.388165 60.00
5.452165 60.00
5.516181 59.00
5.575291 59.00
5.639183 59.00
5.698167 59.00
5.762167 59.00
5.821292 59.00
5.885168 59.00
5.944293 59.00
6.008169 59.00
6.067294 59.00
6.131295 59.00
6.186420 59.00
6.236171 59.00
6.300171 59.00
6.364172 59.00
6.423172 59.00
6.487172 59.00
6.546298 59.00
6.610173 59.00
6.669299 59.00
6.733175 59.00
6.792300 59.00
6.856193 59.00
6.915176 59.00
6.979301 59.00
7.053707 59.00
7.117706 60.00
7.181833 60.00
7.242070 60.00
7.311194 60.00
7.370179 59.00
7.434198 59.00
7.498180 59.00
7.562198 59.00
7.621198 59.00
7.680181 59.00
7.739182 59.00
7.803203 59.00
7.867183 59.00
7.926183 59.00
7.990184 59.00
8.054184 59.00
8.113202 59.00
8.172185 59.00
8.236186 59.00
8.300186 59.00
8.364080 59.00
8.428079 59.00
8.498438 59.00
8.548080 59.00
8.607081 59.00
8.671079 59.00
8.729955 59.00
8.798956 59.00
8.852440 59.00
8.898083 59.00
8.966957 59.00
9.021566 59.00
9.085441 59.00
9.131317 59.00
9.189846 59.00
9.240693 59.00
9.304318 59.00
9.367961 59.00
9.441847 59.00
9.497847 59.00
9.566960 59.00
9.640964 59.00
9.705961 59.00
9.779962 59.00
9.844963 59.00
9.919198 59.00
9.982965 60.00
10.052199 60.00
10.110951 59.00
10.184853 59.00
10.255580 59.00
10.319579 59.00
10.383728 59.00
10.449202 59.00
10.508093 59.00
10.567094 59.00
10.631094 60.00
10.690096 60.00
10.749096 59.00
10.808097 59.00
10.867097 59.00
10.931097 59.00
10.990099 59.00
11.054098 59.00
11.113099 60.00
11.172100 60.00
11.231100 60.00
11.290098 60.00
11.354101 59.00
11.413101 59.00
11.477102 59.00
11.536102 59.00
11.590864 60.00
11.654865 60.00
11.728864 59.00
11.793104 59.00
11.852105 59.00
11.906853 59.00
11.970867 59.00
12.044865 59.00
12.108854 60.00
12.182742 60.00
12.243215 59.00
12.293108 59.00
12.347857 59.00
12.413108 59.00
12.472106 59.00
12.526860 59.00
12.590858 59.00
12.660107 59.00
12.719111 60.00
12.793469 60.00
12.857632 59.00
12.926988 59.00
12.991113 59.00
13.065634 59.00
13.135253 59.00
13.200226 59.00
13.264474 59.00
13.333988 59.00
13.392989 59.00
13.451987 59.00
13.510989 59.00
13.569991 59.00
13.628991 59.00
13.687990 59.00
13.746990 59.00
13.805993 59.00
13.864997 60.00
13.928752 60.00
13.983854 59.00
14.033854 59.00
14.094229 59.00
14.163478 59.00
14.227994 59.00
14.286996 59.00
14.345996 59.00
14.404994 59.00
14.468755 60.00
14.537761 60.00
14.611758 59.00
14.685610 59.00
14.759610 60.00
14.833610 59.00
14.907610 59.00
14.958485 59.00
15.017110 59.00
15.075761 60.00
15.149761 60.00
15.200486 60.00
15.264362 60.00
15.327877 59.00
15.401614 59.00
15.475615 60.00
15.541130 60.00
15.599880 60.00
15.668765 60.00
15.742617 60.00
15.809868 60.00
15.870132 59.00
15.928883 59.00
16.002766 59.00
16.076770 59.00
16.150646 59.00
16.224620 59.00
16.298621 59.00
16.372621 59.00
16.436621 59.00
16.510622 59.00
16.575887 59.00
16.639623 59.00
16.713623 59.00
16.787624 59.00
16.861624 59.00
16.932249 59.00
16.990891 59.00
17.056250 59.00
17.114893 59.00
17.183627 59.00
17.248892 59.00
17.314252 60.00
17.383128 60.00
17.432754 60.00
17.501754 60.00
17.575646 60.00
17.644646 60.00
17.718754 59.00
17.784256 59.00
17.842886 60.00
17.903132 60.00
17.948632 60.00
17.999257 60.00
18.062757 59.00
18.136508 59.00
18.189758 59.00
18.263509 59.00
18.316758 59.00
18.390509 59.00
18.443760 60.00
18.517510 60.00
18.570760 60.00
18.644511 60.00
18.697762 60.00
18.771512 60.00
18.824763 59.00
18.898513 59.00
18.953514 60.00
19.008514 60.00
19.061764 59.00
19.135515 59.00
19.190516 59.00
19.245516 59.00
19.300516 60.00
19.355392 60.00
19.415392 60.00
19.475392 60.00
19.535393 60.00
19.595393 60.00
19.658894 60.00
19.727519 59.00
19.782394 59.00
19.845896 60.00
19.914520 60.00
19.969395 59.00
20.022648 59.00
20.093022 59.00
20.138522 59.00
20.187899 59.00
20.248024 59.00
20.303024 59.00
20.358024 59.00
20.403524 59.00
20.454149 59.00
20.517651 59.00
20.586401 59.00
20.639651 59.00
20.713401 59.00
20.766653 59.00
20.840403 60.00
20.893654 60.00
20.967404 59.00
21.020655 59.00
21.094403 59.00
21.147655 59.00
21.216405 59.00
21.269656 59.00
21.343406 59.00
21.396657 59.00
21.470407 59.00
21.523659 59.00
21.597408 60.00
21.650660 60.00
21.724409 59.00
21.777661 59.00
21.846410 59.00
21.899662 59.00
21.973411 59.00
22.026662 59.00
22.100412 59.00
22.155287 59.00
22.213664 59.00
22.287413 60.00
22.342288 60.00
22.400666 60.00
22.469415 60.00
22.525542 60.00
22.575290 60.00
22.635291 60.00
22.695291 59.00
22.755291 59.00
22.818793 59.00
22.873917 59.00
22.928918 59.00
22.987418 59.00
23.036795 59.00
23.096919 59.00
23.155419 60.00
23.206045 60.00
23.269545 60.00
23.339921 60.00
23.385421 60.00
23.436046 59.00
23.499547 59.00
23.573297 60.00
23.626548 60.00
23.700298 59.00
23.753549 59.00
23.827299 60.00
23.880550 60.00
23.954301 59.00
24.007551 59.00
24.081301 59.00
24.134552 59.00
24.208302 59.00
24.266803 59.00
24.330303 60.00
24.383554 60.00
24.457304 59.00
24.510555 59.00
24.584305 59.00
24.637555 59.00
24.711306 59.00
24.764556 59.00
24.838307 59.00
24.896808 59.00
24.960307 59.00
25.013559 59.00
25.087309 60.00
25.142184 60.00
25.202185 60.00
25.262185 60.00
25.322185 60.00
25.382186 60.00
25.442186 59.00
25.497187 59.00
25.557187 60.00
25.620689 60.00
25.680813 59.00
25.735814 59.00
25.802440 59.00
25.871441 59.00
25.940441 60.00
26.009441 60.00
26.083442 59.00
26.152443 60.00
26.215844 60.00
26.274444 59.00
26.339845 59.00
26.394319 60.00
26.463196 60.00
26.535445 59.00
26.604196 59.00
26.657446 60.00
26.724447 60.00
26.798197 60.00
26.851448 60.00
26.920448 59.00
26.994449 59.00
27.063325 59.00
27.146090 60.00
27.204451 60.00
27.268450 60.00
27.332451 60.00
27.396452 60.00
27.460452 60.00
27.533095 60.00
27.597095 60.00
27.664454 59.00
27.728454 59.00
27.805970 59.00
27.871205 59.00
27.935095 60.00
28.017731 60.00
28.063457 60.00
28.127457 60.00
28.205097 60.00
28.275335 60.00
28.325083 60.00
28.378335 59.00
28.448710 59.00
28.503209 59.00
28.552585 59.00
28.612710 59.00
28.667710 59.00
28.722711 59.00
28.777711 59.00
28.832211 59.00
28.881588 59.00
28.945087 59.00
28.998338 59.00
29.068713 59.00
29.114213 59.00
29.163590 60.00
29.227090 60.00
29.280340 59.00
29.354090 59.00
29.407341 59.00
29.481091 59.00
29.534341 59.00
29.608093 59.00
29.676843 59.00
29.740343 59.00
29.814094 59.00
29.867344 59.00
29.941095 60.00
29.994345 60.00
30.068096 59.00
30.121346 59.00
30.195097 59.00
30.248347 59.00
30.322098 59.00
30.390848 59.00
30.454348 59.00
30.528099 59.00
30.583100 59.00
30.636350 60.00
30.710100 60.00
30.764976 59.00
30.824977 59.00
30.883352 60.00
30.957103 60.00
31.011978 59.00
31.071978 59.00
31.131980 59.00
31.185228 59.00
31.255606 59.00
31.319105 59.00
31.373981 59.00
31.427230 59.00
31.497608 60.00
31.552107 60.00
31.602732 60.00
31.666233 59.00
31.736610 59.00
31.782108 59.00
31.840484 59.00
31.900611 60.00
31.946110 60.00
32.016612 60.00
32.062110 60.00
32.112736 59.00
32.176236 59.00
32.249987 60.00
32.303238 60.00
32.376988 59.00
32.430239 59.00
32.503989 59.00
32.557239 59.00
32.630990 60.00
32.684239 60.00
32.757991 59.00
32.811241 59.00
32.884992 59.00
32.938242 59.00
33.012118 59.00
33.080744 59.00
33.144243 59.00
33.217996 59.00
33.271247 60.00
33.344995 60.00
33.398245 60.00
33.471996 60.00
33.526873 59.00
33.586872 59.00
33.646873 59.00
33.706873 59.00
33.766873 59.00
33.826874 59.00
33.886875 60.00
33.946875 60.00
34.006875 59.00
34.066876 59.00
34.126876 60.00
34.190376 60.00
34.250502 59.00
34.305502 59.00
34.351003 59.00
34.401631 59.00
34.465129 59.00
34.538879 59.00
34.592130 59.00
34.657504 59.00
34.703007 59.00
34.752380 59.00
34.815881 59.00
34.884634 59.00
34.948131 59.00
35.021883 59.00
35.075132 59.00
35.143883 59.00
35.197134 59.00
35.270884 59.00
35.324135 59.00
35.397885 59.00
35.451135 59.00
35.524887 59.00
35.578136 59.00
35.651887 60.00
35.705138 60.00
35.773888 60.00
35.827139 60.00
35.900889 59.00
35.954140 59.00
36.027890 60.00
36.081140 60.00
36.154891 59.00
36.209891 59.00
36.263142 59.00
36.336892 59.00
36.390142 60.00
36.463894 60.00
36.518769 59.00
36.584021 59.00
36.633769 60.00
36.693770 60.00
36.759021 59.00
36.808771 59.00
36.872271 59.00
36.932397 59.00
36.987397 59.00
37.042397 59.00
37.105898 59.00
37.155274 59.00
37.215399 59.00
37.270399 59.00
37.315900 59.00
37.366524 59.00
37.430026 59.00
37.500401 60.00
37.554901 60.00
37.605527 59.00
37.669027 59.00
37.742777 60.00
37.796028 60.00
37.869779 59.00
37.923029 59.00
37.996780 60.00
38.050030 60.00
38.123781 59.00
38.177031 59.00
38.250781 59.00
38.304032 59.00
38.377782 59.00
38.431033 59.00
38.504783 59.00
38.558034 59.00
38.631785 60.00
38.695284 60.00
38.758785 59.00
38.812035 59.00
38.885787 59.00
38.939037 59.00
39.012788 60.00
39.066038 60.00
39.139788 59.00
39.194665 59.00
39.253039 59.00
39.326789 59.00
39.381666 59.00
39.441667 59.00
39.501667 59.00
39.561668 59.00
39.621668 60.00
39.681669 60.00
39.741669 59.00
39.801670 59.00
39.854918 60.00
39.925294 60.00
39.980294 59.00
40.035295 59.00
40.089795 59.00
40.140421 59.00
40.203921 59.00
40.274296 59.00
40.319797 59.00
40.370422 59.00
40.433923 59.00
40.507674 60.00
40.560923 60.00
40.634675 59.00
40.687924 59.00
40.761676 59.00
40.814926 59.00
40.888676 59.00
40.941926 59.00
41.015678 60.00
41.068927 60.00
41.142678 60.00
41.195928 59.00
41.269679 59.00
41.322929 60.00
41.396680 60.00
41.449930 59.00
41.523682 59.00
41.576932 59.00
41.650683 59.00
41.705683 60.00
41.758932 60.00
41.832684 60.00
41.885933 60.00
41.959685 60.00
42.012935 60.00
42.086686 60.00
42.141561 60.00
42.199936 59.00
42.273688 59.00
42.328561 60.00
42.388561 60.00
42.448562 60.00
42.501813 60.00
42.572188 59.00
42.635691 59.00
42.690564 59.00
42.743815 59.00
42.814190 59.00
42.869191 59.00
42.923692 59.00
42.974316 60.00
43.037818 60.00
43.108192 60.00
43.163193 60.00
43.208693 59.00
43.267068 59.00
43.330578 59.00
43.395695 59.00
43.469847 59.00
43.543697 59.00
43.607848 59.00
43.676849 59.00
43.745697 59.00
43.805699 59.00
43.879699 59.00
43.948848 59.00
44.017700 59.00
44.086583 59.00
44.150325 59.00
44.215828 59.00
44.276092 59.00
44.334854 59.00
44.400582 59.00
44.474729 59.00
44.548730 59.00
44.622728 59.00
44.707330 59.00
44.767592 59.00
44.833593 59.00
44.897456 59.00
44.957586 60.00
45.026585 60.00
45.092207 59.00
45.150860 59.00
45.219735 60.00
45.283459 60.00
45.345210 59.00
45.408860 59.00
45.474210 59.00
45.548336 59.00
45.612101 60.00
45.677338 60.00
45.735854 60.00
45.796213 60.00
45.865213 59.00
45.934214 60.00
45.992855 60.00
46.056591 59.00
46.117215 59.00
46.186216 59.00
46.244857 59.00
46.308744 60.00
46.372594 60.00
46.441744 59.00
46.510594 59.00
46.579595 60.00
46.648596 60.00
46.717746 59.00
46.781597 59.00
46.850746 60.00
46.914745 60.00
46.989472 60.00
47.053348 59.00
47.117348 59.00
47.181349 59.00
47.241741 59.00
47.310751 59.00
47.375117 59.00
47.444225 60.00
47.509476 60.00
47.583750 60.00
47.652865 60.00
47.716604 59.00
47.785605 59.00
47.854754 59.00
47.923755 59.00
47.989480 59.00
48.058480 59.00
48.127757 59.00
48.191608 59.00
48.255758 59.00
48.314608 59.00
48.378609 59.00
48.452758 59.00
48.508124 59.00
48.577484 59.00
48.643125 59.00
48.712360 59.00
48.776236 59.00
48.845235 59.00
48.904239 59.00
48.965008 59.00
49.025130 59.00
49.088641 59.00
49.157363 59.00
49.213019 59.00
49.283012 59.00
49.352366 59.00
49.411241 59.00
49.475380 59.00
49.540373 60.00
49.610120 60.00
49.669010 59.00
49.738243 59.00
49.797252 59.00
49.872660 59.00
49.937012 59.00
49.997495 59.00
50.066901 59.00
50.121252 59.00
50.182500 59.00
50.246748 59.00
50.300497 59.00
50.369826 59.00
50.424254 59.00
50.488661 59.00
50.554533 59.00
50.618499 59.00
50.677504 60.00
50.736502 60.00
50.800656 59.00
50.864501 59.00
50.928655 59.00
50.990033 59.00
51.049507 60.00
51.104505 60.00
51.168660 60.00
51.227504 60.00
51.282669 59.00
51.341664 59.00
51.400658 59.00
51.459505 59.00
51.523661 59.00
51.584687 59.00
51.654510 59.00
51.713509 59.00
51.777661 59.00
51.836787 59.00
51.891266 59.00
51.950673 59.00
52.009670 59.00
52.068664 59.00
52.127683 59.00
52.181676 59.00
52.240512 59.00
52.299387 60.00
52.368262 60.00
52.427393 59.00
52.482684 59.00
52.541514 59.00
52.600389 59.00
52.669029 59.00
52.733701 59.00
52.805395 59.00
52.869518 59.00
52.928392 59.00
52.997966 59.00
53.057693 60.00
53.113272 60.00
53.172270 60.00
53.232519 60.00
53.291394 60.00
53.350523 60.00
53.411923 60.00
53.473477 60.00
53.534724 59.00
53.589153 59.00
53.650910 59.00
53.716044 59.00
53.780718 60.00
53.835158 60.00
53.900157 60.00
53.965182 60.00
54.024526 59.00
54.085938 59.00
54.150696 59.00
54.204704 59.00
54.268935 60.00
54.322527 60.00
54.383813 60.00
54.448404 60.00
54.518075 59.00
54.577541 59.00
54.646921 60.00
54.716403 60.00
54.780684 59.00
54.840182 59.00
54.904407 59.00
54.968406 59.00
55.032406 59.00
55.096406 59.00
55.170159 59.00
55.229286 59.00
55.293409 60.00
55.357419 60.00
55.426411 59.00
55.500160 59.00
55.564036 60.00
55.622692 60.00
55.676554 59.00
55.746044 59.00
55.820288 59.00
55.885538 60.00
55.944414 60.00
56.008417 60.00
56.063544 60.00
56.113543 60.00
56.179318 59.00
56.233934 59.00
56.302933 59.00
56.372059 59.00
56.435917 59.00
56.491324 59.00
56.541169 60.00
56.594543 60.00
56.653169 59.00
56.703813 59.00
56.762419 59.00
56.826170 59.00
56.878697 59.00
56.924421 59.00
56.983171 59.00
57.033826 59.00
57.087548 59.00
57.146172 59.00
57.211703 59.00
57.257173 59.00
57.326303 59.00
57.390299 59.00
57.459193 59.00
57.528176 59.00
57.602191 59.00
57.671194 59.00
57.745194 59.00
57.814177 59.00
57.879553 59.00
57.933429 59.00
58.002069 60.00
58.066179 60.00
58.135179 60.00
58.205074 60.00
58.269309 60.00
58.338309 60.00
58.397561 60.00
58.457075 60.00
58.521058 59.00
58.580309 59.00
58.649315 60.00
58.718185 60.00
58.787203 59.00
58.856201 59.00
58.930186 59.00
58.999311 60.00
59.063590 60.00
59.113845 60.00
59.178439 60.00
59.238837 60.00
59.298953 59.00
59.352191 59.00
59.422564 59.00
59.477563 59.00
59.532564 60.00
59.587565 60.00
59.642065 59.00
59.705691 59.00
59.771442 60.00
59.835192 60.00
59.905568 60.00
59.960069 60.00
60.010694 60.00
60.079444 60.00
60.138969 59.00
60.213321 59.00
60.276963 59.00
60.327696 59.00
60.386197 59.00
60.459963 59.00
60.513882 60.00
60.567198 60.00
60.635966 59.00
60.694449 59.00
60.758091 59.00
60.813967 59.00
60.882965 59.00
60.946727 59.00
61.010201 59.00
61.084091 59.00
61.166452 59.00
61.230206 59.00
61.289080 59.00
61.358096 60.00
61.417079 60.00
61.476205 60.00
61.540094 60.00
61.599461 60.00
61.663706 59.00
61.722736 59.00
61.782860 60.00
61.837861 60.00
61.902208 59.00
61.961213 59.00
62.025101 59.00
62.089209 59.00
62.153099 59.00
62.217085 59.00
62.281086 59.00
62.345776 59.00
62.410089 60.00
62.469213 60.00
62.524088 60.00
62.588105 60.00
62.652088 59.00
62.716091 59.00
62.775089 59.00
62.839089 59.00
62.903108 60.00
62.967107 60.00
63.036353 60.00
63.094858 59.00
63.158598 59.00
63.227597 60.00
63.292843 60.00
63.351343 59.00
63.412105 59.00
63.476723 60.00
63.540638 60.00
63.599346 59.00
63.653221 59.00
63.717113 60.00
63.778142 60.00
63.836990 60.00
63.910847 59.00
63.969348 60.00
64.027990 60.00
64.097115 60.00
64.166629 60.00
64.230975 60.00
64.299976 60.00
64.368992 60.00
64.437976 60.00
64.507241 59.00
64.565987 59.00
64.634611 60.00
64.699732 60.00
64.752981 60.00
64.823358 60.00
64.877108 59.00
64.935981 59.00
64.995106 60.00
65.058996 60.00
65.123119 60.00
65.186995 60.00
65.258488 60.00
65.323111 60.00
65.378001 60.00
65.442001 60.00
65.506110 60.00
65.570128 60.00
65.634651 60.00
65.695002 60.00
65.754003 59.00
65.813002 59.00
65.877130 59.00
65.941116 59.00
66.000005 60.00
66.059755 60.00
66.123489 60.00
66.187489 60.00
66.251644 59.00
66.302694 59.00
66.377491 59.00
66.441644 59.00
66.505646 60.00
66.575009 60.00
66.634010 59.00
66.698008 59.00
66.762133 60.00
66.826008 60.00
66.889997 60.00
66.963746 59.00
67.018748 59.00
67.088499 60.00
67.147654 60.00
67.212015 59.00
67.271013 59.00
67.330015 60.00
67.389004 60.00
67.458654 60.00
67.528018 60.00
67.587017 59.00
67.646018 59.00
67.705018 60.00
67.764152 60.00
67.823504 60.00
67.884253 60.00
67.943017 60.00
67.998021 60.00
68.057020 60.00
68.112004 59.00
68.167020 59.00
68.231022 60.00
68.285755 60.00
68.356256 59.00
68.402021 59.00
68.457006 59.00
68.527044 59.00
68.586025 60.00
68.641023 60.00
68.695757 59.00
68.759758 59.00
68.833759 59.00
68.908510 59.00
68.959384 59.00
69.033511 59.00
69.088511 59.00
69.152511 59.00
69.203512 59.00
69.254387 59.00
69.317887 60.00
69.391639 60.00
69.445013 60.00
69.508794 60.00
69.579714 59.00
69.643389 59.00
69.707031 60.00
69.771016 60.00
69.826159 59.00
69.879784 59.00
69.948900 59.00
70.022644 59.00
70.077644 60.00
70.132674 60.00
70.201787 60.00
70.275672 60.00
70.339649 59.00
70.394523 59.00
70.458147 59.00
70.512022 59.00
70.565397 60.00
70.619038 60.00
70.677674 60.00
70.748148 60.00
70.802023 60.00
70.860524 59.00
70.931149 59.00
70.984775 59.00
71.053681 59.00
71.118032 60.00
71.176795 60.00
71.251277 60.00
71.314794 60.00
71.389278 60.00
71.453045 60.00
71.511528 60.00
71.585683 60.00
71.659656 60.00
71.733531 59.00
71.802696 59.00
71.871798 60.00
71.940687 60.00
72.014532 60.00
72.088811 59.00
72.148047 59.00
72.211685 60.00
72.285687 60.00
72.359786 60.00
72.433535 59.00
72.504692 59.00
72.573689 60.00
72.637690 60.00
72.711664 60.00
72.786053 60.00
72.849804 60.00
72.923692 60.00
72.997807 60.00
73.061666 60.00
73.135694 60.00
73.204952 59.00
73.264424 59.00
73.323546 59.00
73.387702 59.00
73.451669 60.00
73.515698 60.00
73.579960 60.00
73.634445 60.00
73.687817 60.00
73.751814 60.00
73.812186 59.00
73.870812 59.00
73.934715 59.00
73.998704 59.00
74.053815 59.00
74.117703 59.00
74.191704 59.00
74.266299 59.00
74.324709 59.00
74.393706 59.00
74.457551 60.00
74.526704 60.00
74.590677 59.00
74.664430 59.00
74.729707 59.00
74.793709 60.00
74.857679 60.00
74.921680 59.00
74.990821 59.00
75.059955 59.00
75.118555 59.00
75.183806 59.00
75.252431 59.00
75.305682 59.00
75.379433 59.00
75.432689 59.00
75.506559 59.00
75.571808 59.00
75.640434 59.00
75.693685 59.00
75.767435 59.00
75.831445 60.00
75.892440 60.00
75.966813 59.00
76.035688 59.00
76.095688 59.00
76.169440 59.00
76.233447 59.00
76.303939 59.00
76.367439 59.00
76.416815 60.00
76.476940 60.00
76.531940 60.00
76.586946 59.00
76.642082 59.00
76.700584 59.00
76.764443 59.00
76.833568 60.00
76.892443 60.00
76.957569 59.00
77.021836 59.00
77.080578 60.00
77.149320 60.00
77.213321 60.00
77.266578 60.00
77.335578 60.00
77.404697 60.00
77.468448 60.00
77.532582 60.00
77.602325 60.00
77.666704 60.00
77.731200 60.00
77.795326 60.00
77.859327 60.00
77.912701 60.00
77.976757 60.00
78.035581 59.00
78.090580 59.00
78.164873 59.00
78.215209 59.00
78.273840 59.00
78.338079 60.00
78.407584 59.00
78.471736 59.00
78.535456 59.00
78.600735 59.00
78.664330 59.00
78.719207 59.00
78.779207 60.00
78.839207 60.00
78.899486 59.00
78.949334 59.00
79.004209 59.00
79.064209 60.00
79.124210 60.00
79.184210 60.00
79.253210 60.00
79.313211 60.00
79.366461 60.00
79.435463 60.00
79.494338 60.00
79.549212 59.00
79.612964 59.00
79.676465 59.00
79.736856 59.00
79.782465 60.00
79.842840 60.00
79.906597 60.00
79.965465 60.00
80.029466 60.00
80.088467 60.00
80.162345 60.00
80.226474 60.00
80.285469 59.00
80.344775 59.00
80.394344 60.00
80.463350 60.00
80.523470 60.00
80.587783 60.00
80.642227 60.00
80.701472 60.00
80.765642 59.00
80.824634 59.00
80.889115 59.00
80.943100 59.00
81.007351 59.00
81.071352 60.00
81.138546 59.00
81.197350 59.00
81.262602 60.00
81.331352 60.00
81.400613 59.00
81.469615 59.00
81.533633 59.00
81.592353 59.00
81.661354 60.00
81.730633 60.00
81.794355 60.00
81.859481 60.00
81.923636 59.00
81.977356 59.00
82.046357 60.00
82.110357 60.00
82.180760 60.00
82.226483 60.00
82.295742 60.00
82.350735 60.00
82.405234 60.00
82.469640 60.00
82.528361 60.00
82.587361 60.00
82.646362 60.00
82.715628 60.00
82.770737 59.00
82.836007 59.00
82.894988 60.00
82.953641 60.00
83.007644 60.00
83.066239 60.00
83.130006 60.00
83.193882 60.00
83.267866 60.00
83.331366 60.00
83.395116 60.00
83.455117 60.00
83.519007 60.00
83.572619 60.00
83.631244 60.00
83.696674 60.00
83.757421 60.00
83.827127 60.00
83.896372 59.00
83.960497 59.00
84.014372 59.00
84.078248 59.00
84.152122 59.00
84.212373 59.00
84.276373 60.00
84.350376 60.00
84.414374 60.00
84.478250 60.00
84.543627 60.00
84.593376 60.00
84.653501 59.00
84.712376 59.00
84.777779 60.00
84.831378 60.00
84.900253 60.00
84.970630 60.00
85.024129 60.00
85.076659 60.00
85.122380 59.00
85.176148 59.00
85.228658 59.00
85.274506 60.00
85.333506 60.00
85.387132 60.00
85.452152 60.00
85.521133 59.00
85.595151 59.00
85.659138 59.00
85.723262 59.00
85.797009 60.00
85.856136 60.00
85.921028 60.00
85.974386 60.00
86.033525 59.00
86.092387 59.00
86.146514 59.00
86.206033 59.00
86.264903 60.00
86.318388 60.00
86.382139 60.00
86.457275 60.00
86.524300 60.00
86.593265 60.00
86.667030 60.00
86.725812 60.00
86.779392 60.00
86.838142 60.00
86.902160 60.00
86.966160 60.00
87.035144 60.00
87.099145 60.00
87.163162 60.00
87.222520 60.00
87.276271 60.00
87.340146 60.00
87.399272 60.00
87.463147 60.00
87.522397 59.00
87.576273 59.00
87.640166 60.00
87.699398 60.00
87.753274 60.00
87.817275 60.00
87.881150 60.00
87.945151 60.00
88.004151 60.00
88.068152 60.00
88.132168 60.00
88.196169 60.00
88.260153 59.00
88.324154 59.00
88.383279 60.00
88.447279 60.00
88.506280 60.00
88.561280 60.00
88.625156 60.00
88.684156 60.00
88.748282 60.00
88.812282 60.00
88.876157 60.00
88.940158 60.00
88.999158 59.00
89.063159 59.00
89.122285 60.00
89.186176 60.00
89.245285 59.00
89.309175 59.00
89.370053 60.00
89.439179 60.00
89.498287 60.00
89.562179 60.00
89.621180 60.00
89.685182 60.00
89.744179 60.00
89.808182 60.00
89.869057 60.00
89.933184 60.00
89.997056 59.00
90.061184 59.00
90.130542 60.00
90.194695 60.00
90.259186 60.00
90.319823 60.00
90.379059 60.00
90.443184 60.00
90.507046 60.00
90.576188 60.00
90.640170 59.00
90.699063 59.00
90.758062 60.00
90.817065 60.00
90.881190 60.00
90.936066 60.00
90.995063 60.00
91.059191 60.00
91.114174 59.00
91.179549 59.00
91.234550 60.00
91.289551 60.00
91.350068 60.00
91.409068 60.00
91.468194 60.00
91.527069 60.00
91.591178 59.00
91.650178 59.00
91.715706 59.00
91.785194 60.00
91.849073 60.00
91.908180 60.00
91.972073 60.00
92.031074 60.00
92.090073 59.00
92.154199 59.00
92.219834 60.00
92.284200 60.00
92.348074 60.00
92.407076 60.00
92.466076 60.00
92.524953 60.00
92.589077 60.00
92.648078 60.00
92.707079 60.00
92.766186 60.00
92.820080 60.00
92.884081 60.00
92.947840 60.00
93.016957 60.00
93.087314 60.00
93.145955 60.00
93.214845 60.00
93.278441 60.00
93.347441 59.00
93.411192 59.00
93.469848 60.00
93.538844 60.00
93.592317 60.00
93.650834 60.00
93.724845 60.00
93.793845 60.00
93.862848 59.00
93.913445 59.00
93.977196 60.00
94.035850 60.00
94.099848 60.00
94.164850 60.00
94.215446 60.00
94.279198 60.00
94.337850 60.00
94.406850 60.00
94.475854 60.00
94.539854 60.00
94.613854 59.00
94.678093 59.00
94.737093 59.00
94.792095 59.00
94.857731 60.00
94.922096 60.00
94.987730 60.00
95.052094 60.00
95.117730 59.00
95.182095 59.00
95.242732 60.00
95.303330 60.00
95.362098 60.00
95.421098 60.00
95.479859 60.00
95.543862 60.00
95.609736 60.00
95.673860 60.00
95.734208 59.00
95.798209 59.00
95.852102 60.00
95.915861 60.00
95.985460 60.00
96.038864 60.00
96.107739 60.00
96.172103 60.00
96.227212 60.00
96.296463 60.00
96.360463 60.00
96.424463 60.00
96.478104 60.00
96.536868 60.00
96.611340 59.00
96.685644 59.00
96.751764 60.00
96.807109 60.00
96.865871 60.00
96.929746 60.00
96.998872 59.00
97.068111 60.00
97.117984 60.00
97.172984 60.00
97.227986 60.00
97.283112 60.00
97.336987 60.00
97.401114 60.00
97.451113 60.00
97.500987 60.00
97.569616 60.00
97.630113 60.00
97.699473 60.00
97.759128 60.00
97.823237 60.00
97.882099 60.00
97.945850 60.00
98.019993 60.00
98.073755 60.00
98.137991 60.00
98.201631 60.00
98.270608 60.00
98.325763 60.00
98.390479 60.00
98.454478 60.00
98.518997 60.00
98.577757 60.00
98.642480 60.00
98.706759 59.00
98.775760 59.00
98.840481 59.00
98.904762 59.00
98.969357 60.00
99.028358 60.00
99.092358 59.00
99.156359 59.00
99.210002 60.00
99.269002 60.00
99.332763 60.00
99.387764 60.00
99.456641 59.00
99.521004 59.00
99.579766 60.00
99.643768 60.00
99.708363 59.00
99.767488 59.00
99.818364 60.00
99.877364 60.00
99.946490 60.00
100.020770 60.00
100.085366 60.00
100.149769 60.00
100.224242 60.00
100.293492 60.00
100.359645 60.00
100.428772 60.00
100.494493 60.00
100.568495 60.00
100.632494 60.00
100.706773 60.00
100.781246 60.00
100.846496 60.00
100.920777 60.00
100.995247 60.00
101.060651 60.00
101.134748 60.00
101.203749 60.00
101.272750 60.00
101.341750 59.00
101.410750 59.00
101.469376 60.00
101.522751 60.00
101.591752 60.00
101.660752 60.00
101.724503 59.00
101.788503 59.00
101.857754 59.00
101.918144 60.00
101.976754 60.00
102.040755 60.00
102.104755 60.00
102.165148 60.00
102.223756 59.00
102.284147 59.00
102.353383 60.00
102.406758 60.00
102.470664 60.00
102.534509 60.00
102.598509 60.00
102.667760 60.00
102.731665 60.00
102.795510 60.00
102.859666 60.00
102.923667 59.00
102.987512 59.00
103.056668 59.00
103.120668 59.00
103.190264 60.00
103.243793 60.00
103.302668 60.00
103.366669 60.00
103.436140 60.00
103.505391 60.00
103.558796 59.00
103.617671 59.00
103.681672 60.00
103.745673 60.00
103.809671 60.00
103.868518 60.00
103.937786 59.00
103.996799 59.00
104.055520 60.00
104.119520 60.00
104.188799 60.00
104.252789 60.00
104.316675 60.00
104.371522 60.00
104.435801 59.00
104.494523 59.00
104.558800 60.00
104.617524 60.00
104.681677 60.00
104.740525 60.00
104.804681 60.00
104.863526 60.00
104.922527 60.00
104.986527 60.00
105.050683 60.00
105.109528 60.00
105.168528 60.00
105.232528 60.00
105.296684 60.00
105.355530 60.00
105.414530 60.00
105.478531 60.00
105.537531 60.00
105.601531 60.00
105.665688 60.00
105.724532 60.00
105.788687 60.00
105.847533 60.00
105.911689 60.00
105.970534 60.00
106.034690 60.00
106.093535 60.00
106.157691 60.00
106.216536 60.00
106.280693 60.00
106.344692 60.00
106.403690 59.00
106.462538 59.00
106.526693 59.00
106.585538 59.00
106.649696 59.00
106.708539 59.00
106.772693 59.00
106.831541 59.00
106.886541 59.00
106.950696 60.00
107.009542 60.00
107.073697 60.00
107.132543 60.00
107.192698 60.00
107.251698 60.00
107.310544 60.00
107.370699 60.00
107.424420 59.00
107.489546 59.00
107.548420 60.00
107.618824 60.00
107.664547 60.00
107.723422 60.00
107.787423 60.00
107.851423 60.00
107.921828 59.00
107.991066 59.00
108.055054 59.00
108.109924 59.00
108.173424 60.00
108.243800 60.00
108.289300 60.00
108.348933 60.00
108.418070 59.00
108.482069 59.00
108.545944 59.00
108.609553 59.00
108.668179 60.00
108.727074 60.00
108.791073 60.00
108.854946 60.00
108.918556 60.00
108.977306 60.00
109.051432 60.00
109.125183 60.00
109.184073 59.00
109.247951 59.00
109.311559 60.00
109.370184 60.00
109.429079 60.00
109.493075 60.00
109.556952 60.00
109.620561 60.00
109.679311 60.00
109.748187 60.00
109.803077 60.00
109.863077 60.00
109.927078 59.00
109.990956 59.00
110.059958 60.00
110.118315 60.00
110.187191 60.00
110.242082 60.00
110.297084 60.00
110.352084 60.00
110.410567 60.00
110.470693 60.00
110.525193 60.00
110.575835 60.00
110.634318 60.00
110.703444 60.00
110.763694 60.00
110.809319 60.00
110.873196 60.00
110.923847 60.00
110.992851 60.00
111.056578 60.00
111.116726 60.00
111.185852 60.00
111.249581 60.00
111.313199 60.00
111.382199 60.00
111.456200 60.00
111.520325 59.00
111.579326 59.00
111.638326 60.00
111.702326 60.00
111.776202 60.00
111.850203 60.00
111.914328 60.00
111.983203 60.00
112.052204 59.00
112.116330 59.00
112.190205 59.00
112.254331 59.00
112.323097 59.00
112.381858 60.00
112.437222 60.00
112.511332 60.00
112.580208 60.00
112.649209 60.00
112.708334 60.00
112.768586 60.00
112.822210 60.00
112.892585 59.00
112.946336 59.00
113.005211 60.00
113.069102 60.00
113.127865 60.00
113.183103 60.00
113.237867 60.00
113.296743 60.00
113.360464 60.00
113.424214 60.00
113.493215 60.00
113.557340 60.00
113.612341 60.00
113.676341 59.00
113.740110 60.00
113.796109 60.00
113.852109 60.00
113.908110 60.00
113.964113 60.00
114.033094 60.00
114.097094 60.00
114.161095 59.00
114.230111 59.00
114.304096 60.00
114.368221 60.00
114.442222 60.00
114.506222 59.00
114.575114 59.00
114.649116 60.00
114.723116 60.00
114.787224 60.00
114.846100 60.00
114.910226 60.00
114.969351 60.00
115.023105 59.00
115.088355 59.00
115.156977 60.00
115.210477 60.00
115.269228 60.00
115.338120 60.00
115.407104 60.00
115.481121 60.00
115.539733 60.00
115.599995 60.00
115.655134 60.00
115.705134 60.00
115.764122 60.00
115.828363 60.00
115.888612 59.00
115.962638 59.00
116.023484 60.00
116.087654 60.00
116.146362 60.00
116.200368 60.00
116.264764 59.00
116.328641 59.00
116.392613 60.00
116.461643 60.00
116.516640 60.00
116.570112 60.00
116.643877 60.00
116.697116 60.00
116.771004 59.00
116.831240 59.00
116.886115 60.00
116.950646 60.00
117.004116 60.00
117.068116 60.00
117.127242 60.00
117.196127 60.00
117.265007 60.00
117.329118 60.00
117.393139 60.00
117.467011 60.00
117.526634 60.00
117.591886 60.00
117.647012 59.00
117.711138 59.00
117.775121 60.00
117.839122 60.00
117.903248 60.00
117.957141 60.00
118.021123 60.00
118.080124 60.00
118.144124 59.00
118.203017 59.00
118.267125 60.00
118.331125 60.00
118.395127 60.00
118.459127 60.00
118.523127 59.00
118.587145 59.00
118.651018 60.00
118.715134 60.00
118.774020 60.00
118.838130 60.00
118.897146 60.00
118.961148 60.00
119.016023 60.00
119.080147 60.00
119.149659 60.00
119.204507 60.00
119.259509 60.00
119.314508 60.00
119.378664 60.00
119.429509 60.00
119.484517 59.00
119.539509 59.00
119.600260 59.00
119.659152 59.00
119.724511 60.00
119.779511 60.00
119.834512 60.00
119.889714 60.00
119.949665 60.00
120.013665 60.00
120.077668 60.00
120.147156 60.00
120.206140 60.00
120.270032 60.00
120.334032 60.00
120.398031 60.00
120.457141 60.00
120.526517 60.00
120.596035 59.00
120.654894 59.00
120.720143 60.00
120.774033 60.00
120.833036 60.00
120.892037 60.00
120.956037 59.00
121.015038 59.00
121.079041 59.00
121.138038 60.00
121.197147 60.00
121.251039 60.00
121.310039 60.00
121.369040 60.00
121.428041 60.00
121.483163 59.00
121.542039 59.00
121.601040 60.00
121.665042 60.00
121.724150 60.00
121.777907 60.00
121.833043 60.00
121.902681 60.00
121.953527 60.00
122.004403 60.00
122.068044 60.00
122.127046 60.00
122.182046 60.00
122.237046 60.00
122.297530 60.00
122.352531 60.00
122.416156 60.00
122.470046 60.00
122.525048 60.00
122.580172 60.00
122.634048 60.00
122.689049 60.00
122.743801 59.00
122.818050 59.00
122.882051 60.00
122.950688 59.00
123.015052 59.00
123.074059 60.00
123.138051 60.00
123.197051 60.00
123.265813 60.00
123.330179 60.00
123.390693 60.00
123.464817 60.00
123.523538 60.00
123.597807 60.00
123.666694 60.00
123.730819 60.00
123.796667 60.00
123.870804 60.00
123.939809 60.00
124.000292 60.00
124.060820 60.00
124.124699 60.00
124.188699 60.00
124.252812 60.00
124.307811 60.00
124.371699 60.00
124.435824 60.00
124.504699 59.00
124.573700 60.00
124.642673 60.00
124.711817 59.00
124.780941 59.00
124.839816 60.00
124.903815 60.00
124.967847 60.00
125.032068 60.00
125.095818 60.00
125.164820 60.00
125.233707 59.00
125.298070 59.00
125.353178 60.00
125.413428 60.00
125.477429 60.00
125.536072 60.00
125.594822 59.00
125.658708 59.00
125.727711 60.00
125.796824 60.00
125.865823 59.00
125.934557 60.00
126.003830 60.00
126.072824 60.00
126.142073 60.00
126.200836 60.00
126.265565 60.00
126.331688 60.00
126.395827 60.00
126.460086 60.00
126.520436 60.00
126.580715 60.00
126.644840 60.00
126.715842 60.00
126.779832 60.00
126.843689 60.00
126.912689 60.00
126.977957 60.00
127.031315 60.00
127.100440 59.00
127.156956 59.00
127.215697 60.00
127.284692 60.00
127.349957 60.00
127.399693 60.00
127.463693 60.00
127.532694 60.00
127.591694 60.00
127.657195 60.00
127.715695 60.00
127.781201 60.00
127.839696 60.00
127.908578 60.00
127.982580 59.00
128.046580 59.00
128.115996 59.00
128.179966 60.00
128.243852 60.00
128.307448 60.00
128.371578 60.00
128.445727 60.00
128.520326 60.00
128.584327 60.00
128.648095 60.00
128.722857 60.00
128.781452 60.00
128.850328 60.00
128.914463 60.00
128.967844 60.00
129.036731 60.00
129.105859 60.00
129.164732 60.00
129.228456 60.00
129.297456 60.00
129.352590 60.00
129.421737 60.00
129.491333 60.00
129.546586 60.00
129.612459 60.00
129.681709 59.00
129.742460 59.00
129.811462 60.00
129.867210 60.00
129.937979 60.00
130.001461 60.00
130.050854 60.00
130.110979 60.00
130.165979 60.00
130.211463 60.00
130.271230 60.00
130.334876 60.00
130.389982 60.00
130.435465 59.00
130.486226 59.00
130.550341 60.00
130.603857 60.00
130.662342 60.00
130.715594 60.00
130.784468 60.00
130.840631 60.00
130.895746 60.00
130.954468 59.00
131.018746 59.00
131.077470 59.00
131.141630 59.00
131.216346 60.00
131.269998 60.00
131.339347 60.00
131.392751 60.00
131.451473 60.00
131.515752 60.00
131.579753 60.00
131.638631 60.00
131.707921 60.00
131.763225 60.00
131.816755 60.00
131.880755 60.00
131.939646 60.00
132.009102 60.00
132.068227 60.00
132.121743 60.00
132.180478 60.00
132.244479 60.00
132.313633 60.00
132.377635 60.00
132.446745 60.00
132.515759 60.00
132.579636 60.00
132.643481 60.00
132.707482 60.00
132.771638 60.00
132.835483 60.00
132.899640 60.00
132.958484 60.00
133.018876 60.00
133.064359 60.00
133.115002 60.00
133.178484 59.00
133.242486 59.00
133.306641 60.00
133.365487 60.00
133.429642 60.00
133.490004 60.00
133.554238 60.00
133.607488 60.00
133.681239 59.00
133.740133 59.00
133.799005 60.00
133.863131 60.00
133.922132 60.00
133.986242 60.00
134.039772 60.00
134.098492 60.00
134.162648 60.00
134.221493 60.00
134.285368 59.00
134.354650 59.00
134.413495 60.00
134.477649 60.00
134.536495 60.00
134.600651 60.00
134.659496 60.00
134.723651 60.00
134.782497 60.00
134.846651 60.00
134.905498 60.00
134.969657 60.00
135.028374 60.00
135.097811 60.00
135.158250 60.00
135.227500 60.00
135.291251 60.00
135.351251 60.00
135.406128 59.00
135.475253 59.00
135.534019 60.00
135.603253 60.00
135.663754 60.00
135.717379 60.00
135.781380 60.00
135.845381 60.00
135.909381 60.00
135.979760 60.00
136.033381 60.00
136.103883 60.00
136.167901 60.00
136.232025 60.00
136.290664 60.00
136.344384 60.00
136.414760 60.00
136.470902 60.00
136.534510 60.00
136.594026 60.00
136.652666 60.00
136.716902 60.00
136.780513 60.00
136.839388 60.00
136.903668 60.00
136.957389 60.00
137.016514 60.00
137.075389 60.00
137.134390 60.00
137.198390 60.00
137.253516 60.00
137.312266 60.00
137.376392 60.00
137.440392 60.00
137.504393 60.00
137.568713 60.00
137.625518 60.00
137.679524 60.00
137.731272 60.00
137.795395 60.00
137.854395 60.00
137.918396 60.00
137.977396 60.00
138.041397 60.00
138.106039 60.00
138.165161 60.00
138.229273 60.00
138.298273 59.00
138.367274 59.00
138.426399 60.00
138.495400 60.00
138.559794 60.00
138.613791 60.00
138.678405 60.00
138.737279 60.00
138.801812 60.00
138.855528 60.00
138.909816 59.00
138.974280 59.00
139.038280 60.00
139.107154 60.00
139.157780 60.00
139.221279 60.00
139.295030 60.00
139.348406 60.00
139.407409 60.00
139.466158 60.00
139.535801 60.00
139.599533 60.00
139.653159 60.00
139.717159 60.00
139.791162 60.00
139.865161 60.00
139.934178 60.00
140.003177 59.00
140.072176 59.00
140.141053 60.00
140.204803 60.00
140.263413 60.00
140.327164 60.00
140.396054 60.00
140.454823 60.00
140.513806 60.00
140.579861 60.00
140.638808 60.00
140.704696 60.00
140.765043 60.00
140.820322 60.00
140.884184 60.00
140.958169 60.00
141.027169 60.00
141.087938 60.00
141.146824 60.00
141.200170 60.00
141.264063 60.00
141.322702 60.00
141.383204 60.00
141.432814 60.00
141.493065 60.00
141.548301 60.00
141.612299 60.00
141.676819 60.00
141.735426 60.00
141.789307 60.00
141.853177 60.00
141.922804 60.00
141.986711 60.00
142.051302 60.00
142.115053 60.00
142.170179 60.00
142.234178 60.00
142.303706 60.00
142.372831 60.00
142.431429 60.00
142.490430 60.00
142.549180 60.00
142.613308 60.00
142.668181 60.00
142.727195 60.00
142.791056 60.00
142.856077 60.00
142.920200 60.00
142.984184 60.00
143.048200 60.00
143.107313 60.00
143.172950 60.00
143.237190 60.00
143.296079 60.00
143.360061 60.00
143.429068 60.00
143.493079 60.00
143.562202 60.00
143.626063 60.00
143.685204 60.00
143.749064 60.00
143.817989 60.00
143.872844 60.00
143.941955 60.00
144.000566 60.00
144.064191 60.00
144.124442 60.00
144.178084 60.00
144.243442 60.00
144.301960 60.00
144.352694 60.00
144.411318 60.00
144.461196 60.00
144.524959 60.00
144.574320 60.00
144.629579 60.00
144.693446 60.00
144.739086 60.00
144.813115 60.00
144.886963 60.00
144.951200 60.00
145.012102 60.00
145.067327 60.00
145.136889 60.00
145.206583 60.00
145.275733 60.00
145.330580 60.00
145.395201 60.00
145.459092 60.00
145.523077 60.00
145.587083 60.00
145.651583 60.00
145.715842 60.00
145.780097 60.00
145.844329 60.00
145.903081 60.00
145.967080 60.00
146.031206 60.00
146.105735 60.00
146.159082 60.00
146.218083 60.00
146.282099 60.00
146.341101 60.00
146.405100 60.00
146.464100 60.00
146.528084 60.00
146.597101 59.00
146.661100 59.00
146.735589 60.00
146.800735 60.00
146.866105 60.00
146.929961 60.00
146.985088 60.00
147.044103 60.00
147.108107 60.00
147.167106 60.00
147.221858 60.00
147.286840 60.00
147.355856 60.00
147.421466 60.00
147.486743 60.00
147.551109 60.00
147.606110 60.00
147.661110 60.00
147.715995 59.00
147.779986 59.00
147.843985 60.00
147.903111 60.00
147.961845 60.00
148.031110 60.00
148.085862 60.00
148.155113 60.00
148.209990 60.00
148.284630 60.00
148.338112 60.00
148.402114 60.00
148.473476 60.00
148.542992 60.00
148.602225 59.00
148.671475 59.00
148.727351 60.00
148.796476 60.00
148.855641 60.00
148.919853 60.00
148.984481 60.00
149.053871 60.00
149.112996 60.00
149.171994 60.00
149.231122 60.00
149.284996 60.00
149.349480 60.00
149.409873 60.00
149.463481 60.00
149.522481 60.00
149.581982 60.00
149.651487 60.00
149.721001 60.00
149.779859 60.00
149.854234 60.00
149.907858 60.00
149.972001 60.00
150.031000 60.00
150.089999 60.00
150.145002 60.00
150.200002 60.00
150.255003 60.00
150.310002 60.00
150.365001 60.00
150.419894 60.00
150.475005 60.00
150.530007 60.00
150.589004 60.00
150.644008 60.00
150.699008 60.00
150.755743 60.00
150.824757 60.00
150.899022 60.00
150.968117 60.00
151.022014 60.00
151.091494 60.00
151.156873 60.00
151.221122 60.00
151.281922 60.00
151.335886 60.00
151.405503 60.00
151.465018 60.00
151.525874 60.00
151.589889 60.00
151.649501 60.00
151.714016 60.00
151.769879 60.00
151.829502 60.00
151.899376 60.00
151.964656 60.00
152.024023 60.00
152.083020 60.00
152.142018 60.00
152.202654 60.00
152.276755 60.00
152.340754 60.00
152.405382 60.00
152.460506 60.00
152.525512 60.00
152.590025 60.00
152.644141 60.00
152.704883 60.00
152.769020 60.00
152.832506 60.00
152.902027 60.00
152.965758 60.00
153.034822 60.00
153.109509 60.00
153.170027 60.00
153.234010 60.00
153.293514 60.00
153.353041 60.00
153.407390 60.00
153.471524 60.00
153.536519 60.00
153.601033 60.00
153.662031 60.00
153.726032 60.00
153.785391 60.00
153.844527 60.00
153.905514 60.00
153.974788 60.00
154.040676 60.00
154.110031 60.00
154.165644 60.00
154.235034 60.00
154.289395 60.00
154.353923 60.00
154.418395 60.00
154.473823 60.00
154.538523 60.00
154.604677 60.00
154.669037 60.00
154.727797 60.00
154.797522 60.00
154.871814 60.00
154.932650 59.00
155.004173 59.00
155.068277 60.00
155.137792 60.00
155.196680 60.00
155.266403 60.00
155.331527 60.00
155.390802 60.00
155.445688 60.00
155.505412 60.00
155.570281 60.00
155.634406 60.00
155.699688 60.00
155.759413 60.00
155.823694 60.00
155.888281 60.00
155.941684 60.00
156.002159 60.00
156.066406 60.00
156.126695 60.00
156.187158 60.00
156.261803 60.00
156.320691 60.00
156.385408 60.00
156.442158 60.00
156.506286 60.00
156.565285 60.00
156.629803 60.00
156.688534 60.00
156.758696 60.00
156.822925 60.00
156.882415 60.00
156.951677 60.00
157.017845 60.00
157.082291 60.00
157.146828 60.00
157.210705 60.00
157.285414 60.00
157.341176 60.00
157.400292 60.00
157.459174 60.00
157.518672 60.00
157.582812 60.00
157.641811 60.00
157.700833 60.00
157.759706 60.00
157.819825 60.00
157.874299 60.00
157.935067 60.00
157.994298 60.00
158.049585 60.00
158.099727 60.00
158.158707 60.00
158.212841 59.00
158.267702 59.00
158.331707 60.00
158.386974 60.00
158.432548 60.00
158.497427 60.00
158.561675 60.00
158.627826 60.00
158.692189 60.00
158.750557 60.00
158.815184 60.00
158.870806 60.00
158.934428 60.00
158.999178 60.00
159.057709 60.00
159.117178 60.00
159.181303 60.00
159.240432 60.00
159.304711 60.00
159.364058 60.00
159.428307 60.00
159.493313 60.00
159.552434 60.00
159.616557 60.00
159.680557 60.00
159.739435 60.00
159.813436 60.00
159.882714 60.00
159.941562 60.00
160.005686 60.00
160.064966 60.00
160.134563 60.00
160.193884 60.00
160.250717 60.00
160.304600 60.00
160.365598 60.00
160.434697 60.00
160.488831 60.00
160.542440 60.00
160.599440 60.00
160.664564 59.00
160.728442 59.00
160.797604 60.00
160.863066 60.00
160.921606 60.00
160.982086 60.00
161.042317 60.00
161.106696 60.00
161.170607 60.00
161.230201 60.00
161.294945 60.00
161.354851 60.00
161.411858 60.00
161.461967 60.00
161.520579 60.00
161.579588 60.00
161.639699 60.00
161.693855 60.00
161.763215 60.00
161.827451 60.00
161.886449 60.00
161.945855 60.00
162.004449 60.00
162.068744 60.00
162.127451 60.00
162.191451 60.00
162.255735 60.00
162.309862 60.00
162.374584 60.00
162.433763 60.00
162.498751 60.00
162.565339 60.00
162.629453 60.00
162.693457 59.00
162.757455 59.00
162.821875 60.00
162.891459 60.00
162.955457 60.00
163.019456 60.00
163.083457 60.00
163.152457 60.00
163.216753 60.00
163.270462 60.00
163.335086 60.00
163.399100 60.00
163.463088 60.00
163.517963 60.00
163.583463 60.00
163.648740 60.00
163.698467 60.00
163.757089 60.00
163.811119 60.00
163.870469 60.00
163.924352 60.00
163.993875 60.00
164.047624 60.00
164.103378 60.00
164.150716 60.00
164.210099 60.00
164.265346 60.00
164.324618 60.00
164.388860 60.00
164.447873 60.00
164.501598 60.00
164.555218 60.00
164.620470 60.00
164.689996 60.00
164.754606 60.00
164.808345 60.00
164.867474 60.00
164.926346 60.00
164.985349 60.00
165.044348 60.00
165.108990 60.00
165.172863 60.00
165.246995 60.00
165.311117 60.00
165.370477 60.00
165.429351 60.00
165.499482 60.00
165.563998 60.00
165.623633 60.00
165.688482 60.00
165.760113 60.00
165.815479 60.00
165.875000 60.00
165.928481 60.00
165.987480 60.00
166.039229 60.00
166.108357 60.00
166.167357 60.00
166.226634 60.00
166.296359 60.00
166.360357 60.00
166.425127 60.00
166.475000 60.00
166.527639 60.00
166.573358 60.00
166.634236 60.00
166.700124 60.00
166.755490 60.00
166.810006 60.00
166.879764 60.00
166.935270 60.00
166.986370 60.00
167.061239 60.00
167.130237 60.00
167.194238 60.00
167.263243 60.00
167.318366 60.00
167.372367 59.00
167.426368 59.00
167.490379 59.00
167.560662 60.00
167.625502 60.00
167.680011 60.00
167.754377 60.00
167.818492 60.00
167.872246 60.00
167.931370 60.00
167.990123 60.00
168.064372 60.00
168.134022 60.00
168.198749 60.00
168.258041 60.00
168.324807 60.00
168.384510 60.00
168.449374 60.00
168.508136 60.00
168.567373 60.00
168.631140 60.00
168.692277 60.00
168.761129 60.00
168.830876 60.00
168.895511 60.00
168.949879 60.00
169.009018 60.00
169.070802 60.00
169.130254 60.00
169.194510 60.00
169.250021 60.00
169.314385 60.00
169.368256 60.00
169.422131 60.00
169.486669 60.00
169.572766 60.00
169.632385 60.00
169.693510 60.00
169.747134 60.00
169.811517 60.00
169.857137 60.00
169.912271 60.00
169.976636 60.00
170.035383 60.00
170.094012 60.00
170.158260 60.00
170.217387 60.00
170.267138 60.00
170.332054 60.00
170.387390 60.00
170.439165 60.00
170.509140 60.00
170.570170 60.00
170.636143 60.00
170.691266 60.00
170.750911 60.00
170.807142 60.00
170.871141 60.00
170.945266 60.00
171.004141 60.00
171.063269 60.00
171.137786 60.00
171.196827 60.00
171.256272 60.00
171.331280 60.00
171.396274 60.00
171.461281 60.00
171.515922 60.00
171.580833 60.00
171.645651 60.00
171.715408 60.00
171.771654 60.00
171.831161 60.00
171.895652 60.00
171.970834 60.00
172.035277 60.00
172.089276 60.00
172.148655 60.00
172.218153 60.00
172.282657 60.00
172.347171 60.00
172.411820 60.00
172.476290 60.00
172.530827 60.00
172.600851 60.00
172.665405 60.00
172.715155 60.00
172.779798 60.00
172.836531 60.00
172.902288 60.00
172.952282 60.00
173.002158 60.00
173.067532 60.00
173.126810 60.00
173.186176 60.00
173.248545 60.00
173.313163 60.00
173.388191 60.00
173.447054 60.00
173.508064 60.00
173.582662 60.00
173.637535 60.00
173.697662 60.00
173.769060 60.00
173.833163 60.00
173.897289 60.00
173.956163 60.00
174.020163 60.00
174.085931 60.00
174.150299 60.00
174.214685 60.00
174.284296 60.00
174.338293 60.00
174.398948 60.00
174.463057 60.00
174.522167 60.00
174.575935 60.00
174.644939 60.00
174.708938 60.00
174.778679 60.00
174.838172 60.00
174.892305 60.00
174.952923 60.00
175.012192 60.00
175.067926 60.00
175.127173 60.00
175.182692 60.00
175.242176 60.00
175.307069 60.00
175.366175 60.00
175.420177 60.00
175.479678 60.00
175.548944 60.00
175.623551 60.00
175.677688 60.00
175.736426 60.00
175.795688 60.00
175.864836 60.00
175.924188 60.00
175.978558 60.00
176.038947 60.00
176.102960 60.00
176.166946 60.00
176.230822 60.00
176.294823 60.00
176.358969 60.00
176.423557 60.00
176.477692 60.00
176.552559 60.00
176.606684 60.00
176.671690 60.00
176.736195 60.00
176.790704 60.00
176.860687 60.00
176.929950 60.00
176.998946 60.00
177.068563 60.00
177.128994 60.00
177.182949 60.00
177.257439 60.00
177.317197 60.00
177.371567 60.00
177.425697 60.00
177.490583 60.00
177.555200 60.00
177.628698 60.00
177.688110 60.00
177.742602 60.00
177.821207 60.00
177.878078 60.00
177.932448 60.00
177.992098 60.00
178.046587 60.00
178.111091 60.00
178.176011 60.00
178.235004 60.00
178.301603 60.00
178.366459 59.00
178.422100 59.00
178.476451 60.00
178.532206 60.00
178.582589 60.00
178.658105 60.00
178.712589 60.00
178.777461 60.00
178.833103 60.00
178.887454 60.00
178.943106 60.00
178.997587 60.00
179.062586 60.00
179.132454 60.00
179.196746 60.00
179.261457 60.00
179.321865 60.00
179.386454 60.00
179.446860 60.00
179.506593 60.00
179.571587 60.00
179.641614 60.00
179.706619 60.00
179.781750 60.00
179.851458 60.00
179.915763 60.00
179.980100 60.00
180.039466 60.00
180.108854 60.00
180.172853 60.00
180.237337 60.00
180.301599 60.00
180.368340 60.00
180.429223 60.00
180.488990 60.00
180.548216 60.00
180.609224 60.00
180.664753 60.00
180.723781 60.00
180.793467 60.00
180.847091 60.00
180.897094 60.00
180.950591 60.00
181.007220 60.00
181.071341 60.00
181.135470 60.00
181.195749 60.00
181.256476 60.00
181.331345 60.00
181.384863 60.00
181.439098 60.00
181.499347 60.00
181.558346 60.00
181.611738 60.00
181.681350 60.00
181.745223 60.00
181.814754 60.00
181.884347 60.00
181.943351 60.00
181.996740 60.00
182.057483 60.00
182.116873 60.00
182.170738 60.00
182.235861 60.00
182.300748 60.00
182.370485 60.00
182.434478 60.00
182.494122 60.00
182.568477 60.00
182.637855 60.00
182.701997 60.00
182.756489 60.00
182.823234 60.00
182.878481 60.00
182.933479 60.00
182.992230 60.00
183.061751 60.00
183.125789 60.00
183.185488 60.00
183.246611 60.00
183.311493 59.00
183.368658 59.00
183.435146 60.00
183.491116 60.00
183.552110 60.00
183.617622 60.00
183.681762 60.00
183.737112 60.00
183.801240 60.00
183.854740 60.00
183.913755 60.00
183.968993 60.00
184.023492 60.00
184.087871 60.00
184.149119 60.00
184.208252 60.00
184.283619 60.00
184.338773 60.00
184.403792 60.00
184.466137 60.00
184.530797 60.00
184.589622 60.00
184.663501 60.00
184.737371 60.00
184.790626 60.00
184.859372 60.00
184.917878 60.00
184.981375 60.00
185.034632 60.00
185.108377 60.00
185.161625 60.00
185.225379 60.00
185.294126 60.00
185.352633 60.00
185.426376 60.00
185.484884 60.00
185.548377 60.00
185.613752 60.00
185.677505 60.00
185.746257 60.00
185.811634 60.00
185.871885 60.00
185.935379 60.00
185.990387 60.00
186.059256 60.00
186.119254 60.00
186.179261 60.00
186.230510 60.00
186.283887 60.00
186.342387 60.00
186.402507 60.00
186.455765 60.00
186.515883 60.00
186.570888 60.00
186.625881 60.00
186.689385 60.00
186.747758 60.00
186.807893 60.00
186.853388 60.00
186.902761 60.00
186.962889 60.00
187.008390 60.00
187.059010 60.00
187.122514 60.00
187.196261 60.00
187.249510 60.00
187.319889 60.00
187.365394 60.00
187.416015 60.00
187.479525 60.00
187.553267 60.00
187.606516 60.00
187.680265 60.00
187.733516 60.00
187.807272 59.00
187.860519 59.00
187.934276 60.00
187.987521 60.00
188.061274 60.00
188.114523 60.00
188.188276 60.00
188.241525 60.00
188.315278 60.00
188.370278 60.00
188.423524 60.00
188.497279 60.00
188.557527 60.00
188.621032 60.00
188.686276 60.00
188.741280 60.00
188.794529 60.00
188.868282 60.00
188.923157 60.00
188.978152 60.00
189.031406 60.00
189.100030 60.00
189.158408 60.00
189.228782 60.00
189.292284 60.00
189.347156 60.00
189.402155 60.00
189.455412 60.00
189.520780 60.00
189.579284 60.00
189.629910 60.00
189.693407 60.00
189.763783 60.00
189.818283 60.00
189.868914 60.00
189.932408 60.00
190.006157 60.00
190.056906 60.00
190.120406 60.00
190.194157 60.00
190.247407 60.00
190.317783 60.00
190.363283 60.00
190.413909 60.00
190.477409 60.00
190.546161 60.00
190.599413 60.00
190.673164 60.00
190.726412 60.00
190.800169 60.00
190.853414 60.00
190.927174 60.00
190.990920 60.00
191.060423 60.00
191.132296 60.00
191.198423 60.00
191.263548 60.00
191.333685 60.00
191.388178 60.00
191.449441 60.00
191.505427 60.00
191.565176 60.00
191.626298 60.00
191.690680 60.00
191.754937 60.00
191.814678 60.00
191.870843 60.00
191.930300 60.00
191.989678 60.00
192.054074 60.00
192.120861 60.00
192.193822 60.00
192.253080 60.00
192.314177 60.00
192.364079 60.00
192.434433 60.00
192.504563 60.00
192.559097 60.00
192.623950 60.00
192.683560 60.00
192.738082 60.00
192.797566 60.00
192.852099 60.00
192.917059 60.00
192.976307 60.00
193.054687 60.00
193.104815 60.00
193.168564 60.00
193.223079 60.00
193.282690 60.00
193.343564 60.00
193.398098 60.00
193.458068 60.00
193.528437 60.00
193.598694 60.00
193.658564 60.00
193.713088 60.00
193.778215 60.00
193.843105 60.00
193.909866 60.00
193.982450 60.00
194.038884 60.00
194.097692 60.00
194.162315 60.00
194.222072 60.00
194.292325 60.00
194.351970 60.00
194.413319 60.00
194.479607 60.00
194.531448 60.00
194.590983 60.00
194.657701 60.00
194.717455 60.00
194.771968 60.00
194.833200 60.00
194.902761 60.00
194.962593 60.00
195.012986 60.00
195.083327 60.00
195.149324 60.00
195.208964 60.00
195.268075 60.00
195.320586 60.00
195.375081 60.00
195.430200 60.00
195.489449 60.00
195.543855 60.00
195.598985 60.00
195.659978 60.00
195.720326 60.00
195.780981 60.00
195.847332 60.00
195.902084 60.00
195.952724 60.00
196.017331 60.00
196.087590 60.00
196.137980 60.00
196.216332 60.00
196.289333 60.00
196.362333 60.00
196.431740 60.00
196.495995 60.00
196.560751 60.00
196.628344 60.00
196.689769 60.00
196.749462 60.00
196.810791 60.00
196.870340 60.00
196.940343 60.00
196.999986 60.00
197.064751 60.00
197.134846 60.00
197.212730 60.00
197.277471 60.00
197.336729 60.00
197.401340 60.00
197.462466 60.00
197.516215 60.00
197.580848 60.00
197.640216 60.00
197.699867 60.00
197.759471 60.00
197.818862 60.00
197.878475 60.00
197.938595 60.00
197.999354 60.00
198.060222 60.00
198.124744 60.00
198.180226 60.00
198.244761 60.00
198.295789 60.00
198.351222 60.00
198.406221 60.00
198.466597 60.00
198.530596 60.00
198.591224 60.00
198.650221 60.00
198.709746 60.00
198.770352 60.00
198.820100 60.00
198.885009 60.00
198.944101 60.00
199.008227 60.00
199.078353 60.00
199.142350 60.00
199.205850 60.00
199.275229 60.00
199.338996 60.00
199.412998 60.00
199.479120 60.00
199.553866 60.00
199.615132 60.00
199.674782 60.00
199.739792 60.00
199.801110 60.00
199.865609 60.00
199.925106 60.00
199.983998 60.00
200.045125 60.00
200.119610 60.00
200.184109 60.00
200.243233 60.00
200.297242 60.00
200.356613 60.00
200.426247 60.00
200.480791 60.00
200.550864 60.00
200.610242 60.00
200.664793 60.00
200.724262 60.00
200.778819 60.00
200.839618 60.00
200.895248 60.00
200.951497 60.00
201.011243 60.00
201.075875 60.00
201.140792 60.00
201.205795 60.00
201.270790 60.00
201.330119 60.00
201.401621 60.00
201.462245 60.00
201.517628 60.00
201.578121 60.00
201.640502 60.00
201.700252 60.00
201.759897 60.00
201.830380 60.00
201.880788 60.00
201.951137 60.00
202.017803 60.00
202.077381 60.00
202.150631 60.00
202.215627 60.00
202.290631 60.00
202.355127 60.00
202.425023 60.00
202.483893 60.00
202.543641 60.00
202.610006 60.00
202.673882 60.00
202.738257 60.00
202.797641 60.00
202.862637 60.00
202.924027 60.00
202.989910 60.00
203.059506 60.00
203.138169 60.00
203.192679 60.00
203.252258 60.00
203.306676 60.00
203.365884 60.00
203.425647 60.00
203.490512 60.00
203.552911 60.00
203.612642 60.00
203.672272 60.00
203.734897 60.00
203.794640 60.00
203.858905 60.00
203.925034 60.00
203.991165 60.00
204.045646 60.00
204.115834 60.00
204.182143 60.00
204.248681 60.00
204.315400 60.00
204.375144 60.00
204.435517 60.00
204.496268 60.00
204.561645 60.00
204.631666 60.00
204.690909 60.00
204.755674 60.00
204.814912 60.00
204.879654 60.00
204.944650 60.00
205.009155 60.00
205.063656 60.00
205.124791 60.00
205.188914 60.00
205.252913 60.00
205.316786 60.00
205.380913 60.00
205.449788 60.00
205.518914 60.00
205.582648 60.00
205.646790 60.00
205.715791 60.00
205.781901 60.00
205.840653 60.00
205.895654 60.00
205.959795 60.00
206.018933 60.00
206.088277 60.00
206.153058 60.00
206.214281 60.00
206.278405 60.00
206.339051 60.00
206.397797 60.00
206.457056 60.00
206.510657 60.00
206.580539 60.00
206.645409 60.00
206.709531 60.00
206.774798 60.00
206.843800 60.00
206.907661 60.00
206.966664 60.00
207.030934 60.00
207.105285 60.00
207.167285 60.00
207.231284 60.00
207.290542 60.00
207.354665 60.00
207.413822 60.00
207.473547 60.00
207.533059 60.00
207.597415 60.00
207.652934 60.00
207.711666 60.00
207.783550 60.00
207.848544 60.00
207.913548 60.00
207.978547 60.00
208.048550 60.00
208.113547 60.00
208.179805 60.00
208.239680 60.00
208.299172 60.00
208.364073 60.00
208.419945 60.00
208.480969 60.00
208.546079 60.00
208.606835 60.00
208.667689 60.00
208.731812 60.00
208.800815 60.00
208.859816 60.00
208.918797 60.00
208.982819 60.00
209.037940 60.00
209.098173 60.00
209.160175 60.00
209.224437 60.00
209.294429 60.00
209.354678 60.00
209.409819 60.00
209.463820 60.00
209.522833 60.00
209.588952 60.00
209.648306 60.00
209.713086 60.00
209.768435 60.00
209.827976 60.00
209.893098 60.00
209.957828 60.00
210.012078 60.00
210.076686 60.00
210.141083 60.00
210.205862 60.00
210.275309 60.00
210.334319 60.00
210.398972 60.00
210.459955 60.00
210.520985 60.00
210.585562 60.00
210.655852 60.00
210.721994 60.00
210.776442 60.00
210.841441 60.00
210.907697 60.00
210.967445 60.00
211.028567 60.00
211.094695 60.00
211.163690 60.00
211.227848 60.00
211.292316 60.00
211.351447 60.00
211.418195 60.00
211.477317 60.00
211.542761 60.00
211.606835 60.00
211.671086 60.00
211.735445 60.00
211.794695 60.00
211.855195 60.00
211.915319 60.00
211.968852 60.00
212.024087 60.00
212.082848 60.00
212.138329 60.00
212.208324 60.00
212.280099 60.00
212.340739 60.00
212.405457 60.00
212.466332 60.00
212.521742 60.00
212.581456 60.00
212.651746 60.00
212.716459 60.00
212.776209 60.00
212.846335 60.00
212.905971 60.00
212.979207 60.00
213.049214 60.00
213.124588 60.00
213.194842 60.00
213.259458 60.00
213.318987 60.00
213.383985 60.00
213.448591 60.00
213.513215 60.00
213.577741 60.00
213.631589 60.00
213.701458 60.00
213.767599 60.00
213.833593 60.00
213.888746 60.00
213.947847 60.00
214.007212 60.00
214.066213 60.00
214.120212 60.00
214.179590 60.00
214.244764 60.00
214.304342 60.00
214.359781 60.00
214.414225 60.00
214.475343 60.00
214.541992 60.00
214.601865 60.00
214.653481 60.00
214.713229 60.00
214.774471 60.00
214.836996 60.00
214.896850 60.00
214.947097 60.00
215.006771 60.00
215.061224 60.00
215.120786 60.00
215.175230 60.00
215.240098 60.00
215.299775 60.00
215.359361 60.00
215.428856 60.00
215.485856 60.00
215.536227 60.00
215.606607 60.00
215.672770 60.00
215.732358 60.00
215.797231 60.00
215.856616 60.00
215.916232 60.00
215.989606 60.00
216.056231 60.00
216.117230 60.00
216.181799 60.00
216.232240 60.00
216.297231 60.00
216.358237 60.00
216.419236 60.00
216.489239 60.00
216.550235 60.00
216.611232 60.00
216.676361 60.00
216.736112 60.00
216.797490 60.00
216.863792 60.00
216.914111 60.00
216.975490 60.00
217.037009 60.00
217.096798 60.00
217.153805 60.00
217.218488 60.00
217.283785 60.00
217.334136 60.00
217.398901 60.00
217.458684 60.00
217.513117 60.00
217.572767 60.00
217.624870 60.00
217.684491 60.00
217.739139 60.00
217.804134 60.00
217.875872 60.00
217.935787 60.00
218.005492 60.00
218.064930 60.00
218.129492 60.00
218.194497 60.00
218.264661 60.00
218.324146 60.00
218.389142 60.00
218.448660 60.00
218.503132 60.00
218.568012 60.00
218.632503 60.00
218.697625 60.00
218.751508 60.00
218.827127 60.00
218.891498 60.00
218.950246 60.00
219.019918 60.00
219.074129 60.00
219.139019 60.00
219.198250 60.00
219.258158 60.00
219.319149 60.00
219.378672 60.00
219.444376 60.00
219.515443 60.00
219.571148 60.00
219.630253 60.00
219.700136 60.00
219.762884 60.00
219.823507 60.00
219.884912 60.00
219.945381 60.00
220.011517 60.00
220.066026 60.00
220.125693 60.00
220.192261 60.00
220.252025 60.00
220.318955 60.00
220.385260 60.00
220.444384 60.00
220.509024 60.00
220.562689 60.00
220.613033 60.00
220.682778 60.00
220.742038 60.00
220.806784 60.00
220.870779 60.00
220.924511 60.00
220.978136 60.00
221.042136 60.00
221.107665 60.00
221.153137 60.00
221.213388 60.00
221.282266 60.00
221.341678 60.00
221.400809 60.00
221.460521 60.00
221.515049 60.00
221.574392 60.00
221.638525 60.00
221.697812 60.00
221.757522 60.00
221.821911 60.00
221.877843 60.00
221.937524 60.00
221.996816 60.00
222.056530 60.00
222.111053 60.00
222.170404 60.00
222.235402 60.00
222.304914 60.00
222.358396 60.00
222.417146 60.00
222.482396 60.00
222.551021 60.00
222.604273 60.00
222.678024 60.00
222.733033 60.00
222.787904 60.00
222.847902 60.00
222.907901 60.00
222.961152 60.00
223.031534 60.00
223.086532 60.00
223.141530 60.00
223.195034 60.00
223.253408 60.00
223.311790 60.00
223.370164 60.00
223.440532 60.00
223.495037 60.00
223.553425 60.00
223.613541 60.00
223.659042 60.00
223.717410 60.00
223.780914 60.00
223.834163 60.00
223.907917 60.00
223.961167 60.00
224.031537 60.00
224.077042 60.00
224.132915 60.00
224.186163 60.00
224.259920 60.00
224.313162 60.00
224.386920 60.00
224.440166 60.00
224.513919 60.00
224.567169 60.00
224.640916 60.00
224.694166 60.00
224.767917 60.00
224.821175 60.00
224.894916 60.00
224.948166 60.00
225.021916 60.00
225.075175 60.00
225.148922 60.00
225.202169 60.00
225.275928 60.00
225.330930 60.00
225.385926 60.00
225.440922 60.00
225.495920 60.00
225.550919 60.00
225.605797 60.00
225.665795 60.00
225.725799 60.00
225.785797 60.00
225.845798 60.00
225.911050 60.00
225.960933 60.00
226.010305 60.00
226.070427 60.00
226.125432 60.00
226.180431 60.00
226.235429 60.00
226.280927 60.00
226.339309 60.00
226.399426 60.00
226.454425 60.00
226.499927 60.00
226.558307 60.00
226.618429 60.00
226.663929 60.00
226.714552 60.00
226.778054 60.00
226.851816 60.00
226.905056 60.00
226.978805 60.00
227.032061 60.00
227.105809 60.00
227.159056 60.00
227.232808 60.00
227.286058 60.00
227.359812 60.00
227.413058 60.00
227.486813 60.00
227.540061 60.00
227.613809 60.00
227.667062 60.00
227.740821 60.00
227.794065 60.00
227.867812 60.00
227.922948 60.00
227.991564 60.00
228.055064 60.00
228.128815 60.00
228.182067 60.00
228.255818 60.00
228.310816 60.00
228.367194 60.00
228.435819 60.00
228.499448 60.00
228.564698 60.00
228.624696 60.00
228.684694 60.00
228.748193 60.00
228.806825 60.00
228.861697 60.00
228.914947 60.00
228.985320 60.00
229.040319 60.00
229.095320 60.00
229.150322 60.00
229.204823 60.00
229.263203 60.00
229.323323 60.00
229.368836 60.00
229.427204 60.00
229.490701 60.00
229.543956 60.00
229.614329 60.00
229.659835 60.00
229.710462 60.00
229.779205 60.00
229.842708 60.00
229.895958 60.00
229.969834 60.00
230.020459 60.00
230.083957 60.00
230.157724 60.00
230.210956 60.00
230.279712 60.00
230.332962 60.00
230.401714 60.00
230.465463 60.00
230.528987 60.00
230.602841 60.00
230.671465 60.00
230.736714 60.00
230.789963 60.00
230.863720 60.00
230.918712 60.00
230.973712 60.00
231.028719 60.00
231.081962 60.00
231.155719 60.00
231.210754 60.00
231.285994 60.00
231.350989 60.00
231.410601 60.00
231.475616 60.00
231.534858 60.00
231.604997 60.00
231.671116 60.00
231.737475 60.00
231.793099 60.00
231.847470 60.00
231.903100 60.00
231.969617 60.00
232.034228 60.00
232.084615 60.00
232.148971 60.00
232.215129 60.00
232.276225 60.00
232.338623 60.00
232.408767 60.00
232.469631 60.00
232.539772 60.00
232.609476 60.00
232.671858 60.00
232.741634 60.00
232.817134 60.00
232.871613 60.00
232.935997 60.00
233.001653 60.00
233.076638 60.00
233.141640 60.00
233.211780 60.00
233.271486 60.00
233.327129 60.00
233.388495 60.00
233.453483 60.00
233.518484 60.00
233.583135 60.00
233.639362 60.00
233.699006 59.00
233.758489 59.00
233.823490 60.00
233.883018 60.00
233.937490 60.00
234.002490 60.00
234.067486 60.00
234.134243 60.00
234.191236 60.00
234.255999 60.00
234.317012 60.00
234.376002 60.00
234.435000 60.00
234.494487 60.00
234.545773 60.00
234.605014 60.00
234.669115 60.00
234.738490 60.00
234.808495 60.00
234.873027 60.00
234.927503 60.00
234.992496 60.00
235.057498 60.00
235.127873 60.00
235.187505 60.00
235.252505 60.00
235.317499 60.00
235.382498 60.00
235.452877 60.00
235.512373 60.00
235.568020 60.00
235.622501 60.00
235.683942 60.00
235.764683 60.00
235.840001 60.00
235.894504 60.00
235.965022 60.00
236.029878 60.00
236.104250 60.00
236.162749 60.00
236.231749 60.00
236.300749 60.00
236.369750 60.00
236.438750 60.00
236.507751 60.00
236.576751 60.00
236.645752 60.00
236.714752 60.00
236.784054 60.00
236.833754 60.00
236.903386 60.00
236.962884 60.00
237.022509 60.00
237.092779 60.00
237.147508 60.00
237.203023 60.00
237.257260 60.00
237.311042 60.00
237.361392 60.00
237.426263 60.00
237.486040 60.00
237.547038 60.00
237.602516 60.00
237.663273 60.00
237.718911 60.00
237.769045 60.00
237.834022 60.00
237.889266 60.00
237.948917 60.00
238.008517 60.00
238.078523 60.00
238.149042 60.00
238.204518 60.00
238.263516 60.00
238.338390 60.00
238.391792 60.00
238.455784 60.00
238.514785 60.00
238.573677 60.00
238.632785 60.00
238.691673 60.00
238.761271 60.00
238.825396 60.00
238.895399 60.00
238.965043 60.00
239.030051 60.00
239.096040 60.00
239.152058 60.00
239.212650 60.00
239.276678 60.00
239.341023 60.00
239.401709 60.00
239.463025 60.00
239.527274 60.00
239.591401 60.00
239.651525 60.00
239.715801 60.00
239.779681 60.00
239.843680 60.00
239.909561 60.00
239.955277 60.00
240.010277 60.00
240.065566 60.00
240.111154 60.00
240.163944 60.00
240.214285 60.00
240.273808 60.00
240.328292 60.00
240.389283 60.00
240.448810 60.00
240.509912 60.00
240.560170 60.00
240.635721 60.00
240.701808 60.00
240.761297 60.00
240.826165 60.00
240.880294 60.00
240.945291 60.00
241.009945 60.00
241.074921 60.00
241.141291 60.00
241.205676 60.00
241.260537 60.00
241.319715 60.00
241.380807 60.00
241.434539 60.00
241.494297 60.00
241.564183 60.00
241.618299 60.00
241.684940 60.00
241.749950 60.00
241.809798 60.00
241.864063 60.00
241.928544 60.00
241.993296 60.00
242.057825 60.00
242.117678 60.00
242.177175 60.00
242.242431 60.00
242.302175 60.00
242.359680 60.00
242.414180 60.00
242.484309 60.00
242.544183 60.00
242.605302 60.00
242.666429 60.00
242.726197 60.00
242.790426 60.00
242.854298 60.00
242.918175 60.00
242.968066 60.00
243.032066 60.00
243.086185 60.00
243.146555 60.00
243.200428 60.00
243.261190 60.00
243.326184 60.00
243.390835 60.00
243.441187 60.00
243.510948 60.00
243.570191 60.00
243.629554 60.00
243.683854 60.00
243.748854 60.00
243.813079 60.00
243.872059 60.00
243.936075 60.00
243.995690 60.00
244.056952 60.00
244.121568 60.00
244.193442 60.00
244.258194 60.00
244.328568 60.00
244.403699 60.00
244.458197 60.00
244.528190 60.00
244.593200 60.00
244.663192 60.00
244.732734 60.00
244.791960 60.00
244.861585 60.00
244.931698 60.00
244.985601 60.00
245.040114 60.00
245.101447 60.00
245.161096 60.00
245.222449 60.00
245.287197 60.00
245.346603 60.00
245.405194 60.00
245.465348 60.00
245.513964 60.00
245.569070 60.00
245.630326 60.00
245.692701 60.00
245.757756 60.00
245.822591 60.00
245.887455 60.00
245.957762 60.00
246.022592 60.00
246.082208 60.00
246.148701 60.00
246.194201 60.00
246.245115 60.00
246.316740 60.00
246.372113 60.00
246.436846 60.00
246.491104 60.00
246.555589 60.00
246.615851 60.00
246.680603 60.00
246.739583 60.00
246.793456 60.00
246.853106 60.00
246.918113 60.00
246.988121 60.00
247.058218 60.00
247.128466 60.00
247.200338 60.00
247.260127 60.00
247.319592 60.00
247.373334 60.00
247.432333 60.00
247.491208 60.00
247.550337 60.00
247.609335 60.00
247.668460 60.00
247.722336 60.00
247.786337 60.00
247.845468 60.00
247.904087 60.00
247.962871 60.00
248.027213 60.00
248.091464 60.00
248.150340 60.00
248.219214 60.00
248.278343 60.00
248.337341 60.00
248.411091 60.00
248.474874 60.00
248.538717 60.00
248.602602 60.00
248.659252 60.00
248.720790 60.00
248.776096 60.00
248.832478 60.00
248.887001 60.00
248.956877 60.00
249.012610 60.00
249.062725 60.00
249.126222 60.00
249.200614 60.00
249.250725 60.00
249.307798 60.00
249.367478 60.00
249.422003 60.00
249.487008 60.00
249.551861 60.00
249.623794 60.00
249.683479 60.00
249.742854 60.00
249.807999 60.00
249.874236 60.00
249.934011 60.00
250.003743 60.00
250.063019 60.00
250.132885 60.00
250.197005 60.00
250.267107 60.00
250.336756 60.00
250.396360 60.00
250.460486 60.00
250.531142 60.00
250.595749 60.00
250.655021 60.00
250.716237 60.00
250.786496 60.00
250.846237 60.00
250.906001 60.00
250.965359 60.00
251.026128 60.00
251.085113 60.00
251.149112 60.00
251.215668 60.00
251.271494 60.00
251.325250 60.00
251.386646 60.00
251.447368 60.00
251.501793 60.00
251.557118 60.00
251.612365 60.00
251.666239 60.00
251.725239 60.00
251.789239 60.00
251.844114 60.00
251.903115 60.00
251.962240 60.00
252.017241 60.00
252.072116 60.00
252.136504 60.00
252.191620 60.00
252.250743 60.00
252.311118 60.00
252.375254 60.00
252.430772 60.00
252.486123 60.00
252.546877 60.00
252.608130 60.00
252.673015 60.00
252.743261 60.00
252.808251 60.00
252.867879 60.00
252.927250 60.00
252.986125 60.00
253.045799 60.00
253.105130 60.00
253.174668 60.00
253.239127 60.00
253.298019 60.00
253.362378 60.00
253.421795 60.00
253.486129 60.00
253.550794 60.00
253.615825 60.00
253.680915 60.00
253.740799 60.00
253.805787 60.00
253.872512 60.00
253.937392 60.00
253.991823 60.00
254.056779 60.00
254.128510 60.00
254.188263 60.00
254.249518 60.00
254.309271 60.00
254.363264 60.00
254.417264 60.00
254.478387 60.00
254.537135 60.00
254.596812 60.00
254.661139 60.00
254.725824 60.00
254.790821 60.00
254.861043 60.00
254.920831 60.00
254.985787 60.00
255.050818 60.00
255.115814 60.00
255.191275 60.00
255.251166 60.00
255.301269 60.00
255.355828 60.00
255.420812 60.00
255.475646 60.00
255.531278 60.00
255.580913 60.00
255.631646 60.00
255.698522 60.00
255.767647 60.00
255.838928 60.00
255.903146 60.00
255.968277 60.00
256.022521 60.00
256.091649 60.00
256.152914 60.00
256.222279 60.00
256.276526 60.00
256.337026 60.00
256.391150 60.00
256.447027 60.00
256.506283 60.00
256.560658 60.00
256.625169 60.00
256.683921 60.00
256.743660 60.00
256.803164 60.00
256.857666 60.00
256.922532 60.00
256.982287 60.00
257.032665 60.00
257.102835 60.00
257.173187 60.00
257.231797 60.00
257.292665 60.00
257.357535 60.00
257.416533 60.00
257.475532 60.00
257.534407 60.00
257.603535 60.00
257.667535 60.00
257.731534 60.00
257.795411 60.00
257.864664 60.00
257.933931 60.00
257.997790 60.00
258.063063 60.00
258.132538 60.00
258.196539 60.00
258.255164 60.00
258.314177 60.00
258.368671 60.00
258.427932 60.00
258.488944 60.00
258.548735 60.00
258.623671 60.00
258.688178 60.00
258.742674 60.00
258.807677 60.00
258.872677 60.00
258.933815 60.00
258.998679 60.00
259.064813 60.00
259.124549 60.00
259.184069 60.00
259.248681 60.00
259.319056 60.00
259.373551 60.00
259.445425 60.00
259.500818 60.00
259.560082 60.00
259.616310 60.00
259.677176 60.00
259.740675 60.00
259.795554 60.00
259.854183 60.00
259.910305 60.00
259.974946 60.00
260.039558 60.00
260.104431 60.00
260.165097 60.00
260.219565 60.00
260.284560 60.00
260.349562 60.00
260.414562 60.00
260.479443 60.00
260.535082 60.00
260.589562 60.00
260.649102 60.00
260.703569 60.00
260.768563 60.00
260.833591 60.00
260.898564 60.00
260.972704 60.00
261.037568 60.00
261.097094 60.00
261.161960 60.00
261.227087 60.00
261.281446 60.00
261.340689 60.00
261.404828 60.00
261.469568 60.00
261.528830 60.00
261.593097 60.00
261.652969 60.00
261.712443 60.00
261.772093 60.00
261.826446 60.00
261.891109 60.00
261.945600 60.00
262.010320 60.00
262.066323 60.00
262.125976 60.00
262.180447 60.00
262.236094 60.00
262.292323 60.00
262.361987 60.00
262.413603 60.00
262.468729 60.00
262.529580 60.00
262.594073 60.00
262.651196 60.00
262.716987 60.00
262.776449 60.00
262.831977 60.00
262.886453 60.00
262.956460 60.00
263.021458 60.00
263.081077 60.00
263.136451 60.00
263.201099 60.00
263.257702 60.00
263.317457 60.00
263.387205 60.00
263.450710 60.00
263.525083 60.00
263.575340 60.00
263.634984 60.00
263.689459 60.00
263.753586 60.00
263.804212 60.00
263.873467 60.00
263.938466 60.00
264.013749 60.00
264.077457 60.00
264.141463 60.00
264.206466 60.00
264.271466 60.00
264.336461 60.00
264.416770 60.00
264.480712 60.00
264.550472 60.00
264.611757 60.00
264.676469 60.00
264.741467 60.00
264.815463 60.00
264.870773 60.00
264.931736 60.00
264.993220 60.00
265.052865 60.00
265.112223 60.00
265.171996 60.00
265.228866 60.00
265.288219 60.00
265.347478 60.00
265.411752 60.00
265.470749 60.00
265.530221 60.00
265.591123 60.00
265.651854 60.00
265.703472 60.00
265.775120 60.00
265.845223 60.00
265.896103 60.00
265.959604 60.00
266.018724 60.00
266.084098 60.00
266.148996 60.00
266.206130 60.00
266.276356 60.00
266.340726 60.00
266.405795 60.00
266.480978 60.00
266.536352 60.00
266.601004 60.00
266.670790 60.00
266.746232 60.00
266.821791 60.00
266.892010 60.00
266.956874 60.00
267.016484 60.00
267.088358 60.00
267.158234 60.00
267.219658 60.00
267.291366 60.00
267.352643 60.00
267.422629 60.00
267.487488 60.00
267.552234 60.00
267.611358 60.00
267.670232 60.00
267.734357 60.00
267.793233 60.00
267.857233 60.00
267.916233 60.00
267.976488 60.00
268.030235 60.00
268.089235 60.00
268.148785 60.00
268.210149 60.00
268.265787 60.00
268.326885 60.00
268.383496 60.00
268.435151 60.00
268.487882 60.00
268.557799 60.00
268.612245 60.00
268.672492 60.00
268.732247 60.00
268.797248 60.00
268.862252 60.00
268.927251 60.00
268.992130 60.00
269.047793 60.00
269.107372 60.00
269.166782 60.00
269.226381 60.00
269.296121 60.00
269.355802 60.00
269.410253 60.00
269.469635 60.00
269.539814 60.00
269.594253 60.00
269.659256 60.00
269.724256 60.00
269.789262 60.00
269.850262 60.00
269.915256 60.00
269.980259 60.00
270.045384 60.00
270.110139 60.00
270.169912 60.00
270.234802 60.00
270.290150 60.00
270.350667 60.00
270.405134 60.00
270.466512 60.00
270.531636 60.00
270.583382 60.00
270.644254 60.00
270.715381 60.00
270.769147 60.00
270.833150 60.00
270.891900 60.00
270.952384 60.00
271.006385 60.00
271.070646 60.00
271.125144 60.00
271.184658 60.00
271.241914 60.00
271.301662 60.00
271.362392 60.00
271.406653 60.00
271.466143 60.00
271.525390 60.00
271.594387 60.00
271.660819 60.00
271.725821 60.00
271.796146 60.00
271.855524 60.00
271.919389 60.00
271.979764 60.00
272.025389 60.00
272.094390 60.00
272.158391 60.00
272.227141 60.00
272.280642 60.00
272.330392 60.00
272.394268 60.00
272.458518 60.00
272.522395 60.00
272.586397 60.00
272.655649 60.00
272.720036 60.00
272.779522 60.00
272.838655 60.00
272.893056 60.00
272.963273 60.00
273.027398 60.00
273.086526 60.00
273.150399 60.00
273.220042 60.00
273.281277 60.00
273.355149 60.00
273.410150 60.00
273.465401 60.00
273.519529 60.00
273.573531 60.00
273.629171 60.00
273.688536 60.00
273.743060 60.00
273.802279 60.00
273.866279 60.00
273.924921 60.00
273.994044 60.00
274.049170 60.00
274.113405 60.00
274.182281 60.00
274.246535 60.00
274.305407 60.00
274.364532 60.00
274.418536 60.00
274.477408 60.00
274.538838 60.00
274.598412 60.00
274.652411 60.00
274.716410 60.00
274.778661 60.00
274.824415 60.00
274.888411 60.00
274.948043 60.00
275.007672 60.00
275.058061 60.00
275.123064 60.00
275.188070 60.00
275.253072 60.00
275.317920 60.00
275.382674 60.00
275.453068 60.00
275.517427 60.00
275.587681 60.00
275.652547 60.00
275.707074 60.00
275.773841 60.00
275.832940 60.00
275.891812 60.00
275.951300 60.00
276.021056 60.00
276.087841 60.00
276.147552 60.00
276.211817 60.00
276.270968 60.00
276.330173 60.00
276.400305 60.00
276.466430 60.00
276.530801 60.00
276.595924 60.00
276.649306 60.00
276.714082 60.00
276.784436 60.00
276.845681 60.00
276.909177 60.00
276.974685 60.00
277.039315 60.00
277.098950 60.00
277.169309 60.00
277.235562 60.00
277.285975 60.00
277.351808 60.00
277.406822 60.00
277.463316 60.00
277.518056 60.00
277.574562 60.00
277.629966 60.00
277.689562 60.00
277.735057 60.00
277.785693 60.00
277.849186 60.00
277.915190 60.00
277.976064 60.00
278.035825 60.00
278.089183 60.00
278.162934 60.00
278.216313 60.00
278.280311 60.00
278.343978 60.00
278.397188 60.00
278.466314 60.00
278.535188 60.00
278.604187 60.00
278.670227 60.00
278.734085 60.00
278.795202 60.00
278.854695 60.00
278.908694 60.00
278.967984 60.00
279.032967 60.00
279.097699 60.00
279.157452 60.00
279.216696 60.00
279.285961 60.00
279.346965 60.00
279.405970 60.00
279.470112 60.00
279.534699 60.00
279.595326 60.00
279.660207 60.00
279.721324 60.00
279.781452 60.00
279.840096 60.00
279.913330 60.00
279.973212 60.00
280.038206 60.00
280.102981 60.00
280.162783 60.00
280.227745 60.00
280.284880 60.00
280.362957 60.00
280.428975 60.00
280.500839 60.00
280.565747 60.00
280.621336 60.00
280.676713 60.00
280.746709 60.00
280.806461 60.00
280.861594 60.00
280.926343 60.00
280.980879 60.00
281.042090 60.00
281.096333 60.00
281.159832 60.00
281.213100 60.00
281.277209 60.00
281.360099 60.00
281.432334 60.00
281.486101 60.00
281.556105 60.00
281.616856 60.00
281.681223 60.00
281.735088 60.00
281.796115 60.00
281.855594 60.00
281.925089 60.00
281.984751 60.00
282.049765 60.00
282.114786 60.00
282.179789 60.00
282.248599 60.00
282.302340 60.00
282.366595 60.00
282.436105 60.00
282.497475 60.00
282.557223 60.00
282.616781 60.00
282.681785 60.00
282.740968 60.00
282.819227 60.00
282.878608 60.00
282.933622 60.00
282.991976 60.00
283.071852 60.00
283.132785 60.00
283.197737 60.00
283.262352 60.00
283.312776 60.00
283.377772 60.00
283.442113 60.00
283.512231 60.00
283.571857 60.00
283.638486 60.00
283.698238 60.00
283.752776 60.00
283.812236 60.00
283.868488 60.00
283.928245 60.00
283.992770 60.00
284.052114 60.00
284.121764 60.00
284.188486 60.00
284.253111 60.00
284.313873 60.00
284.378241 60.00
284.432486 60.00
284.486358 60.00
284.547020 60.00
284.608488 60.00
284.673128 60.00
284.727001 60.00
284.786109 60.00
284.844763 60.00
284.915235 60.00
284.973877 60.00
285.044235 60.00
285.102876 60.00
285.173236 60.00
285.233627 60.00
285.302765 60.00
285.366767 60.00
285.431006 60.00
285.485881 60.00
285.542875 60.00
285.612241 60.00
285.662624 60.00
285.727623 60.00
285.788246 60.00
285.838620 60.00
285.908656 60.00
285.974877 60.00
286.046501 60.00
286.101900 60.00
286.161627 60.00
286.226627 60.00
286.290774 60.00
286.354762 60.00
286.419747 60.00
286.493892 60.00
286.557871 60.00
286.626873 60.00
286.701501 60.00
286.760636 60.00
286.830913 60.00
286.894880 60.00
286.964503 60.00
287.042378 60.00
287.111379 60.00
287.175782 60.00
287.235506 60.00
287.300656 60.00
287.367385 60.00
287.427048 60.00
287.481517 60.00
287.542906 60.00
287.602384 60.00
287.656516 60.00
287.717509 60.00
287.781507 60.00
287.850634 60.00
287.919757 60.00
287.984153 60.00
288.039383 60.00
288.099788 60.00
288.163666 60.00
288.232886 60.00
288.296912 60.00
288.366261 60.00
288.429761 60.00
288.500139 60.00
288.554783 60.00
288.619146 60.00
288.669390 60.00
288.733646 60.00
288.794395 60.00
288.854910 60.00
288.915516 60.00
288.971040 60.00
289.030518 60.00
289.090782 60.00
289.155393 60.00
289.214924 60.00
289.285150 60.00
289.349771 60.00
289.409526 60.00
289.469399 60.00
289.539397 60.00
289.603658 60.00
289.673397 60.00
289.737522 60.00
289.802048 60.00
289.860795 60.00
289.924809 60.00
289.984402 60.00
290.048928 60.00
290.114056 60.00
290.168279 60.00
290.227935 60.00
290.283928 60.00
290.343409 60.00
290.408407 60.00
290.469802 60.00
290.529411 60.00
290.590666 60.00
290.650283 60.00
290.709933 60.00
290.771164 60.00
290.830823 60.00
290.896933 60.00
290.958163 60.00
291.028414 60.00
291.088062 60.00
291.138286 60.00
291.193936 60.00
291.248417 60.00
291.313287 60.00
291.378421 60.00
291.438059 60.00
291.492659 60.00
291.547939 60.00
291.602415 60.00
291.666806 60.00
291.725939 60.00
291.790288 60.00
291.849413 60.00
291.904944 60.00
291.959292 60.00
292.024419 60.00
292.089420 60.00
292.148946 60.00
292.203427 60.00
292.268416 60.00
292.337668 60.00
292.402292 60.00
292.461418 60.00
292.530814 60.00
292.589808 60.00
292.648821 60.00
292.702829 60.00
292.767295 60.00
292.827070 60.00
292.897426 60.00
292.958679 60.00
293.023804 60.00
293.078300 60.00
293.137949 60.00
293.197857 60.00
293.257426 60.00
293.318554 60.00
293.379303 60.00
293.439623 60.00
293.499305 60.00
293.554552 60.00
293.613832 60.00
293.668306 60.00
293.725431 60.00
293.784690 60.00
293.844308 60.00
293.905305 60.00
293.962094 60.00
294.021980 60.00
294.086683 60.00
294.140961 60.00
294.191310 60.00
294.261559 60.00
294.320682 60.00
294.379887 60.00
294.439182 60.00
294.503833 60.00
294.563316 60.00
294.622560 60.00
294.697685 60.00
294.762437 60.00
294.826971 60.00
294.891960 60.00
294.956438 60.00
295.017318 60.00
295.083700 60.00
295.153698 60.00
295.223862 60.00
295.274194 60.00
295.344087 60.00
295.404633 60.00
295.463691 60.00
295.536695 60.00
295.596323 60.00
295.661328 60.00
295.722321 60.00
295.787322 60.00
295.846877 60.00
295.903864 60.00
295.958199 60.00
296.017697 60.00
296.076595 60.00
296.142696 60.00
296.203972 60.00
296.263766 60.00
296.327444 60.00
296.386869 60.00
296.443967 60.00
296.499322 60.00
296.558448 60.00
296.617745 60.00
296.674867 60.00
296.730199 60.00
296.794451 60.00
296.853459 60.00
296.913205 60.00
296.983097 60.00
297.055885 60.00
297.120765 60.00
297.181754 60.00
297.236208 60.00
297.301208 60.00
297.362080 60.00
297.426581 60.00
297.486094 60.00
297.550100 60.00
297.614211 60.00
297.673456 60.00
297.732875 60.00
297.802712 60.00
297.867099 60.00
297.942595 59.00
298.012859 59.00
298.077798 60.00
298.134773 60.00
298.199591 60.00
298.255217 60.00
298.316220 60.00
298.377089 60.00
298.434468 60.00
298.500760 60.00
298.556090 60.00
298.617468 60.00
298.683762 60.00
298.738100 60.00
298.799492 60.00
298.855219 60.00
298.914786 60.00
298.970598 60.00
299.025097 60.00
299.086351 60.00
299.152853 60.00
299.212344 60.00
299.278350 60.00
299.344227 60.00
299.399220 60.00
299.454601 60.00
299.509125 60.00
299.579114 60.00
299.649226 60.00
299.709103 60.00
299.774105 60.00
299.844232 60.00
299.914351 60.00
299.984479 60.00
300.049626 60.00
300.110872 60.00
300.175352 60.00
300.234604 60.00
300.291611 60.00
300.346113 60.00
300.411107 60.00
300.481232 60.00
300.553110 60.00
300.617637 60.00
300.672129 60.00
300.731779 60.00
300.796608 60.00
300.861033 60.00
300.931484 60.00
300.991113 60.00
301.061240 60.00
301.127359 60.00
301.187132 60.00
301.246777 60.00
301.316632 60.00
301.371143 60.00
301.436114 60.00
301.501019 60.00
301.565495 60.00
301.620021 60.00
301.685117 60.00
301.751866 60.00
301.811363 60.00
301.871117 60.00
301.933784 60.00
301.987629 60.00
302.043787 60.00
302.103620 60.00
302.159272 60.00
302.219012 60.00
302.283883 60.00
302.347881 60.00
302.411766 60.00
302.475770 60.00
302.539768 60.00
302.603767 60.00
302.662490 60.00
302.726116 60.00
302.782132 60.00
302.836757 60.00
302.895492 60.00
302.959118 60.00
303.015134 60.00
303.071133 60.00
303.131380 60.00
303.190123 60.00
303.254121 60.00
303.313370 60.00
303.382121 60.00
303.456121 60.00
303.530013 60.00
303.583247 60.00
303.647374 60.00
303.716127 60.00
303.780380 60.00
303.844501 60.00
303.898503 60.00
303.958029 60.00
304.027897 60.00
304.087379 60.00
304.156879 60.00
304.216127 60.00
304.280384 60.00
304.344753 60.00
304.414256 60.00
304.478775 60.00
304.542759 60.00
304.602513 60.00
304.661758 60.00
304.722642 60.00
304.782262 60.00
304.841260 60.00
304.902661 60.00
304.962517 60.00
305.018031 60.00
305.077135 60.00
305.136909 60.00
305.196522 60.00
305.246909 60.00
305.311911 60.00
305.371138 60.00
305.430398 60.00
305.495033 60.00
305.565271 60.00
305.631268 60.00
305.691643 60.00
305.746933 60.00
305.806143 60.00
305.870140 60.00
305.925524 60.00
305.985646 60.00
306.036786 60.00
306.093271 60.00
306.147267 60.00
306.216788 60.00
306.277398 60.00
306.341818 60.00
306.401525 60.00
306.471921 60.00
306.533158 60.00
306.608159 60.00
306.667777 60.00
306.729156 60.00
306.799282 60.00
306.858653 60.00
306.922650 60.00
306.982283 60.00
307.047154 60.00
307.106653 60.00
307.166283 60.00
307.220797 60.00
307.282176 60.00
307.343681 60.00
307.408290 60.00
307.462826 60.00
307.527808 60.00
307.592825 60.00
307.652281 60.00
307.706786 60.00
307.766291 60.00
307.820829 60.00
307.885805 60.00
307.950845 60.00
308.015853 60.00
308.080829 60.00
308.145826 60.00
308.215846 60.00
308.275162 60.00
308.334836 60.00
308.399843 60.00
308.466540 60.00
308.531162 60.00
308.596168 60.00
308.655818 60.00
308.720858 60.00
308.785834 60.00
308.845292 60.00
308.911549 60.00
308.971169 60.00
309.031668 60.00
309.092302 60.00
309.146795 60.00
309.202169 60.00
309.271945 60.00
309.336671 60.00
309.398049 60.00
309.457823 60.00
309.524549 60.00
309.584063 60.00
309.654176 60.00
309.713861 60.00
309.780557 60.00
309.840302 60.00
309.899547 60.00
309.969307 60.00
310.028547 60.00
310.098062 60.00
310.162741 60.00
310.227063 60.00
310.286066 60.00
310.345175 60.00
310.399064 60.00
310.463551 60.00
310.523180 60.00
310.577187 60.00
310.631682 60.00
310.691074 60.00
310.750072 60.00
310.815184 60.00
310.874685 60.00
310.934089 60.00
311.000184 60.00
311.054689 60.00
311.124693 60.00
311.189694 60.00
311.249309 60.00
311.300692 60.00
311.365695 60.00
311.435686 60.00
311.491191 60.00
311.545696 60.00
311.610061 60.00
311.675090 60.00
311.734695 60.00
311.795688 60.00
311.855956 60.00
311.930957 60.00
311.995199 60.00
312.049693 60.00
312.109317 60.00
312.179116 60.00
312.254698 60.00
312.318959 60.00
312.383107 60.00
312.437192 60.00
312.495956 60.00
312.560695 60.00
312.635868 60.00
312.700195 60.00
312.755853 60.00
312.822445 60.00
312.877981 60.00
312.937586 60.00
313.007744 60.00
313.077697 60.00
313.142203 60.00
313.201446 60.00
313.260579 60.00
313.314606 60.00
313.373445 60.00
313.437697 60.00
313.501854 60.00
313.565821 60.00
313.635969 60.00
313.700737 60.00
313.765101 60.00
313.829763 60.00
313.890452 60.00
313.944588 60.00
314.009591 60.00
314.074094 60.00
314.128096 60.00
314.188896 60.00
314.248096 60.00
314.307590 60.00
314.372606 60.00
314.437082 60.00
314.491592 60.00
314.556591 60.00
314.621457 60.00
314.680455 60.00
314.739205 60.00
314.793988 60.00
314.869462 60.00
314.935740 60.00
315.005598 60.00
315.080980 60.00
315.150615 60.00
315.215593 60.00
315.276859 60.00
315.346463 60.00
315.410778 60.00
315.475462 60.00
315.539462 60.00
315.598469 60.00
315.662463 60.00
315.721465 60.00
315.775596 60.00
315.841466 60.00
315.906470 60.00
315.978222 60.00
316.043113 60.00
316.098467 60.00
316.163472 60.00
316.227597 60.00
316.282477 60.00
316.342993 60.00
316.403780 60.00
316.463613 60.00
316.524500 60.00
316.593988 60.00
316.653111 60.00
316.703347 60.00
316.757494 60.00
316.822625 60.00
316.877986 60.00
316.932003 60.00
316.986485 60.00
317.051479 60.00
317.115605 60.00
317.166359 60.00
317.224998 60.00
317.284487 60.00
317.349487 60.00
317.414356 60.00
317.479127 60.00
317.545766 60.00
317.605481 60.00
317.670485 60.00
317.735483 60.00
317.804772 60.00
317.869492 60.00
317.934486 60.00
318.009485 60.00
318.075790 60.00
318.135486 60.00
318.200488 60.00
318.261491 60.00
318.326371 60.00
318.391236 60.00
318.456241 60.00
318.517023 60.00
318.567490 60.00
318.633866 60.00
318.689244 60.00
318.745010 60.00
318.805242 60.00
318.874765 60.00
318.930367 60.00
318.985869 60.00
319.045245 60.00
319.105742 60.00
319.161243 60.00
319.216886 60.00
319.281367 60.00
319.346247 60.00
319.406743 60.00
319.465665 60.00
319.526117 60.00
319.590369 60.00
319.655762 60.00
319.705668 60.00
319.765994 60.00
319.820494 60.00
319.871120 60.00
319.935496 60.00
319.991021 60.00
320.046247 60.00
320.111014 60.00
320.166021 60.00
320.221016 60.00
320.281123 60.00
320.339877 60.00
320.389874 60.00
320.448750 60.00
320.512749 60.00
320.576654 60.00
320.640652 60.00
320.704655 60.00
320.768500 60.00
320.832500 60.00
320.901750 60.00
320.965656 60.00
321.029502 60.00
321.098658 60.00
321.162658 60.00
321.231753 60.00
321.295961 60.00
321.356663 60.00
321.417692 60.00
321.483907 60.00
321.543384 60.00
321.609390 60.00
321.669818 60.00
321.724263 60.00
321.779912 60.00
321.839789 60.00
321.900930 60.00
321.951264 60.00
322.016268 60.00
322.081398 60.00
322.138517 60.00
322.198267 60.00
322.262919 60.00
322.323918 60.00
322.393669 60.00
322.452670 60.00
322.511791 60.00
322.570514 60.00
322.630272 60.00
322.695271 60.00
322.759678 60.00
322.813517 60.00
322.878275 60.00
322.942684 60.00
323.001676 60.00
323.066161 60.00
323.130704 60.00
323.200523 60.00
323.270272 60.00
323.329271 60.00
323.388523 60.00
323.452707 60.00
323.528280 60.00
323.592523 60.00
323.664280 60.00
323.734701 60.00
323.804807 60.00
323.867611 60.00
323.932529 60.00
324.002276 60.00
324.074052 60.00
324.129855 60.00
324.181704 60.00
324.236161 60.00
324.305699 60.00
324.361405 60.00
324.431530 60.00
324.495692 60.00
324.554976 60.00
324.614157 60.00
324.668163 60.00
324.729414 60.00
324.794051 60.00
324.848166 60.00
324.914930 60.00
324.974702 60.00
325.031938 60.00
325.091729 60.00
325.152821 60.00
325.213941 60.00
325.278814 60.00
325.334288 60.00
325.409053 60.00
325.464934 60.00
325.528928 60.00
325.593055 60.00
325.657836 60.00
325.727840 60.00
325.798173 60.00
325.857542 60.00
325.917172 60.00
325.982173 60.00
326.047044 60.00
326.112171 60.00
326.177172 60.00
326.236543 60.00
326.295417 60.00
326.355174 60.00
326.425177 60.00
326.490178 60.00
326.551068 60.00
326.616177 60.00
326.675837 60.00
326.745558 60.00
326.800070 60.00
326.865075 60.00
326.929298 60.00
326.993426 60.00
327.057172 60.00
327.117298 60.00
327.181427 60.00
327.245299 60.00
327.314425 60.00
327.379065 60.00
327.438075 60.00
327.499304 60.00
327.558304 60.00
327.622561 60.00
327.677078 60.00
327.738183 60.00
327.797564 60.00
327.852078 60.00
327.917081 60.00
327.981304 60.00
328.050430 60.00
328.110708 60.00
328.156306 60.00
328.220309 60.00
328.279307 59.00
328.348306 59.00
328.418058 60.00
328.476829 60.00
328.535842 60.00
328.596436 60.00
328.656081 60.00
328.720436 60.00
328.780086 60.00
328.844958 60.00
328.900449 60.00
328.970566 60.00
329.024967 60.00
329.086326 60.00
329.145962 60.00
329.205596 60.00
329.260231 60.00
329.330086 60.00
329.389586 60.00
329.445853 60.00
329.510319 60.00
329.575448 60.00
329.636450 60.00
329.695978 60.00
329.755320 60.00
329.819967 60.00
329.878847 60.00
329.934085 60.00
329.998194 60.00
330.067591 60.00
330.128324 60.00
330.187447 60.00
330.241087 60.00
330.296102 60.00
330.355089 60.00
330.415225 60.00
330.468982 60.00
330.529963 60.00
330.584967 60.00
330.634448 60.00
330.693450 60.00
330.743325 60.00
330.807449 60.00
330.871726 60.00
330.940861 60.00
330.997219 60.00
331.056328 60.00
331.116979 60.00
331.182000 60.00
331.241596 60.00
331.291982 60.00
331.356979 60.00
331.427339 60.00
331.487001 60.00
331.551978 60.00
331.616984 60.00
331.691982 60.00
331.751470 60.00
331.805981 60.00
331.870983 60.00
331.940989 60.00
332.011346 60.00
332.070860 60.00
332.130468 60.00
332.195346 60.00
332.278984 60.00
332.342867 60.00
332.415859 60.00
332.474748 60.00
332.539474 60.00
332.595763 60.00
332.655473 60.00
332.711785 60.00
332.771471 60.00
332.831005 60.00
332.890748 60.00
332.950349 60.00
333.009997 60.00
333.070785 60.00
333.130346 60.00
333.189870 60.00
333.251143 60.00
333.311863 60.00
333.366985 60.00
333.430747 60.00
333.489746 60.00
333.553632 60.00
333.614125 60.00
333.663737 60.00
333.718760 60.00
333.779223 60.00
333.839741 60.00
333.890755 60.00
333.946231 60.00
334.012357 60.00
334.071604 60.00
334.136482 60.00
334.192035 60.00
334.261875 60.00
334.321483 60.00
334.376865 60.00
334.436104 60.00
334.495119 60.00
334.550102 60.00
334.609103 60.00
334.673103 60.00
334.737119 60.00
334.796105 60.00
334.865760 60.00
334.927129 60.00
334.991733 60.00
335.056241 60.00
335.110781 60.00
335.172111 60.00
335.236764 60.00
335.298131 60.00
335.357658 60.00
335.417246 60.00
335.473676 60.00
335.527753 60.00
335.592111 60.00
335.651786 60.00
335.716763 60.00
335.781240 60.00
335.835113 60.00
335.894249 60.00
335.953616 60.00
336.014244 60.00
336.068242 60.00
336.122789 60.00
336.182242 60.00
336.241619 60.00
336.297244 60.00
336.347116 60.00
336.402241 60.00
336.452130 60.00
336.511241 60.00
336.564886 60.00
336.642623 60.00
336.708118 60.00
336.767123 60.00
336.836626 60.00
336.902120 60.00
336.957120 60.00
337.031789 60.00
337.091010 60.00
337.150124 60.00
337.205253 60.00
337.269625 60.00
337.326254 60.00
337.385876 60.00
337.469126 60.00
337.533800 60.00
337.598267 60.00
337.654506 60.00
337.714257 60.00
337.768511 60.00
337.828258 60.00
337.884512 60.00
337.944258 60.00
338.004135 60.00
338.058141 60.00
338.112638 60.00
338.172265 60.00
338.228510 60.00
338.288139 60.00
338.347827 60.00
338.418030 60.00
338.479390 60.00
338.544394 60.00
338.604139 60.00
338.658644 60.00
338.723649 60.00
338.788263 60.00
338.853040 60.00
338.918042 60.00
338.980389 60.00
339.039647 60.00
339.104516 60.00
339.168514 60.00
339.232512 60.00
339.296387 60.00
339.359905 60.00
339.430263 60.00
339.479905 60.00
339.543904 60.00
339.612780 60.00
339.681905 60.00
339.750780 60.00
339.814906 60.00
339.878783 60.00
339.953062 60.00
340.013518 60.00
340.078051 60.00
340.149920 60.00
340.213787 60.00
340.283523 60.00
340.347914 60.00
340.417153 60.00
340.481524 60.00
340.545399 60.00
340.609274 60.00
340.678843 60.00
340.743164 60.00
340.796917 60.00
340.856054 60.00
340.916797 60.00
340.981658 60.00
341.041155 60.00
341.095405 60.00
341.149662 60.00
341.214665 60.00
341.279532 60.00
341.344536 60.00
341.409536 60.00
341.479417 60.00
341.539161 60.00
341.595287 60.00
341.654283 60.00
341.713031 60.00
341.776925 60.00
341.832295 60.00
341.892056 60.00
341.953287 60.00
342.015288 60.00
342.079411 60.00
342.138928 60.00
342.203078 60.00
342.257541 60.00
342.332938 60.00
342.402943 60.00
342.469065 60.00
342.523416 60.00
342.577057 60.00
342.636198 60.00
342.705808 60.00
342.770548 60.00
342.830177 60.00
342.899814 60.00
342.969541 60.00
343.044936 60.00
343.114550 60.00
343.179421 60.00
343.249420 60.00
343.314071 60.00
343.378961 60.00
343.448816 60.00
343.518420 60.00
343.572548 60.00
343.641949 60.00
343.712175 60.00
343.782069 60.00
343.835955 60.00
343.890428 60.00
343.953302 60.00
344.012559 60.00
344.075304 60.00
344.135079 60.00
344.186718 60.00
344.246431 60.00
344.311433 60.00
344.366929 60.00
344.421433 60.00
344.482694 60.00
344.537825 60.00
344.597435 60.00
344.657086 60.00
344.708723 60.00
344.787435 60.00
344.857437 60.00
344.927436 60.00
344.997076 60.00
345.047434 60.00
345.111714 60.00
345.170712 60.00
345.230309 60.00
345.289321 60.00
345.359436 60.00
345.429311 60.00
345.500442 60.00
345.570446 60.00
345.635439 60.00
345.705443 60.00
345.780564 60.00
345.849692 60.00
345.913842 60.00
345.969695 60.00
346.034699 60.00
346.094443 60.00
346.155695 60.00
346.225970 60.00
346.280320 60.00
346.341569 60.00
346.410692 60.00
346.479691 60.00
346.545567 60.00
346.619566 60.00
346.688582 60.00
346.763319 60.00
346.827193 60.00
346.896446 60.00
346.970699 60.00
347.040219 60.00
347.099857 60.00
347.160322 60.00
347.219325 60.00
347.288321 60.00
347.342326 60.00
347.412328 60.00
347.467581 60.00
347.531582 60.00
347.592100 60.00
347.661091 60.00
347.725881 60.00
347.787100 60.00
347.849093 60.00
347.919206 60.00
347.991098 60.00
348.055336 60.00
348.120216 60.00
348.195456 60.00
348.256336 60.00
348.316000 60.00
348.385742 60.00
348.447102 60.00
348.501340 60.00
348.565590 60.00
348.630462 60.00
348.689882 60.00
348.749086 60.00
348.818588 60.00
348.884854 60.00
348.938776 60.00
349.010601 60.00
349.070340 60.00
349.140345 60.00
349.201660 60.00
349.255590 60.00
349.320216 60.00
349.374225 60.00
349.433590 60.00
349.492848 60.00
349.547227 60.00
349.606597 60.00
349.665592 60.00
349.729763 60.00
349.788745 60.00
349.852743 60.00
349.911470 60.00
349.976599 60.00
350.040466 60.00
350.104471 60.00
350.168595 60.00
350.224476 60.00
350.284225 60.00
350.343472 60.00
350.403228 60.00
350.468119 60.00
350.527097 60.00
350.582774 60.00
350.637234 60.00
350.701475 60.00
350.764001 60.00
350.824797 60.00
350.884227 60.00
350.943226 60.00
351.002225 60.00
351.072100 60.00
351.136227 60.00
351.195237 60.00
351.254637 60.00
351.308788 60.00
351.363233 60.00
351.424232 60.00
351.484638 60.00
351.554859 60.00
351.615658 60.00
351.669648 60.00
351.745248 60.00
351.804779 60.00
351.869490 60.00
351.929245 60.00
351.988486 60.00
352.049491 60.00
352.115799 60.00
352.172652 60.00
352.232367 60.00
352.299005 60.00
352.354657 60.00
352.410244 60.00
352.473139 60.00
352.532780 60.00
352.583136 60.00
352.647933 60.00
352.712364 60.00
352.773369 60.00
352.833153 60.00
352.892656 60.00
352.948873 60.00
353.008654 60.00
353.063022 60.00
353.122690 60.00
353.182152 60.00
353.247139 60.00
353.312145 60.00
353.377161 60.00
353.442140 60.00
353.507245 60.00
353.577125 60.00
353.636688 60.00
353.691146 60.00
353.766376 60.00
353.831017 60.00
353.894888 60.00
353.954498 60.00
354.013818 60.00
354.078789 60.00
354.143669 60.00
354.213508 60.00
354.283822 60.00
354.348773 60.00
354.413812 60.00
354.478811 60.00
354.543686 60.00
354.598148 60.00
354.663269 60.00
354.733512 60.00
354.798515 60.00
354.859509 60.00
354.924513 60.00
354.989701 60.00
355.046676 60.00
355.101035 60.00
355.160950 60.00
355.218387 60.00
355.278037 60.00
355.343028 60.00
355.404388 60.00
355.464038 60.00
355.525271 60.00
355.590034 60.00
355.651156 60.00
355.712395 60.00
355.778262 60.00
355.847781 60.00
355.902144 60.00
355.952761 60.00
356.011511 60.00
356.065268 60.00
356.120388 60.00
356.180666 60.00
356.226387 60.00
356.280387 60.00
356.334140 60.00
356.394264 60.00
356.458139 60.00
356.508782 60.00
356.568523 60.00
356.622784 60.00
356.691519 60.00
356.745268 60.00
356.810042 60.00
356.874273 60.00
356.943789 60.00
357.008269 60.00
357.072269 60.00
357.131270 60.00
357.195144 60.00
357.264270 60.00
357.323146 60.00
357.397039 60.00
357.455789 60.00
357.519788 60.00
357.588787 60.00
357.657523 60.00
357.721790 60.00
357.785791 60.00
357.854791 60.00
357.918792 60.00
357.977400 60.00
358.046025 60.00
358.099275 60.00
358.173026 60.00
358.228026 60.00
358.281276 60.00
358.355027 60.00
358.409902 60.00
358.469903 60.00
358.529903 60.00
358.589904 60.00
358.649905 60.00
358.709905 60.00
358.763155 60.00
358.833530 60.00
358.897031 60.00
358.951911 60.00
359.005156 60.00
359.075532 60.00
359.130536 60.00
359.176034 60.00
359.234411 60.00
359.294537 60.00
359.340038 60.00
359.389413 60.00
359.449536 60.00
359.495042 60.00
359.545663 60.00
359.609163 60.00
359.682918 60.00
359.736165 60.00
359.809917 60.00
359.863173 60.00
359.936919 60.00
359.990168 60.00
360.058926 60.00
360.112170 60.00
360.185920 60.00
360.239174 60.00
360.312917 60.00
360.366168 60.00
360.439923 60.00
360.493170 60.00
360.566926 60.00
360.620825 60.00
360.680174 60.00
360.741065 60.00
360.800309 60.00
360.864706 60.00
360.923706 60.00
360.988308 60.00
361.042299 60.00
361.096177 60.00
361.155301 60.00
361.214822 60.00
361.279178 60.00
361.338302 60.00
361.402947 60.00
361.469091 60.00
361.528191 60.00
361.594073 60.00
361.658181 60.00
361.722834 60.00
361.792183 60.00
361.861179 60.00
361.930683 60.00
361.994719 60.00
362.049713 60.00
362.104685 60.00
362.168684 60.00
362.225074 60.00
362.280442 60.00
362.335560 60.00
362.394692 60.00
362.460321 60.00
362.524688 60.00
362.589442 60.00
362.649957 60.00
362.721691 60.00
362.783090 60.00
362.853196 60.00
362.928324 60.00
362.982862 60.00
363.049585 60.00
363.114324 60.00
363.179089 60.00
363.245595 60.00
363.315326 60.00
363.371583 60.00
363.431201 60.00
363.495582 60.00
363.551324 60.00
363.616107 60.00
363.676838 60.00
363.741756 60.00
363.811842 60.00
363.870952 60.00
363.930329 60.00
363.986451 60.00
364.056592 60.00
364.110764 60.00
364.175742 60.00
364.235330 60.00
364.299588 60.00
364.355205 60.00
364.409771 60.00
364.474583 60.00
364.535332 60.00
364.590582 60.00
364.651093 60.00
364.706089 60.00
364.761748 60.00
364.821209 60.00
364.871206 60.00
364.921205 60.00
364.971203 60.00
365.025203 60.00
365.075204 60.00
365.130586 60.00
365.196221 60.00
365.260585 60.00
365.326100 60.00
365.381099 60.00