0.000000 0.000000
0.057997 62.00
0.118998 61.00
0.188739 61.00
0.252236 62.00
0.325985 62.00
0.379234 62.00
0.449611 62.00
0.495110 62.00
0.545736 62.00
0.609236 61.00
0.682987 61.00
0.743561 62.00
0.798128 62.00
0.858000 62.00
0.928566 62.00
0.982998 62.00
1.042245 62.00
1.106243 61.00
1.183884 61.00
1.242243 62.00
1.311243 62.00
1.383909 62.00
1.445253 61.00
1.504763 61.00
1.563762 62.00
1.636246 62.00
1.704996 62.00
1.758246 62.00
1.826886 62.00
1.895888 62.00
1.964889 61.00
2.046998 61.00
2.118749 62.00
2.183875 62.00
2.243874 62.00
2.303875 62.00
2.357125 62.00
2.422251 62.00
2.487502 61.00
2.540752 61.00
2.599127 62.00
2.667753 62.00
2.726129 61.00
2.800003 61.00
2.849383 61.00
2.909506 61.00
2.955005 62.00
3.004384 62.00
3.064506 62.00
3.110006 62.00
3.160632 62.00
3.224132 61.00
3.297883 61.00
3.351133 61.00
3.424884 61.00
3.478135 61.00
3.551885 62.00
3.605135 62.00
3.678886 61.00
3.732136 61.00
3.805887 61.00
3.887888 61.00
3.941138 62.00
4.014889 62.00
4.068139 61.00
4.141890 61.00
4.210641 61.00
4.274141 61.00
4.347892 62.00
4.401141 62.00
4.474893 62.00
4.529892 62.00
4.583143 62.00
4.656894 62.00
4.710144 62.00
4.783895 62.00
4.838771 62.00
4.897145 62.00
4.970896 61.00
5.025772 61.00
5.085772 61.00
5.145772 61.00
5.199023 61.00
5.264148 61.00
5.337900 61.00
5.392775 61.00
5.446025 61.00
5.516402 61.00
5.571402 61.00
5.616902 61.00
5.671777 62.00
5.725027 62.00
5.798778 61.00
5.852028 61.00
5.925780 61.00
5.979029 61.00
6.052781 62.00
6.106030 62.00
6.179781 61.00
6.233032 61.00
6.306907 61.00
6.357532 61.00
6.421033 61.00
6.494784 61.00
6.548034 62.00
6.621909 62.00
6.690535 61.00
6.754035 61.00
6.827786 62.00
6.881037 62.00
6.954787 61.00
7.008039 61.00
7.081789 61.00
7.135040 61.00
7.208790 62.00
7.263790 62.00
7.318791 62.00
7.372042 62.00
7.445792 61.00
7.500668 61.00
7.559042 61.00
7.632793 61.00
7.687668 61.00
7.747669 61.00
7.807669 61.00
7.867670 61.00
7.927670 61.00
7.987671 61.00
8.047671 62.00
8.116423 62.00
8.179922 61.00
8.250298 61.00
8.305298 62.00
8.360298 62.00
8.415299 62.00
8.470299 62.00
8.525299 62.00
8.570800 62.00
8.634427 62.00
8.697926 62.00
8.771677 62.00
8.824927 62.00
8.893678 62.00
8.946928 62.00
9.020679 62.00
9.073930 61.00
9.147680 61.00
9.200930 62.00
9.274681 61.00
9.327931 61.00
9.401682 61.00
9.454932 61.00
9.523683 62.00
9.576934 62.00
9.650684 61.00
9.703935 61.00
9.777685 61.00
9.830935 61.00
9.904686 62.00
9.957936 62.00
10.031688 62.00
10.084937 62.00
10.153688 61.00
10.206938 61.00
10.280689 62.00
10.335565 62.00
10.395565 61.00
10.453940 61.00
10.527692 61.00
10.582567 61.00
10.642567 61.00
10.702568 61.00
10.767819 61.00
10.817569 61.00
10.870819 61.00
10.935944 61.00
11.001195 61.00
11.055696 61.00
11.114070 61.00
11.174196 61.00
11.228696 61.00
11.279322 61.00
11.342822 61.00
11.413198 62.00
11.458698 62.00
11.509324 62.00
11.572825 62.00
11.646575 62.00
11.699826 62.00
11.773576 62.00
11.826827 62.00
11.900577 61.00
11.953828 61.00
12.027578 62.00
12.080829 62.00
12.154579 62.00
12.207830 62.00
12.281580 61.00
12.334831 61.00
12.408581 62.00
12.461831 62.00
12.535583 61.00
12.590583 61.00
12.643833 61.00
12.717584 61.00
12.770834 61.00
12.844585 61.00
12.897835 61.00
12.971586 61.00
13.024836 62.00
13.098586 62.00
13.153464 62.00
13.211837 62.00
13.285588 61.00
13.340465 61.00
13.400466 62.00
13.460466 62.00
13.520467 62.00
13.583965 62.00
13.652591 62.00
13.710966 62.00
13.779593 61.00
13.834468 61.00
13.887718 61.00
13.958094 61.00
14.013094 61.00
14.067595 61.00
14.125970 61.00
14.189472 61.00
14.242721 61.00
14.313096 61.00
14.358597 61.00
14.407973 61.00
14.471473 61.00
14.529849 62.00
14.598475 62.00
14.651724 62.00
14.725477 62.00
14.778725 62.00
14.852477 62.00
14.905726 62.00
14.979478 62.00
15.032727 62.00
15.106479 62.00
15.159728 62.00
15.233481 62.00
15.286729 62.00
15.360481 62.00
15.413730 61.00
15.487483 61.00
15.540731 61.00
15.614483 61.00
15.669484 62.00
15.724485 62.00
15.777733 61.00
15.851486 61.00
15.906359 62.00
15.964735 62.00
16.038487 62.00
16.093361 62.00
16.153361 61.00
16.213361 61.00
16.273362 61.00
16.333363 61.00
16.386613 61.00
16.456989 61.00
16.520490 62.00
16.575365 62.00
16.628615 61.00
16.698990 61.00
16.753991 62.00
16.808991 62.00
16.863991 62.00
16.922367 62.00
16.975618 62.00
17.045994 62.00
17.091494 62.00
17.149869 62.00
17.209995 62.00
17.255495 61.00
17.306120 61.00
17.369621 62.00
17.443377 62.00
17.501872 61.00
17.565376 61.00
17.618623 62.00
17.692377 62.00
17.745624 62.00
17.819379 62.00
17.872625 62.00
17.946380 62.00
17.999626 62.00
18.073380 62.00
18.126627 62.00
18.200381 62.00
18.253628 61.00
18.327384 61.00
18.380629 61.00
18.454382 61.00
18.507630 61.00
18.581383 61.00
18.634631 62.00
18.708383 62.00
18.763257 62.00
18.823258 62.00
18.883258 61.00
18.943258 61.00
19.003260 61.00
19.072135 61.00
19.135902 62.00
19.190651 62.00
19.255902 61.00
19.316137 61.00
19.374903 61.00
19.420538 61.00
19.489420 62.00
19.553423 62.00
19.617422 62.00
19.681542 62.00
19.745542 61.00
19.814542 61.00
19.878666 61.00
19.947423 61.00
20.011422 62.00
20.075546 62.00
20.149395 62.00
20.218671 62.00
20.282547 62.00
20.346548 62.00
20.410545 62.00
20.479397 62.00
20.548546 62.00
20.622399 62.00
20.691400 62.00
20.760551 62.00
20.824548 62.00
20.893401 62.00
20.967428 62.00
21.041402 61.00
21.115402 62.00
21.184404 62.00
21.258553 62.00
21.332428 62.00
21.406405 61.00
21.480405 62.00
21.549406 62.00
21.618407 62.00
21.692407 62.00
21.766408 62.00
21.840409 62.00
21.914435 62.00
21.983426 62.00
22.038410 62.00
22.107411 62.00
22.171411 62.00
22.235285 61.00
22.304436 61.00
22.373413 62.00
22.433925 62.00
22.492539 62.00
22.557788 62.00
22.603289 62.00
22.673789 62.00
22.719290 62.00
22.788290 62.00
22.857565 62.00
22.921431 62.00
22.990418 62.00
23.059569 62.00
23.123419 62.00
23.192419 62.00
23.256420 62.00
23.320421 62.00
23.389421 61.00
23.458421 61.00
23.522296 62.00
23.591297 62.00
23.655423 62.00
23.724424 62.00
23.793424 62.00
23.857299 62.00
23.926425 62.00
23.995550 62.00
24.056301 62.00
24.125301 62.00
24.194302 62.00
24.263428 62.00
24.332428 62.00
24.396303 62.00
24.462053 61.00
24.525930 61.00
24.600555 61.00
24.664306 61.00
24.733306 62.00
24.797306 62.00
24.861307 61.00
24.925308 61.00
24.989308 62.00
25.048309 62.00
25.112309 62.00
25.176310 62.00
25.240310 61.00
25.304310 61.00
25.363311 62.00
25.427312 62.00
25.491312 62.00
25.555313 62.00
25.619312 61.00
25.678314 61.00
25.742314 62.00
25.806189 62.00
25.875315 61.00
25.939316 61.00
26.003316 61.00
26.067317 61.00
26.126317 61.00
26.190318 61.00
26.254318 61.00
26.318318 61.00
26.382445 62.00
26.441319 62.00
26.505320 62.00
26.569321 62.00
26.633322 62.00
26.697322 62.00
26.756322 62.00
26.820323 62.00
26.884323 62.00
26.948324 62.00
27.012450 62.00
27.071325 62.00
27.135325 62.00
27.199326 61.00
27.263326 61.00
27.327327 62.00
27.386327 62.00
27.450327 62.00
27.514328 62.00
27.578329 61.00
27.637079 61.00
27.687719 61.00
27.746330 62.00
27.815206 62.00
27.884206 62.00
27.949608 62.00
27.995082 62.00
28.045724 62.00
28.104333 62.00
28.164611 62.00
28.210083 62.00
28.262608 62.00
28.326850 62.00
28.395852 62.00
28.459849 62.00
28.523852 62.00
28.577337 61.00
28.645962 61.00
28.699464 61.00
28.749088 61.00
28.812730 61.00
28.871340 62.00
28.935214 62.00
29.004215 62.00
29.073215 62.00
29.142217 62.00
29.211092 62.00
29.280092 62.00
29.354218 62.00
29.417968 62.00
29.471470 62.00
29.525094 62.00
29.590345 62.00
29.653971 62.00
29.709227 62.00
29.769346 62.00
29.832972 62.00
29.888228 62.00
29.957223 62.00
30.026224 62.00
30.094974 62.00
30.153864 62.00
30.219106 62.00
30.269108 62.00
30.328101 62.00
30.397227 62.00
30.460977 62.00
30.512109 62.00
30.559479 62.00
30.609104 62.00
30.679479 62.00
30.729104 62.00
30.799496 62.00
30.845106 62.00
30.913980 62.00
30.969997 62.00
31.025997 62.00
31.094982 62.00
31.150999 62.00
31.207000 62.00
31.262997 62.00
31.322984 62.00
31.386984 62.00
31.443000 62.00
31.516875 62.00
31.570236 62.00
31.638877 62.00
31.697362 62.00
31.755876 62.00
31.809113 62.00
31.877988 62.00
31.951878 62.00
32.010364 62.00
32.068990 62.00
32.142991 62.00
32.216991 62.00
32.290991 62.00
32.364992 62.00
32.430243 61.00
32.493993 61.00
32.562882 62.00
32.617883 62.00
32.689995 61.00
32.763886 61.00
32.818746 62.00
32.878747 62.00
32.938747 62.00
32.998747 62.00
33.051998 62.00
33.112123 62.00
33.172377 62.00
33.239525 62.00
33.308523 62.00
33.372651 62.00
33.431001 62.00
33.496382 62.00
33.546002 62.00
33.614891 62.00
33.671385 62.00
33.726385 62.00
33.772004 62.00
33.835895 62.00
33.921384 62.00
33.967131 62.00
34.035895 62.00
34.091896 62.00
34.147895 62.00
34.203898 62.00
34.259900 62.00
34.315899 62.00
34.371897 62.00
34.440901 62.00
34.510010 62.00
34.578900 62.00
34.652901 62.00
34.717902 62.00
34.786902 62.00
34.852012 62.00
34.920903 62.00
34.989903 62.00
35.058903 62.00
35.133014 62.00
35.206905 61.00
35.275904 61.00
35.350016 62.00
35.423909 62.00
35.497909 62.00
35.566893 62.00
35.635894 62.00
35.700019 62.00
35.768909 62.00
35.833021 62.00
35.896911 62.00
35.960912 62.00
36.024911 62.00
36.093913 62.00
36.157913 62.00
36.221912 62.00
36.285912 62.00
36.349915 62.00
36.414025 62.00
36.477913 62.00
36.541915 62.00
36.605917 62.00
36.669918 62.00
36.728918 62.00
36.792918 62.00
36.856917 62.00
36.920918 62.00
36.984919 62.00
37.048920 62.00
37.112922 62.00
37.177031 62.00
37.240921 62.00
37.304921 62.00
37.368921 62.00
37.432922 62.00
37.496925 62.00
37.551925 62.00
37.615924 62.00
37.690411 62.00
37.754562 62.00
37.818412 62.00
37.882413 62.00
37.946413 62.00
38.010415 62.00
38.080038 62.00
38.133913 62.00
38.208416 62.00
38.267416 62.00
38.331417 62.00
38.390417 62.00
38.449418 62.00
38.513419 62.00
38.572418 62.00
38.626042 62.00
38.684934 62.00
38.743810 62.00
38.807684 62.00
38.857045 62.00
38.915934 62.00
38.979935 62.00
39.034684 62.00
39.093422 62.00
39.148297 62.00
39.212423 62.00
39.276424 62.00
39.340424 62.00
39.395299 62.00
39.464425 62.00
39.528426 62.00
39.592426 62.00
39.656430 62.00
39.720690 62.00
39.771301 62.00
39.835428 62.00
39.899430 62.00
39.954303 62.00
40.023430 62.00
40.074304 62.00
40.143431 62.00
40.207431 62.00
40.271432 62.00
40.335434 62.00
40.399698 62.00
40.464932 62.00
40.528949 62.00
40.593059 62.00
40.651948 62.00
40.715935 62.00
40.779948 62.00
40.838699 62.00
40.907576 62.00
40.962812 62.00
41.026578 62.00
41.095579 62.00
41.150814 62.00
41.214579 62.00
41.283581 62.00
41.342189 62.00
41.405940 62.00
41.464705 62.00
41.533581 62.00
41.592191 62.00
41.655942 62.00
41.714584 62.00
41.783584 62.00
41.852585 62.00
41.907194 62.00
41.975959 62.00
42.029710 62.00
42.103584 62.00
42.154321 62.00
42.212947 62.00
42.271586 62.00
42.322323 62.00
42.380948 62.00
42.430712 62.00
42.499588 62.00
42.568590 62.00
42.619324 62.00
42.677950 62.00
42.736592 62.00
42.810592 62.00
42.879592 62.00
42.939327 62.00
43.003203 62.00
43.072204 62.00
43.135954 62.00
43.194595 62.00
43.263595 62.00
43.327595 62.00
43.401595 62.00
43.470598 62.00
43.539597 62.00
43.608459 62.00
43.672598 62.00
43.731334 62.00
43.800858 62.00
43.859485 62.00
43.930210 62.00
43.985488 62.00
44.055961 62.00
44.114850 62.00
44.173489 62.00
44.244088 62.00
44.307727 62.00
44.372964 62.00
44.431855 62.00
44.490482 62.00
44.560965 62.00
44.614481 62.00
44.684967 62.00
44.738483 62.00
44.803967 62.00
44.849608 62.00
44.913609 62.00
44.977484 62.00
45.041485 62.00
45.105487 62.00
45.169485 62.00
45.233486 62.00
45.302610 62.00
45.371612 62.00
45.435473 62.00
45.499475 62.00
45.563474 62.00
45.627474 62.00
45.696625 62.00
45.760476 62.00
45.834626 62.00
45.898477 62.00
45.972629 62.00
46.046478 62.00
46.120479 62.00
46.194479 62.00
46.263480 62.00
46.332481 62.00
46.406629 62.00
46.480632 62.00
46.554633 62.00
46.618621 62.00
46.692634 62.00
46.766634 62.00
46.840636 62.00
46.914485 62.00
46.978487 62.00
47.052487 62.00
47.121627 62.00
47.185487 62.00
47.254488 62.00
47.319987 62.00
47.378489 62.00
47.438989 62.00
47.508113 62.00
47.561489 62.00
47.626990 62.00
47.690755 62.00
47.749366 62.00
47.814992 62.00
47.873492 62.00
47.933993 62.00
47.997757 62.00
48.057868 62.00
48.103374 62.00
48.153994 62.00
48.217495 62.00
48.286245 62.00
48.340996 62.00
48.399526 62.00
48.463652 62.00
48.527380 62.00
48.596381 62.00
48.655534 62.00
48.719655 62.00
48.783527 62.00
48.852530 62.00
48.917261 62.00
48.982256 62.00
49.046537 62.00
49.105533 62.00
49.174893 62.00
49.229262 62.00
49.290389 62.00
49.349540 62.00
49.413659 62.00
49.477644 62.00
49.539012 62.00
49.603663 62.00
49.662660 62.00
49.721533 62.00
49.785643 62.00
49.837262 62.00
49.901387 62.00
49.965260 62.00
50.016010 62.00
50.076398 62.00
50.141267 62.00
50.205547 62.00
50.264543 62.00
50.323396 62.00
50.382797 62.00
50.433017 62.00
50.497141 62.00
50.553906 62.00
50.618014 62.00
50.677026 62.00
50.752423 62.00
50.811404 62.00
50.875399 62.00
50.930546 62.00
50.995151 62.00
51.060022 62.00
51.120271 62.00
51.184430 62.00
51.254025 62.00
51.318440 62.00
51.388022 62.00
51.446786 62.00
51.505550 62.00
51.564452 62.00
51.634025 62.00
51.698149 62.00
51.756899 62.00
51.815554 62.00
51.869575 62.00
51.934027 62.00
51.989276 62.00
52.058555 62.00
52.122575 62.00
52.177030 62.00
52.243278 62.00
52.307555 62.00
52.366279 62.00
52.430676 62.00
52.495032 62.00
52.559156 62.00
52.619560 62.00
52.678281 62.00
52.737286 62.00
52.798327 62.00
52.864833 62.00
52.924286 62.00
52.990668 62.00
53.056043 62.00
53.118940 62.00
53.178288 62.00
53.243673 62.00
53.310174 62.00
53.371175 62.00
53.431935 62.00
53.492291 62.00
53.556444 62.00
53.615289 62.00
53.674289 62.00
53.738040 62.00
53.796915 62.00
53.855951 62.00
53.920041 62.00
53.973290 62.00
54.042166 62.00
54.111446 62.00
54.170293 62.00
54.234446 62.00
54.298043 62.00
54.367046 62.00
54.425938 62.00
54.489937 62.00
54.543295 62.00
54.607450 62.00
54.666047 62.00
54.719452 62.00
54.783172 62.00
54.852301 62.00
54.909303 62.00
54.979050 62.00
55.037942 62.00
55.096941 62.00
55.152176 62.00
55.221301 62.00
55.285053 62.00
55.349053 62.00
55.407819 62.00
55.466929 62.00
55.530697 62.00
55.594309 62.00
55.658804 62.00
55.728180 62.00
55.793306 62.00
55.857060 62.00
55.916682 62.00
55.980182 62.00
56.050722 62.00
56.109461 62.00
56.168059 62.00
56.226464 62.00
56.286559 62.00
56.332186 62.00
56.402583 62.00
56.457834 62.00
56.517072 62.00
56.581189 62.00
56.650192 62.00
56.714065 62.00
56.782938 62.00
56.841480 62.00
56.902194 62.00
56.966954 62.00
57.026077 62.00
57.095987 62.00
57.160950 62.00
57.231075 62.00
57.295324 62.00
57.363945 62.00
57.417319 62.00
57.480945 62.00
57.539472 62.00
57.598075 62.00
57.657203 62.00
57.721201 62.00
57.784948 62.00
57.839839 62.00
57.898840 62.00
57.958949 62.00
58.017711 62.00
58.082950 62.00
58.141714 62.00
58.206966 62.00
58.270718 62.00
58.335952 62.00
58.388482 62.00
58.434202 62.00
58.507955 62.00
58.562831 62.00
58.616081 62.00
58.686459 62.00
58.741459 62.00
58.786957 62.00
58.841874 62.00
58.906856 62.00
58.975960 62.00
59.028492 62.00
59.074207 62.00
59.139458 62.00
59.184958 62.00
59.244208 62.00
59.312853 62.00
59.366875 62.00
59.425964 62.00
59.491490 62.00
59.551336 62.00
59.609961 62.00
59.678837 62.00
59.732338 62.00
59.785963 62.00
59.859854 62.00
59.913339 62.00
59.966965 62.00
60.017607 62.00
60.076341 62.00
60.129966 62.00
60.198842 62.00
60.252342 62.00
60.305967 62.00
60.374968 62.00
60.448844 62.00
60.504123 62.00
60.567848 62.00
60.621098 62.00
60.694847 62.00
60.749850 62.00
60.804849 62.00
60.859849 62.00
60.914862 62.00
60.970000 62.00
61.020001 62.00
61.070004 62.00
61.123614 62.00
61.183866 62.00
61.239004 62.00
61.293235 62.00
61.354356 62.00
61.409871 62.00
61.468616 62.00
61.532508 62.00
61.601508 62.00
61.662489 62.00
61.722872 62.00
61.777510 62.00
61.841507 62.00
61.905622 62.00
61.969510 62.00
62.024486 62.00
62.093486 62.00
62.152231 62.00
62.215857 62.00
62.266484 62.00
62.329982 62.00
62.394113 62.00
62.452878 62.00
62.516875 62.00
62.590877 62.00
62.641486 62.00
62.699986 62.00
62.764643 62.00
62.831031 62.00
62.890116 62.00
62.954239 62.00
63.012879 62.00
63.078115 62.00
63.138997 62.00
63.202991 62.00
63.271881 62.00
63.340757 62.00
63.401021 62.00
63.464758 62.00
63.528762 62.00
63.589021 62.00
63.652495 62.00
63.712762 62.00
63.772995 62.00
63.847128 62.00
63.907906 62.00
63.956526 62.00
64.011651 62.00
64.064873 62.00
64.133889 62.00
64.199252 62.00
64.254252 62.00
64.309252 62.00
64.364252 62.00
64.418753 62.00
64.469381 62.00
64.532879 62.00
64.601877 62.00
64.665894 62.00
64.729894 62.00
64.793894 62.00
64.864254 62.00
64.909895 62.00
64.973895 62.00
65.047658 62.00
65.111383 62.00
65.175383 62.00
65.234131 62.00
65.293139 62.00
65.357388 62.00
65.421384 62.00
65.480134 62.00
65.543634 62.00
65.612387 62.00
65.676792 62.00
65.745904 62.00
65.819761 62.00
65.893637 62.00
65.962888 62.00
66.022040 62.00
66.085641 62.00
66.138891 62.00
66.212642 62.00
66.265892 62.00
66.339644 62.00
66.394641 62.00
66.458427 62.00
66.527430 62.00
66.582547 62.00
66.637547 62.00
66.701429 62.00
66.760430 62.00
66.815548 62.00
66.875798 62.00
66.934397 62.00
67.008271 62.00
67.072429 62.00
67.131446 62.00
67.192148 62.00
67.257273 62.00
67.321401 62.00
67.390430 62.00
67.446792 62.00
67.507443 62.00
67.558432 62.00
67.618901 62.00
67.683026 62.00
67.736792 62.00
67.810543 62.00
67.870918 62.00
67.936279 62.00
68.000435 62.00
68.064279 62.00
68.117780 62.00
68.186799 62.00
68.251040 62.00
68.314663 62.00
68.383284 62.00
68.446785 62.00
68.520536 62.00
68.584284 62.00
68.648284 62.00
68.712284 62.00
68.781927 62.00
68.840801 62.00
68.899911 62.00
68.963802 62.00
69.022681 62.00
69.086788 62.00
69.145807 62.00
69.204807 62.00
69.268807 62.00
69.332806 62.00
69.396808 62.00
69.455807 62.00
69.519809 62.00
69.578807 62.00
69.637810 62.00
69.696793 62.00
69.760811 62.00
69.815794 62.00
69.874545 62.00
69.923920 62.00
69.973813 62.00
70.034046 62.00
70.092813 62.00
70.147796 62.00
70.206813 62.00
70.261813 62.00
70.316816 62.00
70.371830 62.00
70.446799 62.00
70.501549 62.00
70.572050 62.00
70.617550 62.00
70.668301 62.00
70.721181 62.00
70.781306 62.00
70.836301 62.00
70.887176 62.00
70.950678 62.00
71.024428 62.00
71.077684 62.00
71.151565 62.00
71.202181 62.00
71.265680 62.00
71.339431 62.00
71.392681 62.00
71.466432 62.00
71.519687 62.00
71.593824 62.00
71.652559 62.00
71.721309 62.00
71.795466 62.00
71.869560 62.00
71.943936 62.00
71.997937 62.00
72.051579 62.00
72.122187 62.00
72.187312 62.00
72.242591 62.00
72.306440 62.00
72.371939 62.00
72.430578 62.00
72.501064 62.00
72.564832 62.00
72.623443 62.00
72.678193 62.00
72.737192 62.00
72.800943 62.00
72.850585 62.00
72.905585 62.00
72.974598 62.00
73.040207 62.00
73.093706 62.00
73.158950 62.00
73.213451 62.00
73.264073 62.00
73.327576 62.00
73.396855 62.00
73.451329 62.00
73.515826 62.00
73.574846 62.00
73.633840 62.00
73.697574 62.00
73.763605 62.00
73.823332 62.00
73.893204 62.00
73.952203 62.00
74.005844 62.00
74.064845 62.00
74.128836 62.00
74.187595 62.00
74.256595 62.00
74.326608 62.00
74.395331 62.00
74.469457 62.00
74.534847 62.00
74.593849 62.00
74.657601 62.00
74.726612 62.00
74.795611 62.00
74.859852 62.00
74.918585 62.00
74.992336 62.00
75.066616 62.00
75.136212 62.00
75.205476 62.00
75.260591 62.00
75.329857 62.00
75.384964 62.00
75.443589 62.00
75.503965 62.00
75.567605 62.00
75.631608 62.00
75.695345 62.00
75.755970 62.00
75.819719 62.00
75.879846 62.00
75.934346 62.00
75.984970 62.00
76.048474 62.00
76.118847 62.00
76.164346 62.00
76.239355 62.00
76.309358 62.00
76.384478 62.00
76.439355 62.00
76.503724 62.00
76.567747 62.00
76.621646 62.00
76.691738 62.00
76.751498 62.00
76.816635 62.00
76.881245 62.00
76.940356 62.00
77.004611 62.00
77.064364 62.00
77.124112 62.00
77.194106 62.00
77.264107 62.00
77.334241 62.00
77.398986 62.00
77.454510 62.00
77.515988 62.00
77.575780 62.00
77.626984 62.00
77.682235 62.00
77.756494 62.00
77.821119 62.00
77.880378 62.00
77.939771 62.00
77.989999 62.00
78.051383 62.00
78.126391 62.00
78.185763 62.00
78.235632 62.00
78.289634 62.00
78.349250 62.00
78.409866 62.00
78.469124 62.00
78.534122 62.00
78.609382 62.00
78.668495 62.00
78.732398 62.00
78.791868 62.00
78.861137 62.00
78.920646 62.00
78.985383 62.00
79.060545 62.00
79.135243 62.00
79.200246 62.00
79.269245 62.00
79.333532 62.00
79.397246 62.00
79.466380 62.00
79.540246 62.00
79.614248 62.00
79.678248 62.00
79.752123 62.00
79.805377 62.00
79.874250 62.00
79.943256 62.00
80.012541 62.00
80.066563 62.00
80.130906 62.00
80.190658 62.00
80.250132 62.00
80.319545 62.00
80.373391 62.00
80.437533 62.00
80.496578 62.00
80.551012 62.0