0.000000 0.000000
0.058051 62.00
0.112519 62.00
0.177510 62.00
0.236883 62.00
0.295908 62.00
0.359756 62.00
0.433757 62.00
0.502757 62.00
0.571758 62.00
0.640758 62.00
0.715523 62.00
0.780529 61.00
0.860894 61.00
0.931520 62.00
0.996516 62.00
1.051640 62.00
1.106888 62.00
1.180771 62.00
1.258278 62.00
1.316771 62.00
1.386085 62.00
1.440523 62.00
1.505395 62.00
1.579282 62.00
1.637774 62.00
1.706773 62.00
1.770642 61.00
1.839918 61.00
1.898643 62.00
1.967921 62.00
2.031918 62.00
2.090921 62.00
2.154921 62.00
2.213646 62.00
2.282923 61.00
2.346924 62.00
2.410905 62.00
2.474925 61.00
2.547523 61.00
2.606287 62.00
2.683926 62.00
2.747926 62.00
2.820525 62.00
2.879293 62.00
2.956926 62.00
3.020926 61.00
3.079653 61.00
3.148929 61.00
3.207930 61.00
3.266785 62.00
3.326929 62.00
3.390655 61.00
3.459655 61.00
3.523813 61.00
3.582815 61.00
3.641817 62.00
3.695657 62.00
3.754658 62.00
3.813659 62.00
3.877803 61.00
3.936815 61.00
3.995818 62.00
4.054814 62.00
4.108661 62.00
4.172804 62.00
4.231802 61.00
4.290799 61.00
4.349663 62.00
4.423664 62.00
4.487664 62.00
4.551664 62.00
4.615665 61.00
4.679666 61.00
4.738666 62.00
4.802667 62.00
4.866667 62.00
4.930668 62.00
4.994668 62.00
5.053669 62.00
5.117670 61.00
5.181670 61.00
5.245670 61.00
5.309671 61.00
5.368671 61.00
5.432672 61.00
5.496672 61.00
5.560673 61.00
5.629673 61.00
5.693674 61.00
5.757675 62.00
5.816675 62.00
5.880676 61.00
5.944828 61.00
5.998676 62.00
6.058676 62.00
6.117677 62.00
6.177828 62.00
6.236679 61.00
6.300678 61.00
6.359430 62.00
6.414070 62.00
6.477680 61.00
6.537955 61.00
6.583431 62.00
6.634070 62.00
6.697682 62.00
6.762957 61.00
6.808433 61.00
6.868075 62.00
6.926684 62.00
6.991961 62.00
7.055685 62.00
7.120959 61.00
7.190088 61.00
7.248813 61.00
7.298687 61.00
7.357438 61.00
7.422313 61.00
7.477077 61.00
7.551080 61.00
7.609689 62.00
7.678315 62.00
7.737080 62.00
7.800691 62.00
7.859442 61.00
7.933317 61.00
7.997567 62.00
8.071318 61.00
8.135694 61.00
8.194444 61.00
8.268320 62.00
8.327083 61.00
8.392321 61.00
8.450847 62.00
8.506336 62.00
8.561211 62.00
8.621600 62.00
8.681698 62.00
8.740448 61.00
8.805699 61.00
8.864449 62.00
8.938325 62.00
8.989471 62.00
9.043091 62.00
9.108344 61.00
9.164844 61.00
9.214577 62.00
9.279844 62.00
9.329578 62.00
9.389845 62.00
9.435454 62.00
9.509330 62.00
9.561846 62.00
9.607580 61.00
9.672848 61.00
9.718456 61.00
9.783848 61.00
9.829457 62.00
9.899850 62.00
9.945458 61.00
10.014334 61.00
10.083335 61.00
10.139351 61.00
10.195352 61.00
10.264336 61.00
10.328336 62.00
10.402353 62.00
10.462337 61.00
10.536353 61.00
10.610354 61.00
10.679339 61.00
10.753356 61.00
10.827355 62.00
10.901340 62.00
10.965355 62.00
11.034342 62.00
11.103343 62.00
11.177343 62.00
11.251343 61.00
11.315344 62.00
11.389345 62.00
11.463471 61.00
11.537346 61.00
11.606361 61.00
11.670364 61.00
11.734364 61.00
11.798364 61.00
11.862473 61.00
11.926364 61.00
11.990365 61.00
12.054366 62.00
12.118365 62.00
12.182366 62.00
12.241477 62.00
12.305365 61.00
12.369368 61.00
12.433368 62.00
12.497370 62.00
12.561368 62.00
12.625355 62.00
12.689372 61.00
12.753372 61.00
12.817371 61.00
12.881357 61.00
12.945373 62.00
13.000357 62.00
13.064358 62.00
13.128374 62.00
13.192484 62.00
13.256376 62.00
13.320361 62.00
13.384376 62.00
13.448377 62.00
13.512377 62.00
13.576377 62.00
13.640488 62.00
13.704380 61.00
13.768364 61.00
13.832381 61.00
13.896365 61.00
13.960380 62.00
14.019366 62.00
14.083366 61.00
14.147382 61.00
14.211383 62.00
14.275380 62.00
14.349870 61.00
14.404369 61.00
14.468369 62.00
14.532386 62.00
14.596370 61.00
14.660388 61.00
14.724372 62.00
14.788497 62.00
14.838139 62.00
14.888748 62.00
14.947498 61.00
15.006389 61.00
15.065139 62.00
15.119750 62.00
15.188879 62.00
15.239751 62.00
15.308877 62.00
15.359751 62.00
15.423878 62.00
15.474752 62.00
15.534879 62.00
15.598879 62.00
15.649755 62.00
15.713910 61.00
15.778271 61.00
15.842144 62.00
15.892881 62.00
15.956506 61.00
16.020148 61.00
16.094148 61.00
16.150383 61.00
16.214150 62.00
16.279033 62.00
16.337509 62.00
16.401149 62.00
16.478159 62.00
16.552037 62.00
16.605387 62.00
16.669152 62.00
16.738040 62.00
16.810040 62.00
16.882153 62.00
16.951038 62.00
17.006041 62.00
17.078155 61.00
17.147040 61.00
17.207143 62.00
17.262142 62.00
17.320770 62.00
17.390282 62.00
17.449285 61.00
17.508042 61.00
17.572283 62.00
17.631286 62.00
17.686287 62.00
17.741285 62.00
17.832411 62.00
17.886289 62.00
17.941288 62.00
17.996288 62.00
18.055290 62.00
18.110290 62.00
18.165051 62.00
18.216049 62.00
18.280292 62.00
18.348778 62.00
18.399651 62.00
18.459779 62.00
18.510785 62.00
18.561778 62.00
18.612779 62.00
18.663785 62.00
18.723785 62.00
18.798293 62.00
18.862044 62.00
18.912655 62.00
18.981785 62.00
19.051174 62.00
19.115036 62.00
19.183656 61.00
19.247157 61.00
19.320908 62.00
19.374158 62.00
19.447909 62.00
19.501160 62.00
19.574910 61.00
19.628160 61.00
19.701911 62.00
19.755161 62.00
19.828912 61.00
19.883788 61.00
19.942164 61.00
20.015914 61.00
20.070789 62.00
20.130791 62.00
20.190791 62.00
20.250791 62.00
20.310792 62.00
20.370792 62.00
20.430792 62.00
20.490793 62.00
20.550793 62.00
20.610794 62.00
20.664044 61.00
20.734419 61.00
20.788919 61.00
20.838295 61.00
20.898421 62.00
20.952921 62.00
21.003547 62.00
21.067047 62.00
21.137422 62.00
21.191923 61.00
21.242548 61.00
21.306048 62.00
21.379800 62.00
21.433050 62.00
21.506802 62.00
21.560051 61.00
21.633803 61.00
21.687052 62.00
21.760804 62.00
21.814053 62.00
21.887805 62.00
21.941054 62.00
22.014805 62.00
22.068056 62.00
22.141806 62.00
22.195056 62.00
22.268807 62.00
22.322057 62.00
22.395808 62.00
22.449058 62.00
22.522809 61.00
22.577810 61.00
22.631060 61.00
22.704811 62.00
22.758061 62.00
22.831812 62.00
22.885062 62.00
22.958813 62.00
23.013687 62.00
23.073688 62.00
23.137189 62.00
23.197314 62.00
23.260816 62.00
23.319190 62.00
23.379316 62.00
23.434316 62.00
23.488818 62.00
23.539442 62.00
23.602943 62.00
23.673318 62.00
23.727819 62.00
23.777193 62.00
23.837319 62.00
23.882821 62.00
23.933445 62.00
23.996946 62.00
24.067321 62.00
24.112822 62.00
24.163447 62.00
24.226947 62.00
24.300698 62.00
24.353950 62.00
24.427699 62.00
24.480950 62.00
24.554700 62.00
24.607950 62.00
24.681700 62.00
24.734951 62.00
24.808702 62.00
24.861953 62.00
24.935703 62.00
24.988954 62.00
25.062704 62.00
25.115954 62.00
25.189705 62.00
25.242955 62.00
25.316706 62.00
25.371706 62.00
25.436959 62.00
25.497083 62.00
25.565707 62.00
25.620584 62.00
25.680584 62.00
25.740585 62.00
25.800585 62.00
25.860585 62.00
25.920585 62.00
25.984087 62.00
26.052712 62.00
26.102088 62.00
26.170713 62.00
26.220089 62.00
26.280214 62.00
26.334714 62.00
26.389589 62.00
26.442841 62.00
26.513215 62.00
26.568216 62.00
26.622717 62.00
26.681092 62.00
26.741218 62.00
26.786718 62.00
26.837343 62.00
26.900845 62.00
26.966220 62.00
27.011719 62.00
27.071345 62.00
27.134847 62.00
27.205221 62.00
27.250722 62.00
27.301347 62.00
27.364849 62.00
27.438598 62.00
27.491850 62.00
27.565599 62.00
27.618851 62.00
27.692600 62.00
27.751352 61.00
27.815352 61.00
27.884478 62.00
27.943244 62.00
28.001994 62.00
28.065878 62.00
28.134856 62.00
28.209605 62.00
28.278883 62.00
28.353606 62.00
28.408482 62.00
28.468734 62.00
28.518482 62.00
28.576858 62.00
28.650608 61.00
28.705483 61.00
28.765484 62.00
28.825484 62.00
28.885485 62.00
28.945485 62.00
29.005485 62.00
29.058736 62.00
29.129112 62.00
29.184113 62.00
29.238613 62.00
29.289238 62.00
29.352738 62.00
29.423114 62.00
29.481489 62.00
29.534740 62.00
29.605115 62.00
29.650616 62.00
29.701242 62.00
29.764742 62.00
29.838493 62.00
29.891743 62.00
29.965493 62.00
30.018744 62.00
30.092494 62.00
30.145744 62.00
30.219496 62.00
30.272746 62.00
30.346496 62.00
30.404997 62.00
30.468497 62.00
30.521748 62.00
30.595498 62.00
30.648748 62.00
30.722500 62.00
30.775749 62.00
30.849501 62.00
30.902751 62.00
30.976502 62.00
31.036753 62.00
31.096878 62.00
31.165503 62.00
31.225629 62.00
31.273754 62.00
31.347505 62.00
31.407631 62.00
31.455756 62.00
31.529506 61.00
31.593131 61.00
31.656632 62.00
31.721758 62.00
31.787008 62.00
31.842008 62.00
31.897009 62.00
31.946509 62.00
31.995885 62.00
32.056011 62.00
32.110511 62.00
32.165137 62.00
32.228636 62.00
32.299012 62.00
32.353513 62.00
32.404138 62.00
32.467639 62.00
32.541389 62.00
32.594640 62.00
32.668390 62.00
32.721641 62.00
32.795392 62.00
32.848642 62.00
32.922392 62.00
32.994284 62.00
33.061645 62.00
33.125645 62.00
33.189646 62.00
33.253645 62.00
33.317646 62.00
33.390287 62.00
33.454289 62.00
33.521648 61.00
33.585649 62.00
33.658289 62.00
33.722288 62.00
33.805049 62.00
33.879291 62.00
33.943291 62.00
34.007292 62.00
34.066294 62.00
34.130293 62.00
34.194295 62.00
34.258171 61.00
34.332296 61.00
34.396295 62.00
34.455046 62.00
34.518656 62.00
34.583932 62.00
34.629657 62.00
34.694934 62.00
34.740658 62.00
34.805934 62.00
34.851659 62.00
34.916936 62.00
34.975786 62.00
35.029410 62.00
35.080051 62.00
35.141938 62.00
35.196662 62.00
35.261938 62.00
35.316662 62.00
35.381938 62.00
35.445413 62.00
35.509415 61.00
35.583414 62.00
35.647182 62.00
35.700666 62.00
35.764541 62.00
35.828541 62.00
35.892542 62.00
35.956542 62.00
36.020419 62.00
36.089544 62.00
36.153419 62.00
36.217545 62.00
36.281545 62.00
36.345545 62.00
36.409546 62.00
36.473546 62.00
36.542547 62.00
36.606547 61.00
36.680549 61.00
36.744549 62.00
36.808550 62.00
36.872550 62.00
36.946300 62.00
37.001447 62.00
37.060427 62.00
37.130818 62.00
37.186316 62.00
37.238817 62.00
37.288429 62.00
37.353820 62.00
37.399554 62.00
37.464822 62.00
37.510555 62.00
37.570822 62.00
37.616430 62.00
37.681824 62.00
37.727557 62.00
37.791307 62.00
37.847433 62.00
37.916308 62.00
37.972323 62.00
38.028200 62.00
38.081435 62.00
38.155310 62.00
38.229311 61.00
38.285327 61.00
38.350327 62.00
38.424329 62.00
38.480326 62.00
38.536330 62.00
38.610438 62.00
38.684314 62.00
38.740331 62.00
38.814332 62.00
38.888329 62.00
38.957317 62.00
39.031318 62.00
39.105334 62.00
39.169318 62.00
39.238335 62.00
39.302335 62.00
39.376334 62.00
39.450446 62.00
39.524335 62.00
39.598323 62.00
39.672322 62.00
39.731323 62.00
39.795324 62.00
39.859339 62.00
39.923340 62.00
39.987339 62.00
40.046326 62.00
40.110326 62.00
40.174327 62.00
40.238343 62.00
40.302327 62.00
40.361328 62.00
40.430453 62.00
40.494329 62.00
40.558343 62.00
40.622330 62.00
40.686331 62.00
40.750345 62.00
40.814331 62.00
40.878457 62.00
40.942332 62.00
41.006349 62.00
41.070350 62.00
41.134334 62.00
41.198335 62.00
41.272836 62.00
41.336976 62.00
41.400838 62.00
41.464838 62.00
41.528839 62.00
41.592838 62.00
41.656841 62.00
41.720840 62.00
41.784989 62.00
41.848841 62.00
41.912841 62.00
41.976842 62.00
42.040843 62.00
42.104845 62.00
42.168843 62.00
42.227844 62.00
42.291845 62.00
42.355845 62.00
42.424845 62.00
42.488846 62.00
42.552849 62.00
42.617113 62.00
42.670472 62.00
42.724112 62.00
42.787848 62.00
42.851849 62.00
42.915849 62.00
42.979852 62.00
43.033475 62.00
43.087114 62.00
43.150851 62.00
43.205726 62.00
43.274853 62.00
43.324477 62.00
43.374116 62.00
43.428728 62.00
43.497857 62.00
43.567368 62.00
43.631369 62.00
43.695369 62.00
43.754246 62.00
43.818481 62.00
43.877370 62.00
43.951732 62.00
44.015884 62.00
44.066733 62.00
44.130883 62.00
44.194886 62.00
44.258887 62.00
44.322888 62.00
44.386890 62.00
44.451374 62.00
44.510253 62.00
44.574487 62.00
44.633379 62.00
44.707738 62.00
44.777256 62.00
44.836253 62.00
44.895253 62.00
44.959005 62.00
45.028254 62.00
45.087131 62.00
45.152367 62.00
45.206258 62.00
45.265131 62.00
45.329134 61.00
45.398010 61.00
45.467008 62.00
45.522136 62.00
45.571745 61.00
45.646137 61.00
45.710260 62.00
45.769137 62.00
45.838014 62.00
45.907014 62.00
45.965748 62.00
46.020749 62.00
46.079374 62.00
46.138024 62.00
46.207024 62.00
46.272024 62.00
46.341025 62.00
46.391752 62.00
46.450377 62.00
46.509026 62.00
46.559753 62.00
46.618379 62.00
46.677027 62.00
46.746031 62.00
46.796755 62.00
46.860630 62.00
46.924382 62.00
46.978020 62.00
47.028632 62.00
47.092383 62.00
47.151025 62.00
47.219633 62.00
47.283384 62.00
47.342024 62.00
47.416035 62.00
47.485038 62.00
47.554026 62.00
47.631011 62.00
47.696261 62.00
47.764887 62.00
47.818137 62.00
47.891888 62.00
47.961045 62.00
48.021515 62.00
48.090641 62.00
48.149156 62.00
48.213284 62.00
48.272161 62.00
48.340923 62.00
48.410048 62.00
48.479293 62.00
48.533291 62.00
48.587287 62.00
48.646287 62.00
48.710047 62.00
48.779172 62.00
48.848780 62.00
48.913291 62.00
48.977052 62.00
49.046052 62.00
49.110653 62.00
49.169651 62.00
49.223293 62.00
49.282292 62.00
49.345778 62.00
49.410788 62.00
49.470048 62.00
49.539781 62.00
49.605296 62.00
49.663905 62.00
49.733047 62.00
49.801933 62.00
49.865782 62.00
49.931782 62.00
50.007184 62.00
50.077051 62.00
50.142939 62.00
50.217299 62.00
50.272946 62.00
50.337178 62.00
50.401303 62.00
50.459824 62.00
50.523983 62.00
50.583669 62.00
50.642936 62.00
50.708948 62.00
50.772940 62.00
50.837201 62.00
50.891670 62.00
50.956185 62.00
51.020541 62.00
51.079306 62.00
51.145050 62.00
51.211421 62.00
51.281183 62.00
51.340543 62.00
51.394184 62.00
51.448191 62.00
51.507189 62.00
51.556948 62.00
51.611949 62.00
51.666948 62.00
51.721963 62.00
51.791547 62.00
51.850671 62.00
51.914951 62.00
51.984548 62.00
52.060055 62.00
52.124551 62.00
52.178675 62.00
52.243192 62.00
52.301930 62.00
52.361216 62.00
52.423975 62.00
52.483205 62.00
52.538688 62.00
52.603684 62.00
52.668861 62.00
52.728684 62.00
52.788441 62.00
52.853690 62.00
52.918692 62.00
52.984835 62.00
53.054866 62.00
53.124559 62.00
53.188558 62.00
53.246932 62.00
53.320834 62.00
53.395202 62.00
53.454066 62.00
53.512684 62.00
53.571060 62.00
53.639835 62.00
53.713812 62.00
53.787686 62.00
53.861686 62.00
53.916562 62.00
53.985688 62.00
54.049938 62.00
54.113441 62.00
54.178564 62.00
54.242315 62.00
54.305821 62.00
54.370942 62.00
54.439817 62.00
54.504942 62.00
54.570196 62.00
54.615693 62.00
54.671241 62.00
54.731324 62.00
54.797322 62.00
54.866695 62.00
54.931072 62.00
54.994696 62.00
55.063950 62.00
55.129202 62.00
55.174697 62.00
55.230853 62.00
55.299574 62.00
55.368703 62.00
55.432950 62.00
55.501700 62.00
55.572451 62.00
55.641451 62.00
55.700013 62.00
55.758577 62.00
55.811953 62.00
55.876218 62.00
55.939960 62.00
56.008835 62.00
56.077831 62.00
56.146708 62.00
56.212206 62.00
56.277838 62.00
56.341861 62.00
56.405707 62.00
56.471224 62.00
56.542102 62.00
56.605596 62.00
56.661713 62.00
56.711459 62.00
56.771464 62.00
56.831461 62.00
56.894961 62.00
56.950087 62.00
57.003341 62.00
57.061963 62.00
57.126127 62.00
57.184713 62.00
57.255089 62.00
57.313590 62.00
57.364214 62.00
57.427716 62.00
57.496591 62.00
57.547222 62.00
57.610716 62.00
57.679598 62.00
57.730219 62.00
57.793718 62.00
57.867469 62.00
57.920719 62.00
57.994470 62.00
58.047724 62.00
58.122010 62.00
58.180971 62.00
58.239723 62.00
58.308723 62.00
58.372473 62.00
58.425723 62.00
58.494599 62.00
58.545224 62.00
58.608725 62.00
58.682475 62.00
58.735725 62.00
58.809476 62.00
58.862727 62.00
58.936477 62.00
58.989727 62.00
59.058729 62.00
59.122604 62.00
59.193006 62.00
59.251880 62.00
59.310731 62.00
59.374482 62.00
59.425357 62.00
59.485357 62.00
59.545358 62.00
59.614233 62.00
59.683484 62.00
59.738488 62.00
59.788251 62.00
59.843649 62.00
59.900001 62.00
59.945611 62.00
60.014487 62.00
60.065253 62.00
60.123864 62.00
60.182613 62.00
60.243005 62.00
60.288614 62.00
60.352614 62.00
60.416615 62.00
60.487007 62.00
60.532621 62.00
60.601617 62.00
60.665617 62.00
60.739368 62.00
60.798260 62.00
60.862135 62.00
60.931258 62.00
60.995133 62.00
61.053744 62.00
61.112370 62.00
61.176260 62.00
61.240262 62.00
61.309622 62.00
61.373498 62.00
61.437267 62.00
61.501140 62.00
61.564749 62.00
61.623638 62.00
61.693625 62.00
61.757376 62.00
61.816143 62.00
61.881377 62.00
61.940145 62.00
62.004264 62.00
62.065507 62.00
62.129631 62.00
62.193379 62.00
62.253515 62.00
62.308535 62.00
62.363536 62.00
62.413256 62.00
62.478536 62.00
62.528257 62.00
62.581507 62.00
62.646633 62.00
62.701884 62.00
62.756884 62.00
62.811385 62.00
62.860760 62.00
62.920885 62.00
62.975886 62.00
63.023011 62.00
63.086511 62.00
63.146887 62.00
63.201387 62.00
63.252013 62.00
63.326040 62.00
63.389770 62.00
63.448282 62.00
63.506772 62.00
63.565390 62.00
63.634390 62.00
63.685045 62.00
63.748642 62.00
63.812642 62.00
63.866518 62.00
63.935393 62.00
64.009269 62.00
64.067771 62.00
64.131269 62.00
64.214043 62.00
64.278052 62.00
64.331521 62.00
64.395397 62.00
64.460778 62.00
64.514537 62.00
64.574300 62.00
64.633526 62.00
64.697275 62.00
64.752555 62.00
64.806526 62.00
64.875294 62.00
64.941448 62.00
65.000277 62.00
65.060409 62.00
65.110154 62.00
65.170293 62.00
65.225294 62.00
65.289408 62.00
65.353406 62.00
65.413781 62.00
65.477281 62.00
65.536037 62.00
65.594406 62.00
65.658538 62.00
65.717410 62.00
65.786535 62.00
65.846784 62.00
65.892285 62.00
65.948791 62.00
66.002813 62.00
66.058186 62.00
66.116926 62.00
66.180536 62.00
66.249288 62.00
66.323304 62.00
66.397306 62.00
66.471163 62.00
66.524539 62.00
66.588289 62.00
66.662290 62.00
66.731182 62.00
66.784666 62.00
66.838292 62.00
66.907183 62.00
66.960667 62.00
67.014293 62.00
67.083294 62.00
67.147544 62.00
67.206295 62.00
67.270420 62.00
67.329296 62.00
67.398313 62.00
67.457424 62.00
67.521297 62.00
67.590298 62.00
67.664298 62.00
67.738299 62.00
67.807553 62.00
67.872053 62.00
67.930942 62.00
67.989300 62.00
68.054436 62.00
68.128176 62.00
68.186558 62.00
68.246681 62.00
68.301680 62.00
68.357180 62.00
68.415555 62.00
68.479198 62.00
68.529081 62.00
68.598306 62.00
68.662324 62.00
68.726307 62.00
68.790200 62.00
68.846203 62.00
68.898683 62.00
68.944309 62.00
69.008200 62.00
69.064201 62.00
69.120200 62.00
69.176202 62.00
69.232203 62.00
69.288204 62.00
69.344205 62.00
69.400202 62.00
69.465188 62.00
69.534329 62.00
69.598077 62.00
69.662191 62.00
69.718206 62.00
69.787190 62.00
69.856065 62.00
69.909315 62.00
69.978082 62.00
70.036568 62.00
70.095319 62.00
70.159193 62.00
70.228212 62.00
70.292320 62.00
70.361320 62.00
70.430072 62.00
70.493851 62.00
70.557850 62.00
70.621855 62.00
70.685851 62.00
70.740948 62.00
70.800328 62.00
70.864199 62.00
70.928339 62.00
70.992216 62.00
71.056218 62.00
71.120326 62.00
71.184094 62.00
71.247702 62.00
71.311857 62.00
71.375703 62.00
71.439703 62.00
71.503705 62.00
71.567860 62.00
71.624220 62.00
71.688331 62.00
71.743081 62.00
71.801456 62.00
71.864956 62.00
71.918207 62.00
71.991957 62.00
72.045208 62.00
72.118959 62.00
72.172208 62.00
72.236226 62.00
72.300224 62.00
72.364226 62.00
72.433225 62.00
72.497337 62.00
72.555962 62.00
72.620230 62.00
72.679231 62.00
72.743340 62.00
72.807230 62.00
72.871215 62.00
72.940236 62.00
73.004361 62.00
73.058109 62.00
73.117358 62.00
73.176110 62.00
73.241343 62.00
73.295603 62.00
73.365239 62.00
73.424235 62.00
73.483238 62.00
73.542236 62.00
73.601221 62.00
73.665237 62.00
73.724240 62.00
73.783239 62.00
73.847240 62.00
73.906241 62.00
73.965116 62.00
74.029225 62.00
74.088240 62.00
74.152243 62.00
74.211226 62.00
74.266244 62.00
74.321227 62.00
74.376243 62.00
74.434978 62.00
74.499246 62.00
74.554121 62.00
74.618229 62.00
74.673106 62.00
74.737247 62.00
74.806246 62.00
74.865121 62.00
74.934249 62.00
74.998252 62.00
75.057001 62.00
75.131261 62.00
75.186249 62.00
75.250362 62.00
75.304253 62.00
75.368251 62.00
75.432250 62.00
75.491004 62.00
75.556362 62.00
75.626375 62.00
75.682006 62.00
75.748146 62.00
75.807249 62.00
75.873489 62.00
75.929138 62.00
75.989907 62.00
76.055368 62.00
76.116152 62.00
76.175009 62.00
76.243898 62.00
76.304367 62.00
76.373494 62.00
76.438899 62.00
76.513250 62.00
76.582622 62.00
76.641013 62.00
76.701508 62.00
76.754998 62.00
76.819013 62.00
76.883624 62.00
76.937504 62.00
77.000999 62.00
77.071377 62.00
77.121381 62.00
77.185507 62.00
77.249257 62.00
77.309388 62.00
77.354890 62.00
77.418880 62.00
77.475128 62.00
77.543752 62.00
77.597003 62.00
77.667378 62.00
77.712880 62.00
77.763507 62.00
77.827005 62.00
77.900755 62.00
77.954006 62.00
78.027757 62.00
78.092758 62.00
78.161507 62.00
78.225276 62.00
78.289056 62.00
78.357759 62.00
78.411025 62.00
78.482515 62.00
78.541260 62.00
78.604760 62.00
78.663262 62.00
78.726770 62.00
78.780013 62.00
78.853772 62.00
78.908781 62.00
78.963781 62.00
79.024021 62.00
79.087772 62.00
79.142773 62.00
79.197641 62.00
79.261929 62.00
79.317033 62.00
79.377407 62.00
79.441896 62.00
79.505926 62.00
79.565522 62.00
79.629645 62.00
79.693933 62.00
79.749021 62.00
79.809273 62.00
79.855051 62.00
79.913780 62.00
79.973173 62.00
80.028273 62.00
80.073778 62.00
80.142650 62.0