0.000000 0.000000
0.057869 62.00
0.112369 62.00
0.167611 62.00
0.237983 62.00
0.283483 62.00
0.334112 61.00
0.397606 61.00
0.471357 62.00
0.524608 62.00
0.598359 61.00
0.651609 61.00
0.723874 62.00
0.780139 62.00
0.839874 62.00
0.913388 62.00
0.978286 61.00
1.053140 61.00
1.122627 62.00
1.186627 62.00
1.261119 62.00
1.325267 61.00
1.386140 61.00
1.445875 61.00
1.500131 61.00
1.569636 61.00
1.639150 61.00
1.703149 61.00
1.767151 61.00
1.831151 61.00
1.895152 61.00
1.959637 61.00
2.023635 61.00
2.087636 62.00
2.151635 62.00
2.210387 62.00
2.269125 62.00
2.333125 61.00
2.386748 61.00
2.440390 61.00
2.490999 61.00
2.560128 62.00
2.624374 62.00
2.682750 61.00
2.742875 61.00
2.797876 61.00
2.852877 61.00
2.907876 61.00
2.962877 61.00
3.021253 61.00
3.074503 61.00
3.144879 61.00
3.190380 62.00
3.239754 62.00
3.299880 61.00
3.345380 61.00
3.396006 61.00
3.459506 62.00
3.533257 62.00
3.586507 61.00
3.660258 61.00
3.713508 61.00
3.787260 61.00
3.840509 61.00
3.914261 61.00
3.967510 61.00
4.041261 62.00
4.094511 62.00
4.168262 61.00
4.221513 61.00
4.295263 61.00
4.348514 61.00
4.422264 61.00
4.475514 61.00
4.549266 62.00
4.602515 62.00
4.676267 61.00
4.729516 61.00
4.803267 61.00
4.858144 61.00
4.916518 61.00
4.990269 61.00
5.045145 61.00
5.105147 61.00
5.165147 62.00
5.218396 62.00
5.283521 62.00
5.357271 62.00
5.406647 61.00
5.475273 61.00
5.533648 61.00
5.593773 61.00
5.639274 61.00
5.689899 61.00
5.753400 61.00
5.823775 62.00
5.869276 62.00
5.918652 61.00
5.982153 61.00
6.035401 62.00
6.109154 62.00
6.162403 61.00
6.236155 61.00
6.289404 61.00
6.363156 61.00
6.416405 61.00
6.490157 61.00
6.543406 62.00
6.617158 62.00
6.670407 62.00
6.744159 62.00
6.797409 61.00
6.871160 61.00
6.924410 61.00
6.998161 61.00
7.051411 61.00
7.125162 61.00
7.178411 62.00
7.252163 62.00
7.307163 62.00
7.360413 62.00
7.434164 62.00
7.487413 62.00
7.561165 61.00
7.616040 61.00
7.676040 61.00
7.736041 61.00
7.796041 61.00
7.856042 61.00
7.916042 61.00
7.976043 61.00
8.039543 61.00
8.108170 61.00
8.163044 61.00
8.226546 61.00
8.286670 61.00
8.332172 61.00
8.381547 61.00
8.441672 61.00
8.487174 61.00
8.537798 61.00
8.601298 61.00
8.671673 61.00
8.717175 61.00
8.767799 61.00
8.831300 61.00
8.905050 61.00
8.958301 61.00
9.032051 61.00
9.085302 61.00
9.159052 61.00
9.212303 61.00
9.286053 61.00
9.339304 61.00
9.413055 62.00
9.466305 62.00
9.540055 62.00
9.593306 62.00
9.667056 62.00
9.720307 62.00
9.794058 61.00
9.847308 61.00
9.921059 61.00
9.974309 61.00
10.048059 62.00
10.103060 62.00
10.158060 62.00
10.213060 62.00
10.268061 62.00
10.323062 62.00
10.377937 62.00
10.437938 61.00
10.497938 61.00
10.557938 61.00
10.617939 61.00
10.677939 62.00
10.737940 62.00
10.801441 61.00
10.861566 61.00
10.925066 62.00
10.983442 62.00
11.043568 62.00
11.098068 62.00
11.147443 61.00
11.207569 61.00
11.262569 61.00
11.317070 61.00
11.367695 61.00
11.431197 61.00
11.501571 61.00
11.547071 62.00
11.596447 62.00
11.656573 61.00
11.702073 61.00
11.752698 61.00
11.816200 61.00
11.889949 62.00
11.943202 62.00
12.016950 61.00
12.070202 61.00
12.143951 62.00
12.197204 62.00
12.270952 62.00
12.324203 62.00
12.397953 62.00
12.451205 62.00
12.519954 62.00
12.573206 62.00
12.646956 61.00
12.700207 61.00
12.773956 62.00
12.827209 62.00
12.900957 61.00
12.954209 61.00
13.027958 62.00
13.082959 62.00
13.137959 62.00
13.191211 62.00
13.264961 61.00
13.319835 61.00
13.379835 61.00
13.439837 61.00
13.505089 61.00
13.554838 61.00
13.614838 61.00
13.669838 62.00
13.729838 62.00
13.789840 62.00
13.848341 62.00
13.908466 62.00
13.962966 62.00
14.017841 62.00
14.071092 62.00
14.141468 61.00
14.195968 61.00
14.254343 61.00
14.314469 61.00
14.359969 61.00
14.410595 62.00
14.474095 62.00
14.551103 61.00
14.614972 61.00
14.683973 61.00
14.766737 62.00
14.835739 62.00
14.904740 62.00
14.958107 62.00
15.027108 61.00
15.090976 61.00
15.160253 62.00
15.224253 62.00
15.283253 61.00
15.341978 61.00
15.419854 61.00
15.473108 61.00
15.537254 62.00
15.601253 62.00
15.665258 62.00
15.729255 62.00
15.787981 61.00
15.857257 61.00
15.921257 62.00
15.979983 62.00
16.049260 62.00
16.113260 61.00
16.177258 61.00
16.241260 62.00
16.305261 62.00
16.369261 61.00
16.433263 61.00
16.491987 61.00
16.550988 61.00
16.609988 61.00
16.673989 61.00
16.737989 62.00
16.801990 62.00
16.865990 62.00
16.930151 62.00
16.989146 62.00
17.048151 62.00
17.101992 62.00
17.166149 62.00
17.225151 62.00
17.284148 62.00
17.337994 62.00
17.402153 62.00
17.460994 62.00
17.519996 61.00
17.583996 61.00
17.647997 62.00
17.712153 62.00
17.771148 62.00
17.829997 62.00
17.893998 61.00
17.963152 61.00
18.016999 62.00
18.081000 62.00
18.145000 62.00
18.209000 62.00
18.273001 62.00
18.332002 62.00
18.396003 61.00
18.460003 61.00
18.524003 62.00
18.588004 62.00
18.647005 61.00
18.711156 61.00
18.770148 61.00
18.829006 61.00
18.893006 62.00
18.957157 62.00
19.010883 61.00
19.081283 61.00
19.136008 61.00
19.200009 61.00
19.265282 62.00
19.310760 62.00
19.361398 61.00
19.425011 61.00
19.490287 61.00
19.535762 61.00
19.586404 61.00
19.650013 62.00
19.713763 62.00
19.764528 62.00
19.823014 62.00
19.888290 62.00
19.942890 62.00
20.013290 62.00
20.068016 62.00
20.133292 62.00
20.197017 62.00
20.265643 61.00
20.319145 61.00
20.372768 62.00
20.436410 62.00
20.500020 61.00
20.568645 61.00
20.622146 62.00
20.675771 62.00
20.749646 62.00
20.823647 62.00
20.877149 61.00
20.936023 61.00
21.004773 62.00
21.073649 62.00
21.127150 62.00
21.181025 62.00
21.249651 61.00
21.304907 61.00
21.373651 62.00
21.428908 62.00
21.497652 61.00
21.551154 61.00
21.614654 61.00
21.669786 61.00
21.728654 61.00
21.783786 61.00
21.833786 61.00
21.883787 62.00
21.933787 62.00
21.983788 62.00
22.035158 62.00
22.088782 62.00
22.154159 62.00
22.207783 62.00
22.278160 62.00
22.331784 62.00
22.402160 62.00
22.451786 62.00
22.517161 61.00
22.562785 61.00
22.633162 62.00
22.678787 62.00
22.749164 62.00
22.794788 62.00
22.863663 62.00
22.924190 62.00
22.987789 62.00
23.061790 62.00
23.135665 62.00
23.191680 62.00
23.247680 62.00
23.303680 62.00
23.359683 62.00
23.433668 62.00
23.507669 61.00
23.571684 61.00
23.645669 62.00
23.714671 61.00
23.788685 61.00
23.862684 62.00
23.936797 62.00
24.005686 62.00
24.074674 62.00
24.143689 62.00
24.217674 61.00
24.291675 61.00
24.360689 62.00
24.434676 62.00
24.503802 62.00
24.572693 62.00
24.636802 62.00
24.700692 62.00
24.764692 62.00
24.828696 61.00
24.892696 61.00
24.956694 62.00
25.020698 62.00
25.084806 62.00
25.148682 62.00
25.212695 62.00
25.276699 62.00
25.340700 62.00
25.404700 62.00
25.468701 62.00
25.532810 62.00
25.596702 62.00
25.660700 62.00
25.724700 62.00
25.788701 62.00
25.852701 62.00
25.916688 62.00
25.980814 61.00
26.044689 61.00
26.108706 62.00
26.172690 62.00
26.236705 62.00
26.300705 62.00
26.375193 62.00
26.439342 62.00
26.503193 62.00
26.567194 62.00
26.631194 62.00
26.695195 62.00
26.759198 62.00
26.823196 62.00
26.882197 62.00
26.946197 62.00
27.010197 62.00
27.074200 62.00
27.138199 62.00
27.197199 62.00
27.261199 62.00
27.325200 62.00
27.389203 62.00
27.453201 61.00
27.512201 61.00
27.576202 62.00
27.640203 62.00
27.704205 62.00
27.773718 62.00
27.837717 62.00
27.892469 62.00
27.943079 62.00
28.012224 62.00
28.063080 62.00
28.132206 62.00
28.183081 62.00
28.247208 62.00
28.311208 62.00
28.375208 61.00
28.439211 62.00
28.490084 62.00
28.559210 62.00
28.618210 61.00
28.674362 61.00
28.738211 62.00
28.802212 62.00
28.866216 62.00
28.935726 62.00
28.999727 62.00
29.063713 62.00
29.127713 62.00
29.196605 62.00
29.265481 62.00
29.339354 62.00
29.413483 62.00
29.487357 62.00
29.545842 62.00
29.609484 62.00
29.678367 62.00
29.738595 62.00
29.802370 62.00
29.871372 62.00
29.926372 62.00
29.986596 62.00
30.050372 62.00
30.119374 62.00
30.179497 62.00
30.232723 62.00
30.291372 62.00
30.347491 62.00
30.405974 62.00
30.488373 62.00
30.546726 62.00
30.605490 62.00
30.677617 62.00
30.736377 62.00
30.808743 62.00
30.858618 62.00
30.913619 62.00
30.982109 62.00
31.037108 62.00
31.088109 62.00
31.139111 62.00
31.190111 62.00
31.241111 62.00
31.292111 62.00
31.343112 62.00
31.394112 62.00
31.445112 62.00
31.496111 62.00
31.547113 62.00
31.598113 62.00
31.672261 62.00
31.723112 62.00
31.783111 62.00
31.834113 62.00
31.885112 62.00
31.944987 62.00
32.014113 62.00
32.088627 62.00
32.152630 62.00
32.218264 62.00
32.282118 62.00
32.356631 62.00
32.422266 61.00
32.482631 61.00
32.541269 62.00
32.609992 62.00
32.665268 62.00
32.720493 62.00
32.780634 62.00
32.839393 62.00
32.904633 62.00
32.963271 62.00
33.037510 62.00
33.096384 62.00
33.166747 62.00
33.220388 62.00
33.294274 61.00
33.364748 61.00
33.414389 62.00
33.484749 62.00
33.534389 62.00
33.604750 62.00
33.650392 62.00
33.724127 62.00
33.775001 62.00
33.833627 62.00
33.897128 62.00
33.948003 62.00
34.006644 62.00
34.065279 62.00
34.116004 62.00
34.174629 62.00
34.233279 62.00
34.284005 62.00
34.342631 62.00
34.401283 62.00
34.452007 62.00
34.510633 62.00
34.569283 62.00
34.634649 62.00
34.693284 62.00
34.744009 62.00
34.802634 62.00
34.861286 62.00
34.917650 62.00
34.976285 62.00
35.040528 61.00
35.106154 61.00
35.175289 62.00
35.240654 62.00
35.299288 62.00
35.373140 62.00
35.438657 61.00
35.497292 61.00
35.566015 62.00
35.626392 62.00
35.691657 62.00
35.750292 62.00
35.819018 62.00
35.882768 62.00
35.946411 62.00
36.020296 62.00
36.090771 62.00
36.159660 62.00
36.209147 62.00
36.274771 62.00
36.338413 62.00
36.403660 62.00
36.453148 62.00
36.523774 62.00
36.582412 62.00
36.647775 62.00
36.706415 62.00
36.775151 62.00
36.849151 62.00
36.918152 62.00
36.987153 62.00
37.061277 61.00
37.135279 61.00
37.209155 62.00
37.283155 62.00
37.357156 62.00
37.431281 62.00
37.505157 62.00
37.579282 62.00
37.653159 62.00
37.727283 62.00
37.801284 62.00
37.875160 62.00
37.949161 62.00
38.023285 62.00
38.097286 62.00
38.171162 61.00
38.245163 61.00
38.319288 62.00
38.393165 62.00
38.462165 62.00
38.526166 62.00
38.590304 62.00
38.654166 62.00
38.718167 62.00
38.787167 62.00
38.861168 62.00
38.926668 62.00
38.985169 62.00
39.040170 62.00
39.100433 62.00
39.164170 62.00
39.233171 62.00
39.293671 62.00
39.352172 62.00
39.412672 62.00
39.471173 62.00
39.535048 61.00
39.599048 61.00
39.663049 62.00
39.732326 62.00
39.791050 62.00
39.856176 62.00
39.925325 62.00
39.989051 62.00
40.053177 62.00
40.122178 62.00
40.186053 62.00
40.255054 62.00
40.324180 62.00
40.388181 62.00
40.457180 62.00
40.526182 62.00
40.590056 62.00
40.659056 62.00
40.728183 62.00
40.797184 62.00
40.861059 62.00
40.930059 62.00
40.999060 62.00
41.068185 62.00
41.137187 62.00
41.201061 62.00
41.270062 62.00
41.339338 62.00
41.398063 62.00
41.467064 62.00
41.536189 62.00
41.600064 62.00
41.669065 62.00
41.738191 62.00
41.797066 62.00
41.861066 62.00
41.925067 62.00
41.989068 62.00
42.053067 62.00
42.117068 62.00
42.181068 62.00
42.245069 62.00
42.309070 62.00
42.373070 62.00
42.442197 62.00
42.496072 62.00
42.560072 62.00
42.624072 62.00
42.688073 62.00
42.752074 61.00
42.811074 61.00
42.875075 62.00
42.939075 62.00
43.003076 62.00
43.067076 62.00
43.126077 62.00
43.190077 62.00
43.254077 62.00
43.318078 62.00
43.382079 62.00
43.441079 62.00
43.505080 62.00
43.569080 62.00
43.633081 62.00
43.697082 62.00
43.756081 62.00
43.820082 62.00
43.884082 62.00
43.948084 62.00
44.012084 62.00
44.071084 62.00
44.135085 62.00
44.199086 62.00
44.263086 62.00
44.327087 62.00
44.386086 62.00
44.450087 62.00
44.514088 62.00
44.572838 62.00
44.623481 62.00
44.688715 62.00
44.741964 62.00
44.810840 62.00
44.861479 62.00
44.924966 62.00
44.993967 62.00
45.062843 62.00
45.113483 62.00
45.171968 62.00
45.240969 62.00
45.306369 62.00
45.351845 62.00
45.417372 62.00
45.482612 62.00
45.540971 62.00
45.609972 62.00
45.682222 62.00
45.745972 62.00
45.814973 62.00
45.883724 62.00
45.936974 62.00
46.005975 62.00
46.074975 62.00
46.143976 62.00
46.207977 62.00
46.271977 62.00
46.345727 62.00
46.409618 62.00
46.481979 62.00
46.550979 62.00
46.614979 62.00
46.688980 62.00
46.752981 62.00
46.816981 62.00
46.880982 62.00
46.954732 62.00
47.018621 62.00
47.090983 62.00
47.164734 62.00
47.217261 62.00
47.262985 62.00
47.326985 62.00
47.390986 62.00
47.451113 62.00
47.504737 62.00
47.557262 62.00
47.602987 62.00
47.661989 62.00
47.727264 62.00
47.772989 62.00
47.838265 62.00
47.883990 62.00
47.947865 62.00
48.016867 62.00
48.081151 62.00
48.134867 62.00
48.198867 62.00
48.262868 62.00
48.323271 62.00
48.397869 62.00
48.461870 62.00
48.525870 62.00
48.590319 62.00
48.655305 62.00
48.724999 62.00
48.783874 62.00
48.847873 62.00
48.907002 62.00
48.960876 62.00
49.024875 62.00
49.089000 62.00
49.147876 62.00
49.207005 62.00
49.266003 61.00
49.340520 61.00
49.404407 62.00
49.468006 62.00
49.527005 62.00
49.577004 62.00
49.630879 62.00
49.694880 62.00
49.758885 62.00
49.815759 62.00
49.875007 62.00
49.924882 62.00
49.988882 62.00
50.048009 62.00
50.097884 62.00
50.161759 62.00
50.225759 62.00
50.291164 62.00
50.337171 62.00
50.398016 62.00
50.452533 62.00
50.505170 62.00
50.550887 62.00
50.604637 62.00
50.660021 62.00
50.714537 62.00
50.774017 62.00
50.838296 62.00
50.892015 62.00
50.956393 62.00
51.016017 62.00
51.075017 62.00
51.128767 62.00
51.192767 62.00
51.257537 62.00
51.321645 62.00
51.395658 62.00
51.469645 62.00
51.539558 62.00
51.609774 62.00
51.674023 62.00
51.727647 62.00
51.791776 62.00
51.850775 62.00
51.909899 62.00
51.968648 62.00
52.032664 62.00
52.112404 62.00
52.176277 62.00
52.231668 62.00
52.295651 62.00
52.359670 62.00
52.424440 62.00
52.485674 62.00
52.549779 62.00
52.613672 62.00
52.682784 62.00
52.741785 62.00
52.796033 62.00
52.855429 62.00
52.915057 62.00
52.970794 62.00
53.032481 62.00
53.092044 61.00
53.142454 61.00
53.206784 62.00
53.272033 62.00
53.327034 62.00
53.382043 62.00
53.436557 62.00
53.497036 62.00
53.550660 62.00
53.619666 62.00
53.678665 62.00
53.737917 62.00
53.787541 62.00
53.838164 62.00
53.902052 62.00
53.956542 62.00
54.007169 62.00
54.071791 62.00
54.130667 62.00
54.200360 62.00
54.261673 62.00
54.316796 62.00
54.380545 62.00
54.444446 62.00
54.505583 62.00
54.570545 62.00
54.626561 62.00
54.695432 62.00
54.749046 62.00
54.807675 62.00
54.876798 62.00
54.945429 62.00
55.004189 62.00
55.075218 62.00
55.134175 62.00
55.206566 62.00
55.270801 62.00
55.329551 62.00
55.398441 62.00
55.467802 62.00
55.526677 62.00
55.590809 62.00
55.654569 62.00
55.718428 62.00
55.773371 62.00
55.842180 62.00
55.902334 62.00
55.961210 62.00
56.012056 62.00
56.067059 62.00
56.132559 62.00
56.176807 62.00
56.236932 62.00
56.282438 62.00
56.331811 62.00
56.391933 62.00
56.452059 62.00
56.515686 62.00
56.584314 62.00
56.637560 62.00
56.707936 62.00
56.753443 62.00
56.804061 62.00
56.867812 62.00
56.931313 62.00
56.984564 62.00
57.053818 62.00
57.117826 62.00
57.176442 62.00
57.231828 62.00
57.285703 62.00
57.360322 62.00
57.424705 62.00
57.478579 62.00
57.537699 62.00
57.601575 62.00
57.665694 62.00
57.740071 62.00
57.799070 62.00
57.868320 62.00
57.923322 62.00
57.978336 62.00
58.042366 62.00
58.106589 62.00
58.165573 62.00
58.224591 62.00
58.283466 62.00
58.348574 62.00
58.412341 62.00
58.476834 62.00
58.536701 62.00
58.595452 62.00
58.659342 62.00
58.708703 62.00
58.767595 62.00
58.822331 62.00
58.880706 62.00
58.940832 62.00
58.986333 62.00
59.044707 62.00
59.104831 62.00
59.159833 62.00
59.209332 62.00
59.265236 62.00
59.323707 62.00
59.377600 62.00
59.441598 62.00
59.500585 62.00
59.555723 62.00
59.620120 62.00
59.685213 62.00
59.745711 62.00
59.799352 62.00
59.864338 62.00
59.924087 62.00
59.977588 62.00
60.041359 62.00
60.107484 62.00
60.171214 62.00
60.229715 62.00
60.293339 62.00
60.361965 62.00
60.425482 62.00
60.489218 62.00
60.544218 62.00
60.612968 62.00
60.676609 62.00
60.729968 62.00
60.795357 62.00
60.856475 62.00
60.919971 62.00
60.985222 62.00
61.059222 62.00
61.133223 62.00
61.186613 62.00
61.239973 62.00
61.293473 62.00
61.358848 62.00
61.417377 62.00
61.482850 62.00
61.546979 62.00
61.611385 62.00
61.680602 62.00
61.739104 62.00
61.808105 62.00
61.878728 62.00
61.933356 62.00
62.003730 62.00
62.049232 62.00
62.099857 62.00
62.163358 62.00
62.233734 62.00
62.279623 62.00
62.343259 62.00
62.417259 62.00
62.476983 62.00
62.530374 62.00
62.604389 62.00
62.678264 62.00
62.752112 62.00
62.821112 62.00
62.895263 62.00
62.960628 62.00
63.019265 62.00
63.088267 62.00
63.157116 62.00
63.222614 62.00
63.281364 62.00
63.355116 62.00
63.410273 62.00
63.484241 62.00
63.558124 62.00
63.623617 62.00
63.682271 62.00
63.746385 62.00
63.815119 62.00
63.878869 62.00
63.933994 62.00
63.989274 62.00
64.042746 62.00
64.106374 62.00
64.180125 62.00
64.235000 62.00
64.295000 62.00
64.348251 62.00
64.418626 62.00
64.477165 62.00
64.542152 62.00
64.615999 62.00
64.666875 62.00
64.725514 62.00
64.784001 62.00
64.863877 62.00
64.928003 62.00
64.997133 62.00
65.062522 62.00
65.121523 62.00
65.185160 62.00
65.254160 62.00
65.318271 62.00
65.387524 62.00
65.448161 62.00
65.522525 62.00
65.581529 62.00
65.640291 62.00
65.695276 62.00
65.769286 62.00
65.838885 62.00
65.904317 62.00
65.960185 62.00
66.024279 62.00
66.088012 62.00
66.152263 62.00
66.216292 62.00
66.290529 62.00
66.349168 62.00
66.418015 62.00
66.487015 62.00
66.556170 62.00
66.620295 62.00
66.684171 62.00
66.758170 62.00
66.832018 62.00
66.896274 62.00
66.965269 62.00
67.030896 62.00
67.084150 62.00
67.154523 62.00
67.209524 62.00
67.264523 62.00
67.310023 62.00
67.360649 62.00
67.425298 62.00
67.494648 62.00
67.553274 62.00
67.613542 62.00
67.678650 62.00
67.752775 62.00
67.811276 62.00
67.880027 62.00
67.949182 62.00
68.018183 62.00
68.087028 62.00
68.156184 62.00
68.225029 62.00
68.294182 62.00
68.358030 62.00
68.432280 62.00
68.496187 62.00
68.560032 62.00
68.629032 62.00
68.698033 62.00
68.767034 62.00
68.836443 62.00
68.895197 62.00
68.964191 62.00
69.038190 62.00
69.107191 62.00
69.176191 62.00
69.240038 62.00
69.314192 62.00
69.383193 62.00
69.452165 62.00
69.521195 62.00
69.582053 62.00
69.640800 62.00
69.694046 62.00
69.759171 62.00
69.832920 62.00
69.889047 62.00
69.937803 62.00
69.997045 62.00
70.061197 62.00
70.120170 62.00
70.184171 62.00
70.248046 62.00
70.312807 62.00
70.377675 62.00
70.436799 62.00
70.491673 62.00
70.550688 62.00
70.609690 62.00
70.674240 62.00
70.743927 62.00
70.794551 62.00
70.858050 62.00
70.931800 62.00
70.985051 62.00
71.058809 62.00
71.112055 62.00
71.185929 62.00
71.245568 62.00
71.309679 62.00
71.373805 62.00
71.443058 62.00
71.507057 62.00
71.571056 62.00
71.634806 62.00
71.693682 62.00
71.754595 62.00
71.815938 62.00
71.875242 62.00
71.929693 62.00
71.988939 62.00
72.053062 62.00
72.117187 62.00
72.175936 62.00
72.245214 62.00
72.299241 62.00
72.359817 62.00
72.414974 62.00
72.464689 62.00
72.528814 62.00
72.588814 62.00
72.645338 62.00
72.700587 62.00
72.755817 62.00
72.810583 62.00
72.869067 62.00
72.927816 62.00
72.978573 62.00
73.032597 62.00
73.098320 62.00
73.143944 62.00
73.207945 62.00
73.278320 62.00
73.323945 62.00
73.388348 62.00
73.443225 62.00
73.501696 62.00
73.560225 62.00
73.618947 62.00
73.687698 62.00
73.746452 62.00
73.809951 62.00
73.883702 62.00
73.942205 62.00
74.005704 62.00
74.058953 62.00
74.129703 62.00
74.193469 62.00
74.256951 62.00
74.330702 62.00
74.383954 62.00
74.457705 62.00
74.522211 62.00
74.580833 62.00
74.649458 62.00
74.712957 62.00
74.776707 62.00
74.835237 62.00
74.893708 62.00
74.952583 62.00
75.016474 62.00
75.090837 62.00
75.159834 62.00
75.225091 62.00
75.280086 62.00
75.348712 62.00
75.404603 62.00
75.469868 62.00
75.519846 62.00
75.583964 62.00
75.638122 62.00
75.691716 62.00
75.755720 62.00
75.819840 62.00
75.890216 62.00
75.945217 62.00
75.990716 62.00
76.041357 62.00
76.099843 62.00
76.169489 62.00
76.233720 62.00
76.303487 62.00
76.363972 62.00
76.427726 62.00
76.487597 62.00
76.546104 62.00
76.609722 62.00
76.669374 62.00
76.732848 62.00
76.806723 62.00
76.857364 62.00
76.920851 62.00
76.984614 62.00
77.037850 62.00
77.101726 62.00
77.175603 62.00
77.244728 62.00
77.314108 62.00
77.367853 62.00
77.431730 62.00
77.497107 62.00
77.550729 62.00
77.615980 62.00
77.679608 62.00
77.732858 62.00
77.806608 62.00
77.861886 62.00
77.925607 62.00
77.980737 62.00
78.030625 62.00
78.090782 62.00
78.149609 62.00
78.204739 62.00
78.254487 62.00
78.313383 62.00
78.364775 62.00
78.418265 62.00
78.483612 62.00
78.534241 62.00
78.608363 62.00
78.677238 62.00
78.746367 62.00
78.804742 62.00
78.873868 62.00
78.942616 62.00
78.995124 62.00
79.040994 62.00
79.099994 62.00
79.153872 62.00
79.222745 62.00
79.296624 62.00
79.361619 62.00
79.435620 62.00
79.509751 62.00
79.573621 62.00
79.647498 62.00
79.700872 62.00
79.759749 62.00
79.823624 62.00
79.892501 62.00
79.945874 62.00
80.004624 62.00
80.078500 62.00
8