0.000000 0.000000
0.074144 0.89
0.135885 0.89
0.195876 0.88
0.249997 0.88
0.304996 0.89
0.374120 0.90
0.443513 0.88
0.503871 0.88
0.567872 0.89
0.626997 0.89
0.696123 0.87
0.755878 0.90
0.810161 0.89
0.870134 0.88
0.940764 0.79
1.002133 0.78
1.066644 0.78
1.130877 0.78
1.184877 0.79
1.243876 0.80
1.297877 0.79
1.356769 0.76
1.407029 0.78
1.466292 0.77
1.540773 0.79
1.599880 0.79
1.658880 0.78
1.712880 0.77
1.762880 0.79
1.821881 0.78
1.880773 0.79
1.939882 0.78
1.993882 0.81
2.052883 0.78
2.102883 0.80
2.157884 0.78
2.212883 0.78
2.267884 0.78
2.322885 0.77
2.377885 0.78
2.432886 0.80
2.487886 0.79
2.542887 0.78
2.597652 0.77
2.661779 0.78
2.720653 0.77
2.784779 0.80
2.844541 0.78
2.899138 0.77
2.959889 0.78
3.014414 0.80
3.079766 0.78
3.143656 0.77
3.212659 0.77
3.281418 0.78
3.351547 0.80
3.406661 0.80
3.475420 0.80
3.544018 0.80
3.609424 0.80
3.668019 0.80
3.726537 0.78
3.795535 0.78
3.864425 0.79
3.933424 0.79
3.992022 0.78
4.050427 0.81
4.124664 0.77
4.178023 0.78
4.236665 0.79
4.300666 0.77
4.369667 0.79
4.433427 0.79
4.504159 0.78
4.560776 0.79
4.610667 0.80
4.669545 0.77
4.729903 0.78
4.799433 0.79
4.858669 0.79
4.922433 0.77
4.991905 0.78
5.056030 0.78
5.109673 0.79
5.173434 0.77
5.242674 0.79
5.306435 0.77
5.365673 0.77
5.429909 0.80
5.493674 0.80
5.557437 0.79
5.631438 0.77
5.695678 0.78
5.759439 0.78
5.828438 0.79
5.897439 0.80
5.966787 0.80
6.032314 0.77
6.094314 0.80
6.168681 0.79
6.232682 0.78
6.296442 0.79
6.365442 0.77
6.434445 0.79
6.500319 0.78
6.562443 0.78
6.628684 0.78
6.692444 0.77
6.761685 0.78
6.825445 0.78
6.894560 0.79
6.958449 0.76
7.022561 0.80
7.086446 0.78
7.155563 0.78
7.219564 0.78
7.283326 0.78
7.357797 0.77
7.431798 0.78
7.490565 0.77
7.551048 0.79
7.605923 0.77
7.659566 0.79
7.718451 0.79
7.787453 0.77
7.856454 0.76
7.925332 0.77
7.994456 0.80
8.058569 0.79
8.118331 0.80
8.187694 0.78
8.242459 0.78
8.311697 0.77
8.370571 0.79
8.434457 0.80
8.498805 0.79
8.557930 0.78
8.626806 0.79
8.695807 0.78
8.754575 0.78
8.818462 0.79
8.887460 0.77
8.956464 0.78
9.025461 0.78
9.094700 0.78
9.160216 0.78
9.234577 0.78
9.293703 0.77
9.359217 0.78
9.433341 0.77
9.499465 0.80
9.563580 0.78
9.622705 0.79
9.692341 0.80
9.761815 0.77
9.822219 0.78
9.891816 0.78
9.950457 0.79
10.019472 0.78
10.088471 0.78
10.147584 0.79
10.211471 0.78
10.270223 0.80
10.339334 0.78
10.403475 0.78
10.463945 0.78
10.525945 0.78
10.587946 0.80
10.649946 0.79
10.711822 0.78
10.765227 0.78
10.834322 0.79
10.898323 0.79
10.962323 0.77
11.026229 0.78
11.091824 0.78
11.145230 0.77
11.209325 0.77
11.273231 0.79
11.342327 0.81
11.406327 0.79
11.470327 0.79
11.534231 0.80
11.603328 0.76
11.667329 0.78
11.731330 0.77
11.795240 0.80
11.864330 0.76
11.928331 0.81
11.992331 0.78
12.056237 0.79
12.125332 0.79
12.189239 0.79
12.258474 0.79
12.322334 0.79
12.386239 0.79
12.455349 0.80
12.519365 0.78
12.588479 0.80
12.652477 0.78
12.716353 0.76
12.780367 0.78
12.844480 0.80
12.908353 0.77
12.972368 0.78
13.027119 0.79
13.091369 0.76
13.156096 0.76
13.215252 0.78
13.274733 0.80
13.333842 0.79
13.392732 0.77
13.451842 0.80
13.510732 0.80
13.569734 0.78
13.628734 0.78
13.687734 0.76
13.746719 0.79
13.810733 0.76
13.869735 0.79
13.928735 0.77
13.987737 0.77
14.046736 0.80
14.105737 0.79
14.164735 0.78
14.228848 0.77
14.292736 0.77
14.356723 0.78
14.420738 0.79
14.484741 0.80
14.548741 0.78
14.607742 0.79
14.671743 0.78
14.735742 0.79
14.799742 0.79
14.863740 0.79
14.922742 0.80
14.986744 0.81
15.050747 0.78
15.114744 0.80
15.178743 0.78
15.237746 0.78
15.301745 0.79
15.365745 0.79
15.429751 0.79
15.493746 0.79
15.552748 0.79
15.616749 0.78
15.680734 0.80
15.744748 0.79
15.798109 0.78
15.867984 0.77
15.916109 0.78
15.984734 0.80
16.039610 0.78
16.103111 0.78
16.163237 0.77
16.214362 0.77
16.273987 0.78
16.323363 0.77
16.373988 0.78
16.422112 0.78
16.478363 0.78
16.528990 0.78
16.583489 0.77
16.646989 0.77
16.708365 0.79
16.762865 0.78
16.822491 0.76
16.885991 0.80
16.954617 0.79
17.012992 0.78
17.081619 0.79
17.139992 0.78
17.208619 0.77
17.266994 0.78
17.335619 0.79
17.393995 0.79
17.467871 0.80
17.536496 0.78
17.599997 0.80
17.668622 0.78
17.726997 0.79
17.795623 0.79
17.853998 0.76
17.922624 0.78
17.980999 0.80
18.049625 0.80
18.104626 0.77
18.163000 0.78
18.231626 0.78
18.286502 0.78
18.350001 0.80
18.418628 0.79
18.473503 0.79
18.533504 0.79
18.593504 0.81
18.651879 0.78
18.717005 0.77
18.773257 0.78
18.831631 0.77
18.886506 0.78
18.944881 0.77
19.006259 0.79
19.056883 0.78
19.111383 0.79
19.174882 0.79
19.236259 0.78
19.286886 0.78
19.341385 0.78
19.404885 0.78
19.466262 0.80
19.516887 0.80
19.571386 0.76
19.634886 0.77
19.703513 0.78
19.761887 0.78
19.835763 0.79
19.904389 0.80
19.967889 0.78
20.036515 0.78
20.094890 0.81
20.163515 0.78
20.221890 0.77
20.290517 0.77
20.348892 0.78
20.417517 0.78
20.475893 0.79
20.549769 0.80
20.618394 0.78
20.681894 0.80
20.758894 0.78
20.827537 0.79
20.882538 0.77
20.937522 0.79
20.992397 0.79
21.052398 0.79
21.112398 0.79
21.175898 0.78
21.249774 0.79
21.314898 0.77
21.383524 0.78
21.438400 0.78
21.498400 0.78
21.558401 0.80
21.618402 0.78
21.681902 0.80
21.738156 0.80
21.797779 0.77
21.852278 0.79
21.915778 0.79
21.977158 0.79
22.039905 0.79
22.096160 0.78
22.158905 0.77
22.215163 0.79
22.277906 0.79
22.334161 0.77
22.396907 0.78
22.453161 0.78
22.515907 0.77
22.579408 0.77
22.637784 0.78
22.711534 0.78
22.769909 0.81
22.838661 0.78
22.907285 0.78
22.970786 0.79
23.039411 0.79
23.097787 0.77
23.166412 0.76
23.224788 0.77
23.293413 0.80
23.351789 0.78
23.420414 0.78
23.478790 0.79
23.552666 0.76
23.612791 0.79
23.686918 0.78
23.750793 0.77
23.814794 0.79
23.883793 0.80
23.957794 0.78
24.021920 0.81
24.085921 0.77
24.149921 0.78
24.213797 0.79
24.277922 0.80
24.341922 0.79
24.405797 0.79
24.469798 0.80
24.533924 0.79
24.597799 0.79
24.661800 0.78
24.725801 0.78
24.789926 0.77
24.853926 0.80
24.917927 0.78
24.981927 0.77
25.041680 0.79
25.091179 0.78
25.155179 0.78
25.219180 0.80
25.283331 0.80
25.347181 0.77
25.411331 0.77
25.475181 0.79
25.539182 0.78
25.603182 0.76
25.667183 0.80
25.731183 0.76
25.795184 0.79
25.859334 0.78
25.923212 0.78
25.987211 0.80
26.051336 0.79
26.115212 0.78
26.179212 0.78
26.243214 0.79
26.307335 0.77
26.371212 0.78
26.430339 0.79
26.494212 0.80
26.558216 0.80
26.622342 0.78
26.686215 0.78
26.745217 0.77
26.809191 0.78
26.873192 0.78
26.937342 0.78
27.001218 0.80
27.060193 0.78
27.113943 0.78
27.177943 0.77
27.236819 0.81
27.295319 0.78
27.350194 0.80
27.408569 0.77
27.473819 0.77
27.524945 0.79
27.584572 0.78
27.639070 0.78
27.702573 0.78
27.763946 0.77
27.823573 0.80
27.878073 0.77
27.941573 0.80
28.010200 0.79
28.068574 0.79
28.137201 0.81
28.195575 0.79
28.264201 0.81
28.322576 0.80
28.391204 0.80
28.455203 0.79
28.515204 0.80
28.584469 0.79
28.653470 0.77
28.713718 0.78
28.777471 0.80
28.837720 0.79
28.906831 0.81
28.965706 0.80
29.024832 0.78
29.083720 0.81
29.142208 0.78
29.206083 0.80
29.261210 0.79
29.321725 0.80
29.380210 0.80
29.444085 0.78
29.499211 0.78
29.549212 0.81
29.599212 0.78
29.649213 0.80
29.714962 0.78
29.778478 0.78
29.843963 0.80
29.907838 0.80
29.966839 0.76
30.025840 0.81
30.080840 0.80
30.135732 0.77
30.195472 0.78
30.245091 0.78
30.303730 0.76
30.367606 0.77
30.432474 0.78
30.482092 0.77
30.540732 0.77
30.600475 0.79
30.650094 0.80
30.708735 0.77
30.768477 0.80
30.818095 0.78
30.876734 0.78
30.936498 0.76
30.986096 0.79
31.054972 0.78
31.118613 0.79
31.183479 0.77
31.238739 0.76
31.302366 0.79
31.376362 0.79
31.431099 0.79
31.489743 0.78
31.553366 0.77
31.613740 0.79
31.677365 0.79
31.737741 0.76
31.801368 0.78
31.875367 0.79
31.944378 0.79
32.013381 0.80
32.077104 0.77
32.137371 0.78
32.197747 0.79
32.261370 0.77
32.326620 0.78
32.390383 0.79
32.454107 0.80
32.517858 0.77
32.581623 0.78
32.645384 0.78
32.715859 0.77
32.779753 0.78
32.838386 0.79
32.908860 0.78
32.967623 0.79
33.031387 0.77
33.101987 0.78
33.156737 0.79
33.211388 0.78
33.285387 0.79
33.354391 0.78
33.428379 0.79
33.502391 0.80
33.576392 0.80
33.650631 0.79
33.714393 0.77
33.784867 0.78
33.853868 0.78
33.913743 0.76
33.968383 0.78
34.037395 0.77
34.111396 0.79
34.185396 0.78
34.259384 0.79
34.333387 0.79
34.407387 0.79
34.481387 0.79
34.555397 0.77
34.624400 0.79
34.693390 0.78
34.767398 0.79
34.841400 0.77
34.910642 0.79
34.974402 0.77
35.043643 0.79
35.107403 0.81
35.181404 0.78
35.255404 0.80
35.324645 0.79
35.388643 0.79
35.452645 0.79
35.516405 0.79
35.590405 0.78
35.654256 0.80
35.718257 0.77
35.782258 0.80
35.848008 0.79
35.909883 0.79
35.963259 0.79
36.028883 0.78
36.082286 0.78
36.147885 0.77
36.211760 0.80
36.270400 0.80
36.334262 0.78
36.403262 0.77
36.472263 0.78
36.536263 0.78
36.600264 0.78
36.664414 0.77
36.728415 0.81
36.792290 0.78
36.866403 0.80
36.935265 0.79
37.009267 0.79
37.078142 0.78
37.152418 0.78
37.221267 0.77
37.295270 0.78
37.364269 0.80
37.438269 0.78
37.512419 0.80
37.581271 0.79
37.655271 0.80
37.729421 0.77
37.798271 0.77
37.867272 0.78
37.941273 0.80
38.010274 0.79
38.084274 0.77
38.153275 0.80
38.227275 0.80
38.296277 0.77
38.360276 0.78
38.424302 0.78
38.488156 0.79
38.552156 0.78
38.616303 0.79
38.688778 0.79
38.747428 0.79
38.807904 0.79
38.871905 0.79
38.935906 0.77
39.008308 0.78
39.072431 0.77
39.136165 0.78
39.208432 0.79
39.268907 0.81
39.332673 0.79
39.391307 0.79
39.451163 0.79
39.515433 0.79
39.579162 0.76
39.643163 0.79
39.707162 0.78
39.771162 0.78
39.835163 0.79
39.904169 0.79
39.968169 0.76
40.032313 0.77
40.096164 0.77
40.165168 0.80
40.234314 0.81
40.298197 0.79
40.362316 0.79
40.426167 0.77
40.495168 0.78
40.564317 0.79
40.628169 0.80
40.697172 0.78
40.766320 0.78
40.830173 0.80
40.899321 0.79
40.968046 0.78
41.037319 0.78
41.101172 0.78
41.165172 0.79
41.229175 0.78
41.293173 0.79
41.357174 0.80
41.421174 0.80
41.485175 0.78
41.549176 0.79
41.608176 0.78
41.672176 0.79
41.736177 0.76
41.800178 0.79
41.864178 0.80
41.923178 0.78
41.987179 0.78
42.051179 0.79
42.115180 0.78
42.179180 0.78
42.238180 0.81
42.302181 0.80
42.366182 0.77
42.430182 0.78
42.494182 0.80
42.553183 0.79
42.617184 0.77
42.681184 0.79
42.745185 0.78
42.809185 0.79
42.868185 0.80
42.932185 0.80
42.996212 0.78
43.060187 0.78
43.124187 0.77
43.183187 0.78
43.247188 0.77
43.311188 0.79
43.375189 0.77
43.439190 0.79
43.498190 0.77
43.562191 0.79
43.626191 0.78
43.690192 0.81
43.754192 0.77
43.813192 0.77
43.877193 0.78
43.941193 0.79
43.999942 0.78
44.059944 0.78
44.121345 0.79
44.171944 0.80
44.226461 0.77
44.284945 0.78
44.346346 0.79
44.396946 0.80
44.451462 0.78
44.509947 0.77
44.571337 0.78
44.621948 0.80
44.676464 0.78
44.734949 0.80
44.796324 0.78
44.850949 0.78
44.919700 0.77
44.973201 0.77
45.031951 0.78
45.100714 0.80
45.164466 0.80
45.228228 0.79
45.286952 0.76
45.355702 0.78
45.420954 0.78
45.479469 0.78
45.537954 0.78
45.606704 0.78
45.660209 0.79
45.718955 0.79
45.787706 0.77
45.851473 0.79
45.909957 0.79
45.978707 0.79
46.047708 0.77
46.101212 0.78
46.159958 0.81
46.228709 0.78
46.283835 0.77
46.343960 0.77
46.412711 0.77
46.476712 0.77
46.526727 0.77
46.590477 0.79
46.650729 0.79
46.711214 0.80
46.769838 0.78
46.835214 0.78
46.893839 0.78
46.957355 0.79
47.016090 0.78
47.067232 0.78
47.121966 0.79
47.186843 0.77
47.234218 0.78
47.292842 0.79
47.354219 0.78
47.408968 0.79
47.473844 0.80
47.529845 0.78
47.577235 0.79
47.631844 0.79
47.701872 0.78
47.757860 0.78
47.817847 0.78
47.878096 0.79
47.937848 0.77
47.997848 0.78
48.071973 0.78
48.135848 0.79
48.209849 0.79
48.283850 0.78
48.357849 0.79
48.431851 0.80
48.506101 0.77
48.559851 0.79
48.633852 0.78
48.707853 0.79
48.776853 0.79
48.850995 0.79
48.915985 0.80
48.975107 0.80
49.033981 0.77
49.097856 0.79
49.167294 0.78
49.226987 0.78
49.286111 0.78
49.345109 0.80
49.403858 0.78
49.468113 0.77
49.523629 0.79
49.582629 0.78
49.641265 0.79
49.696627 0.78
49.760990 0.79
49.819989 0.79
49.883862 0.78
49.947987 0.80
50.011988 0.79
50.062296 0.80
50.121385 0.79
50.174117 0.80
50.220116 0.79
50.284393 0.77
50.354125 0.78
50.419995 0.78
50.478993 0.80
50.543117 0.78
50.597992 0.79
50.657419 0.78
50.716388 0.77
50.780384 0.78
50.844398 0.79
50.919290 0.77
50.983287 0.79
51.047872 0.79
51.116995 0.78
51.180996 0.78
51.240001 0.77
51.298999 0.78
51.357998 0.80
51.421873 0.77
51.485998 0.81
51.545002 0.78
51.609125 0.78
51.667875 0.79
51.732000 0.80
51.793013 0.79
51.854527 0.79
51.918880 0.79
51.978004 0.78
52.032003 0.77
52.096132 0.80
52.156881 0.79
52.216004 0.79
52.275005 0.76
52.333880 0.77
52.393135 0.78
52.453883 0.78
52.517882 0.78
52.577007 0.80
52.635882 0.78
52.686143 0.78
52.756138 0.79
52.820419 0.80
52.889885 0.78
52.949009 0.78
52.999014 0.77
53.048764 0.76
53.112886 0.76
53.171887 0.80
53.231012 0.77
53.291768 0.79
53.367274 0.78
53.442899 0.77
53.507894 0.79
53.562175 0.78
53.624685 0.78
53.683905 0.80
53.749183 0.79
53.814457 0.79
53.884141 0.77
53.948025 0.78
54.011892 0.80
54.070268 0.78
54.123643 0.79
54.197518 0.79
54.266270 0.78
54.330144 0.79
54.394271 0.76
54.458662 0.80
54.527646 0.79
54.596662 0.77
54.660272 0.77
54.715273 0.80
54.770441 0.78
54.844666 0.79
54.913305 0.78
54.973526 0.79
55.038652 0.80
55.107651 0.76
55.171902 0.79
55.241342 0.79
55.315904 0.80
55.374903 0.77
55.424306 0.78
55.488155 0.79
55.541904 0.77
55.600536 0.80
55.669655 0.78
55.738781 0.79
55.802671 0.78
55.872160 0.79
55.932031 0.77
55.995782 0.79
56.059548 0.79
56.133658 0.78
56.202674 0.77
56.266915 0.79
56.321910 0.80
56.372539 0.78
56.427313 0.78
56.496914 0.77
56.551661 0.79
56.615161 0.80
56.673914 0.77
56.748444 0.78
56.812678 0.81
56.887582 0.79
56.951549 0.80
57.026055 0.77
57.095419 0.77
57.164791 0.79
57.228916 0.79
57.298041 0.80
57.352180 0.78
57.416797 0.80
57.472189 0.79
57.536044 0.79
57.591170 0.79
57.660920 0.77
57.721172 0.78
57.776046 0.77
57.840208 0.78
57.895173 0.79
57.964214 0.80
58.033549 0.78
58.097689 0.76
58.151679 0.78
58.205924 0.79
58.280805 0.77
58.335439 0.76
58.409800 0.79
58.468553 0.80
58.528676 0.78
58.592802 0.78
58.647801 0.78
58.706802 0.79
58.761803 0.79
58.816803 0.78
58.871694 0.80
58.935452 0.77
59.005457 0.78
59.059930 0.78
59.123680 0.79
59.182806 0.79
59.237806 0.80
59.292806 0.79
59.338932 0.78
59.397700 0.80
59.456822 0.77
59.526576 0.78
59.591464 0.80
59.660560 0.78
59.724702 0.78
59.783810 0.77
59.842811 0.78
59.908311 0.79
59.968815 0.78
60.032689 0.76
60.091313 0.78
60.153330 0.78
60.213813 0.78
60.277689 0.78
60.336823 0.78
60.397441 0.80
60.456441 0.78
60.520065 0.78
60.578583 0.78
60.642066 0.77
60.707949 0.79
60.773602 0.79
60.827693 0.79
60.881458 0.77
60.941835 0.80
61.005334 0.78
61.070945 0.78
61.129320 0.78
61.203321 0.78
61.272321 0.78
61.346447 0.79
61.402696 0.79
61.457948 0.79
61.511589 0.77
61.575324 0.78
61.649324 0.79
61.723324 0.76
61.797325 0.78
61.868452 0.79
61.937468 0.79
62.006327 0.80
62.080469 0.77
62.149328 0.79
62.223713 0.78
62.284457 0.80
62.353330 0.77
62.427205 0.79
62.501330 0.80
62.575633 0.77
62.630332 0.78
62.699473 0.81
62.768332 0.77
62.837475 0.80
62.906473 0.78
62.969962 0.78
63.028336 0.78
63.096963 0.76
63.151962 0.78
63.206963 0.77
63.261963 0.78
63.322847 0.80
63.383592 0.77
63.447354 0.79
63.511356 0.79
63.580478 0.79
63.649606 0.78
63.698970 0.79
63.757342 0.79
63.817467 0.77
63.872467 0.79
63.927468 0.77
63.982468 0.78
64.037978 0.80
64.099971 0.78
64.161969 0.78
64.223843 0.78
64.282360 0.78
64.351611 0.78
64.401370 0.78
64.465253 0.77
64.529363 0.78
64.593248 0.79
64.667489 0.78
64.731256 0.78
64.795977 0.79
64.854851 0.79
64.908348 0.78
64.972377 0.78
65.041363 0.79
65.105617 0.77
65.174727 0.80
65.238228 0.79
65.311976 0.77
65.370353 0.76
65.433853 0.80
65.492744 0.79
65.552398 0.78
65.627263 0.78
65.691399 0.77
65.755620 0.80
65.819730 0.78
65.884106 0.78
65.958481 0.79
66.022356 0.79
66.091233 0.78
66.159857 0.78
66.229112 0.77
66.293379 0.79
66.357359 0.78
66.426389 0.78
66.495262 0.78
66.564389 0.78
66.633610 0.78
66.692237 0.78
66.752378 0.77
66.811112 0.79
66.880266 0.78
66.939651 0.79
66.999247 0.78
67.058385 0.78
67.122384 0.78
67.181115 0.79
67.245269 0.78
67.309395 0.77
67.368119 0.78
67.432274 0.78
67.491272 0.79
67.555118 0.79
67.624118 0.80
67.688283 0.77
67.747120 0.79
67.816275 0.80
67.875273 0.79
67.939389 0.78
68.003121 0.78
68.062393 0.78
68.126424 0.78
68.185372 0.78
68.249123 0.79
68.313276 0.79
68.377125 0.80
68.438258 0.79
68.499128 0.77
68.562751 0.79
68.621626 0.80
68.685751 0.78
68.744752 0.79
68.801134 0.79
68.864755 0.77
68.919755 0.79
68.974756 0.78
69.029631 0.79
69.089632 0.78
69.149755 0.78
69.204755 0.78
69.270035 0.78
69.323756 0.79
69.378756 0.78
69.433631 0.79
69.493640 0.80
69.552013 0.79
69.615511 0.78
69.679011 0.77
69.744263 0.80
69.799262 0.79
69.850404 0.78
69.905136 0.78
69.956402 0.77
70.006136 0.78
70.057404 0.78
70.107136 0.78
70.163402 0.78
70.218137 0.78
70.274404 0.77
70.329138 0.78
70.389044 0.77
70.438654 0.78
70.497139 0.80
70.555654 0.79
70.614140 0.77
70.682891 0.79
70.757016 0.78
70.831142 0.77
70.900142 0.79
70.969143 0.78
71.038143 0.78
71.106894 0.80
71.175535 0.78
71.239145 0.78
71.302660 0.78
71.380022 0.78
71.449154 0.78
71.518154 0.77
71.581665 0.78
71.640155 0.79
71.709278 0.78
71.768158 0.78
71.832024 0.77
71.896159 0.79
71.965025 0.79
72.034159 0.78
72.089454 0.76
72.139779 0.78
72.194666 0.78
72.258671 0.80
72.312156 0.79
72.366935 0.77
72.414317 0.79
72.480165 0.81
72.557419 0.79
72.615904 0.79
72.677307 0.78
72.727935 0.78
72.782441 0.78
72.842170 0.77
72.896947 0.79
72.961942 0.79
73.009284 0.80
73.059910 0.78
73.114409 0.77
73.184911 0.78
73.239428 0.78
73.293035 0.79
73.361911 0.79
73.430676 0.78
73.484163 0.80
73.542911 0.78
73.611554 0.79
73.665038 0.79
73.734039 0.78
73.798039 0.77
73.856914 0.76
73.920542 0.78
73.978917 0.79
74.047544 0.79
74.105918 0.79
74.174544 0.78
74.233049 0.79
74.286921 0.78
74.356045 0.79
74.420044 0.78
74.483794 0.78
74.558044 0.78
74.621925 0.78
74.690800 0.78
74.755923 0.76
74.829798 0.77
74.898424 0.79
74.958425 0.77
75.024186 0.78
75.081575 0.77
75.134179 0.79
75.193051 0.79
75.256925 0.80
75.313177 0.78
75.368050 0.78
75.446384 0.78
75.506825 0.79
75.560304 0.80
75.624052 0.76
75.679195 0.78
75.733928 0.77
75.802928 0.78
75.862811 0.78
75.917331 0.79
75.976055 0.78
76.034572 0.79
76.088055 0.80
76.147807 0.80
76.203808 0.79
76.264060 0.78
76.336058 0.80
76.399808 0.78
76.473809 0.80
76.547809 0.77
76.616452 0.78
76.682687 0.78
76.752066 0.77
76.810811 0.80
76.870374 0.79
76.925812 0.78
76.999688 0.78
77.068578 0.79
77.121938 0.78
77.190817 0.79
77.259940 0.77
77.318815 0.79
77.392690 0.78
77.461822 0.79
77.530817 0.79
77.599693 0.80
77.673819 0.79
77.742818 0.79
77.811944 0.78
77.875819 0.79
77.944587 0.78
78.008200 0.77
78.077226 0.79
78.138731 0.79
78.190072 0.79
78.244951 0.78
78.303950 0.78
78.363732 0.79
78.423701 0.78
78.487698 0.78
78.544073 0.78
78.598836 0.79
78.662952 0.78
78.721961 0.80
78.785957 0.79
78.850202 0.77
78.913827 0.78
78.982826 0.78
79.046327 0.78
79.104702 0.77
79.173329 0.79
79.231703 0.77
79.300332 0.79
79.369330 0.79
79.427830 0.77
79.496706 0.78
79.570707 0.77
79.644707 0.78
79.718833 0.80
79.787844 0.78
79.848586 0.79
79.922709 0.78
79.991710 0.79
80.060965 0.79
80.121711 0.77
80.185962 0.77
80.244713 0.80
80.309087 0.80
80.359477 0.77
80.429102 0.77
80.488851 0.79
80.552716 0.78
80.616964 0.77
80.676094 0.79
80.745242 0.78
80.805719 0.77
80.874972 0.78
80.935217 0.78
81.001092 0.78
81.065092 0.79
81.128717 0.78
81.197968 0.78
81.248623 0.78
81.298399 0.79
81.363640 0.78
81.414627 0.79
81.471721 0.78
81.535846 0.80
81.594977 0.78
81.649731 0.78
81.713847 0.80
81.777848 0.78
81.841740 0.78
81.905849 0.80
81.964723 0.77
82.028252 0.77
82.086850 0.78
82.150851 0.78
82.209851 0.79
82.273744 0.79
82.338102 0.78
82.402103 0.78
82.456234 0.76
82.516864 0.80
82.576118 0.78
82.640104 0.77
82.704260 0.78
82.778730 0.79
82.847731 0.80
82.911622 0.81
82.975987 0.78
83.036482 0.77
83.105860 0.78
83.159858 0.78
83.218984 0.79
83.293487 0.79
83.362262 0.81
83.421111 0.78
83.480111 0.77
83.544111 0.79
83.599112 0.79
83.664111 0.76
83.722490 0.76
83.787864 0.79
83.842757 0.76
83.906864 0.80
83.961617 0.78
84.026517 0.77
84.076116 0.78
84.136115 0.78
84.204992 0.79
84.268633 0.80
84.333522 0.80
84.398520 0.80
84.454521 0.79
84.510868 0.79
84.565869 0.78
84.616521 0.78
84.676635 0.78
84.745644 0.80
84.800523 0.78
84.855638 0.76
84.919752 0.78
84.979533 0.77
85.048622 0.78
85.117625 0.79
85.186873 0.79
85.250392 0.78
85.314749 0.78
85.373405 0.79
85.447753 0.79
85.511875 0.77
85.575644 0.78
85.634127 0.80
85.703383 0.79
85.763881 0.80
85.819535 0.79
85.889007 0.77
85.949761 0.77
86.003643 0.79
86.057649 0.76
86.111005 0.77
86.175131 0.78
86.244521 0.79
86.303892 0.78
86.367418 0.78
86.432883 0.78
86.496399 0.78
86.566884 0.79
86.630403 0.80
86.691759 0.78
86.746653 0.78
86.810525 0.79
86.879777 0.79
86.934414 0.79
87.003417 0.78
87.062402 0.79
87.127418 0.77
87.177013 0.76
87.245889 0.78
87.309655 0.79
87.373657 0.78
87.433418 0.79
87.502419 0.79
87.571420 0.80
87.640783 0.78
87.699545 0.77
87.768268 0.78
87.842784 0.78
87.906534 0.78
87.970784 0.78
88.034424 0.77
88.103270 0.79
88.163424 0.78
88.227423 0.78
88.296788 0.78
88.362272 0.78
88.436539 0.78
88.505273 0.79
88.579274 0.80
88.653428 0.79
88.722429 0.81
88.791426 0.79
88.855429 0.79
88.924430 0.80
88.993902 0.76
89.052903 0.80
89.111543 0.79
89.171903 0.79
89.225433 0.79
89.289431 0.78
89.353306 0.79
89.418905 0.76
89.472431 0.78
89.536434 0.78
89.587781 0.79
89.647798 0.78
89.711907 0.79
89.765443 0.78
89.829437 0.78
89.893438 0.76
89.953908 0.79
90.007313 0.79
90.071439 0.77
90.135314 0.78
90.209679 0.76
90.279036 0.80
90.342911 0.79
90.396439 0.78
90.460442 0.79
90.529556 0.79
90.593440 0.79
90.662679 0.77
90.726915 0.77
90.780317 0.80
90.854683 0.80
90.928791 0.80
90.987446 0.78
91.051445 0.80
91.115684 0.78
91.184918 0.78
91.245174 0.78
91.314686 0.81
91.384044 0.76
91.446323 0.78
91.520795 0.79
91.579921 0.79
91.638921 0.79
91.693922 0.77
91.759202 0.79
91.828565 0.77
91.892316 0.78
91.956451 0.77
92.020799 0.79
92.084799 0.80
92.138329 0.76
92.202455 0.78
92.261331 0.76
92.325454 0.80
92.385927 0.78
92.447927 0.78
92.509927 0.77
92.571929 0.80
92.633820 0.79
92.687333 0.78
92.747929 0.78
92.808209 0.79
92.872334 0.80
92.936458 0.78
93.000574 0.78
93.050333 0.77
93.114461 0.79
93.178572 0.78
93.247933 0.79
93.306808 0.80
93.360336 0.80
93.424336 0.78
93.488338 0.80
93.552465 0.77
93.616579 0.78
93.685936 0.77
93.750061 0.77
93.819341 0.78
93.888467 0.77
93.952188 0.77
94.020813 0.76
94.079189 0.79
94.147814 0.79
94.206190 0.79
94.274815 0.79
94.333191 0.78
94.401816 0.80
94.460192 0.79
94.528816 0.78
94.587193 0.78
94.655817 0.78
94.710693 0.76
94.770693 0.79
94.830694 0.79
94.890694 0.78
94.950695 0.77
95.009070 0.79
95.074197 0.80
95.144072 0.78
95.192197 0.78
95.248447 0.78
95.308073 0.79
95.356198 0.78
95.416323 0.78
95.467448 0.77
95.518075 0.80
95.566200 0.78
95.622450 0.78
95.671825 0.79
95.730202 0.78
95.793701 0.77
95.852076 0.80
95.920702 0.78
95.979077 0.78
96.047703 0.78
96.106078 0.79
96.174704 0.79
96.233079 0.79
96.301705 0.79
96.360080 0.77
96.428706 0.79
96.487081 0.79
96.555707 0.77
96.614082 0.78
96.682708 0.76
96.741083 0.78
96.809708 0.80
96.868084 0.79
96.936709 0.80
96.995085 0.78
97.063710 0.77
97.122086 0.80
97.190711 0.79
97.245712 0.78
97.300587 0.79
97.360588 0.77
97.424088 0.81
97.492714 0.77
97.547589 0.79
97.607589 0.77
97.667589 0.78
97.722620 0.80
97.777733 0.80
97.833980 0.80
97.882093 0.78
97.941101 0.77
98.005651 0.77
98.060735 0.79
98.125094 0.78
98.189997 0.80
98.245223 0.77
98.304097 0.78
98.368096 0.78
98.432096 0.78
98.496096 0.79
98.555998 0.78
98.605613 0.78
98.669611 0.78
98.733615 0.78
98.797614 0.77
98.861616 0.79
98.925614 0.80
98.989616 0.77
99.058488 0.78
99.127617 0.80
99.191615 0.78
99.255617 0.79
99.324494 0.79
99.382978 0.80
99.446728 0.78
99.511104 0.78
99.575104 0.80
99.633730 0.78
99.688980 0.76
99.752731 0.79
99.807982 0.77
99.871732 0.79
99.926982 0.77
99.990749 0.78
100.049622 0.76
100.104747 0.78
100.173734 0.78
100.223748 0.79
100.292734 0.78
100.351626 0.79
100.415502 0.78
100.484625 0.78
100.543377 0.79
100.606987 0.79
100.667238 0.78
100.725863 0.79
100.787239 0.76
100.845864 0.78
100.910892 0.76
100.958267 0.80
101.007990 0.80
101.064256 0.79
101.118866 0.78
101.187991 0.78
101.252867 0.80
101.308868 0.77
101.364869 0.79
101.420869 0.77
101.476896 0.78
101.545869 0.78
101.619870 0.79
101.679872 0.79
101.744872 0.77
101.800872 0.78
101.869872 0.76
101.938997 0.79
102.002872 0.77
102.076998 0.78
102.141874 0.80
102.210874 0.80
102.284875 0.78
102.354000 0.77
102.422875 0.78
102.496876 0.80
102.571002 0.79
102.634877 0.80
102.709128 0.79
102.772878 0.78
102.842003 0.80
102.906003 0.78
102.975129 0.79
103.038880 0.79
103.103005 0.79
103.166881 0.79
103.230882 0.78
103.294882 0.79
103.358882 0.79
103.423133 0.78
103.486884 0.80
103.550884 0.79
103.614885 0.80
103.678885 0.78
103.742885 0.79
103.806886 0.79
103.871011 0.77
103.934886 0.78
103.999012 0.78
104.062887 0.78
104.126888 0.79
104.190888 0.77
104.254889 0.78
104.314767 0.80
104.369416 0.79
104.427891 0.79
104.491406 0.77
104.551891 0.77
104.620781 0.77
104.689409 0.78
104.747767 0.78
104.816408 0.79
104.874893 0.80
104.941421 0.78
104.996418 0.78
105.051420 0.78
105.106420 0.79
105.164771 0.78
105.246896 0.79
105.323897 0.79
105.400897 0.79
105.459424 0.78
105.514787 0.77
105.602274 0.79
105.657425 0.77
105.712426 0.78
105.776276 0.79
105.834792 0.79
105.912026 0.78
105.975902 0.78
106.039902 0.77
106.098903 0.78
106.171302 0.79
106.235304 0.79
106.294307 0.79
106.349305 0.76
106.404306 0.77
106.468304 0.79
106.523306 0.77
106.587305 0.78
106.659433 0.77
106.723308 0.80
106.787309 0.78
106.851306 0.78
106.924662 0.78
106.974308 0.77
107.038308 0.79
107.102311 0.79
107.166308 0.79
107.239664 0.79
107.289310 0.78
107.353313 0.80
107.417313 0.79
107.481315 0.79
107.545314 0.78
107.609314 0.79
107.678681 0.80
107.743040 0.77
107.797790 0.79
107.861916 0.77
107.925916 0.76
107.989917 0.78
108.053792 0.80
108.117918 0.78
108.181793 0.77
108.245793 0.76
108.305057 0.78
108.369326 0.79
108.438921 0.78
108.502795 0.79
108.566922 0.78
108.631046 0.79
108.695322 0.78
108.759198 0.76
108.823203 0.78
108.873324 0.78
108.937325 0.77
108.996198 0.78
109.061578 0.79
109.115201 0.77
109.180553 0.77
109.235176 0.79
109.299178 0.79
109.348927 0.80
109.398327 0.79
109.458179 0.79
109.522179 0.79
109.587557 0.78
109.635929 0.77
109.686557 0.78
109.741180 0.78
109.810694 0.78
109.879806 0.79
109.938697 0.77
110.003057 0.77
110.073560 0.79
110.128184 0.79
110.187184 0.77
110.251185 0.77
110.311700 0.78
110.380935 0.79
110.431563 0.79
110.488575 0.79
110.552810 0.79
110.611811 0.79
110.675936 0.79
110.739452 0.78
110.803188 0.77
110.867189 0.78
110.927702 0.78
110.997064 0.78
111.050703 0.78
111.114455 0.79
111.174704 0.79
111.233192 0.78
111.293707 0.79
111.352192 0.80
111.407458 0.77
111.472942 0.79
111.536458 0.78
111.596818 0.79
111.655819 0.79
111.714710 0.80
111.778712 0.79
111.837197 0.78
111.911463 0.78
111.985586 0.79
112.050454 0.78
112.110822 0.79
112.169463 0.80
112.230823 0.76
112.289465 0.78
112.350825 0.80
112.409463 0.79
112.470824 0.77
112.525714 0.78
112.585477 0.78
112.634951 0.77
112.698451 0.78
112.767076 0.79
112.825452 0.79
112.894078 0.78
112.952453 0.79
113.021078 0.79
113.079454 0.78
113.148079 0.80
113.206455 0.80
113.275080 0.78
113.333456 0.79
113.402081 0.79
113.460456 0.79
113.529082 0.78
113.587457 0.78
113.656083 0.79
113.714459 0.78
113.783084 0.79
113.841459 0.78
113.910085 0.78
113.968461 0.79
114.037086 0.77
114.095461 0.80
114.164086 0.78
114.219087 0.76
114.273962 0.78
114.333962 0.78
114.393963 0.78
114.457464 0.77
114.526089 0.77
114.580964 0.78
114.640965 0.77
114.700966 0.78
114.760965 0.78
114.820966 0.78
114.880967 0.77
114.935967 0.78
115.000268 0.80
115.074611 0.79
115.133595 0.77
115.184721 0.80
115.239345 0.78
115.308603 0.78
115.372364 0.78
115.441615 0.77
115.505848 0.78
115.564860 0.78
115.629618 0.77
115.683617 0.78
115.747350 0.79
115.816980 0.76
115.875975 0.78
115.934650 0.78
115.993479 0.78
116.057494 0.77
116.121482 0.77
116.190493 0.78
116.259853 0.80
116.328854 0.78
116.392855 0.77
116.458605 0.79
116.522370 0.80
116.591356 0.76
116.665497 0.77
116.734621 0.81
116.798374 0.79
116.866982 0.78
116.921982 0.79
116.982359 0.79
117.056499 0.77
117.125262 0.80
117.199265 0.79
117.273501 0.78
117.342629 0.77
117.406239 0.80
117.480238 0.77
117.554390 0.77
117.612989 0.78
117.676864 0.78
117.740864 0.77
117.794241 0.78
117.859511 0.78
117.914490 0.79
117.977990 0.79
118.036366 0.79
118.092616 0.80
118.143243 0.77
118.191367 0.78
118.247617 0.80
118.298244 0.77
118.352743 0.77
118.416245 0.80
118.484869 0.78
118.543245 0.80
118.611871 0.80
118.665275 0.79
118.734511 0.78
118.798389 0.79
118.867514 0.79
118.931249 0.78
119.000391 0.78
119.064374 0.79
119.133375 0.78
119.197390 0.78
119.266515 0.77
119.330252 0.78
119.404393 0.78
119.473643 0.77
119.532254 0.79
119.601284 0.79
119.665283 0.79
119.734396 0.79
119.803397 0.77
119.867285 0.79
119.941505 0.77
120.005399 0.78
120.069131 0.78
120.138402 0.78
120.202399 0.80
120.262883 0.78
120.323133 0.79
120.387399 0.77
120.446526 0.79
120.501287 0.80
120.560135 0.80
120.624136 0.79
120.683136 0.78
120.752404 0.79
120.816137 0.80
120.877653 0.80
120.936265 0.78
121.005264 0.79
121.070764 0.78
121.129140 0.79
121.185655 0.76
121.249890 0.77
121.313641 0.77
121.382656 0.78
121.446533 0.78
121.505142 0.79
121.574143 0.79
121.637905 0.79
121.691269 0.79
121.760269 0.77
121.824144 0.78
121.888020 0.79
121.951663 0.77
122.015271 0.78
122.084154 0.78
122.153022 0.80
122.227155 0.78
122.296023 0.79
122.359663 0.77
122.423425 0.78
122.484157 0.77
122.553158 0.77
122.622157 0.76
122.686154 0.78
122.750303 0.76
122.814417 0.79
122.873305 0.79
122.937570 0.77
122.994421 0.78
123.049307 0.79
123.113307 0.76
123.177434 0.78
123.232158 0.78
123.291031 0.79
123.352432 0.76
123.407160 0.79
123.466162 0.79
123.530309 0.78
123.594033 0.79
123.655436 0.78
123.710162 0.79
123.774034 0.78
123.835410 0.79
123.895675 0.79
123.964552 0.78
124.023162 0.79
124.083065 0.76
124.141558 0.79
124.205166 0.79
124.269163 0.78
124.332678 0.80
124.391664 0.78
124.455664 0.78
124.514039 0.79
124.582790 0.79
124.641179 0.79
124.704666 0.77
124.763174 0.79
124.827174 0.79
124.891042 0.77
124.959682 0.80
125.018174 0.78
125.087044 0.78
125.156044 0.79
125.225045 0.77
125.289045 0.78
125.353046 0.78
125.422209 0.77
125.486326 0.79
125.545338 0.78
125.609324 0.77
125.668206 0.77
125.732328 0.79
125.787327 0.79
125.842207 0.78
125.896050 0.78
125.960328 0.77
126.012929 0.77
126.066690 0.78
126.117955 0.80
126.165328 0.79
126.220210 0.76
126.279225 0.78
126.333220 0.78
126.387217 0.79
126.446055 0.77
126.510054 0.79
126.569209 0.78
126.628055 0.78
126.687055 0.76
126.751070 0.78
126.815056 0.78
126.879335 0.80
126.953699 0.79
127.017933 0.77
127.092058 0.78
127.156337 0.79
127.225577 0.80
127.289810 0.77
127.364061 0.78
127.423061 0.79
127.487510 0.79
127.547703 0.79
127.607966 0.79
127.661580 0.77
127.720217 0.77
127.778938 0.77
127.852939 0.78
127.922217 0.78
127.976065 0.78
128.035066 0.78
128.099065 0.79
128.163066 0.78
128.226957 0.77
128.291067 0.80
128.355068 0.77
128.419068 0.77
128.483222 0.79
128.542944 0.78
128.611820 0.78
128.680463 0.77
128.741850 0.77
128.801446 0.79
128.861460 0.78
128.919821 0.78
128.985072 0.78
129.049823 0.78
129.097947 0.77
129.157948 0.78
129.218073 0.78
129.273074 0.79
129.328074 0.77
129.379201 0.77
129.438826 0.77
129.493326 0.77
129.556826 0.77
129.618203 0.80
129.668828 0.77
129.723327 0.79
129.786828 0.78
129.855453 0.79
129.913829 0.78
129.973833 0.80
130.028332 0.77
130.091830 0.79
130.160455 0.78
130.218831 0.78
130.287456 0.79
130.345845 0.78
130.414457 0.77
130.472832 0.79
130.541458 0.77
130.599833 0.78
130.668469 0.76
130.726959 0.78
130.790460 0.77
130.848836 0.79
130.917461 0.76
130.975849 0.78
131.044462 0.78
131.102837 0.77
131.171463 0.78
131.226339 0.79
131.289839 0.79
131.358464 0.79
131.416840 0.77
131.485465 0.79
131.543840 0.78
131.612469 0.78
131.667342 0.80
131.725720 0.80
131.790842 0.78
131.860719 0.79
131.911719 0.79
131.959844 0.78
132.016094 0.79
132.066721 0.79
132.121221 0.80
132.184720 0.78
132.246100 0.79
132.295471 0.79
132.353850 0.78
132.410096 0.76
132.460737 0.80
132.508848 0.78
132.565110 0.79
132.615725 0.77
132.670238 0.76
132.733725 0.80
132.802350 0.78
132.860726 0.81
132.929351 0.78
132.987739 0.76
133.056352 0.80
133.114727 0.78
133.183353 0.78
133.241853 0.79
133.305362 0.78
133.363729 0.78
133.432355 0.77
133.490730 0.77
133.559356 0.79
133.617743 0.78
133.686357 0.78
133.744732 0.79
133.813358 0.79
133.868358 0.78
133.923358 0.80
133.981734 0.78
134.050359 0.78
134.105236 0.78
134.165360 0.77
134.220236 0.80
134.280237 0.78
134.340237 0.79
134.400238 0.78
134.460251 0.77
134.518613 0.79
134.583863 0.79
134.638864 0.78
134.702364 0.78
134.757240 0.79
134.815615 0.77
134.880870 0.78
134.935866 0.78
134.990872 0.79
135.041991 0.78
135.092632 0.78
135.147117 0.79
135.210618 0.78
135.271993 0.79
135.322619 0.80
135.377119 0.78
135.440619 0.79
135.509246 0.79
135.567745 0.78
135.631258 0.78
135.689622 0.78
135.758248 0.78
135.816622 0.77
135.885249 0.76
135.943630 0.78
136.012249 0.79
136.070624 0.79
136.139250 0.79
136.197625 0.77
136.266251 0.78
136.324626 0.76
136.393253 0.78
136.451627 0.78
136.520253 0.80
136.578640 0.79
136.647254 0.76
136.702263 0.79
136.757260 0.80
136.812255 0.80
136.867256 0.80
136.922130 0.79
136.982130 0.78
137.042131 0.77
137.102132 0.78
137.162132 0.78
137.222133 0.78
137.285638 0.79
137.345760 0.77
137.410516 0.77
137.458634 0.79
137.528518 0.78
137.576638 0.79
137.632886 0.80
137.682262 0.79
137.737137 0.77
137.795514 0.79
137.860762 0.80
137.915765 0.79
137.966888 0.80
138.017515 0.78
138.065639 0.79
138.129141 0.78
138.187515 0.76
138.248890 0.79
138.299517 0.79
138.354016 0.79
138.417517 0.77
138.486157 0.78
138.544518 0.78
138.613176 0.77
138.671645 0.80
138.740435 0.79
138.809663 0.78
138.873905 0.79
138.948021 0.79
139.014321 0.80
139.083774 0.79
139.143028 0.79
139.217665 0.77
139.282677 0.80
139.341777 0.77
139.406693 0.77
139.466161 0.78
139.535779 0.79
139.589543 0.78
139.648902 0.78
139.718432 0.80
139.782674 0.77
139.846671 0.78
139.905669 0.78
139.969409 0.79
140.034032 0.78
140.093032 0.79
140.152680 0.79
140.206659 0.77
140.260909 0.79
140.325032 0.77
140.389556 0.79
140.448677 0.79
140.504683 0.78
140.563678 0.78
140.623175 0.78
140.682915 0.77
140.747691 0.79
140.807038 0.77
140.865924 0.77
140.925037 0.77
140.994575 0.78
141.065431 0.79
141.120577 0.80
141.195682 0.79
141.254925 0.78
141.314691 0.78
141.369927 0.78
141.434453 0.80
141.493928 0.80
141.558041 0.77
141.627577 0.80
141.686794 0.76
141.756680 0.78
141.820447 0.76
141.889922 0.80
141.959045 0.78
142.018693 0.78
142.079421 0.80
142.138807 0.78
142.198445 0.78
142.264811 0.80
142.324574 0.79
142.385565 0.78
142.444799 0.76
142.514694 0.77
142.573801 0.79
142.648461 0.79
142.707568 0.78
142.766693 0.78
142.820453 0.78
142.884804 0.79
142.948927 0.77
143.018333 0.79
143.082568 0.80
143.136806 0.78
143.200929 0.77
143.270460 0.79
143.329568 0.79
143.384808 0.79
143.448931 0.77
143.518435 0.77
143.577573 0.79
143.641807 0.78
143.707334 0.80
143.767810 0.78
143.826934 0.77
143.886584 0.79
143.950937 0.78
144.022819 0.78
144.082584 0.76
144.147584 0.77
144.201812 0.77
144.265943 0.78
144.319940 0.80
144.384597 0.79
144.449442 0.79
144.524719 0.78
144.579070 0.77
144.638821 0.79
144.698442 0.77
144.767828 0.78
144.827591 0.77
144.892587 0.78
144.953319 0.80
145.022318 0.77
145.096347 0.79
145.166445 0.79
145.235821 0.78
145.301821 0.80
145.365822 0.78
145.426825 0.79
145.485823 0.76
145.542707 0.78
145.602452 0.79
145.656609 0.80
145.706450 0.78
145.765707 0.78
145.826826 0.78
145.887958 0.77
145.957324 0.78
146.021949 0.80
146.076701 0.79
146.131718 0.79
146.186714 0.79
146.241701 0.79
146.296704 0.77
146.351702 0.80
146.417205 0.78
146.471828 0.81
146.530828 0.80
146.584328 0.79
146.648707 0.79
146.712830 0.77
146.772080 0.78
146.841330 0.78
146.905353 0.80
146.969332 0.78
147.028712 0.78
147.087834 0.78
147.152385 0.77
147.216084 0.77
147.287714 0.79
147.351354 0.80
147.410837 0.78
147.474835 0.78
147.539335 0.79
147.603238 0.80
147.667357 0.79
147.736223 0.80
147.804836 0.80
147.863513 0.77
147.918714 0.79
147.977214 0.78
148.041358 0.78
148.105375 0.79
148.166357 0.79
148.230340 0.80
148.285843 0.78
148.344717 0.79
148.410971 0.77
148.480105 0.80
148.540375 0.80
148.595128 0.76
148.649619 0.78
148.714097 0.78
148.769624 0.78
148.829390 0.78
148.888725 0.79
148.940135 0.78
149.004643 0.79
149.063847 0.79
149.122724 0.77
149.181739 0.78
149.245722 0.77
149.309724 0.76
149.363395 0.80
149.422254 0.78
149.486409 0.79
149.545412 0.76
149.604651 0.77
149.664106 0.77
149.728373 0.76
149.787368 0.80
149.846381 0.76
149.905259 0.78
149.969383 0.77
150.028622 0.80
150.093262 0.76
150.152258 0.76
150.211259 0.76
150.275856 0.77
150.334748 0.77
150.399385 0.79
150.458383 0.79
150.517511 0.79
150.578268 0.77
150.637642 0.79
150.696986 0.78
150.763517 0.80
150.823288 0.77
150.877278 0.81
150.938645 0.78
151.004403 0.78
151.065518 0.76
151.121035 0.76
151.180776 0.78
151.236515 0.78
151.286741 0.78
151.347516 0.79
151.399027 0.78
151.453515 0.78
151.507635 0.77
151.576637 0.76
151.645505 0.76
151.704119 0.78
151.764000 0.78
151.811395 0.76
151.861119 0.80
151.924996 0.78
151.994120 0.77
152.045401 0.77
152.104119 0.78
152.163119 0.78
152.227123 0.81
152.291121 0.77
152.350123 0.76
152.414121 0.78
152.478124 0.78
152.541873 0.76
152.600645 0.79
152.669516 0.79
152.728126 0.77
152.792125 0.79
152.856127 0.79
152.919999 0.77
152.994128 0.77
153.053127 0.78
153.117129 0.78
153.181002 0.79
153.255128 0.78
153.319003 0.79
153.393130 0.79
153.451754 0.79
153.510648 0.77
153.571005 0.76
153.640006 0.78
153.709131 0.79
153.778524 0.79
153.834913 0.76
153.882294 0.79
153.937008 0.80
154.006133 0.78
154.065133 0.78
154.124454 0.79
154.174654 0.78
154.225960 0.78
154.280265 0.77
154.344138 0.80
154.403297 0.78
154.458290 0.78
154.513137 0.78
154.572916 0.78
154.629803 0.76
154.694140 0.79
154.758457 0.78
154.812536 0.77
154.867561 0.78
154.928143 0.79
154.987141 0.79
155.046534 0.79
155.105016 0.79
155.169922 0.78
155.219409 0.79
155.289930 0.80
155.339534 0.78
155.403537 0.77
155.457411 0.79
155.532028 0.79
155.601542 0.78
155.665897 0.77
155.730537 0.76
155.800169 0.78
155.859543 0.78
155.926170 0.78
155.987657 0.79
156.047317 0.77
156.113559 0.79
156.186159 0.77
156.245543 0.80
156.310028 0.80
156.371157 0.77
156.430544 0.78
156.486672 0.78
156.560902 0.79
156.629792 0.78
156.693669 0.79
156.752672 0.79
156.811442 0.77
156.870548 0.78
156.934672 0.78
156.993677 0.78
157.052436 0.79
157.127169 0.77
157.182164 0.79
157.247175 0.79
157.313451 0.79
157.370163 0.79
157.424908 0.77
157.494167 0.78
157.555163 0.79
157.610171 0.78
157.665166 0.80
157.720035 0.78
157.779167 0.78
157.847557 0.79
157.917037 0.80
157.976168 0.78
158.031167 0.77
158.086168 0.77
158.147045 0.79
158.206041 0.79
158.270340 0.77
158.335793 0.80
158.396049 0.79
158.456919 0.79
158.516180 0.79
158.590918 0.79
158.674045 0.79
158.738197 0.78
158.797425 0.78
158.866435 0.78
158.936046 0.80
159.000182 0.79
159.064566 0.79
159.134186 0.80
159.198441 0.79
159.257199 0.77
159.321926 0.77
159.381051 0.79
159.439924 0.79
159.503938 0.79
159.558052 0.79
159.618926 0.76
159.678574 0.79
159.742929 0.79
159.797374 0.77
159.854324 0.78
159.918938 0.78
159.973357 0.78
160.027724 0.76
160.093689 0.80
160.153348 0.78
160.209693 0.77
160.269808 0.79
160.325193 0.78
160.380689 0.78
160.445193 0.79
160.510063 0.79
160.584193 0.79
160.649065 0.79
160.709819 0.78
160.774311 0.78
160.843942 0.78
160.894065 0.78
160.949064 0.78
161.009348 0.78
161.084063 0.78
161.139064 0.78
161.193938 0.79
161.253441 0.78
161.327939 0.79
161.382064 0.79
161.445938 0.80
161.500065 0.78
161.554939 0.78
161.613942 0.79
161.672941 0.79
161.731944 0.77
161.786069 0.78
161.850336 0.78
161.915072 0.78
161.974320 0.80
162.038319 0.78
162.110954 0.78
162.171947 0.78
162.235946 0.78
162.295218 0.78
162.369950 0.78
162.424076 0.79
162.483217 0.78
162.547823 0.78
162.606947 0.78
162.657077 0.80
162.716201 0.78
162.769950 0.78
162.824076 0.77
162.898833 0.79
162.963829 0.77
163.028720 0.78
163.088576 0.79
163.157951 0.78
163.221826 0.79
163.275327 0.79
163.335497 0.78
163.399594 0.77
163.468833 0.79
163.527954 0.79
163.582956 0.79
163.639619 0.76
163.694721 0.79
163.755727 0.79
163.820082 0.78
163.885583 0.77
163.940207 0.78
164.009474 0.79
164.073209 0.79
164.147477 0.79
164.216211 0.80
164.280475 0.78
164.349212 0.78
164.404086 0.79
164.464477 0.78
164.524713 0.77
164.583213 0.78
164.647247 0.77
164.707838 0.79
164.766730 0.79
164.825367 0.78
164.889215 0.78
164.944730 0.79
165.003735 0.80
165.067718 0.78
165.131733 0.77
165.196093 0.78
165.255093 0.77
165.314730 0.78
165.368974 0.80
165.433729 0.79
165.498726 0.79
165.552980 0.79
165.612729 0.78
165.679256 0.79
165.738978 0.77
165.798726 0.80
165.858110 0.78
165.924100 0.79
165.988736 0.78
166.059103 0.77
166.123761 0.79
166.184493 0.77
166.248985 0.77
166.308624 0.79
166.388853 0.79
166.444102 0.78
166.504492 0.76
166.568476 0.79
166.637864 0.78
166.702105 0.80
166.771766 0.77
166.836754 0.79
166.897866 0.79
166.962987 0.76
167.022630 0.80
167.081991 0.77
167.141611 0.78
167.211744 0.80
167.276632 0.78
167.346745 0.78
167.411614 0.78
167.476747 0.77
167.541743 0.79
167.606641 0.79
167.667866 0.79
167.721737 0.78
167.775995 0.78
167.834988 0.80
167.895871 0.80
167.956630 0.78
168.010874 0.76
168.070636 0.76
168.135643 0.78
168.200641 0.80
168.265648 0.78
168.330624 0.78
168.384878 0.78
168.444626 0.78
168.504121 0.78
168.563879 0.77
168.623642 0.78
168.688656 0.80
168.753641 0.79
168.823753 0.80
168.878385 0.77
168.942639 0.79
169.006516 0.78
169.070883 0.80
169.130521 0.79
169.189625 0.78
169.254258 0.76
169.318627 0.78
169.383670 0.77
169.448646 0.78
169.513671 0.78
169.578543 0.79
169.632888 0.78
169.692525 0.78
169.751886 0.78
169.811530 0.79
169.886887 0.78
169.940880 0.77
169.999658 0.78
170.064659 0.78
170.129416 0.79
170.194014 0.78
170.253005 0.80
170.322421 0.79
170.386772 0.78
170.451655 0.79
170.505529 0.77
170.564780 0.78
170.644528 0.78
170.708675 0.79
170.769421 0.78
170.835330 0.79
170.889779 0.79
170.949023 0.79
171.008768 0.78
171.063014 0.79
171.123773 0.80
171.183535 0.79
171.233771 0.80
171.293666 0.79
171.350277 0.80
171.404534 0.78
171.463420 0.77
171.527680 0.80
171.586890 0.78
171.651554 0.77
171.716413 0.78
171.794473 0.78
171.853408 0.79
171.917673 0.78
171.987017 0.77
172.052538 0.79
172.111268 0.78
172.180539 0.78
172.234534 0.79
172.291779 0.79
172.361898 0.78
172.426434 0.79
172.501902 0.79
172.566473 0.78
172.641777 0.78
172.706563 0.78
172.771459 0.78
172.830669 0.78
172.900401 0.79
172.969435 0.78
173.030166 0.79
173.099314 0.80
173.169314 0.78
173.233788 0.79
173.293555 0.78
173.349031 0.78
173.404789 0.79
173.464553 0.77
173.518442 0.78
173.579785 0.78
173.639415 0.78
173.693788 0.79
173.754449 0.78
173.815575 0.78
173.876453 0.79
173.926666 0.78
173.991558 0.79
174.037670 0.79
174.102417 0.78
174.152681 0.78
174.217564 0.78
174.282560 0.78
174.339169 0.79
174.393559 0.78
174.450175 0.79
174.504567 0.79
174.569579 0.78
174.624915 0.78
174.689323 0.79
174.748567 0.80
174.818164 0.78
174.882574 0.78
174.952682 0.80
175.016928 0.79
175.081451 0.78
175.140800 0.80
175.211045 0.78
175.270572 0.78
175.340799 0.76
175.405577 0.79
175.477424 0.79
175.538583 0.80
175.610425 0.79
175.671578 0.79
175.736358 0.79
175.795933 0.77
175.860564 0.81
175.924822 0.78
175.989803 0.78
176.054443 0.78
176.119431 0.79
176.180447 0.79
176.241687 0.79
176.301348 0.78
176.362683 0.79
176.422352 0.77
176.483598 0.80
176.543356 0.77
176.604379 0.80
176.665582 0.78
176.725347 0.78
176.779581 0.78
176.839346 0.78
176.898192 0.80
176.957180 0.77
177.021053 0.80
177.081332 0.79
177.145180 0.79
177.209378 0.80
177.279558 0.78
177.344588 0.78
177.404358 0.78
177.463436 0.78
177.513435 0.77
177.568346 0.78
177.622588 0.77
177.682356 0.77
177.751705 0.78
177.821693 0.78
177.891603 0.79
177.951373 0.78
178.010581 0.80
178.080356 0.77
178.144190 0.76
178.198593 0.78
178.258362 0.79
178.328452 0.78
178.388361 0.78
178.447458 0.78
178.522065 0.78
178.591712 0.79
178.661194 0.78
178.720608 0.79
178.781592 0.78
178.847471 0.79
178.901573 0.79
178.970695 0.78
179.040206 0.80
179.104696 0.78
179.164206 0.80
179.225451 0.77
179.295380 0.78
179.352372 0.80
179.409222 0.78
179.470477 0.78
179.525953 0.79
179.580608 0.77
179.637454 0.79
179.696746 0.79
179.767252 0.77
179.828306 0.77
179.889266 0.78
179.950378 0.78
180.009748 0.78
180.069079 0.78
180.138730 0.80
180.198479 0.78
180.252715 0.79
180.312357 0.79
180.373082 0.78
180.448590 0.77
180.513374 0.78
180.577224 0.80
180.631984 0.80
180.681596 0.80
180.745474 0.78
180.804729 0.78
180.869476 0.78
180.928366 0.80
180.998608 0.78
181.068237 0.79
181.133222 0.79
181.198090 0.78
181.268224 0.79
181.333091 0.79
181.398226 0.77
181.463219 0.77
181.519223 0.78
181.589363 0.79
181.661091 0.80
181.715493 0.79
181.775289 0.77
181.835137 0.79
181.899720 0.79
181.959231 0.79
182.020492 0.77
182.080102 0.79
182.145101 0.80
182.206618 0.76
182.266404 0.78
182.326097 0.78
182.387636 0.80
182.447226 0.78
182.508104 0.79
182.569622 0.77
182.629291 0.78
182.689235 0.78
182.749100 0.78
182.808847 0.77
182.862489 0.78
182.921099 0.79
182.979974 0.78
183.048848 0.76
183.112975 0.79
183.164227 0.78
183.219102 0.78
183.277975 0.80
183.337853 0.79
183.393853 0.77
183.443371 0.78
183.502102 0.78
183.560852 0.79
183.620396 0.80
183.689854 0.80
183.754738 0.80
183.814109 0.77
183.872982 0.80
183.932399 0.76
183.996372 0.78
184.065984 0.78
184.134984 0.78
184.199112 0.78
184.258109 0.79
184.318991 0.78
184.372986 0.78
184.432413 0.78
184.488636 0.77
184.553243 0.80
184.618117 0.78
184.679382 0.77
184.735644 0.79
184.795410 0.78
184.860121 0.78
184.919994 0.76
184.975637 0.79
185.040118 0.79
185.094245 0.79
185.155253 0.79
185.214996 0.79
185.269251 0.76
185.328996 0.78
185.388409 0.81
185.443755 0.78
185.507994 0.78
185.558253 0.77
185.624999 0.79
185.686128 0.77
185.747128 0.78
185.813124 0.77
185.879256 0.79
185.944748 0.78
186.010007 0.79
186.080001 0.78
186.153253 0.79
186.207396 0.78
186.268257 0.78
186.328005 0.79
186.398435 0.76
186.464756 0.78
186.539128 0.77
186.611007 0.80
186.676011 0.79
186.744259 0.80
186.808889 0.78
186.864886 0.79
186.929882 0.78
187.000264 0.77
187.059883 0.78
187.138138 0.77
187.202884 0.78
187.272541 0.80
187.337008 0.80
187.391265 0.78
187.451013 0.78
187.512547 0.78
187.582891 0.80
187.643884 0.77
187.707389 0.78
187.762262 0.78
187.827271 0.78
187.881266 0.77
187.959274 0.77
188.020142 0.80
188.074273 0.78
188.139269 0.77
188.209173 0.78
188.269175 0.77
188.328769 0.79
188.399023 0.78
188.455646 0.79
188.525903 0.78
188.591145 0.78
188.660904 0.79
188.720417 0.77
188.790277 0.78
188.851024 0.78
188.916897 0.80
188.968017 0.79
189.018643 0.78
189.074177 0.79
189.137894 0.79
189.202168 0.78
189.266552 0.79
189.336030 0.79
189.400775 0.77
189.456185 0.78
189.512440 0.79
189.577163 0.79
189.641339 0.77
189.703732 0.78
189.764906 0.79
189.829776 0.77
189.904909 0.78
189.966161 0.77
190.027464 0.80
190.087034 0.80
190.141318 0.80
190.201039 0.77
190.260783 0.79
190.315038 0.78
190.374785 0.79
190.436042 0.80
190.495787 0.80
190.557033 0.79
190.621417 0.77
190.685907 0.79
190.750793 0.79
190.815786 0.78
190.880790 0.77
190.945789 0.79
191.006915 0.79
191.068164 0.80
191.130355 0.79
191.190040 0.79
191.254680 0.79
191.313912 0.80
191.372910 0.78
191.427910 0.78
191.482786 0.79
191.541677 0.79
191.605911 0.78
191.669341 0.79
191.744040 0.79
191.809580 0.79
191.873923 0.80
191.931343 0.78
191.990918 0.79
192.040918 0.80
192.098050 0.77
192.168045 0.77
192.237926 0.77
192.302806 0.77
192.364297 0.78
192.422672 0.77
192.486194 0.80
192.545050 0.78
192.601361 0.78
192.661053 0.79
192.720442 0.78
192.787056 0.78
192.846926 0.79
192.911935 0.76
192.971679 0.77
193.033057 0.78
193.099805 0.77
193.161341 0.78
193.226059 0.79
193.282189 0.80
193.341938 0.78
193.401682 0.78
193.456061 0.79
193.521058 0.79
193.581436 0.77
193.651189 0.78
193.710932 0.78
193.781192 0.76
193.840935 0.78
193.916067 0.79
193.975705 0.78
194.029940 0.77
194.089690 0.78
194.150704 0.78
194.220817 0.79
194.286812 0.79
194.341946 0.77
194.401708 0.80
194.451945 0.79
194.511693 0.80
194.581823 0.78
194.647820 0.77
194.708690 0.79
194.767070 0.79
194.831692 0.79
194.885947 0.79
194.945445 0.78
195.019574 0.78
195.088572 0.80
195.157693 0.79
195.222700 0.78
195.287695 0.78
195.346451 0.78
195.415070 0.79
195.486472 0.79
195.556714 0.80
195.610952 0.78
195.670722 0.79
195.748955 0.78
195.808723 0.80
195.864699 0.78
195.926210 0.79
195.985950 0.81
196.045706 0.79
196.110600 0.78
196.170211 0.79
196.229958 0.78
196.290827 0.77
196.357206 0.80
196.412829 0.79
196.473337 0.79
196.527835 0.78
196.588340 0.78
196.643577 0.79
196.704078 0.78
196.761087 0.79
196.816837 0.79
196.876599 0.80
196.941836 0.78
197.004601 0.77
197.069608 0.78
197.139960 0.80
197.200472 0.78
197.264704 0.78
197.314329 0.80
197.384083 0.80
197.449457 0.79
197.518472 0.79
197.572602 0.78
197.631715 0.77
197.692539 0.79
197.753339 0.78
197.823970 0.77
197.895601 0.79
197.949840 0.79
198.008960 0.80
198.062718 0.79
198.127603 0.78
198.191337 0.80
198.261614 0.80
198.320965 0.78
198.380615 0.78
198.445614 0.78
198.507099 0.78
198.568617 0.79
198.633490 0.78
198.698495 0.78
198.762606 0.79
198.821842 0.77
198.891360 0.79
198.959369 0.78
199.018740 0.76
199.084970 0.77
199.151095 0.78
199.220612 0.77
199.270620 0.80
199.325222 0.79
199.384490 0.79
199.434724 0.79
199.498972 0.78
199.559228 0.78
199.618612 0.80
199.677615 0.78
199.732848 0.79
199.793493 0.79
199.852498 0.78
199.911226 0.79
199.975736 0.77
200.029852 0.78
200.083370 0.78
200.142610 0.79
200.192371 0.76
200.251371 0.80
200.301731 0.78
200.360855 0.77
200.421239 0.80
200.480372 0.77
200.545116 0.81
200.615236 0.77
200.685509 0.78
200.750506 0.78
200.809503 0.79
200.863624 0.77
200.932995 0.79
200.992626 0.79
201.056859 0.77
201.126870 0.78
201.198632 0.77
201.268872 0.79
201.339115 0.80
201.398744 0.78
201.458513 0.77
201.512865 0.78
201.577530 0.78
201.642408 0.77
201.701757 0.79
201.762636 0.80
201.826865 0.79
201.887379 0.79
201.951615 0.78
202.026114 0.79
202.095243 0.78
202.159244 0.80
202.223242 0.78
202.273645 0.77
202.327871 0.78
202.384129 0.80
202.438879 0.79
202.498294 0.78
202.548650 0.78
202.609623 0.78
202.663874 0.79
202.726130 0.79
202.790388 0.79
202.844652 0.79
202.904423 0.78
202.963875 0.77
203.028633 0.78
203.082876 0.76
203.147654 0.79
203.207255 0.80
203.276877 0.80
203.336420 0.79
203.395662 0.80
203.455542 0.80
203.527421 0.77
203.586674 0.78
203.640882 0.78
203.701658 0.78
203.761263 0.78
203.836673 0.78
203.893649 0.79
203.953423 0.79
204.012255 0.80
204.066255 0.79
204.135256 0.78
204.199130 0.80
204.268531 0.77
204.329649 0.80
204.393757 0.78
204.450667 0.80
204.511137 0.77
204.570540 0.78
204.645558 0.78
204.695898 0.77
204.766267 0.79
204.821888 0.80
204.891138 0.79
204.960134 0.77
205.029140 0.77
205.093137 0.79
205.152440 0.78
205.217140 0.79
205.281552 0.78
205.341273 0.78
205.406144 0.80
205.481683 0.79
205.542415 0.79
205.612664 0.79
205.672539 0.78
205.736538 0.79
205.806541 0.79
205.872144 0.78
205.931144 0.79
205.991770 0.78
206.061144 0.80
206.119659 0.77
206.183536 0.77
206.242144 0.78
206.311145 0.78
206.380154 0.78
206.443896 0.78
206.518155 0.78
206.582167 0.77
206.656540 0.78
206.724327 0.77
206.779544 0.78
206.838541 0.78
206.908548 0.79
206.962672 0.79
207.032442 0.78
207.093158 0.80
207.157557 0.78
207.223158 0.78
207.284571 0.79
207.341553 0.79
207.407446 0.80
207.482316 0.78
207.537158 0.76
207.614548 0.77
207.675937 0.78
207.729674 0.77
207.799160 0.78
207.863167 0.80
207.927162 0.78
207.999438 0.78
208.050938 0.79
208.098316 0.78
208.148037 0.77
208.207162 0.78
208.266164 0.78
208.320163 0.79
208.379166 0.78
208.438040 0.80
208.502164 0.80
208.572468 0.80
208.626040 0.78
208.680423 0.80
208.740171 0.77
208.804698 0.79
208.864443 0.79
208.923682 0.80
208.983167 0.78
209.041916 0.80
209.116169 0.79
209.174916 0.77
209.249168 0.80
209.308172 0.79
209.366918 0.80
209.430921 0.76
209.499922 0.80
209.569046 0.78
209.628046 0.77
209.682576 0.79
209.752175 0.78
209.806431 0.78
209.862701 0.77
209.922177 0.80
209.981188 0.80
210.046180 0.78
210.107359 0.77
210.167057 0.79
210.228189 0.78
210.289683 0.78
210.349430 0.78
210.413713 0.80
210.473434 0.78
210.538192 0.76
210.598061 0.80
210.659193 0.78
210.716373 0.78
210.776059 0.78
210.830435 0.80
210.890062 0.78
210.968192 0.79
211.025587 0.78
211.085348 0.80
211.145820 0.80
211.200187 0.77
211.254932 0.79
211.318932 0.80
211.375188 0.79
211.430061 0.79
211.489060 0.78
211.539371 0.79
211.599065 0.78
211.657949 0.79
211.733445 0.77
211.799191 0.77
211.860200 0.78
211.915589 0.80
211.985065 0.80
212.045941 0.78
212.110380 0.79
212.170071 0.80
212.235078 0.79
212.296610 0.78
212.366696 0.79
212.426387 0.79
212.491365 0.80
212.556203 0.79
212.621207 0.78
212.681080 0.78
212.746214 0.77
212.802447 0.78
212.858593 0.79
212.918379 0.78
212.979447 0.78
213.049384 0.78
213.113597 0.80
213.173391 0.79
213.234207 0.78
213.290456 0.78
213.346454 0.79
213.419256 0.78
213.484085 0.79
213.550079 0.79
213.620084 0.77
213.675455 0.80
213.740212 0.80
213.794599 0.78
213.849714 0.78
213.904211 0.79
213.958455 0.78
214.019218 0.78
214.078959 0.80
214.133081 0.80
214.183081 0.77
214.243331 0.78
214.308717 0.79
214.372956 0.78
214.436831 0.78
214.500833 0.79
214.561087 0.79
214.626963 0.77
214.680966 0.78
214.734972 0.77
214.799963 0.76
214.864256 0.79
214.918230 0.80
214.982353 0.80
215.051967 0.78
215.119484 0.78
215.179224 0.78
215.239092 0.77
215.304096 0.78
215.360489 0.78
215.420100 0.76
215.484972 0.78
215.539219 0.77
215.595494 0.79
215.662227 0.78
215.727228 0.78
215.783492 0.79
215.839362 0.77
215.909221 0.79
215.970222 0.78
216.026400 0.78
216.086100 0.79
216.145224 0.78
216.209975 0.78
216.271629 0.78
216.326108 0.79
216.387496 0.78
216.451974 0.79
216.516854 0.80
216.570985 0.76
216.631857 0.78
216.696853 0.78
216.747108 0.78
216.812232 0.80
216.878241 0.78
216.938109 0.78
216.997864 0.79
217.062863 0.79
217.132856 0.80
217.192520 0.80
217.252109 0.77
217.317113 0.78
217.382243 0.79
217.448115 0.77
217.508114 0.77
217.573125 0.78
217.647990 0.78
217.712735 0.78
217.771984 0.79
217.835855 0.78
217.894981 0.80
217.950267 0.80
218.024750 0.79
218.089111 0.80
218.142735 0.78
218.207115 0.78
218.272625 0.80
218.341758 0.78
218.405735 0.79
218.469738 0.79
218.533738 0.78
218.602740 0.77
218.656993 0.77
218.716252 0.80
218.776000 0.78
218.837246 0.79
218.907002 0.79
218.966746 0.79
219.026426 0.80
219.085875 0.80
219.139745 0.79
219.190000 0.76
219.249749 0.80
219.309248 0.80
219.373998 0.79
219.443248 0.77
219.507996 0.78
219.582145 0.79
219.642874 0.79
219.692747 0.79
219.753755 0.77
219.815298 0.79
219.885131 0.78
219.946007 0.78
220.001509 0.77
220.056002 0.78
220.120879 0.80
220.170770 0.79
220.230009 0.79
220.290520 0.78
220.345019 0.80
220.404755 0.79
220.463772 0.78
220.533881 0.80
220.598139 0.78
220.657887 0.80
220.725514 0.80
220.780016 0.79
220.839527 0.80
220.899010 0.79
220.958134 0.77
221.032773 0.78
221.096771 0.79
221.160647 0.79
221.229649 0.79
221.293648 0.78
221.357649 0.79
221.421648 0.77
221.480650 0.78
221.544653 0.79
221.603655 0.78
221.667540 0.79
221.734144 0.79
221.799889 0.79
221.855011 0.78
221.920765 0.79
221.979898 0.80
222.039650 0.78
222.099017 0.78
222.158667 0.79
222.222894 0.78
222.287675 0.78
222.352666 0.77
222.417403 0.78
222.478769 0.78
222.533410 0.77
222.592899 0.77
222.652523 0.78
222.711661 0.77
222.776028 0.80
222.836899 0.79
222.908676 0.80
222.969442 0.78
223.023905 0.80
223.079426 0.76
223.139034 0.80
223.205553 0.79
223.266902 0.79
223.326674 0.79
223.391550 0.79
223.480674 0.79
223.555674 0.78
223.620679 0.77
223.685657 0.77
223.750685 0.78
223.815683 0.79
223.880676 0.78
223.940040 0.78
224.010031 0.78
224.069557 0.77
224.134554 0.80
224.199551 0.78
224.264559 0.79
224.328918 0.79
224.385917 0.78
224.455437 0.78
224.521434 0.78
224.586033 0.79
224.650688 0.78
224.711557 0.78
224.765541 0.77
224.830556 0.78
224.895560 0.78
224.949441 0.77
225.008794 0.79
225.062912 0.79
225.123799 0.78
225.179309 0.80
225.238915 0.80
225.303791 0.80
225.368049 0.79
225.427799 0.78
225.481918 0.78
225.546798 0.77
225.606569 0.81
225.671581 0.80
225.736479 0.78
225.786796 0.78
225.847294 0.78
225.906689 0.79
225.976429 0.79
226.046578 0.78
226.111336 0.78
226.181430 0.77
226.235567 0.80
226.294803 0.79
226.360051 0.79
226.420809 0.80
226.480586 0.78
226.545301 0.77
226.609930 0.77
226.674806 0.77
226.734433 0.79
226.790431 0.79
226.865812 0.78
226.926812 0.79
226.987804 0.80
227.052433 0.80
227.117431 0.79
227.167812 0.80
227.228811 0.77
227.288431 0.78
227.342714 0.80
227.397067 0.78
227.461814 0.80
227.522937 0.77
227.587808 0.78
227.641325 0.79
227.691718 0.79
227.751060 0.78
227.820433 0.78
227.879338 0.78
227.933585 0.77
227.988811 0.78
228.054694 0.78
228.114384 0.81
228.184437 0.79
228.244063 0.78
228.299689 0.79
228.364376 0.78
228.439688 0.79
228.509503 0.79
228.574462 0.79
228.633315 0.79
228.693075 0.80
228.758067 0.78
228.833593 0.79
228.903945 0.77
228.979594 0.80
229.051445 0.79
229.110591 0.79
229.179816 0.80
229.233332 0.77
229.292445 0.80
229.351943 0.77
229.416602 0.78
229.488361 0.78
229.547704 0.78
229.612471 0.78
229.668239 0.78
229.738521 0.79
229.790950 0.77
229.855705 0.78
229.915331 0.79
229.974592 0.79
230.043946 0.79
230.113199 0.79
230.182226 0.80
230.246449 0.78
230.310462 0.79
230.369577 0.78
230.433699 0.77
230.497824 0.77
230.559825 0.78
230.616114 0.77
230.675249 0.79
230.734077 0.77
230.798231 0.77
230.852471 0.80
230.916349 0.79
230.975614 0.77
231.035353 0.79
231.089610 0.78
231.149382 0.78
231.208719 0.79
231.284482 0.79
231.354249 0.79
231.424529 0.79
231.496380 0.77
231.555967 0.78
231.626358 0.76
231.691275 0.77
231.766718 0.78
231.820839 0.78
231.880612 0.80
231.940388 0.77
232.004589 0.80
232.068264 0.80
232.137975 0.78
232.204725 0.77
232.280382 0.79
232.345391 0.77
232.411611 0.79
232.476496 0.79
232.536266 0.79
232.595343 0.80
232.649255 0.78
232.710384 0.79
232.769633 0.76
232.830732 0.78
232.895262 0.79
232.945499 0.78
233.005269 0.76
233.059224 0.78
233.120500 0.77
233.180978 0.79
233.240390 0.79
233.290505 0.80
233.352003 0.77
233.400611 0.79
233.455848 0.77
233.514614 0.80
233.583620 0.78
233.642598 0.77
233.706617 0.78
233.770616 0.78
233.840110 0.76
233.915103 0.80
233.979422 0.79
234.049634 0.80
234.114409 0.79
234.184649 0.79
234.245499 0.79
234.315642 0.79
234.385861 0.77
234.445380 0.78
234.515640 0.78
234.585626 0.79
234.645506 0.80
234.711863 0.78
234.776274 0.77
234.830512 0.79
234.896109 0.77
234.952288 0.79
235.022634 0.77
235.094511 0.78
235.154289 0.80
235.220121 0.80
235.276390 0.78
235.336116 0.78
235.390428 0.77
235.448044 0.77
235.502405 0.78
235.562123 0.78
235.622119 0.80
235.681393 0.77
235.741246 0.78
235.805995 0.78
235.860288 0.79
235.906522 0.80
235.959278 0.78
236.005428 0.79
236.065127 0.80
236.130120 0.79
236.195130 0.79
236.261622 0.78
236.321423 0.78
236.381125 0.78
236.436641 0.79
236.501751 0.78
236.561286 0.77
236.626872 0.77
236.690996 0.78
236.756514 0.77
236.809996 0.77
236.878997 0.77
236.942872 0.78
237.008401 0.78
237.061873 0.77
237.132000 0.78
237.191002 0.79
237.255127 0.78
237.319398 0.79
237.379136 0.79
237.438649 0.79
237.503136 0.79
237.568134 0.78
237.638014 0.78
237.692551 0.79
237.757259 0.79
237.812652 0.78
237.877260 0.78
237.952259 0.79
238.017135 0.78
238.076007 0.78
238.140009 0.79
238.198882 0.77
238.268134 0.78
238.326884 0.79
238.396139 0.77
238.450140 0.80
238.504012 0.79
238.563138 0.76
238.624264 0.78
238.688529 0.79
238.749143 0.76
238.798531 0.80
238.852405 0.78
238.913430 0.77
238.978023 0.77
239.043025 0.78
239.104018 0.77
239.158274 0.79
239.216891 0.78
239.281841 0.77
239.352022 0.78
239.411269 0.79
239.481802 0.77
239.537795 0.78
239.586186 0.80
239.661156 0.79
239.715659 0.79
239.776277 0.78
239.835773 0.80
239.895800 0.79
239.945271 0.80
240.008894 0.79
240.073155 0.78
240.129806 0.79
240.184431 0.79
240.258899 0.79
240.328024 0.78
240.392163 0.79
240.461428 0.78
240.536176 0.81
240.605433 0.76
240.669441 0.77
240.743901 0.78
240.798035 0.79
240.862405 0.80
240.931788 0.79
240.998554 0.79
241.063041 0.77
241.122915 0.78
241.184165 0.78
241.249038 0.79
241.308913 0.80
241.363043 0.79
241.428041 0.78
241.482557 0.80
241.547035 0.79
241.606915 0.77
241.665782 0.77
241.735164 0.78
241.790436 0.80
241.854322 0.79
241.913315 0.80
241.977315 0.77
242.032444 0.79
242.102037 0.80
242.161039 0.78
242.215913 0.77
242.274788 0.79
242.339039 0.77
242.393790 0.77
242.450040 0.78
242.500665 0.78
242.550168 0.79
242.613666 0.79
242.675040 0.79
242.726041 0.77
242.780917 0.79
242.839688 0.80
242.904180 0.79
242.973324 0.77
243.037344 0.80
243.103296 0.80
243.167800 0.78
243.228935 0.78
243.287933 0.77
243.352932 0.78
243.417802 0.78
243.477049 0.78
243.542053 0.79
243.606808 0.80
243.668217 0.79
243.732928 0.78
243.794057 0.80
243.853806 0.77
243.915206 0.77
243.974807 0.78
244.034324 0.77
244.094064 0.78
244.150433 0.79
244.215216 0.79
244.271352 0.77
244.335699 0.78
244.400065 0.79
244.456351 0.80
244.520938 0.80
244.581813 0.79
244.641069 0.78
244.700816 0.77
244.755061 0.77
244.825244 0.78
244.882064 0.77
244.937571 0.79
244.992069 0.80
245.048356 0.78
245.109063 0.79
245.179244 0.77
245.239946 0.78
245.300822 0.77
245.365815 0.79
245.435721 0.77
245.500943 0.78
245.561946 0.78
245.633819 0.79
245.698716 0.78
245.763815 0.79
245.827822 0.81
245.884368 0.80
245.943819 0.79
246.003255 0.78
246.075074 0.79
246.139695 0.77
246.209952 0.80
246.279442 0.80
246.344231 0.78
246.410196 0.78
246.471378 0.80
246.532825 0.77
246.586948 0.78
246.648349 0.77
246.712586 0.78
246.772079 0.79
246.831200 0.79
246.891707 0.79
246.953077 0.78
247.016825 0.78
247.081711 0.79
247.141076 0.78
247.201082 0.78
247.259456 0.79
247.315953 0.76
247.374451 0.77
247.443597 0.78
247.503959 0.76
247.563207 0.76
247.632408 0.78
247.692087 0.78
247.757831 0.79
247.816830 0.77
247.882832 0.78
247.948602 0.79
248.009727 0.79
248.068831 0.78
248.129737 0.78
248.194606 0.79
248.270090 0.78
248.335258 0.78
248.390969 0.79
248.450716 0.80
248.517387 0.77
248.581848 0.80
248.646959 0.77
248.717487 0.78
248.772084 0.78
248.831959 0.79
248.895460 0.78
248.964085 0.77
249.022461 0.79
249.091086 0.78
249.149462 0.79
249.218089 0.80
249.276839 0.77
249.342358 0.78
249.406841 0.79
249.471489 0.79
249.530486 0.79
249.589975 0.77
249.643970 0.78
249.704612 0.79
249.768856 0.79
249.829485 0.79
249.895093 0.77
249.969372 0.80
250.038361 0.78
250.102613 0.79
250.166976 0.79
250.226620 0.80
250.280848 0.78
250.345649 0.77
250.405101 0.79
250.470856 0.78
250.530625 0.78
250.584852 0.78
250.656737 0.79
250.717623 0.79
250.767853 0.79
250.832366 0.80
250.896617 0.77
250.960619 0.77
251.019491 0.77
251.083493 0.78
251.142618 0.76
251.206625 0.79
251.265625 0.77
251.324621 0.80
251.385866 0.77
251.445629 0.77
251.506627 0.78
251.576377 0.77
251.645625 0.79
251.704858 0.78
251.769386 0.79
251.835864 0.80
251.894986 0.78
251.955625 0.80
252.019374 0.78
252.093859 0.79
252.152985 0.77
252.211860 0.78
252.275985 0.79
252.334861 0.78
252.398986 0.80
252.457862 0.78
252.521987 0.79
252.580863 0.80
252.640115 0.79
252.714761 0.78
252.779287 0.78
252.843753 0.77
252.903522 0.79
252.964287 0.79
253.019751 0.76
253.079645 0.78
253.140124 0.79
253.195751 0.80
253.260515 0.78
253.324639 0.78
253.379871 0.78
253.443994 0.79
253.503749 0.78
253.562873 0.79
253.616758 0.78
253.676528 0.79
253.741415 0.79
253.805874 0.79
253.875390 0.79
253.939416 0.78
253.998518 0.80
254.058999 0.80
254.128125 0.79
254.197403 0.80
254.261538 0.79
254.320519 0.78
254.384648 0.79
254.439756 0.79
254.498754 0.78
254.563765 0.78
254.617885 0.78
254.687883 0.80
254.746881 0.78
254.800287 0.78
254.864399 0.78
254.923399 0.77
254.987401 0.78
255.046399 0.78
255.110410 0.79
255.169401 0.78
255.233411 0.77
255.297412 0.78
255.361524 0.78
255.425651 0.77
255.489759 0.78
255.544884 0.78
255.600011 0.80
255.674655 0.77
255.740403 0.79
255.804263 0.78
255.873654 0.80
255.939139 0.78
255.997763 0.78
256.058140 0.80
256.132265 0.78
256.197767 0.79
256.258189 0.79
256.327268 0.77
256.396774 0.78
256.450536 0.79
256.511457 0.79
256.575771 0.80
256.629554 0.79
256.699780 0.76
256.759314 0.79
256.819028 0.80
256.884025 0.79
256.948536 0.79
256.998145 0.79
257.064180 0.79
257.133445 0.79
257.192791 0.79
257.246157 0.79
257.310155 0.78
257.374158 0.78
257.438564 0.79
257.514029 0.80
257.572789 0.77
257.632713 0.78
257.692448 0.77
257.746569 0.80
257.818423 0.78
257.877433 0.79
257.936432 0.78
257.995311 0.77
258.059447 0.77
258.116323 0.79
258.180160 0.78
258.244316 0.78
258.298434 0.77
258.359446 0.77
258.414439 0.80
258.460550 0.78
258.524783 0.79
258.588914 0.80
258.658033 0.78
258.721675 0.78
258.787065 0.77
258.847176 0.80
258.907289 0.78
258.962286 0.78
259.013414 0.77
259.068421 0.80
259.125081 0.78
259.184457 0.77
259.249333 0.80
259.304072 0.76
259.359567 0.79
259.419331 0.78
259.478169 0.77
259.542180 0.78
259.606667 0.78
259.670793 0.79
259.735441 0.78
259.794678 0.79
259.859365 0.78
259.925459 0.79
259.995427 0.77
260.065570 0.78
260.130182 0.79
260.205716 0.77
260.270441 0.78
260.342369 0.79
260.403204 0.78
260.467443 0.79
260.537427 0.79
260.596219 0.78
260.646580 0.77
260.706052 0.78
260.770333 0.78
260.829448 0.78
260.893801 0.78
260.952693 0.79
261.011697 0.76
261.070693 0.79
261.131221 0.78
261.190333 0.77
261.245324 0.79
261.304433 0.79
261.359804 0.79
261.414573 0.79
261.470970 0.79
261.520680 0.80
261.577340 0.81
261.627224 0.78
261.686057 0.77
261.750056 0.78
261.809230 0.78
261.868057 0.80
261.932062 0.77
261.996217 0.77
262.050444 0.78
262.110063 0.79
262.169062 0.79
262.223440 0.78
262.284585 0.78
262.349382 0.78
262.415823 0.79
262.475231 0.77
262.534315 0.78
262.584587 0.78
262.638707 0.77
262.698977 0.78
262.754447 0.77
262.808691 0.76
262.868257 0.78
262.933251 0.77
262.998349 0.78
263.068601 0.79
263.133069 0.78
263.198368 0.79
263.258074 0.78
263.312516 0.78
263.373599 0.78
263.440242 0.79
263.501475 0.79
263.564227 0.78
263.614321 0.78
263.683462 0.77
263.743071 0.78
263.806946 0.79
263.875946 0.79
263.945072 0.79
264.009074 0.78
264.067947 0.79
264.137853 0.78
264.185229 0.78
264.239949 0.78
264.298593 0.78
264.362325 0.78
264.425951 0.77
264.490862 0.79
264.538230 0.78
264.588856 0.79
264.636236 0.78
264.685828 0.80
264.755828 0.80
264.803953 0.77
264.864078 0.79
264.918247 0.77
264.992958 0.79
265.051831 0.78
265.120456 0.78
265.178831 0.78
265.240209 0.76
265.290869 0.78
265.354708 0.79
265.425089 0.80
265.489336 0.77
265.552842 0.79
265.621967 0.78
265.691614 0.77
265.751414 0.78
265.821612 0.80
265.886492 0.80
265.953094 0.78
266.007102 0.78
266.072288 0.78
266.142386 0.80
266.195964 0.77
266.259463 0.80
266.313089 0.79
266.366966 0.79
266.433092 0.77
266.491966 0.79
266.551093 0.78
266.609842 0.80
266.684094 0.78
266.739612 0.80
266.798603 0.79
266.858266 0.79
266.912613 0.78
266.977106 0.80
267.036981 0.77
267.098370 0.78
267.158751 0.77
267.217849 0.79
267.282103 0.78
267.343772 0.80
267.408100 0.78
267.454288 0.77
267.513981 0.78
267.573267 0.77
267.632983 0.79
267.683286 0.79
267.742980 0.80
267.801978 0.78
267.860979 0.77
267.919978 0.77
267.984274 0.80
268.049765 0.77
268.104982 0.79
268.159108 0.78
268.208981 0.78
268.273106 0.80
268.327980 0.80
268.386855 0.78
268.450980 0.78
268.509855 0.79
268.573982 0.78
268.632857 0.78
268.697107 0.76
268.766385 0.78
268.830262 0.76
268.894388 0.77
268.968984 0.77
269.027984 0.80
269.092304 0.79
269.151381 0.79
269.210396 0.78
269.274990 0.76
269.333737 0.80
269.402994 0.78
269.462384 0.81
269.526402 0.78
269.586120 0.78
269.645385 0.78
269.715004 0.79
269.774873 0.80
269.844876 0.78
269.910002 0.80
269.971121 0.77
270.030875 0.77
270.095876 0.77
270.156693 0.77
270.211125 0.80
270.270877 0.77
270.341005 0.78
270.401883 0.78
270.460750 0.79
270.525519 0.79
270.581004 0.77
270.630395 0.78
270.690130 0.80
270.755007 0.78
270.812254 0.77
270.869131 0.78
270.928882 0.80
270.988138 0.79
271.047882 0.80
271.114651 0.79
271.184886 0.77
271.250011 0.80
271.316257 0.78
271.381260 0.79
271.451526 0.77
271.520509 0.78
271.580131 0.78
271.649654 0.79
271.709006 0.80
271.783883 0.78
271.843268 0.78
271.918767 0.76
271.973137 0.78
272.032766 0.80
272.097768 0.79
272.158889 0.79
272.222773 0.76
272.284140 0.76
272.348895 0.80
272.419018 0.77
272.473304 0.78
272.533020 0.76
272.603145 0.77
272.659277 0.80
272.718893 0.78
272.778645 0.78
272.844558 0.77
272.914174 0.79
272.975019 0.79
273.045160 0.77
273.116773 0.79
273.176523 0.77
273.231027 0.76
273.295773 0.79
273.350027 0.79
273.405591 0.76
273.460025 0.80
273.518652 0.78
273.579028 0.80
273.643900 0.77
273.704778 0.79
273.766327 0.80
273.830534 0.79
273.895536 0.78
273.951323 0.78
274.016029 0.79
274.086168 0.80
274.152796 0.79
274.216527 0.78
274.285165 0.78
274.357033 0.78
274.416681 0.79
274.485669 0.80
274.551902 0.76
274.621030 0.78
274.679781 0.78
274.739170 0.80
274.799904 0.79
274.865411 0.78
274.925533 0.78
274.986032 0.79
275.045912 0.79
275.110428 0.79
275.169675 0.78
275.228686 0.78
275.282678 0.80
275.346540 0.79
275.415172 0.79
275.475662 0.77
275.534039 0.79
275.599685 0.79
275.668557 0.78
275.733179 0.78
275.798050 0.79
275.856410 0.81
275.921786 0.76
275.975675 0.79
276.039911 0.77
276.108915 0.79
276.178040 0.78
276.242665 0.78
276.301682 0.77
276.355923 0.78
276.415570 0.78
276.490929 0.77
276.550568 0.78
276.626047 0.80
276.686926 0.78
276.746572 0.79
276.821932 0.77
276.881569 0.79
276.946676 0.79
277.006055 0.78
277.077930 0.77
277.137693 0.76
277.201303 0.79
277.261428 0.77
277.321064 0.79
277.396583 0.77
277.455303 0.80
277.525202 0.80
277.597200 0.79
277.666197 0.80
277.725814 0.80
277.779556 0.78
277.838813 0.78
277.898713 0.78
277.958208 0.76
278.022806 0.77
278.087688 0.77
278.148808 0.78
278.210060 0.80
278.269311 0.78
278.343815 0.78
278.403591 0.79
278.468581 0.78
278.527435 0.80
278.602811 0.79
278.661821 0.80
278.721584 0.76
278.791581 0.79
278.855817 0.79
278.915584 0.78
278.980313 0.80
279.039818 0.79
279.099588 0.79
279.164074 0.80
279.223816 0.77
279.283315 0.79
279.357824 0.77
279.412823 0.77
279.473817 0.79
279.537938 0.80
279.602594 0.78
279.661952 0.79
279.733828 0.79
279.793592 0.80
279.858594 0.78
279.923600 0.78
279.988446 0.80
280.058447 0.78
280.128591 0.77
280.192202 0.78
280.255952 0.79
280.320448 0.79
280.385076 0.80
280.454949 0.77
280.524599 0.78
280.589582 0.80
280.650827 0.79
280.707080 0.79
280.766832 0.79
280.826452 0.79
280.885953 0.76
280.942705 0.78
281.008610 0.80
281.069491 0.78
281.134476 0.78
281.184712 0.78
281.244487 0.80
281.303207 0.80
281.378481 0.79
281.428712 0.79
281.482833 0.79
281.544954 0.78
281.605713 0.78
281.665468 0.78
281.730481 0.80
281.795481 0.77
281.860478 0.78
281.919725 0.80
281.978707 0.79
282.033723 0.79
282.103481 0.79
282.168089 0.79
282.232837 0.77
282.292715 0.80
282.352403 0.78
282.427970 0.78
282.492249 0.78
282.551352 0.77
282.616094 0.78
282.680716 0.78
282.750724 0.79
282.810364 0.77
282.880721 0.80
282.940493 0.77
282.999846 0.78
283.059722 0.77
283.131722 0.79
283.196093 0.80
283.260726 0.78
283.325615 0.78
283.390394 0.78
283.450397 0.77
283.511502 0.79
283.576499 0.78
283.633850 0.80
283.698618 0.77
283.764980 0.79
283.824617 0.79
283.889274 0.78
283.943629 0.77
283.997852 0.76
284.054625 0.79
284.112174 0.78
284.166495 0.78
284.225166 0.78
284.279639 0.79
284.338853 0.78
284.402604 0.78
284.471981 0.80
284.531624 0.80
284.585864 0.78
284.641625 0.78
284.700855 0.78
284.765290 0.78
284.840625 0.80
284.916552 0.79
284.981278 0.78
285.045239 0.76
285.101488 0.78
285.152112 0.79
285.207400 0.78
285.261521 0.80
285.331737 0.80
285.401758 0.77
285.477408 0.80
285.531245 0.77
285.594742 0.80
285.653740 0.77
285.725636 0.78
285.785113 0.78
285.849377 0.80
285.908378 0.79
285.967264 0.78
286.026263 0.79
286.090391 0.81
286.149266 0.78
286.213392 0.78
286.272265 0.78
286.336391 0.78
286.395266 0.78
286.459394 0.79
286.516529 0.78
286.580869 0.78
286.636030 0.78
286.691393 0.78
286.748121 0.78
286.813299 0.76
286.874527 0.80
286.930040 0.80
286.984311 0.77
287.049254 0.79
287.110414 0.80
287.171254 0.80
287.232059 0.78
287.291645 0.79
287.351255 0.78
287.416269 0.79
287.486261 0.79
287.551299 0.79
287.616255 0.80
287.675641 0.77
287.739762 0.77
287.810006 0.77
287.874884 0.79
287.934523 0.78
287.998286 0.79
288.052126 0.77
288.116522 0.77
288.175283 0.80
288.234129 0.78
288.298005 0.78
288.367006 0.76
288.436133 0.78
288.494756 0.79
288.553646 0.79
288.622883 0.78
288.692131 0.78
288.756007 0.78
288.825259 0.78
288.884420 0.78
288.944138 0.78
289.009012 0.79
289.078011 0.79
289.147545 0.80
289.207140 0.81
289.265643 0.78
289.322023 0.78
289.376392 0.79
289.442458 0.78
289.512281 0.79
289.569143 0.79
289.619440 0.80
289.679176 0.78
289.743662 0.79
289.803444 0.77
289.863176 0.80
289.928145 0.77
289.978442 0.77
290.033965 0.79
290.088272 0.79
290.142401 0.78
290.202338 0.78
290.263648 0.77
290.323452 0.78
290.383042 0.79
290.458437 0.78
290.518164 0.79
290.572427 0.80
290.626673 0.78
290.686445 0.80
290.751183 0.78
290.810777 0.78
290.870439 0.79
290.940558 0.80
291.010163 0.78
291.069556 0.79
291.139778 0.78
291.205427 0.78
291.265167 0.79
291.330160 0.80
291.395163 0.77
291.465409 0.80
291.525045 0.78
291.590162 0.78
291.651660 0.78
291.716416 0.77
291.776164 0.79
291.837662 0.78
291.897451 0.77
291.957035 0.76
292.018680 0.79
292.078416 0.77
292.134705 0.79
292.194431 0.79
292.250571 0.79
292.310355 0.78
292.378333 0.77
292.443043 0.80
292.504421 0.76
292.565171 0.77
292.615169 0.78
292.675853 0.78
292.730334 0.78
292.795168 0.79
292.850179 0.80
292.907563 0.80
292.963350 0.78
293.023051 0.81
293.088046 0.78
293.158174 0.78
293.219177 0.78
293.280045 0.79
293.330349 0.77
293.390183 0.81
293.451047 0.76
293.505172 0.79
293.560429 0.77
293.621338 0.78
293.681799 0.77
293.742182 0.78
293.814049 0.78
293.887345 0.80
293.954052 0.80
294.024359 0.77
294.084060 0.78
294.149180 0.78
294.221055 0.78
294.286196 0.77
294.356053 0.78
294.420926 0.76
294.487356 0.80
294.557344 0.80
294.613439 0.77
294.669577 0.78
294.729363 0.78
294.785574 0.77
294.845352 0.78
294.906056 0.80
294.970716 0.78
295.037056 0.78
295.101937 0.79
295.156376 0.77
295.221351 0.78
295.286357 0.79
295.342441 0.78
295.407186 0.80
295.472063 0.78
295.542334 0.78
295.596342 0.79
295.657064 0.78
295.717940 0.80
295.768212 0.78
295.833193 0.78
295.898067 0.79
295.954721 0.78
296.014358 0.79
296.074943 0.78
296.139065 0.79
296.193939 0.76
296.244194 0.81
296.308440 0.78
296.377949 0.78
296.428196 0.78
296.492193 0.77
296.555700 0.81
296.620332 0.78
296.684949 0.79
296.749950 0.79
296.804363 0.81
296.874370 0.80
296.946254 0.78
297.011208 0.79
297.076071 0.78
297.135825 0.79
297.196956 0.79
297.258217 0.79
297.318077 0.78
297.382831 0.77
297.444210 0.76
297.503828 0.80
297.558082 0.79
297.617836 0.76
297.677454 0.77
297.737080 0.79
297.796838 0.81
297.861830 0.80
297.920581 0.79
297.981959 0.79
298.040578 0.78
298.101085 0.78
298.160838 0.76
298.219704 0.80
298.279968 0.79
298.343608 0.76
298.408457 0.77
298.459584 0.78
298.514086 0.78
298.583833 0.79
298.643082 0.80
298.702835 0.77
298.756958 0.78
298.806957 0.78
298.856843 0.78
298.926708 0.78
298.990959 0.80
299.041090 0.80
299.105210 0.79
299.166089 0.78
299.230840 0.77
299.300858 0.78
299.365841 0.79
299.421594 0.78
299.480586 0.81
299.554975 0.79
299.609215 0.79
299.669378 0.77
299.744224 0.79
299.805220 0.79
299.875393 0.79
299.935098 0.77
299.994481 0.77
300.054097 0.79
300.118973 0.79
300.178605 0.76
300.245390 0.79
300.305099 0.78
300.361223 0.80
300.435857 0.77
300.506099 0.78
300.560224 0.76
300.630104 0.77
300.689850 0.76
300.760103 0.78
300.825104 0.80
300.886383 0.78
300.946103 0.78
301.012730 0.81
301.066851 0.78
301.125741 0.80
301.175983 0.79
301.235606 0.79
301.311103 0.79
301.371982 0.78
301.442111 0.78
301.502988 0.77
301.558492 0.78
301.617987 0.80
301.677741 0.80
301.742733 0.79
301.792988 0.79
301.852742 0.78
301.917734 0.76
301.971859 0.81
302.021734 0.78
302.080983 0.78
302.155865 0.78
302.216742 0.78
302.286753 0.79
302.347861 0.78
302.397993 0.78
302.462111 0.80
302.521741 0.78
302.586760 0.78
302.656744 0.78
302.721739 0.79
302.788262 0.78
302.863508 0.79
302.930122 0.81
303.001751 0.78
303.066763 0.78
303.131745 0.80
303.192635 0.80
303.256753 0.80
303.321371 0.79
303.392748 0.78
303.457750 0.77
303.521642 0.78
303.575875 0.80
303.635628 0.80
303.695249 0.80
303.750876 0.80
303.810624 0.76
303.875518 0.78
303.930002 0.79
303.990879 0.78
304.054875 0.81
304.114649 0.80
304.179413 0.78
304.243764 0.81
304.293637 0.77
304.357388 0.80
304.421638 0.78
304.485639 0.78
304.549638 0.80
304.613389 0.76
304.677391 0.78
304.746404 0.77
304.820389 0.78
304.884393 0.77
304.953642 0.79
305.017887 0.77
305.077525 0.76
305.131885 0.77
305.186142 0.76
305.245884 0.77
305.309882 0.76
305.373388 0.78
305.442655 0.78
305.507656 0.78
305.572658 0.77
305.632008 0.77
305.701540 0.78
305.762403 0.78
305.821890 0.78
305.886676 0.76
305.948014 0.79
306.007659 0.76
306.074014 0.78
306.134561 0.78
306.195892 0.78
306.252018 0.78
306.321898 0.77
306.382776 0.76
306.442536 0.78
306.496893 0.81
306.552016 0.78
306.611659 0.79
306.661541 0.78
306.715767 0.78
306.777023 0.79
306.846776 0.79
306.906560 0.78
306.971542 0.78
307.025777 0.78
307.085541 0.77
307.150668 0.78
307.200779 0.79
307.260563 0.78
307.325545 0.78
307.379791 0.78
307.439030 0.79
307.503539 0.77
307.562898 0.80
307.622429 0.81
307.686425 0.76
307.751546 0.78
307.805668 0.80
307.883566 0.80
307.948563 0.77
308.013548 0.80
308.078555 0.77
308.143559 0.81
308.208546 0.80
308.273552 0.80
308.333032 0.79
308.392655 0.80
308.456903 0.79
308.516551 0.78
308.581445 0.79
308.651415 0.80
308.712406 0.77
308.766789 0.78
308.826572 0.80
308.887786 0.79
308.952560 0.77
309.017666 0.78
309.082289 0.78
309.153910 0.78
309.223677 0.78
309.293418 0.80
309.347796 0.79
309.403915 0.80
309.468794 0.78
309.529170 0.78
309.593320 0.76
309.652794 0.78
309.713671 0.77
309.778364 0.80
309.848560 0.78
309.905213 0.79
309.964676 0.80
310.029711 0.76
310.094566 0.78
310.155348 0.79
310.225571 0.79
310.295545 0.78
310.356355 0.79
310.426441 0.77
310.485429 0.77
310.545049 0.80
310.600674 0.78
310.665582 0.79
310.735805 0.80
310.806047 0.79
310.870803 0.77
310.942678 0.78
310.996576 0.79
311.066692 0.79
311.131427 0.79
311.190807 0.78
311.262578 0.79
311.329052 0.78
311.393806 0.77
311.464055 0.78
311.523575 0.77
311.584444 0.79
311.645431 0.80
311.709687 0.78
311.769381 0.76
311.834433 0.78
311.888585 0.77
311.948372 0.78
312.009434 0.77
312.070588 0.80
312.130371 0.79
312.194357 0.78
312.259368 0.80
312.320580 0.77
312.384573 0.78
312.441057 0.80
312.499806 0.80
312.554809 0.79
312.608184 0.77
312.667059 0.78
312.728455 0.78
312.778187 0.76
312.833586 0.78
312.893191 0.77
312.947588 0.77
313.012444 0.79
313.069067 0.78
313.133190 0.79
313.187593 0.78
313.243069 0.79
313.312191 0.78
313.366442 0.78
313.421193 0.80
313.485191 0.80
313.544821 0.80
313.609600 0.78
313.669080 0.79
313.739448 0.79
313.805468 0.78
313.877203 0.78
313.952592 0.77
314.011821 0.80
314.071596 0.80
314.137822 0.80
314.207208 0.78
314.266700 0.80
314.326381 0.80
314.387209 0.79
314.443203 0.78
314.511952 0.78
314.581478 0.79
314.645835 0.78
314.714709 0.79
314.774228 0.78
314.833074 0.77
314.901700 0.80
314.956575 0.78
315.016702 0.80
315.071579 0.81
315.131579 0.77
315.196213 0.78
315.261214 0.77
315.315370 0.78
315.376213 0.78
315.441215 0.79
315.500609 0.77
315.565371 0.79
315.626711 0.76
315.681754 0.78
315.760219 0.79
315.824459 0.78
315.899494 0.78
315.959216 0.77
316.013960 0.78
316.068491 0.78
316.128218 0.79
316.193098 0.76
316.268499 0.77
316.328090 0.78
316.403394 0.80
316.473620 0.78
316.542719 0.80
316.607090 0.79
316.661599 0.79
316.726405 0.79
316.796621 0.78
316.866845 0.77
316.933492 0.80
316.993227 0.79
317.052094 0.78
317.106386 0.78
317.165728 0.79
317.230383 0.79
317.290100 0.78
317.346229 0.79
317.407474 0.78
317.467228 0.78
317.528728 0.77
317.597854 0.77
317.666482 0.78
317.731103 0.80
317.790495 0.78
317.855103 0.79
317.914100 0.80
317.968391 0.79
318.033101 0.77
318.096851 0.77
318.161102 0.78
318.215400 0.79
318.274728 0.79
318.339231 0.79
318.403625 0.80
318.462625 0.77
318.527299 0.77
318.582859 0.79
318.630233 0.80
318.680855 0.78
318.735361 0.78
318.795868 0.80
318.850358 0.76
318.913861 0.79
318.977986 0.77
319.041484 0.79
319.100112 0.80
319.169992 0.78
319.239992 0.78
319.315243 0.80
319.375242 0.78
319.447115 0.79
319.511639 0.79
319.570864 0.80
319.639860 0.79
319.704513 0.80
319.768864 0.78
319.838252 0.77
319.908512 0.78
319.975119 0.78
320.039997 0.81
320.106999 0.77
320.168639 0.79
320.228270 0.79
320.287999 0.80
320.343120 0.80
320.401747 0.80
320.467126 0.77
320.528383 0.77
320.586747 0.79
320.652371 0.80
320.711521 0.77
320.771411 0.80
320.832126 0.78
320.902430 0.79
320.963382 0.78
321.028253 0.78
321.098423 0.78
321.159257 0.78
321.214754 0.80
321.270257 0.79
321.330007 0.78
321.390755 0.79
321.445129 0.78
321.491273 0.78
321.546756 0.80
321.597757 0.80
321.648766 0.79
321.703315 0.76
321.767392 0.79
321.831409 0.78
321.889876 0.79
321.954753 0.79
322.018257 0.79
322.081753 0.78
322.150379 0.78
322.208756 0.79
322.283137 0.78
322.342403 0.78
322.417132 0.78
322.472131 0.78
322.546773 0.79
322.616006 0.77
322.675007 0.79
322.739007 0.79
322.803007 0.79
322.861883 0.79
322.921134 0.79
322.990414 0.78
323.060010 0.79
323.118885 0.80
323.182886 0.77
323.242011 0.79
323.301450 0.79
323.360519 0.76
323.420021 0.77
323.481460 0.79
323.541143 0.78
323.604645 0.79
323.666023 0.80
323.720776 0.80
323.785025 0.80
323.845903 0.77
323.915020 0.80
323.974275 0.80
324.039180 0.80
324.098649 0.78
324.160024 0.80
324.210657 0.80
324.271212 0.78
324.335145 0.77
324.398645 0.80
324.467272 0.77
324.531774 0.80
324.591026 0.78
324.663021 0.78
324.713648 0.76
324.768153 0.79
324.831660 0.77
324.900276 0.80
324.958667 0.80
325.027278 0.77
325.085657 0.78
325.154279 0.78
325.212656 0.77
325.300031 0.78
325.354663 0.78
325.423289 0.79
325.481657 0.77
325.550286 0.79
325.608659 0.80
325.677282 0.79
325.735785 0.79
325.799290 0.79
325.865917 0.79
325.929536 0.80
325.998285 0.79
326.053292 0.77
326.108170 0.81
326.167326 0.78
326.236911 0.79
326.291045 0.81
326.363162 0.77
326.420041 0.78
326.492788 0.78
326.546320 0.78
326.621176 0.79
326.683038 0.79
326.757914 0.79
326.814569 0.79
326.868480 0.77
326.924043 0.78
326.983043 0.78
327.053552 0.80
327.108047 0.77
327.167691 0.78
327.232044 0.76
327.295553 0.80
327.357044 0.78
327.426926 0.78
327.487677 0.76
327.563057 0.78
327.628050 0.78
327.687800 0.78
327.741932 0.81
327.813809 0.78
327.878048 0.77
327.947701 0.79
328.012428 0.79
328.072926 0.78
328.144804 0.78
328.209698 0.80
328.274686 0.80
328.329062 0.78
328.388180 0.78
328.462694 0.78
328.521676 0.77
328.577050 0.78
328.632569 0.78
328.691812 0.80
328.745678 0.79
328.804455 0.79
328.868805 0.78
328.927804 0.77
328.986805 0.79
329.046058 0.78
329.106696 0.78
329.170697 0.77
329.234698 0.79
329.298575 0.78
329.367448 0.79
329.441684 0.78
329.505577 0.79
329.574813 0.80
329.633450 0.78
329.699817 0.78
329.745939 0.78
329.810070 0.78
329.874717 0.78
329.944947 0.78
330.000445 0.79
330.066820 0.79
330.132948 0.77
330.197065 0.79
330.261816 0.80
330.313588 0.77
330.377691 0.78
330.447822 0.78
330.508591 0.78
330.567696 0.79
330.626711 0.76
330.687467 0.80
330.751831 0.77
330.823716 0.78
330.893948 0.79
330.974599 0.77
331.055598 0.78
331.120227 0.78
331.179952 0.78
331.239720 0.78
331.301085 0.77
331.360828 0.78
331.414952 0.79
331.475589 0.78
331.544322 0.78
331.608467 0.81
331.682957 0.78
331.742727 0.80
331.799704 0.80
331.858961 0.78
331.915081 0.80
331.979454 0.80
332.043829 0.77
332.109715 0.79
332.164954 0.79
332.225832 0.78
332.285087 0.79
332.350835 0.80
332.420835 0.79
332.485480 0.77
332.554955 0.78
332.608472 0.77
332.672707 0.76
332.727475 0.79
332.791625 0.78
332.847087 0.78
332.901834 0.78
332.966605 0.80
333.036713 0.78
333.086602 0.79
333.145479 0.80
333.209963 0.80
333.275720 0.78
333.345965 0.78
333.415607 0.78
333.479608 0.78
333.538356 0.76
333.599367 0.78
333.668844 0.76
333.728096 0.76
333.797591 0.79
333.861607 0.78
333.925967 0.77
333.989968 0.79
334.049615 0.80
334.108971 0.79
334.173486 0.80
334.237733 0.79
334.297097 0.76
334.357611 0.80
334.421611 0.78
334.491384 0.79
334.555856 0.79
334.612726 0.77
334.677495 0.78
334.736516 0.79
334.797729 0.78
334.867854 0.79
334.940733 0.78
335.000497 0.81
335.054854 0.77
335.119506 0.78
335.179113 0.79
335.234731 0.76
335.299507 0.79
335.360241 0.80
335.415732 0.77
335.480506 0.80
335.541266 0.78
335.595500 0.78
335.654737 0.77
335.714503 0.78
335.779501 0.80
335.838623 0.78
335.897374 0.78
335.951502 0.79
336.010632 0.79
336.069859 0.76
336.139630 0.78
336.198742 0.78
336.258400 0.78
336.322738 0.79
336.392513 0.79
336.457423 0.78
336.521864 0.78
336.580864 0.78
336.645509 0.79
336.704628 0.76
336.774511 0.76
336.828741 0.77
336.893116 0.77
336.954415 0.78
337.015749 0.78
337.074743 0.79
337.139642 0.78
337.199435 0.78
337.258388 0.78
337.319874 0.78
337.379627 0.78
337.440121 0.80
337.499119 0.79
337.563650 0.79
337.619120 0.78
337.683397 0.78
337.737648 0.77
337.787869 0.78
337.848410 0.80
337.907518 0.78
337.962405 0.78
338.021250 0.80
338.080424 0.77
338.141250 0.76
338.200649 0.77
338.254873 0.80
338.319412 0.76
338.373655 0.78
338.433420 0.77
338.503524 0.78
338.562753 0.79
338.626889 0.77
338.696128 0.78
338.761009 0.81
338.825647 0.76
338.884880 0.79
338.948879 0.79
339.013415 0.78
339.072255 0.78
339.133888 0.78
339.193638 0.79
339.247398 0.79
339.307014 0.79
339.372011 0.78
339.460277 0.77
339.521533 0.77
339.591657 0.77
339.661010 0.76
339.721452 0.80
339.776761 0.80
339.841439 0.79
339.898769 0.78
339.962888 0.79
340.022271 0.78
340.078398 0.79
340.139516 0.77
340.212270 0.77
340.273399 0.78
340.343142 0.79
340.409771 0.80
340.465539 0.79
340.529769 0.79
340.589544 0.77
340.654449 0.79
340.715777 0.79
340.780899 0.78
340.851273 0.77
340.910019 0.76
340.971410 0.79
341.027145 0.80
341.083431 0.79
341.155317 0.77
341.214540 0.79
341.278536 0.77
341.347538 0.78
341.416538 0.79
341.499154 0.80
341.568022 0.78
341.636665 0.78
341.700542 0.77
341.783155 0.79
341.852156 0.80
341.921157 0.78
341.988025 0.78
342.056776 0.77
342.120667 0.78
342.193651 0.80
342.263169 0.78
342.338678 0.77
342.403161 0.80
342.462681 0.78
342.527564 0.78
342.581785 0.78
342.651315 0.79
342.710564 0.80
342.769658 0.78
342.829173 0.81
342.894172 0.78
342.950168 0.76
343.014165 0.76
343.078680 0.77
343.137660 0.78
343.196445 0.78
343.255794 0.79
343.319911 0.79
343.380163 0.79
343.434165 0.78
343.493037 0.79
343.563337 0.80
343.618793 0.78
343.683168 0.78
343.742040 0.76
343.796174 0.78
343.846041 0.80
343.910168 0.80
343.964437 0.79
344.023684 0.78
344.093168 0.80
344.147436 0.78
344.212926 0.79
344.267335 0.78
344.337047 0.77
344.401064 0.80
344.470686 0.80
344.535049 0.80
344.599358 0.78
344.669569 0.78
344.729426 0.79
344.789049 0.78
344.853048 0.79
344.912365 0.77
344.971693 0.78
345.031182 0.78
345.095722 0.77
345.155340 0.78
345.219695 0.77
345.278441 0.77
345.339680 0.78
345.403446 0.79
345.472442 0.78
345.531930 0.80
345.591181 0.78
345.650053 0.78
345.709054 0.78
345.777810 0.79
345.844183 0.79
345.903058 0.79
345.962809 0.78
346.017356 0.78
346.077216 0.79
346.142060 0.78
346.196368 0.77
346.256062 0.79
346.316065 0.78
346.370376 0.78
346.430065 0.78
346.500357 0.79
346.554438 0.78
346.614363 0.80
346.682197 0.78
346.738817 0.78
346.799190 0.78
346.854735 0.79
346.914363 0.76
346.968593 0.78
347.028204 0.78
347.074346 0.79
347.134069 0.78
347.184372 0.78
347.239820 0.78
347.299068 0.80
347.358204 0.77
347.428197 0.79
347.483699 0.78
347.548212 0.77
347.608074 0.78
347.673077 0.78
347.727448 0.79
347.787075 0.79
347.856954 0.80
347.911370 0.76
347.976077 0.78
348.041084 0.79
348.100596 0.79
348.172600 0.79
348.232212 0.78
348.296951 0.78
348.351385 0.78
348.407598 0.78
348.467371 0.80
348.526597 0.80
348.586076 0.78
348.647210 0.78
348.711452 0.79
348.772082 0.79
348.827610 0.77
348.886953 0.76
348.950951 0.76
349.014962 0.79
349.070328 0.79
349.128828 0.76
349.197828 0.78
349.251470 0.78
349.320330 0.78
349.384330 0.78
349.443331 0.80
349.498332 0.78
349.562207 0.78
349.626457 0.78
349.690501 0.80
349.759961 0.78
349.810214 0.77
349.874351 0.80
349.933967 0.76
349.999095 0.77
350.064963 0.76
350.119390 0.79
350.180100 0.80
350.239841 0.80
350.304090 0.78
350.373495 0.80
350.437963 0.77
350.501963 0.78
350.565839 0.79
350.629839 0.78
350.698732 0.79
350.763093 0.79
350.826716 0.79
350.891401 0.78
350.957847 0.78
351.016845 0.77
351.076103 0.78
351.135849 0.80
351.205487 0.78
351.274979 0.80
351.336367 0.78
351.395976 0.79
351.465981 0.76
351.527389 0.78
351.592230 0.77
351.651504 0.81
351.711229 0.76
351.770856 0.79
351.830102 0.79
351.893599 0.78
351.958858 0.78
352.018103 0.78
352.077859 0.80
352.138615 0.79
352.192981 0.78
352.248238 0.78
352.309107 0.79
352.368607 0.78
352.438611 0.77
352.494636 0.79
352.549989 0.80
352.599982 0.76
352.660864 0.78
352.725869 0.77
352.786616 0.78
352.847116 0.79
352.906862 0.77
352.957112 0.79
353.017680 0.76
353.072114 0.77
353.131863 0.80
353.195628 0.78
353.262116 0.79
353.321747 0.77
353.375989 0.77
353.440870 0.79
353.500632 0.79
353.570866 0.79
353.630247 0.78
353.689868 0.78
353.751118 0.78
353.806741 0.78
353.870755 0.80
353.930123 0.77
353.985631 0.77
354.051995 0.77
354.112875 0.78
354.172120 0.78
354.242124 0.77
354.298255 0.79
354.357998 0.80
354.422753 0.77
354.487668 0.80
354.563125 0.79
354.622753 0.78
354.682442 0.78
354.741749 0.79
354.801006 0.79
354.860520 0.78
354.930520 0.78
354.995007 0.78
355.054753 0.77
355.125127 0.79
355.185519 0.79
355.240005 0.77
355.304759 0.80
355.365507 0.80
355.420007 0.78
355.480514 0.77
355.541129 0.79
355.600446 0.80
355.666891 0.79
355.727130 0.78
355.796763 0.77
355.857524 0.79
355.912011 0.79
355.976667 0.76
356.046885 0.78
356.113137 0.78
356.179141 0.81
356.259895 0.79
356.329885 0.80
356.394662 0.78
356.470143 0.78
356.534135 0.80
356.593767 0.77
356.661674 0.80
356.731765 0.77
356.795888 0.78
356.865652 0.78
356.926655 0.79
356.985892 0.79
357.045272 0.79
357.114641 0.76
357.178654 0.78
357.232013 0.78
357.286013 0.78
357.350274 0.79
357.414662 0.78
357.473393 0.79
357.548173 0.78
357.607791 0.78
357.663019 0.79
357.732552 0.77
357.797021 0.78
357.866393 0.79
357.931768 0.78
357.986423 0.76
358.050783 0.78
358.105413 0.80
358.174535 0.77
358.238425 0.78
358.307774 0.78
358.353898 0.77
358.408900 0.79
358.474399 0.78
358.538428 0.77
358.602434 0.78
358.668428 0.76
358.732667 0.78
358.796436 0.80
358.860418 0.76
358.929675 0.78
358.988906 0.79
359.054419 0.78
359.120668 0.79
359.184671 0.78
359.248903 0.77
359.318432 0.77
359.396436 0.77
359.465908 0.80
359.535436 0.79
359.613907 0.79
359.691674 0.77
359.750657 0.80
359.814312 0.78
359.888675 0.79
359.952691 0.79
360.002785 0.78
360.067035 0.80
360.125910 0.77
360.185037 0.78
360.238788 0.80
360.303315 0.78
360.362685 0.77
360.419305 0.79
360.478683 0.80
360.528570 0.80
360.582414 0.76
360.643040 0.79
360.704914 0.78
360.769040 0.79
360.821799 0.78
360.875920 0.79
360.940441 0.80
361.004918 0.78
361.080566 0.80
361.145567 0.79
361.205044 0.78
361.274683 0.79
361.329697 0.78
361.393920 0.76
361.452922 0.79
361.511921 0.79
361.570920 0.79
361.634921 0.79
361.688436 0.77
361.752438 0.78
361.816439 0.77
361.880437 0.77
361.944441 0.77
362.008441 0.79
362.072441 0.80
362.131442 0.78
362.195442 0.78
362.264443 0.79
362.328443 0.77
362.392442 0.78
362.456443 0.78
362.515331 0.79
362.581570 0.80
362.645576 0.79
362.704699 0.80
362.774343 0.78
362.838689 0.81
362.903434 0.80
362.962577 0.78
363.021825 0.77
363.086312 0.79
363.145578 0.78
363.202310 0.78
363.262433 0.78
363.325933 0.80
363.386185 0.78
363.450312 0.78
363.509313 0.79
363.568311 0.76
363.632820 0.77
363.693694 0.77
363.749202 0.79
363.813818 0.78
363.872815 0.77
363.931941 0.77
363.992188 0.77
364.051482 0.77
364.110818 0.77
364.174946 0.78
364.239194 0.79
364.298445 0.79
364.362587 0.77
364.431943 0.78
364.496444 0.78
364.560602 0.77
364.630822 0.77
364.695447 0.77
364.754590 0.78
364.813586 0.80
364.877822 0.78
364.942080 0.78
365.007075 0.79
365.071574 0.80
365.135591 0.80
365.204448 0.77
365.263825 0.79
365.333482 0.78
365.390954 0.79
365.450454 0.79
365.509714 0.78
365.570602 0.78
365.631832 0.78
365.688454 0.77
365.749832 0.80
365.810470 0.78
365.867347 0.79
365.926205 0.80
365.990478 0.79
366.045455 0.78
366.096079 0.78
366.140829 0.77
366.201082 0.78
366.270209 0.80
366.334081 0.78
366.398210 0.80
366.462485 0.77
366.537228 0.77
366.612212 0.79
366.671619 0.80
366.731380 0.77
366.801715 0.79
366.866490 0.79
366.927255 0.78
367.002843 0.78
367.067215 0.76
367.126410 0.79
367.185839 0.79
367.244730 0.78
367.308727 0.77
367.367732 0.79
367.437226 0.78
367.512727 0.77
367.582844 0.78
367.647725 0.81
367.712745 0.79
367.788096 0.78
367.852975 0.79
367.923403 0.77
367.979390 0.78
368.034847 0.79
368.104487 0.77
368.168735 0.78
368.232734 0.79
368.296720 0.77
368.365720 0.78
368.429735 0.77
368.493736 0.78
368.543721 0.79
368.598738 0.76
368.663102 0.76
368.732098 0.81
368.796099 0.76
368.850979 0.76
368.899619 0.78
368.958264 0.77
369.017101 0.77
369.071106 0.77
369.140414 0.78
369.210398 0.78
369.275108 0.79
369.334982 0.80
369.391747 0.80
369.446983 0.80
369.503012 0.80
369.559856 0.80
369.624511 0.79
369.683625 0.78
369.753634 0.80
369.822982 0.78
369.886746 0.81
369.946406 0.80
370.016111 0.79
370.080394 0.80
370.152241 0.80
370.217115 0.77
370.276429 0.79
370.346635 0.78
370.416866 0.76
370.481517 0.77
370.551865 0.78
370.616868 0.78
370.676522 0.79
370.736118 0.76
370.802747 0.79
370.862524 0.77
370.922246 0.78
370.983745 0.79
371.048433 0.79
371.108122 0.78
371.169412 0.80
371.230130 0.77
371.295250 0.81
371.356422 0.79
371.415640 0.79
371.482420 0.80
371.538124 0.80
371.598998 0.79
371.662997 0.78
371.727121 0.79
371.783874 0.79
371.837391 0.78
371.901646 0.78
371.965999 0.78
372.026427 0.78
372.081878 0.79
372.136256 0.79
372.191138 0.77
372.261525 0.77
372.337132 0.76
372.390879 0.77
372.459876 0.79
372.523876 0.79
372.585911 0.79
372.640423 0.79
372.704398 0.78
372.768405 0.80
372.828135 0.79
372.889654 0.79
372.959266 0.78
373.029136 0.77
373.088762 0.80
373.158443 0.79
373.21