0.000000 0.000000
0.041790 3.67
0.101533 2.66
0.166512 2.66
0.226025 2.66
0.285025 2.66
0.343757 2.66
0.417757 2.66
0.486757 2.66
0.555758 2.66
0.624759 2.66
0.694080 2.66
0.769516 2.66
0.834647 2.66
0.915309 4.34
0.985518 4.34
1.040891 4.34
1.096041 4.34
1.154638 4.34
1.247513 4.34
1.306039 4.34
1.369962 4.34
1.429526 4.68
1.494521 4.34
1.568519 4.34
1.627045 4.34
1.690775 4.34
1.754643 4.34
1.823771 4.34
1.887920 4.34
1.951772 4.34
2.015773 4.34
2.074775 4.68
2.138774 4.68
2.197646 4.34
2.266778 4.68
2.330779 4.68
2.394779 4.34
2.458779 4.34
2.531399 4.68
2.595524 4.68
2.667779 4.68
2.731780 4.34
2.804401 4.68
2.868527 4.34
2.940779 4.34
3.004785 4.34
3.063653 4.34
3.132785 4.34
3.191786 4.34
3.255929 4.34
3.310785 4.34
3.374656 4.34
3.443657 4.34
3.507657 4.34
3.566657 4.34
3.625658 4.68
3.684817 4.68
3.743817 4.34
3.802815 4.34
3.861659 4.34
3.920660 4.34
3.979660 4.34
4.038661 4.34
4.097814 4.34
4.156662 4.34
4.215662 4.68
4.274663 4.34
4.333664 4.68
4.407664 4.34
4.471665 4.34
4.535666 4.34
4.599665 4.34
4.663666 4.34
4.727793 4.34
4.786667 4.34
4.850668 4.34
4.914668 4.34
4.978669 4.34
5.042795 4.34
5.101670 4.34
5.165670 4.34
5.229670 4.34
5.293671 4.34
5.357798 4.34
5.416672 4.34
5.480673 4.34
5.544673 4.34
5.613674 4.34
5.677675 4.34
5.741675 4.34
5.805801 4.34
5.864675 4.34
5.928676 4.34
5.987827 4.34
6.042677 4.34
6.106804 4.34
6.161678 4.34
6.220679 4.34
6.284679 4.34
6.348679 4.34
6.403320 4.34
6.466807 4.34
6.525431 4.34
6.572681 4.34
6.623307 4.34
6.686809 4.34
6.750433 4.34
6.797683 4.34
6.857309 4.34
6.915810 4.34
6.979435 4.34
7.044811 4.34
7.108435 4.34
7.179326 4.34
7.238078 4.34
7.287813 4.34
7.346688 4.34
7.406438 4.34
7.466313 4.34
7.535203 4.34
7.598816 4.34
7.662440 4.34
7.721205 4.34
7.789844 4.34
7.843567 4.34
7.917443 4.34
7.986693 4.34
8.055443 4.34
8.124846 4.34
8.178569 4.34
8.252445 4.34
8.311210 4.34
8.381597 4.34
8.440086 4.34
8.495599 4.34
8.550323 4.34
8.609089 4.34
8.670850 4.34
8.724573 4.34
8.794851 4.34
8.848575 4.34
8.922451 4.34
8.977090 4.34
9.027219 4.34
9.097474 4.34
9.152342 4.34
9.203703 4.34
9.267329 4.34
9.318703 4.34
9.377330 4.34
9.424704 4.34
9.493454 4.34
9.549346 4.34
9.596706 4.34
9.660332 4.34
9.707707 4.34
9.771333 4.34
9.818708 4.34
9.887334 4.34
9.934709 4.34
10.003583 4.34
10.067460 4.34
10.123352 4.34
10.179350 4.34
10.248461 4.34
10.312461 4.34
10.386338 4.34
10.451588 4.34
10.520339 4.34
10.594339 4.34
10.663464 4.34
10.737340 4.34
10.811341 4.34
10.885341 4.34
10.949342 4.34
11.018467 4.34
11.087343 4.34
11.161343 4.34
11.235344 4.34
11.299470 4.34
11.373345 4.34
11.447346 4.34
11.521346 4.34
11.590347 4.34
11.654364 4.34
11.718366 4.34
11.782361 4.34
11.846365 4.34
11.910365 4.34
11.974365 4.34
12.038351 4.34
12.102364 4.34
12.166367 4.34
12.230602 4.34
12.289352 4.34
12.353369 4.34
12.417370 4.34
12.481370 4.34
12.545355 4.34
12.609480 4.34
12.673370 4.34
12.737372 4.34
12.801372 4.34
12.865357 4.34
12.929358 4.34
12.989483 4.34
13.048359 4.34
13.112360 4.34
13.176360 4.34
13.240375 4.34
13.304361 4.34
13.368362 4.34
13.432362 4.34
13.496379 4.34
13.560363 4.34
13.624363 4.34
13.688364 4.34
13.752365 4.34
13.816364 4.34
13.880365 4.34
13.944366 4.34
14.008491 4.34
14.067367 4.34
14.131367 4.34
14.195368 4.34
14.259368 4.34
14.333870 4.34
14.393619 4.34
14.452370 4.34
14.516371 4.34
14.580372 4.34
14.644371 4.68
14.713497 4.34
14.772372 4.34
14.827373 4.34
14.878012 4.34
14.936749 4.34
14.990375 4.34
15.054375 4.34
15.109017 4.34
15.172877 4.34
15.229027 4.34
15.292878 4.34
15.349028 4.34
15.412881 4.34
15.464028 4.34
15.524029 4.68
15.582880 4.34
15.639029 4.34
15.697881 4.34
15.767381 4.34
15.826273 4.34
15.882033 4.34
15.945757 4.34
16.004274 4.34
16.078272 4.34
16.139633 4.34
16.198274 4.34
16.263148 4.34
16.326759 4.34
16.385274 4.34
16.459276 4.68
16.536150 4.34
16.594637 4.34
16.653279 4.34
16.722154 4.34
16.785771 4.34
16.871389 4.34
16.935156 4.34
16.995267 4.34
17.067391 4.34
17.131157 4.34
17.194774 4.34
17.249774 4.34
17.304771 4.34
17.374285 4.34
17.438394 4.34
17.497285 4.34
17.561394 4.34
17.620396 4.34
17.675397 4.34
17.730397 4.34
17.807786 4.34
17.875397 4.34
17.930398 4.34
17.985398 4.34
18.044399 4.34
18.099400 4.34
18.154290 4.34
18.205282 4.34
18.269401 4.34
18.337926 4.34
18.388925 4.34
18.448928 4.34
18.499927 4.34
18.550928 4.34
18.601927 4.34
18.652931 4.34
18.712930 4.34
18.782295 4.34
18.851293 4.34
18.901930 4.34
18.965785 4.34
19.035059 4.34
19.099156 4.34
19.167785 4.34
19.236408 4.34
19.305034 4.34
19.363409 4.34
19.432035 4.34
19.490410 4.34
19.559036 4.34
19.617411 4.34
19.686036 4.34
19.744411 4.34
19.813037 4.34
19.873039 4.34
19.931413 4.34
20.000039 4.34
20.060041 4.34
20.120040 4.34
20.180042 4.34
20.240042 4.34
20.300041 4.34
20.360043 4.34
20.420043 4.34
20.480043 4.34
20.540044 4.34
20.600045 4.34
20.653294 4.34
20.721919 4.34
20.773045 4.34
20.827545 4.34
20.885920 4.34
20.937046 4.34
20.992798 4.34
21.056296 4.34
21.124923 4.34
21.176048 4.68
21.231799 4.34
21.295299 4.34
21.363925 4.34
21.422300 4.34
21.490926 4.34
21.549301 4.34
21.617927 4.34
21.676303 4.34
21.744928 4.34
21.803302 4.34
21.871929 4.34
21.930304 4.34
21.998930 4.34
22.057305 4.34
22.125931 4.34
22.184306 4.34
22.252932 4.34
22.311307 4.34
22.379933 4.34
22.438309 4.34
22.506933 4.34
22.567060 4.34
22.620310 4.34
22.688936 4.34
22.747311 4.34
22.815936 4.34
22.874311 4.34
22.942938 4.34
23.002939 4.34
23.062940 4.34
23.126438 4.34
23.184815 4.34
23.244940 4.34
23.308441 4.34
23.366817 4.34
23.421817 4.34
23.472942 4.34
23.528692 4.34
23.592193 4.34
23.660820 4.34
23.711943 4.34
23.766444 4.34
23.824820 4.34
23.872070 4.34
23.922695 4.34
23.986196 4.34
24.054822 4.34
24.102072 4.34
24.152697 4.34
24.216199 4.34
24.284824 4.34
24.343200 4.34
24.411825 4.34
24.470199 4.34
24.538827 4.34
24.597200 4.34
24.665827 4.34
24.724201 4.34
24.792828 4.34
24.851203 4.34
24.919830 4.34
24.978204 4.34
25.046831 4.34
25.105205 4.68
25.173832 4.68
25.232206 4.68
25.300833 4.34
25.360958 4.34
25.424457 4.34
25.486333 4.34
25.549835 4.34
25.609836 4.34
25.669836 4.34
25.729837 4.34
25.789837 4.34
25.849836 4.34
25.909838 4.34
25.973337 4.34
26.036839 4.34
26.091338 4.34
26.154839 4.34
26.209338 4.34
26.267714 4.34
26.318840 4.34
26.378841 4.34
26.432091 4.34
26.500716 4.34
26.555716 4.34
26.606843 4.34
26.670342 4.34
26.728717 4.34
26.775969 4.34
26.826594 4.34
26.890094 4.34
26.953719 4.34
27.000970 4.34
27.060596 4.34
27.124096 4.34
27.192721 4.34
27.239972 4.34
27.290597 4.34
27.354097 4.34
27.422723 4.34
27.481099 4.34
27.549725 4.34
27.608100 4.34
27.676725 4.34
27.740602 4.34
27.804602 4.34
27.868477 4.34
27.932353 4.34
27.991245 4.34
28.049729 4.34
28.118856 4.34
28.193480 4.34
28.262731 4.34
28.337482 4.34
28.397759 4.34
28.456374 4.34
28.507733 4.34
28.566108 4.34
28.634733 4.34
28.694735 4.34
28.754735 4.34
28.814736 4.34
28.874737 4.34
28.934736 4.34
28.994737 4.34
29.047987 4.34
29.116612 4.34
29.171613 4.34
29.222738 4.34
29.278488 4.34
29.341989 4.34
29.410614 4.34
29.465615 4.34
29.523990 4.34
29.592616 4.34
29.639867 4.34
29.690492 4.34
29.753993 4.34
29.822618 4.34
29.880994 4.34
29.949619 4.34
30.007995 4.34
30.076619 4.34
30.134995 4.34
30.203621 4.34
30.261997 4.34
30.330621 4.34
30.394247 4.34
30.452623 4.34
30.510998 4.34
30.579624 4.34
30.638000 4.34
30.706624 4.34
30.765000 4.34
30.833626 4.34
30.892002 4.34
30.960627 4.34
31.024253 4.34
31.086128 4.34
31.149628 4.34
31.213254 4.34
31.263005 4.34
31.331630 4.34
31.395256 4.34
31.445006 4.34
31.513632 4.34
31.577257 4.34
31.645883 4.34
31.711008 4.34
31.774508 4.34
31.829509 4.34
31.884509 4.34
31.935759 4.34
31.985136 4.34
32.043510 4.34
32.094636 4.34
32.154387 4.34
32.217887 4.34
32.286512 4.34
32.337638 4.34
32.393389 4.34
32.456889 4.34
32.525514 4.34
32.583890 4.34
32.652516 4.34
32.710891 4.34
32.779516 4.34
32.837892 4.34
32.906517 4.34
32.978283 4.34
33.050918 4.34
33.109645 4.34
33.173645 4.34
33.237646 4.34
33.301647 4.34
33.379414 4.34
33.438290 4.34
33.510784 4.34
33.569649 4.34
33.642290 4.34
33.706291 4.34
33.792415 4.34
33.863290 4.34
33.927293 4.34
33.991294 4.34
34.050294 4.34
34.114294 4.34
34.178294 4.34
34.242296 4.34
34.316296 4.34
34.380297 4.34
34.444297 4.34
34.507782 4.34
34.571407 4.34
34.618783 4.34
34.682408 4.34
34.729784 4.34
34.793409 4.34
34.840785 4.34
34.904410 4.34
34.965052 4.34
35.018660 4.34
35.069303 4.34
35.129411 4.34
35.185787 4.34
35.249412 4.34
35.305789 4.34
35.369413 4.34
35.434664 4.34
35.498665 4.34
35.567415 4.34
35.636306 4.34
35.689792 4.34
35.748542 4.34
35.812542 4.34
35.876543 4.34
35.940543 4.34
36.004543 4.34
36.073544 4.34
36.137544 4.34
36.206670 4.34
36.265546 4.34
36.329546 4.34
36.393547 4.34
36.457548 4.34
36.526548 4.34
36.590548 4.34
36.664549 4.34
36.728550 4.34
36.792550 4.34
36.856550 4.34
36.930426 4.34
36.989067 4.34
37.044427 4.34
37.118302 4.34
37.175448 4.34
37.226318 4.34
37.277679 4.34
37.341304 4.34
37.388680 4.34
37.452305 4.34
37.499681 4.34
37.558306 4.34
37.605681 4.34
37.669307 4.34
37.716682 4.34
37.775433 4.34
37.831324 4.34
37.905558 4.34
37.956325 4.34
38.012326 4.34
38.070685 4.34
38.139436 4.34
38.213311 4.34
38.269335 4.34
38.334312 4.34
38.408313 4.34
38.464329 4.34
38.520330 4.34
38.594315 4.34
38.668440 4.34
38.724331 4.34
38.798316 4.34
38.872316 4.34
38.941442 4.34
39.015443 4.34
39.089318 4.34
39.153444 4.34
39.222319 4.34
39.286320 4.34
39.360320 4.34
39.434322 4.34
39.508322 4.34
39.582323 4.34
39.656323 4.34
39.720573 4.34
39.779324 4.34
39.843324 4.34
39.907325 4.34
39.971341 4.34
40.035451 4.34
40.094326 4.34
40.158327 4.34
40.222328 4.34
40.286328 4.34
40.350579 4.34
40.414329 4.34
40.478330 4.34
40.542347 4.34
40.606331 4.34
40.670330 4.34
40.734348 4.34
40.798332 4.34
40.862347 4.34
40.926333 4.34
40.990334 4.34
41.054334 4.34
41.118335 4.34
41.182335 4.34
41.256837 4.34
41.320839 4.34
41.384838 4.34
41.448838 4.34
41.512838 4.34
41.576839 4.34
41.640840 4.34
41.704841 4.68
41.768843 4.34
41.832842 4.34
41.896842 4.34
41.960843 4.34
42.024843 4.34
42.088843 4.34
42.152844 4.34
42.216846 4.34
42.275845 4.34
42.339845 4.34
42.408846 4.34
42.472847 4.34
42.536848 4.34
42.606347 4.34
42.659722 4.34
42.713347 4.34
42.771848 4.34
42.835849 4.34
42.899850 4.34
42.963850 4.34
43.022725 4.34
43.076351 4.34
43.134852 4.34
43.194992 4.34
43.258852 4.34
43.313728 4.34
43.363353 4.34
43.417992 4.34
43.481855 4.34
43.551370 4.34
43.615369 4.34
43.679370 4.34
43.743356 4.34
43.802372 4.34
43.861373 4.34
43.935733 4.34
43.999884 4.34
44.055997 4.34
44.114886 4.34
44.178884 4.34
44.242885 4.34
44.306885 4.34
44.370886 4.34
44.435376 4.34
44.499362 4.34
44.558375 4.34
44.617379 4.34
44.691739 4.34
44.761253 4.68
44.825384 4.34
44.884381 4.34
44.943131 4.34
45.012254 4.34
45.076383 4.34
45.141617 4.34
45.195384 4.34
45.254384 4.34
45.318383 4.34
45.382134 4.34
45.451136 4.34
45.509745 4.34
45.560888 4.34
45.630263 4.34
45.699388 4.34
45.758386 4.34
45.822136 4.34
45.891138 4.34
45.949749 4.34
46.009875 4.34
46.068625 4.34
46.122140 4.34
46.191140 4.34
46.256141 4.34
46.325142 4.34
46.380877 4.34
46.439628 4.34
46.493145 4.34
46.548880 4.34
46.607629 4.34
46.661146 4.34
46.730145 4.34
46.785880 4.34
46.844755 4.34
46.913631 4.34
46.967274 4.34
47.017883 4.34
47.081633 4.34
47.135149 4.34
47.203758 4.34
47.272634 4.34
47.326151 4.34
47.400149 4.34
47.469152 4.34
47.538152 4.34
47.615137 5.69
47.685512 6.36
47.749013 6.36
47.807387 6.36
47.876014 6.36
47.945045 6.36
48.008921 6.68
48.074773 6.68
48.138392 6.68
48.197066 6.68
48.256047 6.68
48.325048 6.68
48.394048 6.68
48.463048 7.02
48.522399 7.02
48.576397 7.02
48.630052 7.02
48.694049 7.02
48.763048 7.02
48.832651 7.37
48.902399 7.37
48.961060 7.37
49.030051 7.37
49.099784 7.37
49.158781 7.37
49.212401 7.37
49.266053 7.37
49.329932 7.69
49.399790 7.69
49.459282 7.69
49.523655 7.69
49.589058 7.69
49.648038 7.69
49.722295 7.69
49.786057 8.03
49.849934 8.03
49.921060 8.03
49.990960 8.03
50.066303 8.03
50.132064 8.03
50.201062 8.03
50.262077 8.35
50.326302 8.35
50.385065 8.35
50.443937 8.35
50.507939 8.35
50.572671 8.35
50.632187 8.35
50.698073 8.35
50.756928 8.70
50.821054 8.70
50.880672 8.70
50.945186 8.70
51.009666 8.70
51.068416 8.70
51.128827 8.70
51.198808 9.04
51.270184 9.04
51.329668 9.04
51.383311 9.04
51.437299 9.04
51.490953 9.04
51.546189 9.36
51.601185 9.04
51.656187 9.36
51.711194 9.36
51.780674 9.36
51.839673 9.36
51.904188 9.36
51.973673 9.71
52.043856 9.71
52.108553 9.71
52.167676 9.71
52.232317 9.71
52.286057 9.71
52.350200 9.71
52.411436 10.03
52.472208 10.03
52.527688 9.71
52.592687 10.03
52.652439 10.03
52.717688 10.03
52.777567 10.03
52.842706 10.03
52.907707 10.03
52.973970 10.03
53.038558 10.03
53.108562 10.03
53.177685 10.03
53.236182 10.03
53.304810 10.03
53.378953 10.03
53.437949 10.03
53.496811 9.71
53.560310 10.03
53.623811 10.03
53.697936 10.03
53.771813 10.03
53.845813 10.03
53.905814 10.03
53.969565 10.03
54.039193 10.03
54.102689 10.03
54.167817 10.03
54.226441 10.03
54.295066 10.03
54.360191 10.03
54.423845 10.03
54.494192 10.03
54.557693 10.03
54.604943 10.03
54.660210 9.71
54.720574 10.03
54.784695 10.03
54.850695 10.03
54.920213 10.03
54.978823 10.03
55.047969 10.03
55.116697 10.03
55.163948 10.03
55.214980 10.03
55.283702 10.03
55.352700 10.03
55.422235 10.03
55.485826 10.03
55.556333 10.03
55.625452 10.03
55.689232 10.03
55.742706 10.03
55.801220 10.03
55.865329 10.03
55.929221 10.03
55.992707 9.71
56.061706 10.03
56.135996 10.03
56.201347 10.03
56.265332 10.03
56.325708 10.03
56.389839 10.03
56.460333 10.03
56.529584 10.03
56.589712 10.03
56.649334 10.03
56.700712 10.03
56.760714 10.03
56.820712 10.03
56.884212 10.03
56.937587 10.03
56.992588 10.03
57.051216 10.03
57.109869 10.03
57.173964 10.03
57.242589 10.03
57.297714 9.71
57.353465 9.04
57.416966 9.04
57.480719 8.35
57.536466 7.69
57.599967 7.37
57.663718 7.37
57.719468 7.02
57.782969 6.68
57.851594 7.02
57.909969 6.68
57.978595 7.02
58.036971 7.02
58.105731 6.36
58.170110 6.36
58.228973 6.36
58.297850 6.36
58.356598 6.36
58.414974 6.36
58.483851 6.36
58.534475 6.36
58.597975 6.36
58.666601 6.36
58.724976 6.36
58.793601 6.36
58.851977 6.36
58.920603 6.36
58.978978 6.36
59.047879 6.36
59.106729 6.36
59.177122 6.36
59.235731 6.36
59.299883 6.36
59.358608 6.36
59.414483 6.36
59.474626 6.36
59.534626 6.36
59.598358 6.36
59.667360 6.36
59.727638 6.36
59.777363 6.36
59.831269 6.36
59.887486 6.36
59.934737 6.36
59.998613 6.36
60.054362 6.36
60.113130 6.36
60.166613 6.36
60.230489 6.36
60.277739 6.36
60.336615 6.36
60.400615 6.36
60.474491 6.36
60.521741 6.36
60.585617 6.36
60.649617 6.36
60.723493 6.36
60.782244 6.36
60.846260 6.36
60.915244 6.36
60.979261 6.36
61.042896 6.36
61.096496 6.36
61.160263 6.36
61.224263 6.36
61.293623 6.36
61.357498 6.36
61.426391 6.36
61.485265 6.36
61.553905 6.36
61.607500 6.36
61.677507 6.36
61.741501 6.36
61.800270 6.36
61.870657 6.36
61.924269 6.36
61.993267 6.36
62.054672 6.36
62.113632 6.36
62.177505 6.36
62.241146 6.36
62.296146 6.36
62.351132 6.36
62.402535 6.36
62.466150 6.36
62.517539 6.36
62.570757 6.36
62.635884 6.36
62.689384 6.36
62.744384 6.36
62.795510 6.36
62.850028 6.36
62.908386 6.36
62.963386 6.36
63.012279 6.36
63.075761 6.36
63.134388 6.36
63.185513 6.36
63.241262 6.36
63.310042 6.36
63.379041 6.36
63.432390 6.36
63.496017 6.36
63.549516 6.36
63.618517 6.36
63.674266 6.36
63.737770 6.36
63.801774 6.36
63.855654 6.36
63.919393 6.36
63.993394 6.36
64.057019 6.36
64.115394 6.36
64.198210 6.36
64.262056 6.36
64.320776 6.36
64.384647 6.36
64.449926 6.36
64.503649 6.36
64.563281 6.36
64.622654 6.36
64.681400 6.36
64.740052 6.36
64.795651 6.36
64.859401 6.36
64.929029 6.36
64.984403 6.36
65.048045 6.36
65.099431 6.36
65.159433 6.36
65.214405 6.36
65.273409 6.36
65.337407 6.36
65.401281 6.36
65.461405 6.36
65.520048 6.36
65.583657 6.36
65.647665 6.36
65.706661 6.36
65.770536 6.36
65.834284 6.36
65.881534 6.36
65.936285 6.36
65.991818 6.36
66.047183 6.36
66.100940 6.36
66.169662 6.36
66.233413 6.36
66.307288 6.36
66.381288 6.36
66.455288 6.36
66.513665 6.36
66.572415 6.36
66.646291 6.36
66.715291 6.36
66.773931 6.36
66.827542 6.36
66.891292 6.36
66.949933 6.36
67.003544 6.36
67.072544 6.36
67.136669 6.36
67.195545 6.36
67.259551 6.36
67.318546 6.36
67.382422 6.36
67.446551 6.36
67.505423 6.36
67.574424 6.36
67.648424 6.36
67.722315 6.36
67.796687 6.36
67.855957 6.36
67.914958 6.36
67.978551 6.36
68.043676 6.68
68.112302 6.36
68.175816 6.36
68.234183 6.36
68.289180 6.36
68.346336 6.36
68.404833 6.36
68.463322 6.36
68.518083 6.36
68.582306 6.36
68.646307 6.36
68.710308 6.36
68.774199 6.36
68.830202 6.36
68.886199 6.36
68.933559 6.36
68.992185 6.36
69.048200 6.36
69.104186 6.36
69.160204 6.36
69.216187 6.36
69.272205 6.36
69.328187 6.36
69.384205 6.36
69.449314 6.36
69.518314 6.36
69.582189 6.36
69.646315 6.36
69.702207 6.36
69.771203 6.36
69.840191 6.36
69.898566 6.36
69.962191 6.36
70.025848 6.36
70.079444 6.36
70.143319 6.36
70.212212 6.36
70.276320 6.36
70.345321 6.36
70.414197 6.36
70.477850 6.36
70.541851 6.36
70.605852 6.36
70.669851 6.36
70.730229 6.36
70.789455 6.36
70.848217 6.36
70.912325 6.36
70.976216 6.36
71.040216 6.36
71.104327 6.36
71.168219 6.36
71.231702 6.36
71.295858 6.36
71.359830 6.36
71.423705 6.36
71.487706 6.36
71.551859 6.36
71.608223 6.36
71.672347 6.36
71.732331 6.36
71.790706 6.36
71.849082 6.36
71.907457 6.36
71.976083 6.36
72.034458 6.36
72.103083 6.36
72.161459 6.36
72.225337 6.36
72.284338 6.36
72.348227 6.36
72.417229 6.36
72.481337 6.36
72.540104 6.36
72.609338 6.36
72.668340 6.36
72.727360 6.36
72.796341 6.36
72.855341 6.36
72.929347 6.36
72.993594 6.36
73.047361 6.36
73.106468 6.36
73.160235 6.36
73.230594 6.36
73.284484 6.36
73.349225 6.36
73.413470 6.36
73.472363 6.36
73.531346 6.36
73.590346 6.36
73.649240 6.36
73.713348 6.36
73.772348 6.68
73.831243 6.68
73.895349 6.36
73.954350 6.36
74.018367 6.36
74.077351 6.36
74.136244 6.36
74.200352 6.68
74.255352 6.68
74.310352 6.68
74.365353 6.36
74.424243 6.68
74.488369 6.36
74.543370 6.36
74.607371 6.36
74.662356 6.36
74.726356 6.36
74.790250 6.68
74.854372 6.68
74.918250 6.36
74.982251 6.36
75.046251 6.36
75.115252 6.36
75.175359 6.36
75.239489 6.36
75.293362 6.36
75.357361 6.36
75.421362 6.36
75.480237 6.36
75.545487 6.36
75.610154 6.36
75.671144 6.36
75.735615 6.36
75.796368 6.36
75.860916 6.36
75.918173 6.36
75.979151 6.68
76.044491 6.68
76.105193 6.68
76.164261 6.68
76.228012 6.68
76.293494 6.68
76.357620 6.68
76.428027 6.36
76.497025 6.36
76.566621 6.36
76.630247 6.36
76.688905 6.36
76.744248 6.36
76.803014 6.36
76.872760 6.36
76.926803 6.36
76.990249 6.36
77.058878 6.36
77.110389 6.36
77.169636 6.36
77.238509 6.36
77.296879 6.36
77.344130 6.36
77.408131 6.36
77.459035 6.36
77.527884 6.36
77.586253 6.36
77.654880 6.36
77.702129 6.36
77.752759 6.36
77.816255 6.36
77.884882 6.36
77.943256 6.36
78.011888 6.36
78.076883 6.36
78.145634 6.36
78.214509 6.36
78.272888 6.36
78.341886 6.36
78.400260 6.36
78.469790 6.36
78.530513 6.36
78.588888 6.36
78.652514 6.36
78.710888 6.36
78.769262 6.36
78.837888 6.36
78.898016 6.36
78.953021 6.36
79.011520 6.36
79.071891 6.36
79.131919 6.36
79.186895 6.36
79.251173 6.36
79.306267 6.36
79.364775 6.36
79.431041 6.36
79.495042 6.36
79.554653 6.36
79.613524 6.36
79.683060 6.36
79.738291 6.36
79.796781 6.36
79.844288 6.36
79.903049 6.36
79.962176 6.36
80.015778 6.36
80.063052 6.36
80.126777 6.36
80.187046 6.36
80.245779 6.36
80.319780 6.36
80.367033 6.36
80.417778 6.36
80.473652 6.36
80.537402 6.36
80.591283 6.36
80.641164 6.36
80.700282 6.36
80.758783 6.36
80.822405 6.36
80.881054 6.36
80.949782 6.36
81.008157 6.36
81.076783 6.36
81.135157 6.36
81.203784 6.36
81.267663 6.36
81.332914 6.36
81.386159 6.36
81.454786 6.36
81.518664 6.36
81.582162 6.36
81.650787 6.36
81.710913 6.36
81.764165 6.36
81.832794 6.36
81.892819 6.36
81.947790 6.36
82.007791 6.36
82.067790 6.36
82.127792 6.36
82.187794 6.36
82.247792 6.36
82.307837 6.36
82.371670 6.36
82.426675 6.36
82.485043 6.36
82.554544 6.36
82.605922 6.36
82.669670 6.36
82.716937 6.36
82.781059 6.36
82.839828 6.36
82.903827 6.36
82.972672 6.36
83.025423 6.36
83.099814 6.36
83.168672 6.36
83.237674 6.36
83.306967 6.36
83.370829 6.36
83.434680 6.36
83.493051 6.36
83.561834 6.36
83.626224 6.36
83.681428 6.36
83.750059 6.36
83.819430 6.36
83.889180 6.36
83.952679 6.36
84.021932 6.36
84.087444 6.36
84.146063 6.36
84.214814 6.36
84.274935 6.36
84.338685 6.36
84.413098 6.36
84.471939 6.36
84.540688 6.36
84.604441 6.36
84.664686 6.36
84.728436 6.36
84.802205 6.36
84.860687 6.36
84.929814 6.36
84.989968 6.36
85.053689 6.36
85.122842 6.36
85.181690 6.36