0.000000 0.000000
0.064889 0.89
0.126136 0.89
0.191129 0.88
0.255878 0.88
0.330501 0.89
0.399376 0.90
0.469876 0.89
0.529752 0.89
0.579516 0.88
0.648377 0.89
0.718007 0.89
0.789895 0.88
0.849889 0.90
0.909801 0.89
0.981888 0.78
1.041415 0.79
1.100650 0.79
1.164555 0.79
1.228399 0.79
1.302398 0.78
1.376796 0.78
1.441894 0.78
1.501656 0.79
1.555652 0.78
1.619650 0.78
1.683652 0.79
1.747403 0.78
1.816653 0.79
1.880654 0.78
1.944402 0.78
2.018652 0.79
2.082654 0.79
2.146403 0.79
2.215414 0.78
2.289407 0.79
2.363892 0.79
2.429293 0.78
2.503417 0.78
2.577408 0.79
2.651410 0.79
2.725661 0.79
2.789660 0.79
2.853421 0.79
2.927422 0.78
2.987299 0.79
3.051423 0.77
3.115299 0.79
3.179424 0.78
3.243301 0.78
3.308899 0.77
3.362413 0.78
3.431429 0.78
3.495277 0.78
3.560901 0.79
3.619426 0.78
3.688428 0.79
3.757427 0.78
3.826429 0.77
3.895669 0.79
3.945306 0.78
4.014430 0.78
4.078429 0.78
4.142286 0.79
4.206671 0.78
4.270433 0.79
4.334284 0.78
4.403285 0.78
4.472286 0.78
4.541288 0.79
4.600426 0.79
4.664287 0.78
4.733287 0.78
4.802288 0.77
4.866438 0.79
4.930438 0.78
4.994315 0.79
5.058290 0.79
5.127290 0.79
5.196290 0.79
5.265291 0.78
5.334291 0.78
5.398292 0.78
5.467292 0.77
5.531293 0.78
5.600294 0.78
5.669294 0.79
5.738297 0.79
5.798920 0.77
5.857812 0.79
5.914205 0.79
5.967795 0.79
6.031796 0.79
6.090922 0.78
6.149797 0.78
6.208812 0.78
6.267814 0.78
6.326812 0.78
6.385812 0.78
6.444799 0.78
6.503817 0.77
6.562926 0.79
6.621816 0.79
6.680818 0.78
6.739816 0.78
6.798818 0.78
6.857803 0.79
6.921819 0.79
6.985804 0.78
7.044820 0.78
7.108930 0.78
7.172821 0.79
7.236806 0.78
7.300824 0.78
7.364823 0.79
7.428823 0.78
7.487824 0.79
7.551809 0.79
7.615700 0.77
7.679701 0.78
7.740060 0.80
7.822811 0.78
7.881311 0.79
7.950315 0.80
8.014188 0.78
8.083187 0.78
8.155188 0.80
8.224188 0.78
8.296189 0.78
8.365199 0.79
8.428707 0.78
8.497706 0.80
8.566817 0.79
8.630583 0.78
8.713201 0.78
8.782068 0.78
8.843469 0.78
8.894096 0.77
8.948710 0.80
9.007201 0.80
9.076071 0.79
9.137471 0.78
9.188088 0.78
9.246710 0.78
9.310711 0.77
9.374712 0.78
9.443715 0.79
9.507713 0.79
9.571715 0.78
9.635715 0.78
9.713206 0.78
9.777207 0.78
9.844716 0.78
9.908718 0.78
9.991208 0.79
10.055208 0.78
10.119355 0.78
10.178215 0.79
10.250721 0.78
10.314722 0.79
10.373722 0.79
10.437723 0.78
10.501723 0.79
10.570600 0.78
10.634214 0.79
10.698214 0.79
10.762212 0.77
10.826085 0.79
10.895212 0.79
10.954245 0.78
11.013244 0.78
11.072213 0.77
11.131213 0.78
11.195214 0.79
11.259215 0.79
11.323089 0.79
11.392216 0.79
11.450965 0.79
11.510965 0.79
11.567364 0.79
11.616966 0.79
11.678367 0.78
11.733092 0.78
11.796967 0.79
11.862218 0.79
11.917219 0.79
11.972219 0.79
12.023344 0.79
12.073969 0.78
12.128470 0.78
12.191969 0.79
12.260596 0.78
12.318970 0.78
12.387597 0.80
12.445972 0.78
12.515973 0.79
12.570473 0.78
12.633973 0.80
12.702599 0.78
12.760974 0.78
12.830976 0.77
12.885476 0.79
12.948976 0.78
13.017602 0.78
13.075977 0.78
13.149852 0.78
13.218479 0.79
13.281979 0.79
13.350604 0.77
13.408980 0.77
13.477606 0.78
13.535981 0.79
13.604607 0.78
13.659607 0.77
13.717983 0.78
13.786608 0.78
13.841484 0.79
13.904984 0.79
13.973610 0.80
14.028485 0.77
14.088485 0.79
14.148486 0.78
14.208486 0.78
14.268487 0.78
14.326862 0.77
14.386863 0.78
14.452113 0.79
14.503240 0.78
14.562865 0.80
14.610989 0.79
14.671115 0.79
14.722241 0.78
14.781867 0.79
14.836366 0.79
14.899867 0.78
14.961243 0.79
15.011869 0.79
15.066369 0.79
15.129868 0.79
15.198495 0.78
15.256870 0.78
15.325496 0.77
15.383870 0.79
15.452497 0.79
15.510871 0.78
15.579497 0.78
15.637873 0.79
15.706498 0.77
15.764874 0.78
15.833499 0.78
15.891875 0.79
15.965750 0.78
16.034376 0.79
16.097876 0.78
16.166502 0.78
16.224877 0.79
16.298878 0.77
16.368005 0.79
16.436880 0.78
16.510881 0.78
16.584881 0.80
16.658882 0.78
16.728007 0.78
16.792007 0.78
16.855508 0.78
16.910383 0.79
16.970400 0.78
17.034386 0.79
17.092760 0.79
17.161385 0.79
17.221385 0.78
17.281386 0.79
17.339762 0.78
17.405012 0.78
17.460012 0.79
17.511137 0.78
17.560513 0.78
17.618889 0.78
17.679014 0.78
17.734014 0.78
17.785140 0.78
17.835766 0.79
17.883891 0.79
17.940141 0.79
17.990768 0.78
18.045269 0.79
18.108768 0.78
18.177393 0.79
18.235769 0.78
18.304394 0.79
18.362769 0.79
18.431396 0.78
18.489771 0.79
18.558397 0.78
18.616897 0.77
18.680397 0.78
18.738773 0.78
18.807398 0.78
18.865774 0.79
18.934399 0.79
18.992775 0.77
19.061400 0.78
19.119776 0.78
19.188402 0.78
19.246901 0.78
19.310402 0.79
19.368778 0.78
19.437403 0.78
19.492279 0.77
19.555779 0.79
19.624405 0.78
19.679281 0.79
19.739282 0.79
19.799282 0.79
19.859283 0.78
19.917782 0.79
19.986408 0.78
20.044784 0.79
20.104909 0.79
20.159908 0.77
20.211034 0.78
20.269411 0.79
20.327786 0.78
20.387911 0.79
20.442911 0.79
20.494037 0.79
20.543412 0.77
20.601788 0.77
20.665290 0.79
20.723664 0.79
20.792290 0.78
20.850665 0.78
20.919291 0.79
20.977666 0.78
21.046293 0.78
21.104667 0.77
21.173294 0.79
21.231668 0.79
21.300295 0.79
21.358669 0.78
21.427295 0.79
21.485670 0.79
21.554296 0.78
21.612671 0.78
21.681297 0.79
21.739672 0.77
21.808299 0.78
21.866677 0.78
21.935299 0.78
21.993674 0.78
22.062301 0.78
22.120675 0.77
22.189302 0.79
22.244176 0.78
22.304176 0.78
22.364177 0.78
22.424177 0.77
22.484177 0.77
22.544178 0.79
22.604179 0.78
22.664179 0.78
22.724180 0.78
22.787680 0.78
22.856307 0.78
22.914682 0.79
22.983308 0.79
23.038182 0.78
23.096558 0.77
23.161808 0.79
23.212934 0.78
23.271311 0.79
23.329685 0.78
23.393185 0.79
23.451561 0.78
23.512936 0.79
23.563562 0.79
23.618062 0.78
23.681562 0.78
23.750189 0.79
23.808814 0.79
23.868565 0.78
23.923066 0.78
23.983199 0.79
24.038066 0.79
24.120468 0.78
24.176942 0.78
24.240467 0.78
24.300708 0.79
24.374470 0.79
24.434710 0.78
24.503468 0.79
24.563585 0.78
24.637473 0.78
24.706710 0.78
24.770474 0.79
24.841073 0.79
24.899590 0.79
24.964949 0.79
25.037351 0.79
25.101716 0.79
25.165475 0.78
25.239477 0.78
25.303715 0.78
25.358952 0.79
25.433077 0.79
25.501954 0.78
25.565719 0.79
25.624720 0.78
25.684461 0.79
25.753478 0.78
25.823462 0.78
25.892482 0.78
25.962463 0.78
26.031483 0.78
26.101465 0.79
26.166466 0.78
26.226483 0.78
26.300483 0.78
26.374484 0.77
26.443486 0.78
26.507725 0.78
26.571362 0.78
26.645490 0.79
26.719603 0.78
26.788615 0.79
26.852839 0.78
26.916839 0.78
26.980841 0.78
27.055364 0.77
27.129608 0.78
27.193841 0.79
27.259610 0.77
27.323843 0.79
27.389608 0.78
27.448470 0.79
27.517094 0.79
27.572094 0.78
27.630471 0.78
27.699095 0.78
27.754096 0.78
27.817597 0.78
27.881098 0.78
27.935972 0.78
27.995974 0.78
28.055973 0.78
28.115974 0.79
28.175975 0.79
28.235975 0.79
28.295975 0.78
28.354351 0.79
28.414352 0.78
28.479602 0.78
28.530727 0.79
28.590354 0.79
28.638478 0.78
28.698604 0.79
28.753605 0.79
28.804730 0.78
28.855356 0.79
28.909855 0.78
28.973357 0.79
29.034732 0.79
29.085358 0.79
29.139857 0.78
29.203358 0.79
29.271983 0.78
29.330359 0.79
29.398984 0.78
29.457360 0.79
29.531386 0.78
29.600387 0.78
29.674388 0.77
29.743503 0.77
29.812390 0.78
29.881388 0.78
29.955504 0.79
30.024388 0.78
30.098390 0.79
30.172366 0.77
30.246367 0.76
30.320508 0.79
30.384368 0.79
30.453368 0.78
30.522368 0.80
30.596510 0.79
30.665508 0.78
30.734370 0.77
30.808371 0.80
30.882371 0.77
30.946511 0.79
31.010373 0.78
31.074265 0.80
31.132874 0.79
31.191375 0.78
31.255270 0.79
31.325000 0.79
31.389001 0.79
31.452876 0.79
31.506267 0.79
31.575270 0.78
31.639268 0.77
31.704878 0.79
31.763521 0.78
31.824003 0.79
31.887880 0.79
31.941275 0.78
32.000257 0.79
32.066007 0.77
32.130006 0.78
32.193757 0.79
32.252397 0.78
32.321524 0.78
32.385260 0.79
32.454261 0.79
32.518262 0.79
32.587262 0.78
32.656262 0.78
32.725266 0.79
32.789262 0.79
32.858267 0.78
32.922265 0.78
32.986265 0.79
33.055139 0.78
33.129406 0.78
33.193403 0.79
33.257269 0.78
33.326416 0.80
33.395656 0.80
33.461269 0.78
33.530272 0.78
33.590893 0.78
33.656894 0.79
33.717144 0.79
33.791420 0.79
33.860421 0.77
33.924272 0.77
33.988272 0.77
34.047299 0.79
34.106290 0.78
34.165288 0.79
34.224423 0.77
34.288422 0.78
34.352290 0.79
34.416292 0.79
34.475292 0.79
34.534277 0.80
34.598277 0.79
34.662278 0.79
34.721279 0.79
34.785279 0.79
34.849154 0.78
34.918280 0.78
34.982281 0.78
35.046281 0.79
35.110282 0.78
35.169282 0.79
35.233282 0.79
35.297283 0.79
35.361283 0.80
35.425284 0.78
35.484284 0.79
35.548285 0.78
35.612286 0.78
35.676286 0.79
35.740287 0.79
35.799287 0.78
35.863287 0.78
35.927288 0.78
35.987038 0.78
36.061289 0.77
36.125290 0.79
36.184430 0.77
36.248441 0.79
36.307305 0.80
36.366441 0.79
36.426292 0.78
36.485293 0.78
36.549293 0.77
36.613294 0.77
36.677294 0.78
36.736169 0.79
36.795044 0.78
36.851446 0.77
36.902046 0.79
36.956685 0.79
37.010045 0.78
37.066447 0.79
37.117047 0.79
37.171685 0.79
37.225048 0.79
37.290690 0.78
37.344048 0.77
37.409689 0.80
37.463050 0.79
37.528450 0.80
37.583050 0.77
37.639451 0.78
37.698052 0.78
37.761801 0.79
37.821692 0.77
37.875053 0.79
37.940054 0.79
37.998694 0.79
38.062571 0.79
38.137055 0.79
38.200806 0.77
38.259695 0.78
38.323696 0.79
38.387698 0.78
38.451698 0.78
38.515571 0.80
38.584580 0.78
38.653698 0.79
38.717574 0.78
38.781185 0.78
38.850186 0.78
38.918936 0.79
38.979186 0.79
39.048187 0.79
39.117188 0.78
39.186188 0.78
39.253189 0.79
39.322189 0.79
39.391065 0.78
39.455968 0.78
39.528199 0.79
39.583198 0.78
39.642968 0.79
39.691199 0.77
39.763707 0.79
39.822068 0.79
39.878319 0.79
39.932945 0.79
39.994320 0.78
40.044971 0.79
40.099471 0.78
40.162946 0.79
40.224348 0.79
40.273947 0.79
40.347822 0.79
40.418475 0.79
40.476948 0.79
40.550949 0.79
40.619715 0.78
40.683476 0.79
40.742076 0.79
40.805826 0.79
40.864718 0.78
40.918208 0.78
40.976953 0.80
41.040954 0.78
41.109828 0.80
41.178717 0.78
41.246080 0.77
41.309830 0.77
41.378723 0.79
41.432208 0.79
41.509957 0.79
41.573724 0.77
41.627209 0.78
41.685959 0.80
41.751959 0.78
41.825960 0.79
41.899960 0.78
41.974086 0.79
42.037962 0.79
42.096601 0.80
42.151727 0.79
42.212214 0.78
42.270963 0.79
42.334728 0.78
42.391215 0.78
42.447841 0.79
42.506367 0.79
42.571966 0.79
42.628217 0.79
42.686967 0.79
42.751843 0.80
42.805491 0.78
42.863967 0.80
42.928869 0.79
42.976236 0.78
43.026844 0.79
43.081344 0.77
43.144844 0.78
43.213470 0.78
43.271845 0.79
43.340471 0.79
43.398846 0.79
43.467473 0.79
43.525847 0.78
43.594472 0.79
43.652849 0.79
43.721474 0.79
43.779850 0.78
43.848475 0.80
43.906851 0.78
43.980726 0.79
44.049351 0.79
44.112852 0.78
44.181478 0.78
44.239853 0.78
44.308479 0.79
44.366854 0.77
44.435480 0.78
44.493855 0.79
44.562481 0.80
44.617481 0.79
44.672482 0.78
44.727483 0.77
44.785858 0.79
44.854483 0.78
44.909359 0.79
44.969359 0.79
45.029359 0.80
45.089360 0.78
45.149361 0.79
45.209361 0.77
45.269361 0.79
45.329362 0.79
45.389362 0.78
45.447738 0.79
45.512988 0.78
45.567989 0.79
45.619115 0.79
45.669741 0.78
45.717865 0.80
45.774115 0.79
45.824743 0.79
45.879244 0.77
45.937742 0.78
46.006368 0.78
46.064867 0.79
46.121118 0.78
46.175619 0.78
46.235245 0.79
46.298745 0.79
46.367370 0.79
46.425746 0.78
46.494372 0.79
46.552747 0.77
46.621373 0.78
46.679748 0.78
46.748374 0.78
46.806873 0.79
46.870375 0.79
46.928750 0.77
46.997376 0.79
47.052376 0.79
47.110751 0.80
47.179377 0.79
47.237752 0.79
47.306379 0.78
47.364754 0.79
47.433379 0.79
47.491754 0.78
47.560380 0.79
47.615256 0.78
47.675381 0.78
47.730258 0.80
47.790259 0.78
47.850382 0.78
47.905259 0.79
47.965260 0.78
48.039134 0.77
48.102634 0.79
48.162635 0.80
48.227886 0.79
48.283144 0.77
48.347891 0.78
48.407014 0.78
48.471294 0.78
48.526294 0.78
48.592149 0.77
48.657019 0.77
48.722786 0.79
48.787017 0.78
48.841892 0.80
48.897905 0.78
48.962896 0.77
49.022020 0.78
49.082296 0.78
49.156894 0.79
49.211023 0.79
49.275306 0.78
49.349896 0.79
49.408896 0.78
49.468158 0.79
49.524315 0.79
49.588309 0.78
49.659664 0.79
49.729024 0.78
49.798668 0.79
49.868026 0.78
49.937150 0.79
50.001151 0.77
50.066162 0.79
50.122448 0.79
50.187030 0.77
50.256153 0.78
50.320152 0.79
50.380153 0.79
50.440153 0.78
50.500154 0.79
50.560155 0.77
50.620155 0.78
50.680155 0.79
50.743656 0.78
50.812283 0.79
50.867157 0.76
50.925533 0.77
50.990658 0.79
51.060535 0.78
51.108659 0.79
51.168784 0.78
51.219910 0.79
51.269286 0.80
51.327661 0.78
51.383911 0.79
51.434538 0.78
51.489043 0.79
51.554575 0.78
51.618915 0.79
51.673915 0.78
51.728915 0.79
51.783921 0.79
51.840811 0.79
51.899918 0.79
51.949809 0.78
52.008917 0.78
52.063435 0.80
52.127921 0.80
52.186920 0.79
52.256169 0.76
52.316920 0.78
52.382693 0.78
52.446689 0.80
52.510812 0.78
52.569922 0.78
52.635440 0.78
52.695056 0.77
52.754188 0.79
52.813930 0.78
52.873702 0.78
52.934932 0.79
52.990697 0.78
53.055577 0.79
53.127575 0.80
53.186955 0.79
53.247955 0.78
53.307705 0.79
53.372683 0.78
53.426561 0.76
53.490938 0.77
53.550466 0.78
53.616822 0.78
53.672212 0.77
53.741437 0.78
53.810560 0.79
53.879437 0.78
53.948450 0.79
54.009809 0.79
54.064700 0.77
54.128449 0.78
54.189809 0.78
54.244464 0.78
54.305811 0.78
54.360451 0.78
54.425467 0.79
54.481937 0.79
54.545452 0.78
54.614464 0.78
54.679468 0.79
54.748467 0.79
54.818443 0.79
54.878598 0.78
54.942441 0.77
55.016584 0.80
55.085317 0.80
55.159951 0.79
55.224071 0.79
55.282473 0.78
55.356319 0.79
55.416471 0.78
55.490474 0.78
55.564348 0.79
55.638325 0.79
55.700322 0.79
55.768947 0.78
55.834322 0.77
55.903448 0.77
55.977467 0.78
56.046579 0.79
56.115354 0.79
56.175332 0.78
56.223589 0.79
56.282206 0.79
56.346077 0.78
56.404953 0.78
56.458457 0.79
56.514845 0.77
56.574954 0.77
56.628334 0.78
56.697358 0.78
56.762954 0.78
56.821485 0.79
56.890358 0.77
56.954728 0.79
57.004472 0.78
57.073498 0.78
57.127723 0.78
57.182334 0.78
57.241474 0.78
57.307365 0.80
57.362724 0.78
57.423370 0.78
57.487634 0.79
57.546843 0.78
57.621355 0.78
57.690713 0.78
57.750342 0.79
57.799964 0.79
57.853491 0.77
57.922485 0.79
57.986368 0.78
58.052353 0.78
58.126607 0.78
58.190355 0.79
58.264367 0.77
58.338342 0.78
58.407343 0.79
58.476220 0.78
58.550362 0.79
58.619361 0.79
58.687970 0.78
58.748363 0.78
58.822248 0.79
58.891377 0.78
58.960253 0.77
59.029615 0.77
59.093503 0.78
59.162491 0.79
59.231493 0.79
59.290368 0.78
59.350257 0.79
59.414380 0.79
59.478382 0.77
59.542619 0.78
59.592257 0.78
59.661853 0.78
59.715258 0.77
59.789495 0.78
59.849856 0.78
59.903261 0.78
59.972400 0.78
60.031261 0.79
60.100260 0.79
60.169262 0.78
60.239234 0.77
60.293733 0.78
60.357234 0.79
60.425859 0.77
60.484236 0.77
60.552859 0.78
60.611236 0.79
60.679861 0.79
60.738237 0.78
60.806862 0.80
60.865239 0.79
60.933863 0.78
60.992240 0.78
61.060866 0.80
61.115865 0.78
61.170865 0.79
61.229242 0.79
61.297866 0.78
61.352867 0.78
61.411445 0.78
61.470117 0.80
61.530244 0.78
61.598868 0.79
61.653744 0.77
61.713744 0.78
61.774001 0.78
61.829387 0.77
61.888122 0.78
61.957372 0.77
62.021122 0.78
62.090278 0.78
62.149123 0.79
62.209629 0.78
62.273127 0.79
62.338377 0.79
62.396752 0.78
62.455128 0.79
62.516503 0.79
62.567162 0.78
62.631127 0.78
62.700277 0.79
62.764128 0.78
62.828279 0.78
62.892379 0.79
62.956678 0.79
63.015773 0.79
63.074774 0.78
63.133399 0.78
63.192287 0.78
63.251288 0.79
63.310264 0.80
63.369287 0.79
63.427757 0.77
63.486133 0.79
63.555134 0.78
63.624267 0.78
63.688764 0.79
63.747887 0.78
63.806762 0.79
63.865763 0.78
63.929763 0.77
63.988781 0.79
64.047767 0.79
64.106295 0.79
64.170265 0.79
64.234141 0.78
64.303393 0.77
64.362295 0.79
64.418401 0.78
64.484897 0.78
64.548770 0.78
64.603769 0.78
64.658769 0.79
64.722770 0.78
64.779549 0.78
64.839025 0.79
64.904396 0.77
64.953771 0.78
65.005022 0.78
65.054773 0.79
65.113662 0.79
65.174280 0.79
65.238151 0.78
65.298053 0.78
65.347665 0.77
65.411667 0.78
65.465150 0.78
65.519401 0.78
65.570027 0.78
65.624542 0.79
65.688152 0.78
65.748056 0.77
65.797675 0.78
65.856028 0.79
65.924779 0.78
65.983672 0.77
66.052547 0.78
66.116156 0.78
66.180031 0.79
66.248906 0.78
66.312673 0.79
66.381658 0.79
66.445533 0.78
66.514672 0.79
66.584174 0.79
66.643679 0.78
66.702315 0.79
66.766160 0.78
66.830161 0.80
66.894037 0.78
66.962912 0.78
67.023664 0.77
67.078665 0.78
67.133667 0.77
67.188667 0.78
67.243668 0.77
67.298542 0.78
67.358539 0.80
67.422039 0.79
67.490665 0.78
67.545541 0.79
67.606944 0.79
67.654318 0.78
67.709168 0.78
67.770170 0.78
67.824044 0.78
67.880324 0.80
67.930170 0.79
67.984950 0.77
68.039438 0.78
68.103173 0.79
68.162926 0.76
68.211046 0.79
68.267324 0.79
68.317950 0.78
68.374565 0.79
68.427923 0.78
68.487481 0.79
68.539340 0.78
68.608444 0.79
68.667176 0.78
68.730927 0.77
68.799927 0.78
68.870059 0.78
68.933698 0.79
68.997446 0.77
69.056179 0.78
69.119930 0.78
69.194180 0.79
69.257931 0.78
69.331931 0.78
69.405932 0.79
69.474575 0.78
69.528058 0.79
69.582187 0.78
69.645811 0.79
69.705934 0.79
69.774560 0.78
69.832934 0.79
69.906812 0.78
69.966936 0.79
70.035579 0.78
70.090453 0.78
70.145581 0.78
70.200466 0.77
70.255582 0.78
70.309463 0.77
70.364565 0.79
70.419582 0.79
70.474458 0.78
70.532941 0.80
70.593199 0.79
70.651584 0.78
70.704942 0.79
70.761199 0.80
70.824819 0.78
70.886200 0.78
70.936850 0.78
70.984944 0.78
71.036205 0.77
71.102070 0.79
71.161851 0.79
71.217851 0.78
71.273851 0.78
71.329853 0.79
71.385852 0.79
71.441854 0.79
71.496451 0.78
71.554826 0.78
71.623453 0.79
71.681828 0.77
71.750455 0.78
71.808828 0.79
71.877452 0.79
71.935826 0.78
72.004452 0.80
72.062827 0.77
72.131452 0.78
72.189828 0.78
72.249080 0.78
72.308080 0.77
72.372081 0.78
72.435956 0.78
72.504707 0.78
72.578708 0.79
72.638833 0.77
72.707481 0.78
72.760833 0.77
72.829476 0.77
72.884358 0.77
72.950091 0.77
73.014337 0.78
73.079836 0.78
73.144088 0.77
73.199481 0.80
73.263367 0.79
73.318478 0.80
73.382356 0.78
73.437606 0.78
73.496252 0.79
73.553091 0.78
73.607840 0.79
73.671967 0.79
73.735734 0.79
73.809842 0.78
73.873733 0.78
73.929252 0.77
73.993974 0.78
74.057972 0.79
74.116844 0.78
74.176749 0.79
74.232750 0.79
74.293124 0.79
74.362248 0.79
74.431352 0.77
74.490374 0.77
74.555616 0.78
74.620849 0.78
74.684974 0.77
74.744742 0.78
74.799242 0.79
74.862743 0.78
74.931360 0.80
74.989726 0.77
75.058370 0.78
75.118853 0.78
75.187978 0.77
75.246854 0.78
75.310980 0.77
75.375864 0.77
75.435236 0.78
75.499389 0.78
75.554748 0.77
75.623750 0.77
75.692733 0.79
75.752116 0.78
75.807865 0.79
75.868871 0.78
75.919122 0.79
75.983389 0.78
76.033373 0.78
76.097389 0.78
76.152388 0.78
76.221986 0.78
76.276863 0.79
76.335741 0.79
76.396113 0.79
76.461644 0.79
76.525738 0.79
76.589754 0.79
76.653865 0.79
76.712866 0.77
76.767634 0.79
76.827619 0.79
76.896741 0.78
76.961129 0.78
77.025119 0.78
77.089272 0.79
77.158119 0.78
77.227496 0.77
77.282273 0.79
77.346121 0.79
77.415512 0.79
77.484997 0.78
77.548873 0.79
77.612878 0.78
77.677124 0.78
77.746504 0.77
77.810498 0.78
77.880008 0.79
77.943876 0.79
78.007876 0.79
78.071752 0.78
78.130876 0.78
78.194878 0.80
78.253879 0.78
78.312879 0.78
78.376519 0.78
78.436880 0.77
78.500881 0.79
78.564756 0.79
78.623881 0.79
78.687881 0.76
78.741884 0.78
78.800882 0.78
78.860011 0.79
78.924009 0.77
78.982884 0.80
79.036884 0.79
79.095885 0.79
79.155011 0.78
79.219142 0.79
79.276022 0.79
79.339779 0.79
79.400137 0.79
79.456542 0.79
79.511137 0.77
79.566139 0.77
79.631543 0.78
79.687519 0.77
79.742141 0.78
79.807890 0.79
79.862891 0.79
79.917767 0.78
79.976892 0.78
80.040893 0.78
80.102524 0.79
80.163019 0.79
80.226894 0.79
80.281895 0.79
80.345897 0.77
80.395895 0.78
80.459896 0.78
80.518774 0.78
80.582646 0.78
80.646653 0.77
80.715398 0.78
80.774148 0.77
80.843684 0.80
80.907422 0.80
80.976151 0.78
81.040400 0.78
81.100901 0.79
81.170026 0.77
81.234026 0.78
81.292902 0.80
81.351530 0.80
81.415528 0.78
81.484668 0.78
81.548419 0.78
81.611905 0.77
81.675797 0.80
81.730421 0.79
81.794031 0.78
81.852673 0.78
81.907658 0.79
81.971408 0.78
82.045533 0.78
82.114424 0.78
82.179659 0.78
82.243409 0.79
82.307034 0.80
82.376428 0.77
82.450662 0.79
82.514553 0.79
82.578416 0.79
82.652414 0.77
82.721412 0.78
82.785432 0.79
82.849539 0.79
82.914444 0.79
82.978431 0.77
83.052445 0.79
83.111917 0.79
83.181042 0.79
83.239934 0.77
83.309044 0.78
83.362561 0.79
83.431419 0.78
83.505686 0.78
83.569425 0.78
83.643321 0.80
83.717424 0.79
83.791673 0.79
83.855549 0.79
83.924441 0.78
83.998451 0.79
84.067925 0.77
84.123050 0.79
84.192178 0.79
84.266427 0.79
84.340443 0.79
84.415053 0.77
84.484053 0.78
84.552806 0.79
84.616554 0.79
84.680445 0.78
84.749448 0.79
84.813681 0.78
84.863308 0.77
84.927435 0.79
84.992331 0.78
85.039698 0.79
85.105309 0.78
85.166069 0.78
85.235509 0.77
85.305190 0.79
85.379581 0.79
85.443443 0.77
85.503824 0.78
85.572812 0.79
85.636952 0.79
85.705813 0.79
85.769356 0.78
85.828711 0.77
85.893079 0.79
85.967315 0.78
86.036