0.000000 0.000000
0.088297 0.87
0.149510 0.87
0.219143 0.87
0.283628 0.87
0.337503 0.88
0.402904 0.87
0.466904 0.87
0.531144 0.88
0.595145 0.87
0.659143 0.87
0.723801 0.87
0.788645 0.88
0.849160 0.87
0.904959 0.87
0.965812 0.87
1.037154 0.87
1.091634 0.88
1.145509 0.88
1.209509 0.87
1.264384 0.87
1.318148 0.88
1.382402 0.88
1.447395 0.79
1.512390 0.79
1.566152 0.79
1.625152 0.79
1.694153 0.79
1.762913 0.79
1.836914 0.79
1.911152 0.79
1.975155 0.78
2.034031 0.79
2.103154 0.78
2.167033 0.78
2.235917 0.79
2.304917 0.78
2.374157 0.79
2.443282 0.78
2.506917 0.79
2.575911 0.79
2.644908 0.79
2.718910 0.79
2.792895 0.78
2.866895 0.78
2.940896 0.78
3.015036 0.78
3.078898 0.78
3.152898 0.79
3.226897 0.79
3.300898 0.80
3.374899 0.78
3.448901 0.78
3.514777 0.78
3.569777 0.79
3.638902 0.79
3.699402 0.79
3.768403 0.78
3.837403 0.80
3.901403 0.79
3.965278 0.78
4.023780 0.79
4.092905 0.79
4.158905 0.79
4.219280 0.79
4.277907 0.79
4.338282 0.79
4.396906 0.78
4.460907 0.79
4.524808 0.79
4.593810 0.78
4.662810 0.79
4.726810 0.79
4.795910 0.79
4.859811 0.78
4.934053 0.79
4.997811 0.79
5.066812 0.79
5.135926 0.78
5.199815 0.79
5.268928 0.78
5.338414 0.79
5.412939 0.78
5.476818 0.79
5.551305 0.79
5.609791 0.79
5.678792 0.79
5.753309 0.79
5.818945 0.79
5.887945 0.79
5.957185 0.78
6.020945 0.78
6.089946 0.79
6.159184 0.79
6.223186 0.79
6.287186 0.79
6.351188 0.79
6.404798 0.78
6.468799 0.78
6.532799 0.79
6.596799 0.78
6.660802 0.78
6.719800 0.80
6.783825 0.79
6.842830 0.79
6.901802 0.79
6.965802 0.78
7.029802 0.79
7.093803 0.78
7.157806 0.79
7.216804 0.79
7.280804 0.79
7.344804 0.79
7.408805 0.78
7.472808 0.79
7.531807 0.79
7.595806 0.78
7.659807 0.78
7.723808 0.79
7.782958 0.79
7.841832 0.79
7.900835 0.79
7.959836 0.79
8.018839 0.78
8.077826 0.79
8.141824 0.79
8.205826 0.79
8.269829 0.79
8.333830 0.79
8.392828 0.78
8.451829 0.79
8.510962 0.79
8.574830 0.79
8.638830 0.78
8.702832 0.79
8.766832 0.79
8.830835 0.79
8.889830 0.79
8.953833 0.79
9.012835 0.78
9.071835 0.79
9.135692 0.79
9.182969 0.78
9.233569 0.79
9.292085 0.78
9.350693 0.78
9.397970 0.78
9.448571 0.79
9.507085 0.78
9.565695 0.79
9.612970 0.79
9.663572 0.78
9.727209 0.79
9.796214 0.79
9.865214 0.79
9.923824 0.79
9.974575 0.78
10.033089 0.79
10.091699 0.79
10.150338 0.79
10.203826 0.79
10.263577 0.78
10.323451 0.78
10.382093 0.78
10.440702 0.79
10.508976 0.79
10.572453 0.79
10.631093 0.79
10.689579 0.79
10.758704 0.80
10.822705 0.78
10.881347 0.78
10.934831 0.79
10.998455 0.79
11.053581 0.78
11.117332 0.79
11.171105 0.79
11.229708 0.79
11.293583 0.79
11.362584 0.79
11.431584 0.79
11.495335 0.80
11.550709 0.79
11.609335 0.78
11.659350 0.80
11.709351 0.79
11.759351 0.79
11.809352 0.79
11.859337 0.79
11.906488 0.79
11.953864 0.78
12.017463 0.79
12.077588 0.79
12.132589 0.78
12.201715 0.79
12.260106 0.78
12.318466 0.79
12.378232 0.79
12.431716 0.79
12.486234 0.79
12.554981 0.79
12.618468 0.79
12.670844 0.79
12.721471 0.79
12.785233 0.79
12.838469 0.78
12.890845 0.79
12.949595 0.80
13.005472 0.79
13.069112 0.79
13.127472 0.79
13.190999 0.79
13.254730 0.78
13.321598 0.79
13.386473 0.79
13.451349 0.79
13.519999 0.79
13.583732 0.79
13.650601 0.79
13.709240 0.79
13.762731 0.79
13.826602 0.79
13.895731 0.79
13.959603 0.79
14.032002 0.79
14.097479 0.78
14.161247 0.79
14.221605 0.79
14.280248 0.80
14.340481 0.79
14.404247 0.79
14.454245 0.79
14.504106 0.78
14.558982 0.79
14.618983 0.79
14.679007 0.79
14.734247 0.78
14.784251 0.79
14.848009 0.78
14.903252 0.78
14.967009 0.79
15.025486 0.79
15.094486 0.79
15.145738 0.79
15.209612 0.79
15.265364 0.79
15.312738 0.79
15.376488 0.80
15.432364 0.79
15.479740 0.79
15.543490 0.79
15.612490 0.78
15.686366 0.78
15.747367 0.79
15.803367 0.79
15.872367 0.79
15.955018 0.80
16.013369 0.79
16.087494 0.79
16.151369 0.79
16.225495 0.79
16.299495 0.79
16.368496 0.79
16.442496 0.79
16.511371 0.78
16.585497 0.79
16.659623 0.79
16.728373 0.78
16.802374 0.80
16.871374 0.78
16.945375 0.78
17.014375 0.79
17.088626 0.79
17.152377 0.79
17.215876 0.78
17.279377 0.79
17.342877 0.78
17.402878 0.79
17.462878 0.79
17.522878 0.79
17.582880 0.78
17.642879 0.78
17.702879 0.79
17.762881 0.79
17.826380 0.79
17.889881 0.79
17.944757 0.79
18.008257 0.79
18.064507 0.79
18.120259 0.78
18.183759 0.79
18.247259 0.79
18.299634 0.78
18.349009 0.78
18.402260 0.79
18.454636 0.78
18.505262 0.79
18.568762 0.78
18.632262 0.79
18.695763 0.79
18.759263 0.78
18.822764 0.79
18.881263 0.79
18.944766 0.78
19.008265 0.79
19.071766 0.79
19.135265 0.79
19.198768 0.79
19.262267 0.79
19.325768 0.79
19.389268 0.78
19.452769 0.78
19.511520 0.79
19.575394 0.78
19.639395 0.78
19.703396 0.78
19.767396 0.79
19.831396 0.79
19.895522 0.79
19.959799 0.79
20.023801 0.79
20.087800 0.78
20.151802 0.79
20.215799 0.79
20.279802 0.79
20.343802 0.79
20.402802 0.79
20.466901 0.78
20.530803 0.79
20.600402 0.79
20.664527 0.79
20.713903 0.79
20.767403 0.79
20.827528 0.78
20.876904 0.79
20.930404 0.79
20.994405 0.80
21.063805 0.79
21.125156 0.79
21.178783 0.79
21.242782 0.79
21.308158 0.79
21.361810 0.79
21.425784 0.78
21.491159 0.78
21.549785 0.78
21.620160 0.78
21.678786 0.78
21.740161 0.79
21.798787 0.78
21.862813 0.79
21.921788 0.79
21.987163 0.79
22.051054 0.80
22.111414 0.78
22.175539 0.79
22.239305 0.79
22.303540 0.79
22.367416 0.79
22.431541 0.79
22.495306 0.79
22.559183 0.78
22.633307 0.79
22.697181 0.79
22.771419 0.79
22.830309 0.79
22.888796 0.79
22.944183 0.79
23.007796 0.79
23.071670 0.79
23.130310 0.79
23.188797 0.79
23.252672 0.79
23.311189 0.79
23.371672 0.79
23.430424 0.79
23.494316 0.79
23.550055 0.79
23.603675 0.79
23.662316 0.78
23.716802 0.79
23.780676 0.79
23.839316 0.78
23.895058 0.78
23.948677 0.79
24.007427 0.79
24.071318 0.79
24.140068 0.79
24.201060 0.79
24.254679 0.79
24.313320 0.79
24.382319 0.78
24.438062 0.79
24.491681 0.78
24.550321 0.79
24.619322 0.79
24.675063 0.79
24.728683 0.79
24.787321 0.79
24.855949 0.79
24.911324 0.79
24.979949 0.79
25.035325 0.79
25.103951 0.78
25.159436 0.79
25.223325 0.79
25.291952 0.78
25.347328 0.79
25.415953 0.79
25.474688 0.79
25.539952 0.79
25.598689 0.79
25.653690 0.79
25.717565 0.79
25.768690 0.79
25.842441 0.79
25.901207 0.78
25.969958 0.78
26.040443 0.79
26.099208 0.79
26.163085 0.78
26.218332 0.79
26.281960 0.78
26.338335 0.78
26.401962 0.79
26.454321 0.79
26.517962 0.80
26.574322 0.79
26.638212 0.79
26.706964 0.79
26.759323 0.78
26.818212 0.79
26.881965 0.79
26.955965 0.79
27.029964 0.79
27.103967 0.79
27.177965 0.79
27.247214 0.78
27.311090 0.78
27.380217 0.79
27.444094 0.79
27.512966 0.79
27.582219 0.79
27.646221 0.79
27.714971 0.79
27.789455 0.79
27.854970 0.79
27.924223 0.79
27.993223 0.79
28.061973 0.78
28.135973 0.78
28.209972 0.78
28.283976 0.78
28.357977 0.78
28.431975 0.79
28.501100 0.78
28.569977 0.79
28.643978 0.79
28.717976 0.79
28.791976 0.79
28.865990 0.79
28.939839 0.79
29.003465 0.78
29.061840 0.79
29.132340 0.79
29.195841 0.78
29.269842 0.80
29.335342 0.79
29.398842 0.79
29.469356 0.79
29.532844 0.79
29.607108 0.78
29.675844 0.79
29.746345 0.79
29.809996 0.79
29.875346 0.79
29.933846 0.79
30.007847 0.79
30.081847 0.78
30.155997 0.79
30.224848 0.79
30.298848 0.79
30.372850 0.78
30.447117 0.79
30.510876 0.79
30.579878 0.78
30.648876 0.79
30.722877 0.79
30.791878 0.79
30.860878 0.79
30.930117 0.79
30.998880 0.79
31.067882 0.79
31.136880 0.79
31.210881 0.79
31.284880 0.79
31.358883 0.79
31.427884 0.79
31.496883 0.79
31.565883 0.79
31.634886 0.79
31.709008 0.79
31.773009 0.79
31.837010 0.79
31.901011 0.78
31.965012 0.79
32.029013 0.79
32.092888 0.79
32.153363 0.79
32.218755 0.79
32.279364 0.79
32.343364 0.79
32.408760 0.80
32.477889 0.79
32.543616 0.79
32.602367 0.79
32.666257 0.79
32.725130 0.79
32.788762 0.79
32.863258 0.79
32.921763 0.79
32.990760 0.79
33.059760 0.79
33.128761 0.79
33.198009 0.79
33.262010 0.78
33.325897 0.79
33.389748 0.79
33.458898 0.79
33.527897 0.79
33.586249 0.79
33.644749 0.79
33.713900 0.79
33.777900 0.79
33.846901 0.79
33.915903 0.79
33.984900 0.79
34.053907 0.79
34.122902 0.79
34.186754 0.79
34.255754 0.79
34.324757 0.79
34.385254 0.79
34.445380 0.79
34.514380 0.79
34.578256 0.79
34.633270 0.78
34.697272 0.78
34.761270 0.79
34.812382 0.79
34.871383 0.78
34.930275 0.78
34.989272 0.79
35.048275 0.79
35.107385 0.79
35.166274 0.78
35.225274 0.78
35.284261 0.78
35.343280 0.79
35.402275 0.79
35.461278 0.79
35.520388 0.79
35.579276 0.79
35.643278 0.79
35.702388 0.79
35.761281 0.79
35.825280 0.79
35.884390 0.78
35.943281 0.80
36.002282 0.79
36.061267 0.79
36.125281 0.79
36.189285 0.79
36.253281 0.79
36.317282 0.79
36.381394 0.79
36.440284 0.79
36.504285 0.78
36.568286 0.79
36.632285 0.79
36.696397 0.79
36.755288 0.78
36.819286 0.79
36.883289 0.79
36.947286 0.79
37.011399 0.79
37.070290 0.79
37.134289 0.79
37.198290 0.79
37.262296 0.78
37.326401 0.78
37.385292 0.79
37.438777 0.78
37.492277 0.79
37.545778 0.80
37.599404 0.78
37.663045 0.78
37.721529 0.79
37.777780 0.79
37.828531 0.78
37.892044 0.79
37.950531 0.79
38.010782 0.79
38.074532 0.79
38.126906 0.79
38.177533 0.79
38.241046 0.79
38.299533 0.78
38.351908 0.79
38.402535 0.78
38.466051 0.79
38.524535 0.79
38.585537 0.79
38.649051 0.79
38.707536 0.79
38.771303 0.78
38.824788 0.79
38.888538 0.78
38.953413 0.78
39.007179 0.78
39.071178 0.79
39.135180 0.79
39.199181 0.78
39.263181 0.79
39.332180 0.78
39.396182 0.78
39.470055 0.78
39.525307 0.80
39.584183 0.78
39.648182 0.79
39.722185 0.79
39.786185 0.79
39.850185 0.78
39.914185 0.79
39.978188 0.78
40.042186 0.79
40.111185 0.78
40.175063 0.79
40.231438 0.78
40.282812 0.79
40.346548 0.78
40.406441 0.78
40.453815 0.79
40.517550 0.79
40.581675 0.79
40.637443 0.79
40.684818 0.79
40.748551 0.79
40.812427 0.78
40.864819 0.79
40.928428 0.78
40.980820 0.78
41.039428 0.79
41.113679 0.79
41.169431 0.79
41.225431 0.78
41.294430 0.79
41.355431 0.79
41.411433 0.80
41.467433 0.78
41.523433 0.78
41.592433 0.79
41.666433 0.79
41.740434 0.79
41.814559 0.79
41.883685 0.79
41.952435 0.78
42.026436 0.78
42.100436 0.79
42.174437 0.78
42.243437 0.79
42.312438 0.78
42.386563 0.79
42.450439 0.79
42.524439 0.80
42.598440 0.78
42.667566 0.78
42.736442 0.79
42.800442 0.79
42.864442 0.79
42.928442 0.79
42.992443 0.78
43.056444 0.79
43.120444 0.79
43.184444 0.79
43.248695 0.79
43.307570 0.80
43.371446 0.79
43.435446 0.78
43.499572 0.79
43.563447 0.78
43.627572 0.79
43.691573 0.80
43.755449 0.79
43.824450 0.79
43.888450 0.79
43.952451 0.79
44.016450 0.79
44.080451 0.79
44.140702 0.78
44.199452 0.79
44.263453 0.80
44.327453 0.79
44.391454 0.79
44.455454 0.79
44.519455 0.78
44.583455 0.78
44.647455 0.78
44.716847 0.79
44.780846 0.79
44.844846 0.79
44.908849 0.78
44.972850 0.79
45.036848 0.79
45.100848 0.78
45.175460 0.78
45.239460 0.79
45.303585 0.78
45.367461 0.78
45.431586 0.78
45.490462 0.79
45.554462 0.78
45.618462 0.79
45.682588 0.79
45.746463 0.79
45.804840 0.78
45.863464 0.79
45.921840 0.79
45.980355 0.78
46.041218 0.79
46.099716 0.79
46.163342 0.79
46.210592 0.79
46.261221 0.79
46.319718 0.78
46.383469 0.78
46.437992 0.79
46.491344 0.79
46.552223 0.79
46.610729 0.78
46.674346 0.78
46.732729 0.79
46.796347 0.78
46.852249 0.79
46.910849 0.79
46.964347 0.79
47.022731 0.79
47.086473 0.78
47.142251 0.79
47.200850 0.79
47.259350 0.79
47.333350 0.78
47.402476 0.79
47.466352 0.79
47.530477 0.78
47.594477 0.79
47.666880 0.79
47.730732 0.78
47.794879 0.78
47.858881 0.79
47.936480 0.79
48.000605 0.79
48.059480 0.79
48.123481 0.79
48.187482 0.78
48.251482 0.79
48.315482 0.80
48.387883 0.79
48.452249 0.79
48.529885 0.78
48.583485 0.78
48.642485 0.79
48.695741 0.78
48.755887 0.79
48.809486 0.79
48.873507 0.79
48.927910 0.79
48.986901 0.78
49.043141 0.79
49.103142 0.79
49.158144 0.79
49.217926 0.79
49.277619 0.79
49.338492 0.79
49.397492 0.79
49.452492 0.78
49.502915 0.79
49.567494 0.79
49.622494 0.78
49.686494 0.78
49.745494 0.79
49.799922 0.78
49.859499 0.78
49.923754 0.78
49.989138 0.79
50.058633 0.79
50.125378 0.78
50.189795 0.79
50.264373 0.78
50.333781 0.79
50.398780 0.79
50.463378 0.78
50.532626 0.79
50.602027 0.79
50.671147 0.78
50.735503 0.79
50.789377 0.79
50.848377 0.79
50.912784 0.79
50.977382 0.79
51.036505 0.79
51.095379 0.78
51.154379 0.78
51.213505 0.79
51.267509 0.79
51.321507 0.78
51.380381 0.79
51.439506 0.78
51.498507 0.79
51.552511 0.79
51.606385 0.80
51.665384 0.79
51.724508 0.79
51.779509 0.78
51.833828 0.78
51.893390 0.79
51.948513 0.79
52.002387 0.79
52.061386 0.79
52.116516 0.79
52.191389 0.79
52.246513 0.78
52.301513 0.78
52.356513 0.78
52.411519 0.78
52.466516 0.78
52.521516 0.78
52.576514 0.80
52.630390 0.79
52.685521 0.78
52.760518 0.79
52.824517 0.79
52.883517 0.78
52.949035 0.78
53.013653 0.79
53.078398 0.79
53.142521 0.79
53.206520 0.79
53.265526 0.78
53.332276 0.80
53.386651 0.79
53.446662 0.79
53.508097 0.78
53.568183 0.79
53.622662 0.79
53.682411 0.79
53.743425 0.78
53.808531 0.79
53.884183 0.79
53.939970 0.79
54.005187 0.79
54.064834 0.78
54.129288 0.78
54.183837 0.79
54.253530 0.79
54.314034 0.79
54.373536 0.80
54.448070 0.79
54.517030 0.79
54.591532 0.78
54.646532 0.79
54.705032 0.78
54.779044 0.78
54.848178 0.79
54.917657 0.79
54.987180 0.79
55.045912 0.79
55.115052 0.79
55.183927 0.78
55.252927 0.79
55.327049 0.79
55.395928 0.79
55.456942 0.79
55.515411 0.78
55.578912 0.79
55.642412 0.78
55.696051 0.78
55.764913 0.78
55.839179 0.78
55.907956 0.79
55.977416 0.79
56.046959 0.78
56.106307 0.78
56.169934 0.79
56.239060 0.78
56.308547 0.78
56.372418 0.79
56.429433 0.78
56.488419 0.78
56.554185 0.79
56.623548 0.79
56.692546 0.79
56.757958 0.79
56.827064 0.78
56.895803 0.78
56.954550 0.79
57.012934 0.79
57.076429 0.78
57.136425 0.79
57.196429 0.78
57.265561 0.79
57.334304 0.79
57.389305 0.78
57.452808 0.78
57.516304 0.78
57.579805 0.79
57.632183 0.79
57.681684 0.78
57.745306 0.79
57.809196 0.79
57.859805 0.79
57.913435 0.78
57.983851 0.78
58.039304 0.79
58.102806 0.78
58.167836 0.78
58.227835 0.79
58.296932 0.79
58.360837 0.79
58.435683 0.79
58.499434 0.78
58.559434 0.79
58.633686 0.79
58.692438 0.78
58.762209 0.79
58.820840 0.79
58.894936 0.79
58.963842 0.79
59.038438 0.78
59.107313 0.79
59.168443 0.79
59.232317 0.79
59.292847 0.78
59.356845 0.78
59.430846 0.78
59.500328 0.78
59.566317 0.79
59.631970 0.78
59.700958 0.78
59.764848 0.79
59.833848 0.79
59.904091 0.79
59.957822 0.79
60.032320 0.80
60.087336 0.78
60.161446 0.78
60.207445 0.79
60.260826 0.79
60.315822 0.79
60.379321 0.79
60.434197 0.79
60.497697 0.79
60.553948 0.79
60.622701 0.78
60.686201 0.78
60.744862 0.79
60.808855 0.79
60.872854 0.78
60.941981 0.79
61.000858 0.78
61.064702 0.79
61.138968 0.79
61.202857 0.78
61.261859 0.78
61.325858 0.79
61.395222 0.79
61.453831 0.79
61.512331 0.79
61.576207 0.79
61.634833 0.78
61.703975 0.78
61.762707 0.79
61.831861 0.79
61.895977 0.79
61.954865 0.79
62.018836 0.79
62.077710 0.79
62.146864 0.79
62.215586 0.78
62.275711 0.79
62.349587 0.79
62.413229 0.79
62.473339 0.79
62.529839 0.79
62.589965 0.79
62.658839 0.79
62.717215 0.78
62.791090 0.79
62.854716 0.79
62.909718 0.78
62.964719 0.78
63.019719 0.79
63.070846 0.79
63.126598 0.78
63.190096 0.78
63.253596 0.79
63.317594 0.79
63.369998 0.79
63.420624 0.78
63.479111 0.79
63.537596 0.79
63.598625 0.79
63.645971 0.79
63.696627 0.78
63.755098 0.79
63.813730 0.79
63.872098 0.78
63.935598 0.79
64.004599 0.79
64.069479 0.79
64.123226 0.79
64.187240 0.79
64.261101 0.79
64.319729 0.79
64.388602 0.79
64.452245 0.79
64.510730 0.79
64.579478 0.79
64.648121 0.79
64.706738 0.78
64.775607 0.78
64.839107 0.79
64.894108 0.79
64.949108 0.79
65.012609 0.78
65.076110 0.78
65.130242 0.79
65.194741 0.79
65.258739 0.79
65.327484 0.79
65.387737 0.79
65.456610 0.79
65.510238 0.78
65.573986 0.79
65.637888 0.78
65.696740 0.78
65.747518 0.78
65.801005 0.79
65.859488 0.78
65.919776 0.79
65.970516 0.79
66.034005 0.79
66.087489 0.79
66.139865 0.79
66.198616 0.79
66.267616 0.79
66.328520 0.79
66.392010 0.78
66.450618 0.78
66.506886 0.79
66.570619 0.79
66.630619 0.79
66.694619 0.79
66.763747 0.78
66.827620 0.78
66.896495 0.78
66.960139 0.78
67.018782 0.79
67.077622 0.79
67.141623 0.78
67.210498 0.79
67.274255 0.79
67.333126 0.78
67.407017 0.78
67.465625 0.78
67.534501 0.78
67.598270 0.78
67.658505 0.79
67.727628 0.78
67.791378 0.78
67.846628 0.79
67.915504 0.79
67.979254 0.79
68.048505 0.79
68.112270 0.79
68.171130 0.79
68.240024 0.79
68.292412 0.79
68.346148 0.79
68.404510 0.79
68.468010 0.78
68.531510 0.78
68.586510 0.79
68.641511 0.78
68.696511 0.79
68.752150 0.79
68.821154 0.79
68.874636 0.79
68.925415 0.79
68.981416 0.79
69.040152 0.78
69.094174 0.79
69.147637 0.79
69.211513 0.78
69.280389 0.78
69.344139 0.79
69.403157 0.79
69.471918 0.79
69.536157 0.79
69.604907 0.78
69.663392 0.78
69.727142 0.79
69.790921 0.78
69.849392 0.79
69.912892 0.78
69.976393 0.78
70.039894 0.79
70.103394 0.78
70.166895 0.79
70.230395 0.79
70.293896 0.79
70.357396 0.79
70.420896 0.78
70.484396 0.79
70.547905 0.79
70.611402 0.79
70.674901 0.79
70.729901 0.78
70.784900 0.79
70.845650 0.79
70.904671 0.79
70.958403 0.79
71.027527 0.78
71.091402 0.79
71.155153 0.79
71.206307 0.79
71.261654 0.78
71.320404 0.78
71.375654 0.79
71.439530 0.79
71.498172 0.79
71.562031 0.79
71.631051 0.78
71.687312 0.78
71.738656 0.79
71.797407 0.79
71.861407 0.79
71.908657 0.78
71.972549 0.79
72.031534 0.79
72.095285 0.79
72.147660 0.79
72.206410 0.79
72.267314 0.78
72.323314 0.80
72.379314 0.79
72.448662 0.79
72.512287 0.78
72.575819 0.78
72.639818 0.78
72.703818 0.79
72.767414 0.78
72.836540 0.79
72.900290 0.78
72.969291 0.79
73.038541 0.79
73.107291 0.79
73.170823 0.79
73.236292 0.78
73.305418 0.79
73.369419 0.79
73.433544 0.78
73.492545 0.79
73.556437 0.79
73.620421 0.79
73.684421 0.79
73.753422 0.80
73.817297 0.79
73.886422 0.79
73.955548 0.78
74.014549 0.79
74.078424 0.78
74.142425 0.79
74.200801 0.79
74.255828 0.79
74.319831 0.79
74.372206 0.78
74.425676 0.79
74.484177 0.78
74.544302 0.79
74.595428 0.79
74.659567 0.79
74.709679 0.79
74.773835 0.78
74.837679 0.79
74.896305 0.79
74.954680 0.79
75.018193 0.79
75.082187 0.78
75.145685 0.78
75.209183 0.78
75.272683 0.78
75.336183 0.79
75.399693 0.79
75.459087 0.79
75.530313 0.79
75.594437 0.79
75.663185 0.78
75.726685 0.78
75.785436 0.78
75.849436 0.79
75.913437 0.78
75.977563 0.79
76.036438 0.79
76.100313 0.79
76.159314 0.78
76.218442 0.78
76.277191 0.78
76.340845 0.79
76.404851 0.78
76.463847 0.79
76.522818 0.79
76.586692 0.79
76.641849 0.79
76.705693 0.79
76.771444 0.78
76.840445 0.79
76.904445 0.79
76.963321 0.79
77.023446 0.79
77.082223 0.78
77.151572 0.79
77.210323 0.79
77.274447 0.79
77.325101 0.79
77.376105 0.79
77.431199 0.78
77.496219 0.79
77.565450 0.79
77.616105 0.79
77.672115 0.79
77.735575 0.79
77.794327 0.78
77.854577 0.79
77.918078 0.78
77.970453 0.79
78.034078 0.78
78.099081 0.79
78.162579 0.78
78.226079 0.79
78.289585 0.79
78.343456 0.78
78.406971 0.79
78.470972 0.79
78.531337 0.78
78.595015 0.79
78.664458 0.78
78.728231 0.79
78.802084 0.79
78.870960 0.79
78.928342 0.79
78.992103 0.79
79.061461 0.79
79.120462 0.78
79.179104 0.79
79.232462 0.79
79.295978 0.78
79.364717 0.79
79.425340 0.79
79.489092 0.79
79.548240 0.79
79.607594 0.79
79.677344 0.79
79.740965 0.79
79.809591 0.79
79.867966 0.78
79.928092 0.79
79.985024 0.79
80.050470 0.78
80.113970 0.78
80.188220 0.79
80.252470 0.79
80.307471 0.79
80.370970 0.79
80.423471 0.78
80.481972 0.79
80.534474 0.79
80.598239 0.79
80.662238 0.79
80.731006 0.79
80.794477 0.79
80.849474 0.79
80.913003 0.79
80.977850 0.79
81.037997 0.78
81.107227 0.79
81.162977 0.79
81.226602 0.79
81.285354 0.79
81.348981 0.79
81.413740 0.79
81.478355 0.79
81.542733 0.79
81.612245 0.79
81.665982 0.79
81.734982 0.79
81.798481 0.79
81.861983 0.78
81.935983 0.78
81.999482 0.79
82.063362 0.79
82.126984 0.78
82.190484 0.78
82.245486 0.78
82.305486 0.80
82.379488 0.78
82.439486 0.79
82.499489 0.78
82.550611 0.79
82.611112 0.78
82.674892 0.79
82.743864 0.79
82.804007 0.79
82.862490 0.79
82.931490 0.79
82.989865 0.79
83.050141 0.78
83.104616 0.78
83.157867 0.78
83.214116 0.79
83.268617 0.79
83.321894 0.78
83.385367 0.79
83.448869 0.78
83.509870 0.79
83.568494 0.79
83.626872 0.78
83.690370 0.79
83.753870 0.79
83.827996 0.79
83.886371 0.78
83.949873 0.79
84.013372 0.79
84.076873 0.79
84.140373 0.78
84.203874 0.79
84.267374 0.79
84.330875 0.79
84.394376 0.79
84.449375 0.79
84.512877 0.78
84.576376 0.79
84.635384 0.79
84.690377 0.79
84.753878 0.79
84.817378 0.78
84.872378 0.78
84.938380 0.79
85.003756 0.79
85.068880 0.78
85.138149 0.79
85.201882 0.79
85.275786 0.78
85.346383 0.78
85.410259 0.79
85.468787 0.79
85.529014 0.78
85.587384 0.79
85.645764 0.78
85.698142 0.78
85.756764 0.79
85.813152 0.79
85.862511 0.79
85.916137 0.78
85.966763 0.79
86.025262 0.79
86.084041 0.79
86.139764 0.79
86.203264 0.78
86.266932 0.79
86.322521 0.78
86.387034 0.78
86.451392 0.78
86.515269 0.79
86.579394 0.79
86.643518 0.79
86.707532 0.79
86.767276 0.79
86.837166 0.78
86.896038 0.79
86.954800 0.78
87.018800 0.79
87.082896 0.79
87.146802 0.78
87.210802 0.78
87.274897 0.78
87.338803 0.78
87.407898 0.78
87.471805 0.79
87.535802 0.80
87.599804 0.79
87.668900 0.79
87.732805 0.79
87.796806 0.79
87.860807 0.79
87.929902 0.79
87.993808 0.78
88.057808 0.79
88.121809 0.79
88.185807 0.78
88.249809 0.79
88.313810 0.78
88.372809 0.79
88.431811 0.79
88.495809 0.78
88.554811 0.79
88.618812 0.79
88.677812 0.79
88.741814 0.79
88.800814 0.78
88.864814 0.78
88.925299 0.80
88.984302 0.79
89.048286 0.79
89.107303 0.79
89.171412 0.78
89.230304 0.80
89.294412 0.79
89.353303 0.79
89.417288 0.79
89.476307 0.79
89.540414 0.79
89.593941 0.79
89.657817 0.78
89.726931 0.79
89.785820 0.79
89.849934 0.78
89.908821 0.79
89.972932 0.79
90.031822 0.79
90.095935 0.79
90.159543 0.78
90.218294 0.79
90.277313 0.79
90.341295 0.78
90.400313 0.79
90.464296 0.79
90.523314 0.79
90.587422 0.78
90.646316 0.79
90.710298 0.79
90.769316 0.78
90.833300 0.78
90.888314 0.78
90.952316 0.78
91.011300 0.78
91.063941 0.78
91.122829 0.79
91.186551 0.79
91.238955 0.79
91.297678 0.79
91.366553 0.79
91.418958 0.79
91.472678 0.79
91.531679 0.79
91.600554 0.79
91.652957 0.79
91.706680 0.79
91.762585 0.78
91.816196 0.79
91.874836 0.78
91.938557 0.79
91.990962 0.79
92.044835 0.79
92.103683 0.79
92.172683 0.79
92.241559 0.78
92.305328 0.78
92.364204 0.79
92.438078 0.79
92.491686 0.79
92.560686 0.79
92.629562 0.79
92.703563 0.78
92.767330 0.78
92.826207 0.78
92.900081 0.79
92.953690 0.79
93.022690 0.78
93.091690 0.79
93.160691 0.79
93.229691 0.78
93.298567 0.79
93.372567 0.78
93.436333 0.78
93.495210 0.79
93.569084 0.79
93.625476 0.78
93.676851 0.79
93.735695 0.78
93.799571 0.79
93.868571 0.78
93.937572 0.78
94.006572 0.79
94.070697 0.79
94.129698 0.79
94.193449 0.79
94.245855 0.79
94.299699 0.79
94.363700 0.79
94.422450 0.79
94.474855 0.78
94.524854 0.79
94.578701 0.78
94.629483 0.79
94.676855 0.79
94.730702 0.78
94.786484 0.78
94.855703 0.78
94.919704 0.78
94.983455 0.79
95.049222 0.78
95.102705 0.79
95.171580 0.79
95.240581 0.79
95.309582 0.79
95.378582 0.79
95.447583 0.79
95.516583 0.79
95.585709 0.79
95.649710 0.79
95.718710 0.78
95.787711 0.78
95.856711 0.79
95.925587 0.80
95.984230 0.79
96.052979 0.78
96.118713 0.78
96.182588 0.79
96.251589 0.78
96.315589 0.79
96.379715 0.78
96.443715 0.79
96.512341 0.79
96.572591 0.78
96.647466 0.79
96.710967 0.79
96.770967 0.78
96.825843 0.78
96.889342 0.79
96.954468 0.79
97.017969 0.79
97.072844 0.79
97.136344 0.79
97.196470 0.79
97.243726 0.79
97.296971 0.79
97.351846 0.79
97.415346 0.78
97.467727 0.79
97.518348 0.79
97.581848 0.79
97.645348 0.79
97.714474 0.79
97.761728 0.79
97.809386 0.79
97.873477 0.79
97.937747 0.79
97.994483 0.78
98.058477 0.79
98.114429 0.79
98.173354 0.78
98.243354 0.79
98.306853 0.79
98.370353 0.78
98.433854 0.79
98.497355 0.79
98.560855 0.79
98.624356 0.79
98.687856 0.79
98.751356 0.79
98.814857 0.79
98.878483 0.79
98.942484 0.79
99.006736 0.78
99.072610 0.78
99.136485 0.79
99.200361 0.78
99.269740 0.78
99.325013 0.79
99.380487 0.79
99.444613 0.79
99.503613 0.79
99.562363 0.78
99.626489 0.78
99.690614 0.78
99.749490 0.79
99.809615 0.79
99.868491 0.79
99.932366 0.80
99.996492 0.79
100.060492 0.79
100.124367 0.79
100.188493 0.78
100.252493 0.79
100.316494 0.79
100.380495 0.78
100.444495 0.79
100.508370 0.79
100.572371 0.79
100.636497 0.78
100.700622 0.78
100.759623 0.79
100.814902 0.78
100.878876 0.79
100.937624 0.80
100.991624 0.79
101.055903 0.79
101.130375 0.78
101.188780 0.78
101.252903 0.78
101.316904 0.79
101.386377 0.78
101.455503 0.79
101.524784 0.79
101.594379 0.78
101.658629 0.79
101.719504 0.79
101.783505 0.78
101.842630 0.78
101.903381 0.78
101.967506 0.79
102.026382 0.79
102.090507 0.79
102.149383 0.79
102.213508 0.79
102.272509 0.79
102.331509 0.78
102.390384 0.78
102.454635 0.78
102.518913 0.79
102.577791 0.78
102.641916 0.79
102.702279 0.78
102.766387 0.79
102.826512 0.79
102.881512 0.79
102.936513 0.78
102.991514 0.78
103.050514 0.78
103.109515 0.79
103.168391 0.79
103.232391 0.78
103.292516 0.79
103.347516 0.79
103.411517 0.79
103.470393 0.79
103.534518 0.78
103.589519 0.79
103.648394 0.79
103.712519 0.79
103.771395 0.79
103.835520 0.80
103.899646 0.79
103.969036 0.79
104.024398 0.79
104.088522 0.79
104.147398 0.79
104.216523 0.79
104.275523 0.78
104.334399 0.78
104.403524 0.78
104.462400 0.79
104.521525 0.79
104.580401 0.78
104.639401 0.78
104.698527 0.78
104.757402 0.79
104.816527 0.79
104.875528 0.78
104.934403 0.78
104.993529 0.79
105.052529 0.79
105.111405 0.79
105.170530 0.79
105.225531 0.79
105.284531 0.79
105.343407 0.79
105.402532 0.79
105.457532 0.79
105.512533 0.79
105.567408 0.79
105.624063 0.78
105.677814 0.79
105.732813 0.79
105.789065 0.79
105.844051 0.79
105.900411 0.78
105.959411 0.78
106.014411 0.78
106.069537 0.79
106.124412 0.79
106.179412 0.79
106.234413 0.79
106.289413 0.79
106.344414 0.78
106.399414 0.79
106.463540 0.80
106.522415 0.79
106.586541 0.78
106.645416 0.78
106.709542 0.78
106.768417 0.79
106.832542 0.79
106.898667 0.78
106.973186 0.78
107.042419 0.80
107.106545 0.79
107.172545 0.79
107.238063 0.79
107.301936 0.78
107.357421 0.79
107.411189 0.79
107.480672 0.78
107.534548 0.79
107.594938 0.79
107.664673 0.78
107.725424 0.79
107.778940 0.78
107.848425 0.79
107.901942 0.78
107.966191 0.79
108.024944 0.79
108.093942 0.78
108.162945 0.79
108.232560 0.79
108.298070 0.71
108.362195 0.67
108.431679 0.67
108.485555 0.73
108.549555 0.70
108.608556 0.72
108.672556 0.73
108.731556 0.72
108.805557 0.72
108.880324 0.68
108.944558 0.72
109.008558 0.71
109.078326 0.69
109.142560 0.70
109.217202 0.72
109.286686 0.73
109.350436 0.72
109.404202 0.73
109.462954 0.72
109.532687 0.74
109.596563 0.73
109.666328 0.71
109.730689 0.72
109.794564 0.72
109.868970 0.70
109.943690 0.72
110.002566 0.72
110.077441 0.72
110.142972 0.68
110.207085 0.72
110.270960 0.72
110.345444 0.71
110.411210 0.72
110.475085 0.71
110.538960 0.71
110.607963 0.73
110.676964 0.68
110.741213 0.72
110.804853 0.73
110.868977 0.72
110.938075 0.71
111.001851 0.69
111.065977 0.67
111.126449 0.75
111.191855 0.70
111.253853 0.71
111.315855 0.68
111.377854 0.71
111.431327 0.71
111.484979 0.73
111.545452 0.67
111.609328 0.71
111.662980 0.70
111.723454 0.71
111.787329 0.67
111.840859 0.68
111.905222 0.73
111.968985 0.72
112.027860 0.74
112.091975 0.73
112.155984 0.72
112.219974 0.71
112.289458 0.71
112.348334 0.71
112.401863 0.71
112.465977 0.68
112.535460 0.70
112.599585 0.72
112.668988 0.71
112.738102 0.70
112.802229 0.70
112.865865 0.72
112.934838 0.68
113.003839 0.73
113.077993 0.74
113.146991 0.70
113.215995 0.71
113.284994 0.73
113.353996 0.72
113.422983 0.72
113.491995 0.73
113.560995 0.83
113.629997 0.83
113.698997 0.83
113.762719 0.84
113.828236 0.84
113.886727 0.83
113.952236 0.83
114.010726 0.82
114.076238 0.83
114.134728 0.82
114.200240 0.83
114.258730 0.83
114.324241 0.83
114.377731 0.81
114.451732 0.83
114.517364 0.82
114.581350 0.82
114.650351 0.81
114.709351 0.84
114.773477 0.82
114.832244 0.82
114.885879 0.83
114.950356 0.70
115.014228 0.70
115.073354 0.70
115.137479 0.70
115.190855 0.70
115.249247 0.70
115.307863 0.70
115.371885 0.70
115.430371 0.70
115.504762 0.70
115.568357 0.70
115.632483 0.70
115.691234 0.70
115.750359 0.70
115.816359 0.70
115.880234 0.70
115.935252 0.70
115.988886 0.70
116.057919 0.70
116.113009 0.70
116.172003 0.70
116.235890 0.70
116.305007 0.70
116.368740 0.70
116.438006 0.70
116.496749 0.70
116.565741 0.70
116.629741 0.70
116.677012 0.70
116.735742 0.70
116.799743 0.70
116.863743 0.70
116.919618 0.70
116.983368 0.70
117.042243 0.70
117.103620 0.70
117.151011 0.70
117.209887 0.70
117.260621 0.70
117.314246 0.70
117.388371 0.69
117.447264 0.70
117.506137 0.70
117.569997 0.69
117.620624 0.70
117.679512 0.70
117.739750 0.70
117.803751 0.70
117.862266 0.69
117.944751 0.70
118.008752 0.70
118.077503 0.70
118.136144 0.70
118.200007 0.70
118.263627 0.70
118.332754 0.70
118.391379 0.70
118.450253 0.70
118.509146 0.70
118.567755 0.70
118.626630 0.70
118.695756 0.70
118.764631 0.70
118.828757 0.70
118.892507 0.70
118.951258 0.70
119.010258 0.70
119.074272 0.70
119.133149 0.70
119.189511 0.70
119.253277 0.70
119.313511 0.70
119.372275 0.70
119.426027 0.69
119.489762 0.70
119.553637 0.70
119.609514 0.70
119.656915 0.70
119.707514 0.70
119.754916 0.69
119.813639 0.70
119.874031 0.70
119.927640 0.70
119.974918 0.70
120.033640 0.70
120.102767 0.70
120.153517 0.70
120.214281 0.70
120.283392 0.70
120.347035 0.70
120.405518 0.70
120.470518 0.70
120.544644 0.70
120.613520 0.70
120.677277 0.70
120.730646 0.70
120.789272 0.70
120.842522 0.70
120.916522 0.70
120.985398 0.70
121.040523 0.70
121.109523 0.70
121.183775 0.69
121.247525 0.69
121.321527 0.70
121.390525 0.70
121.454168 0.70
121.512778 0.70
121.576402 0.70
121.636527 0.70
121.700028 0.69
121.755045 0.70
121.810058 0.70
121.865279 0.70
121.915295 0.70
121.970655 0.70
122.034530 0.70
122.095435 0.70
122.159048 0.70
122.228049 0.69
122.282907 0.70
122.346533 0.70
122.401533 0.70
122.456658 0.70
122.506176 0.70
122.559534 0.70
122.606816 0.70
122.665660 0.70
122.721411 0.70
122.768816 0.70
122.827536 0.70
122.874814 0.70
122.933537 0.70
123.002663 0.70
123.053414 0.70
123.122663 0.70
123.191664 0.70
123.255539 0.70
123.311416 0.70
123.367416 0.70
123.436541 0.70
123.505542 0.70
123.574417 0.70
123.637933 0.69
123.701667 0.70
123.770419 0.70
123.834186 0.70
123.893186 0.70
123.946544 0.70
124.015545 0.70
124.084670 0.70
124.153672 0.70
124.222546 0.70
124.286547 0.70
124.350547 0.70
124.414423 0.70
124.483548 0.70
124.547549 0.70
124.616674 0.70
124.685425 0.70
124.759551 0.70
124.823676 0.70
124.882551 0.70
124.946427 0.70
125.010552 0.70
125.074678 0.70
125.133553 0.70
125.197554 0.70
125.261554 0.70
125.325555 0.70
125.389430 0.70
125.458556 0.70
125.522556 0.70
125.586557 0.71
125.650432 0.70
125.714308 0.70
125.775328 0.70
125.830684 0.70
125.894559 0.69
125.948434 0.70
126.017689 0.70
126.076560 0.70
126.140878 0.70
126.212324 0.70
126.276690 0.70
126.340815 0.70
126.410564 0.70
126.474968 0.69
126.549439 0.70
126.618815 0.70
126.677565 0.70
126.731567 0.70
126.795441 0.70
126.866566 0.70
126.930818 0.70
126.994819 0.69
127.053819 0.70
127.119317 0.70
127.188820 0.70
127.247318 0.70
127.310821 0.70
127.374821 0.70
127.443822 0.70
127.507962 0.70
127.566963 0.69
127.640823 0.70
127.695824 0.70
127.750977 0.70
127.819698 0.70
127.878449 0.69
127.947580 0.70
128.006324 0.70
128.061582 0.70
128.120326 0.70
128.171451 0.70
128.226576 0.70
128.277203 0.70
128.336343 0.70
128.396578 0.71
128.460577 0.70
128.511205 0.70
128.566209 0.70
128.613579 0.70
128.664209 0.70
128.727705 0.70
128.791705 0.70
128.850581 0.70
128.901215 0.70
128.959833 0.69
129.015029 0.70
129.084350 0.70
129.158835 0.70
129.233349 0.70
129.297709 0.70
129.362110 0.71
129.436711 0.70
129.500586 0.70
129.564586 0.70
129.623462 0.70
129.692355 0.70
129.766587 0.70
129.830465 0.70
129.899353 0.70
129.963464 0.70
130.032340 0.70
130.101341 0.70
130.170341 0.70
130.239342 0.70
130.308717 0.70
130.363842 0.70
130.418843 0.70
130.482718 0.70
130.543360 0.70
130.612344 0.69
130.695345 0.70
130.764477 0.70
130.823346 0.70
130.887238 0.70
130.961361 0.70
131.025348 0.70
131.079848 0.69
131.133348 0.70
131.197349 0.70
131.266365 0.70
131.335369 0.70
131.389475 0.70
131.440129 0.70
131.495476 0.70
131.554476 0.69
131.604477 0.70
131.659476 0.70
131.720134 0.70
131.775134 0.70
131.834243 0.70
131.908732 0.70
131.975007 0.70
132.035491 0.70
132.085480 0.70
132.145135 0.69
132.227998 0.70
132.283753 0.70
132.344481 0.70
132.417482 0.70
132.476494 0.70
132.541011 0.70
132.610484 0.70
132.664609 0.69
132.725126 0.70
132.784485 0.70
132.838252 0.69
132.902738 0.70
132.958486 0.70
133.017741 0.70
133.073252 0.70
133.137613 0.70
133.196613 0.70
133.266256 0.70
133.335378 0.69
133.389132 0.70
133.444504 0.70
133.508616 0.70
133.567755 0.70
133.621616 0.70
133.680381 0.70
133.734132 0.70
133.794032 0.70
133.858133 0.70
133.922506 0.70
133.982621 0.70
134.051620 0.70
134.115620 0.70
134.170620 0.70
134.234621 0.70
134.293136 0.70
134.362015 0.70
134.433007 0.70
134.502388 0.70
134.559374 0.70
134.614513 0.70
134.680516 0.70
134.734390 0.70
134.791375 0.70
134.855389 0.70
134.930626 0.70
134.995377 0.70
135.059627 0.70
135.123627 0.70
135.192628 0.70
135.257270 0.70
135.326392 0.70
135.390629 0.70
135.460023 0.70
135.534023 0.70
135.603023 0.70
135.677024 0.70
135.751022 0.70
135.820274 0.69
135.888897 0.70
135.944274 0.70
136.008276 0.70
136.072027 0.70
136.141273 0.70
136.200040 0.70
136.255287 0.70
136.319028 0.69
136.378034 0.70
136.442263 0.69
136.500917 0.70
136.565280 0.70
136.624028 0.70
136.675389 0.69
136.728906 0.70
136.798280 0.70
136.862033 0.70
136.913156 0.70
136.977517 0.70
137.042910 0.70
137.113769 0.70
137.172518 0.70
137.247035 0.70
137.316394 0.70
137.369895 0.70
137.438895 0.70
137.507896 0.69
137.581896 0.70
137.656163 0.70
137.719897 0.70
137.788897 0.70
137.857898 0.70
137.927041 0.70
137.996041 0.70
138.059899 0.70
138.128903 0.70
138.197900 0.70
138.266901 0.70
138.335901 0.70
138.405045 0.70
138.468903 0.69
138.538056 0.69
138.601903 0.70
138.666156 0.70
138.729905 0.70
138.804657 0.70
138.874068 0.70
138.928285 0.70
138.987421 0.70
139.048288 0.70
139.114297 0.70
139.174785 0.70
139.235053 0.70
139.294162 0.70
139.358174 0.70
139.408540 0.70
139.463537 0.70
139.513551 0.70
139.573183 0.70
139.626949 0.70
139.682292 0.70
139.740949 0.70
139.811063 0.70
139.870427 0.70
139.945292 0.70
140.004182 0.70
140.062933 0.70
140.132302 0.70
140.192795 0.70
140.262542 0.70
140.321292 0.70
140.380305 0.70
140.439419 0.70
140.504067 0.70
140.557924 0.70
140.622198 0.70
140.687068 0.69
140.746434 0.70
140.821972 0.70
140.881433 0.69
140.956300 0.70
141.015433 0.70
141.074300 0.70
141.138191 0.70
141.202317 0.70
141.261193 0.70
141.325317 0.70
141.386208 0.70
141.446945 0.70
141.506196 0.70
141.565555 0.70
141.620999 0.70
141.671436 0.69
141.731200 0.70
141.785432 0.70
141.835430 0.70
141.891084 0.70
141.941434 0.70
142.000813 0.70
142.059681 0.70
142.129085 0.70
142.179436 0.70
142.233308 0.70
142.298212 0.70
142.363206 0.70
142.428187 0.70
142.486812 0.70
142.556979 0.70
142.611080 0.70
142.664847 0.69
142.723891 0.70
142.788082 0.70
142.846858 0.70
142.912750 0.70
142.977315 0.70
143.047571 0.70
143.112441 0.70
143.182441 0.69
143.241440 0.70
143.305861 0.70
143.364850 0.70
143.434850 0.70
143.493846 0.70
143.554816 0.70
143.613331 0.70
143.677443 0.70
143.736333 0.70
143.795447 0.70
143.854319 0.70
143.924324 0.70
143.993965 0.70
144.050093 0.70
144.115967 0.70
144.177226 0.70
144.239866 0.70
144.296761 0.70
144.353752 0.70
144.413968 0.69
144.472854 0.70
144.531698 0.70
144.595700 0.70
144.664832 0.70
144.723700 0.70
144.788342 0.70
144.847218 0.70
144.917615 0.70
144.964971 0.71
145.018981 0.70
145.072867 0.70
145.131706 0.70
145.195703 0.70
145.242970 0.70
145.312973 0.70
145.366704 0.70
145.418228 0.70
145.482223 0.70
145.557336 0.70
145.626972 0.70
145.680707 0.70
145.749583 0.70
145.814708 0.70
145.878708 0.70
145.937348 0.70
145.996226 0.70
146.060227 0.70
146.124242 0.70
146.194211 0.69
146.268104 0.70
146.321711 0.70
146.390712 0.70
146.449228 0.70
146.523103 0.69
146.581713 0.70
146.640230 0.70
146.704232 0.70
146.773106 0.70
146.838714 0.70
146.897111 0.70
146.961106 0.69
147.021717 0.70
147.080592 0.69
147.154718 0.70
147.223717 0.70
147.292718 0.70
147.361729 0.70
147.430719 0.70
147.499729 0.70
147.558595 0.70
147.617238 0.70
147.676096 0.70
147.745144 0.70
147.814113 0.70
147.880127 0.70
147.932877 0.70
147.996598 0.70
148.055599 0.70
148.111504 0.70
148.169991 0.70
148.228734 0.70
148.287601 0.70
148.334882 0.70
148.388893 0.69
148.442732 0.70
148.502246 0.70
148.561121 0.70
148.636128 0.70
148.705605 0.70
148.770235 0.70
148.834735 0.70
148.893734 0.70
148.952735 0.71
149.016489 0.70
149.090742 0.70
149.149741 0.70
149.213737 0.70
149.274738 0.70
149.338765 0.70
149.398255 0.70
149.451738 0.70
149.506015 0.69
149.575125 0.70
149.644739 0.70
149.703738 0.70
149.758006 0.70
149.827013 0.70
149.896614 0.70
149.960755 0.70
150.015119 0.70
150.079241 0.70
150.140623 0.70
150.195138 0.70
150.251004 0.70
150.315913 0.70
150.377013 0.70
150.436139 0.70
150.486245 0.70
150.545758 0.70
150.599632 0.70
150.649752 0.70
150.708750 0.70
150.759140 0.70
150.813011 0.70
150.865404 0.70
150.926136 0.70
150.985139 0.70
151.044138 0.70
151.097621 0.69
151.161496 0.70
151.208779 0.70
151.262779 0.70
151.316622 0.70
151.375792 0.70
151.429624 0.70
151.484629 0.70
151.543878 0.70
151.603148 0.70
151.672790 0.70
151.726640 0.70
151.781149 0.70
151.845505 0.70
151.910513 0.70
151.976627 0.70
152.035782 0.70
152.094628 0.70
152.153632 0.70
152.217380 0.70
152.281145 0.70
152.350020 0.70
152.408631 0.70
152.472382 0.70
152.541396 0.70
152.610633 0.70
152.669508 0.70
152.738508 0.70
152.802384 0.70
152.876509 0.70
152.945635 0.70
153.004814 0.70
153.060155 0.70
153.110153 0.70
153.160159 0.70
153.211298 0.70
153.266798 0.70
153.330764 0.70
153.389390 0.70
153.453640 0.70
153.507641 0.70
153.566518 0.70
153.626295 0.70
153.679920 0.70
153.745296 0.70
153.796641 0.70
153.855392 0.70
153.911297 0.70
153.980392 0.70
154.049520 0.70
154.105315 0.69
154.169828 0.70
154.235648 0.70
154.294833 0.70
154.365026 0.70
154.418913 0.70
154.482801 0.70
154.541525 0.70
154.600524 0.69
154.664524 0.70
154.728810 0.70
154.793033 0.70
154.847029 0.70
154.905902 0.70
154.972658 0.70
155.039029 0.70
155.098403 0.69
155.167527 0.70
155.242277 0.70
155.311541 0.70
155.365403 0.70
155.429417 0.70
155.483788 0.70
155.544297 0.70
155.609034 0.70
155.663032 0.70
155.727409 0.70
155.791406 0.70
155.856035 0.70
155.920409 0.70
155.981210 0.70
156.040537 0.70
156.099979 0.70
156.153819 0.70
156.219194 0.70
156.278661 0.70
156.348414 0.69
156.408662 0.70
156.477936 0.69
156.542539 0.70
156.601540 0.70
156.660825 0.70
156.722208 0.70
156.788204 0.69
156.839198 0.70
156.899665 0.70
156.963819 0.70
157.024543 0.70
157.083416 0.70
157.143670 0.71
157.213183 0.70
157.277836 0.70
157.342187 0.69
157.417301 0.70
157.476835 0.70
157.552428 0.70
157.606841 0.70
157.682304 0.70
157.746674 0.70
157.816191 0.71
157.890424 0.69
157.959547 0.69
158.023423 0.70
158.087548 0.70
158.151428 0.69
158.210426 0.69
158.269869 0.70
158.339681 0.70
158.409312 0.70
158.463682 0.70
158.523089 0.70
158.582863 0.70
158.638848 0.70
158.703196 0.70
158.772429 0.70
158.826683 0.70
158.896196 0.70
158.956563 0.70
159.015683 0.70
159.081319 0.70
159.140682 0.69
159.206563 0.70
159.271185 0.70
159.335877 0.69
159.402106 0.69
159.468324 0.70
159.522860 0.70
159.583571 0.70
159.648567 0.70
159.718689 0.70
159.779563 0.70
159.838312 0.70
159.893439 0.70
159.948190 0.70
160.022852 0.70
160.083208 0.70
160.152856 0.70
160.222452 0.70
160.272566 0.70
160.326440 0.70
160.396444 0.70
160.455443 0.70
160.521692 0.71
160.590574 0.70
160.654068 0.69
160.717568 0.70
160.781071 0.70
160.844568 0.70
160.899569 0.70
160.963068 0.70
161.026571 0.70
161.081570 0.70
161.145076 0.70
161.208697 0.70
161.269448 0.70
161.322966 0.70
161.397451 0.70
161.451090 0.70
161.516988 0.70
161.591575 0.70
161.656458 0.70
161.726454 0.70
161.780715 0.71
161.840459 0.69
161.905456 0.70
161.972098 0.70
162.036712 0.70
162.096336 0.70
162.146466 0.70
162.211463 0.69
162.276344 0.70
162.328020 0.70
162.388585 0.70
162.449026 0.70
162.508210 0.70
162.574037 0.70
162.638210 0.70
162.704035 0.70
162.764457 0.70
162.827976 0.70
162.892101 0.70
162.961459 0.70
163.015102 0.70
163.084102 0.71
163.153461 0.70
163.207100 0.70
163.276337 0.69
163.335229 0.70
163.403838 0.70
163.462591 0.70
163.526590 0.70
163.585103 0.70
163.653980 0.70
163.728230 0.70
163.796841 0.70
163.865716 0.70
163.918995 0.69
163.993109 0.70
164.061987 0.70
164.136468 0.70
164.202236 0.70
164.266361 0.69
164.330344 0.70
164.394470 0.70
164.449595 0.70
164.515238 0.70
164.578851 0.70
164.648746 0.70
164.708234 0.70
164.762478 0.70
164.828599 0.70
164.889374 0.70
164.959352 0.70
165.013602 0.70
165.073358 0.70
165.134131 0.70
165.188608 0.70
165.248890 0.70
165.312994 0.70
165.376887 0.70
165.440886 0.70
165.505134 0.70
165.564481 0.70
165.628480 0.70
165.703482 0.70
165.768892 0.70
165.838740 0.70
165.904485 0.70
165.968481 0.69
166.042357 0.70
166.095893 0.70
166.170023 0.70
166.228861 0.70
166.303023 0.70
166.367488 0.70
166.437143 0.70
166.496237 0.70
166.560373 0.70
166.619361 0.69
166.678021 0.69
166.747363 0.69
166.802497 0.70
166.866894 0.70
166.941624 0.70
167.006021 0.70
167.070371 0.70
167.136009 0.70
167.200247 0.70
167.266009 0.70
167.330274 0.70
167.389370 0.70
167.441777 0.70
167.497018 0.70
167.556156 0.70
167.610371 0.70
167.671373 0.70
167.736006 0.69
167.786254 0.70
167.856376 0.70
167.922251 0.70
167.977524 0.70
168.042381 0.70
168.112254 0.70
168.165895 0.69
168.224908 0.70
168.295033 0.70
168.353796 0.70
168.413256 0.70
168.472378 0.70
168.541933 0.70
168.606253 0.70
168.665635 0.70
168.735630 0.70
168.794253 0.70
168.852916 0.70
168.917510 0.70
168.986912 0.70
169.051515 0.70
169.105384 0.70
169.169796 0.70
169.229155 0.70
169.288271 0.70
169.353391 0.70
169.428785 0.70
169.487921 0.70
169.546903 0.70
169.605900 0.70
169.669791 0.70
169.734387 0.70
169.792793 0.70
169.852392 0.70
169.911514 0.70
169.967176 0.70
170.032167 0.70
170.096951 0.70
170.151395 0.70
170.211018 0.69
170.270399 0.70
170.329266 0.70
170.389799 0.70
170.453639 0.70
170.505163 0.70
170.561642 0.70
170.626397 0.70
170.686645 0.70
170.751288 0.70
170.817163 0.70
170.872158 0.70
170.931271 0.70
170.990408 0.70
171.060396 0.70
171.119403 0.70
171.183895 0.70
171.242647 0.70
171.312399 0.70
171.382197 0.71
171.441275 0.70
171.505412 0.70
171.570291 0.69
171.629149 0.70
171.699026 0.70
171.757805 0.70
171.827404 0.70
171.891410 0.70
171.950820 0.70
172.009652 0.70
172.070413 0.70
172.134170 0.70
172.192817 0.70
172.261653 0.70
172.325818 0.70
172.389808 0.70
172.448807 0.70
172.512808 0.70
172.571298 0.70
172.635281 0.70
172.694298 0.70
172.750783 0.70
172.809174 0.70
172.860408 0.70
172.919300 0.70
172.978287 0.71
173.038812 0.70
173.093288 0.70
173.143285 0.70
173.207053 0.70
173.260816 0.70
173.315286 0.71
173.380567 0.69
173.434179 0.70
173.492817 0.70
173.556538 0.70
173.617310 0.70
173.676182 0.70
173.750038 0.70
173.813665 0.70
173.882665 0.69
173.938541 0.70
173.997196 0.70
174.061185 0.70
174.125186 0.70
174.189176 0.70
174.247828 0.70
174.306668 0.70
174.375669 0.70
174.439669 0.70
174.503671 0.70
174.567829 0.70
174.626671 0.70
174.695546 0.70
174.759322 0.70
174.818067 0.70
174.871867 0.69
174.938426 0.70
174.993877 0.70
175.048073 0.70
175.107195 0.70
175.171681 0.70
175.240552 0.70
175.309677 0.70
175.368192 0.71
175.432198 0.70
175.506068 0.70
175.562468 0.70
175.616196 0.70
175.675194 0.70
175.722458 0.70
175.769837 0.70
175.819844 0.70
175.873681 0.70
175.932681 0.70
175.991432 0.70
176.060431 0.70
176.121461 0.70
176.178074 0.70
176.236970 0.70
176.290450 0.70
176.349685 0.70
176.413434 0.70
176.487435 0.70
176.548509 0.70
176.602688 0.70
176.666687 0.70
176.720687 0.70
176.784437 0.70
176.850565 0.70
176.914566 0.70
176.974210 0.70
177.033206 0.70
177.097699 0.70
177.152212 0.70
177.216577 0.70
177.286825 0.70
177.351703 0.70
177.406221 0.70
177.465706 0.70
177.520220 0.70
177.579984 0.70
177.644212 0.70
177.703211 0.70
177.761962 0.70
177.826213 0.70
177.879695 0.70
177.939103 0.70
178.007968 0.70
178.077702 0.69
178.136700 0.70
178.191115 0.70
178.250704 0.70
178.314702 0.70
178.364972 0.69
178.439586 0.70
178.493973 0.70
178.558202 0.70
178.621833 0.70
178.675578 0.70
178.739702 0.70
178.798452 0.70
178.862702 0.70
178.921579 0.70
178.986020 0.70
179.046708 0.70
179.105580 0.69
179.166393 0.70
179.228369 0.70
179.279707 0.70
179.343976 0.70
179.409592 0.70
179.469229 0.70
179.525373 0.70
179.589991 0.70
179.659982 0.70
179.730029 0.70
179.789715 0.70
179.844116 0.70
179.903843 0.70
179.960410 0.70
180.014989 0.70
180.085110 0.70
180.144846 0.69
180.220343 0.70
180.286865 0.70
180.356844 0.70
180.421474 0.70
180.476114 0.70
180.540911 0.70
180.600738 0.70
180.667134 0.70
180.728478 0.70
180.788112 0.70
180.847750 0.70
180.912599 0.70
180.971603 0.70
181.031477 0.70
181.085849 0.70
181.151911 0.70
181.217848 0.70
181.287475 0.70
181.356348 0.70
181.426123 0.70
181.486849 0.70
181.556739 0.70
181.621602 0.70
181.685884 0.70
181.750602 0.70
181.805602 0.69
181.864896 0.70
181.930300 0.70
181.986047 0.70
182.043276 0.69
182.104289 0.70
182.159901 0.70
182.225607 0.70
182.275746 0.70
182.332266 0.70
182.383266 0.70
182.438483 0.70
182.498749 0.70
182.559490 0.69
182.613880 0.70
182.678741 0.70
182.739489 0.70
182.793922 0.70
182.858917 0.70
182.919749 0.70
182.984618 0.70
183.040614 0.70
183.099994 0.70
183.159239 0.70
183.223613 0.70
183.288370 0.70
183.342758 0.69
183.407623 0.70
183.463617 0.70
183.522616 0.69
183.581747 0.70
183.651260 0.70
183.715750 0.70
183.774881 0.69
183.838750 0.70
183.904365 0.70
183.968618 0.70
184.034491 0.70
184.093619 0.70
184.163259 0.70
184.232496 0.69
184.291619 0.70
184.350618 0.70
184.409785 0.70
184.479265 0.70
184.543758 0.70
184.609373 0.70
184.673762 0.70
184.739261 0.70
184.798944 0.70
184.865167 0.70
184.920928 0.70
184.980629 0.70
185.050374 0.70
185.114249 0.70
185.170155 0.70
185.230502 0.70
185.285501 0.70
185.339933 0.70
185.398626 0.70
185.462781 0.70
185.526779 0.70
185.590798 0.70
185.652166 0.70
185.716271 0.70
185.780503 0.70
185.839504 0.70
185.898380 0.70
185.967630 0.70
186.026130 0.70
186.089629 0.70
186.148506 0.70
186.212632 0.70
186.281632 0.70
186.345132 0.70
186.414037 0.70
186.483509 0.70
186.537259 0.70
186.595634 0.70
186.650634 0.70
186.714791 0.71
186.779152 0.70
186.853639 0.70
186.923389 0.71
186.988294 0.70
187.047805 0.70
187.112275 0.70
187.166821 0.70
187.231654 0.70
187.291528 0.69
187.356522 0.70
187.422531 0.70
187.487404 0.69
187.552418 0.70
187.617525 0.70
187.687652 0.70
187.754080 0.70
187.818834 0.70
187.885070 0.70
187.940523 0.70
188.006289 0.70
188.061523 0.70
188.126163 0.70
188.181823 0.70
188.246658 0.70
188.311672 0.70
188.376216 0.70
188.430838 0.70
188.486528 0.70
188.561535 0.69
188.631204 0.70
188.690661 0.70
188.750405 0.70
188.804663 0.70
188.864410 0.70
188.925155 0.70
188.979666 0.70
189.039408 0.70
189.100663 0.70
189.160412 0.71
189.226541 0.70
189.293186 0.69
189.347660 0.70
189.407543 0.70
189.477830 0.70
189.537416 0.70
189.607834 0.70
189.665192 0.70
189.719666 0.70
189.779323 0.70
189.855195 0.69
189.909538 0.70
189.973824 0.70
190.027412 0.70
190.081079 0.70
190.146942 0.70
190.211182 0.69
190.280826 0.70
190.334539 0.70
190.404671 0.69
190.458541 0.70
190.518664 0.70
190.583185 0.70
190.647667 0.70
190.712417 0.70
190.766183 0.70
190.830544 0.70
190.889542 0.70
190.959672 0.70
191.013546 0.70
191.078433 0.70
191.143426 0.70
191.213430 0.69
191.283551 0.70
191.352938 0.69
191.417548 0.70
191.491960 0.70
191.556838 0.70
191.619193 0.70
191.688834 0.70
191.758676 0.70
191.823196 0.70
191.887676 0.70
191.956957 0.70
192.026190 0.70
192.094942 0.70
192.164193 0.70
192.232941 0.70
192.307194 0.70
192.371192 0.70
192.429942 0.70
192.504847 0.70
192.574679 0.70
192.638963 0.70
192.708567 0.70
192.768215 0.69
192.818309 0.70
192.877435 0.70
192.938327 0.70
192.992087 0.70
193.046569 0.70
193.111439 0.70
193.172222 0.70
193.222566 0.70
193.286974 0.70
193.351695 0.70
193.407440 0.70
193.473093 0.70
193.527568 0.70
193.583093 0.70
193.637575 0.70
193.697319 0.70
193.750962 0.70
193.810572 0.70
193.866101 0.70
193.925969 0.70
193.991863 0.70
194.061443 0.70
194.125960 0.69
194.184979 0.70
194.254696 0.70
194.315447 0.70
194.379972 0.70
194.444321 0.70
194.503446 0.70
194.567964 0.70
194.626984 0.70
194.686457 0.70
194.756576 0.70
194.826710 0.70
194.893327 0.70
194.958331 0.70
195.023205 0.70
195.078899 0.70
195.134891 0.70
195.189455 0.70
195.245108 0.70
195.299585 0.70
195.359224 0.70
195.418454 0.70
195.484976 0.70
195.539243 0.70
195.600464 0.69
195.660103 0.70
195.714459 0.70
195.770104 0.70
195.834243 0.70
195.899238 0.70
195.964231 0.70
196.029236 0.70
196.090463 0.69
196.149844 0.70
196.220112 0.70
196.275461 0.70
196.345108 0.70
196.400335 0.70
196.464459 0.70
196.523350 0.70
196.587348 0.70
196.657463 0.70
196.710994 0.70
196.775594 0.70
196.841842 0.70
196.911465 0.70
196.970592 0.70
197.029465 0.70
197.099477 0.70
197.159236 0.70
197.229141 0.70
197.285245 0.70
197.335219 0.70
197.400262 0.70
197.462763 0.69
197.527350 0.70
197.597598 0.71
197.663978 0.70
197.723904 0.70
197.778243 0.70
197.843353 0.70
197.902995 0.70
197.953257 0.69
198.013128 0.70
198.074476 0.70
198.139126 0.70
198.200354 0.70
198.259743 0.70
198.315361 0.70
198.375123 0.70
198.436357 0.69
198.496125 0.70
198.566263 0.70
198.637663 0.70
198.707735 0.70
198.767364 0.70
198.832252 0.70
198.892911 0.70
198.958003 0.70
199.022919 0.70
199.087915 0.70
199.138252 0.70
199.198915 0.70
199.253363 0.70
199.313023 0.70
199.366736 0.70
199.426251 0.70
199.495916 0.70
199.560913 0.70
199.614893 0.70
199.673738 0.70
199.732738 0.70
199.801737 0.70
199.865737 0.70
199.929737 0.69
199.998739 0.70
200.067611 0.70
200.136739 0.70
200.205610 0.70
200.274739 0.70
200.338742 0.70
200.407740 0.70
200.471742 0.70
200.535743 0.70
200.599743 0.70
200.669015 0.70
200.724909 0.70
200.783750 0.70
200.847758 0.70
200.908368 0.70
200.977629 0.70
201.033268 0.70
201.088531 0.70
201.142259 0.70
201.197998 0.70
201.251754 0.70
201.306271 0.70
201.365880 0.69
201.430007 0.70
201.500158 0.70
201.566777 0.70
201.621282 0.70
201.681004 0.70
201.756383 0.69
201.816291 0.69
201.881152 0.70
201.956633 0.70
202.026639 0.70
202.096942 0.70
202.162005 0.70
202.220628 0.70
202.286535 0.70
202.350790 0.70
202.410382 0.70
202.464147 0.70
202.529009 0.70
202.593801 0.70
202.653161 0.70
202.723387 0.70
202.793266 0.70
202.858135 0.70
202.922008 0.70
202.980511 0.70
203.054510 0.70
203.118140 0.70
203.183386 0.70
203.243517 0.70
203.307013 0.70
203.370509 0.70
203.434015 0.69
203.497513 0.70
203.561009 0.70
203.624512 0.70
203.688011 0.70
203.743012 0.70
203.803012 0.70
203.863012 0.70
203.923013 0.70
203.986513 0.70
204.050014 0.70
204.113514 0.70
204.177014 0.70
204.237015 0.69
204.291890 0.70
204.355391 0.70
204.415516 0.70
204.479016 0.70
204.533892 0.70
204.597392 0.70
204.649769 0.70
204.703019 0.70
204.757894 0.70
204.821394 0.70
204.873774 0.70
204.924400 0.70
204.987896 0.69
205.051398 0.70
205.114898 0.70
205.178400 0.70
205.241899 0.70
205.305399 0.70
205.379410 0.70
205.440409 0.70
205.498907 0.69
205.554032 0.70
205.612529 0.70
205.670903 0.70
205.734404 0.70
205.797903 0.70
205.861529 0.70
205.919909 0.70
205.983410 0.70
206.057279 0.70
206.117408 0.70
206.191282 0.70
206.251407 0.70
206.314909 0.70
206.369907 0.70
206.424911 0.70
206.479910 0.70
206.534917 0.70
206.594919 0.70
206.649913 0.70
206.704916 0.70
206.768413 0.70
206.831914 0.70
206.886798 0.70
206.950293 0.70
207.013795 0.70
207.077294 0.71
207.137424 0.69
207.192424 0.70
207.247418 0.69
207.294673 0.70
207.345301 0.70
207.408794 0.70
207.472291 0.70
207.524665 0.70
207.574040 0.70
207.627290 0.70
207.679665 0.70
207.730291 0.70
207.793792 0.70
207.857291 0.70
207.909666 0.70
207.962918 0.70
208.021293 0.69
208.084802 0.70
208.148303 0.70
208.211805 0.70
208.275299 0.70
208.338809 0.70
208.402301 0.70
208.476177 0.70
208.536300 0.70
208.599805 0.70
208.663302 0.70
208.726799 0.70
208.781805 0.70
208.845302 0.70
208.908809 0.70
208.972306 0.70
209.035806 0.70
209.090813 0.70
209.154306 0.70
209.217811 0.70
209.272809 0.70
209.327805 0.70
209.382805 0.70
209.442805 0.70
209.502807 0.70
209.562808 0.70
209.622818 0.70
209.686312 0.70
209.741435 0.70
209.799808 0.70
209.859816 0.69
209.914687 0.70
209.978193 0.70
210.038309 0.70
210.089441 0.70
210.147813 0.70
210.206188 0.70
210.258571 0.70
210.307937 0.70
210.361197 0.70
210.413570 0.69
210.464193 0.70
210.527695 0.69
210.591321 0.70
210.638568 0.70
210.689197 0.70
210.752696 0.70
210.816196 0.70
210.879694 0.70
210.943194 0.70
211.006702 0.70
211.065322 0.70
211.123699 0.70
211.187201 0.70
211.250697 0.70
211.314205 0.70
211.377697 0.70
211.441704 0.70
211.506996 0.70
211.562856 0.70
211.632089 0.70
211.690850 0.69
211.754700 0.70
211.818198 0.70
211.881700 0.69
211.936702 0.70
211.991700 0.70
212.046704 0.70
212.101705 0.69
212.156710 0.69
212.211710 0.70
212.275205 0.70
212.338707 0.70
212.398707 0.70
212.458711 0.70
212.513586 0.70
212.577082 0.70
212.633335 0.70
212.691708 0.70
212.746581 0.70
212.810091 0.70
212.862459 0.70
212.915714 0.70
212.968092 0.70
213.031584 0.70
213.095088 0.70
213.151338 0.71
213.207088 0.70
213.270592 0.70
213.334087 0.70
213.397586 0.70
213.461089 0.70
213.513468 0.70
213.564109 0.70
213.627590 0.70
213.691091 0.70
213.764967 0.70
213.820221 0.70
213.878733 0.70
213.937092 0.70
214.000594 0.70
214.059220 0.70
214.117591 0.70
214.181098 0.70
214.244589 0.70
214.308090 0.70
214.371590 0.70
214.435091 0.70
214.498591 0.70
214.562091 0.70
214.625593 0.70
214.680592 0.70
214.735595 0.70
214.790595 0.70
214.845600 0.70
214.904225 0.70
214.962597 0.70
215.017597 0.70
215.077598 0.70
215.137607 0.70
215.197604 0.69
215.257598 0.70
215.317602 0.70
215.377601 0.70
215.437600 0.69
215.492479 0.70
215.555974 0.70
215.616099 0.70
215.679599 0.70
215.734475 0.70
215.797976 0.70
215.858101 0.69
215.913104 0.70
215.964229 0.70
216.018734 0.70
216.071982 0.70
216.124354 0.70
216.177610 0.70
216.235983 0.70
216.288355 0.70
216.338987 0.69
216.402481 0.70
216.465982 0.70
216.529485 0.70
216.592981 0.70
216.656482 0.70
216.719984 0.70
216.783483 0.70
216.846986 0.70
216.910494 0.70
216.973989 0.70
217.037487 0.70
217.100997 0.70
217.164492 0.69
217.227991 0.70
217.291491 0.70
217.355125 0.70
217.428869 0.70
217.497501 0.70
217.560999 0.70
217.624494 0.70
217.679498 0.71
217.734623 0.70
217.799872 0.70
217.860001 0.70
217.923494 0.70
217.983494 0.70
218.043494 0.70
218.103495 0.70
218.158378 0.70
218.221869 0.70
218.282002 0.70
218.340372 0.70
218.403881 0.70
218.464002 0.70
218.519001 0.70
218.573999 0.70
218.621252 0.70
218.671875 0.70
218.735380 0.70
218.798879 0.70
218.859002 0.70
218.906250 0.69
218.956876 0.70
219.020383 0.70
219.083879 0.70
219.136262 0.70
219.195887 0.70
219.254382 0.70
219.317880 0.70
219.381384 0.70
219.444888 0.70
219.508388 0.70
219.571883 0.70
219.645779 0.70
219.705885 0.70
219.769388 0.70
219.832888 0.70
219.896391 0.70
219.959889 0.70
220.023386 0.70
220.086894 0.70
220.150386 0.70
220.213892 0.70
220.287766 0.70
220.347895 0.70
220.411520 0.70
220.476766 0.70
220.536902 0.70
220.600391 0.70
220.658896 0.70
220.722389 0.70
220.782391 0.70
220.842395 0.70
220.902389 0.70
220.962392 0.70
221.022393 0.70
221.082402 0.70
221.145899 0.70
221.200895 0.70
221.255899 0.70
221.303151 0.70
221.352522 0.70
221.405901 0.70
221.453154 0.69
221.512274 0.70
221.577277 0.70
221.642167 0.70
221.692532 0.70
221.752277 0.70
221.811401 0.70
221.876280 0.70
221.947821 0.70
222.009051 0.70
222.074053 0.70
222.138845 0.70
222.209177 0.70
222.274172 0.70
222.339317 0.70
222.398404 0.69
222.468408 0.70
222.543531 0.70
222.602402 0.70
222.671527 0.70
222.730406 0.70
222.788783 0.70
222.852405 0.70
222.917286 0.70
222.981657 0.70
223.040406 0.70
223.104406 0.70
223.168281 0.70
223.228812 0.70
223.292813 0.69
223.361908 0.70
223.425812 0.70
223.490408 0.70
223.555909 0.70
223.619932 0.70
223.683928 0.70
223.742819 0.69
223.806789 0.70
223.870288 0.70
223.930415 0.70
223.989414 0.70
224.045066 0.70
224.100306 0.70
224.164413 0.70
224.224930 0.70
224.283822 0.69
224.344415 0.70
224.403290 0.70
224.462419 0.70
224.518706 0.70
224.584668 0.70
224.644320 0.70
224.710185 0.70
224.763828 0.70
224.823422 0.70
224.882430 0.70
224.942202 0.70
225.006944 0.70
225.065958 0.70
225.125424 0.70
225.184423 0.70
225.248975 0.70
225.307827 0.70
225.372553 0.70
225.427941 0.70
225.487075 0.70
225.551972 0.70
225.610964 0.70
225.669832 0.70
225.735955 0.69
225.800676 0.70
225.864176 0.70
225.927676 0.70
225.991177 0.70
226.046177 0.70
226.109680 0.70
226.173179 0.69
226.236680 0.70
226.300181 0.70
226.355181 0.70
226.415183 0.70
226.475181 0.70
226.535189 0.70
226.590185 0.70
226.645066 0.69
226.708567 0.70
226.772061 0.70
226.835569 0.70
226.899064 0.70
226.962566 0.70
227.018816 0.70
227.073315 0.70
227.126571 0.70
227.187564 0.70
227.251064 0.70
227.314565 0.70
227.374690 0.70
227.421949 0.70
227.471315 0.70
227.524567 0.70
227.576949 0.69
227.627567 0.70
227.691073 0.70
227.754696 0.70
227.813077 0.70
227.876577 0.70
227.940086 0.70
228.003567 0.70
228.067070 0.70
228.130573 0.70
228.194073 0.71
228.257571 0.70
228.321071 0.70
228.379576 0.70
228.443080 0.69
228.506578 0.69
228.570074 0.70
228.633582 0.70
228.697074 0.69
228.760572 0.70
228.825573 0.70
228.889073 0.70
228.952576 0.70
229.016073 0.70
229.071074 0.70
229.134575 0.70
229.198077 0.70
229.258076 0.70
229.318076 0.70
229.381576 0.70
229.445077 0.70
229.505078 0.70
229.565079 0.70
229.628580 0.70
229.692082 0.70
229.752079 0.70
229.810455 0.70
229.862834 0.70
229.912206 0.70
229.965457 0.70
230.025582 0.70
230.080591 0.69
230.127837 0.70
230.181085 0.70
230.239464 0.70
230.302967 0.70
230.366461 0.70
230.429966 0.70
230.493465 0.70
230.545846 0.70
230.596474 0.70
230.659962 0.70
230.723463 0.70
230.786965 0.70
230.850470 0.70
230.913969 0.70
230.977465 0.70
231.040970 0.70
231.099470 0.70
231.163100 0.70
231.221597 0.69
231.290344 0.70
231.359229 0.70
231.427972 0.70
231.486600 0.70
231.550850 0.70
231.609849 0.70
231.670605 0.69
231.729729 0.70
231.795534 0.70
231.854730 0.70
231.913917 0.71
231.976413 0.70
232.031737 0.70
232.085731 0.70
232.144993 0.69
232.215389 0.70
232.270898 0.70
232.327385 0.70
232.381243 0.69
232.450731 0.69
232.509492 0.70
232.579734 0.70
232.638731 0.70
232.697734 0.70
232.758398 0.70
232.813737 0.70
232.868735 0.69
232.919131 0.70
232.978932 0.70
233.054488 0.70
233.105740 0.70
233.160133 0.70
233.219914 0.70
233.295492 0.70
233.365744 0.70
233.419612 0.70
233.475136 0.70
233.540135 0.70
233.604487 0.70
233.668894 0.70
233.734391 0.70
233.803740 0.70
233.862361 0.70
233.936612 0.70
234.006004 0.69
234.075364 0.69
234.144488 0.70
234.208625 0.70
234.268008 0.70
234.331866 0.70
234.398624 0.70
234.453013 0.69
234.517626 0.70
234.577500 0.70
234.636872 0.70
234.703507 0.70
234.763018 0.70
234.827621 0.70
234.882144 0.70
234.940916 0.70
235.012315 0.70
235.072145 0.70
235.128152 0.70
235.185309 0.70
235.244916 0.70
235.315286 0.69
235.374501 0.70
235.433931 0.70
235.495008 0.70
235.555628 0.70
235.611289 0.69
235.667145 0.69
235.722146 0.70
235.782513 0.70
235.836501 0.70
235.900626 0.70
235.959501 0.70
236.019632 0.70
236.069795 0.70
236.128905 0.70
236.194283 0.70
236.258378 0.70
236.327379 0.70
236.391505 0.70
236.455629 0.70
236.514508 0.70
236.578633 0.70
236.637634 0.70
236.697015 0.70
236.761404 0.70
236.831793 0.70
236.890902 0.70
236.960816 0.70
237.025814 0.70
237.092520 0.70
237.146900 0.70
237.211641 0.69
237.267645 0.70
237.329019 0.70
237.388398 0.69
237.443084 0.70
237.502926 0.70
237.561916 0.70
237.625791 0.70
237.695392 0.70
237.759516 0.70
237.818391 0.70
237.882641 0.70
237.946920 0.70
238.005785 0.70
238.060803 0.70
238.124922 0.70
238.189398 0.70
238.248520 0.70
238.308087 0.70
238.366168 0.70
238.425774 0.70
238.493148 0.70
238.557520 0.70
238.606924 0.70
238.663150 0.70
238.721912 0.71
238.771522 0.70
238.822151 0.70
238.882149 0.70
238.942290 0.70
239.007524 0.70
239.071787 0.70
239.132289 0.70
239.191959 0.70
239.251655 0.70
239.316297 0.70
239.375654 0.70
239.445654 0.70
239.512414 0.70
239.568657 0.70
239.635414 0.70
239.689963 0.70
239.759969 0.70
239.819795 0.70
239.884658 0.69
239.950531 0.70
240.014531 0.70
240.078049 0.70
240.136657 0.70
240.202051 0.71
240.262662 0.70
240.331660 0.70
240.397051 0.70
240.461536 0.70
240.525539 0.70
240.579667 0.70
240.649179 0.70
240.708965 0.70
240.773541 0.70
240.832800 0.70
240.892548 0.70
240.957296 0.70
241.011543 0.69
241.072185 0.70
241.132551 0.70
241.197552 0.70
241.262420 0.70
241.315667 0.70
241.374063 0.70
241.441060 0.70
241.501548 0.70
241.575543 0.70
241.639044 0.70
241.691419 0.70
241.742046 0.70
241.805545 0.70
241.869046 0.70
241.932546 0.70
241.996047 0.70
242.059547 0.70
242.123047 0.70
242.186548 0.70
242.250048 0.70
242.313549 0.70
242.377049 0.70
242.440674 0.70
242.499317 0.70
242.563190 0.70
242.632317 0.70
242.696318 0.70
242.760303 0.70
242.824325 0.70
242.893303 0.70
242.952307 0.70
243.016306 0.70
243.080307 0.70
243.144813 0.70
243.203555 0.70
243.268435 0.70
243.327309 0.70
243.396812 0.70
243.450685 0.70
243.509559 0.70
243.576214 0.70
243.630563 0.70
243.695213 0.70
243.749692 0.69
243.813559 0.70
243.868310 0.70
243.932204 0.69
243.992447 0.70
244.062207 0.70
244.131565 0.70
244.196222 0.70
244.250192 0.69
244.309696 0.70
244.369445 0.70
244.423194 0.70
244.487453 0.70
244.552214 0.70
244.617095 0.70
244.672698 0.70
244.737454 0.70
244.807834 0.70
244.883207 0.70
244.937707 0.70
245.008217 0.70
245.067825 0.70
245.123701 0.70
245.193583 0.70
245.264103 0.70
245.328450 0.70
245.391952 0.70
245.466829 0.70
245.528229 0.70
245.588104 0.70
245.654586 0.70
245.719585 0.70
245.778453 0.70
245.832597 0.70
245.892333 0.70
245.958590 0.70
246.018339 0.70
246.079707 0.70
246.139338 0.69
246.200585 0.70
246.272241 0.70
246.322591 0.69
246.386835 0.70
246.455455 0.70
246.516206 0.70
246.575088 0.70
246.630839 0.70
246.694711 0.70
246.750113 0.70
246.804463 0.70
246.870472 0.70
246.946006 0.70
247.004979 0.71
247.066111 0.70
247.131234 0.70
247.186745 0.70
247.265346 0.70
247.330225 0.70
247.395258 0.70
247.465468 0.70
247.530235 0.70
247.596359 0.70
247.660340 0.70
247.719717 0.70
247.778465 0.70
247.843255 0.70
247.899114 0.70
247.958350 0.70
248.023369 0.70
248.093480 0.70
248.168979 0.70
248.233732 0.70
248.313356 0.70
248.378349 0.69
248.437734 0.70
248.504349 0.70
248.565116 0.70
248.619481 0.70
248.678473 0.70
248.748365 0.69
248.818018 0.70
248.873357 0.70
248.940124 0.70
248.999476 0.70
249.059922 0.70
249.124477 0.70
249.185008 0.70
249.244483 0.70
249.298352 0.70
249.359484 0.70
249.424249 0.70
249.483611 0.70
249.540792 0.70
249.601608 0.70
249.667927 0.70
249.746374 0.70
249.816741 0.70
249.881485 0.70
249.936770 0.70
250.003128 0.69
250.056741 0.70
250.126925 0.70
250.197113 0.70
250.257744 0.70
250.322615 0.70
250.387015 0.70
250.441496 0.70
250.506006 0.70
250.570914 0.70
250.654488 0.70
250.719140 0.70
250.779010 0.70
250.838251 0.70
250.903164 0.70
250.973260 0.70
251.032916 0.70
251.099495 0.70
251.164147 0.70
251.220250 0.70
251.290255 0.70
251.355141 0.70
251.411015 0.70
251.470503 0.70
251.530283 0.70
251.594622 0.70
251.657008 0.69
251.711375 0.70
251.776154 0.70
251.837378 0.70
251.896874 0.70
251.951378 0.70
252.011146 0.70
252.077383 0.70
252.137272 0.70
252.198501 0.70
252.258149 0.70
252.323147 0.70
252.387937 0.70
252.442385 0.70
252.502005 0.70
252.556384 0.70
252.616027 0.70
252.666148 0.70
252.731289 0.70
252.797923 0.70
252.851913 0.70
252.911382 0.70
252.970278 0.70
253.034391 0.70
253.088254 0.70
253.153946 0.70
253.204026 0.70
253.262758 0.70
253.318390 0.70
253.378158 0.70
253.448018 0.71
253.507517 0.70
253.578955 0.70
253.634649 0.70
253.694264 0.70
253.769517 0.70
253.836040 0.70
253.895398 0.70
253.955175 0.70
254.025029 0.70
254.076647 0.70
254.132393 0.70
254.196962 0.70
254.261940 0.70
254.313642 0.70
254.372889 0.70
254.436765 0.70
254.500765 0.70
254.564765 0.70
254.628766 0.70
254.692766 0.70
254.756767 0.70
254.820767 0.70
254.880920 0.69
254.950404 0.70
255.011648 0.70
255.071295 0.70
255.131049 0.70
255.186408 0.70
255.247785 0.69
255.302297 0.70
255.367179 0.69
255.442530 0.70
255.507286 0.70
255.567050 0.69
255.632050 0.70
255.702170 0.70
255.777653 0.70
255.836526 0.70
255.911067 0.69
255.969651 0.70
256.029298 0.70
256.099028 0.70
256.157652 0.70
256.221961 0.70
256.275654 0.70
256.340297 0.70
256.410065 0.70
256.474291 0.70
256.534091 0.70
256.598926 0.70
256.652944 0.70
256.707051 0.70
256.776156 0.70
256.846417 0.70
256.917658 0.70
256.982186 0.70
257.052289 0.70
257.111537 0.70
257.181077 0.70
257.241661 0.70
257.301197 0.70
257.360962 0.70
257.421986 0.70
257.482985 0.70
257.543412 0.70
257.608193 0.70
257.667961 0.70
257.723290 0.70
257.773288 0.70
257.831929 0.70
257.890539 0.70
257.945793 0.70
258.004666 0.70
258.068794 0.69
258.127798 0.70
258.186668 0.70
258.250543 0.70
258.319921 0.70
258.378802 0.70
258.444677 0.70
258.503546 0.70
258.572797 0.69
258.627066 0.70
258.691205 0.70
258.750982 0.70
258.830463 0.70
258.895555 0.70
258.951203 0.70
259.006678 0.70
259.071336 0.70
259.146806 0.70
259.206202 0.70
259.271309 0.70
259.337994 0.70
259.403220 0.70
259.468308 0.70
259.527831 0.70
259.589207 0.70
259.648808 0.70
259.702950 0.70
259.758809 0.69
259.822875 0.70
259.889692 0.70
259.943935 0.70
259.998085 0.70
260.057828 0.70
260.119205 0.70
260.174683 0.70
260.234206 0.70
260.297952 0.70
260.367568 0.70
260.426310 0.70
260.481982 0.70
260.546690 0.70
260.605563 0.70
260.669688 0.70
260.725208 0.70
260.783820 0.70
260.847320 0.70
260.908088 0.70
260.973091 0.70
261.028824 0.70
261.093578 0.70
261.148089 0.70
261.207821 0.70
261.273576 0.70
261.329329 0.70
261.387821 0.70
261.449324 0.70
261.500329 0.70
261.564693 0.70
261.623441 0.70
261.681818 0.70
261.740448 0.70
261.795697 0.70
261.859958 0.70
261.923970 0.69
261.998570 0.70
262.062570 0.70
262.126695 0.70
262.185446 0.70
262.246832 0.70
262.310947 0.69
262.380343 0.70
262.454449 0.70
262.518576 0.70
262.587991 0.70
262.651965 0.70
262.721580 0.70
262.781348 0.70
262.850704 0.70
262.904838 0.70
262.969330 0.70
263.039458 0.70
263.098833 0.70
263.164707 0.70
263.244584 0.70
263.308719 0.70
263.373739 0.69
263.438711 0.70
263.504465 0.69
263.559021 0.70
263.616218 0.70
263.682224 0.69
263.737841 0.69
263.807747 0.70
263.872748 0.70
263.947266 0.70
264.007009 0.70
264.066716 0.70
264.136848 0.70
264.212471 0.70
264.267005 0.70
264.322472 0.70
264.377008 0.70
264.441602 0.70
264.497753 0.70
264.572719 0.70
264.631717 0.70
264.686029 0.70
264.745731 0.70
264.810739 0.70
264.875597 0.70
264.941906 0.70
265.001597 0.71
265.062471 0.70
265.131470 0.69
265.201237 0.70
265.270986 0.70
265.330600 0.70
265.396997 0.70
265.461755 0.70
265.526600 0.70
265.587908 0.70
265.647737 0.70
265.715921 0.70
265.780981 0.70
265.840353 0.70
265.899913 0.70
265.959604 0.70
266.024603 0.70
266.089606 0.70
266.154605 0.70
266.224751 0.70
266.291360 0.70
266.345737 0.69
266.412360 0.70
266.466901 0.70
266.527616 0.70
266.592610 0.70
266.653251 0.70
266.713909 0.70
266.773614 0.70
266.838486 0.70
266.893609 0.69
266.959607 0.70
267.013618 0.69
267.085119 0.70
267.159372 0.69
267.213909 0.70
267.273491 0.70
267.323622 0.69
267.390373 0.70
267.444744 0.70
267.514748 0.70
267.579745 0.70
267.640626 0.70
267.711137 0.70
267.780742 0.70
267.847371 0.70
267.901914 0.70
267.963139 0.70
268.027504 0.70
268.081618 0.70
268.147492 0.70
268.206747 0.69
268.276263 0.70
268.335261 0.70
268.394748 0.70
268.450371 0.70
268.509505 0.70
268.570620 0.70
268.631782 0.70
268.691501 0.70
268.752509 0.70
268.813624 0.70
268.883764 0.70
268.939030 0.70
269.003927 0.70
269.068753 0.70
269.128141 0.69
269.192627 0.70
269.264021 0.69
269.339146 0.70
269.408512 0.70
269.474510 0.70
269.544504 0.70
269.609509 0.70
269.675505 0.70
269.725513 0.70
269.791516 0.70
269.866505 0.70
269.932512 0.69
269.998511 0.69
270.073934 0.70
270.133766 0.70
270.198509 0.70
270.252274 0.69
270.321021 0.70
270.390276 0.70
270.450508 0.70
270.507522 0.70
270.582928 0.70
270.647278 0.70
270.706769 0.70
270.766517 0.70
270.825776 0.70
270.885517 0.70
270.960282 0.70
271.024280 0.70
271.093029 0.70
271.167028 0.70
271.241030 0.70
271.315639 0.70
271.374639 0.70
271.440031 0.70
271.509282 0.70
271.578045 0.70
271.637649 0.70
271.696649 0.70
271.750174 0.70
271.805395 0.70
271.860400 0.70
271.921173 0.70
271.975522 0.70
272.045165 0.70
272.099525 0.70
272.174526 0.70
272.239186 0.70
272.294525 0.70
272.359171 0.70
272.413655 0.70
272.478412 0.70
272.543411 0.70
272.613292 0.70
272.671899 0.70
272.737525 0.70
272.806779 0.70
272.860651 0.70
272.919401 0.70
272.965401 0.69
273.024043 0.70
273.088043 0.70
273.147044 0.69
273.211045 0.70
273.280657 0.69
273.350300 0.70
273.409196 0.69
273.463660 0.69
273.523304 0.70
273.588061 0.70
273.647544 0.70
273.717536 0.70
273.787105 0.70
273.846663 0.70
273.910408 0.70
273.964050 0.70
274.033051 0.70
274.097303 0.70
274.155925 0.70
274.219787 0.70
274.285788 0.70
274.346413 0.70
274.412306 0.70
274.471055 0.70
274.540538 0.70
274.609664 0.70
274.670301 0.70
274.727293 0.70
274.793307 0.70
274.843550 0.70
274.899067 0.70
274.959555 0.70
275.019299 0.70
275.084298 0.70
275.143419 0.71
275.203795 0.70
275.265796 0.70
275.319421 0.70
275.378422 0.70
275.455796 0.70
275.516297 0.70
275.569937 0.70
275.628940 0.70
275.687830 0.70
275.752192 0.70
275.816301 0.70
275.875192 0.69
275.930299 0.70
275.984065 0.70
276.048193 0.70
276.112556 0.70
276.171301 0.70
276.225561 0.70
276.285203 0.70
276.349930 0.70
276.408947 0.70
276.478954 0.70
276.547957 0.70
276.617323 0.70
276.681429 0.70
276.745682 0.70
276.800946 0.70
276.870327 0.70
276.923967 0.70
276.988311 0.70
277.054317 0.70
277.114951 0.70
277.173955 0.70
277.238328 0.69
277.298560 0.70
277.368207 0.70
277.421811 0.70
277.486440 0.70
277.542085 0.70
277.600819 0.69
277.665086 0.69
277.723815 0.70
277.788447 0.70
277.848216 0.70
277.908693 0.70
277.964447 0.70
278.020215 0.70
278.079591 0.70
278.144447 0.70
278.204216 0.70
278.268989 0.70
278.323365 0.70
278.392960 0.70
278.457828 0.70
278.522993 0.70
278.582450 0.70
278.637698 0.70
278.702449 0.70
278.766831 0.70
278.837092 0.70
278.896343 0.70
278.971579 0.70
279.041830 0.70
279.108105 0.70
279.173079 0.70
279.233967 0.70
279.293582 0.69
279.360101 0.70
279.414105 0.70
279.470227 0.70
279.532996 0.70
279.583099 0.70
279.636849 0.70
279.693712 0.70
279.758246 0.70
279.818104 0.69
279.882834 0.70
279.947236 0.70
280.013989 0.70
280.064336 0.70
280.130839 0.70
280.185341 0.70
280.236586 0.70
280.296113 0.70
280.360998 0.70
280.419847 0.70
280.474340 0.70
280.534109 0.70
280.589472 0.70
280.659738 0.70
280.725590 0.70
280.772998 0.70
280.831984 0.69
280.891229 0.70
280.969233 0.70
281.034111 0.70
281.098350 0.70
281.158137 0.70
281.233718 0.70
281.303734 0.70
281.373731 0.70
281.443749 0.70
281.513976 0.70
281.573469 0.70
281.632128 0.70
281.701594 0.70
281.762593 0.70
281.826092 0.70
281.889592 0.70
281.953093 0.70
282.016593 0.69
282.090471 0.70
282.149111 0.70
282.213730 0.70
282.277979 0.70
282.339102 0.70
282.400118 0.70
282.461139 0.70
282.526018 0.70
282.578020 0.70
282.642999 0.70
282.698998 0.70
282.757991 0.70
282.822988 0.70
282.887981 0.70
282.949009 0.70
283.014017 0.70
283.078733 0.70
283.143903 0.70
283.209003 0.70
283.273745 0.70
283.328265 0.70
283.388025 0.70
283.458007 0.70
283.524613 0.70
283.594766 0.70
283.649258 0.70
283.708740 0.70
283.772737 0.70
283.836737 0.70
283.895737 0.70
283.954739 0.70
284.013739 0.70
284.072738 0.70
284.150128 0.70
284.209253 0.70
284.271252 0.70
284.330255 0.70
284.389251 0.70
284.459011 0.70
284.542615 0.70
284.607268 0.69
284.666995 0.70
284.736747 0.70
284.796260 0.70
284.865881 0.70
284.925004 0.70
284.989910 0.69
285.043758 0.70
285.103268 0.70
285.162912 0.69
285.229138 0.70
285.295754 0.70
285.350146 0.70
285.421631 0.70
285.476283 0.69
285.537769 0.69
285.593565 0.70
285.648151 0.70
285.702250 0.70
285.766633 0.70
285.821159 0.70
285.880886 0.70
285.936442 0.70
285.996165 0.70
286.055930 0.70
286.112936 0.70
286.179632 0.70
286.234147 0.70
286.304275 0.70
286.370425 0.70
286.435261 0.70
286.496784 0.70
286.542807 0.70
286.596919 0.70
286.666785 0.70
286.720629 0.70
286.785282 0.70
286.851802 0.69
286.905632 0.70
286.964791 0.70
287.019148 0.70
287.083164 0.70
287.142931 0.70
287.201795 0.70
287.255949 0.70
287.331513 0.70
287.396152 0.69
287.460935 0.70
287.525933 0.70
287.590648 0.70
287.645297 0.70
287.710161 0.70
287.774639 0.70
287.834157 0.70
287.887637 0.70
287.951637 0.70
288.010637 0.70
288.074638 0.70
288.138513 0.70
288.202514 0.70
288.266514 0.70
288.330640 0.70
288.389640 0.70
288.448642 0.70
288.507641 0.70
288.566517 0.70
288.630838 0.70
288.691646 0.70
288.751175 0.70
288.812656 0.70
288.867025 0.70
288.922830 0.70
288.993172 0.70
289.048775 0.70
289.107521 0.70
289.171647 0.70
289.230525 0.70
289.289524 0.70
289.348524 0.70
289.417523 0.70
289.481652 0.70
289.545525 0.70
289.609526 0.70
289.673525 0.70
289.737530 0.70
289.796401 0.70
289.860527 0.70
289.930029 0.70
289.989030 0.70
290.042404 0.70
290.102034 0.70
290.166659 0.70
290.220846 0.70
290.281854 0.70
290.341660 0.70
290.395973 0.69
290.455935 0.70
290.520828 0.70
290.585666 0.70
290.652412 0.70
290.716672 0.70
290.783423 0.70
290.837935 0.70
290.902669 0.70
290.963959 0.70
291.023415 0.70
291.093669 0.70
291.154668 0.70
291.224673 0.70
291.291423 0.69
291.350955 0.70
291.409949 0.70
291.470673 0.69
291.535552 0.70
291.590114 0.70
291.649837 0.70
291.714552 0.70
291.764948 0.69
291.818798 0.70
291.884677 0.70
291.949846 0.70
292.015680 0.70
292.080862 0.70
292.140675 0.70
292.201679 0.70
292.262429 0.70
292.316974 0.70
292.377202 0.70
292.436546 0.70
292.495430 0.70
292.549838 0.70
292.610208 0.69
292.665216 0.70
292.724208 0.70
292.784551 0.70
292.843685 0.70
292.908686 0.70
292.974555 0.70
293.039689 0.70
293.106432 0.70
293.160987 0.70
293.222314 0.70
293.279198 0.70
293.345686 0.70
293.412436 0.70
293.471960 0.70
293.536956 0.70
293.596686 0.70
293.661440 0.70
293.715964 0.70
293.777436 0.70
293.831863 0.70
293.891564 0.70
293.952571 0.70
294.019447 0.70
294.073983 0.70
294.133569 0.70
294.198571 0.70
294.268689 0.70
294.333988 0.70
294.398984 0.70
294.455132 0.69
294.510864 0.70
294.575566 0.70
294.629577 0.70
294.694569 0.70
294.759693 0.70
294.820209 0.69
294.889832 0.70
294.949445 0.70
295.014573 0.70
295.079573 0.70
295.140240 0.70
295.201118 0.70
295.260866 0.70
295.316216 0.70
295.376570 0.70
295.426697 0.70
295.492216 0.70
295.561457 0.70
295.622697 0.70
295.683324 0.70
295.738334 0.70
295.799109 0.70
295.869219 0.70
295.928828 0.70
295.998212 0.70
296.064347 0.70
296.129222 0.70
296.188710 0.70
296.264223 0.71
296.325454 0.70
296.379835 0.70
296.439586 0.70
296.504222 0.70
296.568220 0.70
296.627094 0.69
296.680456 0.70
296.734218 0.70
296.798232 0.70
296.862218 0.70
296.921093 0.70
296.974705 0.70
297.043584 0.70
297.104337 0.70
297.163460 0.70
297.217224 0.70
297.276225 0.70
297.339957 0.70
297.406994 0.70
297.466337 0.70
297.520226 0.70
297.575717 0.70
297.640718 0.70
297.705474 0.70
297.770342 0.70
297.820593 0.70
297.879741 0.69
297.939469 0.70
298.009343 0.70
298.073357 0.70
298.128478 0.70
298.192590 0.70
298.261840 0.70
298.317024 0.70
298.386116 0.70
298.445235 0.70
298.504593 0.70
298.568595 0.70
298.632747 0.70
298.703117 0.70
298.773166 0.70
298.827756 0.70
298.887350 0.69
298.941741 0.70
298.997481 0.70
299.062351 0.70
299.123739 0.70
299.183481 0.70
299.248361 0.69
299.313354 0.70
299.378356 0.70
299.443358 0.70
299.508361 0.70
299.573354 0.70
299.634252 0.70
299.690045 0.70
299.751026 0.70
299.806608 0.70
299.866362 0.70
299.931374 0.70
299.996358 0.69
300.061252 0.70
300.115010 0.69
300.178881 0.70
300.244368 0.70
300.302883 0.70
300.369893 0.70
300.428480 0.70
300.487481 0.70
300.551482 0.70
300.602373 0.70
300.656013 0.70
300.716252 0.70
300.775011 0.70
300.840484 0.70
300.905891 0.70
300.975745 0.70
301.042139 0.70
301.101020 0.70
301.170364 0.70
301.224372 0.70
301.283491 0.69
301.348261 0.70
301.413038 0.70
301.473500 0.69
301.543627 0.70
301.608619 0.70
301.673375 0.70
301.738376 0.70
301.808495 0.70
301.878248 0.70
301.934373 0.70
301.988256 0.70
302.049625 0.70
302.109375 0.70
302.181140 0.69
302.246006 0.70
302.310621 0.70
302.371264 0.70
302.430504 0.70
302.495019 0.69
302.554141 0.70
302.609500 0.70
302.684259 0.70
302.745010 0.70
302.799379 0.70
302.871281 0.70
302.936260 0.70
303.001148 0.70
303.051260 0.70
303.112012 0.70
303.166005 0.70
303.221275 0.70
303.275287 0.70
303.330631 0.70
303.392008 0.70
303.452798 0.70
303.511881 0.70
303.571510 0.70
303.636261 0.70
303.701820 0.70
303.771884 0.70
303.827512 0.70
303.891942 0.69
303.962269 0.70
304.032282 0.70
304.097264 0.70
304.157804 0.70
304.227521 0.70
304.297648 0.70
304.364287 0.70
304.429171 0.70
304.485272 0.70
304.550285 0.70
304.606165 0.70
304.662045 0.70
304.721517 0.70
304.781271 0.70
304.846162 0.70
304.905528 0.70
304.975643 0.70
305.042271 0.70
305.107046 0.70
305.167084 0.70
305.228394 0.70
305.289276 0.70
305.361293 0.70
305.426178 0.70
305.491166 0.69
305.552021 0.70
305.616037 0.70
305.674800 0.70
305.738800 0.70
305.802799 0.70
305.867288 0.69
305.931271 0.70
305.986287 0.70
306.041163 0.70
306.099802 0.70
306.158803 0.70
306.217803 0.70
306.281803 0.70
306.337169 0.70
306.396027 0.70
306.451169 0.70
306.506527 0.70
306.560164 0.70
306.618805 0.70
306.677804 0.70
306.736652 0.69
306.800805 0.70
306.859806 0.70
306.923808 0.70
306.982809 0.70
307.046807 0.70
307.105810 0.70
307.169810 0.70
307.228808 0.70
307.292811 0.70
307.351812 0.70
307.415809 0.69
307.474300 0.70
307.538283 0.70
307.597300 0.70
307.661284 0.70
307.720176 0.70
307.778814 0.70
307.837814 0.70
307.901815 0.70
307.960816 0.70
308.024911 0.70
308.083815 0.70
308.147816 0.70
308.211829 0.70
308.270825 0.69
308.329916 0.70
308.388934 0.70
308.447936 0.69
308.506824 0.69
308.566933 0.70
308.621942 0.70
308.675668 0.70
308.740195 0.70
308.810190 0.70
308.862579 0.70
308.916295 0.70
308.972065 0.70
309.036087 0.70
309.100187 0.70
309.170189 0.70
309.244060 0.70
309.298075 0.70
309.357172 0.70
309.421192 0.70
309.495941 0.70
309.549842 0.70
309.608675 0.70
309.668302 0.70
309.727196 0.70
309.791315 0.70
309.856202 0.70
309.931434 0.70
310.001681 0.70
310.061086 0.69
310.122078 0.70
310.187077 0.70
310.241077 0.70
310.305973 0.70
310.370972 0.70
310.430316 0.70
310.486079 0.70
310.552978 0.70
310.613611 0.69
310.668974 0.70
310.731607 0.70
310.796221 0.70
310.855951 0.70
310.917209 0.70
310.976980 0.70
311.038096 0.70
311.097203 0.70
311.162990 0.70
311.228217 0.70
311.282206 0.70
311.346991 0.70
311.408211 0.70
311.455475 0.70
311.522089 0.70
311.584696 0.70
311.639857 0.70
311.690218 0.70
311.749951 0.70
311.806487 0.70
311.871210 0.70
311.939956 0.70
311.998445 0.70
312.067693 0.70
312.131694 0.69
312.191008 0.70
312.262501 0.70
312.332338 0.70
312.385961 0.70
312.455573 0.70
312.519580 0.70
312.584575 0.70
312.643969 0.70
312.718834 0.70
312.783971 0.70
312.844702 0.70
312.899232 0.70
312.959035 0.70
313.023830 0.70
313.083584 0.70
313.148710 0.69
313.202996 0.70
313.273005 0.69
313.334030 0.70
313.393225 0.70
313.453005 0.70
313.519584 0.70
313.578592 0.70
313.633105 0.70
313.692848 0.69
313.753707 0.70
313.807705 0.70
313.864495 0.70
313.923224 0.70
313.984587 0.70
314.038710 0.70
314.097583 0.70
314.156584 0.70
314.215982 0.69
314.284983 0.70
314.355241 0.69
314.425012 0.70
314.491592 0.70
314.541848 0.70
314.611714 0.70
314.662123 0.70
314.727007 0.70
314.779842 0.70
314.844846 0.70
314.909748 0.70
314.963592 0.70
315.019120 0.70
315.078850 0.70
315.143732 0.70
315.203474 0.69
315.259133 0.70
315.310386 0.70
315.374719 0.70
315.434130 0.70
315.487594 0.70
315.557475 0.70
315.627477 0.70
315.687002 0.70
315.762047 0.70
315.823474 0.70
315.887850 0.70
315.953900 0.70
316.023598 0.70
316.077889 0.70
316.147601 0.70
316.201734 0.70
316.267599 0.70
316.326850 0.70
316.380736 0.70
316.442017 0.70
316.506604 0.70
316.560885 0.70
316.630351 0.70
316.689730 0.70
316.750609 0.70
316.805123 0.70
316.860891 0.70
316.926488 0.70
316.980931 0.70
317.040485 0.70
317.099917 0.70
317.159751 0.70
317.224483 0.70
317.288893 0.70
317.358617 0.70
317.412895 0.70
317.473016 0.69
317.533493 0.70
317.588609 0.70
317.643610 0.70
317.698750 0.70
317.764264 0.70
317.824015 0.70
317.883613 0.70
317.947893 0.70
318.008275 0.70
318.059294 0.70
318.118615 0.70
318.173614 0.70
318.232895 0.70
318.298292 0.70
318.358016 0.70
318.409276 0.70
318.473493 0.70
318.542743 0.70
318.607368 0.70
318.671618 0.70
318.736005 0.70
318.800259 0.70
318.864921 0.70
318.929622 0.70
318.990494 0.70
319.049497 0.70
319.108761 0.71
319.173008 0.70
319.232627 0.70
319.293901 0.69
319.353499 0.70
319.412497 0.70
319.471497 0.70
319.530623 0.70
319.591497 0.70
319.650373 0.70
319.714373 0.70
319.778623 0.70
319.839374 0.70
319.903500 0.70
319.962375 0.70
320.026500 0.69
320.085376 0.70
320.149501 0.70
320.208505 0.70
320.263503 0.70
320.318503 0.70
320.377503 0.70
320.427938 0.70
320.487382 0.70
320.547631 0.70
320.613382 0.70
320.674170 0.69
320.738138 0.70
320.803386 0.70
320.857798 0.70
320.914173 0.70
320.974634 0.70
321.041153 0.70
321.110936 0.70
321.170828 0.69
321.230640 0.70
321.295644 0.70
321.362519 0.70
321.416939 0.70
321.478395 0.70
321.532949 0.70
321.594391 0.70
321.654168 0.70
321.713824 0.70
321.783807 0.70
321.848160 0.70
321.928518 0.70
321.992390 0.70
322.051648 0.70
322.121157 0.70
322.185394 0.70
322.244806 0.70
322.309280 0.70
322.373823 0.70
322.433524 0.70
322.499655 0.70
322.569924 0.70
322.634816 0.70
322.699848 0.70
322.770404 0.70
322.824525 0.70
322.889530 0.69
322.950812 0.69
323.015287 0.70
323.069823 0.70
323.129531 0.70
323.194412 0.70
323.244825 0.70
323.304532 0.70
323.365297 0.70
323.429527 0.70
323.494045 0.70
323.563659 0.70
323.639031 0.70
323.699529 0.70
323.758404 0.71
323.813404 0.70
323.868404 0.69
323.923529 0.70
323.978405 0.70
324.033530 0.70
324.088406 0.70
324.143406 0.70
324.198407 0.69
324.262407 0.70
324.321407 0.70
324.385533 0.70
324.444409 0.70
324.508408 0.70
324.567545 0.70
324.639067 0.70
324.708661 0.70
324.778411 0.70
324.842052 0.70
324.916054 0.70
324.975414 0.70
325.029298 0.70
325.083843 0.70
325.143190 0.70
325.202542 0.70
325.261665 0.70
325.322549 0.70
325.397672 0.70
325.457419 0.70
325.511673 0.70
325.570948 0.70
325.631292 0.70
325.690549 0.70
325.749544 0.70
325.810428 0.70
325.880549 0.69
325.950422 0.70
326.004188 0.70
326.068859 0.70
326.125673 0.70
326.186430 0.70
326.256558 0.70
326.326678 0.70
326.386432 0.70
326.447210 0.69
326.506678 0.70
326.566433 0.70
326.631430 0.70
326.701196 0.70
326.755684 0.70
326.815439 0.70
326.874555 0.70
326.939436 0.70
327.009688 0.70
327.069201 0.70
327.144560 0.70
327.220205 0.70
327.274319 0.70
327.349851 0.70
327.409561 0.70
327.479443 0.70
327.544437 0.70
327.614854 0.70
327.685088 0.70
327.739572 0.70
327.804438 0.70
327.870443 0.70
327.933004 0.70
327.992690 0.70
328.056958 0.70
328.116575 0.70
328.185436 0.70
328.245980 0.70
328.305085 0.70
328.363956 0.70
328.428573 0.70
328.493341 0.70
328.552442 0.70
328.618323 0.70
328.683328 0.70
328.748215 0.70
328.807695 0.70
328.874090 0.70
328.927960 0.69
328.993978 0.70
329.053226 0.70
329.106846 0.70
329.182224 0.70
329.247090 0.70
329.306214 0.70
329.365578 0.69
329.430456 0.70
329.500451 0.69
329.565330 0.70
329.635457 0.70
329.710586 0.70
329.770330 0.70
329.840703 0.70
329.907336 0.70
329.972223 0.70
330.028331 0.70
330.082154 0.70
330.143458 0.70
330.204583 0.69
330.269240 0.70
330.334334 0.70
330.399334 0.70
330.469343 0.70
330.535977 0.70
330.590479 0.70
330.654983 0.70
330.709462 0.70
330.765341 0.70
330.836595 0.70
330.897891 0.70
330.962590 0.70
331.026977 0.70
331.076459 0.70
331.132460 0.70
331.185835 0.70
331.249985 0.70
331.313978 0.70
331.363460 0.70
331.423990 0.70
331.493466 0.70
331.557462 0.70
331.610837 0.70
331.672763 0.70
331.733230 0.70
331.792014 0.70
331.856023 0.70
331.911341 0.70
331.976767 0.69
332.035232 0.70
332.099717 0.70
332.169006 0.70
332.233010 0.69
332.296986 0.70
332.361599 0.70
332.427978 0.70
332.497733 0.70
332.572597 0.70
332.639012 0.70
332.698138 0.70
332.763122 0.70
332.822905 0.70
332.898264 0.70
332.968477 0.70
333.029247 0.70
333.099035 0.70
333.149478 0.70
333.209227 0.70
333.279256 0.70
333.340249 0.70
333.401356 0.70
333.470987 0.70
333.522789 0.70
333.582252 0.69
333.652141 0.70
333.717128 0.70
333.774129 0.70
333.827733 0.70
333.896604 0.70
333.952357 0.70
333.999639 0.70
334.047015 0.70
334.106009 0.69
334.159735 0.71
334.220139 0.70
334.285016 0.70
334.343740 0.70
334.407740 0.70
334.471739 0.70
334.530892 0.69
334.586136 0.70
334.645363 0.70
334.704362 0.70
334.768373 0.70
334.828138 0.70
334.892866 0.70
334.957012 0.70
335.007008 0.70
335.066492 0.70
335.120237 0.70
335.194740 0.70
335.258740 0.70
335.327614 0.70
335.391256 0.70
335.455240 0.70
335.519259 0.70
335.578257 0.69
335.637243 0.70
335.695901 0.70
335.759762 0.70
335.818883 0.70
335.882618 0.70
335.946782 0.70
336.010782 0.70
336.069786 0.70
336.133783 0.70
336.197787 0.70
336.256783 0.70
336.315779 0.70
336.379887 0.70
336.443624 0.70
336.507781 0.70
336.566787 0.70
336.630789 0.70
336.690902 0.70
336.744789 0.69
336.803784 0.70
336.862778 0.70
336.928532 0.70
336.983254 0.70
337.042269 0.70
337.089535 0.70
337.136895 0.70
337.201385 0.70
337.260817 0.70
337.325633 0.70
337.384634 0.70
337.449168 0.70
337.514882 0.70
337.564255 0.70
337.617505 0.70
337.669881 0.70
337.723133 0.70
337.781506 0.70
337.833882 0.70
337.884508 0.70
337.948008 0.70
338.011511 0.70
338.075009 0.70
338.138510 0.71
338.202011 0.69
338.265511 0.70
338.329012 0.70
338.388266 0.70
338.442282 0.70
338.503022 0.71
338.573166 0.70
338.639017 0.70
338.695046 0.70
338.759838 0.70
338.824643 0.70
338.891024 0.70
338.952021 0.70
339.016646 0.70
339.071171 0.69
339.130923 0.70
339.191812 0.70
339.252580 0.70
339.302940 0.70
339.367936 0.70
339.429179 0.70
339.488944 0.70
339.545817 0.70
339.599839 0.70
339.650175 0.69
339.715297 0.70
339.774812 0.70
339.830952 0.70
339.897659 0.70
339.951814 0.70
340.011532 0.70
340.081839 0.70
340.146528 0.70
340.216659 0.70
340.276536 0.69
340.341282 0.70
340.395170 0.70
340.459971 0.70
340.519173 0.69
340.589051 0.70
340.664533 0.70
340.738404 0.70
340.803905 0.70
340.857655 0.70
340.921531 0.70
340.990531 0.70
341.059532 0.70
341.128816 0.69
341.182828 0.70
341.236534 0.70
341.305662 0.70
341.364414 0.70
341.428535 0.70
341.492660 0.70
341.556665 0.70
341.615536 0.70
341.679665 0.70
341.738668 0.70
341.792665 0.70
341.851853 0.70
341.907955 0.70
341.972669 0.70
342.031668 0.70
342.095665 0.71
342.149953 0.69
342.214186 0.70
342.273183 0.70
342.333669 0.70
342.392693 0.70
342.447196 0.70
342.504346 0.69
342.564672 0.70
342.620351 0.70
342.680089 0.69
342.741549 0.70
342.807353 0.70
342.868365 0.69
342.923839 0.70
342.985077 0.70
343.044686 0.70
343.105552 0.70
343.160862 0.70
343.232344 0.70
343.292676 0.70
343.347675 0.70
343.402675 0.70
343.461550 0.70
343.525425 0.69
343.589550 0.70
343.653551 0.70
343.717551 0.70
343.781552 0.69
343.845553 0.70
343.909678 0.70
343.968553 0.70
344.032679 0.70
344.091554 0.70
344.155554 0.70
344.219430 0.70
344.283555 0.70
344.342957 0.69
344.406963 0.70
344.470836 0.70
344.534966 0.71
344.588307 0.70
344.651810 0.70
344.706815 0.70
344.761810 0.70
344.816819 0.70
344.882189 0.70
344.942319 0.70
345.005814 0.70
345.065813 0.71
345.120687 0.70
345.184188 0.70
345.252815 0.70
345.312823 0.70
345.372815 0.70
345.431195 0.70
345.491317 0.70
345.546317 0.70
345.601577 0.70
345.651870 0.70
345.721986 0.70
345.778228 0.70
345.833225 0.70
345.893568 0.70
345.948568 0.70
346.007574 0.70
346.066571 0.70
346.121573 0.70
346.180570 0.70
346.234995 0.70
346.286238 0.70
346.350862 0.69
346.420583 0.70
346.470993 0.70
346.530580 0.70
346.589967 0.70
346.654215 0.70
346.723710 0.70
346.777575 0.70
346.836830 0.70
346.911581 0.70
346.975703 0.70
347.029834 0.70
347.100025 0.70
347.159456 0.70
347.219024 0.70
347.289334 0.70
347.353834 0.70
347.428350 0.70
347.492455 0.70
347.546582 0.70
347.600338 0.70
347.654460 0.69
347.718709 0.70
347.779583 0.70
347.844590 0.70
347.905466 0.69
347.959462 0.70
348.014022 0.70
348.075340 0.70
348.134848 0.70
348.193713 0.70
348.262712 0.70
348.321711 0.70
348.385712 0.71
348.455715 0.70
348.521589 0.70
348.580340 0.70
348.644356 0.69
348.708476 0.70
348.769341 0.70
348.833850 0.70
348.898351 0.70
348.952732 0.70
349.022477 0.70
349.083847 0.70
349.144598 0.70
349.208848 0.70
349.273346 0.70
349.343115 0.70
349.417751 0.70
349.487734 0.70
349.548740 0.70
349.623122 0.70
349.692366 0.70
349.762241 0.70
349.831733 0.69
349.900731 0.70
349.965351 0.70
350.029913 0.69
350.089734 0.70
350.154478 0.70
350.208356 0.70
350.272733 0.70
350.328607 0.70
350.387602 0.70
350.448734 0.70
350.518610 0.70
350.584733 0.70
350.649610 0.70
350.719922 0.70
350.780736 0.70
350.841482 0.69
350.895137 0.70
350.956488 0.71
351.031488 0.70
351.090740 0.70
351.155251 0.70
351.214253 0.70
351.273252 0.70
351.332616 0.70
351.407486 0.70
351.461251 0.70
351.520494 0.70
351.574130 0.70
351.643738 0.70
351.702620 0.70
351.777613 0.70
351.836614 0.70
351.900612 0.70
351.970123 0.70
352.040142 0.70
352.100992 0.70
352.170007 0.70
352.244490 0.70
352.303268 0.70
352.362747 0.69
352.432495 0.70
352.493368 0.69
352.547367 0.70
352.611502 0.70
352.686496 0.70
352.752372 0.70
352.816939 0.70
352.876763 0.70
352.946625 0.70
353.007508 0.70
353.072502 0.70
353.139016 0.70
353.199511 0.70
353.266274 0.70
353.320631 0.70
353.385377 0.70
353.449626 0.70
353.514387 0.70
353.573499 0.70
353.634150 0.69
353.698501 0.70
353.767629 0.70
353.832387 0.70
353.897382 0.70
353.962386 0.70
354.027388 0.70
354.092278 0.69
354.142635 0.70
354.212393 0.70
354.277386 0.70
354.342391 0.70
354.407293 0.70
354.457640 0.70
354.517395 0.70
354.582276 0.70
354.647017 0.70
354.718771 0.70
354.789887 0.70
354.854636 0.70
354.919396 0.70
354.989029 0.69
355.059019 0.70
355.125399 0.70
355.189053 0.70
355.253389 0.70
355.306963 0.70
355.387156 0.70
355.446647 0.70
355.511399 0.70
355.581141 0.70
355.635648 0.70
355.695395 0.70
355.761516 0.70
355.830516 0.70
355.899921 0.70
355.964032 0.69
356.027910 0.70
356.096893 0.70
356.160894 0.70
356.235520 0.70
356.299519 0.70
356.368520 0.70
356.432285 0.70
356.496522 0.70
356.561801 0.70
356.630800 0.70
356.696522 0.69
356.755274 0.70
356.813803 0.70
356.882900 0.70
356.948400 0.70
357.017403 0.70
357.081276 0.70
357.131278 0.70
357.190047 0.70
357.254028 0.70
357.318408 0.70
357.382528 0.70
357.436407 0.70
357.495536 0.70
357.560031 0.70
357.619539 0.70
357.679285 0.70
357.744178 0.69
357.803294 0.70
357.868288 0.70
357.938412 0.70
357.997287 0.69
358.050925 0.70
358.115534 0.70
358.174660 0.70
358.228411 0.70
358.292409 0.70
358.361929 0.70
358.432066 0.70
358.491662 0.70
358.556541 0.70
358.621319 0.70
358.686185 0.70
358.745541 0.70
358.804416 0.70
358.863415 0.70
358.920290 0.70
358.986073 0.70
359.037843 0.70
359.102545 0.70
359.172075 0.70
359.230937 0.70
359.289862 0.69
359.355951 0.70
359.415429 0.70
359.474961 0.70
359.529428 0.70
359.583424 0.70
359.640972 0.70
359.695310 0.70
359.765425 0.70
359.830201 0.70
359.895066 0.70
359.949302 0.70
360.009768 0.70
360.065429 0.70
360.130199 0.70
360.190678 0.70
360.254942 0.69
360.314074 0.70
360.367942 0.70
360.427430 0.70
360.486429 0.70
360.551198 0.70
360.605076 0.70
360.670077 0.70
360.729559 0.70
360.788681 0.70
360.848437 0.70
360.908101 0.70
360.972970 0.70
361.037861 0.70
361.113318 0.70
361.182975 0.70
361.247859 0.70
361.307446 0.69
361.372205 0.70
361.431203 0.71
361.484841 0.70
361.544308 0.70
361.604761 0.70
361.661748 0.70
361.712215 0.70
361.765847 0.70
361.825339 0.70
361.880857 0.70
361.941608 0.70
362.010691 0.70
362.070955 0.70
362.130451 0.70
362.180316 0.70
362.232958 0.70
362.286690 0.70
362.351443 0.70
362.405206 0.70
362.469208 0.70
362.534980 0.70
362.593693 0.70
362.648326 0.70
362.707984 0.70
362.772947 0.70
362.827331 0.70
362.892093 0.70
362.962095 0.69
363.020861 0.70
363.079697 0.70
363.144326 0.70
363.203331 0.70
363.263093 0.70
363.332707 0.70
363.391700 0.70
363.451332 0.69
363.516232 0.70
363.590451 0.70
363.644327 0.70
363.703219 0.70
363.772703 0.69
363.841993 0.70
363.895704 0.70
363.955205 0.70
364.019340 0.70
364.079103 0.70
364.144003 0.70
364.208457 0.70
364.269222 0.70
364.333221 0.70
364.407096 0.70
364.472580 0.70
364.536345 0.70
364.590224 0.70
364.650861 0.70
364.709707 0.70
364.768348 0.70
364.827225 0.70
364.895976 0.70
364.954459 0.70
365.009709 0.70
365.064353 0.70
365.123228 0.70
365.192229 0.70
365.239491 0.70
365.290711 0.69
365.359711 0.70
365.428713 0.70
365.497713 0.70
365.567124 0.70
365.619841 0.70
365.680529 0.70
365.736020 0.70
365.806009 0.70
365.871517 0.70
365.936111 0.70
366.000844 0.70
366.054594 0.70
366.110497 0.70
366.168995 0.70
366.228114 0.70
366.292139 0.70
366.362366 0.70
366.434029 0.70
366.493142 0.70
366.562847 0.70
366.621922 0.70
366.683024 0.70
366.747149 0.70
366.816735 0.70
366.877733 0.70
366.942031 0.70
367.006893 0.70
367.061005 0.70
367.122247 0.70
367.187028 0.69
367.248014 0.70
367.312733 0.70
367.371605 0.70
367.435733 0.70
367.494989 0.70
367.554122 0.70
367.618894 0.70
367.674250 0.70
367.738740 0.70
367.797993 0.70
367.869404 0.70
367.922435 0.70
367.986607 0.70
368.042135 0.70
368.101902 0.70
368.163003 0.70
368.223422 0.70
368.279135 0.70
368.343621 0.70
368.397741 0.70
368.456612 0.70
368.516737 0.70
368.571741 0.70
368.626737 0.70
368.680742 0.70
368.735741 0.70
368.790744 0.70
368.845743 0.69
368.900143 0.70
368.969741 0.70
369.023746 0.70
369.077770 0.70
369.139139 0.70
369.198934 0.70
369.263493 0.70
369.329918 0.70
369.399939 0.70
369.464621 0.70
369.524052 0.70
369.583911 0.70
369.659142 0.70
369.723501 0.69
369.788141 0.70
369.852632 0.70
369.906904 0.70
369.971628 0.70
370.025758 0.70
370.087146 0.70
370.146501 0.69
370.210793 0.70
370.271637 0.70
370.325785 0.70
370.386627 0.70
370.440799 0.70
370.501628 0.69
370.560790 0.70
370.622021 0.70
370.686651 0.70
370.736901 0.70
370.801506 0.70
370.861629 0.70
370.916015 0.70
370.975149 0.70
371.036513 0.70
371.090510 0.70
371.154763 0.70
371.200632 0.70
371.259506 0.70
371.319631 0.70
371.373507 0.70
371.437509 0.71
371.501632 0.70
371.556633 0.69
371.611634 0.70
371.670637 0.70
371.729916 0.70
371.799637 0.70
371.845840 0.70
371.907519 0.70
371.961513 0.70
372.015515 0.70
372.079515 0.70
372.143513 0.70
372.207391 0.69
372.271516 0.70
372.335640 0.70
372.394524 0.70
372.453800 0.70
372.523821 0.70
372.588808 0.70
372.653394 0.70
372.717520 0.70
372.781812 0.70
372.851396 0.70
372.915533 0.69
372.970027 0.70
373.024023 0.70
373.079897 0.70
373.143896 0.70
373.207914 0.70
373.268404 0.70
373.332522 0.70
373.388154 0.70
373.447526 0.70
373.501812 0.70
373.565651 0.69
373.629806 0.70
373.695410 0.70
373.759277 0.70
373.823402 0.70
373.883652 0.70
373.948528 0.70
374.007977 0.70
374.067531 0.70
374.126814 0.70
374.188160 0.70
374.247958 0.70
374.303407 0.70
374.354656 0.70
374.420195 0.70
374.480656 0.70
374.546406 0.70
374.606531 0.70
374.665407 0.70
374.734532 0.70
374.793817 0.69
374.858541 0.70
374.908825 0.70
374.973540 0.70
375.032536 0.70
375.096819 0.70
375.166107 0.70
375.235536 0.70
375.294980 0.70
375.356290 0.70
375.415665 0.70
375.485298 0.70
375.544967 0.70
375.606300 0.70
375.670666 0.70
375.735180 0.70
375.804554 0.70
375.874309 0.70
375.938543 0.70
375.992417 0.70
376.051829 0.70
376.116193 0.70
376.180671 0.70
376.250302 0.70
376.309421 0.70
376.368830 0.70
376.429188 0.70
376.498825 0.70
376.559328 0.70
376.613846 0.70
376.683425 0.70
376.742548 0.70
376.807555 0.70
376.872437 0.70
376.942552 0.71
376.992552 0.70
377.047551 0.70
377.102562 0.70
377.157676 0.70
377.232555 0.70
377.287553 0.70
377.346678 0.70
377.412092 0.70
377.472554 0.70
377.531690 0.70
377.597083 0.70
377.656685 0.70
377.731683 0.70
377.806323 0.70
377.876688 0.70
377.946693 0.70
378.016326 0.70
378.075435 0.70
378.139558 0.70
378.200558 0.70
378.259682 0.70
378.328960 0.70
378.389558 0.70
378.444684 0.70
378.505200 0.70
378.564201 0.70
378.633436 0.69
378.687084 0.70
378.756688 0.70
378.821440 0.70
378.875080 0.70
378.940971 0.70
379.005216 0.69
379.064208 0.70
379.133860 0.70
379.187567 0.70
379.262194 0.69
379.321452 0.70
379.386447 0.70
379.440453 0.70
379.510445 0.70
379.564446 0.70
379.618084 0.69
379.687945 0.70
379.757087 0.69
379.820960 0.70
379.890211 0.70
379.954090 0.70
380.023695 0.70
380.093451 0.70
380.147216 0.70
380.211215 0.70
380.270091 0.70
380.329578 0.70
380.388224 0.70
380.447702 0.70
380.517586 0.70
380.587706 0.70
380.657833 0.70
380.715466 0.70
380.774456 0.69
380.838458 0.70
380.902705 0.70
380.958463 0.70
381.025218 0.70
381.084836 0.69
381.156468 0.70
381.223211 0.70
381.282589 0.70
381.352461 0.70
381.413714 0.70
381.473468 0.70
381.540106 0.70
381.599594 0.70
381.659339 0.70
381.709482 0.70
381.779339 0.70
381.829593 0.70
381.898863 0.70
381.973461 0.70
382.039104 0.70
382.108337 0.70
382.163353 0.70
382.216840 0.70
382.273355 0.70
382.331993 0.70
382.395839 0.70
382.460013 0.70
382.518840 0.70
382.582840 0.70
382.657035 0.70
382.715842 0.70
382.781342 0.70
382.839842 0.70
382.908998 0.70
382.968112 0.70
383.031844 0.70
383.100847 0.70
383.170241 0.70
383.229472 0.70
383.303847 0.70
383.378238 0.70
383.434353 0.70
383.504122 0.70
383.563239 0.70
383.628038 0.70
383.694601 0.70
383.764352 0.70
383.824916 0.70
383.884604 0.70
383.940355 0.70
384.010479 0.70
384.068131 0.69
384.122605 0.70
384.181982 0.70
384.246363 0.70
384.313023 0.70
384.377609 0.70
384.447132 0.70
384.502608 0.69
384.572368 0.70
384.644022 0.70
384.703615 0.70
384.759611 0.70
384.824361 0.70
384.890025 0.70
384.949016 0.70
385.008266 0.70
385.068739 0.70
385.139013 0.70
385.198614 0.70
385.258133 0.70
385.317024 0.70
385.376020 0.70
385.435133 0.70
385.488891 0.70
385.553005 0.70
385.611890 0.70
385.681363 0.70
385.740494 0.70
385.794492 0.70
385.848143 0.69
385.902134 0.70
385.956145 0.70
386.021032 0.70
386.085624 0.70
386.149899 0.70
386.214625 0.71
386.281275 0.70
386.351138 0.70
386.410010 0.70
386.468749 0.70
386.533498 0.70
386.603146 0.70
386.667623 0.69
386.723385 0.70
386.798372 0.70
386.862900 0.70
386.922507 0.70
386.982165 0.70
387.043507 0.70
387.102878 0.70
387.162512 0.70
387.221883 0.70
387.281383 0.70
387.342256 0.70
387.403170 0.70
387.469769 0.70
387.530682 0.70
387.584382 0.70
387.644896 0.70
387.704380 0.70
387.775630 0.71
387.839883