0.000000 0.000000
0.047235 42.78
0.114014 42.78
0.184117 42.78
0.247599 42.22
0.321348 42.22
0.374597 42.22
0.448349 42.22
0.501599 42.22
0.570349 42.22
0.623600 42.22
0.697515 42.22
0.762861 42.22
0.838614 42.22
0.895029 42.22
0.955155 41.67
1.014608 42.22
1.079106 42.22
1.137855 42.22
1.203605 42.22
1.272730 42.22
1.336607 42.22
1.402928 42.22
1.458614 42.22
1.513141 42.22
1.572485 42.22
1.641609 42.22
1.710609 42.22
1.774610 42.22
1.833611 42.22
1.892610 42.22
1.951610 42.22
2.010612 41.67
2.069500 41.67
2.133501 42.22
2.197501 41.67
2.261505 41.67
2.325614 41.67
2.384505 41.67
2.448614 41.67
2.507616 41.67
2.566505 41.67
2.630617 41.67
2.689617 41.67
2.748505 41.67
2.807493 41.67
2.871510 41.67
2.935619 41.67
2.994620 41.67
3.053511 41.67
3.117509 41.67
3.176509 41.67
3.240512 41.67
3.304510 41.67
3.368511 41.67
3.437513 41.67
3.501515 41.67
3.565515 41.67
3.624514 41.67
3.688514 41.67
3.752516 41.67
3.816518 41.67
3.880518 41.67
3.939518 41.67
4.003517 41.67
4.067520 41.67
4.131517 41.67
4.195519 41.67
4.254519 41.67
4.318519 41.67
4.382523 41.67
4.446523 41.67
4.510632 41.67
4.569632 41.67
4.623274 41.67
4.672633 41.67
4.726272 41.67
4.776884 41.67
4.835509 41.67
4.895767 41.67
4.941276 41.67
4.991886 41.67
5.050511 41.67
5.114402 41.67
5.178403 41.67
5.242404 41.67
5.306403 41.67
5.370404 41.67
5.439404 41.67
5.508405 41.67
5.577157 41.67
5.630891 41.67
5.699891 41.67
5.758767 41.67
5.822767 41.67
5.886768 41.67
5.955518 41.67
6.014407 41.67
6.083410 41.67
6.147409 41.67
6.221162 41.67
6.274771 41.67
6.338772 41.67
6.402771 41.67
6.466772 41.67
6.530773 41.67
6.601175 41.67
6.654773 41.67
6.718774 41.67
6.782775 41.67
6.853176 41.67
6.907901 41.67
6.976901 41.67
7.035777 41.67
7.099652 41.67
7.152680 41.67
7.198419 41.67
7.262294 41.67
7.336421 41.67
7.400421 41.67
7.460680 41.67
7.506422 41.67
7.570173 41.67
7.623656 41.67
7.687532 41.67
7.741182 41.67
7.797060 41.67
7.846659 41.67
7.910426 41.67
7.979176 41.67
8.035035 41.67
8.091036 41.67
8.147037 41.67
8.203037 41.67
8.259037 41.67
8.315038 41.67
8.371038 41.67
8.427039 41.67
8.483040 41.67
8.539039 41.67
8.595040 41.67
8.660067 41.67
8.713541 41.67
8.777042 41.67
8.833043 41.67
8.902181 41.67
8.971181 41.67
9.045061 41.67
9.109183 41.67
9.183046 41.67
9.257185 41.67
9.331046 41.67
9.405047 41.67
9.479047 41.67
9.548047 41.67
9.603048 41.67
9.656315 41.67
9.730049 41.67
9.784924 41.67
9.844925 41.67
9.899926 41.67
9.954925 41.67
10.009926 41.67
10.064926 41.67
10.119927 41.67
10.174927 41.67
10.233445 41.67
10.288330 41.67
10.347053 41.67
10.410204 41.67
10.479055 41.67
10.529680 41.67
10.598556 41.67
10.672446 41.67
10.731057 41.67
10.789447 41.67
10.852941 41.67
10.929940 41.67
10.989059 41.67
11.039684 41.67
11.108450 41.67
11.171939 41.67
11.227939 41.67
11.283941 41.67
11.339941 41.67
11.395941 41.67
11.451941 41.67
11.520942 41.67
11.586089 41.67
11.649212 41.67
11.717946 41.67
11.786945 41.67
11.855945 41.67
11.924945 41.67
11.993952 41.67
12.066218 41.67
12.139945 41.67
12.204092 41.67
12.272945 41.67
12.336949 41.67
12.405946 41.67
12.469949 41.67
12.538947 41.67
12.607948 41.67
12.672098 41.67
12.735951 41.67
12.799949 41.67
12.863950 41.67
12.928101 41.67
12.983102 41.67
13.046983 41.67
13.111102 41.67
13.166101 41.67
13.229981 41.67
13.293980 41.67
13.353101 41.67
13.416983 41.67
13.480981 41.67
13.544983 41.67
13.608983 41.67
13.664345 41.67
13.722983 41.67
13.787107 41.67
13.850959 41.67
13.914958 41.67
13.978959 41.67
14.042960 41.67
14.106961 41.67
14.170964 41.67
14.234962 41.67
14.299109 41.67
14.362963 41.67
14.427113 41.67
14.490963 41.67
14.545964 41.67
14.609965 41.67
14.679479 41.67
14.743589 41.67
14.817966 41.67
14.881967 41.67
14.945967 41.67
15.015482 41.67
15.079592 41.67
15.138482 41.67
15.202483 41.67
15.266484 41.67
15.330484 41.67
15.394594 41.67
15.453485 41.67
15.517483 41.67
15.581485 41.67
15.645487 41.67
15.709597 41.67
15.768486 41.67
15.832489 41.67
15.891237 41.67
15.949975 41.67
16.015099 41.67
16.080351 41.67
16.135351 41.67
16.190351 41.67
16.245352 41.67
16.299850 41.67
16.349226 41.67
16.409354 41.67
16.464354 41.67
16.509852 41.67
16.559228 41.67
16.619355 41.67
16.664854 41.67
16.723229 41.67
16.786730 41.67
16.839981 41.67
16.913730 41.67
16.966981 41.67
17.040732 41.67
17.093984 41.67
17.167733 41.67
17.220985 41.67
17.294734 41.67
17.347986 41.67
17.421735 41.67
17.474986 41.67
17.548735 41.67
17.601988 41.67
17.675737 41.67
17.728989 41.67
17.802738 41.67
17.855990 41.67
17.929739 41.67
17.982991 41.67
18.056740 41.67
18.109992 41.67
18.183741 41.67
18.238617 41.67
18.296994 41.67
18.370743 41.67
18.425617 41.67
18.483995 41.67
18.557744 41.67
18.612619 41.67
18.672620 41.67
18.732620 41.67
18.792621 41.67
18.852622 41.67
18.905872 41.67
18.976249 41.67
19.030748 41.67
19.085623 41.67
19.138873 41.67
19.209251 41.67
19.263750 41.67
19.322125 41.67
19.382252 41.67
19.427751 41.67
19.478376 41.67
19.541877 41.67
19.612254 41.67
19.657753 41.67
19.708379 41.11
19.771878 41.67
19.845629 41.67
19.898880 41.67
19.972630 41.67
20.025881 41.67
20.099631 41.11
20.152882 41.67
20.226632 41.67
20.279883 41.67
20.353633 41.67
20.406883 41.67
20.480634 41.67
20.533884 41.67
20.607636 41.11
20.660886 41.11
20.734637 41.67
20.787887 41.11
20.861638 41.67
20.914888 41.11
20.988639 41.11
21.043515 41.11
21.103654 41.11
21.167641 41.11
21.238167 41.11
21.296892 41.11
21.355643 41.11
21.424643 41.11
21.495170 41.11
21.553894 41.11
21.612644 41.11
21.686646 41.11
21.750646 41.11
21.819646 41.11
21.883646 41.11
21.957648 41.11
22.031648 41.11
22.095773 41.11
22.159648 41.11
22.228649 41.11
22.302775 41.11
22.376775 41.11
22.450777 41.11
22.524652 41.11
22.598653 41.11
22.662778 41.11
22.736778 41.11
22.810654 41.11
22.884780 41.11
22.953655 41.11
23.022656 41.11
23.096781 41.11
23.170782 41.11
23.234657 41.11
23.308658 41.11
23.382659 41.11
23.456659 41.11
23.530785 41.11
23.594660 41.11
23.668786 41.11
23.732661 41.11
23.806662 41.11
23.880788 41.11
23.954663 41.11
24.028664 41.11
24.098066 41.11
24.172055 41.11
24.237666 41.11
24.292665 41.11
24.356541 41.11
24.422070 41.11
24.480793 41.11
24.541071 41.11
24.599793 41.11
24.660070 41.11
24.718794 41.11
24.782544 41.11
24.846545 41.11
24.910546 41.11
24.979671 41.11
25.048547 41.11
25.112672 41.11
25.186564 41.11
25.260674 41.11
25.329550 41.11
25.403675 41.11
25.467550 41.11
25.536551 41.11
25.605552 41.11
25.674552 41.11
25.748678 41.11
25.817553 41.11
25.886554 41.11
25.955554 41.11
26.029555 41.11
26.103556 41.11
26.172556 41.11
26.246571 41.11
26.320433 41.11
26.375432 41.11
26.430433 41.11
26.483683 41.11
26.557433 41.11
26.612434 41.11
26.667310 41.11
26.727310 41.11
26.787310 41.11
26.847311 41.11
26.907311 41.11
26.970940 41.11
27.022313 41.11
27.082313 41.11
27.140813 41.11
27.209439 41.11
27.267814 41.11
27.331440 41.11
27.380815 41.11
27.440944 41.11
27.499441 41.11
27.548816 41.11
27.608944 41.11
27.667443 41.11
27.718068 41.11
27.781568 41.11
27.851946 41.11
27.897444 41.11
27.948070 41.11
28.011570 41.11
28.080446 41.11
28.131071 41.11
28.194572 41.11
28.268323 41.11
28.321573 41.11
28.395324 41.11
28.448573 41.11
28.522325 41.11
28.575574 41.11
28.649326 41.11
28.702576 41.11
28.776326 41.11
28.829577 41.11
28.903327 41.11
28.956578 41.11
29.025329 41.11
29.078578 41.11
29.152330 41.11
29.205580 41.11
29.279330 41.11
29.332581 41.11
29.406331 41.11
29.459582 41.11
29.533333 41.11
29.588209 41.11
29.651834 41.11
29.701584 41.11
29.775334 41.11
29.830210 41.11
29.890211 41.11
29.950211 41.11
30.003462 41.11
30.073839 41.11
30.137337 41.11
30.186713 41.11
30.241840 41.11
30.287339 41.11
30.336714 41.11
30.396842 41.11
30.442340 41.11
30.497216 41.11
30.550466 41.11
30.620843 41.11
30.666341 41.11
30.716968 41.11
30.780468 41.11
30.854219 41.11
30.907468 41.11
30.981220 41.11
31.039720 41.11
31.103220 41.11
31.156471 41.11
31.230221 41.11
31.283471 41.11
31.357223 41.11
31.410472 41.11
31.484224 41.11
31.537474 41.11
31.611226 41.11
31.669725 41.11
31.733225 41.11
31.786476 41.11
31.860227 41.11
31.913476 41.11
31.987228 41.11
32.042229 41.11
32.095480 41.11
32.169229 41.11
32.222480 41.11
32.296231 41.11
32.351106 41.11
32.409480 41.11
32.483231 41.11
32.538107 41.11
32.598108 41.11
32.658108 41.11
32.718108 41.11
32.778110 41.11
32.831359 41.11
32.896485 41.11
32.961736 41.11
33.012361 41.11
33.082738 41.11
33.137738 41.11
33.192237 41.11
33.242862 41.11
33.306363 41.11
33.376740 41.11
33.422239 41.11
33.471614 41.11
33.531741 41.11
33.577240 41.11
33.627866 41.11
33.691366 41.11
33.765117 41.11
33.818367 41.11
33.892118 41.11
33.945368 41.11
34.019119 41.11
34.072369 41.11
34.146120 41.11
34.199371 41.11
34.273120 41.11
34.336745 41.11
34.405371 41.11
34.479123 41.11
34.532373 41.11
34.606123 41.11
34.659374 41.11
34.733124 41.11
34.786375 41.11
34.860125 41.11
34.913376 41.11
34.987127 41.11
35.052502 41.11
35.121128 41.11
35.174378 41.11
35.248129 41.11
35.301379 41.11
35.375130 41.11
35.428380 41.11
35.502131 41.11
35.557007 41.11
35.617007 41.11
35.677007 41.11
35.740507 41.11
35.809133 41.11
35.864010 41.11
35.917259 41.11
35.987635 41.11
36.033135 41.11
36.082510 41.11
36.142637 41.11
36.188136 41.11
36.246512 41.11
36.306638 41.11
36.352137 41.11
36.422639 41.11
36.468139 41.11
36.518764 41.11
36.582264 41.11
36.656015 41.11
36.709265 41.11
36.783017 41.11
36.836266 41.11
36.910018 41.11
36.963267 41.11
37.037019 41.11
37.090268 41.11
37.164021 41.11
37.217270 41.11
37.291021 41.11
37.344271 41.11
37.418025 41.11
37.481646 41.11
37.550272 41.11
37.624024 41.11
37.677274 41.11
37.751025 41.11
37.804275 41.11
37.878026 41.11
37.931275 41.11
38.005027 41.11
38.058276 41.11
38.132031 41.11
38.197278 41.11
38.271030 41.11
38.325904 41.11
38.385904 41.11
38.439155 41.11
38.509531 41.11
38.573034 41.11
38.643533 41.11
38.698533 41.11
38.753533 41.11
38.808034 41.11
38.862907 41.11
38.916159 41.11
38.986535 41.11
39.032036 41.11
39.090410 41.11
39.153910 41.11
39.207160 41.11
39.280911 41.11
39.334162 41.11
39.399539 41.11
39.445039 41.11
39.495663 41.11
39.559163 41.11
39.632914 41.11
39.686164 41.11
39.759915 41.11
39.813165 41.11
39.886916 41.11
39.940167 41.11
40.013916 41.11
40.067168 41.11
40.140917 41.11
40.194169 41.11
40.267919 41.11
40.321169 41.11
40.389920 41.11
40.443171 41.11
40.516920 41.11
40.570172 41.11
40.643921 41.11
40.698922 41.11
40.753798 41.11
40.812174 41.11
40.885924 41.11
40.940800 41.11
41.000800 41.11
41.060800 41.11
41.120801 41.11
41.184427 41.11
41.235802 41.11
41.295802 41.11
41.349053 41.11
41.419430 41.11
41.482935 41.11
41.537804 41.11
41.591055 41.11
41.661432 41.11
41.716433 41.11
41.761937 41.11
41.812558 41.11
41.876057 41.11
41.946435 41.11
41.991938 41.11
42.042558 41.11
42.106059 41.11
42.178088 41.11
42.236940 41.11
42.295941 41.11
42.360089 41.11
42.418942 41.11
42.482943 41.11
42.546943 41.11
42.619564 41.11
42.683455 41.11
42.747456 41.11
42.811454 41.11
42.883945 41.11
42.942945 41.11
43.007093 41.11
43.070945 41.11
43.134946 41.11
43.202459 41.11
43.266461 41.11
43.330459 41.11
43.394570 41.11
43.448461 41.11
43.524322 41.11
43.582947 41.11
43.646948 41.11
43.710951 41.11
43.764823 41.11
43.823464 41.11
43.887465 41.11
43.947466 41.11
44.010951 41.11
44.069826 41.11
44.128468 41.11
44.188465 41.11
44.247216 41.11
44.300827 41.11
44.359469 41.11
44.423578 41.11
44.478454 41.11
44.538454 41.11
44.612704 41.11
44.663455 41.11
44.727469 41.11
44.791471 41.11
44.847457 41.11
44.911473 41.11
44.967457 41.11
45.036708 41.11
45.087459 41.11
45.151225 41.11
45.200834 41.11
45.256834 41.11
45.307585 41.11
45.362461 41.11
45.426477 41.11
45.500837 41.11
45.566837 41.11
45.632114 41.11
45.690839 41.11
45.754465 41.11
45.820116 41.11
45.883967 41.11
45.947840 41.11
46.013117 41.11
46.066841 41.11
46.132118 41.11
46.190717 41.11
46.251245 41.11
46.318346 41.11
46.381844 41.11
46.452221 41.11
46.510845 41.11
46.581223 41.11
46.639846 41.11
46.698847 41.11
46.772723 41.11
46.826238 41.11
46.894848 41.11
46.968599 41.11
47.018239 41.11
47.087124 41.11
47.145725 41.11
47.200491 41.11
47.259127 41.11
47.317727 41.11
47.373852 41.11
47.447728 41.11
47.498492 41.11
47.562130 41.11
47.620729 41.11
47.684730 41.11
47.735496 41.11
47.794106 41.11
47.852731 41.11
47.922183 41.11
47.985279 41.11
48.045735 41.11
48.109859 41.11
48.173859 41.11
48.233389 41.11
48.303378 41.11
48.382862 41.11
48.452504 41.67
48.516866 41.67
48.570865 41.67
48.635020 41.67
48.695613 41.67
48.769614 41.67
48.830398 41.67
48.899741 41.67
48.963741 41.67
49.027866 41.67
49.086868 41.67
49.145867 41.67
49.204867 41.67
49.273618 41.67
49.347744 41.67
49.417750 41.67
49.482160 41.67
49.551871 41.67
49.610496 41.67
49.679876 41.67
49.738874 41.67
49.797873 41.67
49.856623 41.67
49.925748 41.67
49.985403 41.67
50.050397 41.67
50.119877 41.67
50.178876 41.67
50.237751 41.67
50.302145 41.67
50.366395 41.67
50.430753 41.67
50.495147 42.22
50.564399 42.22
50.629881 42.22
50.689160 42.22
50.763755 42.22
50.818756 42.22
50.883152 42.22
50.947147 42.22
51.026882 42.22
51.085632 42.22
51.149887 42.22
51.208760 42.22
51.274635 42.22
51.348760 42.22
51.413416 42.22
51.478412 42.22
51.548051 42.22
51.612404 42.22
51.667512 42.22
51.731767 42.22
51.790766 42.22
51.855406 42.22
51.914406 42.22
51.973169 42.78
52.042894 42.78
52.096643 42.78
52.160892 42.78
52.224892 42.78
52.283767 42.78
52.334167 42.78
52.403774 42.78
52.458166 42.78
52.517299 42.78
52.582300 42.78
52.637907 42.78
52.695035 42.78
52.770660 42.78
52.841037 42.78
52.916654 42.78
52.976153 42.78
53.036777 42.78
53.090651 42.78
53.145778 42.78
53.209651 42.78
53.268903 42.78
53.329192 42.78
53.388030 42.78
53.462779 42.78
53.516652 42.78
53.585527 42.78
53.649530 42.78
53.718530 43.33
53.787779 43.33
53.851655 43.33
53.911082 43.33
53.974781 43.33
54.043657 43.33
54.107532 43.33
54.171782 43.33
54.235410 43.33
54.299668 43.33
54.368909 43.33
54.430788 43.33
54.489660 43.33
54.553786 43.33
54.622536 43.33
54.691178 43.33
54.751561 43.33
54.815538 43.33
54.884538 43.33
54.950417 43.33
55.019664 43.33
55.088798 43.33
55.143795 43.33
55.199073 43.33
55.257542 43.33
55.316667 43.33
55.366798 43.33
55.426050 43.33
55.490044 43.33
55.553669 43.33
55.603544 43.33
55.667545 43.33
55.732944 43.33
55.798961 43.33
55.867920 43.33
55.942550 43.33
56.002953 43.33
56.061548 43.33
56.130438 43.33
56.184924 43.33
56.253926 43.33
56.317550 43.33
56.382060 43.33
56.445550 43.33
56.519301 43.33
56.572570 43.33
56.646305 43.33
56.705053 43.33
56.768559 43.33
56.832806 43.33
56.896555 43.33
56.960938 43.33
57.034805 43.33
57.084814 43.33
57.154558 43.33
57.219118 43.33
57.275681 43.33
57.339308 43.33
57.392558 43.33
57.461309 43.33
57.516434 43.33
57.580436 43.33
57.645684 43.33
57.714435 43.33
57.779561 43.33
57.853312 43.33
57.908187 43.33
57.968187 43.33
58.031687 43.33
58.095452 43.33
58.159454 43.33
58.219841 42.78
58.274456 42.78
58.338454 42.78
58.402457 42.78
58.467821 42.78
58.526322 42.78
58.576949 42.78
58.640446 42.78
58.710826 42.78
58.756322 42.78
58.812337 42.78
58.876320 42.78
58.926952 42.78
58.980446 42.78
59.044460 42.78
59.108210 42.78
59.172455 42.78
59.242577 42.78
59.301218 42.78
59.370450 42.78
59.434466 42.78
59.498468 42.78
59.557957 42.78
59.626828 42.78
59.690989 42.78
59.754827 42.78
59.818702 42.78
59.882214 42.78
59.940584 42.78
60.009206 42.78
60.064206 42.78
60.119208 42.78
60.174208 42.78
60.227458 42.78
60.293483 42.78
60.352962 42.78
60.406834 42.78
60.470833 42.78
60.534834 42.78
60.598834 42.78
60.661218 42.78
60.720464 42.78
60.779355 42.78
60.839587 42.22
60.893228 42.78
60.963721 42.78
61.015087 42.78
61.068713 42.22
61.137841 42.78
61.191482 42.78
61.260230 42.78
61.310840 42.78
61.374590 42.78
61.441591 42.78
61.505376 42.78
61.564233 42.22
61.633248 42.78
61.702235 42.78
61.766219 42.22
61.840121 42.22
61.893721 42.22
61.962720 42.22
62.031721 42.22
62.090363 42.78
62.164111 42.22
62.228242 42.22
62.302125 42.22
62.355368 42.22
62.429127 42.22
62.493241 42.22
62.567121 42.22
62.631736 42.22
62.695357 42.22
62.769230 42.22
62.834482 42.22
62.903106 42.22
62.962028 42.22
63.027370 42.22
63.096370 42.22
63.160246 42.22
63.232245 42.22
63.297496 42.22
63.361109 42.22
63.415985 42.22
63.475987 42.22
63.535987 42.22
63.595988 42.22
63.655988 42.22
63.708642 42.22
63.754110 42.22
63.806640 42.22
63.852127 42.22
63.902735 42.22
63.966253 42.22
64.036630 42.22
64.082130 42.22
64.147642 42.22
64.193379 42.22
64.258641 42.22
64.304381 42.22
64.373017 42.22
64.433622 42.22
64.479365 42.22
64.547992 42.22
64.601491 42.22
64.655116 42.22
64.725623 42.22
64.795118 42.22
64.863995 42.22
64.917494 42.22
64.971119 42.22
65.040025 42.22
65.114077 42.22
65.183140 42.22
65.257026 42.22
65.321121 42.22
65.390149 42.22
65.464141 42.22
65.530032 42.22
65.594140 42.22
65.668030 42.22
65.742028 42.22
65.795501 42.22
65.856285 42.22
65.915883 42.22
65.980007 42.22
66.035035 42.22
66.104033 42.22
66.178032 42.22
66.249561 42.22
66.303510 42.22
66.353508 42.22
66.403633 42.22
66.473881 42.22
66.527507 42.22
66.577646 42.22
66.643887 42.22
66.697510 42.22
66.761509 42.22
66.830510 42.22
66.894510 42.22
66.969197 42.22
67.033513 42.22
67.097512 42.22
67.162887 42.22
67.215542 42.22
67.261159 42.22
67.320430 42.22
67.382553 42.22
67.428159 42.22
67.492046 42.22
67.561046 42.22
67.635045 42.22
67.699042 42.22
67.768047 42.22
67.832044 42.22
67.901048 42.22
67.970043 42.22
68.039171 42.22
68.098395 42.22
68.173165 42.22
68.237022 42.22
68.306049 42.22
68.366897 42.22
68.431321 42.22
68.490151 42.22
68.563901 42.22
68.618904 42.22
68.673902 42.22
68.728903 42.22
68.783902 42.22
68.838900 42.22
68.907901 42.22
68.976901 42.22
69.040901 42.22
69.105056 42.22
69.169164 42.22
69.232659 42.22
69.297782 42.22
69.351033 42.22
69.421410 42.22
69.476412 42.22
69.531483 42.22
69.596075 42.22
69.651192 42.22
69.700909 42.22
69.760064 42.22
69.824064 42.22
69.888065 42.22
69.958311 42.22
70.013539 42.22
70.073663 42.22
70.124537 42.22
70.183537 42.22
70.239662 42.22
70.299916 42.22
70.354915 42.22
70.419040 42.22
70.482914 42.22
70.546915 42.22
70.605915 42.22
70.670041 42.22
70.733916 42.22
70.797916 42.22
70.861917 42.22
70.925917 42.22
70.989918 42.22
71.054071 42.22
71.112919 42.22
71.176920 42.22
71.235920 42.22
71.301188 42.22
71.360046 42.22
71.423796 42.22
71.478797 42.22
71.542922 42.22
71.611923 42.22
71.675798 42.22
71.731330 42.22
71.789924 42.22
71.858800 42.22
71.917192 42.22
71.985801 42.22
72.044302 42.22
72.113180 42.22
72.171938 42.22
72.242332 42.22
72.291803 42.22
72.360804 42.22
72.415429 42.22
72.479205 42.22
72.542805 42.22
72.592196 42.22
72.655806 42.22
72.706431 42.22
72.770209 42.22
72.824106 42.22
72.882938 42.22
72.956683 42.22
73.010088 42.22
73.068938 42.22
73.137685 42.22
73.192453 42.22
73.255940 42.22
73.310812 42.22
73.384940 42.22
73.448812 42.22
73.522689 42.22
73.581454 42.22
73.660945 42.22
73.724815 42.22
73.788816 42.22
73.854191 42.22
73.912817 42.22
73.981458 42.22
74.055818 42.22
74.119818 42.22
74.181380 42.22
74.235213 42.22
74.300820 42.22
74.371350 42.22
74.435098 42.22
74.498696 42.22
74.553571 42.22
74.618949 42.22
74.682698 42.22
74.736198 42.22
74.803206 42.22
74.863701 42.22
74.932825 42.22
75.003231 42.22
75.067216 42.22
75.141078 42.22
75.196232 42.22
75.260327 42.22
75.316342 42.22
75.379827 42.22
75.434704 42.22
75.484079 42.22
75.533829 42.22
75.592830 42.22
75.653123 42.22
75.702990 42.22
75.766835 42.22
75.830980 42.22
75.880708 42.22
75.944832 42.22
76.001716 42.22
76.068222 42.22
76.138843 42.22
76.208016 42.22
76.261712 42.22
76.326136 42.22
76.391586 42.22
76.451587 42.22
76.516092 42.22
76.574851 42.22
76.633839 42.22
76.698104 42.22
76.759994 42.22
76.823841 42.22
76.884590 42.22
76.948841 42.22
77.017595 42.22
77.087026 42.22
77.141842 42.22
77.200718 42.22
77.265366 42.22
77.318845 42.22
77.372720 42.22
77.431847 42.22
77.490721 42.22
77.554596 42.22
77.609471 42.22
77.668722 42.22
77.737722 42.22
77.796847 42.22
77.852105 42.22
77.910724 42.22
77.979850 42.22
78.043600 42.22
78.107729 42.22
78.176865 42.22
78.241366 42.22
78.300005 42.22
78.345857 42.22
78.405359 42.22
78.479607 42.22
78.548605 42.22
78.622485 42.22
78.686605 42.22
78.737370 42.22
78.795731 42.22
78.859856 42.22
78.924107 42.22
78.987731 42.22
79.056608 42.22
79.130484 42.22
79.204609 42.22
79.278484 42.22
79.343735 42.22
79.407739 42.22
79.476737 42.22
79.545612 42.22
79.611612 42.22
79.685738 42.22
79.751506 42.22
79.815615 42.22
79.889743 42.22
79.958744 42.22
80.028116 42.22
80.096740 42.22
80.165617 42.22
80.239618 42.22
80.299873 42.22
80.358494 42.22
80.427494 42.22