0.000000 0.000000
0.090531 0.86
0.150280 0.87
0.215150 0.87
0.274272 0.87
0.333020 0.87
0.401882 0.88
0.476034 0.87
0.545034 0.87
0.614035 0.87
0.683035 0.88
0.753284 0.87
0.818430 0.87
0.904157 0.88
0.969285 0.87
1.030044 0.87
1.085280 0.87
1.143888 0.87
1.217771 0.87
1.295277 0.87
1.353771 0.88
1.418530 0.80
1.478284 0.79
1.538778 0.78
1.616283 0.78
1.674774 0.78
1.743893 0.79
1.812919 0.79
1.871772 0.79
1.941045 0.79
1.999774 0.78
2.063922 0.79
2.128047 0.78
2.186922 0.79
2.256048 0.79
2.320049 0.79
2.384050 0.79
2.448048 0.79
2.520523 0.78
2.579399 0.79
2.657050 0.79
2.721049 0.79
2.793525 0.79
2.852401 0.79
2.930052 0.79
2.994054 0.79
3.052930 0.79
3.122054 0.79
3.180930 0.79
3.239816 0.79
3.300056 0.79
3.363931 0.79
3.432932 0.78
3.496818 0.79
3.555813 0.79
3.614814 0.78
3.673813 0.78
3.732933 0.78
3.791934 0.79
3.850814 0.79
3.909817 0.78
3.968817 0.79
4.027819 0.78
4.086818 0.78
4.145818 0.79
4.204804 0.78
4.263937 0.79
4.322789 0.79
4.391664 0.79
4.460790 0.78
4.524790 0.79
4.588791 0.79
4.652791 0.78
4.716794 0.78
4.775793 0.78
4.839793 0.79
4.903793 0.79
4.967794 0.79
5.031797 0.78
5.090795 0.79
5.154796 0.79
5.218796 0.78
5.282796 0.79
5.346800 0.79
5.405797 0.78
5.469798 0.78
5.533799 0.78
5.602799 0.79
5.666799 0.79
5.730800 0.79
5.794803 0.79
5.853801 0.79
5.917828 0.79
5.976831 0.79
6.031951 0.78
6.095806 0.79
6.150954 0.80
6.209955 0.79
6.273804 0.79
6.337805 0.79
6.392430 0.80
6.456069 0.79
6.509556 0.79
6.561958 0.78
6.612558 0.79
6.676074 0.78
6.734558 0.79
6.786957 0.79
6.846559 0.78
6.905075 0.78
6.963559 0.79
7.034077 0.78
7.092560 0.78
7.163212 0.79
7.227326 0.78
7.276964 0.79
7.335813 0.78
7.390563 0.78
7.455438 0.79
7.519206 0.79
7.588077 0.79
7.646564 0.79
7.710332 0.78
7.779083 0.78
7.832691 0.79
7.901567 0.78
7.975943 0.79
8.039568 0.79
8.108694 0.78
8.167694 0.79
8.236569 0.79
8.300335 0.78
8.369070 0.79
8.424212 0.79
8.482851 0.78
8.539597 0.78
8.593216 0.79
8.658448 0.78
8.713699 0.79
8.782449 0.79
8.837700 0.78
8.906575 0.79
8.966342 0.79
9.016342 0.79
9.085089 0.79
9.141468 0.79
9.192842 0.79
9.251453 0.79
9.307844 0.79
9.366579 0.79
9.413844 0.79
9.477580 0.78
9.538471 0.78
9.585845 0.78
9.644456 0.78
9.696848 0.79
9.755456 0.79
9.807847 0.79
9.871457 0.79
9.923849 0.79
9.987584 0.79
10.056709 0.79
10.112460 0.79
10.168460 0.79
10.237710 0.79
10.301711 0.79
10.370462 0.79
10.435587 0.79
10.504462 0.78
10.578464 0.79
10.652714 0.79
10.721465 0.79
10.795465 0.79
10.869466 0.79
10.938591 0.78
11.007716 0.78
11.071467 0.78
11.145468 0.79
11.219469 0.79
11.288719 0.79
11.357469 0.79
11.431470 0.79
11.505471 0.78
11.579472 0.78
11.643473 0.78
11.707472 0.78
11.771473 0.78
11.835473 0.79
11.899474 0.79
11.963474 0.78
12.027475 0.79
12.091475 0.78
12.155476 0.79
12.219727 0.78
12.278477 0.78
12.342478 0.78
12.406478 0.79
12.470479 0.79
12.534479 0.79
12.598605 0.79
12.662480 0.78
12.726480 0.78
12.790481 0.78
12.854607 0.79
12.918483 0.79
12.978732 0.78
13.037608 0.79
13.101484 0.78
13.165609 0.79
13.229484 0.79
13.293611 0.78
13.357485 0.79
13.421486 0.79
13.485487 0.78
13.549487 0.78
13.613488 0.78
13.677489 0.79
13.741613 0.78
13.805489 0.79
13.869615 0.79
13.933490 0.79
13.997741 0.78
14.056617 0.79
14.120491 0.79
14.184492 0.79
14.248493 0.78
14.317869 0.79
14.381869 0.79
14.441495 0.79
14.505495 0.78
14.569496 0.79
14.633496 0.79
14.702746 0.79
14.761497 0.79
14.816622 0.79
14.867250 0.78
14.926023 0.79
14.979499 0.79
15.043624 0.78
15.098252 0.78
15.156876 0.79
15.218254 0.79
15.276877 0.79
15.338255 0.79
15.396878 0.79
15.453255 0.78
15.513256 0.79
15.566879 0.79
15.628271 0.79
15.681881 0.79
15.756630 0.79
15.815506 0.78
15.871273 0.78
15.929881 0.79
15.988398 0.79
16.062398 0.79
16.127149 0.79
16.187509 0.79
16.247274 0.78
16.310885 0.79
16.369402 0.79
16.443400 0.79
16.520277 0.78
16.583761 0.79
16.642513 0.78
16.711405 0.79
16.769889 0.78
16.860639 0.78
16.924406 0.79
16.982773 0.79
17.056641 0.79
17.120406 0.79
17.178891 0.79
17.233892 0.79
17.288771 0.79
17.358284 0.79
17.427643 0.78
17.486519 0.79
17.550519 0.80
17.609645 0.79
17.664521 0.79
17.719520 0.78
17.791776 0.79
17.864648 0.78
17.919522 0.79
17.974522 0.80
18.033648 0.78
18.088523 0.79
18.143524 0.79
18.194525 0.79
18.258526 0.78
18.327158 0.79
18.378158 0.78
18.438178 0.79
18.489179 0.79
18.540158 0.79
18.591159 0.78
18.642159 0.79
18.702178 0.79
18.766296 0.79
18.840530 0.79
18.891182 0.78
18.949819 0.79
19.019170 0.79
19.088407 0.78
19.157032 0.79
19.225657 0.79
19.289158 0.79
19.352659 0.79
19.416160 0.79
19.479659 0.79
19.543160 0.78
19.606660 0.79
19.670161 0.79
19.733661 0.78
19.797162 0.79
19.860662 0.78
19.920662 0.78
19.984163 0.79
20.047663 0.79
20.107664 0.78
20.167665 0.79
20.227664 0.79
20.287666 0.79
20.347666 0.78
20.407667 0.78
20.467667 0.79
20.527667 0.79
20.587668 0.79
20.642544 0.78
20.706044 0.79
20.762295 0.79
20.816796 0.79
20.870045 0.79
20.926296 0.79
20.982047 0.78
21.045547 0.79
21.109047 0.79
21.165298 0.79
21.221050 0.79
21.284548 0.79
21.348050 0.79
21.411549 0.79
21.475051 0.78
21.538550 0.79
21.602051 0.79
21.665552 0.79
21.729052 0.79
21.792553 0.79
21.856053 0.78
21.919554 0.78
21.983054 0.79
22.046555 0.79
22.110055 0.79
22.173556 0.79
22.237057 0.79
22.300557 0.79
22.364058 0.79
22.427557 0.78
22.491059 0.79
22.554559 0.79
22.609559 0.79
22.673060 0.79
22.736560 0.79
22.800060 0.78
22.863561 0.78
22.927062 0.79
22.990563 0.79
23.050563 0.79
23.110563 0.79
23.174064 0.79
23.229065 0.80
23.292565 0.79
23.350941 0.79
23.411067 0.79
23.462191 0.78
23.517943 0.79
23.581442 0.79
23.644943 0.79
23.701194 0.78
23.755693 0.78
23.808944 0.79
23.861320 0.79
23.911946 0.78
23.975445 0.79
24.038946 0.79
24.091321 0.79
24.141948 0.79
24.205448 0.79
24.268948 0.79
24.332448 0.79
24.395949 0.79
24.459449 0.78
24.522950 0.78
24.586450 0.79
24.649951 0.79
24.713451 0.79
24.776952 0.78
24.840453 0.78
24.903953 0.79
24.967453 0.78
25.030954 0.79
25.094454 0.79
25.157955 0.79
25.221456 0.79
25.284956 0.79
25.348456 0.78
25.408581 0.78
25.473834 0.78
25.533958 0.79
25.597458 0.79
25.657459 0.79
25.717460 0.79
25.777460 0.79
25.837460 0.79
25.897460 0.79
25.957461 0.79
26.020962 0.78
26.080587 0.79
26.138963 0.79
26.198588 0.79
26.251840 0.79
26.308090 0.79
26.366464 0.79
26.421340 0.79
26.484841 0.79
26.544966 0.79
26.596092 0.79
26.654467 0.79
26.712843 0.79
26.765218 0.79
26.815845 0.79
26.879343 0.79
26.942969 0.79
26.990220 0.79
27.049847 0.78
27.113346 0.79
27.176848 0.78
27.229222 0.79
27.279848 0.78
27.343348 0.79
27.406849 0.79
27.470348 0.79
27.533849 0.79
27.597349 0.79
27.660851 0.79
27.724492 0.79
27.793727 0.79
27.852477 0.78
27.921603 0.79
27.980353 0.79
28.039005 0.78
28.102871 0.79
28.177480 0.79
28.252005 0.78
28.321481 0.78
28.385357 0.79
28.445608 0.78
28.495357 0.79
28.555357 0.79
28.618859 0.79
28.682358 0.79
28.742358 0.79
28.802360 0.79
28.862360 0.78
28.922360 0.79
28.982361 0.79
29.037236 0.79
29.100736 0.79
29.160863 0.79
29.211987 0.79
29.267739 0.79
29.331238 0.79
29.394740 0.79
29.454866 0.78
29.513239 0.79
29.576741 0.79
29.629117 0.78
29.679742 0.79
29.743242 0.79
29.806742 0.79
29.870243 0.78
29.933743 0.78
29.997243 0.79
30.060745 0.78
30.124245 0.79
30.187745 0.79
30.251246 0.78
30.314747 0.78
30.378373 0.79
30.436747 0.79
30.500248 0.79
30.563749 0.79
30.627249 0.79
30.690749 0.79
30.754250 0.79
30.817751 0.78
30.881251 0.79
30.944752 0.78
31.008378 0.80
31.073628 0.79
31.133753 0.79
31.197379 0.79
31.252254 0.79
31.315754 0.79
31.379380 0.79
31.434256 0.79
31.497756 0.79
31.561382 0.79
31.635132 0.79
31.698632 0.78
31.758633 0.79
31.818758 0.79
31.873759 0.79
31.925010 0.78
31.974385 0.79
32.027635 0.79
32.083886 0.79
32.143638 0.79
32.207137 0.78
32.270637 0.79
32.326888 0.79
32.382639 0.79
32.446139 0.79
32.509639 0.79
32.573140 0.79
32.636640 0.79
32.700141 0.79
32.763641 0.79
32.827142 0.78
32.890642 0.78
32.967518 0.79
33.039922 0.79
33.098774 0.79
33.162775 0.79
33.226775 0.80
33.290776 0.79
33.354786 0.79
33.422286 0.79
33.499923 0.78
33.558784 0.79
33.631412 0.79
33.690288 0.78
33.767802 0.79
33.847293 0.79
33.911290 0.79
33.975290 0.78
34.039403 0.78
34.098294 0.79
34.162293 0.79
34.226292 0.79
34.300293 0.79
34.364295 0.79
34.428296 0.79
34.497055 0.79
34.555531 0.79
34.607930 0.79
34.666533 0.79
34.718931 0.78
34.777533 0.79
34.829935 0.78
34.888534 0.78
34.954301 0.79
35.007786 0.79
35.058536 0.78
35.118537 0.79
35.175063 0.79
35.233537 0.79
35.295053 0.79
35.353538 0.78
35.423938 0.79
35.487790 0.79
35.551539 0.79
35.625415 0.79
35.679056 0.78
35.737665 0.80
35.801666 0.79
35.865667 0.79
35.929668 0.79
35.993668 0.79
36.062668 0.79
36.126669 0.78
36.195946 0.79
36.254670 0.79
36.318670 0.78
36.382671 0.79
36.446672 0.79
36.515672 0.78
36.579673 0.79
36.648548 0.79
36.717674 0.79
36.781674 0.79
36.845675 0.79
36.914550 0.79
36.978318 0.79
37.033676 0.79
37.102427 0.79
37.162820 0.79
37.215442 0.79
37.266820 0.79
37.330555 0.79
37.377821 0.79
37.436430 0.79
37.488820 0.79
37.547556 0.79
37.594823 0.79
37.658556 0.78
37.705823 0.79
37.764682 0.79
37.820449 0.79
37.889558 0.79
37.945456 0.78
38.001435 0.79
38.059962 0.79
38.123435 0.78
38.197436 0.79
38.258437 0.79
38.318436 0.78
38.392438 0.79
38.453438 0.78
38.509439 0.79
38.578439 0.79
38.652565 0.79
38.713442 0.78
38.782440 0.78
38.856441 0.79
38.925567 0.78
38.999567 0.79
39.073443 0.78
39.142694 0.79
39.206444 0.78
39.275569 0.79
39.344444 0.79
39.418446 0.79
39.492446 0.79
39.566447 0.79
39.640448 0.79
39.709698 0.78
39.768574 0.78
39.832448 0.78
39.896449 0.78
39.960450 0.78
40.024701 0.79
40.083576 0.79
40.147577 0.79
40.211452 0.79
40.275578 0.79
40.339703 0.79
40.403578 0.78
40.467580 0.78
40.531455 0.79
40.595580 0.78
40.659580 0.78
40.723456 0.79
40.787582 0.78
40.851457 0.78
40.915582 0.78
40.979458 0.79
41.043459 0.79
41.107584 0.78
41.171585 0.78
41.240837 0.79
41.304977 0.78
41.368975 0.79
41.432837 0.79
41.496988 0.79
41.560839 0.79
41.624981 0.79
41.688978 0.79
41.752989 0.79
41.816990 0.78
41.880993 0.79
41.944842 0.78
42.008992 0.79
42.072991 0.78
42.136844 0.78
42.200844 0.79
42.259844 0.78
42.323844 0.79
42.392995 0.78
42.456994 0.79
42.520995 0.79
42.595596 0.78
42.648987 0.79
42.702597 0.79
42.755848 0.78
42.819849 0.79
42.883849 0.79
42.947850 0.79
43.011988 0.79
43.065600 0.78
43.118851 0.79
43.184229 0.79
43.242852 0.79
43.302991 0.79
43.352603 0.79
43.407231 0.79
43.465854 0.79
43.540479 0.79
43.604479 0.79
43.668480 0.78
43.732605 0.79
43.791481 0.78
43.850482 0.79
43.919731 0.79
43.983884 0.78
44.045258 0.79
44.098870 0.79
44.162886 0.79
44.226887 0.79
44.290887 0.79
44.354887 0.79
44.424486 0.79
44.488612 0.80
44.547487 0.79
44.606487 0.79
44.675738 0.78
44.745254 0.79
44.814490 0.79
44.873489 0.79
44.932380 0.79
45.001382 0.78
45.065492 0.79
45.129130 0.78
45.184492 0.79
45.243492 0.79
45.307493 0.78
45.371385 0.78
45.440385 0.79
45.498884 0.79
45.550141 0.79
45.614259 0.79
45.688496 0.79
45.747497 0.79
45.811387 0.79
45.880389 0.79
45.938889 0.79
45.999130 0.79
46.052749 0.79
46.111388 0.79
46.180390 0.78
46.240266 0.79
46.314391 0.79
46.370133 0.79
46.423752 0.79
46.482393 0.79
46.538134 0.78
46.591753 0.79
46.650392 0.78
46.719395 0.79
46.775136 0.78
46.834033 0.79
46.897755 0.79
46.956506 0.80
47.007132 0.79
47.065758 0.78
47.124398 0.79
47.193023 0.79
47.256759 0.79
47.315400 0.79
47.384275 0.79
47.458399 0.79
47.527402 0.78
47.596278 0.79
47.673012 0.79
47.733137 0.78
47.796637 0.79
47.860137 0.78
47.934280 0.78
47.998155 0.79
48.058641 0.78
48.127517 0.79
48.186285 0.79
48.245159 0.79
48.309045 0.79
48.378046 0.78
48.447046 0.78
48.511524 0.79
48.565522 0.78
48.619288 0.79
48.678048 0.78
48.747051 0.79
48.816651 0.79
48.891524 0.79
48.945051 0.79
49.014051 0.78
49.083654 0.79
49.142652 0.79
49.201525 0.79
49.255293 0.78
49.314053 0.79
49.383537 0.78
49.448407 0.78
49.512781 0.78
49.573057 0.79
49.637296 0.79
49.706057 0.78
49.775295 0.79
49.839173 0.79
49.908531 0.79
49.974666 0.78
50.050073 0.79
50.119534 0.79
50.185060 0.78
50.249539 0.79
50.315411 0.78
50.374303 0.78
50.433175 0.79
50.497176 0.79
50.561671 0.78
50.621309 0.79
50.685539 0.79
50.746179 0.79
50.810180 0.79
50.869671 0.79
50.934309 0.79
50.993541 0.78
51.052541 0.78
51.112541 0.79
51.182673 0.79
51.253952 0.79
51.318668 0.79
51.372417 0.79
51.426423 0.79
51.480187 0.79
51.535295 0.79
51.590295 0.79
51.645294 0.79
51.700295 0.78
51.764548 0.79
51.823548 0.78
51.893312 0.79
51.957547 0.79
52.027558 0.79
52.097678 0.79
52.156676 0.79
52.221425 0.79
52.275190 0.78
52.339325 0.79
52.398857 0.79
52.461199 0.79
52.511442 0.79
52.576561 0.78
52.641567 0.79
52.706686 0.78
52.766568 0.78
52.826442 0.79
52.891452 0.79
52.961432 0.79
53.027687 0.79
53.097687 0.78
53.161564 0.78
53.225432 0.79
53.288933 0.78
53.362935 0.79
53.427184 0.78
53.486059 0.78
53.544434 0.79
53.607936 0.78
53.681842 0.79
53.755938 0.78
53.829937 0.78
53.893440 0.78
53.953438 0.79
54.028121 0.78
54.086818 0.78
54.155439 0.79
54.210439 0.78
54.284318 0.78
54.347818 0.79
54.407818 0.80
54.481820 0.79
54.541818 0.79
54.594193 0.78
54.649335 0.78
54.709819 0.79
54.768820 0.79
54.839946 0.78
54.909228 0.78
54.962851 0.78
55.036950 0.79
55.100823 0.78
55.153197 0.79
55.203889 0.79
55.267827 0.78
55.336831 0.78
55.405950 0.79
55.469853 0.78
55.543707 0.79
55.609452 0.79
55.678326 0.78
55.731956 0.78
55.790351 0.79
55.849453 0.79
55.918329 0.78
55.976857 0.78
56.050959 0.79
56.119865 0.78
56.188706 0.78
56.249457 0.78
56.314974 0.79
56.379088 0.79
56.447709 0.79
56.513459 0.78
56.573834 0.79
56.633459 0.79
56.688334 0.79
56.748335 0.78
56.808336 0.78
56.868342 0.78
56.926839 0.79
56.981841 0.78
57.040463 0.79
57.098981 0.79
57.163214 0.78
57.226714 0.78
57.286867 0.78
57.342716 0.78
57.406216 0.79
57.469843 0.79
57.525718 0.79
57.589217 0.78
57.652992 0.78
57.708719 0.78
57.772219 0.79
57.835718 0.78
57.899219 0.79
57.962719 0.79
58.026220 0.78
58.089733 0.78
58.159100 0.79
58.218222 0.79
58.281723 0.78
58.345849 0.79
58.404223 0.79
58.467724 0.79
58.523726 0.79
58.587225 0.78
58.650725 0.78
58.714226 0.79
58.777726 0.78
58.841227 0.78
58.904727 0.78
58.968228 0.79
59.031728 0.78
59.095880 0.78
59.164604 0.79
59.224856 0.79
59.283731 0.78
59.347860 0.79
59.403636 0.79
59.462247 0.78
59.522250 0.78
59.582483 0.78
59.651359 0.79
59.715236 0.79
59.766487 0.79
59.820366 0.78
59.876613 0.78
59.923987 0.79
59.982611 0.78
60.043642 0.79
60.097254 0.78
60.155738 0.79
60.219739 0.79
60.267004 0.78
60.325739 0.79
60.389740 0.79
60.458615 0.79
60.510991 0.79
60.569617 0.78
60.638742 0.79
60.707618 0.78
60.771368 0.78
60.830259 0.78
60.904494 0.79
60.963244 0.79
61.032135 0.79
61.085745 0.79
61.144260 0.78
61.208246 0.78
61.277747 0.78
61.346747 0.79
61.415498 0.78
61.469265 0.79
61.543142 0.78
61.596750 0.78
61.661255 0.78
61.730751 0.78
61.789376 0.79
61.858142 0.78
61.913378 0.79
61.982268 0.78
62.042048 0.78
62.102756 0.79
62.166754 0.78
62.225271 0.78
62.280272 0.79
62.335272 0.79
62.390132 0.78
62.450257 0.79
62.505132 0.78
62.560023 0.79
62.623508 0.79
62.678634 0.78
62.733634 0.79
62.784760 0.78
62.839277 0.78
62.892510 0.78
62.952635 0.78
63.001540 0.78
63.065041 0.79
63.123637 0.79
63.174769 0.79
63.230513 0.79
63.294014 0.79
63.368282 0.78
63.421639 0.79
63.480032 0.78
63.538774 0.79
63.607641 0.79
63.663517 0.79
63.727033 0.79
63.785517 0.78
63.844773 0.79
63.908643 0.78
63.977518 0.79
64.041143 0.78
64.099518 0.79
64.182171 0.78
64.246073 0.80
64.310021 0.78
64.373777 0.78
64.437398 0.78
64.492777 0.78
64.552314 0.79
64.611904 0.79
64.670651 0.79
64.729292 0.78
64.784779 0.78
64.843526 0.78
64.913051 0.78
64.973654 0.79
65.032056 0.79
65.087028 0.79
65.147054 0.79
65.202028 0.79
65.262660 0.79
65.326658 0.79
65.390531 0.78
65.445530 0.79
65.509281 0.79
65.572906 0.78
65.636669 0.79
65.695790 0.79
65.759660 0.79
65.823534 0.79
65.870785 0.79
65.925440 0.79
65.980806 0.78
66.031061 0.78
66.090161 0.79
66.158941 0.79
66.217412 0.79
66.291412 0.78
66.365413 0.78
66.439414 0.79
66.502943 0.78
66.556415 0.78
66.630415 0.79
66.704540 0.79
66.763179 0.78
66.816666 0.79
66.875417 0.79
66.939183 0.79
66.992667 0.78
67.056544 0.79
67.125670 0.79
67.184670 0.79
67.248670 0.79
67.307670 0.79
67.371547 0.79
67.435677 0.79
67.494548 0.79
67.563548 0.78
67.632423 0.79
67.706424 0.79
67.780425 0.79
67.839930 0.78
67.904195 0.79
67.967802 0.79
68.031301 0.79
68.096426 0.79
68.159938 0.79
68.218307 0.78
68.278430 0.79
68.333842 0.79
68.388929 0.79
68.447305 0.79
68.507199 0.79
68.571556 0.79
68.635556 0.79
68.699432 0.79
68.763432 0.79
68.819339 0.79
68.875338 0.79
68.922684 0.79
68.981434 0.78
69.037340 0.78
69.093339 0.78
69.149340 0.79
69.205341 0.79
69.261342 0.78
69.317340 0.79
69.373341 0.78
69.433438 0.79
69.507439 0.79
69.571439 0.79
69.635459 0.79
69.691343 0.78
69.760440 0.78
69.829440 0.78
69.887817 0.79
69.946315 0.79
70.009943 0.79
70.068568 0.78
70.132568 0.79
70.201444 0.78
70.265445 0.79
70.334445 0.79
70.403448 0.79
70.461946 0.79
70.525852 0.78
70.589947 0.79
70.653948 0.78
70.717698 0.79
70.778580 0.78
70.837452 0.79
70.901450 0.79
70.965450 0.79
71.029326 0.79
71.093452 0.78
71.157327 0.79
71.215856 0.78
71.279858 0.78
71.343859 0.79
71.407859 0.79
71.471830 0.78
71.535860 0.79
71.597234 0.78
71.661455 0.79
71.721581 0.79
71.774832 0.79
71.833206 0.78
71.896707 0.78
71.960208 0.79
72.023707 0.79
72.087208 0.78
72.150709 0.79
72.214587 0.79
72.273461 0.78
72.337336 0.79
72.406336 0.78
72.470462 0.78
72.529337 0.79
72.598588 0.79
72.657589 0.79
72.716464 0.79
72.785590 0.78
72.844465 0.78
72.913233 0.78
72.977469 0.79
73.036467 0.78
73.095593 0.79
73.149468 0.78
73.218111 0.78
73.273594 0.79
73.333244 0.79
73.402595 0.78
73.461470 0.79
73.520471 0.79
73.579471 0.78
73.638472 0.79
73.702597 0.79
73.761472 0.79
73.820348 0.78
73.884473 0.78
73.943474 0.79
74.007475 0.78
74.066600 0.79
74.125351 0.80
74.189476 0.78
74.244602 0.79
74.299477 0.78
74.354478 0.79
74.413478 0.78
74.477479 0.79
74.532479 0.79
74.596479 0.79
74.651480 0.79
74.715480 0.79
74.774231 0.78
74.843482 0.78
74.907357 0.79
74.971373 0.78
75.035483 0.79
75.099248 0.78
75.164484 0.79
75.228616 0.78
75.282487 0.79
75.346486 0.78
75.410486 0.79
75.469492 0.79
75.533003 0.79
75.593752 0.78
75.658619 0.79
75.719740 0.79
75.785378 0.78
75.844615 0.79
75.905615 0.79
75.966617 0.79
76.031992 0.79
76.092619 0.79
76.153367 0.79
76.217243 0.79
76.280993 0.79
76.341744 0.78
76.415619 0.79
76.481012 0.78
76.550747 0.79
76.619496 0.79
76.678141 0.79
76.733497 0.78
76.792264 0.79
76.856498 0.79
76.915757 0.79
76.979498 0.79
77.043008 0.79
77.099389 0.79
77.153631 0.79
77.222630 0.79
77.281003 0.78
77.333382 0.79
77.397387 0.79
77.448004 0.79
77.512003 0.78
77.575502 0.79
77.639004 0.79
77.691379 0.79
77.742005 0.79
77.805505 0.78
77.869005 0.78
77.932506 0.78
77.996006 0.78
78.061037 0.78
78.134883 0.78
78.203758 0.79
78.257038 0.79
78.331150 0.79
78.389509 0.78
78.453511 0.78
78.514638 0.78
78.573013 0.79
78.636644 0.79
78.695012 0.79
78.758512 0.78
78.822013 0.78
78.885513 0.79
78.940518 0.79
78.995640 0.78
79.061157 0.79
79.119515 0.79
79.174520 0.79
79.234932 0.79
79.295410 0.79
79.354037 0.78
79.415043 0.79
79.484289 0.79
79.543653 0.79
79.597521 0.79
79.672288 0.78
79.727398 0.79
79.786034 0.79
79.833398 0.79
79.892273 0.79
79.951299 0.79
80.005027 0.79
80.052288 0.79
80.110900 0.78
80.176185 0.78
80.235025 0.79
80.303902 0.78
80.356282 0.78
80.406931 0.79
80.462902 0.79
80.521529 0.78
80.580285 0.79
80.630415 0.79
80.689288 0.79
80.748032 0.78
80.806531 0.78
80.865046 0.79
80.933906 0.79
80.997405 0.79
81.060906 0.78
81.124406 0.79
81.187909 0.78
81.251411 0.78
81.320411 0.79
81.375408 0.79
81.438909 0.78
81.502535 0.79
81.571410 0.79
81.634911 0.79
81.698411 0.79
81.753411 0.79
81.816912 0.79
81.880415 0.79
81.935417 0.78
81.995413 0.78
82.055414 0.79
82.115414 0.78
82.175415 0.78
82.235415 0.79
82.295415 0.79
82.355796 0.78
82.415920 0.79
82.474293 0.79
82.538419 0.79
82.595172 0.78
82.658945 0.79
82.706170 0.78
82.764831 0.78
82.823838 0.79
82.892951 0.79
82.961922 0.79
83.009325 0.78
83.083840 0.79
83.152799 0.78
83.226941 0.79
83.290829 0.79
83.354827 0.79
83.423925 0.79
83.482300 0.79
83.545830 0.78
83.615221 0.79
83.670557 0.79
83.739308 0.78
83.803430 0.79
83.878305 0.79
83.936807 0.78
84.005853 0.79
84.074689 0.79
84.135305 0.79
84.198837 0.79
84.264184 0.79
84.322853 0.79
84.396844 0.79
84.461188 0.79
84.524815 0.79
84.593573 0.79
84.652317 0.78
84.712436 0.79
84.786313 0.78
84.849937 0.79
84.913843 0.79
84.979188 0.80
85.042843 0.79
85.106689 0.78
85.170940 0.79
85.234846 0.78
85.298843 0.79
85.360734 0.78
85.419318 0.78
85.493942 0.79
85.552943 0.